1,-0.373738981889617,0.515988110312309,0.412659820278525,-0.467849462260537,-0.429656892648238,-0.599280191026544
-0.373738981889617,1,-0.110189734794208,0.0773105220961505,0.373748658038153,-0.235203270389974,0.084702058290677
0.515988110312309,-0.110189734794208,1,0.541596160103311,-0.543761554520452,-0.0579999098031076,-0.841758611758104
0.412659820278525,0.0773105220961505,0.541596160103311,1,-0.257717594051393,-0.0654897813534642,-0.564971505765854
-0.467849462260537,0.373748658038153,-0.543761554520452,-0.257717594051393,1,0.0974671836472387,0.646532892928357
-0.429656892648238,-0.235203270389974,-0.0579999098031076,-0.0654897813534642,0.0974671836472387,1,0.120083818850392
-0.599280191026544,0.084702058290677,-0.841758611758104,-0.564971505765854,0.646532892928357,0.120083818850392,1
