1,-0.218856416114105,0.489381365859588,-0.136829170004379,-0.18039506049784,-0.0793984303340011,-0.443313277125109
-0.218856416114105,1,-0.217527120165798,0.386595448729725,0.135166888305403,-0.40766946606053,-0.0841002585528876
0.489381365859588,-0.217527120165798,1,0.0379013356891802,-0.375906564899024,0.243758988143347,-0.583523815154942
-0.136829170004379,0.386595448729725,0.0379013356891802,1,-0.110137034634219,0.0308007522447543,-0.323098674616459
-0.18039506049784,0.135166888305403,-0.375906564899024,-0.110137034634219,1,-0.322274444187187,0.392182952567369
-0.0793984303340011,-0.40766946606053,0.243758988143347,0.0308007522447543,-0.322274444187187,1,-0.263255115903273
-0.443313277125109,-0.0841002585528876,-0.583523815154942,-0.323098674616459,0.392182952567369,-0.263255115903273,1
