1,-0.285216869381197,0.310876372057422,0.0842678384055801,-0.40595696625756,-0.0535345404213996,-0.656621877217397
-0.285216869381197,1,-0.348492967641554,-0.431431124781822,0.485655245636325,-0.584724377178014,0.396913593383089
0.310876372057422,-0.348492967641554,1,0.383607943394899,-0.343114337607869,0.343220095630043,-0.709704092919547
0.0842678384055801,-0.431431124781822,0.383607943394899,1,-0.470112163874117,0.286211410550625,-0.48609682457362
-0.40595696625756,0.485655245636325,-0.343114337607869,-0.470112163874117,1,-0.438685512372117,0.704495991020524
-0.0535345404213996,-0.584724377178014,0.343220095630043,0.286211410550625,-0.438685512372117,1,-0.358931695943835
-0.656621877217397,0.396913593383089,-0.709704092919547,-0.48609682457362,0.704495991020524,-0.358931695943835,1
