1,-0.539212862207179,0.522078741881423,0.335621657267911,-0.474725478138915,0.00502587417395081,-0.540777574148695
-0.539212862207179,1,-0.612385925255289,-0.536618429624935,0.319692221811247,-0.290079428779987,0.391122515944773
0.522078741881423,-0.612385925255289,1,0.701336442854006,-0.379439807919239,0.170387060424718,-0.791929301051505
0.335621657267911,-0.536618429624935,0.701336442854006,1,-0.288149242651593,-0.0258110206269223,-0.668589328387904
-0.474725478138915,0.319692221811247,-0.379439807919239,-0.288149242651593,1,0.156967045280371,0.26508093156607
0.00502587417395081,-0.290079428779987,0.170387060424718,-0.0258110206269223,0.156967045280371,1,-0.298847677129232
-0.540777574148695,0.391122515944773,-0.791929301051505,-0.668589328387904,0.26508093156607,-0.298847677129232,1
