1,0.102647916958609,-0.0254516476245184,-0.0558810007898152,-0.359982496223571,-0.544681761406866,-0.3740193799663
0.102647916958609,1,0.168649229298283,0.467671727865942,-0.144718874622962,-0.542635885281214,-0.339273776700841
-0.0254516476245184,0.168649229298283,1,0.174713300786057,-0.472354956685695,0.0925115328088335,-0.542029918432086
-0.0558810007898152,0.467671727865942,0.174713300786057,1,-0.213168552472188,-0.142382219404238,-0.494370909190818
-0.359982496223571,-0.144718874622962,-0.472354956685695,-0.213168552472188,1,-0.0156715869151937,0.601332325389352
-0.544681761406866,-0.542635885281214,0.0925115328088335,-0.142382219404238,-0.0156715869151937,1,0.286508376234721
-0.3740193799663,-0.339273776700841,-0.542029918432086,-0.494370909190818,0.601332325389352,0.286508376234721,1
