1,-0.425221819101569,-0.403793403403805,-0.459966086067439,-0.316723116059738,-0.447412653508827,0.0223473339145732
-0.425221819101569,1,0.222560410963497,0.510230263694927,0.270470892246487,-0.236564179212959,-0.141972104475894
-0.403793403403805,0.222560410963497,1,0.684289870812858,-0.301911234772393,0.447061604363616,-0.53981290133524
-0.459966086067439,0.510230263694927,0.684289870812858,1,-0.0412093333534075,0.173879307060856,-0.616961437558126
-0.316723116059738,0.270470892246487,-0.301911234772393,-0.0412093333534075,1,-0.115321489981581,0.283921820497708
-0.447412653508827,-0.236564179212959,0.447061604363616,0.173879307060856,-0.115321489981581,1,-0.141310424626446
0.0223473339145732,-0.141972104475894,-0.53981290133524,-0.616961437558126,0.283921820497708,-0.141310424626446,1
