1,-0.168351592147247,0.190899061041141,-0.0912462990444448,-0.235476747898387,-0.368950577400326,-0.434077536127858
-0.168351592147247,1,-0.148329884197597,0.612720478354913,0.410468597112403,-0.422762520636989,-0.182302843206031
0.190899061041141,-0.148329884197597,1,0.137985207476726,-0.0643881447346347,0.260119727984837,-0.68137141484977
-0.0912462990444448,0.612720478354913,0.137985207476726,1,0.0583777270559138,-0.154430183292681,-0.414985973540131
-0.235476747898387,0.410468597112403,-0.0643881447346347,0.0583777270559138,1,-0.445053659192294,0.292427836142846
-0.368950577400326,-0.422762520636989,0.260119727984837,-0.154430183292681,-0.445053659192294,1,0.0260653152002514
-0.434077536127858,-0.182302843206031,-0.68137141484977,-0.414985973540131,0.292427836142846,0.0260653152002514,1
