1,0.149943478299877,0.209608457604607,-0.590967779776934,-0.552083737428636,-0.599713364127547,-0.261734880117231
0.149943478299877,1,0.0103597127855308,0.134472506542298,-0.0603972983375586,-0.539307645746755,-0.011102120751243
0.209608457604607,0.0103597127855308,1,0.130231052188789,-0.0073464673310706,0.144726825167243,-0.467883418553535
-0.590967779776934,0.134472506542298,0.130231052188789,1,0.356965793600911,0.312308649609393,-0.129452342116623
-0.552083737428636,-0.0603972983375586,-0.0073464673310706,0.356965793600911,1,0.393417077146912,0.158094264842727
-0.599713364127547,-0.539307645746755,0.144726825167243,0.312308649609393,0.393417077146912,1,0.136427795599745
-0.261734880117231,-0.011102120751243,-0.467883418553535,-0.129452342116623,0.158094264842727,0.136427795599745,1
