1,0.252736016585065,0.201097162925947,0.153738447236701,-0.152252900810812,-0.517477682952154,-0.348914389774488
0.252736016585065,1,0.106749255710587,0.392758181994193,-0.324020118537951,-0.281489215669532,-0.369053712740144
0.201097162925947,0.106749255710587,1,0.620156072137972,-0.367960739261352,0.358113310957426,-0.76008513751414
0.153738447236701,0.392758181994193,0.620156072137972,1,-0.555137227330353,0.173059139057778,-0.697339980718261
-0.152252900810812,-0.324020118537951,-0.367960739261352,-0.555137227330353,1,-0.00510277309592732,0.475314296325975
-0.517477682952154,-0.281489215669532,0.358113310957426,0.173059139057778,-0.00510277309592732,1,-0.113075410417638
-0.348914389774488,-0.369053712740144,-0.76008513751414,-0.697339980718261,0.475314296325975,-0.113075410417638,1
