1,0.00983580469520638,-0.148775589908526,0.182498035023217,-0.490922745263157,-0.48170765341863,-0.455597696518879
0.00983580469520638,1,0.0887857252984585,0.480566811987102,-0.0415832216800857,-0.460729109737624,-0.437877161628654
-0.148775589908526,0.0887857252984585,1,0.231206807461221,-0.0656859515239524,0.321913904092623,-0.60228952739246
0.182498035023217,0.480566811987102,0.231206807461221,1,-0.122486857598997,-0.580883498319822,-0.489206784860999
-0.490922745263157,-0.0415832216800857,-0.0656859515239524,-0.122486857598997,1,-0.0740744325696045,0.594418964677488
-0.48170765341863,-0.460729109737624,0.321913904092623,-0.580883498319822,-0.0740744325696045,1,0.12809655473961
-0.455597696518879,-0.437877161628654,-0.60228952739246,-0.489206784860999,0.594418964677488,0.12809655473961,1
