1,0.60199299001549,0.203628515132513,0.516521417568837,0.275727333853463,0.262222218719157,-0.164242252623278,0.241235022399319,0.29998272032526,0.363704037651817,0.379980734366528,0.48254754277418,0.520879226865361,0.168654939003726,0.147747457285869,0.358718417079645,-0.0938840287875743,0.0877814711764337,-0.0177569104627554,-0.0931524033456068,-0.189436111400016,0.00836146580412691,-0.294636338053634,-0.364569584199694,-0.0394611964562233,-0.0583701618976675,0.105025491475875,0.0584251662992644,-0.0455268661854652,-0.206764715459982,-0.330512362149348,0.0291390210060104,-0.219012483779476,-0.251667751329509,-0.255283651989506,-0.25779699236756,0.203149710024719,-0.159883977695732,0.0804234334651435,-0.0513258082204444,-0.0707765362201992,-0.0825873244215833,-0.17930308339875,-0.127834934769876,-0.147371269467268,-0.241549191931202,-0.212287393272856,0.263458218381181,0.178991590985595,-0.105470330833073,-0.175340600388023,0.12324712797846,-0.035695883836994,-0.174168045657817,-0.0852800379919407,-0.227364754431,-0.147559277465932,-0.0517107700904958,-0.162273418097044,-0.289351842395872,0.0868023826386746,0.114282434049464,0.336477225006023,0.254500426142502,-0.145116501689843,0.319300116694777,0.0575266611102352,0.207045501020968,-0.164406238899407,0.262682558760542,0.15191680230779,-0.0541155919460134,0.129168311951092,-0.0104725373148508,0.123181504109345,0.0344370456644914,-0.060492692352697,-0.0434532874030184,-0.0797091303752542,-0.108102030896136,0.17454284346087,0.0456335897982875,-0.205596652269241,0.141586274159245,0.518694755018793,0.432543323518899,0.0717529207869219,0.182535172437392,-0.0427651549916155,0.339342476293857,0.17843421675552,0.330384216722913,0.545752131460498,0.373517549708756,0.118091863106994,0.359938493427755,0.273007680418157,0.206535001506731,-0.0261132735775686,-0.102628311860308,-0.0956721531746381,-0.0937327402673058,-0.137952516852797,-0.00128209066256541,-0.197063790293596,0.131771022167482,-0.230390708689771,-0.123306760195118,-0.415656026976699,0.0562727530159673,0.0920062358087989,-0.228975627911621,-0.235329289944043,-0.217321789094535,-0.159912511858754,-0.278241845490949,-0.141976396725919,-0.0951233601842791,-0.394000272465388,-0.243318460613287,-0.185473908655479,0.226099660827645,0.160034098992665,0.0993393624254148,-0.196924928437074,-0.0322859090930388,0.0380351254967423,0.102873835039887,-0.0527640802305207,-0.240583027497585,-0.086782044518821,-0.239920223401184,0.261852899300216,0.0118604057836015,-0.115858804898832,0.192290347743506,0.0367863741994479,0.160568163430359,-0.0831410927224107,-0.357855176523022,0.00787728983871516,0.351012259682763,-0.0230563561599289,0.10634486203139,-0.102438737493591,-0.0503666468919209,0.0250241764351093,-0.153087313480566,-0.194033532376323,0.250746343997027,0.000221631113674645,-0.0703408051841641,0.00500609150314516,-0.0580295322929046,0.314538350087591,0.251195267020498,0.146426280678411,-0.00187169415489947,-0.0495512794558949,0.240092211507349,0.000382198581442195,-0.0451770836281022,-0.0718913692987977,0.00812737947251223,0.294464403564074
0.60199299001549,1,0.329526202252012,0.762461552765704,0.25591654007355,0.561391470362084,-0.0184788849855922,0.601125213437073,0.467359203304322,0.643567121557012,0.613647650999189,0.690045399422765,0.775795154578407,0.00467650423882094,0.0313929320470815,0.243560312147483,-0.449210356544725,-0.318608343228546,-0.171657890509146,-0.333712658016774,-0.135282986979252,0.117663347061274,-0.440019250631725,-0.43130475100255,0.131550756819699,0.0857712956713152,0.0455212195215496,0.126363229993797,-0.284044946057346,-0.512698077996072,-0.28417165485968,-0.248674850669652,-0.330444022840102,-0.317517438065446,-0.420370590618745,-0.517081006943361,0.121996853042185,-0.388666511813149,-0.0368758289296602,-0.105460245957301,-0.186863894307937,-0.264745147324009,-0.422668412711699,-0.107319240674822,-0.410127595190579,-0.417995027816721,-0.347100582501048,0.139961533216343,0.456920913244992,0.115732695304415,-0.182472624466145,0.280728155330138,0.212890090270486,0.193160165721395,-0.0085600039621547,-0.00765476716431186,-0.137191705419899,-0.0912074148766105,-0.3178451320681,-0.390352749428261,0.203291103395323,-0.0577788153295765,0.315065677492453,0.265373835455928,-0.299496316118456,0.34806101057523,0.305653118437674,0.119801278714619,-0.107027464029564,0.210483464243065,0.0160245120211067,-0.222531981675404,0.404551094531421,-0.241649555206192,0.376722377564815,0.348967094467363,0.0706456066705806,-0.0347152664699021,-0.185455331668799,-0.0275221055171379,-0.121905666571706,-0.0155037051820897,0.173757088120162,0.117040242603611,0.741241773047044,0.64472517843256,0.392772648790957,0.551116771807323,0.0735466307549908,0.497521532299089,0.166248886194901,0.434295032732317,0.537422618552286,0.389186895738604,-0.0691617765892412,0.221177662941696,0.244249537066477,0.177855513416922,-0.109643318440191,-0.389704639580005,-0.0955631444514495,-0.281994572291889,-0.409849622478598,0.0231699022332985,-0.305571828357791,0.21542595995118,-0.517479830198752,-0.298784347082959,-0.576632652847175,-0.121221271340908,0.141155512291303,-0.14348710202355,-0.176144590051554,-0.356066500464208,-0.212803710820525,-0.440900072379015,-0.150861391944941,-0.177317801134934,-0.593689570456731,-0.435482170920501,-0.237956559258034,0.15389966837508,0.101418021750215,-0.165557629227966,-0.427808862832217,-0.120813775043301,-0.124516996554288,0.0758970892795888,-0.239506506793728,-0.371632405604928,-0.339145263289928,-0.34933271216321,0.0907705847198487,0.088876704781098,-0.00385160342233775,0.0890540316862231,0.147013489685177,0.335821033921569,0.000103422094258305,-0.168320204246325,-0.143799935388847,0.474546225228344,0.0680424645148573,0.112897813430955,-0.266615321833008,-0.101126519430267,-0.00738174662501233,0.0792068396113559,-0.441177866481525,0.154831338058559,0.13463938171849,0.0381572211047646,0.139229267819262,-0.229504680858741,0.345254443172562,0.15338729863784,0.0828464934203773,-0.226105743215151,-0.0916042599233244,0.352238614871593,-0.0979032354287827,-0.0131067726247333,-0.0292723763872778,-0.117323118970031,0.11468352284048
0.203628515132513,0.329526202252012,1,0.363209599018201,0.201124728628512,0.282499383920385,0.560121361024526,0.354346833692233,0.13456503973326,0.554419122402312,0.00686561291361685,0.226731013478016,0.352393745077445,0.0338943028028126,0.144087721426203,0.119475873374334,-0.14748051048811,-0.0771898661076156,0.0707031124635231,-0.0126356456474417,-0.109144139194569,0.166042405677055,0.0744582452324408,0.000617147619195984,0.0972288472244651,0.302361693068851,0.422654360242094,0.57884866942179,0.22605256517876,0.207497694255337,0.177830903869384,-0.0457924156363438,-0.00623073441751715,0.15099522747125,0.0928944144896576,0.0837977851626563,0.0451866142834794,0.0388540538360544,0.148829465514456,-0.0502184950922366,-0.0461739094514328,-0.150969879915094,0.0604977625932833,0.0108603727963885,-0.108504801537937,-0.225012916401201,-0.0588111407708225,-0.113829654731689,0.0327156286941269,0.121471922812622,0.305596980285542,-0.127553508139859,0.222579061061892,0.0626345551054945,0.170627799392429,0.283940082995832,0.257727242582131,-0.224902855372949,-0.393916238812757,-0.0643308950992054,-0.235587546848599,-0.261546173701606,0.0902731053166924,0.200925575134261,0.0169143554683489,-0.00901854352116782,-0.0458949286076843,-0.152648134593661,-0.249892825655498,-0.0229700885259379,0.110610915585648,-0.261914781537101,0.0962921365900472,-0.11543123249223,0.255670902633972,0.0651547199125075,0.0326035449829083,-0.00612925844076458,-0.514276796418683,-0.157250524331699,-0.388203698197809,-0.146844870365846,-0.0362852588458993,-0.132914264817573,0.166693920348121,0.273239643348951,0.332369913182794,0.204004025098974,-0.0324189413464749,0.117731122912628,0.128366144256522,0.353412566288388,0.150446121749911,0.424033555724224,0.0338290178315398,0.091841658073027,-0.0232648225284983,0.0538121038667019,-0.0596554706956599,-0.183185058384337,0.0949403694548751,-0.263989657764545,0.00815014701078572,-0.00841229670412067,-0.0902763704894739,0.29290630248011,-0.0453534876320178,0.0978001197434758,-0.1112363498821,0.0987556945214869,0.248413861695616,0.291975523610643,0.527971379839193,0.100770846602773,-0.0716687081096298,0.141731075034056,0.116318145955045,0.136020449306567,0.0084633881308603,-0.0396079949546069,0.0769770026179433,-0.110020609531374,-0.0225379704897624,-0.00259567251220418,-0.0298195682049294,-0.130186333741822,0.0701166175017724,0.0260947019552429,0.00853271274044945,-0.15669934801227,-0.28762468482751,-0.0726148363132284,-0.127398270148937,-0.274929492511709,-0.103785991586941,-0.156176237978198,-0.291135916243228,-0.0340298686317161,-0.0272296496031412,-0.116373102499669,-0.126769103232256,0.110675678707763,-0.164118940592881,-0.0905781621567163,-0.41745322270016,0.207122887783466,-0.359532441681185,-0.132712049917404,-0.191552688589374,-0.270988089105908,-0.238481875987482,-0.1954575196194,-0.253855131953083,-0.252119835151324,-0.167113031960529,0.118225596366065,-0.0765177315948628,-0.490948305350375,-0.136210785882122,-0.0546337866584435,-0.220957107054685,-0.192535747872365,-0.0265946961131466,-0.444690128447528,-0.202659214031033
0.516521417568837,0.762461552765704,0.363209599018201,1,0.26351705459742,0.423562262731456,-0.0334416525938178,0.494197608012619,0.466673658732352,0.591571704576525,0.619595989750008,0.682077181861707,0.629328777684103,0.173399652076591,0.145702740636612,0.368225427955006,-0.320457585346303,-0.0657229903018075,-0.1402633353026,-0.160123407433788,-0.208104162657931,-0.0205727795987146,-0.367203590309653,-0.481363197510697,0.112089570468622,-0.0766638121022841,0.311330489775742,0.336922839308281,0.0970004186330751,-0.150954967264847,-0.0769572152347911,-0.199713793438204,-0.247136593261511,-0.164315412431067,-0.214369420208675,-0.187728568203004,0.210126563916272,-0.213666179481354,-0.0139521961392384,-0.179925038385539,-0.301999242533292,-0.248143107135925,-0.303111898884812,-0.230481212220884,-0.410716109442526,-0.437716324425533,-0.395753008288983,0.168124891862366,0.328774291855619,0.288349886718704,0.012088035940015,0.0885789101002485,0.227450650559875,0.035130950103595,0.0205683991421571,0.0508920142766114,0.0764239666810066,-0.178412258584619,-0.348948670090765,-0.337922892884656,-0.0200026276537411,-0.053765479617666,0.238986676209014,0.227127489419491,-0.358802154663973,0.176309804042394,0.202458222862505,-0.174520662338841,-0.198899813262718,0.0598257261174007,-0.0418234294071895,-0.42125490375986,0.153562577745353,-0.335195122895498,0.277285618499012,0.280446909546597,0.228821234217107,-0.0565667308278457,-0.242566457083331,-0.0099584044844174,-0.0187924903125382,0.0361037008588384,0.00736624712616581,0.144212991532741,0.505202826128367,0.528072763793638,0.0158320749820635,0.436682623211002,0.00399794317753577,0.375478833334927,0.141494838467948,0.310138366826824,0.402230062216568,0.4170083997961,-0.00240636845693889,0.364983978012573,0.259355251694894,0.319258442530883,-0.06126389384563,-0.212378388983026,-0.0458890946404273,-0.338495563471793,-0.074255027680714,0.049438289583271,-0.313890680917472,0.137007151342891,-0.333308187028626,-0.193942718857031,-0.483643723405119,0.0122540245695483,0.102227139421833,-0.18191748069498,0.0121029929171795,-0.068713374436741,0.0356939568316475,-0.0860749496964468,0.135094653724974,0.130390831886224,-0.42810654125001,-0.129250048287526,-0.0984990156510623,0.0970220916300968,0.0414035859191747,0.0504052357193523,-0.302471467871395,-0.135682873804064,0.00680293152482715,-0.0137235855604989,-0.246526074362481,-0.341269284176366,-0.234955442268239,-0.335230484760111,0.0318868298965864,0.0289013213373597,0.182237524061534,-0.0413934742612041,-0.0799958492361875,0.277296579024501,-0.000698957693844739,-0.166351125505113,-0.0810007096273142,0.280336527618279,0.128198859735014,0.041150975106998,-0.29553687630853,-0.107150146660317,-0.27036143127907,-0.157348089625544,-0.272695432905421,0.0596460726670996,0.15061649800007,-0.197203117933037,0.0557816326003706,-0.284629881518485,0.152839600630462,0.0238796281271339,-0.157529956837567,-0.283459431764745,-0.342685789969719,0.0836421136589515,0.114865168402844,0.226626083206123,0.00702550482013012,-0.0599950034075799,0.17823564383361
0.275727333853463,0.25591654007355,0.201124728628512,0.26351705459742,1,0.32178682087852,-0.146199639685585,0.0590421060628265,0.480153113629607,0.248078210253197,0.231169530570839,0.137724461078965,0.0495870261397213,-0.182187519327068,-0.14097430201679,0.350708382413508,-0.461078239065028,-0.403764049551217,-0.0563467437689961,-0.42721170259779,-0.254244480340599,0.0105325505191744,-0.370948681358501,-0.368558945376033,0.206414024270386,-0.0208478535544874,0.190249828788938,0.0830796800650347,0.0319466614954779,-0.162140312159861,-0.289007381822085,-0.171734385682954,-0.218972531029148,-0.326432838940444,-0.0143699433229286,-0.34395629544614,-0.434572066882155,-0.302302020113921,-0.238862442540882,-0.190382776063462,-0.249444500802083,-0.338571382957911,-0.220770755855884,0.194514379748179,-0.340015176460403,-0.222178594923533,-0.463695862728313,0.178346109640071,0.0355843147201058,0.1024673872524,-0.086106023744943,0.359387555026306,0.230791685223446,0.368326663247099,0.0699888779252858,0.041856273588941,-0.270783785794799,-0.242517098667643,-0.188740063171143,-0.188452867756889,0.111449667724636,0.0187031654518197,-0.0672102819163933,-0.24436929196433,-0.349368575648986,-0.0953463156211133,0.311510597427437,0.186012263610317,0.0924730706713151,-0.0722778731539984,-0.154013596804582,0.0496173253437107,0.301748942903053,-0.128279498116969,0.241599604837937,0.237086247541137,0.504276813738658,0.623830857744743,0.112881518895275,0.0657587179120431,0.0580626392644194,0.581970104794553,0.179271972536125,0.523255851541131,0.176508594807153,0.438993178781622,0.0137639820495935,0.337626573980552,0.592718543709475,0.634102067407147,0.648370523453786,0.0975176168472769,0.432528539392164,0.183161053739333,-0.0288179470043424,-0.00335803255511658,0.10473814069937,-0.0937176991292174,-0.0644503104660744,-0.0982577767231836,0.159357293957587,-0.47323797463239,0.00631604115664646,-0.117022699877291,-0.402498183282362,0.282364678265032,-0.360453728054402,-0.346598446636067,-0.299510467736087,-0.0598274626338634,0.0774571198358224,-0.161625692056816,-0.1428249393696,-0.223073994834436,-0.248827713411926,-0.2357373986354,-0.180756074772136,-0.100167540498812,-0.283448157989528,-0.136350534159803,-0.243666072828768,-0.114051822568559,-0.229546458506401,-0.361815248557365,-0.404229076134029,-0.214687427319629,-0.186283086315894,-0.176656311199807,-0.372754115982509,-0.371073811413376,-0.30458716712532,-0.381055128911613,-0.208046945439592,-0.122223559174106,0.130903125387214,0.185213957997193,0.251745102395813,0.18795679810665,0.0256821469131172,-0.214241973333812,0.0737889814135329,0.092252902017201,-0.180675541163832,0.0725023635158017,-0.293144697293933,0.0017584250623064,0.0614562791394328,-0.010988379753501,-0.239576992242211,-0.0126463964186132,0.260030796867817,0.0923798018714655,0.193562695663281,-0.0495487430276372,-0.00644873897451249,-0.210842788708421,-0.112333858739129,0.0484374974013839,-0.0496946954607809,0.270229360104918,0.258482019506408,0.279834186467781,0.530896809622446,0.172894746877758,0.0920124752183815
0.262222218719157,0.561391470362084,0.282499383920385,0.423562262731456,0.32178682087852,1,-0.073989213565483,0.469294815214039,0.49156108389758,0.341508188359783,0.275840833631448,0.507627524401489,0.514971177979051,-0.286724612011207,-0.272487652360579,0.0770278708884828,-0.537924051944968,-0.585119659635892,-0.0120653732865718,-0.265782860986112,-0.266014943902133,0.176369933857909,-0.340343429053507,-0.222340634241855,-0.00495268711935312,0.0471456163757905,-0.00302149984403204,-0.00623017438438781,-0.284081735641764,-0.36635151793989,-0.318682636752088,-0.290125066954341,-0.28784676173287,-0.172523386594092,-0.332957867667346,-0.480680623012374,-0.305904043936127,-0.469813219694491,-0.113617484329812,-0.28043338356638,-0.271429423251563,-0.420123639201885,-0.411020455382425,0.0928174078234549,-0.351499476729419,-0.258603301299059,-0.299466083872009,-0.0181730702674022,0.500446176640475,-0.0222778794133367,-0.141492784195722,0.397520111943993,0.296377906291692,0.318125437284595,0.0187630188207128,0.0388090158046651,-0.22127356914446,-0.299416611296906,-0.356763325007286,-0.404726772285639,0.306223934629594,0.0643132328322023,0.292727636314352,0.213798140538074,-0.315598219144416,0.377375455350247,0.452709596224161,0.177700230068568,0.234446539533958,0.169687399688802,-0.00928016058879857,0.161623708438461,0.533876991642068,-0.152325485973272,0.554223595330307,0.361347117251992,0.224238555955194,0.240767404716405,-0.0879131557331692,0.158984028783145,-0.0975819232526225,0.102287496723092,0.142069387508249,0.0553266856058032,0.426281282595074,0.385855487375863,0.336075721871996,0.61675086190577,0.159968481217478,0.490754714285594,0.258404015113262,0.390229513462301,0.539579021910585,0.111135175446389,-0.320403075970887,-0.1854607217991,-0.131114959472623,-0.204462751476368,-0.294301489452545,-0.424117279786537,0.0814964767956567,-0.347840922423938,-0.337362145567129,-0.0469923350955349,-0.317790267811423,0.0936432399893813,-0.392871120081696,-0.359149321963894,-0.381251691560266,-0.0803931619175111,0.0849887009789728,-0.249259430575938,-0.373818350605928,-0.336661345384658,-0.319550989629652,-0.404548941368762,-0.132784220886013,-0.208104875164737,-0.388427591628301,-0.588878066589661,-0.395477480261334,0.0481390403351401,-0.238234543859375,-0.488554232576489,-0.411340746097526,-0.383985323446739,-0.349203039941939,-0.197983350679942,-0.441378649637121,-0.504106104503468,-0.530141062679839,-0.327096909927686,-0.0509203837967088,-0.0988383294089497,-0.0309166778748723,-0.102801088192302,0.112538932541228,0.0957572517169546,-0.0708030796842213,-0.290163965337281,-0.279811056680537,0.201912865109816,-0.158305974726014,-0.144075894815452,-0.529154758568273,-0.0158997604373796,-0.165978738018445,-0.0720879993905545,-0.535508219372307,-0.0833618688684213,0.189569682299642,0.207029560780474,0.187044454558011,-0.157862840616009,0.162993654030133,0.0667833913720006,0.00681841887359398,-0.186181604780273,-0.0801690320358786,0.295209579683459,-0.293994737473701,0.00149905049719895,0.1538075672555,-0.0365523237661944,-0.0875813961791713
-0.164242252623278,-0.0184788849855922,0.560121361024526,-0.0334416525938178,-0.146199639685585,-0.073989213565483,1,0.374161636482093,-0.253846283667036,0.530396952248306,-0.251464455311531,-0.0336057613875666,0.170240908959793,0.0618023420161203,0.0682967972844427,-0.00109055930061445,0.182417562826574,0.179458519996159,0.0717609493498366,0.121861723604421,0.275410205925953,0.180293250155488,0.367128283689357,0.469059316413519,0.239271322750211,0.533135073924466,-0.0707672578229524,0.238745962859011,-0.0502621767637616,0.287344719625332,0.214675251737226,0.126983517692143,0.102448796380052,0.445737735034035,0.10213571168558,0.376413132073926,0.233784716200122,0.217912951126815,0.241045870579629,0.118894832597589,0.0857418244243219,-0.0032626914132125,0.273996352194746,0.0867057593697906,0.292769925659146,0.144293011049588,0.471353698310402,0.0181887303545221,-0.215511080204228,-0.209962951979579,0.198558705175056,-0.352578588323664,-0.118256904653968,-0.104425129980792,0.128785428132508,0.180977317604417,0.354254703908098,0.155135521050794,-0.103906276779471,0.287739601231278,-0.205897695395511,-0.153213664839893,-0.0984120024379281,0.272409061760912,0.522001785979767,-0.046535879217133,-0.337953460396114,-0.0965032000708031,-0.364109614254022,0.0824149072105336,0.305261002981091,-0.0553943157020543,-0.0485257598868192,0.124219376922682,-0.0332134487780236,-0.167306640873662,-0.400201978881387,-0.120953947254007,-0.39813101269522,-0.355877133371878,-0.512320081780424,-0.290836130195698,0.235312862819724,-0.387728883769218,-0.0164656800651861,0.00638721709316584,0.573035617606507,-0.256516652251925,-0.287811703899473,-0.296734349545131,-0.191038787417795,0.317233386289596,-0.18635594526493,0.013740366357511,0.0455734560241903,-0.0397509831212302,0.0918560825207687,0.263329161120832,-0.0208659580738454,-0.0267612996161674,0.0809457944590904,0.201427359403501,0.213387013679582,0.0460673030162386,0.347009195274482,0.294743732660371,0.372702738028438,0.475228236960115,0.370706044208271,0.305748122082175,0.495633634953964,0.485008809869447,0.615508366066015,-0.0233945537622552,-0.202376304477617,0.199941530935862,0.0206765539548724,-0.154874146742949,0.297992994281482,-0.0287319641640412,-0.0165301266945098,-0.0811190442691295,0.262649320430637,0.122662359463212,0.396136635823736,0.132535595189887,0.0792031907484125,0.0218468900212399,0.199260966849869,0.23608892716213,0.107860839351574,0.424181335729473,-0.0227670480876295,-0.335402741783618,-0.419474953673377,-0.336751815263385,-0.447887656332508,-0.200661231489606,-0.180426391150947,0.0994312744596526,-0.0192255767764685,-0.001501503988952,0.0887718559351921,0.0342981687625218,-0.00727173670075473,0.146238119763374,-0.367036260400572,-0.0617496422853178,0.110064376614248,-0.316166710877288,-0.577732210440691,-0.0994295773533037,-0.423983268073855,0.113045315703039,-0.0907560951427451,0.381287108498259,0.238266142160308,-0.469883492953875,0.175178592297488,-0.157072120834479,-0.372844705492302,-0.461475730366937,-0.143336974620717,-0.577660184720952,-0.380976063883247
0.241235022399319,0.601125213437073,0.354346833692233,0.494197608012619,0.0590421060628265,0.469294815214039,0.374161636482093,1,0.0782516776058079,0.692941478353717,0.175393619551371,0.45609796539607,0.669952262086669,-0.157812759336295,-0.19899272030097,-0.0631492483287943,-0.38984298003709,-0.220448698798184,-0.345827195710829,-0.325824336000715,-0.184213942619813,0.115435097039187,-0.247202807078813,-0.12027028712559,0.106029787750811,0.0337396897799023,0.141145037194815,0.142769580028522,-0.233304250585633,-0.28685283969714,-0.167602808708652,-0.182999590285396,-0.309911981592635,-0.0486719124819387,-0.191929943167418,-0.29066026990017,0.0178011400135473,-0.257183451090418,-0.0259264770726378,-0.385218443937206,-0.322063952521674,-0.356289672515217,-0.40100109984389,-0.143946246136436,-0.371499960057712,-0.351986304381759,-0.210232258457702,0.0963693869190828,0.491379884872559,0.154020507883275,-0.0149758493358526,0.0693261847008646,0.307324481245252,0.212553241990112,-0.0191291047981616,0.0581991645262554,0.0245241799249368,-0.144143981297705,-0.457033668200815,-0.391261769399525,-0.0420568601817451,-0.129687742358081,0.0926171234285182,0.296032132185617,-0.16184315476209,0.23744283048842,0.358723907239128,-0.253569435204633,-0.177171521929555,-0.0798378486381233,-0.116234764306139,-0.226821224475611,0.223268700792617,-0.334821032020393,0.399600902646352,0.476791234330736,0.202297370014357,0.0425408017123472,-0.252124436075862,0.0968843046049008,-0.149783275708022,-0.171528578751446,-0.00767736935655188,-0.119719340010215,0.445185416990575,0.258520873509385,0.510916873569468,0.36257773376,-0.0938485802532396,0.0568594429395596,-0.139917106024698,0.479888580622119,0.184185628242556,0.328455461872929,-0.349411111254808,-0.114067909079165,-0.0946450086625427,0.0865817639598554,-0.517452148832629,-0.406476119371711,-0.346889539814721,-0.337345839864189,-0.182659534409306,-0.216007431074803,-0.304145187451483,0.126572814906677,-0.341153636148739,-0.214020872825212,-0.234638331534816,0.0259188827630454,0.230388759181167,-0.104304818895359,0.0700955493436155,-0.322995939187624,0.00327994952453477,-0.293358731205987,-0.0554481380936193,-0.0175522146249114,-0.382976287821419,-0.437019164964084,-0.247234484489885,0.102909758336188,0.00272528556052502,-0.265156077190633,-0.351995712873302,-0.29626549071102,-0.392389441683935,-0.150550807962535,-0.320521271695391,-0.461124991568177,-0.431829729101394,-0.256707564842491,0.00154849818265881,0.163764755874379,0.104946278238698,-0.0171843986205702,-0.00636465935872406,0.364244762982802,0.145561506231121,-0.00949130226569864,-0.185510102171339,0.406583256934493,0.153778626985907,0.0407009839118665,-0.239520054495681,-0.10196250682809,-0.253290687294909,0.0995355318184367,-0.467085036562337,-0.0798305246862887,0.188746269736016,-0.129051230932277,-0.00168946830607741,-0.226073799211155,0.104084040594824,0.0806309899518818,-0.152429254958822,-0.414238105242282,-0.313064305106109,0.149158726964081,-0.0712915594874619,0.0360516055131347,0.0280366669138539,-0.119722216310394,0.0237290348351617
0.29998272032526,0.467359203304322,0.13456503973326,0.466673658732352,0.480153113629607,0.49156108389758,-0.253846283667036,0.0782516776058079,1,0.295102151285088,0.707280274747037,0.611267950229115,0.466628005140106,0.131000592270861,0.193953401852485,0.367940816133746,-0.234762160623229,-0.383065596867163,0.197153275460811,-0.125751852845799,-0.0531517677802824,0.0717849630301065,-0.298517021125721,-0.486497751021659,0.225782458844829,-0.0290813843488921,0.091759270399105,0.110119532905014,-0.0088564225361111,-0.282322081915932,-0.0905266397213845,-0.0891242563730215,-0.0405087634124584,-0.241484953592827,-0.252297455404125,-0.304946205856745,-0.0699913054374562,-0.197905874654994,-0.0205699521543437,0.144483636684739,-0.0219507488618365,-0.166287421808484,-0.0263883083439787,0.0757214591047405,-0.241475598461458,-0.113106463633764,-0.241189318712533,0.212289784469357,0.293825199480123,0.134988246685973,-0.0141755870113046,0.422987246277798,0.298020148372951,0.290314871735105,0.17916774997246,0.066547654274319,-0.109361500304796,-0.0877948507534473,-0.0797024775309119,-0.153073896410499,0.153436040771759,-0.115010116535618,0.144045863451318,-0.00590430277838059,-0.363973500618883,0.0753318573718712,0.135279144324465,0.171956477944045,-0.0293502847692165,0.176140190100992,0.0902115179724586,0.0524209072038884,0.359897548133097,0.0175417970087382,0.436790213044062,0.118460379842664,0.18931150720707,0.143127613440872,-0.111473059223552,0.0584994320437467,-0.00943956447395288,0.151955014372787,0.209848138102449,0.293305568733114,0.335995626304478,0.649245478849519,-0.0748610321756683,0.475917131797966,0.333835996510879,0.804763513300054,0.641796432615432,0.0262776030586446,0.69451195128313,0.206595669914156,0.110956909826471,0.080101025225238,0.183469190771609,0.0355006480385527,0.0290782242560871,-0.105362261985297,0.251451619955744,-0.333782177132702,-0.371802826769019,0.0556770681731787,-0.38128249497594,0.0054412172998935,-0.455892622697244,-0.37011126099953,-0.673137678674876,-0.103590114239227,-0.0311743456631129,-0.35496897873642,-0.355875768420788,-0.214054061736663,-0.315051742845298,-0.306473788398852,-0.156971193014476,-0.147885470464319,-0.544298567742711,-0.399247213389156,-0.108180577886044,-0.0837207250459274,-0.172834896931761,-0.23328428516331,-0.330667488528398,0.111129588499651,0.0456081820839929,0.0399293069428731,-0.113705355409971,-0.296514583246374,-0.324603594012296,-0.326188629719991,-0.133274976854657,-0.167372903836692,-0.0406056991950869,0.177221085417101,0.0994428930804976,-0.0546806940585856,-0.0576410993473762,-0.371841957122595,-0.249915387791027,0.0202521545898459,-0.410118361843049,0.0295846374952311,-0.272789663023707,0.0573080527478356,-0.0506279371601009,-0.10972364176394,-0.420100869512906,-0.0605523270097156,0.0818763335036604,0.0404218917411541,0.0756276974813549,-0.211445183287682,0.167726233097622,0.0292137537548013,0.0318402250823934,-0.0679350338283236,0.010027485365151,0.144255669187777,-0.208229779712511,-0.0188787851620041,0.0959376322982352,-0.0564515959055531,0.0301914754105559
0.363704037651817,0.643567121557012,0.554419122402312,0.591571704576525,0.248078210253197,0.341508188359783,0.530396952248306,0.692941478353717,0.295102151285088,1,0.33456790034301,0.545435364559246,0.719881223840145,0.109649336105707,0.151747050443648,0.286185467857898,-0.249084758598593,-0.147662123731442,-0.104941083504359,-0.183862437921698,-0.0362962510752837,0.153550000209799,-0.000736686024636159,-0.0368459006910302,0.322701142829395,0.218137635515084,0.0833194104319795,0.32476672785066,-0.0366511336368104,-0.0588573122265667,-0.0647900440423451,0.0450871591370243,0.0414841263932274,0.105848572968975,-0.0724667781930732,-0.133916320678084,0.210815178863494,-0.0926402033624349,0.204245578095212,-0.0944974067735902,-0.266984769441172,-0.226422557935112,-0.136504612676692,0.122118543347773,-0.204904728379153,-0.110599976562243,-0.0391974627588045,0.110635309182294,0.274240313534787,-0.0359183521631915,0.0618309433420705,0.0469989105488259,0.101347977292892,0.0921053423982624,0.0907723273904851,0.0399534630422089,0.187869031241026,-0.0337604062826422,-0.254239611925803,-0.203434031171261,-0.0257141878960966,-0.134006847317405,0.263195439805292,0.343137782630943,-0.0210537239149263,0.263831493517326,0.0776200636135004,-0.0917672247615598,-0.388774493331429,0.13055014722198,0.13299616515232,-0.143224564433514,0.346902980543279,-0.096244997041612,0.378971074513038,0.211074991891563,-0.0336777496345533,0.0338843659731346,-0.347310853261081,-0.17529283537312,-0.255384452026383,-0.0784401151029087,0.122811761618043,0.0827394551604307,0.574365110216947,0.573608905223976,0.469767795966814,0.414287769370828,-0.0560349005359067,0.312394592170032,0.196343401542053,0.636726074902983,0.36662206469286,0.376886423642612,-0.005253608363386,0.139587674106146,0.242875718471827,0.206881122701272,-0.184658269644144,-0.182846441362256,-0.0171684760998373,-0.125587859153519,-0.00613114578430604,-0.0264233579043076,-0.147714463759399,0.2911217444163,-0.0385963832978949,0.0591434881971113,-0.184889710794002,0.263283445640494,0.416191301206674,-0.152767839215664,0.208229209141382,-0.166998303800626,-0.366659689161559,-0.077440530586625,-0.0381024671880758,-0.118981953993713,-0.214782544618019,-0.228262870733511,-0.248095715515831,-0.0795371261753975,-0.0755607728577183,-0.0513199124633949,-0.115588618779619,0.00763663238906156,0.0709209280115132,-0.0524476348863118,-0.147904646074295,-0.175795077307151,-0.106737193019932,-0.0358450171224611,-0.0528156599004872,-0.223608837165316,-0.27641428099039,-0.243507323442194,-0.242883011802715,-0.00735284268265657,-0.237148051362324,-0.302566451474492,-0.105715753393117,0.298333170366027,-0.0178858956307848,0.107188311827149,-0.231156165473105,-0.0643990566524482,-0.393758634963947,-0.11773227328295,-0.309136215943628,-0.160866397740628,-0.233806721467256,-0.13863786672209,-0.186186222459348,-0.244545040262224,0.123866865408465,0.231439208541026,0.0386876688628482,-0.53951366243534,-0.135786121046199,0.101740861872677,-0.271284434577003,-0.236140788153187,0.0163531036058786,-0.414763902625351,-0.0824780642690279
0.379980734366528,0.613647650999189,0.00686561291361685,0.619595989750008,0.231169530570839,0.275840833631448,-0.251464455311531,0.175393619551371,0.707280274747037,0.33456790034301,1,0.719797436922479,0.534330987524858,0.341929825593499,0.394790072591428,0.229496703201394,-0.0434688920151717,-0.267000242958301,0.149168313824503,-0.0204342029857806,0.020197257033968,0.0482151857915197,-0.263683870388881,-0.423875253225696,0.124664929424936,-0.0207733260262796,0.169620218739307,0.0593561860219131,0.0176045443793254,-0.313529625918735,0.021250354879596,-0.109168009648613,-0.105460926159076,-0.203528125583866,-0.241037425563879,-0.208739172379172,0.253576431043711,-0.0626754242987909,0.109803436826995,0.130394299939779,-0.0423464442904548,-0.0561295082898142,-0.0525396961129311,-0.071295201213687,-0.214222529070367,-0.0738407166932702,-0.166721213051133,0.163241905535827,0.283546081018985,0.275628565986838,0.0569217883810504,0.38420870097838,0.260057709492147,0.185807150622442,0.192606457469111,0.00922100602501127,-0.0294459688562152,0.133004165481459,0.062518430018062,-0.119722044860708,0.0262179149142967,-0.159723944355818,0.0745602563796081,-0.049347355747199,-0.24868900697573,0.0367479309057825,0.0615386111360089,0.0615495488637609,-0.0915481764081887,0.1709041640318,0.0443014809455341,-0.183796617569882,0.154521847403455,0.0172487369486202,0.243573300042631,0.115524901790237,0.0777234320471214,-0.133675704877968,-0.0866914383567919,0.108973278493784,0.0308105985896985,-0.0124532943297485,0.164949756012617,0.177203080803546,0.401093344526481,0.691540949076959,-0.102367553508427,0.300798015005524,0.0469988916948217,0.512006243053737,0.267781200096116,-0.00707928894536447,0.473477964691117,0.0830618892911989,0.177256298967469,0.318306819551555,0.106904045174956,0.143945542606119,0.149020864164477,-0.139729660625485,0.165134790727544,-0.184320448942835,-0.400643123674502,0.171340574064757,-0.155328679013376,-0.0353015779629221,-0.379731369746878,-0.288355839701881,-0.566008241183237,-0.157846093833548,-0.0646177023859659,-0.306615209772871,-0.247834905318136,-0.157335089581076,-0.108587178210079,-0.220477799555099,-0.107542885147899,-0.16996738898353,-0.472125508686952,-0.205101269632775,0.0478517410579136,0.108858903453637,0.00969367630682423,0.0714669567510015,-0.16704731389191,0.224371624162209,0.137722350435531,0.151440519975105,-0.0252018297016542,-0.130345767293087,-0.100354043750842,-0.208503838768942,0.127826068247464,0.110164163945685,-0.00207192413880072,0.0948727543450622,0.147093766045035,0.0996855464600331,0.0473978112296299,-0.219354808485053,-0.100723696147604,0.0810925355814433,-0.0964179562340406,0.0830296791210601,-0.010906309384696,-0.0490052945609188,0.0303652423392899,-0.0608808134451809,-0.254684079917748,0.197143436231206,0.0850370252180909,-0.120445449106278,0.045773606629474,-0.321501992298126,0.257710061388426,0.0234678792556531,0.0610362126843583,-0.00856315904878666,-0.0758633379025311,0.106383968952219,-0.0456941582691662,0.0198100537974895,-0.138593451960652,-0.00814324692748498,0.0611569948397341
0.48254754277418,0.690045399422765,0.226731013478016,0.682077181861707,0.137724461078965,0.507627524401489,-0.0336057613875666,0.45609796539607,0.611267950229115,0.545435364559246,0.719797436922479,1,0.800650401005886,0.285566794268523,0.274022697978586,0.311198163462881,-0.139753132765931,-0.198585542618355,0.166917475824757,0.00300309695123166,-0.0286623327912465,0.0928140184327995,-0.304953459139578,-0.371522238007541,0.113972697143215,-0.0498180205832591,0.167419449691528,0.0243120912232804,-0.109730594670631,-0.328428878065999,-0.166669115323493,-0.159431418175644,-0.232823914057575,-0.141676874520414,-0.390871523893961,-0.211934714027292,0.241815888463093,-0.139972986270184,0.225173530832334,0.0273109204578712,-0.0129760469009332,-0.126937554361279,-0.0429558836622153,0.0377001196281989,-0.067067511733843,-0.164376999326165,-0.0347775572687016,0.286057565217749,0.385914912539295,0.0127093441204048,0.0295664101477338,0.339518085562728,0.238460061447895,0.130262981597509,0.244133593490933,-0.0769692061856752,-0.0747304608895159,0.0221198269246707,-0.260294943114619,-0.27884570088939,-0.0529564632236521,-0.261939250238626,0.217333360226923,0.175222430751271,-0.20348234556282,0.166499710595619,-0.00481930560007513,0.00942282120085152,-0.211905604423786,0.320299831434116,0.254131781093122,-0.062084083024304,0.250374602998382,0.00561989588640856,0.43651380423278,0.0966978986886379,-0.0772066046154401,-0.240985738656106,-0.465192544273157,-0.0250892739711379,-0.179637227627813,-0.271261604314025,-0.0281703066101058,-0.0824237032011439,0.469135122375219,0.644430458636183,0.0897578774043091,0.308203784427196,-0.231966199956177,0.446635871298544,0.159973846532432,0.229029369680478,0.651904937790541,0.129675112524141,0.0279234994809447,0.307417477946139,0.0809554686674128,0.228505555553921,0.00721725744256079,-0.290092304425378,0.198628568031191,-0.124704267375753,-0.388937317211614,0.20152602666102,-0.0879036045416522,0.102189428926552,-0.334696844666815,-0.141245879434636,-0.501668846756412,0.119566316007515,0.226680599498611,-0.308912981336426,-0.280693132817691,-0.238018348005259,-0.21443647458851,-0.255708194690403,-0.213700892681791,-0.260276299389587,-0.417366018958564,-0.344461954881392,-0.0246630368539485,0.191586242735384,0.044247453229454,0.0767351747252823,-0.0356196417351601,0.0786825720919728,0.0494480449065347,0.191495010095042,0.0212217736975666,-0.134106928127493,-0.105591507173891,0.00936074144857609,0.300689517007908,0.00614698695426441,-0.24735789131061,0.019359719137282,0.0565614343557494,0.0477969095080558,0.0185412829902743,-0.308890576986618,-0.0301355495860422,0.224629208824075,-0.0695151405865977,-0.0761853833138506,-0.283454514130065,-0.0313880741323103,-0.191038656956181,-0.11531246977783,-0.4198138631494,0.0875943244400483,-0.101398579992491,-0.227702447074199,-0.0975449833983598,-0.381776942995631,0.278197929087961,0.253275122053618,0.21028152815642,-0.274102673660036,-0.177151643905765,0.0662316655781798,-0.212835792987135,-0.12563161961656,-0.256181443056119,-0.346800986142856,-0.100718082095944
