1,0.624801213164887,0.234712359908019,0.839514027182299,0.673640654665712,0.431997255004723,0.338864530931989,0.0725004378068352,0.822182204545905,0.175952648511767,0.757009364637888,0.65149528255433,0.597074802421655,-0.0891781926997157,-0.261469642460382,-0.0281631857029297,-0.17388888277545,-0.164748198182832,0.119850992655456,0.267195142802476,-0.151901909186378,-0.000958928856888074,0.374449106313733,-0.219934959625234,-0.00557379761991813,0.304193963356946,-0.446434053075914,0.655626414796376,-0.445739790813811,-0.384798596258663,-0.107257619081755,0.30882612857661,-0.307551358004128,-0.182180259194128,-0.132781668289281,-0.293394657859506,-0.223878401495696,-0.458978045756428,-0.265847188441948,-0.244495468459551,0.0865394511603526,-0.115189175206637,-0.435334190568584,-0.0845129851839468,0.00382195228550562,0.111164080504328,-0.214610850340554,-0.39112764080396,-0.258546278192698,-0.220623120530937,-0.417894399796168,-0.337108686748951,0.0341052754606454,0.094955024562411,-0.260493602903314,0.122184045694037,0.0315414048132879,0.705140025728034,-0.268356391617096,0.135428683464596,-0.16332876792987,0.159929329385277,-0.100158357623943,-0.286454742402435,0.0797119226236889,-0.0586842387022145,0.152817311819987,-0.0054909439054899,0.281628303950102,0.0275107157117119,-0.218516995189489,0.192945903443416,-0.0887367515282881,0.0935601884757827,0.0359608410211486,0.0695779408105716,0.119478379493343,0.671911802912177,0.302997702977883,0.00876307226419868,0.129232496495664,0.261966174421901,0.263427166944521,0.756072260399316,0.758684011633556,0.783627220694954,0.121465565484274,0.354917941056097,0.693284108614468,0.823070444668142,0.684703151139787,0.235752569133902,0.817648509775678,0.723548350077835,-0.287493831012171,-0.153679946386496,-0.0347369430073273,-0.276337696397109,-0.0462429579210545,0.100336232557468,0.161884931108304,-0.0700107248921922,-0.098564936356597,0.32212629980375,-0.249738259021937,-0.149647006093634,-0.0426361701913659,0.0638061840923772,-0.416129514832715,0.058810523487124,-0.0240302838212142,-0.4924201647019,0.116837757477248,-0.26715070284439,-0.661566065970184,-0.567090331588463,0.0633459869366941,-0.371507963830275,-0.118189273380028,-0.360111156027042,-0.413855935524588,-0.0331703332261611,0.0550764830417609,-0.537197577686636,0.267567906063704,-0.294980194032353,-0.529510915813374,0.0515163567063484,-0.268448213122997,0.0608968685517804,-0.0103559891346062,-0.00338131134833814,-0.233957636535795,-0.333162486825105,-0.213318426425675,-0.0353109792837032,-0.234471747176732,-0.29817429734891,-0.448949099698364,-0.253616877839267,-0.153723884922091,-0.455129932104564,-0.19278221156144,0.837790145395265,-0.112370275025482,-0.28808650530346,0.058543800876402,-0.259340821221637,0.119425526371636,-0.0807493057113453,-0.117620897236869,-0.170069764622853,-0.144811282490189,0.211591146422886,-0.083433981624157,-0.115311691246225,-0.183319376599783,0.204004298370669,0.0927076750318651,-0.161375311865005,-0.123460759339455,-0.047891845266997,0.785525669784592,0.222869714280497,0.197979953472852
0.624801213164887,1,0.809701231414622,0.616627114452169,0.237445435531615,0.838261959466062,0.426794863572171,0.650588999231381,0.714090633476029,0.710078288830275,0.264041175183966,0.801379983326421,0.884974577019695,0.0675710837640145,0.034910796360238,0.154073195991495,0.025131645082522,0.00247086885838971,0.138504005059901,0.097476086367711,0.0673361072951284,-0.0147627787590207,0.397034252050695,-0.0100741076909901,-0.186370721496736,0.396600188576919,-0.227834504208766,0.754141960469558,-0.238875515903621,-0.163244131990283,0.162393115453684,0.0910945424534049,-0.248732856585462,-0.207421715182731,-0.184721095346109,-0.282226041130737,0.0834282970084324,-0.154247711838374,-0.129573417563988,-0.00717510770722839,0.198395090322941,0.18101482258427,-0.0939192337120385,-0.0421328405250125,0.133700301635001,-0.0207555101859398,-0.00563990100762415,-0.362647005897837,-0.371733429166732,-0.462826770156319,-0.380413752606586,-0.400215276359028,-0.339937436752498,0.0546887239863045,-0.32005112566083,-0.197885788415918,-0.232226429184476,0.414333373567433,0.0403387123360973,-0.0680486059272045,-0.223040462887927,-0.0268660567928779,-0.217964010029451,-0.0962761677938091,0.0736627586687982,-0.386649895299593,-0.483119497542214,-0.123158149563016,-0.0500592478325356,-0.128708211410303,-0.234534437731709,0.0659255674632979,-0.303471190504082,0.212880313097217,-0.277727307851453,-0.283514943168756,-0.383304502234728,0.193054158583171,-0.106828715127001,-0.141595802822983,-0.125274658479071,-0.152676065598835,0.355309231739234,0.58849745054629,0.875904297976364,0.562028629961509,0.521336568407987,0.82176971369521,0.338631690230353,0.822294740242881,0.495164070292448,0.537498560641469,0.579497408998146,0.787727664260889,-0.187338501728982,-0.0650456326276679,0.02829862524871,-0.0202200351079432,-0.0122884217571503,0.193928895217259,0.147705030917855,0.0137363412046694,0.0183543401772231,0.111882282977244,-0.0654045377216419,-0.258054764495258,-0.168679092186782,0.00210031646029093,-0.249705319902519,-0.126935789091714,-0.297649807055439,-0.350008133797483,-0.176125366192332,-0.126337373144653,-0.421223585747144,-0.43140507439312,0.183132441845822,-0.25044232613987,-0.10475023920768,-0.325682373009455,-0.231168744409728,0.0386574941761205,0.0776463382063972,-0.26675084104249,0.101140182238996,-0.182700197279245,-0.299783616146366,0.18110958731052,-0.0355705572204866,0.123948676744363,-0.066250602199598,0.037676498518894,-0.0607507416325253,-0.131820901147447,-0.463784257037709,0.0214663218683091,-0.336518753167676,-0.177464113478696,-0.211529008265332,-0.279770984609141,0.0852166081669958,-0.324108273853948,-0.287548240199423,0.495563248317228,0.249242896329337,-0.219448974297645,0.216906015504732,-0.221225587600189,-0.480096958115639,-0.275579882745979,-0.374933791328945,-0.294290913282187,-0.286922401748835,-0.0982552030886803,-0.148325898306749,0.0805179831786767,-0.112683762383176,0.338087426987119,0.315336958821297,-0.216620920081782,-0.300027405000121,-0.361306560889301,0.40378711504517,-0.0472446385920132,0.0729431481442391
0.234712359908019,0.809701231414622,1,0.224409378163212,-0.0715116189650689,0.734570096821545,0.422575126920135,0.753524902119906,0.364572458899768,0.848719603336368,-0.160692629161176,0.557334057157763,0.686500700517246,0.210083676315308,0.121141112300356,0.242135708141545,0.0923441617743346,0.0489047028299342,0.0287688943361737,-0.0491980008160886,0.0767559850297634,0.00982884061426161,0.422044676539196,0.252798648374765,-0.150744145956017,0.355553224197628,-0.00156205182316537,0.603421358365351,0.0258427662528183,0.126283394373897,0.282896269640406,0.0466385433025135,-0.0506637997014714,-0.0333981020309196,-0.0930396440234432,-0.0909706557418205,0.119342077668002,0.0711853972357733,-0.0472693149715235,0.104156545950813,0.122982309039257,0.338742969289771,0.0825067601943068,-0.038905278213628,0.171307196998211,-0.0324519570796964,0.191348929373808,-0.315115795888858,-0.385567744990599,-0.531111789480754,-0.207925586724618,-0.327602643948411,-0.477830415492049,0.00370798096403665,-0.251396373912034,-0.301217773603673,-0.290787458623648,0.129356345048953,0.0722462586904149,-0.244485006409594,-0.247933575545732,-0.20286325577801,-0.292521177998726,-0.141076028523267,0.102856914353104,-0.500583664880731,-0.652857767451845,-0.198477167798521,-0.243146252803268,-0.307514406668493,-0.279506343204639,-0.0897575023141316,-0.423368174220995,0.106623268463307,-0.413827960216334,-0.410593246115633,-0.554714110469373,-0.132525316918834,-0.2562235007651,-0.290461858552875,-0.229030468288297,-0.294539137193978,0.348211201256917,0.436803522240804,0.640705982972214,0.205551557268002,0.743109464711885,0.78659090059624,0.00402812648500051,0.479595764433828,0.173859807928849,0.709163896970372,0.213694273257781,0.561631137490239,-0.102439421910293,-0.129609101655592,0.0519700517368289,0.0832978637417004,-0.0524244299275064,0.117210785975419,0.0126579090103095,0.0620715660923658,0.197728617847616,-0.018575003062637,0.0910148156330339,-0.187257123863882,-0.0908811425611296,0.101240831806172,0.0485069113481639,-0.0666483921348182,-0.280368554559331,-0.0774517443418378,-0.205243756707977,-0.0237291793944731,-0.139147538818753,-0.110767003464902,0.241597369688925,0.0210087704953792,0.101222939282405,-0.14100829778203,-0.0136362849584321,-0.0279434352972898,-0.143293521453566,-0.0339860626932178,0.0762669446043007,-0.0372448738598803,-0.0481961957187296,0.129727993858086,0.110435230904282,0.164082918551429,-0.028679309370756,0.000538286925604162,0.0624605851137029,-0.000269520061016994,-0.396340938582103,-0.0267844816741914,-0.280398140230814,-0.0614315841162716,-0.00370559932960317,-0.169860234043649,0.147168252177187,-0.151822266643202,-0.198617700033171,0.147581719340935,0.216744411693134,-0.157149365242515,0.122255552201636,-0.15904327780519,-0.521774454268063,-0.244913043648566,-0.400597782933851,-0.285794413532207,-0.328936194195363,-0.300612305519652,-0.201588030623163,0.0564603802766497,-0.129487551993838,0.253338083634679,0.309037459347864,-0.221539831357088,-0.356505198663174,-0.448683929341329,0.0279890797418924,-0.178932773703942,-0.0162788152134279
0.839514027182299,0.616627114452169,0.224409378163212,1,0.801339675813914,0.449130113918399,0.447116178521032,0.0748580558824013,0.928095615284249,0.272668178578019,0.776016149826755,0.770832338075073,0.660998116494237,0.058261866790019,-0.0397176815154549,0.140686196958646,0.0628295256161716,0.0049345116241508,0.268824840306025,0.432882091582396,-0.0348788640859521,0.096676158074846,0.420678319503845,-0.153145868086151,-0.0574108675051582,0.0716605518933882,-0.494717530827355,0.58973878649856,-0.493036818090937,-0.413253310034833,-0.0930860152039007,0.241294754500898,-0.401489197459842,-0.212223826909063,-0.251992122676424,-0.392806380788799,0.0392646478415957,-0.316938113065533,-0.191320515988548,-0.0991888511848167,0.176011745249109,-0.00473717229868863,-0.293968001025244,-0.130765983559865,0.114009823403889,-0.0292789780332492,-0.0603474432378898,-0.357230989441703,-0.415175110308052,-0.236521918011617,-0.453305174316462,-0.251147932968128,-0.0623493673736123,0.123549041188648,-0.248815821290577,0.0111571213647874,0.0258775665977209,0.625856403394854,-0.194214947332228,-0.0348766426179261,-0.121726554589548,0.0472889418804718,-0.195161642497511,-0.128288371964058,0.166601118933781,-0.202209513673143,-0.0716601196062811,-0.111082262010551,0.221906753685902,0.00636479601537056,-0.158496493743938,0.141290841463915,-0.159638225510727,0.251943739379505,0.0341122010512019,0.0236010744239911,-0.0223912952009578,0.590195893464081,0.181869781385253,-0.0533130801444801,0.0913039902216085,-0.0542372434674095,0.00409793359914813,0.517138308970258,0.817279932778168,0.907269706739868,0.162102619475966,0.344110754205217,0.863862884826124,0.882651983595602,0.869298413774387,0.362161575313021,0.883237105310342,0.735763316019339,-0.12311828317787,-0.126935986173551,0.205911725040296,-0.043520021676196,0.160895196283094,0.329481897420969,0.304793617970253,-0.0429411580754562,-0.143272762314154,0.438171005970531,-0.176619018768427,-0.155520586154343,0.065794712284203,0.086489204631628,-0.353634252315415,-0.00324304912862431,-0.136546189664461,-0.521374819935977,0.0582344580820282,-0.0920260620578912,-0.608344006150374,-0.522891197055625,0.0308245195310873,-0.429606018420941,-0.0675141098094296,-0.405491949822562,-0.386496925076824,-0.0525892672840773,0.102103224030567,-0.33578439581038,0.335001807053925,-0.224312288924807,-0.260106221745922,0.159482682346666,-0.0924642320315409,0.163192707375166,-0.0872902537071857,0.273143349942903,-0.198523736205152,-0.42221143760629,-0.432396080071319,-0.0787496078445536,-0.317512827423944,-0.401128748825596,-0.44453155877021,-0.349735904687247,-0.101498083595242,-0.427797110080855,-0.360109517851122,0.770588082484943,-0.0446095239418005,-0.348964084017316,0.185681008320838,-0.27266844778863,0.0435197758208179,-0.32155944812251,-0.251389664389017,-0.300326937379091,-0.243105552643681,0.0843330827359026,-0.250712208809817,-0.089232953330305,-0.212041438774406,0.198513423859064,0.0283745900479857,-0.329245716400106,-0.268108835702938,-0.186116120127199,0.727342541318214,0.088306218491731,0.140924012480827
0.673640654665712,0.237445435531615,-0.0715116189650689,0.801339675813914,1,0.0956191397082497,0.391162082365035,-0.218121928417538,0.701188945248813,0.0179509440484533,0.79459849054812,0.437545916530057,0.254865274600065,0.0992811071930481,-0.00345311864198905,0.158573937242343,0.0980808722403326,0.121975019883079,0.300441499836448,0.484693553727538,-0.209547523737548,0.164989895245332,0.259391999891151,-0.113402743751349,-0.0718645998018151,-0.0541726771960579,-0.61138727830577,0.26316154963215,-0.621133139850213,-0.474711270938741,-0.438869527467529,0.200240607814738,-0.530760610018947,-0.218188640597268,-0.407839818891222,-0.376950968375888,0.0384272201364981,-0.366081604325476,-0.425947115318473,-0.242985451046577,-0.149661016665562,-0.141790242211461,-0.490403955313962,-0.376167297519509,-0.0907193605473613,-0.139275710108226,-0.0650892176193485,-0.25335973352363,-0.440969380857944,-0.0792446241686221,-0.476680720987947,-0.0147524661307545,0.188979459470775,0.00901544371924725,-0.305398435586188,0.0362898788716316,0.191501764784796,0.580999320046439,-0.380310195816058,-0.0396876504245341,0.0381571450212652,0.0714534833022845,-0.140855659242781,-0.163773503293092,0.215701610514368,-0.113616046005851,0.274912945118523,0.0591543036979976,0.490448634749719,0.00561832743374858,-0.309992330323912,0.248208913589383,-0.0154707064320896,0.0128671964222067,0.0512132671383842,0.265694396236642,0.285435024302324,0.794453560876055,0.470380118354715,0.182819929613362,0.326613762968494,0.207433515332762,-0.101586176572805,0.409071689676397,0.532743065455154,0.815840402438392,-0.0239203238120059,-0.00455304929184044,0.894007217504364,0.586310225977518,0.794126134311143,0.194935130917366,0.733772679159539,0.439847751888273,-0.0360561927371247,-0.0303662563315915,0.281286932046506,0.102511578002182,0.192462727591264,0.291247790895557,0.304452217845462,-0.231140207187663,-0.105017880165824,0.506252520998763,-0.14280538581436,-0.041854577793154,0.194428192170074,0.177276691930424,-0.209556187259239,-0.117842865716095,-0.0561424813596724,-0.41978349698469,0.213699873023884,-0.0505356905904937,-0.623014920753023,-0.351232670213996,-0.216352345011936,-0.495732172287849,0.0571277290279383,-0.418538692566665,-0.454246970753886,-0.292638778324696,-0.0264859136091448,-0.297240953472833,0.325172396375277,-0.0273762021448094,-0.199938950629595,-0.151274945424546,-0.184802521950013,0.0556211830728475,-0.198059792446695,0.0544306343223535,-0.431942786952582,-0.53771792174005,-0.251307197197525,-0.1274427201657,-0.0580436524891138,-0.431735993323179,-0.52797040216951,-0.288122748549958,-0.351681138589329,-0.41047473574266,-0.211502608132841,0.633581551393713,-0.233930328902935,-0.271777427589671,-0.03491086090352,-0.328072758482388,0.399576240383973,-0.306396056279397,0.108316273043794,-0.211846914739734,0.113315076661731,0.0547800190097755,-0.14343101327268,-0.26176886444932,-0.353741483243634,0.265550859310062,-0.0217599805068296,-0.194630255480034,0.0026217645615996,0.0829129095554508,0.784851922783764,0.342608469098998,0.238842039553016
0.431997255004723,0.838261959466062,0.734570096821545,0.449130113918399,0.0956191397082497,1,0.116926523370942,0.836931220681774,0.618496531974008,0.558659325309721,0.00860018440305536,0.726517055659209,0.673059136437339,0.179310567685857,0.236151603252849,0.17044291104905,0.11805163103668,-0.0397624958814852,0.0907449354867911,0.0389191420247167,0.0863107759581259,0.0422351520060568,0.153121313804016,0.101056414109467,-0.272169826903443,0.337036251973416,-0.00540305151667054,0.492675912017597,0.0230843362188987,0.0469029102194331,0.197838469416707,-0.129085745112632,-0.164588592280285,-0.0558374059610492,0.053630732119147,-0.0782137697027928,0.187200307505882,0.0396672817850132,0.117957665173778,0.23293652672402,0.385980614318015,0.329866242154984,0.184492787083624,0.0529031637591091,0.246973178082573,0.125754051057355,0.145987891411566,-0.254470007237357,-0.296244783482488,-0.400171302985371,-0.0889046974743423,-0.121145628171341,-0.317579597248303,0.0518292095628725,-0.000717162325657154,-0.154815273727808,-0.233594217428824,0.186575875938512,0.111460743258663,-0.105222404066408,-0.296958046486262,-0.165603243928831,-0.324196360513684,-0.00762688035258387,-0.0207851862411509,-0.482968273351567,-0.630374022149091,-0.221137995406044,-0.307563322041714,-0.136440357229492,-0.0501367746247276,-0.236073533313032,-0.480564161292466,0.238517315066916,-0.117900067418361,-0.372942339200867,-0.562565671751686,-0.029050012862868,-0.34789891601436,-0.392359326989018,-0.46406141955047,-0.228087448144667,0.246844132500844,0.403181061542222,0.655953612718595,0.313935125518712,0.40777600500659,0.962800205020159,0.200072581807354,0.706998981574219,0.404061142659436,0.365688803292057,0.370885536796966,0.487596487706349,0.106315624464896,0.0274937378593608,-0.023269271190212,-0.0247969699759181,0.0960875311100748,0.171062096520467,0.105687907125229,0.174075811468835,-0.000766874369410952,-0.0255630286178465,-0.0102057845502567,-0.389566072431422,-0.29542495223057,-0.0153760048699291,-0.11860897335242,-0.204710172587864,-0.377141056584097,-0.287585422438477,-0.384483233464282,-0.132135576831777,-0.144287137844199,-0.333496320799911,0.0689221257622291,-0.241261371528755,-0.201381430157088,-0.0640938933169107,-0.040001468653812,0.154508373828601,0.146631251411583,-0.0654709980898157,0.103947641098145,-0.069502711859103,0.0101604174420687,0.337208293412476,0.182937876407672,0.212571127976648,0.0824485825187411,0.145054062208579,0.17576775848655,0.042603076834198,-0.312371404149279,0.183040636463543,-0.155952000639256,0.0374639674066055,0.0977970890771727,-0.0317210561305835,0.082013565557447,-0.0631336565181343,-0.163475563063449,0.233885499654727,0.244052898775391,-0.0229152539023685,0.22165712843575,-0.0264274890640694,-0.647989384361047,-0.19476271389143,-0.509026708152165,-0.322342750278266,-0.423986493094626,-0.0432545381276445,-0.215527138180916,0.288108831822681,0.0540029528062864,0.106779537271348,0.344275969967971,-0.303538868203299,-0.279069290757139,-0.37837422551416,0.145857985848698,-0.32403018481908,-0.20166426753445
0.338864530931989,0.426794863572171,0.422575126920135,0.447116178521032,0.391162082365035,0.116926523370942,1,-0.0372695171290746,0.339912870102035,0.638135482561805,0.434111307595843,0.472380273121263,0.582595745472319,-0.103317889319547,-0.0625878415814171,0.140634679732739,-0.0167053042086284,0.171836227236083,0.21960657577511,0.253380013075875,-0.152283774189533,0.0199877094570901,0.603690656093579,-0.0198232518310995,0.0332471152240071,0.138690499071669,-0.297641741446276,0.679921139512802,-0.38938977038723,-0.210658694892376,0.0711010307519182,0.437718500444506,-0.187094317029164,-0.0907058500213572,-0.464159455524573,-0.330309702277451,-0.0593121077596297,-0.271118048132057,-0.421358380315215,-0.297928197498361,-0.276991303349505,-0.106204172630309,-0.401447297266552,-0.13574214347326,-0.188510425977773,-0.352313156916301,-0.127194343920542,-0.353106234742957,-0.269698758764774,-0.149445231343172,-0.390077604475864,-0.338289279247743,-0.00950396921439123,0.202192559843476,-0.41834075733294,-0.115240770948985,0.0261635093513381,0.25988585658335,-0.215363155651739,-0.125847002990506,0.092083774977659,-0.011985788029714,-0.00635303793482443,-0.158258852187766,0.542416988896572,-0.101844829663068,-0.0671176658802565,0.0762427207803458,0.235305825446553,-0.0722908072438323,-0.33516534683415,0.292575897624615,0.106676788627559,-0.0555828889374467,-0.281013598012956,0.126126670227054,0.0731420394781546,0.194291830404929,0.122592261516898,0.0536291176763829,0.300848190716015,-0.149054376272038,0.128582155881574,0.296268174077238,0.561282697839825,0.506950294903099,0.550709320090908,0.0973731651793336,0.385316926911653,0.421179008825576,0.341242459976079,0.685015655239771,0.400328726060731,0.727972302426927,-0.239966179929498,-0.167335104414669,0.295941677270101,0.156355194172582,-0.0326631993663528,0.266802207401964,0.213786565220187,-0.201939775019169,0.0991661057761347,0.337124454056803,-0.0590200500483598,0.174622233014116,0.19788428140688,0.207231118557398,-0.198702274543186,0.0885771960854921,-0.00342433197126031,-0.111289617376454,0.473370301231308,0.0495284903478055,-0.485509487619441,-0.146742677780196,0.326696914076293,-0.0294213939090741,0.331515999590197,-0.516673845179374,-0.293812163854661,-0.205507014936071,-0.124767217498088,-0.250536657174602,0.224429521075127,-0.106220340842071,-0.267563935320511,-0.203146747557998,-0.293586088005168,-0.0892567080154374,-0.333582518741399,-0.119431921028602,-0.334593745816265,-0.38365931032456,-0.435770281754871,-0.233375476278318,-0.237126847671421,-0.346964702779302,-0.431591443624573,-0.392565083149911,-0.0362068665281484,-0.412274794352626,-0.24438185630917,0.415969476927571,-0.146511410356625,-0.50995098691571,-0.0745498422796718,-0.435596905267479,0.124984969500315,-0.310006192874686,-0.0206170040236938,-0.0260876989784687,0.0785530812679764,-0.180239541093358,-0.13330380350729,-0.310210079557547,-0.358389364007945,0.26143442798536,0.0124007777694229,-0.130928689912372,-0.245422537428282,-0.172299217723058,0.387865943967117,0.136336799025876,0.331349936728242
0.0725004378068352,0.650588999231381,0.753524902119906,0.0748580558824013,-0.218121928417538,0.836931220681774,-0.0372695171290746,1,0.304546407467819,0.625570156778787,-0.324669206767252,0.462260023680697,0.488816663679056,0.321371531525283,0.347024277106193,0.234225287126623,0.198179764966107,0.0610668343801753,0.044230578948972,-0.00287400442390161,0.249214568301637,0.0160823135737486,0.0367828810137161,0.213543477588397,-0.251258904280886,0.292811097638216,0.183710621048522,0.289064920908188,0.215116698063455,0.170177037385993,0.271792574493245,-0.238930845809831,-0.0898957589204895,-0.056483899949934,0.0227767574145552,0.0857986697182739,0.372790876357478,0.285017917803463,0.22198643554416,0.365183036522004,0.342487339841344,0.456888286989275,0.388336027497873,-0.0678095810678615,0.301940568362857,0.148344613548445,0.305843659029429,-0.0909934105686573,-0.265865446995249,-0.457279715850374,-0.0597224975460567,0.00559677246247924,-0.409480020995242,-0.161138580288136,-0.00735804347565219,-0.258258078953776,-0.394013032103737,0.0263250694519428,0.269307742894243,-0.179487230955781,-0.334336977484146,-0.239989899596724,-0.343865447424835,0.098600995084591,-0.128148322975412,-0.473752941551869,-0.685484756436313,-0.202860896246611,-0.338962068398144,-0.258304304807525,-0.0666749645536277,-0.270262448848258,-0.460031825902153,0.155590277667817,-0.314000944922725,-0.546986294764156,-0.635702929155808,-0.214591748226857,-0.337704682415114,-0.290302158831266,-0.418287154133795,-0.251328438204375,0.194094152430549,0.176227664533894,0.351985174874427,-0.0406296047615602,0.401955221962703,0.897220193795792,-0.120990551004296,0.354937521750562,0.0827831873900227,0.307274370212726,0.0553779955864026,0.227379571147571,0.217784000557687,0.114292284070745,-0.00956150746825121,0.147093935525793,0.0990303400644319,0.106338547514134,0.0307224361604212,0.265741678430531,0.100065721381583,-0.0801899620511067,0.257531645091907,-0.346745950523037,-0.179729400937409,0.0934971854693354,0.170879706006452,-0.195276291041239,-0.330673302952859,-0.157314403993494,-0.537454398061687,-0.00847101617136328,0.0362828695611128,-0.1224294096882,0.086646524892868,-0.114981438649539,-0.0718862156497904,0.0353308386918893,0.193636608440837,0.185561924358873,0.176663809628558,0.185867154159376,0.115701198897735,0.0699601834258638,0.170938008388854,0.341147998091345,0.34487427761692,0.300082522465225,0.171270723234581,0.0893325614859431,0.274249898820261,0.109014128596046,-0.306365812440628,0.156322897882635,-0.13474293670102,0.141227300735547,0.221445813959161,0.0108515121879106,0.113529430675484,-0.0390783755925285,-0.189389506515122,-0.0240613568241742,0.37609543025309,0.112937583808733,0.196170373080635,-0.0528822464289192,-0.757670006526569,-0.136360106397448,-0.470389289270863,-0.248357477328545,-0.410429726300501,-0.168732999476419,-0.224029440404569,0.396471254145688,0.081201815632734,0.12048629196696,0.382162632687945,-0.201187088799526,-0.288523207237209,-0.467135299807863,-0.121175737954612,-0.261044534161516,-0.173648668811553
0.822182204545905,0.714090633476029,0.364572458899768,0.928095615284249,0.701188945248813,0.618496531974008,0.339912870102035,0.304546407467819,1,0.34406618560862,0.672590340369842,0.802020259513304,0.666424582912091,0.179268315228197,-0.005439615015159,0.141319012009278,0.1348781443061,0.00502734936907388,0.258028440897845,0.413266746684863,0.00482039351513402,0.133104470193901,0.396357619451354,-0.0424766768026542,-0.0995505193474413,0.225282183844262,-0.390703621013415,0.614522880876672,-0.371849586331901,-0.289824306675627,-0.0345261894838813,0.10919045162186,-0.367930452847979,-0.177606419680402,-0.192250399746474,-0.245245336458771,0.0887384953702149,-0.17072677813647,-0.0681938860148218,0.0462861097814948,0.244734629201937,0.161766689562207,-0.134746120709427,-0.162576624601883,0.24575353734053,0.0894381118195658,0.0676283753498746,-0.335899454029455,-0.447312547105982,-0.340166404458938,-0.408908916723215,-0.27430341562667,-0.15096912115459,-0.0119024226514696,-0.202917091806588,-0.0103656349821026,-0.0908656822297955,0.626736667880697,-0.154839623195288,-0.0596318470147826,-0.253415183779798,-0.0114430858269605,-0.321411519791312,-0.173058562344076,0.101380245935743,-0.299980128047462,-0.166960106979119,-0.196756519547926,0.126581789512405,-0.119850798569986,-0.211517185131673,0.0130494757979715,-0.322824135212998,0.181175787744317,-0.0591686701090388,-0.117251883170125,-0.192487540357886,0.556424497021668,0.0913813875637135,-0.138279958918755,-0.0552256050645019,-0.016999229220223,0.0750051099191272,0.553225439802077,0.815965594875056,0.810783836625161,0.19308336379589,0.519612133785695,0.829165845202851,0.943819094528319,0.886582628951587,0.378810040401509,0.900976294543744,0.706926839169027,-0.0892398831541599,-0.0522189919842039,0.147496731019595,-0.0532784724031677,0.228373716393843,0.347547172189197,0.292295042857648,0.00778708303525313,-0.073072858110674,0.436586232726661,-0.0665950713460048,-0.244731621939019,0.0579180092521621,0.138394823153083,-0.238924228275875,-0.0516184472416506,-0.184986892480557,-0.541500200908099,-0.0843322853823791,-0.0806193173674724,-0.522192674890091,-0.511583984924812,0.0801154016907783,-0.426281712228076,-0.0642445004178226,-0.338689665241597,-0.263602416819746,-0.0116213504120024,0.159980395145007,-0.240751327666605,0.429294102426075,-0.16027009959985,-0.21846748914529,0.225365268132783,0.0477486165693724,0.31317646594054,0.0258815650647678,0.225056122564541,-0.0931882632531918,-0.368075208851801,-0.414253676549363,-0.0552208166994679,-0.320790335460054,-0.325586504200739,-0.314182749207893,-0.250911136510319,-0.118891852562347,-0.423197422208654,-0.317796560304492,0.777930319575829,0.0111055197192154,-0.30981166117298,0.186051104287986,-0.276404245966857,-0.126271613664802,-0.290390626633263,-0.363308605558575,-0.377806986088729,-0.352328974112259,0.0303528736660627,-0.327642800237108,-0.0326242653083547,-0.214467516245162,0.157142815942171,0.113661097581081,-0.38842243534795,-0.328152202806525,-0.311001750451959,0.728346487032391,0.0166748215262627,0.0280535450825946
0.175952648511767,0.710078288830275,0.848719603336368,0.272668178578019,0.0179509440484533,0.558659325309721,0.638135482561805,0.625570156778787,0.34406618560862,1,-0.0307359238410699,0.577911818775882,0.706094098521126,0.181989592119793,0.180099772178999,0.234992076933379,0.0600883200069745,0.130396891897007,0.0956291503079916,0.0398782507737862,0.0618279990921301,-0.0793485117932939,0.352119718642061,0.0767601019402775,-0.106015355580565,0.294972164097594,-0.109286742109771,0.585496828291929,-0.139234385778175,-0.0389851034079116,0.276724304528389,0.23944094327502,-0.194830504950105,-0.166646646700661,-0.291147886222551,-0.186263117814003,0.167846584071333,-0.0146502090576287,-0.12717541145615,0.0571697176092098,0.0116466828683858,0.233056234379332,-0.00311539076872611,-0.126306760200112,0.0680705560733406,-0.148705300461086,0.101953893777092,-0.196525021099704,-0.288125087023424,-0.40141555022261,-0.330163273956799,-0.304903318795781,-0.362235603796031,-0.0341475479867319,-0.347622246717354,-0.270436201279302,-0.3068370280505,0.152067227960877,0.14600422483281,-0.154541379850152,-0.176068784775642,-0.0672696741504622,-0.186587865530406,-0.0780453139495386,0.206399092591275,-0.310436698859447,-0.50409926939085,-0.0562542854738745,-0.0961044405108536,-0.240642966900086,-0.289053199968027,0.0593231052810326,-0.139623568218297,0.0691738796868019,-0.428804412706354,-0.327203295367216,-0.361434742030075,-0.101640007486985,-0.161466572790711,-0.124928541230527,-0.0310049151798107,-0.234350514189513,0.299887644097338,0.288906047621432,0.612692823326313,0.226099840900031,0.704706370408921,0.636613249010058,0.0967969006151533,0.442281594944747,0.184698968874577,0.807631339896465,0.195785792153157,0.590335860840346,-0.000106879870350379,-0.00255760624017165,0.208671459222198,0.158219226503883,0.0306084402453749,0.198858074957015,0.0966768470850814,0.00742373006819069,0.15074413119164,0.0891068379085521,0.138280738102955,-0.115494149374771,-0.0645158069054423,0.0605543674420201,-0.0381991005245437,-0.0771888178463961,-0.127986986178225,-0.174093789957331,-0.011343919939554,-0.000884366045566793,-0.290947381158869,-0.179157623605629,0.294013271338308,-0.074492337352893,0.142558524025625,-0.345014290514157,-0.0786980911848839,0.0277154281869006,-0.0251104519218248,-0.0849538901775614,0.160835880834003,0.0553607879639607,-0.0587933648222035,0.0400923004891837,0.0284401250751446,0.103759561827858,-0.132961142462907,-0.031854585394787,-0.0315557499484171,-0.133669230027871,-0.508717108423259,-0.0664870498101465,-0.317198422762838,-0.11198223075158,-0.139400765275743,-0.25594419949977,0.119827460717152,-0.292635642005737,-0.273200656764847,0.194723222926712,0.204924947618895,-0.256936370600579,0.11405288555636,-0.282642254746105,-0.458777218488545,-0.279283699933794,-0.280225021588619,-0.108020268992738,-0.206510603151269,-0.265826532880337,-0.167980743636536,0.0450393386435659,-0.169380273856302,0.259410103131011,0.215910243200666,-0.103489782170215,-0.3807195498512,-0.420604798748875,0.0916199583918677,-0.0624985240627349,0.182580776581421
0.757009364637888,0.264041175183966,-0.160692629161176,0.776016149826755,0.79459849054812,0.00860018440305536,0.434111307595843,-0.324669206767252,0.672590340369842,-0.0307359238410699,1,0.454138299111231,0.364447885663908,-0.174003999127327,-0.243725142067824,-0.0512717497701111,-0.108167193054522,0.061981013272073,0.279520705120395,0.479471623840995,-0.152847737035197,0.138375826299407,0.334981853796633,-0.227206426289391,0.128977683329618,0.0815632808989914,-0.514358383663211,0.496022605446958,-0.521871825062448,-0.434533707320882,-0.247040705606853,0.306905832390851,-0.322282734611571,-0.104027010789145,-0.292930211276867,-0.276857178758201,-0.144687000654253,-0.421325588292642,-0.382136109400713,-0.350536342325188,-0.0575025706307174,-0.286428366778862,-0.443641420280897,-0.176410726563755,-0.102158859850708,-0.124359232493794,-0.251048284718379,-0.353161907530184,-0.268208497421023,0.0480378783987566,-0.406173466635678,-0.232422744352345,0.278321674072793,0.1760397029492,-0.200853202950837,0.21068851124151,0.289357292979948,0.636731472210593,-0.383178931798267,0.0770170380322183,0.00574234727775104,0.151502295666565,0.0120548074698571,-0.09269177917255,0.269590154853202,0.068017488412217,0.375023065642813,0.0354532196521857,0.490108943845047,0.118174107352207,-0.120464335566727,0.282031155171102,0.1057265927088,0.0067029040735993,0.161720084905196,0.40143113003896,0.360667871155435,0.753673500397508,0.473033129696103,0.238260458242621,0.392929158166223,0.187378072296861,-0.0560297554131775,0.450154636586029,0.508825719487342,0.804641222206702,-0.0856825441133732,-0.0969819820785246,0.769424971544912,0.613202979976811,0.668718628211166,0.115425401919375,0.824619238035867,0.610084128495341,-0.22012488444306,-0.178251832441438,0.176787256099841,-0.0143837596533406,0.0173436141363861,0.230117340781957,0.305383630855301,-0.281370828132596,-0.00545264824396115,0.48500743632422,-0.192156197399665,0.0945849018854551,0.213581211127927,0.20300357755199,-0.365126804486612,0.133656771715362,0.0668290936015644,-0.442484285038673,0.332602284395048,-0.0619592325954697,-0.648883150372288,-0.398774947027216,0.0128787375553299,-0.345480994728354,0.0723992017754191,-0.478051493463842,-0.398468137615435,-0.205003599796494,0.098645549963902,-0.418708692170348,0.324583869954635,-0.337152178752448,-0.495927126424828,-0.124093608695307,-0.367392539533485,-0.0311901924970421,-0.219507452418733,0.0284157200749377,-0.454663744876735,-0.571156406693496,-0.265979978459719,-0.184422055711126,-0.163733064487514,-0.490749300936508,-0.562854920414484,-0.320557005856119,-0.382659986879368,-0.499378970761325,-0.271535500163331,0.766652911390623,-0.269657435826242,-0.434699936457767,-0.0939536579425502,-0.375010801515528,0.38154155900381,-0.279990022147436,0.0147418464839101,-0.171791468673082,0.0656492103498777,0.12457516775046,-0.187697333077187,-0.307000864137611,-0.326796786033974,0.162449977978246,-0.124145855647062,-0.230807926177016,-0.146870032516632,-0.0195702693063042,0.818317439051331,0.335747437351017,0.224040493507118
0.65149528255433,0.801379983326421,0.557334057157763,0.770832338075073,0.437545916530057,0.726517055659209,0.472380273121263,0.462260023680697,0.802020259513304,0.577911818775882,0.454138299111231,1,0.863613044029453,0.0930861013047206,0.0681622928029969,0.12559336108134,0.0721974415273754,0.000432218539871565,0.189461490578407,0.221807039365116,-0.0274850000686419,0.0128653803728793,0.393088709140269,-0.129619973024516,-0.196635398642453,0.202691497668189,-0.384075139167185,0.691142291333638,-0.303008787925448,-0.224982104626744,0.132582554230883,0.228022846097387,-0.406605974218403,-0.265875266156552,-0.185435028439889,-0.293883813766125,0.0795279308233984,-0.260035951166914,-0.109133060937586,0.00355317438503164,0.308309465419387,0.181166596535115,-0.143612677984546,-0.0476282790462811,0.152023779365322,-0.0490694885044846,-0.047839947995243,-0.348008312276105,-0.322121315931273,-0.247267507581074,-0.34323865970722,-0.211708445725562,-0.182862990985251,0.216731409150059,-0.124236958697446,-0.0340250989142356,-0.116907864904514,0.490607072426543,-0.0591259379282755,-0.0470843984780044,-0.272951075934217,0.0235472687128062,-0.239079924728087,-0.0281967422558107,0.253978090855812,-0.315368743571536,-0.372597755693999,-0.213129172335511,-0.0167975258988673,-0.116305149714298,-0.0997494655539235,-0.0206676772233399,-0.282089815480508,0.275318301576526,-0.031970437593986,-0.137987970011634,-0.28112629014581,0.253701581254948,-0.0729821876297196,-0.134011356339136,-0.116382977062943,-0.213783949595036,0.15058901139727,0.402478786808428,0.853514620168933,0.629136647545851,0.394830675076521,0.65755181528175,0.555773251536772,0.840883735395666,0.544297054537885,0.531189447665171,0.70276852437824,0.780507157705687,-0.0326672539836155,-0.173321711681547,0.219962884610521,0.00677808074715475,0.120854754775335,0.334139649926377,0.237043908502301,0.0323916476247999,0.00194478953686629,0.292076543277467,-0.0914086642196796,-0.293138344350475,-0.153614121208377,0.021586647953024,-0.33803309616862,-0.100639048993211,-0.303336162082023,-0.551056224855087,0.00675250114251581,-0.110993401311147,-0.505401961387332,-0.549101944962384,0.135358354122806,-0.429743743655209,-0.179781543483636,-0.409141765782696,-0.295473392616238,0.108687498168332,0.188176113918404,-0.299160502750016,0.248852312964063,-0.230302572367158,-0.225415914908399,0.328086533424146,-0.00949538603804992,0.135263703245816,-0.120327631565902,0.216962769599426,-0.00888373850788898,-0.198394813108714,-0.494672156004303,0.0991705633824989,-0.26339595996999,-0.145433812596226,-0.261910596112787,-0.235984460839732,0.0613080480814895,-0.331112380682645,-0.310751153167496,0.563895788658783,0.111911019388006,-0.311360671239281,0.211031828451824,-0.171484068917208,-0.303992210621818,-0.244843714080216,-0.355619902342116,-0.208144354253904,-0.343729650623835,0.0977031429326685,-0.188080354289988,0.211644914436481,-0.0591536827909109,0.184835476080529,0.184048484316087,-0.21822940545977,-0.282487935347886,-0.270219217302692,0.443544905747151,-0.0392776873193271,0.116572901334191
0.597074802421655,0.884974577019695,0.686500700517246,0.660998116494237,0.254865274600065,0.673059136437339,0.582595745472319,0.488816663679056,0.666424582912091,0.706094098521126,0.364447885663908,0.863613044029453,1,-0.0700001386795731,-0.0928534396249199,0.174174278816018,-0.00624445461038434,0.0476549934842917,0.153084812895359,0.229705420422567,0.0378237824265867,-0.0414450162477549,0.520110424729838,-0.0762307929575704,-0.0811975723658021,0.225901664590841,-0.301664041107555,0.819819294436094,-0.275736363543742,-0.208246621065719,0.196506623889487,0.263299367543217,-0.283982874658473,-0.19678561937188,-0.242543607879964,-0.353521963069749,0.0391840185192791,-0.238718127608947,-0.199960531836561,-0.0431621407348887,0.227686671217926,0.130319055150798,-0.142385976377402,-0.0584049526067452,0.115487368713527,-0.172317341824245,-0.0622319501106542,-0.424204184481716,-0.359891595056153,-0.348762563800863,-0.40675312320037,-0.348802678702701,-0.270174553489444,0.15036838974488,-0.291367353750743,-0.111694941285938,-0.116081622455624,0.410520214381915,-0.0391664325851802,0.0153811998266985,-0.18816350559346,-0.0135373792863691,-0.150164638780611,0.0107618091335312,0.198348087578624,-0.269701972438549,-0.398744905871402,-0.0978288891160203,0.067968201620769,-0.0867497862479418,-0.118564408918999,0.176020107734702,-0.191187989404562,0.312754628350623,-0.177237643422892,-0.157788767032042,-0.225524096999396,0.181688079487931,-0.0342979324679608,-0.0373806595097611,0.0204068314688492,-0.288648466387409,0.169209493078049,0.481371686068213,0.856037186263704,0.611080574564133,0.531686013779228,0.659085207483872,0.36826431043021,0.77733839615989,0.432796798340012,0.592538897004843,0.588989110314356,0.898468004168756,-0.206685095694567,-0.260246525225666,0.205682101216718,0.0627467171668911,-0.0101207923744728,0.241900334835129,0.176373272081227,0.0157305302914101,0.0239643182883482,0.229102690119595,-0.0876536694418978,-0.138110151331849,-0.0897546177481407,0.0592540801029699,-0.312798282383461,-0.01068649138132,-0.212898282289551,-0.385745856039357,-0.0202579712733874,-0.071301625247276,-0.523210061356248,-0.421506128156198,0.22778660377973,-0.221586134237292,-0.0357690686088013,-0.437462038617434,-0.284362777742887,0.0281250151215799,0.0788179206609626,-0.308411542771789,0.163950606096206,-0.288378796284131,-0.343105487304374,0.217132755270594,-0.0871979021979106,0.0867369936518022,-0.169256269165908,0.179621808037729,-0.119022883554662,-0.274618622015386,-0.55276490321054,-0.0435789077308551,-0.405937330618583,-0.319609496308964,-0.369008088628435,-0.392749789616115,0.0925583240749626,-0.442499366266213,-0.461329148922659,0.512143496543925,0.151147773295799,-0.281189294232743,0.221901666981199,-0.268630734930404,-0.373495956499074,-0.341526564342432,-0.349113579627254,-0.215042943294787,-0.283757330185993,-0.0908372921664312,-0.224533829210867,0.0609353515372487,-0.118571809761724,0.336804504226045,0.280347913184891,-0.226383689770658,-0.364040122667788,-0.340134702450218,0.379551711930388,0.0181732957366441,0.180820490013445
