1,0.567937409384312,0.255922726850645,0.561612238386694,0.664105225755867,0.070898348357994,0.0792359737264955,-0.1134744328342,0.485551960437791,0.417728349602914,0.519647612585804,0.549281709560078,0.59051780178523,-0.159549007820018,-0.189580628316453,-0.0645085006324079,-0.287820112194673,-0.300853128202912,-0.440910131177275,-0.403447008882456,-0.3740026199753,-0.281764716016879,-0.28692002549313,-0.396935793859479,-0.5128804056399,0.11722629574653,-0.118484049498414,0.0771235227474678,-0.309031412304545,-0.25665152745498,-0.241810418281048,0.176159811118267,0.0368474936361737,-0.418237672907341,-0.34033575339397,-0.147263517563933,-0.155013467973799,-0.302154859770757,-0.358208172560686,-0.199302588493876,-0.211219984627902,-0.227645419411218,-0.426708140129328,-0.245354659235404,-0.302175108831516,0.385029157440439,-0.434836720615826,-0.185025225875724,-0.193755165186733,-0.273474583465668,-0.359593224247063,-0.250870296518908,-0.338868774314538,-0.144320075579041,-0.240935498571394,-0.0322836716422044,-0.0206510829636972,0.523595332583547,-0.0147876523237144,-0.0478180929874038,-0.375000159446234,-0.0136353530342647,-0.141600121727721,-0.208831093085367,0.0295665199377719,-0.0797726640466452,0.00924851772857985,-0.255243994682404,0.192485375299834,-0.222046511676673,-0.175071660422205,-0.0381580642758861,0.0050991734604975,-0.0590858742263511,-0.19861805666657,-0.31009239008743,0.077645939480412,0.565446834272241,0.262905706374177,0.0309049956210727,0.202455895970625,0.444670883947084,0.3770438063343,0.676665380845512,0.775240921464167,0.596322540955048,0.222148418827364,0.254479066485458,0.616187467620705,0.442208249994965,0.554923805435939,0.675333251201852,0.524405596494929,0.703938695327356,-0.106122123158117,-0.186098554338324,-0.0610023633735618,-0.225189212314515,-0.149021710275798,-0.189878905637113,-0.314569394867959,-0.28418302486063,-0.196169041106321,-0.294638824652955,-0.392489118884174,-0.347029230288238,-0.227653674671471,-0.280788536885622,-0.307302623570792,-0.335427277070848,-0.514806690838396,0.103541579820279,0.0916548734029043,-0.233147361059892,-0.445118926637671,-0.278940753694224,-0.186880735980883,0.483790929138452,-0.262164085058939,0.0248193813855063,-0.225042642147788,0.00133759486432793,-0.0313906636459597,-0.205570533505736,-0.193991268697593,-0.0840329686410037,-0.176342896054692,-0.0906536197696738,-0.302013619679818,-0.308432111561747,0.236085229171632,-0.198160707890045,-0.281931684169213,-0.257691285741466,-0.00635949320076369,-0.166816496773072,-0.319837830827673,0.0531274403584917,-0.153110055968093,0.085062641411559,-0.0635303715694434,0.0603566054368347,-0.162857001990231,0.337919695262355,-0.128445007438776,0.0227181660172903,-0.0542237793136208,-0.140204985539103,0.433059298993944,-0.0690083016977801,-0.109682213155022,-0.0209940968953052,-0.0699252304356013,0.0736898237753944,-0.105919240285912,-0.216338024286613,-0.296704559852543,0.0942398799935685,0.0407539809879261,0.16591388316137,0.1865143933926,0.0668260017486708,0.481623335464773,0.246939952090103,0.344349122946133
0.567937409384312,1,0.199924166867367,0.383402802612435,0.309704711581011,0.506352765530397,0.0231254411956317,0.332667855341231,0.430535268646935,0.648505873870435,0.260422772623876,0.658611303256806,0.72797575460224,-0.240576697548089,-0.296330025030691,-0.175790201764758,-0.422933894367654,-0.31270245692868,-0.531618172068761,-0.571860931515496,-0.460403426691722,-0.448582938089527,-0.423797060183707,-0.416179052393622,-0.425804234877151,-0.111206698964017,-0.14302811955571,0.0875186324102181,-0.428322466080397,-0.437394754399737,-0.370876532421121,0.246973181432829,-0.0759516134100217,-0.371472269435948,-0.279484211307186,-0.382741927913655,-0.423333825344026,-0.419559922363897,-0.359142998879114,-0.40318763410198,-0.24897180230449,-0.389900789629744,-0.446362091665028,-0.00119099344785537,-0.273234033120523,0.165667040322397,-0.288489946609804,-0.317973573220799,0.0311082021852445,-0.172030816503708,-0.437500730513533,-0.266955180448658,-0.123905877022916,0.034370108174596,-0.177091024955566,-0.221997299186807,-0.154180091050946,0.377568542516054,-0.0810719199605142,-0.411976720751764,-0.462346097617088,-0.150980380892548,-0.244042256786338,-0.340776260971803,-0.126997935852447,-0.0918427053778481,0.0726927970423112,-0.12935985987674,0.110989889370832,-0.228321717815195,-0.118948796054834,-0.0532317590414957,0.0313864119913347,0.0153335715589041,-0.0527839596513365,-0.0361793833629782,0.306103539258203,0.456639413444225,0.127171731686813,-0.0306900027712101,0.17910112629548,0.261001954645959,0.0883373227921632,0.286588651892117,0.820492248792701,0.462808614938251,0.0803227559030957,0.712157182590748,0.238894181426278,0.490339103095843,0.319608063891866,0.702322668512815,0.550042649131025,0.606549923990725,-0.255716570472453,-0.412983453473433,-0.0643124811269958,-0.383796022490594,-0.318307195330276,-0.494425833998359,-0.460246590449303,-0.386486800292937,-0.366862516376823,-0.407204165815035,-0.39913245323666,-0.51890036326729,-0.370535266577658,-0.429084470221011,-0.318687316052643,-0.237814532126343,-0.338752952115611,-0.0155283516292422,-0.129250735966312,-0.471596796454879,-0.495381007648191,-0.421979511581629,-0.240870601156265,0.33321943427929,-0.224275105183394,0.207370300981476,-0.380835039223547,-0.0228812325251447,-0.434224322841222,-0.363940191569802,-0.401518735030131,-0.332848163808662,-0.492950646112047,-0.076271071968011,-0.461033484476175,-0.235033767428871,0.0839306248028091,-0.0225867076973787,-0.136828849215431,-0.036659338800886,0.15722499306797,0.0288157501560407,-0.0909873689599053,0.31151329976745,0.0333425825016951,-0.0360802771195878,0.150625735383699,0.119940891635298,0.185773725173668,0.233517765490576,-0.0972491459000376,-0.272365003906319,0.122697063949577,0.194054363601697,0.258373623089682,0.180436204241264,0.219841933350481,-0.186188974223972,0.0687029274326715,-0.119157085638561,-0.0158676538123726,-0.195327423600357,0.100174412242648,0.151226148417952,0.0592407592168794,0.276483794661157,0.333148020365101,0.405899509686489,0.299983519189619,0.230247207079417,0.314074947674154
0.255922726850645,0.199924166867367,1,-0.173178263701901,0.0963492044924632,-0.149144741367709,0.741229559183196,-0.0802314239914813,-0.252920645759563,0.580811565930294,-0.296058611788763,-0.142211708672246,0.180196752254666,-0.523335699269458,-0.460396726699104,-0.383188204476614,-0.404766398899003,-0.140142113054624,-0.256378571972094,-0.0122660850248992,-0.223346622874976,-0.205248077239066,0.0106252460676434,-0.183449975570238,-0.0229009395495193,0.668381027897327,0.613207359281796,0.350180732237784,0.203938305331428,0.0517290747698364,0.319883904427194,0.247838625821684,0.368414394258194,0.142892188736616,0.100469366379398,0.256304478602283,-0.467335803520972,-0.00816127633903034,-0.261057809294717,-0.318790753698496,-0.352115145126345,-0.259335188512409,-0.160437604744804,-0.579795401341199,-0.388406292133872,0.0862321938819793,-0.286785119285683,-0.0775510673616352,-0.180323836366038,0.0142603270722906,0.0870206986406315,-0.036114282570729,-0.0950771514807983,-0.359432249000395,0.00200506705344524,0.37317937428656,0.00292454446611196,-0.0736864851366985,-0.0561090703826532,-0.312561476722976,-0.0519217845763114,0.260849478795035,0.013908236164835,0.0236060673176018,0.463724360233099,0.0677294715562995,0.271105310597257,-0.422223418229728,0.134484710342373,-0.0553787241686404,-0.120269969753916,-0.422133249691738,0.161451424183076,-0.554831560988768,-0.144233678055269,-0.316770390600861,0.338862517210177,0.190240196962931,0.256692481020973,0.0878845628866689,0.175634665797192,0.581802930382965,0.583255959389401,0.453663933417439,0.126525468951292,-0.160209697158934,0.816458177181591,-0.0664818645780809,0.0212892097164598,-0.27250970193474,-0.179135324954724,0.640771098492088,-0.179633521113969,0.415478139527407,-0.262214071604017,-0.290709460625914,-0.232853918574853,-0.309248583536692,-0.328284887744201,-0.327630424466333,-0.208580801099973,-0.273302947468803,-0.0578127312569457,-0.130893828585076,-0.133930869701646,-0.0513771872670277,-0.0753412187675603,0.0154354263296728,-0.197383099450155,-0.112911490181715,-0.115260071463966,0.39245074876359,0.515714465701485,-0.0911537163079215,-0.23322325337282,-0.0655425521155527,-0.203372504009616,0.380151053051776,-0.246182349851139,-0.173683935157977,-0.245089382843363,-0.0314366431680454,-0.286709300116738,-0.186949439676357,-0.0638838205803241,-0.318886764338211,-0.313548117337544,-0.431042428176463,-0.289872705847782,-0.375519362842682,-0.130624035560154,-0.471512711334427,-0.429887289790792,-0.408917780569289,-0.139440083761745,-0.400040721962471,-0.157671662024643,-0.349616872433006,-0.404561239132549,0.191234982849127,-0.517106947848909,-0.148706913622779,-0.247976950194515,-0.102089217137383,-0.291372507854074,-0.481693295118451,-0.488191827196002,-0.424042093608492,0.391155915384393,-0.110258850216808,-0.0979285214261842,0.158973282520796,0.143269707537552,-0.0453379469450009,-0.189132457929645,-0.152711932158249,-0.224723724658531,-0.256678927248677,-0.467373805027426,0.110655364038088,-0.197880496426459,-0.0539700080230634,0.118696362964082,0.100017322855831,-0.00743796651472253
0.561612238386694,0.383402802612435,-0.173178263701901,1,0.76833424656305,0.368311080907813,-0.129023505914045,0.070519489722451,0.932834690817551,-0.021655204464367,0.857154182152482,0.753877578625648,0.39976763152646,0.0150973089289497,0.188908469341032,0.0437454705035592,0.105434019672631,0.176425775686498,-0.187261323818176,-0.326673800715434,-0.118978938025511,-0.0312725731810513,0.15586900345569,0.135333418650832,-0.213192062009857,-0.356458206095844,-0.0691085856149975,-0.0369585180307733,-0.0320749984949298,0.117759993161336,0.0326658974850995,0.167926679168234,0.281765453386356,-0.445135800840891,-0.0387156386560968,-0.152871823029178,0.105194024813976,0.143252519753755,-0.103807793809393,0.172680864701199,0.148091718906324,0.0328574306013187,-0.173519784525613,0.0653134169264414,0.128337450865637,0.476595049350213,-0.02093180530026,-0.292377971746702,-0.427065991864877,-0.304366318434324,-0.120661367221482,-0.486525331258094,-0.372671722810525,-0.205404675465536,-0.257864290466847,-0.225585631260003,-0.470768665315311,0.516747806582129,0.0798868864720514,0.124764018860395,-0.576476420760308,-0.461652182282513,-0.566138888692363,-0.661691171230485,-0.0605725865496864,-0.416448255701522,-0.481604984193265,-0.052639405041765,-0.088182202165028,-0.518449259542472,-0.499662033942365,0.120108454008343,-0.448297868500645,0.332154419174564,-0.448912667399808,-0.220177103171266,-0.293007924095371,0.590928737650461,-0.183569321077159,-0.346794249875021,-0.197821924950935,-0.00918177086097633,-0.0607161937558564,0.304660083990237,0.553494857653364,0.894518075035684,-0.116920906011088,0.492336041406245,0.713135092663356,0.856577448935628,0.855859841419365,0.235029741025281,0.855379495880024,0.499924968039518,-0.0133138363878025,-0.282000857644741,-0.00256405772709611,0.176315325658713,-0.043395203609386,0.208466036550461,-0.25455842855701,-0.0530003620604872,0.0528453467517869,-0.14050405570473,-0.188086192074359,-0.445911466563965,0.317882341313506,-0.0387331682755001,0.117233914539682,0.159384096260846,-0.280826219001474,-0.165988115509117,0.00741126336723127,0.0508028306143132,0.0754129255314798,0.167218808592762,0.231110931229668,0.419498507142848,0.198513634392796,0.41043257785282,-0.0500398959936644,-0.167009156762516,-0.146980081489985,0.224572603346188,-0.0799822142808249,-0.0887488266566457,0.0577025560797566,0.334488429333123,0.0833097681608651,0.151358038116053,0.679378758503825,0.155928807825871,-0.181799295950888,-0.198271187543513,0.0456815371181705,0.0901228326249042,-0.333180562393085,-0.00452447368802486,0.0326273747809444,-0.168657641184446,0.293987515087207,0.33108324954539,-0.236695723394432,0.488560657433359,0.0529738358180158,0.32995255739257,0.177162167417647,-0.0962563752306913,0.0186902352127897,-0.282127230197305,-0.181459505618451,-0.506513390656963,-0.375963073409464,-0.30049690738123,-0.390688398568311,-0.574507960962345,-0.436067330852714,0.178700746594816,0.17082925255333,-0.196619079695165,0.346910624388892,0.0933594769405651,0.505885839158339,-0.00418939439525868,0.30018696704746
0.664105225755867,0.309704711581011,0.0963492044924632,0.76833424656305,1,0.147163729552788,-0.0150295584219782,-0.124992397796875,0.744475981525651,0.0288691523885373,0.694066328302642,0.583604797598593,0.384799946159368,-0.0354389464470483,0.093217576186277,-0.0180276116272152,0.102237455994278,-0.0128729018880724,-0.117282992827052,-0.25958376677816,-0.0787885575220785,0.0175694548572967,0.026431866837911,-0.0141282116703507,-0.180425278648937,-0.0281148458181279,0.0491028847072991,0.105878436691511,-0.0325179685104177,0.0376117372461908,0.0580361217238714,0.0716593054077058,0.19523181411106,-0.410042157397986,-0.030383039984253,0.0567191707729971,-0.0850130993985319,-0.00575466551478405,-0.230015965141458,0.0329710611293071,0.0385526898736344,0.0261853918221772,-0.21585366761448,-0.228796677607834,0.0436683374972228,0.351252390857106,-0.129132571095707,-0.153711926718283,-0.371823782615314,-0.186437912806336,-0.0502592617985851,-0.345045585192465,-0.375728618903057,-0.297671552375865,-0.236079936568171,-0.0261706625511497,-0.3218703145445,0.386203719526318,-0.0164781407766754,0.106679314026935,-0.377628278295036,-0.228255649845593,-0.349883475644364,-0.473514695857629,-0.0640558584391337,-0.366811420801247,-0.29471742862489,-0.15967787165212,0.163500173785775,-0.406276480328406,-0.386680744967997,-0.054223127457906,-0.259275688540726,0.101880424103106,-0.342059563805335,-0.251343156865672,-0.199507993493635,0.50804222115809,-0.0338014356736049,-0.196145212317736,-0.132471393779823,0.307133717489148,0.235439261105937,0.515268467321882,0.515135966472164,0.750003056441734,0.0851046003815995,0.2777451194788,0.79406318885082,0.646413318321013,0.723690852173406,0.307947614833841,0.666315262853986,0.548256054767624,-0.0387453165947784,-0.254367508035976,-0.0210177555182149,0.047516681905122,0.108282957830939,0.0972187614784418,-0.134827649708399,-0.0566588628467156,0.00233556147400514,-0.157532204163552,-0.188840983242114,-0.317113901128677,0.10833283001078,-0.101755391996888,-0.0319578957444912,0.100535429201431,-0.20744459159002,0.0747362381772392,0.0819293615333736,-0.0420035238630796,0.0208151573431675,0.0391978580758304,0.127996884639299,0.370424399847831,0.0115753317270727,0.303785802307051,-0.00723016586583301,-0.156338595380979,-0.0776278993873507,0.0458360105800379,-0.123130252330523,-0.0930133414014996,0.110288694290808,0.149466226636924,0.00545456746089948,0.0803970840075692,0.48684011144806,-0.0170523277648102,-0.334105130902604,-0.221361584539691,0.128639774107653,-0.0667382985256797,-0.298652473798451,-0.238419270308693,-0.0955496611619109,0.0823280002729063,0.0103024840916126,0.253889676517712,-0.316238896471988,0.274025414053409,-0.123073812550918,0.189542299025051,0.00536231063391161,-0.229369474354717,0.119816428952158,-0.356355791946771,-0.113140893972819,-0.292034259232607,-0.272880038056891,-0.133040908162988,-0.344514544635478,-0.4915975414403,-0.530527501527702,0.0391502128500279,0.109451206665689,-0.116910957543259,0.24754474399827,0.014858044317861,0.41057327783565,0.0160895996172066,0.114891958154959
0.070898348357994,0.506352765530397,-0.149144741367709,0.368311080907813,0.147163729552788,1,0.0401276683758961,0.728061431761535,0.49327034032262,0.230534826191494,0.330063214701209,0.493304582870368,0.174272747419567,-0.046702084598362,0.122807075919956,0.191350488948188,0.0681692640289378,0.294183527616647,-0.178447135061192,-0.108994463961278,-0.0840753454999422,-0.136683817366758,0.0661156401636873,0.136785908474439,0.0244199630361471,-0.454148764113418,-0.0185129717866924,-0.168478720717444,-0.146430207213115,-0.081163831204074,-0.0376478474246716,0.0491992052106632,0.0972397541416191,-0.0909003646026442,-0.0316484175257199,-0.318926148032787,-0.0979331042376749,0.0790080069817689,-0.103810688475726,0.0435523828659266,0.0764106693291343,-0.00749182344981923,-0.0367446260865626,0.201880119567474,0.179237217519092,0.0728994053507155,0.188554520326887,-0.308438094832652,-0.0539971452045831,-0.170076883215315,-0.282046683353802,-0.291312606105129,-0.0245721434478192,0.13242809805037,-0.146910459172812,-0.342452629344721,-0.373955754805063,0.184797878922652,-0.168872937328248,-0.184817987203903,-0.449648115288487,-0.440865213095175,-0.477670671297415,-0.456655642614937,-0.171972373318861,-0.415263872110702,-0.259238317418173,0.145066632660554,0.0143441846485127,-0.33185865523666,-0.273031684263651,0.128289209974459,-0.276076268706219,0.269694788092158,-0.0167551540464382,-0.0150056566846714,0.00871995943742297,0.29901314897177,-0.234387457413116,-0.260144013241482,-0.265630794827362,-0.0454873410304078,-0.342535158527145,-0.0865642737395532,0.371679662820793,0.393694634273615,-0.139340896047623,0.895658977097529,0.158524214634368,0.51972473156886,0.420354670420183,0.252783987294022,0.52079066310423,0.163050378352837,0.000105529138876511,-0.335112553328311,-0.0501681727941369,0.160744782099445,-0.0845159382137608,-0.126424891266195,-0.167073277603564,0.06844030638136,-0.0838261543880453,0.0356531890371149,0.0308228810867836,-0.379128379365775,0.0699144256602381,0.0593377913847394,0.184823225098042,0.209376533082951,0.0774532442561725,-0.466741241913629,-0.151550861490787,-0.183281187823625,-0.104724100903828,0.0097319117200476,-0.116273078845499,-0.113904679392131,0.198604566638686,0.319607728632315,-0.154289914925558,-0.345173235652496,-0.40467362956841,0.117994201566791,-0.0439011778607507,-0.32444748064311,-0.103961013984977,0.18316735801022,0.0479958494630425,0.297146605462106,0.239398158139933,0.353880137218762,-0.028081052617317,-0.0189410298035441,0.032263623746437,0.28568867099281,-0.000470193477667656,0.120515701395146,0.0948100213673079,-0.341246135573098,0.280364281263299,0.127791102075688,-0.0168013168068194,0.0911255459273688,-0.0958143332170235,0.141366662246704,0.246309271127105,0.176639877010383,-0.204450606691171,-0.0859227198590135,0.0578606974140796,-0.451704250022317,-0.250142913025075,-0.575804807612473,-0.328837676789686,-0.400756976535296,0.0187660004190815,0.0840486734844427,0.0701115841489985,-0.158782199450906,0.180504211254039,0.163650146768116,0.0834204752434523,-0.147961031650473,-0.0759134932915382
0.0792359737264955,0.0231254411956317,0.741229559183196,-0.129023505914045,-0.0150295584219782,0.0401276683758961,1,0.180193925089017,-0.224669365987513,0.435461897398055,-0.134334334510623,-0.192298145239923,-0.0758875719332348,-0.308298688537283,0.0191561636275744,-0.0713145884785464,-0.00991885643999934,0.358219043284439,0.142901375073754,0.255347248778749,0.00746645143469719,0.0180723381148406,0.411632880787189,0.233339098695619,0.215068182010505,0.297809350828476,0.609453256551681,0.064628171546557,0.408786722119039,0.377508508230328,0.444219382256366,0.130647549941601,0.682233990351119,0.204576114162482,0.169990419263808,0.137955485826058,-0.112351016334524,0.403993672668282,-0.072753880934295,0.0898981651851906,-0.132618831919912,0.114959455826191,0.137013384219521,-0.289328661984596,-0.123438324516549,0.148540113606045,-0.106002610704204,-0.207578272081138,-0.325545605431197,-0.179813552848564,0.119228983320598,-0.103202264347339,-0.131091363305944,-0.151083638007882,-0.0160171792287842,0.229110550581678,-0.205522955850794,-0.157603510795691,-0.0787478610318691,-0.174965155129425,-0.197852513147641,0.00520921698208822,-0.181400100164379,-0.000188061771257377,0.424217986276577,-0.237529390702496,-0.0528030129880981,-0.24284523654726,0.139450519939757,-0.204362303580982,-0.344105962936145,-0.159559023741044,-0.156289857374507,-0.238747005993202,-0.327384949141036,-0.393431035448562,-0.0168872621461744,0.0471441320350834,-0.0547471660458139,-0.167611533992239,-0.196708909742759,0.315713376799623,0.150864507188667,0.213136001689,-0.0256691313366272,-0.157066858095349,0.786569406624383,0.0175660182352377,-0.0754251247217139,-0.288965515372429,-0.194356761779288,0.460368802587395,-0.146801122899948,0.110245614472977,0.119150468133406,0.0799478931028641,-0.143058554598584,0.0950526528395498,-0.189099832220619,0.0823637307492156,0.227418612184962,-0.0371553859961626,0.299335178184623,0.161910252265683,0.121947300657933,0.221771333483718,0.25292877449157,0.441360777372746,0.214409226431108,0.155356624016124,0.0683254808280905,-0.0430574940989794,0.412451948805625,0.247168348698581,-0.114153216672631,0.281664292574521,-0.234824158028097,0.13252224637224,0.158960123803398,-0.148702447239427,-0.153000528521615,-0.366784707677417,-0.156272860629818,0.213012263171938,0.298911976074734,-0.22891570124761,0.0459079075954162,-0.295943165712279,0.0857290515243763,-0.09067325193317,0.0680951107187956,-0.261107589469788,-0.274085242485097,-0.572078806637575,-0.427981537858633,-0.318827994804959,-0.205799760997781,-0.356851446053292,-0.325476012007127,-0.285741099694296,-0.285964841300129,-0.170749402282939,-0.464229251631987,-0.159736955431564,-0.244390059567802,-0.256584970410302,-0.302866288085238,-0.44462217307703,0.0958352260060411,-0.27913431091998,-0.233497438738837,-0.0153883047470456,-0.0255094204339293,-0.325364159151039,-0.305505302414276,-0.178782874954743,-0.321267690677406,-0.194457127998544,-0.317366809669919,-0.166618684252925,-0.230701382513329,-0.237821613931289,0.00979896360228702,-0.143099554039902,-0.206317953779438
-0.1134744328342,0.332667855341231,-0.0802314239914813,0.070519489722451,-0.124992397796875,0.728061431761535,0.180193925089017,1,0.162548694975467,0.396930428429699,0.1663840710095,0.2723233654679,0.163093764245735,0.122855829615444,0.178230600865722,0.142483815413082,-0.0348937467161661,0.247312797305658,-0.0407038617883527,-0.10051859499316,-0.191957847273858,-0.286258766426591,-0.0683324699204708,0.00499665081195617,-0.0428928303876477,-0.508538797980359,-0.117779589675122,-0.242743228770943,-0.154802526111316,-0.152588797245426,-0.181483373444394,-0.069388009082981,-0.0077322129257743,0.00270785906345759,-0.102907721732247,-0.417232459934239,-0.0944337597019168,-0.0301100858977824,-0.0865151640364182,-0.0562948378916166,-0.0269692730077457,-0.0953890184774381,-0.0614406864161697,0.386538047471029,0.0096588684884488,-0.124420807880512,0.0522509090279142,-0.300407096299947,-0.0295363718363574,-0.18107931105231,-0.284374854793719,-0.201083646134179,-0.0900924641149982,0.407670772843844,-0.137139011977925,-0.40854745483066,-0.293261992238003,-0.00801905453224029,-0.139911782539641,-0.036254506846883,-0.302242509910185,-0.367158550018405,-0.364806041421379,-0.196163439519365,-0.275854296591472,-0.345228071741513,-0.187523011841446,0.230850212104498,0.199897569386314,-0.189081136854773,-0.121095092634938,0.361046108764513,-0.115017138384573,0.363663102646946,-0.0199443789283042,0.0383698614866474,0.0864714724392632,0.0236573097414288,-0.184472251618869,-0.0612086663501431,-0.252916198780415,-0.225359141331311,-0.470537642127811,-0.272924793907781,0.214620728398066,0.0765158209072752,-0.11828596659309,0.675075371412075,-0.0193382107275853,0.198203648926988,0.120820897145403,0.226252315402415,0.243077191062041,0.0740475735850152,0.0897133974692624,-0.119449282258732,-0.0281019197494673,0.075279315585078,-0.0971202805524641,-0.0973713309637022,0.00520422908644476,0.042649117807835,-0.0869287718088851,0.00706263598271568,-0.0433926486368986,-0.134876341886354,-0.105497156353179,0.0462011616909077,0.126409232830786,0.0743386977507469,0.0697486196719034,-0.393184007644606,-0.276321325041721,-0.232436061372146,-0.145187096688805,-0.0719288675870927,-0.173202379446937,-0.160610219136187,0.1398137974556,0.25592650769906,-0.209954661963538,-0.159656384346349,-0.218708922415255,-0.00625077271053438,0.0020211775284023,-0.179796208469325,-0.107990704839388,0.0830024057931349,0.00118404088610416,0.155747747207653,0.0342315793380673,0.317727411476921,0.14011824827794,0.0607547861915971,0.0624190545425124,0.354293076650487,0.0511057547901033,0.338204171317411,0.242208999018013,-0.360415170974043,0.457252031935734,0.0905864058330678,0.199185249201849,0.0056135940554789,0.0485506866013422,0.103152199651572,0.434066593890715,0.423620181827985,-0.156693987172775,0.101137098633382,0.151208453659994,-0.277022193321584,-0.108793482564861,-0.390224559085073,-0.0666694054777248,-0.0367593958732646,0.295415583494582,0.372090095740108,0.285889368764315,0.0269063562153408,0.276206791232363,0.273898278171146,-0.0464338266907301,-0.038818378471564,-0.0877218172628887
0.485551960437791,0.430535268646935,-0.252920645759563,0.932834690817551,0.744475981525651,0.49327034032262,-0.224669365987513,0.162548694975467,1,-0.0218756488802942,0.839193575136216,0.810095739353302,0.390987966987736,0.0966642488625395,0.2208684398323,0.12096556264575,0.135936507969592,0.149590821945641,-0.167294499239552,-0.357875739315074,-0.118452971061105,-0.0641217242646092,0.0437786597885545,0.0854758919284875,-0.206377881171225,-0.431466426358074,-0.180745652142074,-0.0820580839611919,-0.165005458673138,0.00867432478212353,-0.0679306640363038,0.14832694874008,0.150975719923953,-0.493207058171591,-0.0822236083806284,-0.240904183515318,0.0864388083445809,0.0328264854557505,-0.152828460013238,0.185320832838645,0.235726570992721,0.0338510273787194,-0.19894785232743,0.131965102140355,0.211810739632715,0.417692977103107,0.0366104202256189,-0.318662365344921,-0.428481745442036,-0.338266875313889,-0.212168831418223,-0.550403581350393,-0.439136800154908,-0.214665123846162,-0.339968914827989,-0.318916403881956,-0.467392004076768,0.465314235636244,-0.00521594901406465,0.0698917204616539,-0.570889195934769,-0.479774637169824,-0.585037032857766,-0.677674949889543,-0.147366500533876,-0.430316236204501,-0.48479770331608,0.0810785374723906,-0.0247500453462158,-0.509042181381271,-0.450459563096835,0.193044890492975,-0.430418982995146,0.436530827816517,-0.405575385658336,-0.183153019040455,-0.268076388851327,0.627291185760624,-0.179350524080744,-0.332886400903935,-0.217033664575584,0.0129883491957122,-0.0796512877971274,0.308215525026463,0.576130707657758,0.931549215224222,-0.233017683384272,0.62345820994122,0.74694095118762,0.959101304488603,0.910848068584744,0.193844705148095,0.915712597562472,0.487970214279571,-0.0300396741550792,-0.338556265770484,0.0416375076285251,0.184783149379826,0.00315272091090953,0.151404359532051,-0.262617130707327,-0.0194467479788279,-0.0141481793745119,-0.177954819395192,-0.195651116624215,-0.532497291217483,0.242813705347222,-0.138504305822664,0.0727884267114692,0.185827396789065,-0.205615376442293,-0.189631168393115,-0.0925790615349166,-0.0776850961860392,0.0430231842622642,0.0882991994120512,0.245288586725184,0.368283118620299,0.207332734564322,0.514061681564448,-0.049587541322684,-0.126620451982442,-0.172303992186042,0.155993498461112,-0.154960438521293,-0.0302028722969007,0.0439396802712077,0.447240878035845,0.0864752014682673,0.270606922282251,0.688869599519637,0.254570748428015,-0.171865741239822,-0.131026066517235,0.163640699728386,0.243188585097966,-0.336898506761457,0.00903870801312949,0.0445118338485366,-0.128165729974899,0.373377047130939,0.362565227522418,-0.171169688933477,0.479178527897797,0.0172778949046015,0.341781290962195,0.329910669941874,0.0250335966400612,0.0282590036138588,-0.240679629609131,-0.104232405545255,-0.533498171330438,-0.367771712835052,-0.282243617375917,-0.39966460771799,-0.541422650764519,-0.342818863548441,0.267352886199555,0.293625229787659,-0.171762284156905,0.446180464842214,0.185514962157307,0.551218392376559,0.0241945516234191,0.312463529915346
0.417728349602914,0.648505873870435,0.580811565930294,-0.021655204464367,0.0288691523885373,0.230534826191494,0.435461897398055,0.396930428429699,-0.0218756488802942,1,-0.0284939387487084,0.366821806813043,0.675368963086527,-0.251237055286659,-0.399293004659348,-0.230039967190636,-0.56123467746412,-0.323273315187308,-0.408057210151019,-0.299647726311854,-0.510887492797049,-0.513068747101863,-0.409028280621096,-0.484622211148406,-0.344153615487454,0.0587156674037237,0.0491799220911606,0.167754248941516,-0.353948648480379,-0.399509334200263,-0.286403927539818,0.221715286362804,0.0664660015080947,-0.0902436651137746,-0.285150930674757,-0.3570596088143,-0.469726083506846,-0.461666849164231,-0.455072550549908,-0.587094858789627,-0.514506061046469,-0.495358947728326,-0.524201043746862,-0.164173435288658,-0.5276079135606,-0.0230481279681647,-0.392567630748747,-0.296420902175397,0.115175052608845,-0.0732276568681304,-0.418178133561854,-0.108387590359032,-0.149490529880592,0.118742279024089,-0.215912337360852,-0.151598463201285,0.0576190344539938,0.204077529336621,-0.134206520422636,-0.477207473658888,-0.194507011413551,0.118080777408312,0.0192889341682973,0.0408298096665622,-0.0301712131229292,0.0824163874386064,0.322820245109967,-0.173038222889347,0.238255100969637,0.0500944240988488,0.0231019399785026,0.012099272585663,0.211094025973972,-0.253245499191235,0.0191256439329914,-0.157685772744576,0.456534074732248,0.223567290104392,0.344381922195754,0.249560551939877,0.324150553363444,0.255628414992135,0.0821886435285199,0.228096768546479,0.575805764254014,0.123352745566792,0.411428312176321,0.406397370854286,0.0125476729656513,0.0567187964850458,-0.055067510476761,0.855748595676012,0.18298924186608,0.564648051453139,-0.291292602467307,-0.278243834143041,-0.212903086189101,-0.488964314787975,-0.407838230235146,-0.553347378937523,-0.293338404472252,-0.433995461312128,-0.355541286970246,-0.309903760716628,-0.356760596985304,-0.317286072786051,-0.449453999517045,-0.346744774112915,-0.391725912693034,-0.30431948148189,-0.320528550767516,-0.0558173890903635,-0.079162571426882,-0.48283120377059,-0.566549116285341,-0.413365321764464,-0.27519448038692,0.338333320075572,-0.379301636598519,-0.0380866679355527,-0.515352227123832,0.019608834578361,-0.387220193511495,-0.523758953248624,-0.254986599616483,-0.345202940549869,-0.555423034486887,-0.389326483692005,-0.591830287261052,-0.440107031037551,-0.186443286187789,-0.230782542095842,-0.271963126107907,-0.10381359429774,0.098833661873193,-0.139616243639093,-0.0902523422059157,0.270101580649538,-0.15095849048955,-0.0550325899605985,-0.0830520505781979,-0.163447752086256,0.223832132415534,0.0813986561239872,-0.0917591435770404,-0.48357582767877,-0.0685185408582774,0.107090607289159,0.388557021945332,0.304202844339673,0.173161941197374,0.113484376242305,0.236003904637405,-0.00955071707725892,0.150079246354452,0.088722647076367,0.187430906871732,0.181937607292537,-0.06781383315604,0.403576886044112,0.0981839163541512,0.325926033486656,0.175171111413687,0.352618373748398,0.246711115229319
0.519647612585804,0.260422772623876,-0.296058611788763,0.857154182152482,0.694066328302642,0.330063214701209,-0.134334334510623,0.1663840710095,0.839193575136216,-0.0284939387487084,1,0.702213952857201,0.399752647024044,0.264428463010733,0.381285303226072,0.233261501291398,0.278164216026574,0.191471670459937,-0.0177488958274267,-0.117388896871624,-0.0158900543306507,-0.024697536543045,0.07743565503184,0.175934896377925,-0.0984150282615572,-0.501980168154958,-0.253154435851643,-0.173040328906513,-0.153609791570229,-0.00220370722231423,-0.163217106526926,0.0408711430112248,0.183377578511919,-0.393177707342111,-0.0738054358768207,-0.312363534577891,0.331226650601465,0.0770337675655537,-0.0873186594869239,0.324841411512751,0.246830992373771,0.214289510672353,-0.110403060397857,0.278028546159971,0.280060975466571,0.501030674022805,0.107054505730761,-0.287889479005705,-0.469518333856023,-0.391747513218982,-0.291203991290704,-0.434208206674774,-0.496632872594629,-0.0228771435720902,-0.2904854675732,-0.355787196270588,-0.404570725172475,0.498917890971321,0.0469369108891757,0.216795933515185,-0.457699519602723,-0.422362909893872,-0.521165130518424,-0.519216957449502,-0.129870245328764,-0.468892551629436,-0.499273934200835,0.07638688329661,0.118005937220293,-0.47906314148208,-0.435878335278887,0.342156000575141,-0.378427839715925,0.526996028817701,-0.530766405464951,-0.17070068062119,-0.292070970836052,0.455174485249396,-0.195678864042072,-0.236590143002633,-0.221965594742372,-0.0807592581016274,-0.217878613092486,0.224523242842658,0.530421267869998,0.828176501285329,-0.275815857857968,0.432089978372234,0.691128625923794,0.768644929771039,0.825990492112076,0.137859475759879,0.794295968465466,0.460944538598226,0.116345062184952,-0.12578524131683,0.164917422568815,0.310114801596587,0.177419714398022,0.227358534040393,-0.0679861537845943,0.140813160283584,-0.0286405978109771,0.0679836421346676,-0.072713825442831,-0.352778931633359,0.146900943799635,0.0534554808589929,0.148602367153866,0.14176376176665,-0.117270211272414,-0.319809477039567,-0.210782831853025,-0.0912606870800443,-0.0759142322444872,0.00957467591088751,0.0808987794721994,0.243981434297597,0.217880353374151,0.376712936672824,-0.135487071404453,-0.200373694472938,0.0950835193859675,0.241424521601525,-0.0405551589523244,0.169188015823752,0.247601602889992,0.428838483243207,0.213944795148224,0.265269929956391,0.67156779497553,0.340550551982906,-0.0960432013895374,-0.241258516184932,0.0112370548635868,0.15954064581199,-0.409296606525365,0.00773202989895683,0.026892633437849,-0.32041629407429,0.427915133020667,0.262079223098306,-0.291832441880001,0.475471109966254,0.0777605825910947,0.435802209247057,0.365053773431336,-0.0308891760723983,-0.0457523759600585,-0.320960127983435,-0.262600993842129,-0.436975568493225,-0.442141041372944,-0.15531506912566,-0.360758052711936,-0.392252740850425,-0.434295433520254,0.355676908714694,0.443246086716492,-0.179898034912875,0.423401174013037,0.0662966499081493,0.454504436467773,0.0223687189254808,0.284987252168677
0.549281709560078,0.658611303256806,-0.142211708672246,0.753877578625648,0.583604797598593,0.493304582870368,-0.192298145239923,0.2723233654679,0.810095739353302,0.366821806813043,0.702213952857201,1,0.737198301843689,0.0110756476229865,0.0387631678449474,-0.0572596069242609,-0.174579698401814,-0.131770048199191,-0.327924175122647,-0.462707518810425,-0.389582898588602,-0.310716421326611,-0.232487044492047,-0.22030395287814,-0.373355822365036,-0.443388289398469,-0.219731435810753,0.0600900178441248,-0.311557740966918,-0.241798610339183,-0.274233427861668,0.318885977487193,0.051508295580949,-0.477667165445054,-0.176412779657126,-0.390579598592874,-0.0548114138316581,-0.220263248589153,-0.198886422980133,-0.106554256145652,-0.0383902031176402,-0.244894434032283,-0.36138679777419,0.112532765587031,-0.102172106560356,0.353325183063488,-0.178816530589367,-0.279369003687052,-0.0833612737600371,-0.124531054349462,-0.312138071707176,-0.377873149563888,-0.316237103235983,0.029739334733772,-0.280904580946162,-0.300187365563304,-0.277590779275076,0.645835669912792,0.065893547347784,-0.121233990284957,-0.521331410498031,-0.371440200619521,-0.378541389575112,-0.417661198908383,-0.178892733038018,-0.211279401277986,-0.204117019607052,0.0616590059739213,0.0411463426329969,-0.349741628837143,-0.298677997836335,0.195619681285866,-0.305200962466614,0.292560283459148,-0.254202440057016,-0.0288530642713675,-0.0398028978620094,0.544284186496455,0.00892625620408899,-0.0906673357847815,0.0859780665189985,0.000468163164558426,-0.212139912860584,0.227628400257601,0.777115167796208,0.873788169053313,-0.256950429781557,0.703079217232083,0.538708960128462,0.854788746038656,0.66505498589761,0.438598412984388,0.922848945084338,0.586891269436781,-0.209102537558259,-0.353394189043032,-0.0903975519496957,-0.20332495024708,-0.194599760326883,-0.201376772604599,-0.373445016592202,-0.282426700204075,-0.303279244552966,-0.309177863777641,-0.388089607799796,-0.654500990125543,-0.137388432919151,-0.401663806847756,-0.273248078171012,-0.0519421930687594,-0.387616385618231,-0.281534126909823,-0.318290907106213,-0.358779594286732,-0.163084917828963,-0.242151557877643,0.0899179339362632,0.308030326279245,-0.0981701283316256,0.388401477240855,-0.281945165200223,-0.077266113091749,-0.203894914986598,-0.19006132526854,-0.366566531243914,-0.161626466671284,-0.239046445226306,0.176167213463888,-0.27180680817782,-0.0870816830537732,0.404427538759765,0.0718675768269216,-0.102174271253866,0.0805838300878396,0.256804297395529,0.179594118352723,-0.240153677113881,0.246574476598526,0.123393918073315,-0.21852102200616,0.332651589212462,0.251429700528442,0.0689130517499694,0.553445261826937,0.150161906918491,0.0747410615967104,0.276137453303857,0.0907571085037367,0.0594520057416904,0.0249750465762552,0.0510858132819065,-0.427777012965237,-0.24814978290382,-0.197489912057324,-0.15675493671919,-0.338181090807298,-0.172690914152703,0.309936872554344,0.323517310282497,-0.0198763428686006,0.393021803092375,0.309367229880636,0.509088517462261,0.251134088473523,0.485777184610559
0.59051780178523,0.72797575460224,0.180196752254666,0.39976763152646,0.384799946159368,0.174272747419567,-0.0758875719332348,0.163093764245735,0.390987966987736,0.675368963086527,0.399752647024044,0.737198301843689,1,-0.18066505576387,-0.31611387541598,-0.319950698705425,-0.497468775913505,-0.448654049126793,-0.479817159329009,-0.403664039566472,-0.495904043919371,-0.512242104696405,-0.487441214508091,-0.476577855853257,-0.396875604791761,-0.104166911294845,-0.232477613255127,0.229292479106569,-0.419132910716634,-0.494822672822111,-0.447276465650338,0.268278860475111,-0.0736769916761727,-0.240639530408275,-0.301811269556398,-0.351137137627128,-0.270201687743394,-0.503345564761416,-0.320388713562608,-0.479054382157319,-0.331043096709438,-0.475936799869003,-0.529146031497656,-0.058439991770151,-0.37555910760534,0.226066245854351,-0.308618851000693,-0.146619918189987,0.141850839222244,-0.0102300525330352,-0.395240033761034,-0.169412464398896,-0.194066224280268,0.0872987719295942,-0.193603297554072,-0.204073437635188,0.0555273331564439,0.511741807269294,0.0307223834014734,-0.300613268933057,-0.209258913803573,0.0202724808783057,0.0096396002258405,-0.0879977619155495,-0.0922820850177446,0.123135155611871,0.197738287365783,-0.0588555531057032,0.0827664704496529,0.00596984427028122,0.0682058466347398,0.130431226086111,0.149090263484798,-0.0293225075092261,-0.0668896728082895,-0.00758167156553845,0.313822690680531,0.273832817601705,0.258518862161529,0.233074346269907,0.413906003442166,0.0440832563407806,-0.0182781303368957,0.186074207693192,0.769254485430279,0.48835076442494,-0.0835696565023833,0.416005553850759,0.255977549192063,0.424404488124872,0.298573259854074,0.640470468066617,0.520060106500133,0.691198822018499,-0.384334973848807,-0.346627409997825,-0.159990482065057,-0.510551126472615,-0.252396556186311,-0.491070798227484,-0.436696449151433,-0.334375872952272,-0.559993595612509,-0.320450767648032,-0.413252334125832,-0.570740096159681,-0.51006177742055,-0.503321644496449,-0.493235057716108,-0.251731492992315,-0.388441182253812,-0.0318593672799176,-0.317029461116304,-0.587455462450186,-0.499119238156288,-0.576255424649615,-0.142979069820579,0.35362054863171,-0.415659732611927,-0.0198527429981258,-0.462834997977472,0.0455501085119255,-0.208959195025002,-0.476642530003923,-0.415956483902891,-0.182052119282829,-0.440648844475951,-0.164014624915125,-0.544127151224147,-0.394134125528068,0.00548048599624827,-0.10020716516614,-0.155223213221667,0.0177627169937562,0.236019612179621,-0.0506829941311293,-0.213846317076004,0.252681840775271,-0.0755483408064593,-0.0755709986905525,0.0459969091239956,-0.0789561278786553,0.204864866675905,0.353890924190116,0.0824183470411557,-0.254355825248496,0.0370670921492049,0.147170865075924,0.192356911495559,0.203791285608045,0.0844284048023732,0.00873663338708482,0.057746749454759,0.141268873328112,0.146025785091639,-0.037400089703609,0.0907571956151488,0.265661387099153,0.189069140701748,0.292329011454275,0.184064203180451,0.290033106438426,0.255166350352426,0.372796118793649,0.443600093800724
