1,0.515696775759804,0.559488496002118,0.717574626872847,0.515797471431128,0.332842981768137,0.222283961159181,0.476755896807217,0.713046822951687,0.81696002557509,0.739419473638528,0.731235402067743,0.7386743753899,-0.0475450591913706,-0.361641824870391,-0.236531082668606,-0.387639138109648,-0.187898900428919,-0.653794257872222,0.132761658828947,-0.000374823034077447,0.0137756484160493,-0.105625749347098,-0.363700939930547,-0.224698955934643,0.192735588587427,-0.196818859300066,0.338593519669139,-0.304709862233301,-0.105882963673147,0.177726902803926,0.259381701114185,-0.0627628290306309,0.0160343885021373,-0.122403540533976,0.0522917717857751,-0.293349896073698,-0.279623489166482,-0.316172153037854,0.0215962879210873,0.000166625206604317,0.111971807193321,-0.218810860429196,-0.239309007109981,-0.140482595531118,0.22493753331201,-0.141345232649211,-0.0165298651547824,-0.198144441324362,-0.226357105796299,-0.153486691083778,-0.541141525932171,-0.365748453954483,-0.422121372707066,-0.408575380996684,-0.200115929328191,-0.212622027039168,0.772460260730329,0.267965073571708,-0.130427704577516,-0.265167805854436,-0.232297201226635,-0.232873976664772,-0.559850882465872,0.356855058278903,0.134381866357195,-0.217817193442283,-0.356202212258209,-0.345157799790791,-0.428971837208313,-0.409359236596808,-0.342456337593049,-0.182294591078738,-0.242940412271549,-0.476839143805728,-0.306947446625061,-0.242494165167019,0.250608690609486,-0.0765750013685294,-0.382337285087863,0.0265337338032852,0.28394313929395,0.515332381311416,0.658884754481168,0.644727946245205,0.759801760688836,0.155080110897437,0.0445556787509145,0.707464625630864,0.785228232776319,0.691665653761427,0.583968379976909,0.818037381934754,0.626087618822752,-0.439416890811877,-0.440026709490615,-0.403849238095996,-0.465450687156719,-0.496413185056283,-0.412307279031947,-0.62476584470995,0.162748755052635,-0.304277766437832,0.0393164322623614,-0.356190204233222,-0.0236308827452629,-0.33083639736556,-0.264399891191171,-0.512008417117742,-0.149187921489979,-0.34167669929921,0.0620317555956805,0.226009254460176,-0.383366883988898,-0.108490247637835,-0.297868700139571,0.602006977355087,0.192193610566536,0.485039883483084,0.221839322688651,-0.0258815964854506,0.127443769855286,0.193809625301719,-0.191893818531999,-0.239094784928227,-0.00351677441547741,-0.19100063447629,0.152413313225762,0.00424999639081267,0.00695454021584092,0.364519149968693,-0.12773088653146,0.213356372902567,0.180950675552862,-0.0487732543516891,-0.123024813481755,-0.345884283722017,-0.321223433149937,-0.346986424995583,0.238845405322388,-0.164804991569267,-0.161958796774176,-0.366505510024328,0.749556408178055,0.244889320165922,0.139232473928454,-0.396105750358127,-0.37017011749577,-0.0837155762391449,0.231951723960536,-0.378974402652993,0.00286825872335344,-0.281243649582141,-0.0845120704053275,0.0170812878379031,-0.247009202085143,-0.208488841152168,-0.265807633004964,-0.128141219699259,-0.162790562637851,-0.240081622487487,-0.0729134359538569,0.203701413065133,0.0629158526728359,0.344724368833054
0.515696775759804,1,0.694217061149591,0.56215630269132,-0.052297376474834,0.843697317122416,-0.10338900760377,0.852598026365555,0.725264013973515,0.603356526539982,0.445575093695658,0.614868716154818,0.727819503113151,0.0627933045556644,-0.2131090735887,-0.213824250855813,-0.122919205261156,-0.0955304682844957,-0.506951868366678,-0.00650417921134569,-0.361490395232173,-0.0869436772045681,-0.204710199786345,-0.267876682476903,-0.519993676903415,0.376330741948831,-0.418192048641818,0.0373836816860084,-0.118861282685764,0.0213508101929896,0.0727092028344265,-0.0987716327308714,-0.234352328921892,-0.138483787340541,-0.372019927571906,-0.0306434265094153,-0.0644197680942183,0.0618853201232393,-0.176441241996066,0.415181415264894,0.366647009400167,0.265496575306415,0.154080082528375,-0.027159177020703,0.0737429059169111,-0.0338530705292708,-0.135469282350825,0.257191861519244,-0.0838817879098151,-0.470238518397208,-0.24218677257033,-0.454091878191328,-0.516242129757478,-0.647909606579776,-0.331145533663472,-0.304263451064768,-0.347930257399629,0.502689562261407,0.264905776166632,-0.317286495936597,-0.37841817980069,-0.461916040274289,-0.0343750441741059,-0.140409949358562,0.215783747810988,0.25836884280476,-0.376605995215506,-0.461252578442362,-0.527895167950687,-0.292679284592047,-0.321264828748054,-0.481473328229993,-0.462000377620588,-0.0111094572509768,-0.605348543512681,-0.39333877877693,-0.61113547027909,-0.225847317703763,-0.358238143675069,-0.352065151166838,-0.279209945423675,-0.235845456259376,0.68616462158475,0.109908504298786,0.907846488251,0.481904841623291,0.393677610703885,0.689587865359807,0.165020405030423,0.67994739569591,0.523545366260408,0.796625502679969,0.553453684190597,0.430332305717421,-0.331345145752032,-0.272843196229235,-0.261204197311266,-0.239860189602188,-0.173368578264945,-0.286849908910016,-0.432309598536087,0.210736767984123,-0.0893798566244066,-0.02883099163115,-0.454491372950586,-0.17284038894051,-0.278520575768729,-0.206360713143581,-0.437135005414466,-0.277675697464314,-0.50469894038368,0.139012405157445,0.0324584629849035,-0.1430112601386,0.114525996120983,-0.182728093936417,0.479611880562534,0.288715899428206,0.462976029208401,0.0841317728995117,0.206574498788431,0.161848711143571,0.231545755145547,0.0492934155571566,0.100274947676791,0.176730117368663,0.00915571937674743,0.416687358479431,0.350805854353859,0.181368297511226,0.452629864231212,0.0267607561322958,0.40478707577528,0.417135633596106,-0.0166964391299665,-0.183833431543092,-0.163609223853481,-0.0693774844703372,-0.198872052251923,0.239719520860088,0.236005601823084,0.11698643439533,-0.256178988437642,0.6217474338513,0.405712331463689,-0.0166212439079303,-0.179935405760317,-0.119037223096562,-0.395710326748737,0.254295640743333,-0.0493928574871372,0.057008699828622,-0.184046202304973,0.181843541393281,0.0620798429824369,0.074484515097632,-0.0750467614621669,-0.34612824849388,0.017177784662874,-0.329875287322775,-0.2607745153594,-0.140393250407852,-0.252539861864172,-0.0953401282982688,0.27244262695233
0.559488496002118,0.694217061149591,1,0.408326926205836,0.110092048580288,0.5867184972179,0.0612898566687105,0.562354481082907,0.570350007405043,0.645233138637243,0.389941958706105,0.500383929585956,0.694393512138017,-0.133759879868778,-0.346540970083331,-0.280870821733277,-0.244994652664395,-0.180551310703784,-0.566947169294082,-0.0228309873005291,-0.122131176429825,-0.0984736606375891,-0.0741844694840072,-0.102065377841271,-0.313736243422127,0.596899467823365,-0.374896778404688,0.272140023631654,-0.217890846589719,-0.0122178467245687,0.139745176213492,0.0371740872902474,0.0293602808468485,0.00669342657959829,-0.257764641480903,0.250909279792274,-0.20083929290252,-0.0432710058101868,-0.232475108511032,0.189233188222081,0.245136659451279,0.303181658997087,0.0679394415289765,0.00515193147631957,0.164106696659182,0.152954710486353,-0.0305990913425563,0.0651361192814602,-0.206511028911725,-0.444769068601538,-0.154819633775385,-0.555826962496148,-0.484718951005752,-0.504060062640466,-0.431510395643786,-0.209019156174025,-0.267835644336125,0.555671062615275,0.269301462399132,-0.230948030717276,-0.374906096043904,-0.396548253796007,-0.117770300474939,-0.212186933589348,0.283558456410082,0.305143971244722,-0.41304404354285,-0.427103696765879,-0.335294198214228,-0.362315186678727,-0.421468535952484,-0.441077399584101,-0.391717764616186,-0.136151900430532,-0.552622537454707,-0.433705829441622,-0.506162415420191,-0.062895062288958,-0.310512564958243,-0.373061424842549,-0.262855673159676,0.0205525535699245,0.811221698679015,0.325616037797956,0.665898537194819,0.472181103056886,0.27507274572683,0.473846019130416,0.291020365612978,0.565612499816231,0.501201071728673,0.653499436059414,0.498242799522079,0.620233967383742,-0.45905098103324,-0.388657282719125,-0.3436382526393,-0.475716265152875,-0.366505724366001,-0.445808042078391,-0.512978316069575,0.177805253017994,-0.316560068702255,-0.23338451439308,-0.360349181621688,-0.312374969679798,-0.355154389029256,-0.357881347513709,-0.380487004023008,0.00918140504047752,-0.278384457148147,0.325344378385422,0.120935912035186,-0.301446831953242,-0.00608707173079311,-0.216612058815927,0.571079659289019,0.298859616970105,0.514278461289902,0.290371599343339,0.238663370448036,0.20578140760558,0.181520653540745,-0.126622112942082,-0.0436236497726986,0.0978158890027372,-0.12892347439281,0.383472476600128,0.205595965240717,0.234447772792527,0.497954807579201,0.0473734100268735,0.32918233060413,0.245302169451613,0.066425217021131,-0.0918604000414486,-0.203645638372057,-0.100100660190513,-0.15446517297318,0.44836460067425,0.108455057611883,0.0565245933042598,-0.233857273855066,0.59779217490738,0.348016823583769,0.052458875215081,-0.0542678730671729,-0.0315868442296982,-0.201798502102204,0.20211587797042,-0.260041934277015,0.0464975551078005,-0.294924795048346,0.0896928114114118,0.148462000379521,0.0535731099701978,-0.0559095772904676,-0.179342828784197,-0.166453222028845,-0.210381967460007,-0.23621947538207,-0.0307280218151624,0.00755575374957135,-0.0600965418497075,0.274932236244992
0.717574626872847,0.56215630269132,0.408326926205836,1,0.359364118436531,0.360179221313645,0.0681095986432825,0.512250572470965,0.895475965606935,0.647045501474376,0.832363793992417,0.797724909584747,0.693496748497918,-0.0871284030750407,-0.406553524418082,-0.220896774956923,-0.273142183245878,-0.106855457633152,-0.528718420619509,0.283982541746475,-0.0288913824809939,0.234961877739133,0.185231696134617,-0.170175363452591,-0.271802701577072,-0.0132924494114824,-0.338440601339567,0.300560851625139,-0.260206879967255,-0.0374021498438906,0.200918578829491,0.0258839566957147,0.0168355874480409,0.10221715577894,-0.231050475595836,-0.0330028455470198,-0.299279010432687,-0.295121124104375,-0.371736945761884,0.0449757488888719,0.132342175345685,0.0982741103405597,-0.0858855794694013,-0.138356444121344,0.0211535087812623,0.0681060273412796,0.0137039879644288,0.118910344688608,-0.257406623269456,-0.305068629395026,-0.139960369588841,-0.377146017146625,-0.347918997036891,-0.583506222776152,-0.363937708394042,-0.179386025962916,-0.206327085167995,0.515878138206524,0.0995536136763934,-0.303888310349568,-0.40327128265713,-0.518814554293209,-0.239913665332976,-0.457991922125674,0.305354989758134,0.16328994629466,-0.385946931988368,-0.447317116215072,-0.504674031720039,-0.300470470844131,-0.33739534858642,-0.480161012602221,-0.37213015545698,-0.182016477912066,-0.450378962838416,-0.407746322395069,-0.454509919284852,-0.0648469161229014,-0.382439479405312,-0.509013343322016,-0.268291239385212,-0.13047673232073,0.307882199336026,0.252608078771801,0.716543661057545,0.743146058388065,0.215334015843567,0.246238911348933,0.681017515149647,0.86555228060959,0.856770262340584,0.597304821881178,0.850482238779298,0.468527074786457,-0.463350386023582,-0.438275768143657,-0.329159023678319,-0.467117806104216,-0.392382320126764,-0.445483688528576,-0.583669669326247,0.0534013813360673,-0.197112470701424,0.191983211020608,-0.381228345617335,-0.0981002250635575,-0.106227558231243,-0.0891416370913377,-0.349795811749411,-0.266202591235025,-0.429438100022165,0.0393378897433313,0.151170339497427,-0.373906301404202,0.0565802001342172,-0.130425414376551,0.631598555677128,0.271612678566717,0.60522822863272,0.264841365158376,0.105676637332021,0.037892362215981,0.0837022220750739,-0.182651519037617,-0.122907529545429,-0.0802607635427581,-0.166468454961298,0.369667422049321,0.158483929402739,0.113575275256817,0.333762820106893,0.0826985588548843,0.226198892596197,0.263475945352918,-0.0415602617652611,0.0455372816095997,-0.200621133434129,-0.212558693033977,-0.26877948015838,0.280721074423245,0.0568843389410698,-0.132007358261668,-0.432400893367556,0.639891715874763,0.0386331675377539,-0.0128676714976495,-0.355078965771496,-0.144739759856853,-0.32232610426916,0.11498480513848,-0.302711760235849,-0.0435892860602953,-0.369927883741371,-0.176181001014616,-0.0365034733807712,-0.155295081094892,-0.118646375647707,-0.507870797476429,-0.132515479407652,-0.395047091619063,-0.314508927825209,-0.251446611752999,-0.113670528703501,-0.236308195410886,0.15849436865606
0.515797471431128,-0.052297376474834,0.110092048580288,0.359364118436531,1,-0.105099887744799,-0.0575615169639106,-0.113382793341813,0.348810971304866,0.265191308413374,0.593049852312866,0.213613116338462,0.152252506241896,-0.106497501172541,-0.114563110453221,0.215045881772426,-0.147913360581613,0.0607384201533677,-0.272276875175078,0.201963169166516,0.405749914407409,0.241920410175255,0.0930592834286626,0.0216248197739744,0.223514918022747,-0.208983662186664,-0.200483824342526,0.0692527365169738,-0.325024950597848,-0.114390829254158,-0.303217925275677,0.149516002870978,-0.0344202753026954,-0.0822944688505911,-0.00614849701380138,-0.166991766412207,-0.192318127609739,-0.450999948824169,-0.445049052438597,-0.207237116576129,-0.207443129438747,-0.022221151219288,-0.394432579679608,-0.264799845150313,-0.0270868838961902,0.392462806086245,0.0169621836922574,-0.269034316908124,-0.340986730753226,-0.164627136999161,-0.325679576863936,-0.392084199070568,-0.319946385389128,-0.138839407252961,-0.467634408980651,-0.341578699463067,-0.364983781450187,0.47408864937781,0.0792459473164195,0.241327778375603,0.0146779924769613,0.0397263654863578,-0.580890129116557,-0.499682127511301,-0.0686421596699821,-0.265745475466517,-0.0024104378862551,0.103586467557589,0.359426952435787,-0.24744402537998,-0.378720965076503,0.291472539586276,0.278824334438206,-0.0867167426437779,-0.142970632953975,-0.237851090408022,0.272850396889474,0.696290692865412,0.435132858594214,0.145772734084355,0.143050882827414,0.672064637124738,0.163616838013439,0.774621841324112,0.0746518085021047,0.433195951964731,-0.046949598274143,-0.235303206699807,0.803781517627206,0.378594683560063,0.436886521467568,0.12784765048317,0.501063414451005,0.392503710043196,-0.174616023993814,-0.337410146176602,-0.067203490818378,-0.201404173918643,-0.24813111162661,-0.177718252570711,-0.235917113616735,0.126560413776236,-0.124165848073241,0.193996971953027,0.0793201700348201,0.144856257979579,-0.226174169720608,-0.091859620096387,-0.0794499343082056,0.0914402634993989,0.0607283892344998,-0.0405168488797633,-0.0344777879080924,-0.341477167234885,-0.296902013832646,-0.192740488579678,0.0880418647419188,0.00109437646955466,0.0861426008499211,-0.0138844209174611,-0.384500881524918,-0.207429704213653,-0.137937198371259,-0.364665933633914,-0.421003561513976,-0.0776538388732486,-0.298219513966671,-0.340878501984417,-0.265581399590074,-0.0867410811106645,0.0700864943879888,-0.240895113754501,-0.247089122957474,-0.30172029137317,-0.0534106572240657,0.0252637302285301,-0.418663677295359,-0.242804949763146,-0.421493653602152,-0.133067661772865,-0.450037649049526,-0.409613733954212,-0.192825297313299,0.360431842411212,0.0941206999299639,0.156285448479747,-0.274572037630245,-0.317844012290477,0.455677709859628,-0.132696510578863,-0.31759909475939,0.159413517721909,0.130723473772661,-0.0991348545067283,-0.319173834336738,-0.447826552120267,-0.234682357209512,0.293310024382516,-0.156493448812522,0.359039894481319,0.122994316997937,0.0828798723027835,0.727487612626036,0.475376896444103,0.25804507860348
0.332842981768137,0.843697317122416,0.5867184972179,0.360179221313645,-0.105099887744799,1,-0.164435198832676,0.73345656107289,0.615929510709477,0.52954303861983,0.300858255989089,0.554500088240979,0.578379742269312,0.234354402506888,0.0565610451639499,-0.103994323587299,-0.0127050143614128,-0.0261535401210554,-0.482507047712732,-0.203486311617411,-0.257259168868416,-0.173064258439957,-0.232531764475424,-0.191437362955961,-0.434069782523963,0.362269276101536,-0.370380454855227,-0.0540457974328838,0.0687147262377288,-0.0227513883149527,-0.0422385344034442,-0.142867292834738,-0.266460304783348,-0.257285910810425,-0.375333620364565,0.0181864014872053,0.175311382198531,0.334260931126133,0.0138895851551315,0.581004166350165,0.53169687194449,0.482280265694612,0.377501469198405,-0.0812263829071318,0.162701008347637,-0.0695798005920892,-0.0939325303301671,0.299964204354184,-0.146170714500426,-0.457063536300144,-0.226222113591651,-0.443164606633594,-0.458882619916659,-0.635657681194354,-0.296071761010999,-0.220355738230658,-0.33218584133846,0.478300445575343,0.23458640806089,-0.205335628682877,-0.396703097679658,-0.414847154559568,0.0449706563027398,-0.0369149627650574,0.155078897574752,0.247768230759476,-0.383834165994308,-0.327386715863034,-0.364991989020533,-0.050915285139757,-0.224713268669008,-0.420311665736275,-0.347103487892883,0.07085309538604,-0.467282271989916,-0.406532637025115,-0.544563932878035,-0.142065962965881,-0.246971033787421,-0.253980899590074,-0.241996524271647,-0.231439492648437,0.689730985961846,0.0748973144458134,0.756092347784994,0.383779916562087,0.494921142559543,0.847778896556695,0.0813973631542317,0.566124101061243,0.395436442721699,0.786860185074157,0.37930580472697,0.3079487683441,-0.101668786767772,-0.0339734818337721,-0.215050586923162,-0.0820171370981828,-0.00974893659838742,-0.145019081442292,-0.419880234386939,0.252356406549805,-0.0850757196137548,-0.127497069989533,-0.323064007553668,-0.241009673974491,-0.280076957613105,-0.237936174140053,-0.354034175562306,-0.159655038514765,-0.364798726463124,0.184081130191587,-0.216123094434316,0.0885861099593071,0.0122197906411593,-0.196060992752202,0.262868162351129,0.105686908730424,0.321008748142173,-0.102341310910424,0.150641838509845,0.0454924354171077,0.347389940308013,0.294565034412458,0.239844656954312,0.403633100868443,0.23440364452523,0.500762047261972,0.507969836205923,0.275260387639769,0.313813915050879,0.106865852386682,0.437810577541728,0.271660281112582,-0.107439900196807,-0.123191443079195,-0.310708154324141,-0.257286606891598,-0.187278446011619,0.148174578258603,0.0605541932868524,-0.0988692167267518,-0.247313755688888,0.455116007887865,0.298669633032027,-0.00952488344806814,-0.157292411347478,-0.152365514620492,-0.299092336136318,0.022365942822073,-0.158134571269499,-0.129660192376024,-0.30947598284685,0.226847252748842,0.0263807189036125,0.196933729735244,-0.00576524910504374,-0.279487294459719,0.110058903640534,-0.295799242052475,-0.452492317312498,-0.29422776948139,-0.20907280627414,-0.0918145908423076,0.12031603751986
0.222283961159181,-0.10338900760377,0.0612898566687105,0.0681095986432825,-0.0575615169639106,-0.164435198832676,1,0.0190457337814992,-0.0411523227422792,0.333269306163408,-0.0220258282642063,0.216052851706058,0.312379739637973,-0.361945456994416,-0.433004259433569,-0.562399776129441,-0.52787919404341,-0.637037197743457,-0.24426626695175,-0.127620858628893,-0.247337091998829,-0.321660755059942,0.0326421180360274,-0.322512753460122,-0.205064638461641,0.261842602452772,0.462738588623144,0.49660419689478,-0.302072643863053,-0.311417788895132,0.604967178323585,0.608956019003182,0.422221088642602,0.369740042290638,0.473244255610003,0.213186393424698,-0.378611538891871,-0.29255355584239,0.419769316177781,-0.164598848937902,-0.347958523450429,-0.361921931062514,-0.203273788207028,0.137696156549997,-0.485941558208306,0.0292125377859203,-0.294223894015772,-0.0884169816019026,0.574872434405973,0.228876693376373,0.261167551382151,0.243554835206037,0.260738666187141,0.185936827088677,0.273382493472483,0.268609511978457,0.394177977448796,0.15218964145644,-0.161737987307222,-0.0779953041259109,0.216673384810074,0.140691007313983,0.298270567057325,-0.244320977534166,0.533897795503536,0.321672277148229,0.397719772723311,-0.00532144799677054,-0.358508303027723,-0.123605881128207,0.202634236532747,-0.205352246758517,0.175655922436054,-0.305068762543393,0.0595222207919517,0.476257076131612,0.241441612251347,-0.104968730243819,-0.124296949337306,-0.342946012900141,0.134663418987124,0.017642089589402,0.0862644261171603,0.0160069422529172,-0.0230498975113711,-0.0469403373905831,-0.0138467787977158,-0.252163391821285,0.0138659420627853,0.0147425319550475,-0.0404508671642275,0.0161333836378649,0.0225282649854585,0.0972070673316548,-0.31671643104306,-0.288891177744844,-0.523592492584464,-0.454197771054881,-0.482648359584866,-0.459013338964702,-0.270683028507298,0.00947525968789221,-0.503708515871675,-0.193149370782102,-0.24471091719864,-0.169278833923485,-0.0384984790014935,-0.279576878315675,-0.160318521865935,-0.26439129998284,-0.178706402158015,-0.28227805591028,0.542117693431013,-0.23914196844715,-0.0154728969649545,-0.195449431952008,0.213566587025898,-0.250137738932286,0.199050697552826,0.161752061387869,0.14524876322705,0.0442793538746107,0.150370589327987,-0.136635039389163,-0.329963974894624,-0.13090679121281,-0.18541189428992,-0.1645493978577,-0.239618549643807,-0.126228529665395,-0.0608614944640312,-0.0410417085086319,0.352943910483687,0.319231733056959,-0.40277897266138,-0.206112015981642,0.232954118609793,-0.285011345035597,-0.0117713872989428,0.00987137477293302,0.0892717904367496,0.0625072286484649,-0.412782924694771,-0.0122031364336426,-0.245831968542776,-0.306843975975785,-0.245600608842603,-0.340349655204224,-0.286964049792067,0.406112012185742,-0.275970665964586,0.0788084042644503,-0.136085380182494,-0.107350056115555,0.194566535230775,-0.0663453181991979,0.0172268232213178,-0.391864896504184,-0.228456574041258,0.0168800865462465,-0.158867266802861,0.156106918191202,-0.266935048808895,-0.362050264175593,-0.10451476212062
0.476755896807217,0.852598026365555,0.562354481082907,0.512250572470965,-0.113382793341813,0.73345656107289,0.0190457337814992,1,0.643451523416055,0.635132797096833,0.438600800689993,0.666827132694107,0.791042085792985,0.196042422783811,-0.152051663369823,-0.214126083123502,-0.113904068172444,-0.144995700315243,-0.438036587101356,0.0867539009997526,-0.417734805156016,-0.127265373720925,-0.178569174179892,-0.383684625056735,-0.486285253893411,0.306359808846125,-0.320798926381625,0.072797570028127,-0.142035851239297,-0.0187385926088672,0.16311673441301,-0.142540052253574,-0.21903854044717,-0.146135144899972,-0.485486384619984,-0.0722316786916066,0.0739912623655428,0.0624028019292778,-0.153021563414161,0.34734310349618,0.242077778971421,0.188522244947703,0.0818167181129357,-0.110782982661061,-0.101772114694867,-0.250748955012656,-0.190447535146846,0.384574158204408,-0.127594836562126,-0.404038342203851,-0.21729982800134,-0.445086374541662,-0.346076678783308,-0.647208558562492,-0.273395910736222,-0.140286913206258,-0.320744820551963,0.41248071598543,0.124499582132089,-0.470132617091656,-0.294706622693014,-0.373938086614021,0.0589601300325748,0.00465804511674847,0.236340546138905,0.264926692254129,-0.349629468515453,-0.545327969809676,-0.578622039180728,-0.284491136527068,-0.289242826545554,-0.595830525961467,-0.43264626778751,-0.218516972205605,-0.574011736429119,-0.355079003037661,-0.60481212541038,-0.352209531008242,-0.327529657675167,-0.346874914827042,-0.173896758177365,-0.29774116290718,0.602788352433376,0.0399290029076639,0.824860359586403,0.483054218122762,0.404918956470834,0.542177662599847,0.0870816968413521,0.663552077036673,0.469104703861744,0.776340346145386,0.520705070997748,0.348926638591664,-0.25974745209409,-0.148635071383982,-0.258433509910998,-0.159817495022283,-0.169305346687389,-0.248455632549733,-0.385963172600041,0.187569719476967,-0.0300043389016251,0.0105402367610456,-0.419414839478846,-0.133405264914689,-0.299734433216735,-0.163159471267246,-0.509357892470631,-0.289696676299084,-0.488674447466267,0.0470096545403556,0.00623495009319147,-0.0351105194295784,0.136829541276184,-0.16922378633318,0.517722608021808,0.280763081942447,0.428771871616273,-0.0637185782267897,0.224205855926516,0.167030999016081,0.338722584949222,0.140921307328468,0.172079923062246,0.298723980050773,0.0142606604543535,0.403887522423592,0.298784486296307,0.0627693210827647,0.368077244169729,-0.0181674945140889,0.374086280700963,0.357637748500072,0.0168002414367544,-0.259745119167798,-0.0494248934993476,-0.144371567343316,-0.0449555653736131,0.261650823851653,0.192236243604309,0.100665324661519,-0.190988243282991,0.546796744391658,0.279187458453297,-0.051147762550071,-0.291905229967755,-0.17184846445993,-0.425786713590918,0.210776066137947,0.00146433704117573,-0.0960363762065689,-0.223629037328846,0.174045241094879,0.055482654464915,0.136830478681938,-0.0659645571314623,-0.410448218067362,-0.102281747796345,-0.352246173828468,-0.391604958808086,-0.24925954709275,-0.365378505047471,-0.110741186214476,0.217915000934191
0.713046822951687,0.725264013973515,0.570350007405043,0.895475965606935,0.348810971304866,0.615929510709477,-0.0411523227422792,0.643451523416055,1,0.73406517597626,0.855059889609723,0.876191724421202,0.767502342142733,-0.0212996856307233,-0.284279858667568,-0.131377708564608,-0.171592755361127,-0.0409399747670552,-0.623449728163632,0.2028659149592,-0.0663739976709334,0.144043826827623,0.0723391240529162,-0.154738698092193,-0.34922742332045,0.0487597694761963,-0.490009361099529,0.134298476564813,-0.251199650968992,-0.0736110661854908,0.0242307839733901,-0.100797002226695,-0.0927343517249594,-0.0559544241745053,-0.44039485237019,-0.118745911401409,-0.139106283714521,-0.14936539242461,-0.408644232535016,0.248276971050272,0.191145164500579,0.251318122734367,-0.00967611554621502,-0.222489908562274,0.0784103688362603,0.0882757348664909,0.0344921780146701,0.249114696039118,-0.370131272923173,-0.493731301754786,-0.338227791419639,-0.584112890097586,-0.499056025923878,-0.76001508147166,-0.536575369403135,-0.293379413629738,-0.377419436323651,0.621705900111387,0.14382530082998,-0.373509168238502,-0.388271133911662,-0.514474870829952,-0.197211665922091,-0.390258674398526,0.301979782533873,0.209847254065136,-0.478365113525157,-0.426890753656205,-0.497516919374745,-0.391768897311828,-0.433839797721772,-0.533820247046682,-0.378908955709847,-0.186373753180585,-0.569761710075233,-0.574283120354363,-0.581845216708756,-0.0707110249719537,-0.347423261874827,-0.498453795326148,-0.312119904457083,-0.161967100428745,0.513083174519074,0.256187302024337,0.824970514962425,0.827711488497068,0.307263439985343,0.49699619888302,0.642715988950409,0.948230031141927,0.916579029586605,0.761761516229096,0.899942419440677,0.494976261968946,-0.41920118676823,-0.35659291351559,-0.290382173151487,-0.400727990250799,-0.309989963530302,-0.387431000444577,-0.615393012563417,0.151637961039388,-0.160863075221081,0.128742006244346,-0.351812897107309,-0.16486096650624,-0.194685361739887,-0.126466495775405,-0.378991661964264,-0.14140031437604,-0.399393460244649,0.0679217126274419,-0.000920303866574526,-0.27472219620592,0.0359103288689501,-0.20612670531594,0.627461594569849,0.256580653327587,0.601712726853475,0.161226804529449,0.142722395119725,0.0386308409585068,0.198681749886147,-0.058218829636927,-0.0525906709163214,0.125702935652003,-0.0716005409166269,0.423715602982075,0.268033534447854,0.186480836882887,0.426398657528858,0.110083558853235,0.302035897799854,0.276414433758712,-0.0192581291688142,0.021332083584646,-0.276664768781379,-0.277672801408762,-0.306640475166527,0.262523458049659,0.0168775508953943,-0.163984956086709,-0.367911716086107,0.745678388495796,0.176133573094813,-0.0567161788584728,-0.308820424268181,-0.133571225371526,-0.297833895641881,0.120500632079406,-0.277192472078019,-0.00635328799166406,-0.340036172698613,-0.0509363340735357,0.0532434000010882,-0.100240790163404,-0.0599738353540692,-0.416627996232838,-0.16252506634067,-0.328050979597271,-0.414239067029628,-0.281071252614728,-0.095503203420445,-0.13232180501679,0.232942272803683
0.81696002557509,0.603356526539982,0.645233138637243,0.647045501474376,0.265191308413374,0.52954303861983,0.333269306163408,0.635132797096833,0.73406517597626,1,0.65273587679251,0.842179651260718,0.90669035588316,-0.0836756481892259,-0.3684024295319,-0.465470909977264,-0.485775865064784,-0.375279962049776,-0.744350462817189,-0.018077767545917,-0.231970247403212,-0.141433030343231,-0.0835891519369866,-0.42780791918492,-0.333103051673389,0.261033454435005,-0.224751113230103,0.337944687803379,-0.356452406883809,-0.198307841525934,0.226519670721679,0.254182480071679,0.0309140549170797,-0.0455714760249507,-0.237352845557639,-0.00349602690256099,-0.176099926773485,-0.212417382257982,-0.196392409170456,0.181101669418068,-0.0134423999204822,0.0791130319001395,-0.200566649775755,-0.176589940798265,-0.25247171277075,0.0481722443401784,-0.228781972379411,0.227454312376768,-0.148324307924028,-0.30607157369243,-0.235490727791237,-0.507392591120413,-0.390770439598073,-0.506997573274532,-0.422871311912763,-0.204654858769024,-0.275767053978994,0.751384685807837,0.176423642761125,-0.403617366984839,-0.31532081397498,-0.293683115038829,-0.0769800008623513,-0.398321449341782,0.503444246243118,0.305777974893483,-0.278426256109118,-0.48463235281229,-0.453473445958628,-0.483040787898111,-0.503373286757126,-0.514978914112807,-0.253132222076884,-0.326516566123852,-0.558686241828054,-0.327223480808493,-0.366929036067633,0.0162768861716174,-0.256604342207353,-0.53511965986041,-0.108240704238034,0.0939842117774472,0.610145608166615,0.439415124060041,0.696445675623003,0.728706084199397,0.218978379035568,0.27129083218153,0.537054597506954,0.805085749939483,0.694523719399131,0.769324858401747,0.756376233485958,0.582394116321929,-0.506724727294614,-0.316216400515527,-0.586557264369316,-0.55966134834053,-0.5950155213993,-0.589730750473493,-0.722595719656362,0.265389696672627,-0.379064999733013,-0.0226926392388245,-0.474297915978493,-0.152055284323119,-0.392893297645173,-0.426672156449558,-0.585047982189775,-0.208078508070554,-0.377621710496612,0.0311757841791744,0.213178845142762,-0.357856934661302,-0.109622866184085,-0.366249518755536,0.679332676419104,0.170508176001354,0.567027937333464,0.130063455369505,0.134626409128382,0.21832299303948,0.483686277851836,-0.0325581565297637,-0.0732700695207861,0.166618343879388,-0.0282674441119881,0.315898697901396,0.0390773261303229,0.0286209767016907,0.416899191211465,-0.0558073979421413,0.449603711257876,0.331041893127798,-0.11148241956183,-0.132875591578242,-0.210406542045449,-0.299020012525217,-0.244896567813286,0.342026067890815,0.0137612234414224,-0.064307141406201,-0.39104381634347,0.73236596555805,0.177803573341349,-0.0293427382184539,-0.355913510011091,-0.302049980318103,-0.230375552916438,0.316037120492527,-0.35035659066895,-0.157023255904185,-0.364220510803651,0.0125921590911494,0.186114642806945,0.00514316802507839,-0.15102115395168,-0.343093550501696,-0.19519951982742,-0.20369951953213,-0.336862428008556,-0.0898217032026894,-0.0431363336440102,-0.118982568776071,0.287849680781851
0.739419473638528,0.445575093695658,0.389941958706105,0.832363793992417,0.593049852312866,0.300858255989089,-0.0220258282642063,0.438600800689993,0.855059889609723,0.65273587679251,1,0.740573831659637,0.620299148147417,-0.00804418825463851,-0.256408793396384,-0.0104127734487109,-0.147383964628087,0.0323774735005758,-0.525986615009119,0.368612293338796,0.13932284153721,0.286320311561441,0.222423675127915,-0.1056399291931,-0.138588848110113,-0.115402047963879,-0.471821578867219,0.0462513766946513,-0.229851117322051,-0.0546816156475327,-0.0633227430238182,-0.074679012509069,-0.0361257326681618,-0.00774966812717455,-0.364986744833357,-0.226506339953156,-0.13853660279251,-0.256770244596379,-0.464571261047989,0.0484975951299188,0.0422527495836887,0.161187316473855,-0.218337471424958,-0.203034090059404,0.015405263353947,0.207238440472814,0.0537932827645063,0.136655882436546,-0.395774379698196,-0.425794163735843,-0.42117332029579,-0.530078616894858,-0.42457451887432,-0.581248086825205,-0.566894995213086,-0.313453272907042,-0.378415963720066,0.540392118175626,0.0920394511150769,-0.293386240284941,-0.232177132842882,-0.272695520904469,-0.258551089140718,-0.412761619761834,0.23669763433958,0.0873292253379618,-0.336075849052316,-0.280740458417234,-0.306716960431127,-0.422988389371835,-0.392133754677522,-0.357772065588616,-0.180759817578475,-0.206188573700036,-0.501341093663346,-0.464473466583668,-0.326990952326645,0.128779292820219,-0.161371212031376,-0.418086432466913,-0.206729965084919,0.055667522841786,0.335015154467516,0.431914026076175,0.65743634296554,0.842279285097188,0.262749001772292,0.200264130121436,0.757499145677902,0.877451322284414,0.884561102803109,0.619323968246738,0.928600581322628,0.441484733406691,-0.36727959722012,-0.33248415149138,-0.234364783013551,-0.350812873829476,-0.289888200862716,-0.286484759074903,-0.51655594295534,0.18966239391785,-0.0541516868374884,0.349634416153449,-0.213985301467796,0.0217688665192409,-0.13898406753805,-0.0201637026060952,-0.283712261299683,-0.0750130773904849,-0.284792473352897,-0.0520368474817648,-0.0805228967479611,-0.27963728313365,-0.132378073743326,-0.152023282041407,0.520857695543321,0.15584082821494,0.553838490789234,0.0503099643241675,-0.111903184053076,-0.0260898660715458,0.116341157620457,-0.136659016333033,-0.155958908359541,0.0966828805846265,-0.183658290698078,0.222332297441229,0.0913564464533442,0.0701386258500359,0.239265117020203,0.0214281591530375,0.105728270388682,0.0464789185508629,-0.0685212437062751,0.141573936936216,-0.334770978104035,-0.321203591964728,-0.423894215886758,0.122520927800045,-0.117371295538169,-0.229000094029658,-0.356463227574838,0.675234015056983,0.0390384662513643,-0.0841820177624485,-0.3263739693649,-0.267080175547631,-0.165483490162653,0.0713936370662315,-0.36947260700169,0.0149818166127145,-0.285551970862933,-0.0916308276509392,-0.0417817286373675,-0.165898641501359,-0.187151347751279,-0.285511089395199,-0.173748567347658,-0.1617676770961,-0.351749228127723,-0.181474816646409,0.129969190972853,-0.0316082228792092,0.12650162853686
0.731235402067743,0.614868716154818,0.500383929585956,0.797724909584747,0.213613116338462,0.554500088240979,0.216052851706058,0.666827132694107,0.876191724421202,0.842179651260718,0.740573831659637,1,0.859668922766332,-0.0614256738046172,-0.329167409408648,-0.305136247837688,-0.299236880265958,-0.211849287707753,-0.612602556823566,0.0610551602985185,-0.211985121555685,-0.023948518814078,0.0359076686050572,-0.274371552885874,-0.440979765447354,0.0974890047931748,-0.304528829174231,0.312185041639728,-0.220938182528556,-0.105127160292728,0.271130336197988,0.0534679313543895,0.0360263678488089,-0.0192231236899604,-0.323439703060227,0.00130788264803379,-0.14811333722832,-0.119273934365459,-0.224889717162783,0.205027355747887,0.0504073857533083,0.148011618526115,-0.0399512626109385,-0.235299335671524,-0.163828354686684,-0.0569295055508692,-0.108164772855439,0.223019230618899,-0.211286288853729,-0.298310194616214,-0.147485589108291,-0.465472725082875,-0.300274805294517,-0.608499776796528,-0.345016034033906,-0.124547500049286,-0.204267726475046,0.621594695253553,0.00924492692267901,-0.515506951985489,-0.305522803740678,-0.477107548581714,-0.0819302197076784,-0.376970306894188,0.34640301077947,0.276461903980172,-0.38025801162146,-0.469269657028769,-0.58455324105696,-0.380499725750559,-0.39318708608521,-0.630781769368345,-0.369877272267557,-0.345889572717166,-0.467934809355006,-0.383302338677538,-0.525593986625912,-0.204258865589298,-0.409360322484345,-0.575225064072466,-0.249207184137408,-0.170161068950352,0.488297430096336,0.185304304132295,0.735426265974148,0.804883378840263,0.283734561310544,0.331141271612691,0.521593295835232,0.906001456441943,0.82919056002241,0.746518610081158,0.836498074558728,0.459594631217148,-0.466677295183584,-0.293473020769595,-0.450274649299471,-0.48159200647191,-0.461904596143276,-0.492302727746727,-0.629331904071263,0.140049081358705,-0.322422075869143,-0.027530713368558,-0.466420258993206,-0.312685734784578,-0.232923078967198,-0.276716183241615,-0.522905758579713,-0.211154940987701,-0.495746677880608,0.093820596257206,0.11030909711807,-0.258709129265989,0.0873565397008267,-0.228532635108942,0.678396057434777,0.256969804176737,0.529997204640827,0.21481627689446,0.203411269579468,-0.00548353434721711,0.281295569219408,0.00415222842257705,-0.0592880768589818,0.152570460146908,-0.0663212064337138,0.37041274850946,0.150177974343748,0.0616850725964444,0.397885050515693,0.0376704665314909,0.398055740990133,0.369990150672413,0.0129285489873347,-0.128483401063402,-0.11705133193389,-0.268012127182341,-0.161312551772444,0.250361431728925,0.0460041335923996,-0.0513687550796695,-0.308355604366205,0.675480251339763,0.0714287883301545,-0.147842933754442,-0.391598363723916,-0.163573611662323,-0.351562559074602,0.153198674818053,-0.232905932914647,-0.107919244733984,-0.398949168634501,-0.175360562696931,0.15708561258702,-0.0928228772140702,-0.0207856562783662,-0.484310591676709,-0.28161615130307,-0.356025715791586,-0.46263817792346,-0.284220603106871,-0.245274627145721,-0.240155431055402,0.224602789420892
0.7386743753899,0.727819503113151,0.694393512138017,0.693496748497918,0.152252506241896,0.578379742269312,0.312379739637973,0.791042085792985,0.767502342142733,0.90669035588316,0.620299148147417,0.859668922766332,1,-0.14320143615078,-0.46688519785158,-0.459073264101584,-0.453652298251401,-0.364842404080698,-0.674823343841223,0.000418480404141551,-0.339350912938104,-0.123975887849258,-0.118844318254161,-0.424237530436359,-0.395926527742418,0.293261391460444,-0.206955756480196,0.40347944766262,-0.385246554730912,-0.157988029335587,0.30548958808656,0.120038063921634,-0.0313100485751253,0.0447011990035144,-0.327293611054843,0.0516422263396863,-0.256790168164785,-0.25397811200807,-0.275515451890065,0.133042066304801,0.016176948473146,0.0325217916982544,-0.187577115823329,-0.162563703406574,-0.244053640265588,-0.077606443853905,-0.232663796371418,0.13503524857827,-0.135224385560833,-0.30378931442239,-0.159263589136584,-0.430990821618981,-0.319978763484988,-0.543831420576373,-0.339465842069214,-0.120093158341899,-0.220869492006455,0.635137011015294,0.07015532878935,-0.479289171527014,-0.303642705924368,-0.383254211817397,-0.0546746168884424,-0.359128288483631,0.43763754200785,0.234907487088091,-0.267403957315792,-0.511047897960604,-0.522700941614945,-0.399656003735816,-0.375426811488322,-0.555900347850635,-0.290529012603651,-0.334346196743896,-0.509570434968792,-0.323643600699861,-0.448541535325657,-0.15957924237313,-0.357134847001664,-0.523480546350913,-0.166630845729536,-0.0674577862700592,0.625948708358975,0.273529054856376,0.8058294131493,0.683561285116148,0.310460099722466,0.376197283742366,0.419051230994732,0.824536383099294,0.695226731023342,0.826165554742034,0.724752682553672,0.643206492861515,-0.565842377707762,-0.411893892580155,-0.540268318311766,-0.55327298527182,-0.5749127712658,-0.59588508398964,-0.661425267887567,0.125299597126722,-0.33821536410805,-0.0895639504629471,-0.554461067647842,-0.213548644274035,-0.449794760689052,-0.410245384441372,-0.623331829193251,-0.276183767820954,-0.41943074718423,0.119063960019753,0.230476900444194,-0.370616896444168,0.0118321167120976,-0.292397794361453,0.744153150091894,0.339881009739248,0.630429282196305,0.153315979607586,0.212434838411707,0.16382549420537,0.317968822160472,-0.125259407972871,-0.0587511304791118,0.0606270333286967,-0.164980110952716,0.327095641199483,0.0669422953091311,0.00301691890552096,0.370764007959221,-0.106076527019706,0.382281034762366,0.364320807121104,-0.0110997067672003,-0.173681590733036,-0.0718554446598888,-0.183932847790613,-0.143804207709148,0.395925035147835,0.105996723945397,0.0363642288434294,-0.353144552285289,0.667521394274491,0.152009039170399,-0.0910238458891364,-0.349072287677348,-0.201722521867746,-0.344130064369678,0.30383057072068,-0.220370965860542,-0.0867806541085094,-0.297345778738507,-0.0687282095806455,0.167405966710312,-0.0658750559070538,-0.0424124357998243,-0.399474451730465,-0.269964791032854,-0.271185086947347,-0.338407568624436,-0.112015956161771,-0.1969166224087,-0.191595466868223,0.284516245682027
