1,0.673026842306603,0.122031515305829,0.629633527534773,0.555198209675201,-0.298304597286096,0.0852102256436846,0.268135953241526,0.0290581330332162,0.351938022503412,0.640533912244605,0.54208237174301,0.645647949643942,0.480611117383791,0.526134320858939,0.328669127363756,0.343115764639571,-0.0798469134393713,0.318707038927291,-0.131344443942267,0.30895109566352,-0.0377890638200846,-0.268995567147243,-0.125664552892016,0.407820006562924,0.0586505562746975,-0.146725287148587,-0.36494989239708,-0.299488532746843,-0.238008864621847,-0.456447688674854,-0.29161314525766,-0.367644118860664,-0.484834966149539,-0.401439167504533,-0.274844193136029,0.0852421085515607,-0.151583150468175,-0.095218304837187,0.211207192121652,0.0838791336982657,-0.0689784976966112,0.164878576621042,-0.247400301854868,-0.0994188559082476,0.132075087932739,-0.132495662996796,0.354926331324079,0.0512374585849402,-0.131111757473037,-0.383265861241094,0.436931085897571,0.284505316873383,-0.369861125786406,-0.255730940331587,-0.239488541031129,-0.289665153107705,0.380292814195275,-0.0549614355690608,-0.0417913579436385,0.320677128459637,0.102680313323171,0.125924924894562,0.177981614761547,-0.360834024976217,0.296689839796917,0.0203018875085831,0.346324339396493,-0.0168830769995184,0.340676005835928,0.225157870018763,-0.0262787322964811,-0.309731081411869,0.0844013255647086,0.277451083517346,-0.215448570732979,-0.125593172251591,0.0857943260354542,-0.246186227496332,-0.0116783500894843,-0.481085754888528,0.203398204675166,0.218421994577173,0.532142820587925,0.628322702937441,0.534229087717617,0.287019764330829,-0.441651119623449,0.141240011323471,-0.153992839024741,-0.020472618402683,0.422671475814634,0.638309076363547,0.152102985041288,0.379497739989501,0.403377716263102,0.232824482242728,0.163819032294201,0.0146529691462351,0.453852760410276,0.151440160509493,0.209242369686262,0.251886846731519,0.100191808043176,0.129521632718629,0.00879842128450247,0.0801963986656007,0.527153384808326,-0.218210994162501,0.41699835792362,0.358379000714408,-0.115132409982751,-0.0430304407955722,0.0726289325794557,-0.129151322110607,-0.292558483250942,0.11221163027375,-0.084301470833839,-0.0635498467487874,-0.0207238594990266,0.084757737333848,-0.0204457043056912,0.183314755545945,-0.0656832062281555,0.03075399950067,0.0603263729691606,0.281347401687218,0.157204137172742,0.143069137249611,0.0906381344261713,0.176002586078357,0.0658354314037257,-0.154580633425849,0.0923435609384867,0.132008364765506,-0.143577088233616,0.427744255760976,-0.181415300077218,0.107595370057999,0.0364333157722714,0.0932723989090906,-0.265161171356988,-0.16363762933968,0.357812173174874,0.103265036294562,-0.0704898910599794,0.263539769834662,0.0494487043747876,-0.329489412549701,-0.00024517204570044,0.104676481623627,0.118026549908392,0.0428325622660375,0.0486390606384795,0.232948487940499,0.162896039424157,0.361065636283845,0.0265227114236296,-0.160440985297293,-0.261538757836142,-0.29025717474885,-0.241105760714069,-0.0120275133869282,-0.26881076212762,-0.230593148154016
0.673026842306603,1,0.529789692531893,0.645844941394638,0.273872890224414,0.197552681133828,0.374053441101844,0.729285576571859,-0.00213965084441058,0.645071293400945,0.659049190339087,0.832383739662342,0.748941518854101,0.242614836009402,0.291550247426941,0.307398318976029,0.12425124416275,0.107852305369662,0.343627108948745,-0.0575476841366145,0.345760360879822,0.0948017135469538,0.0894134053346052,0.0923405377109701,0.416638128250436,0.278114388721829,-0.0294030604822444,-0.319005532366611,-0.132994564909243,-0.0981567278175272,-0.242207748070465,-0.399025130175316,-0.151833662833252,-0.446047532361316,-0.462083327441706,-0.291729165879475,-0.0115324219563958,-0.234155685433142,-0.211575317806712,-0.0820746077169743,-0.217821598275821,-0.158619289900338,-0.0874561206997388,-0.315765535340465,-0.344674058334453,-0.139093238909766,-0.190034074275635,0.118627713810279,0.106595650703744,-0.0573112712210044,-0.248210047394927,0.193530015275589,0.17454046397125,-0.256326115702447,-0.263928481980867,-0.231104067180333,-0.21231329367319,0.382217056582789,-0.198955298768809,-0.169834904289276,0.267126401691852,0.0552870112603695,0.188916339169627,0.211822605193632,-0.296025168621781,0.185935899219161,0.0594012553807647,0.151460651188578,-0.0886716517342837,0.271496118433217,0.0509773426989982,-0.0653595838454383,-0.157238495766448,-0.125325589977611,0.127162964745004,-0.114938503593122,-0.0946815809524701,-0.0220062252010933,-0.214439914389308,-0.182050410334055,-0.484171081941653,0.0231702044131077,0.0676309595260646,0.179378711023022,0.777978787531099,0.43574058747191,0.561760177480597,-0.1526660771525,-0.070408500616104,-0.0837791643790493,-0.122060620008279,0.477900478663541,0.59201384787356,0.0368725025254286,0.221138547060436,0.12312952415792,0.0824882376006182,-0.00149040087859215,-0.092716427317792,0.319250492323527,0.211604919879988,0.0437598833517101,0.191771539632702,0.129792404563091,0.201083354892882,0.043584573902837,0.244856970610117,0.425267860607638,-0.132238965892499,0.544540304698388,0.404100674327957,-0.138280640279495,-0.0184718917319301,0.0860846722358414,-0.0195318039841174,-0.0922956616581136,0.0923236780844146,-0.101113417623443,-0.198889340737906,-0.102437833767843,-0.0612220496677261,0.0403552410463997,0.14947852691862,-0.159098874330541,0.0741964251803046,0.133864603550375,0.0796372667262104,-0.0143108353687195,0.0797222091270366,-0.137879794628057,-0.0133383096470507,0.102422770476746,-0.0534264767892025,0.12061375402237,0.075605443036075,-0.120387473966921,0.125705539170942,-0.277705118221827,-0.00097874720880174,-0.0962328732623858,0.1031032572698,-0.18418248764103,-0.13063493378785,0.191593343525067,0.0189062273080424,-0.0666559525827283,0.0794577792011039,0.104652904541205,-0.349226391189826,0.111150537988644,0.152551472861144,0.226301161081029,0.0122541069641452,0.0515077481641706,0.262584940349198,0.242842360593458,0.105591941307329,-0.0833397544820591,-0.0543806602025567,-0.131577272980132,-0.326305270674746,-0.104188020193139,-0.137022348802631,-0.23899122655572,-0.291495714127195
0.122031515305829,0.529789692531893,1,0.0936129220571031,-0.176774747174819,0.32776318737672,0.607514195997437,0.686898007120665,-0.357299947353916,0.789204602174387,0.206427555137475,0.411091374574925,0.511470330619362,0.0909565744784587,0.173515009391553,0.205250734870524,0.0128976699407502,0.429560824542336,0.20590050397235,0.00966551265627545,0.422251611743302,-0.0303996636365417,0.509369164330656,0.413423266641547,0.185676078266938,0.504997921388265,0.0434499805484808,0.25707843585142,0.40394211109287,0.396451440464532,0.384622733032181,-0.079677179006088,0.520523056447813,-0.239801989541733,-0.232762306634568,0.136394656759288,0.295468700150836,0.198344568512018,0.130056311720953,0.014688051707296,-0.392859974269538,0.209889349426257,-0.189729721997192,-0.315335131679269,-0.114881104340597,0.0467438889805527,0.0318980980653203,-0.0481326884132736,-0.0930229509603199,-0.178906498453613,0.333141952639173,-0.0878635843667929,-0.138073485752263,-0.189453236017801,-0.164946890897524,-0.267001637262742,-0.313628234275937,0.14397400725193,-0.101900329405281,-0.084163879100455,-0.0711228920187099,-0.0999052042197463,-0.246753709037973,0.0456241546718777,-0.167163004393835,-0.318833248589864,-0.301930674208544,-0.27268951829686,-0.238166057984523,-0.0869941694622359,-0.291305440594956,-0.338746786876198,-0.120990311269919,-0.461720766352771,-0.39409734591149,-0.348395509753874,-0.365095552069912,-0.241162547629932,-0.242165139847654,-0.227987858957432,-0.284608664167102,0.00520055032596516,0.0819429420838781,0.086945860376092,0.486501385952558,-0.0112022456331019,0.776838605320663,0.148888268610637,-0.383078941367954,-0.289883508431664,-0.354983936227326,0.647221061758292,0.15936690797991,0.201760049247294,0.0752207587332927,0.0106656071695997,0.121093331325648,0.0654435577922842,0.0734767095754924,0.127374567833784,0.140617649819754,0.0601722565058591,0.173116161047044,-0.180357580817887,0.270325061908895,-0.18205049626991,0.390256041415861,0.271028985053179,0.173989834581645,0.344793931179102,0.113804169292854,0.0759482400625006,0.146853923181387,0.271269016078794,0.339273788933816,0.400632070381234,0.390905699308785,0.163027094763692,0.0231386410490519,-0.171746666551578,0.01716543814184,0.0179427494664721,0.130376372481532,0.12904792443037,-0.0709805195723553,0.0803564454381835,0.0409993977246971,-0.182608318209757,0.131180081632135,-0.247565115600425,0.0259325267613047,-0.0539858413313058,0.188376959761836,0.201613654936796,-0.0597419261053597,-0.162967561321111,-0.0425228396687651,-0.240591820826332,-0.0279050645704904,-0.254220769892661,-0.129583507833798,-0.124149280266684,-0.253484798314671,-0.0261784527805033,-0.0722924964110539,0.00861071385209116,-0.410200900992435,-0.200547152469851,-0.185201993449789,-0.178787150763572,-0.174184086247781,-0.0500449442152881,0.0205361441960952,-0.0312393458392762,-0.162906861439471,0.0724530243211986,-0.209848558332189,-0.186237601652857,-0.0787240634474725,-0.211001592918271,-0.256014036732574,-0.212120780906769,-0.258226143262408,-0.253307524755579,-0.304265578467846
0.629633527534773,0.645844941394638,0.0936129220571031,1,0.700243570509186,-0.162583850204737,-0.0123599673023181,0.172850835841373,0.5263938522929,0.039174233741055,0.756979540216536,0.674953416508553,0.311520728335133,0.27967669550782,0.2803212816429,0.221857359710293,0.205676212024296,0.150560879001011,0.40638331172702,0.203785175456537,0.249958625190737,0.344043597768001,0.0370162649084007,0.0997154553044299,0.431956053361389,-0.020313448747603,-0.138702301261257,-0.456867406670255,-0.0620576607372155,-0.0392347292647475,-0.266112567753237,-0.492663702929686,-0.314554943022348,-0.273972511736737,-0.327402985652897,-0.164119201058709,0.053702387627274,-0.113483659985748,-0.119719547040878,0.0808498970389466,-0.0274552336776709,-0.0195279960645479,0.113929386726086,-0.103959514820006,-0.0894179938681722,-0.169759504107815,0.11298383689356,0.335611606030031,0.186574968994279,-0.128006637063002,-0.225611687050849,0.137475190953305,0.0663547650848744,-0.25148245522421,-0.248014609408573,-0.157718550694017,-0.100881902736504,0.12949544944353,-0.323887299813129,-0.285771002557593,0.44533559789711,0.165589134000843,0.25216044705302,0.344527641778578,-0.120051520766538,0.246839673249397,0.071743296261279,0.134694668646593,-0.0547186369445378,0.302578859636458,0.073512141271163,-0.0122375635008553,-0.0899642585108617,0.0133540316565736,0.0754281632852051,0.00144968096428428,-0.0944040218894798,0.199912001457359,-0.241564002626304,-0.293684575163828,-0.47699785245545,-0.0436265419638685,-0.00539148869290472,0.127358489687094,0.522763275736055,0.849138985538657,0.112747969126762,-0.473934007543602,0.471640128406223,0.367306003277849,0.431553901626925,-0.0651531651145933,0.818992520575415,-0.284110285892049,0.0881876961670221,0.167901141357484,0.168594147640923,0.0555008557147251,-0.0504449082868004,0.329194801377756,0.290785693521811,0.132032728803463,0.347169629659834,0.348221122980614,0.274188183591004,0.153377071124206,0.195224523013023,0.316665698865,-0.0165922437704106,0.350906755179631,0.413710988935257,-0.101706937166376,-0.19108135779409,0.317008394849427,0.0342245588502281,-0.0423078840326457,0.00706510752259167,-0.277784313005199,-0.147432287963523,-0.21482373710065,-0.0559933806776542,-0.0493621369487932,0.117000541161302,-0.0884027005399312,-0.0152955170049656,-0.121525888645207,0.0253910540958231,0.077898363739869,0.10074683777428,0.0397346471077556,-0.0310093473601309,0.304080124254444,-0.0730678707799299,0.0265915291959046,-0.15712961535766,-0.142839535140924,-0.039027237961163,-0.338377224433264,-0.185822623559838,-0.258336799317134,-0.0377750043714257,-0.229262711963713,-0.285099505488502,0.123908624156099,-0.280726940787754,-0.187144791692567,0.074837612578306,-0.0682369273298565,-0.46473915438488,-0.0910694219718447,-0.101201862597167,0.208510747029143,-0.0713135475198495,-0.0965342525933169,0.125898047667637,0.2124588376393,-0.0683558920616278,-0.114842972415193,0.0741655357700521,-0.124548969838667,-0.438307715163202,-0.104057458542676,0.0515659937532527,-0.311786393196173,-0.36845626076086
0.555198209675201,0.273872890224414,-0.176774747174819,0.700243570509186,1,-0.166303908184463,-0.342284193347113,-0.154999189558525,0.600674836606957,-0.249552116571256,0.694610283751326,0.34131090511395,0.0497644470193534,0.373710914447337,0.372098064445868,0.295866266101808,0.162051477012962,0.0831129463278474,0.339557949891075,0.0708852625122935,0.180628714949344,0.169125094341407,-0.208847383142433,-0.167302872928461,0.31556241049659,0.106071132760667,-0.10663057354184,-0.195478807346323,-0.115714372765831,-0.155376181634597,-0.367183677777938,-0.4096161780596,-0.377645770394719,-0.2637096787458,-0.164113595147429,-0.0176890306620739,0.00486522876938501,-0.180247745881453,-0.226892522648355,0.121302329043772,0.0189284793601354,-0.0289041125824305,-0.0157446025408027,-0.261300997830733,-0.0294615126993108,-0.138016600613704,0.0636194334270644,0.406379381444125,-0.163483052561747,-0.0304391302270156,-0.290286184122528,0.0506851602166376,0.0140973631651525,-0.288484102643473,-0.180985486375738,-0.0608722819234913,-0.0670715723571234,0.12511115838054,-0.159631442988586,-0.158304260360217,0.408678304614933,0.387911655737777,0.292308248533568,0.242875139310863,0.0294594630440337,0.14383277717655,0.146804279311813,0.072419912571322,0.199457987086692,0.0699644360729716,-0.0109442407831267,0.110086537720428,-0.200443179448732,0.183422985275921,0.13933428318262,-0.0344205684382291,-0.00979412115401198,0.556830077596582,0.0125083473645984,-0.161606239060541,-0.308668033487138,0.454823859283967,0.211794568732251,0.55128512168113,0.38323356235038,0.70723093290016,-0.144148042151405,-0.297711889600985,0.786831763162287,0.448310883158096,0.641912158810942,-0.164168944701064,0.782699391915414,-0.156605609163515,0.226005394581286,0.263068320304259,0.237706814583993,0.266720154500221,-0.0633376703767015,0.273626449527778,0.20033466767407,0.0791311991244047,0.257159482538098,0.267601072404742,0.0599231579707155,0.201983323355317,0.0231169594274308,0.131304600046463,-0.182340450388983,0.0599428616761462,0.19986493702978,0.156501629359212,-0.25355654219859,0.162411993573014,-0.0807747015272482,-0.166323335565871,-0.114115294572763,-0.273666240875533,-0.120216019311599,-0.327216145665105,-0.153166700189361,-0.180231325334082,0.0194359393421084,-0.142008390183844,-0.196483478158531,-0.134800637446665,0.00433201642835367,0.076993875652162,-0.0787674973613025,0.0333211740266868,-0.234965532887054,0.0490418900199675,-0.350351467957933,-0.155742040289109,-0.0440396502423326,-0.00310512666513677,0.0477995705870103,-0.25364929404086,-0.20897723276283,-0.118258829400189,-0.338735601635396,-0.448190921925158,-0.230166182098795,0.255100569595802,-0.249565105079228,-0.165439846464724,0.0961132815993328,-0.274498926515198,-0.163878430331552,-0.269645514959334,-0.137335413411436,0.0872162790085161,0.179262190386007,0.029380728930542,0.0458664553574823,0.0778723783643341,-0.0657383980495257,0.170610486736552,0.219488265617674,-0.214645955979046,-0.262479546867386,-0.054207128629506,0.471549598556127,-0.120218857838155,-0.224744494500291
-0.298304597286096,0.197552681133828,0.32776318737672,-0.162583850204737,-0.166303908184463,1,0.274988150977285,0.451185841677754,0.161990713271209,0.271902500818703,-0.0238449954931662,0.255000459331919,0.0966838982773067,-0.0229629924962397,-0.0327342626601072,0.114401705577169,-0.159430699086423,0.168674281513383,-0.0951370834706816,0.00160697366515034,0.0304069088976305,-0.0782618244132092,0.150943055023531,0.0603205103200156,-0.110181631224446,0.423626244923448,0.0500531225555065,0.252559407059287,0.117662217862711,0.00748528870513899,0.0920674982280079,-0.130764346456488,0.0957318556322078,-0.0275299691542506,-0.110174927680809,0.0707205811093399,0.0163930706318506,-0.064648601124201,-0.0755625809207299,-0.17668562504038,-0.287217279268619,0.0354572098388637,-0.300722816997486,-0.0881359204606291,-0.149849868815852,-0.245710057843304,-0.00880942370544895,-0.217404932635301,-0.0335117438971507,0.0466755223695799,0.0490048780084149,-0.276859807949494,-0.145052169072193,0.0850126257552099,0.0216892570963543,0.0118769391656421,0.0121876751579388,-0.0834140791617068,-0.00425249569498937,-0.0428743634612252,0.0318020202317404,0.0590567833280876,-0.00567673514122712,-0.0386717601465938,0.0240292137768683,-0.198783313365786,0.0280224190078794,-0.0838515108050207,-0.0645313315825616,-0.125200316514572,-0.23274532220124,-0.111301095389285,0.126732752364878,-0.241885023365363,-0.190472846897768,0.0647120312991665,-0.0817723320892207,0.0993639610188226,0.128105630004107,-0.161861670892918,0.0488382234029369,0.109590793999778,-0.127694916354587,-0.116940935878658,0.24503822550443,-0.224850589794274,0.22488038897297,0.735628701971312,0.0122671802233494,0.293540556542728,0.143866985532999,0.0906012018545968,-0.039669538977468,-0.0614854888380995,-0.00265593748774442,-0.184665240066839,0.0437672324150563,0.0573725829137882,0.0276614161823194,-0.266955079992065,-0.116174111115589,-0.246060006846863,-0.184299612908225,-0.0323905280361816,-0.0496278657873374,0.0105391730209993,0.165976816294707,-0.209912904430197,0.107679013371659,-0.0212770315102249,-0.0935724633626459,0.165610210583302,-0.0787583009498749,-0.0595134670356617,0.105965634751466,0.150471160804349,-0.0410099589673813,0.0438453699253245,-0.136908224211721,-0.231044414379369,-0.127584037643685,-0.0632741376666341,-0.0572018417899782,0.0288139336094662,-0.0843047778747178,0.192302737710497,-0.0533021314495777,-0.108632035245135,0.023614051558964,-0.163119113331212,-0.143397534205935,-0.0111480966557912,0.0782599313870355,-0.0232693402872042,-0.0520836854069473,0.261607149480368,-0.302604486471162,-0.116421128118086,-0.0913513460823581,-0.14819789271698,-0.0509261244100648,-0.0626376762190155,-0.0738708161159149,-0.100310653821991,-0.12865654941469,0.00175869013471063,-0.237624836653392,-0.032077481097904,-0.0488267831224893,-0.0840956338802475,-0.0272118181677493,0.111946228004495,-0.0349452279348708,-0.0359143438429318,-0.121053772874317,0.0132837522995865,-0.276143053978221,-0.124486036352756,0.0396100898523093,-0.0207307697883383,-0.157630446929555,-0.0549395851084712,0.00834452491476993,-0.0392384294959465,-0.0249602138242318
0.0852102256436846,0.374053441101844,0.607514195997437,-0.0123599673023181,-0.342284193347113,0.274988150977285,1,0.533660458603085,-0.319416212234067,0.59859416073887,0.126482738984098,0.272374193861938,0.463808107952461,0.11007858744609,0.101199861597996,0.207864900209191,0.209618195384185,0.182755240000377,0.20188467625799,0.137013037955357,0.304585488642046,0.112824462779246,0.308533640884114,0.326229479345622,0.20459472144965,0.252893031034538,0.116570310097447,-0.00359193138931596,-0.0182231839006003,0.0513992342937315,-0.012117763946273,-0.290450002634452,0.194241855780124,-0.128711551472803,-0.381944700774336,-0.174488963148832,0.247422895792683,0.0146006702350939,0.025615380331807,-0.114712111977233,-0.335195463856713,0.0148599866079687,0.0206637237124413,-0.233354496233595,-0.215323019796841,-0.0779081031286641,0.0775042714106774,-0.142241813229985,0.0415300411407169,-0.260907862562909,-0.0637953226078813,0.0541689606559537,-0.0473973691483475,-0.184839757537999,-0.350379619892738,-0.230157942937727,-0.11756639003167,0.0721733862468287,-0.0808406119791696,-0.223133711497556,0.0979393372787873,0.154540966082513,-0.0655211102123543,0.286902325147406,0.0181292803833477,0.173107725822875,-0.115321955889875,0.0373268316028487,-0.180614226159191,0.387178903863805,0.217065047939494,-0.172564838649164,0.0848662133334222,-0.317629415335299,-0.144499770742724,-0.1248311995457,-0.201770508655865,-0.409607524973902,-0.0392571714870635,-0.131617971808348,-0.149048246654686,-0.305741510372927,0.0780394232603053,-0.114199378418162,0.299235427943479,-0.0478742891397871,0.456925534351675,0.195583796531977,-0.457275275763846,-0.233844253208983,-0.336625340531375,0.360529636850427,-0.00656379779651223,-0.0143462684357813,0.0156486955195916,0.0772076175593544,0.170582125631393,0.0190106680844057,0.284420129741474,0.276399061593812,0.152554364021239,-0.0922230229470731,-0.00625347127526765,-0.019038906027388,0.169673503416107,-0.0730275110602171,0.347495001768456,0.233731220994666,0.137173279135051,0.348581393740985,0.233257473168227,-0.259413177724531,0.443125596727173,0.0082514484050052,-0.129398404852992,0.0704565162995136,-0.0329238926926217,-0.167106785060325,-0.214321693739682,-0.0946889918613603,0.134073580513828,0.26041339349939,0.282459923014259,0.0111522036000823,0.134183280523287,0.0395823265440668,0.00615138511473253,-0.168136651273118,0.170567101074384,-0.125630996644667,0.0825220862963307,0.135225203866336,0.0732299552652693,-0.0361872316088181,-0.196095092208353,-0.138176862823934,-0.0239353275262308,-0.130948237447034,-0.0290370619857972,-0.163771536813596,0.242209549413963,-0.061498889667847,-0.0596152994843116,-0.157786299453129,0.0421415992302704,0.018117700911345,-0.0993259641975997,0.172281397849321,-0.148005492085508,0.138558385022131,0.043573550070957,0.216744140850934,0.0555833181681036,0.00987724675230553,0.169737013453232,0.290586645931404,0.205527049101245,-0.115307289395056,-0.205950886242944,0.0507899931368012,-0.0775995316983272,0.0890319153025418,-0.415578427767182,0.0224189896178337,-0.192288804305051
0.268135953241526,0.729285576571859,0.686898007120665,0.172850835841373,-0.154999189558525,0.451185841677754,0.533660458603085,1,-0.365640753587396,0.890911474102607,0.257434632342544,0.741042307312316,0.773609640658865,0.126530186048666,0.140843055461506,0.177449288504464,-0.00310363810542449,0.16494893459141,0.177111904995204,-0.130021606007328,0.33167682627822,-0.0612988400623707,0.27901564822808,0.261122700162326,0.327010387854808,0.327433384223525,0.00364689909781747,-0.0674215933062978,-0.0243840814524414,0.063333481493817,-0.00096584423833377,-0.0937602025005805,0.181250876647317,-0.305520361971174,-0.298505205614902,-0.272667462279858,0.0089512753630477,-0.200478338243716,-0.225792068801146,-0.109117327066861,-0.371209747670515,-0.207610573128502,-0.253231495695866,-0.277276895282276,-0.284634415506676,-0.133041947196766,-0.186372238989337,0.00620203218693341,-0.0826975508617936,-0.0241714429157987,-0.0756154104191298,0.197137374979751,0.13273212781727,-0.135559662405861,-0.164839485782662,-0.233369792208341,-0.241330000211292,0.33269502980016,-0.00338213048477181,-0.182541759075955,0.139288985060333,-0.0343366501089801,-0.0371678152555435,0.0879823288687406,-0.183258128896164,0.0220622021049319,-0.0774602457796868,0.0834096384532159,-0.0325958514294397,0.174382571027717,-0.13615882257704,-0.159896041267534,-0.170567950696691,-0.223416694513606,-0.0854925508954662,-0.271032304199647,-0.169536170937865,-0.181468337843515,-0.194814896543481,-0.185639400193679,-0.219128197938204,-0.0261578114331677,0.00816573384671528,-0.0171712933291472,0.559549344426844,-0.0363492792922224,0.66790092672973,0.175563029430105,-0.374079768533574,-0.343083928041059,-0.409886556875459,0.610565786725791,0.239294725982942,0.123537259797912,0.114165499588902,-0.0138646038267127,-0.0526393234415865,-0.049088241348255,-0.126914200059501,0.0818328299257013,0.049891720619424,-0.0845009672776331,0.0129032005446304,-0.0905013007784016,0.107869176775655,-0.0502760534420021,0.230458242461601,0.412367760841203,-0.131315150275909,0.525930269777494,0.279074228070974,-0.162457066015354,0.0597012172712395,-0.0486604108741297,-0.0359320333183345,-0.0043461860329715,0.060897592357077,-0.028974394904151,-0.192483127229114,-0.0278701726416562,-0.113051674587725,0.0959896306437469,0.11215600650737,-0.213906806174193,-0.0518782668682083,0.208360819676968,0.0795574675684612,-0.185396657465149,-0.0760273100103738,-0.227211564230932,-0.00654538261037947,-0.0382912754369532,-0.0776683515458748,0.0523446601602128,0.05156108942271,-0.00163909095465846,0.250782116625777,-0.194976703795205,-0.0453599965910511,-0.133161936109004,-0.0348335257214776,-0.236113215084567,-0.191475677125216,0.130840996959366,0.077884668725871,-0.152947433847134,-0.0806636811379252,-0.0430446010458643,-0.279334750216048,0.0388704121809644,0.0644599845710905,0.168480894390598,0.0327751450514226,-0.00130464468937349,0.00472121543059128,0.102087861926326,0.066230955703708,-0.122233152525055,-0.0686773399773355,-0.21080751124728,-0.210526880419352,-0.179613499302922,-0.262376584267877,-0.196458131137812,-0.0920626654365022
0.0290581330332162,-0.00213965084441058,-0.357299947353916,0.5263938522929,0.600674836606957,0.161990713271209,-0.319416212234067,-0.365640753587396,1,-0.550583049331957,0.343028118837088,0.146095695794197,-0.342334637431945,0.0713274455374754,0.00568739364821863,0.121168326451956,0.0527290583038623,0.0625075244654466,0.0316180748019169,0.243818300780062,-0.112159728177391,0.243975573115744,-0.0711214149330152,-0.14542450541041,-0.00571846830327406,-0.0943810155602165,-0.0343625219426047,-0.172010879973799,0.051868290221162,-0.0578580371268977,-0.133541168372159,-0.33260976227643,-0.279474062650244,0.104749521165496,0.0550549027686231,0.126221758480509,0.00583518420841201,0.00397084733900433,-0.00172164139092632,-0.0244969210013767,0.088724378921939,0.12339621787894,0.108977510933226,0.0942627356533668,0.0743426306493399,-0.183633586019214,0.164104308078814,0.0609426911516786,0.109571801562503,-0.0324669054418281,-0.102367100325787,-0.291773265353197,-0.226755169644194,-0.082966140542482,-0.0573812107000211,0.0834963806965576,0.214709919708471,-0.177996242996416,-0.301238040648239,-0.175303846243866,0.20998232106786,0.266177100288823,0.232268241894438,0.166611401581851,0.144733855954892,0.0583725731628486,0.16256085115267,-0.0695821984602394,0.056788900155021,0.0243525129206029,0.0347844772125965,0.124863819838209,0.106397062879317,0.154376904200203,-0.0257328083165547,0.280741807868797,0.0969906461825463,0.522670591270638,0.074757486494068,-0.206527568254255,-0.119896179850574,0.105444869257102,-0.0666663132749836,0.0458988391798571,0.0718727197278525,0.588461229123811,-0.371247505343807,-0.0110062401190268,0.855715578483523,0.945476381221044,0.935839027682038,-0.538866872338572,0.383990916725853,-0.415719523974176,-0.0893653709248933,-0.000282723775285586,0.161715754775099,0.118028225174929,0.0752874753012445,0.0196594395542824,0.0569466220209216,-0.00045287528124092,0.128713011278608,0.324691513636187,0.0104192219182061,0.231450254946899,-0.000582102744849783,-0.23249680834774,0.115052005719599,-0.155683229935259,0.0116348381896104,0.059461267931843,-0.245393640593278,0.198570359522794,0.082689453264752,0.0396384565459673,-0.180280828689671,-0.211076031050331,-0.107723194195099,-0.329037411712107,-0.131269096150728,-0.16310254871532,-0.0532435694130713,0.062211871263761,-0.115696391159225,-0.126154913406225,-0.0848552647191746,0.0200160798991246,0.0442358516977357,0.0862145089882302,-0.141226692994318,0.223956317653474,-0.0310901561273178,-0.162070234534256,-0.277247593486888,0.00221466362349597,-0.447228288788448,-0.256730606720364,-0.350400629785533,-0.311912473819056,-0.19446345849061,-0.101488728546516,-0.173678398698376,-0.0201567470914143,-0.379887442306202,-0.167277939337941,-0.0806946827997711,-0.171624186548995,-0.105765952963737,-0.230583051631808,-0.230131012072863,0.0956934643667798,-0.0983541861604708,-0.0548001824296288,-0.0278397969552763,0.00965252744195791,-0.353600304888883,-0.0492232425842551,0.284133240555856,0.00901312536456253,-0.238471758672087,0.109021425388352,0.396451624657418,-0.0980775540008031,-0.208701160468065
0.351938022503412,0.645071293400945,0.789204602174387,0.039174233741055,-0.249552116571256,0.271902500818703,0.59859416073887,0.890911474102607,-0.550583049331957,1,0.171040875559125,0.576359416565174,0.821019444548382,0.185696879191363,0.246487972068628,0.183009513827079,0.0913667542179027,0.139273037627238,0.176155646426594,-0.125983759312311,0.387136048668774,-0.138845371302316,0.267909251730824,0.26036570157796,0.300266253088094,0.350852695582178,0.0155056707085125,0.0390688919075243,0.0311569261843395,0.085343887076122,0.0453382853435311,-0.0222810382951426,0.289158945468766,-0.346727455789456,-0.342353861791183,-0.202161765706128,0.160767065352354,-0.0640802270534598,-0.0621365257376909,-0.00268340530790778,-0.294850265029203,-0.0748900733296227,-0.153163440142141,-0.317602939084177,-0.227226222969403,0.0683760930055602,-0.131197252258153,0.0193271994482933,-0.0745020841534538,-0.115824855603287,-0.00122155761574504,0.202871622173025,0.122871291453655,-0.214552118469862,-0.17972606654998,-0.253809546645819,-0.328312828689919,0.328283404119754,0.00448461343520521,-0.117958789748449,0.0270491656945356,-0.101514899901888,-0.168036303388159,0.0728168064857585,-0.243729773058134,-0.0998711777830688,-0.226087427015767,0.0493496545027508,-0.175071360020455,0.156039516757829,-0.0649318555380635,-0.311687891414276,-0.22265126607523,-0.347715517065344,-0.150337712180957,-0.364326978805172,-0.292670499032214,-0.340674971220521,-0.291549157066586,-0.155915158502688,-0.278153221170092,-0.0336969192355955,0.101270100255309,0.114234376835193,0.512820396334776,-0.12326772678776,0.745539016137799,0.0604550398056564,-0.542858003852369,-0.523456622873871,-0.577877277385146,0.793480981520481,0.140843618260195,0.298967420097665,0.212229049116634,0.0997606224733807,0.0285617039457609,-0.0139205628508352,-0.0135570578695721,0.19792453502818,0.0609728297849559,0.04594956943587,0.0624082988999914,-0.148442617835086,0.145567595201363,-0.13745688566823,0.262811201762647,0.496460437581479,-0.0825068954203189,0.546533826213203,0.244658345308793,-0.123321709089123,0.183670438125775,-0.0185159912797926,0.0203229646535641,0.0194724316210416,0.230419145831855,0.119159670046952,-0.0593084747958568,0.0245560263086601,0.0566590471088982,0.142325261419959,0.213263356478799,-0.072443523030226,0.0189743209481299,0.206966137827038,0.172457405279942,-0.131544601995341,0.0609646542524823,-0.189602773755062,0.136355343843472,-0.0676637282138761,0.0374888513416586,0.154382544115694,0.0878664532423925,-0.0943848427627444,0.31224281996654,-0.159058985054785,0.0781853618415937,-0.060544066494101,0.023428925711122,-0.170819761207317,-0.162753214655653,0.148484685359434,0.146119199250317,-0.1212542228396,-0.153388449392653,-0.0256847752200934,-0.238228793311089,0.0208265079471214,0.0517411787678094,0.0640310307673935,-0.0104646657941963,-0.000154337590971515,0.0131862381569329,0.129106130104851,0.155200088125969,-0.208032168353285,-0.209064867942143,-0.272184810262489,-0.200196217851637,-0.241226653878682,-0.379715828401904,-0.258798867500807,-0.140553021262969
0.640533912244605,0.659049190339087,0.206427555137475,0.756979540216536,0.694610283751326,-0.0238449954931662,0.126482738984098,0.257434632342544,0.343028118837088,0.171040875559125,1,0.629027986464628,0.401281260813658,0.478020883592939,0.544147836869286,0.459411519257015,0.346692644388844,0.247364363035062,0.617581710661948,0.223186886041847,0.374741010559535,0.335484024052093,0.0719461504413024,0.0868932256837113,0.519446994108819,0.284330020870904,-0.137092241276122,-0.295972409733018,-0.0466358082692223,-0.0680555358125828,-0.361865763693852,-0.650528446482616,-0.347257813360016,-0.476262672212963,-0.44730450526344,-0.0791946668542349,0.126136640266494,-0.0939688767728503,-0.244448821671878,0.0537885849720233,-0.223395028735382,-0.0270391133824007,0.0314192039927666,-0.452016042019059,-0.237375131947986,-0.228498547243848,0.107802185205132,0.212974372650558,-0.135654607979697,-0.22013535714879,-0.32555081432983,0.124876921088192,0.0496073336910192,-0.439770603074827,-0.343977967186798,-0.260694892414462,-0.19967873049668,0.0499773878846386,-0.366107952775219,-0.416988590043874,0.339091022993004,0.361952400249402,0.10765116055816,0.336374805704891,-0.178074780724791,0.121001660713272,-0.0293681929452383,-0.0261821873939206,-0.0929529605465287,0.243259674320961,0.0664495015123694,-0.109597896988338,-0.239853270391126,-0.0612265849780413,0.00470154186276369,-0.141409735983734,-0.206804392973728,0.133831135450775,-0.191613802807644,-0.374254832806382,-0.622548844712075,0.213908060794057,0.331482831737881,0.361047070112747,0.687478165684559,0.748314992870214,0.232400517308939,-0.226642658258122,0.392579392166303,0.237876349680471,0.3202428879493,0.152931440444799,0.807468842499659,-0.106792942953668,0.367105022162152,0.400128801499961,0.354311914500464,0.365609409969924,0.107890874738828,0.468745944856854,0.440213823650136,0.0468118802666027,0.439975078637285,0.482453733806706,0.261010523966636,0.348692628068228,0.337802756959841,0.395621824307822,-0.0791412742230341,0.422128333869486,0.426466587662003,0.0139494828377459,-0.0406486389416349,0.325245483863149,-0.0876054682257088,-0.118940595577831,-0.0221516379400313,-0.265608744557294,-0.205484405829652,-0.273645427533481,0.0340625689096871,0.00681843274147614,0.291491938651661,-0.0424575773907178,0.010761067817389,-0.00628481810926349,0.0641298683479915,0.0239533348070766,0.0973208338633559,-0.0245030659080706,-0.25457390634038,0.212493808194752,-0.22500091146537,-0.0623280452305714,-0.098102193446909,-0.114186216912975,0.114761887242134,-0.274758188780633,-0.0951336594798314,-0.128344648294969,-0.102714774385603,-0.392633203338394,-0.18718661049015,0.0294615981661228,-0.314467472555483,-0.25685572979427,0.0261322620188782,-0.108523132282828,-0.314240933000498,-0.144239617116614,-0.0174977994457124,0.149497742372483,0.189963463683658,0.0495691300456531,0.167860731804468,0.351951476815634,0.0701521754209493,0.0539641772042197,-0.0428848675325188,-0.164936957568133,-0.326327334086482,-0.0826982207450947,0.0112383672339541,-0.260341864713844,-0.46686858980805
0.54208237174301,0.832383739662342,0.411091374574925,0.674953416508553,0.34131090511395,0.255000459331919,0.272374193861938,0.741042307312316,0.146095695794197,0.576359416565174,0.629027986464628,1,0.744707975515305,0.270091759188694,0.288776707120376,0.261746605122128,0.167908630328592,0.160740007169199,0.388238180962408,0.06648409261358,0.349829828277226,0.245741375183993,0.221890116039342,0.225747325980995,0.584335663805285,0.166328264402893,-0.0883139947234754,-0.392694297347845,-0.0575725781847968,-0.0172252333012341,-0.229232011016467,-0.412899568503874,-0.113586212015332,-0.435974190001944,-0.396738009978755,-0.267315402313002,-0.00961658599547702,-0.192856509411261,-0.242084890777269,-0.0640485412798333,-0.224653500033775,-0.172073563149608,-0.064908301636403,-0.299832697742718,-0.236055991841101,-0.189184297491792,-0.06308362409683,0.150000235181547,0.0447063410018799,-0.134509503876447,-0.233613872146972,0.258780262111553,0.113605304234513,-0.325566813094368,-0.216521189355877,-0.286521093013574,-0.245531429106554,0.24319411656824,-0.287681352641755,-0.381192909789199,0.290271518781117,0.0560258558321731,0.0237375514284781,0.193096295751259,-0.28766720178395,0.138128615295331,-0.0622307671040654,0.0767239389940612,-0.0885801341913007,0.277319284845224,-0.0645051171212922,-0.209913783235545,-0.266816229206033,-0.144443141523785,-0.040732466926803,-0.233791352533029,-0.231768284178272,0.0264518769102354,-0.345896327570684,-0.405730752081481,-0.532116777762869,0.0287918621697413,0.00904526211835358,0.108420969404432,0.665327949338972,0.463702209018628,0.444853090425164,-0.171666235423854,0.076227347179957,0.0433904882480227,0.018759765074557,0.369091244743492,0.623035620865789,-0.00793541401219643,0.183641112158789,0.138170732385403,0.0567412404875342,0.00538262699347449,-0.0983138445098991,0.202628327509261,0.225483453217632,-0.00692089613196549,0.249029456501035,0.269574626598371,0.191371897880307,0.18890388677631,0.210601736014833,0.43216024292694,-0.105671980845592,0.595304141589548,0.512452242408051,-0.137721457346301,-0.0280450678014664,0.167472925294863,-0.0152976179961465,-0.147270898809681,0.0243825660452301,-0.131623135050047,-0.157616199167276,-0.108601892893208,-0.0490015992894251,0.0860638210764166,0.188501071670931,-0.214693394574947,0.0307198095840299,0.181420717646169,0.096774968554728,-0.0294615159432785,0.0298731084762,-0.0397649223536625,-0.0544812522585413,0.23320731124461,-0.064939021355222,0.0695396455938751,-0.0165884298839349,-0.0522648385091378,0.196809564322056,-0.356049001959519,-0.120684439219367,-0.168630573072356,-0.0795142725492744,-0.345124181912459,-0.279708603324687,0.171194045260506,-0.180479340230728,-0.234339107877625,0.00488637063295618,-0.0345305861130548,-0.408289271923609,-0.040506886313651,0.0334919972035702,0.185958975698605,-0.0298386450256872,-0.0259767400656397,0.0698061305281015,0.176296236076912,0.0549850766428811,-0.159043928416912,-0.0277927535512152,-0.277642095327782,-0.40378981489442,-0.225844431798353,-0.126750841036588,-0.388682943036661,-0.297210770335232
