1,0.409649645520106,0.251617556426679,0.687985214149446,0.566574707130206,0.299430334221294,0.364924963913724,0.325111026529335,0.529031669778887,0.487255246427469,0.678086168759005,0.642584751860457,0.689378378945804,0.0864273746149317,-0.0385173740771569,-0.0334655149122269,-0.0495937401351876,0.0118086010715103,-0.0597690028066867,0.109028582716269,-0.00423147069551422,-0.0551693357600938,-0.172953193052488,0.0275067675011086,-0.0974080655896873,0.0465828364345511,-0.217420929611081,0.30444325510954,0.130771452244594,-0.138207272248839,0.267420776615423,0.348162106882855,0.334031565551097,0.0498634521156565,-0.0258961106980458,0.290002394409437,-0.00388514186831652,0.242788779424442,0.278909299347986,0.124266305952437,0.0294735369746889,0.137767263015251,0.0687753385440815,0.143311408804256,0.150398037924095,0.444713405350396,-0.012682490388379,-0.175380970975713,-0.463425502218616,-0.433413347949013,-0.0224855089470006,-0.144860877919992,-0.447341438161519,-0.599111087045551,0.0560291986331105,-0.574728808818113,-0.491615540429932,0.197927373993932,0.199246357164176,0.360729013835638,-0.337426813993958,-0.50881376591067,-0.485847749568776,-0.67390021899286,0.0437041861658425,-0.430287946018327,-0.384560068286342,-0.358639313271222,-0.245965073527373,-0.4794611546448,-0.433654895765458,-0.12097943521966,-0.203166897610182,-0.142118673017066,-0.386545200804612,-0.443096759510199,-0.278476730565966,0.274494024037923,-0.369943481772068,-0.347471055556474,-0.306024570329098,0.0867995750545434,0.322108011147903,0.811943026984147,0.575282567898801,0.67767659562511,-0.0132511403330697,0.164304957384409,0.703653315084915,0.612909347612304,0.537344914927713,0.439120169598569,0.593202274224995,0.686272954777105,0.0143297928702948,0.0144590870173643,-0.0789091225968271,-0.0457496119270434,0.0949523935163896,0.0339150545840436,-0.042314970790214,0.240274728045544,-0.00860690356110716,0.299156455338652,0.0510603537717905,-0.0333837048041019,0.0508150977809551,0.0674920683476588,0.125099453746339,0.111689918445484,-0.00743230081391751,0.19302945580089,0.306594312321513,0.316583227515312,-0.0600762086036531,0.111131927427368,0.0730324454539934,0.248393633182929,0.389464907785352,-0.0380132634384412,0.223708528730469,-0.0268244909450737,-0.0971644276398708,0.311755062012591,0.311440037198785,-0.0949365609852183,0.135925471470729,-0.0737218677075049,0.337220686045731,0.345240125956118,0.54935120986621,0.211959206181726,0.102754530286681,-0.306633544808654,-0.501654882626857,-0.174348665825952,-0.441825793891521,-0.463442642715837,-0.0545821341868148,-0.230949135250988,0.216423149904543,-0.0188507879099005,-0.281333328857612,0.493811281835656,0.137394317980194,0.0910322342490522,0.11365912982292,-0.298628508821963,0.262671895232444,-0.0212128910464885,-0.416944483566419,-0.27614310063543,-0.37594210501806,-0.328226115248767,-0.380738628974163,-0.362184792119638,-0.313286569132569,-0.132906903781262,0.111948933508615,-0.26727933913703,0.0877654391839193,-0.381069644677498,0.274113380109696,-0.252084807149923,0.371826512928006
0.409649645520106,1,0.318383700156591,0.469425487454294,0.0515836049406563,0.428142731086293,-0.149174441064806,0.275142665848471,0.40983023131757,0.615501984072998,0.371679557192394,0.48068070182261,0.762105394622275,-0.269058471299931,-0.254023831904107,-0.090235078024445,-0.286998416575361,-0.389942545503883,-0.0294253803408186,-0.278201819878195,-0.174201645039573,0.109608924417167,-0.244769760376379,-0.0708814870638877,0.0589527765579447,-0.208176277976992,-0.0675386333542576,0.406690814688729,-0.415121167078713,-0.166504675080127,0.0975770517178774,-0.0313540767848507,-0.11783441978906,0.126205216641413,0.0485139501784004,-0.0833658383157981,-0.392373536195559,-0.349157484487405,-0.272046934954647,-0.424545929612525,-0.406726104060313,-0.116358922824241,-0.32217433524365,-0.243039155407581,-0.191208211113304,-0.138262394001685,-0.191061587937955,-0.357083371171245,-0.0952219401235908,0.110402211961322,-0.275115286618342,-0.0828381433327637,-0.289690841112787,-0.134362120705812,-0.309262066051107,-0.366574817350522,-0.197861148360341,-0.116348943637308,-0.213232114187206,-0.25677622775582,-0.133456189158705,-0.0977935257533675,-0.142069525659143,-0.296923418569785,-0.598509927000777,-0.0902844313947883,0.206784688262936,-0.373992982223594,0.146889985300218,-0.000619394172035114,-0.149382173776618,-0.222798000457653,0.16219910373983,-0.378485041916423,-0.348075475927135,-0.0407142287865822,0.114067021895202,0.0775227402538782,0.112300714257763,-0.0694790166211672,-0.192330439930696,0.128330663330966,0.426671515553233,0.359691475510705,0.822692872918913,0.409166673895092,0.410039028977776,0.566752271946124,0.192505638846977,0.45395456403329,0.28084815386934,0.703991446334449,0.363338823978096,0.593072159772531,-0.182706029993667,-0.252299158868408,-0.184023069878806,-0.262850484571296,-0.187330094721532,-0.239712731341487,0.00449122468840909,-0.289119959861333,-0.093884401542474,-0.024465276160728,-0.119006020827063,0.0830486618582438,-0.10735649367838,-0.0756122898677822,-0.15349406033756,0.307165480191243,0.199023225924825,0.332667787558653,-0.220894743069706,-0.201998674028372,-0.332430374884889,-0.143715736767584,-0.318379272961404,0.430329257075534,0.0325940615731761,-0.298310124681965,-0.19939449547487,-0.325504415213783,-0.444910617270453,-0.329120701857514,-0.00749517974280998,-0.472017194736883,-0.282348508163311,-0.326811144024123,-0.266064870149566,-0.148529881423649,-0.102553330536904,-0.101642730818667,-0.375325279010927,-0.288879630281798,0.0420227766095338,-0.569873541881314,-0.239197062123293,-0.233637998748892,-0.35816634157858,-0.169233304879462,-0.364689432021059,-0.374187124956716,-0.204983764763025,-0.0896386531457809,-0.274865107145407,-0.268848064426115,-0.448555907582268,-0.471006859124727,0.102135219127665,-0.222776403279658,0.0132598322088284,-0.0781016675894441,0.0418818119919369,-0.0232050929439979,-0.319476503917993,-0.377471710825745,-0.207733270705781,-0.299097772833301,-0.51685910069309,-0.0310765597547552,-0.327028234791033,0.135718879045086,0.215598686634581,0.0334473344164585,-0.292360123313467
0.251617556426679,0.318383700156591,1,-0.00296500908990833,-0.158086803743899,-0.134801465594782,0.152660720014644,0.242990115666515,-0.179459376494301,0.619946651679745,-0.0182011711485053,0.0792930741313991,0.275847703379863,0.109307402241965,0.329672218222206,0.111318132883267,0.0346670101892802,0.154349580092985,-0.105296616947671,0.229177166282125,0.227907715153686,-0.0442489357572073,-0.0263374690046339,0.111105805932074,0.164301916826614,0.449738093259098,0.281244947247308,0.203632063499802,0.123926308385845,0.114035044862626,0.249446526358514,-0.0434234452249868,0.131061475320471,0.239429572602091,0.00280265146143892,0.25392163570111,0.380133958000268,0.0242649444907359,0.150181684350568,0.0376630590317929,-0.0145823776210247,0.0271496308671593,0.181611424116952,-0.0332379815191489,0.0277002935345881,0.223570837939597,0.139350940368125,-0.0381584298114312,-0.161545538117856,-0.0527281187971878,0.0209059448315146,-0.0623374518593723,-0.131131334474769,-0.228812053965461,-0.0259983460845634,-0.278538637428728,-0.119685024589728,-0.353928266789654,-0.28596712981842,0.0172048885341415,-0.144868005476659,-0.0205844507732437,-0.194624488808944,-0.161673319424877,0.0586228113250909,-0.155323572789275,-0.17965978579122,0.00455136122804113,0.0532080618891872,0.0408377185698977,0.0279843263919989,-0.0488561426240713,0.00287484530213327,-0.190949178253854,-0.0257967967622844,-0.259289330068844,-0.113628207610678,-0.251175791646502,-0.223758007983125,-0.177002596972198,-0.400054108235653,0.0429683645870971,0.630449325540565,0.262043406534004,0.221792551822852,0.0565856348939421,0.513839054187428,-0.17142032971608,-0.0822552510576489,-0.0274981760610954,-0.213544944834835,0.597770462930172,-0.105525454579693,0.394131318465095,0.212651954081062,0.186014273012436,-0.0273277672336171,0.127304278608972,-0.00260344768331362,0.0505459810708581,-0.163442200974549,0.14834493054476,-0.0454571034110747,0.0524203732093044,0.173724012947276,-0.0659628638931007,0.0363866578486189,-0.0542814624177922,0.187902686656099,0.162918669762284,0.0915900473216406,0.70832583525948,0.119006875429477,0.0159451359998657,-0.132222574836594,0.185337526906069,-0.168255275173404,0.346203849149748,0.106050849805784,-0.0736730405057118,0.248209071156289,0.124864715156502,0.295175641713772,0.101592310953108,0.276938120465286,-0.0747714080135525,0.158368297961536,-0.00013087610453471,0.0452573317522127,0.0321015166267288,0.0703080417950619,0.10278205980501,0.048039446201688,-0.241245564206245,-0.109384693271844,-0.204614066243065,-0.1192369782093,-0.392533257447944,-0.0891861673878216,-0.0207251013216332,-0.127779297251134,-0.149176663761534,-0.0605900300927311,-0.228201819663742,-0.27702794608608,0.178732835542703,-0.153996311899568,-0.101545254869958,0.191157562237725,-0.143677821431918,-0.26922323947981,-0.0878272697036269,-0.181684763288444,0.0894078492990418,-0.0900663474036539,-0.00997356318083232,0.113659122402261,-0.148403204308594,0.0124747660057875,-0.102363323645151,-0.330612210517569,-0.15610889674244,-0.152495067770529,-0.199808412072091,-0.261425327472454
0.687985214149446,0.469425487454294,-0.00296500908990833,1,0.546343010878473,0.289588530412395,0.316462443015665,0.282612634008013,0.720359318836501,0.335917291313376,0.852233469487432,0.586840090902498,0.735165168236714,-0.0722813504770717,-0.12327354188284,0.0933762747302585,-0.0704784449373066,-0.0501392819466422,-0.0843562667779911,-0.0642732133613561,-0.122044132066784,0.106493513180558,-0.226054703144034,-0.0135642448503232,-0.0369848895864416,-0.390944321505072,-0.399564912055037,0.43103823329836,-0.190065219467056,-0.175285413992987,0.440683060430815,0.243608184006729,0.286197725913252,0.0865150101464769,-0.0520501826030091,0.156883329227611,-0.180678529065165,-0.0414514656191561,-0.0587315083535779,-0.0720866426910016,-0.144493602501994,0.00249709858421565,-0.125568810251503,-0.0753275021970399,0.0400303558178135,0.11469449418048,-0.179327480247689,-0.0528563472401748,-0.350095547585299,-0.252850163420439,-0.28157600294705,-0.265787217176989,-0.444552579916572,-0.389920374631017,-0.205129803509845,-0.409849671862916,-0.44835138928755,0.122290382480942,0.0323109980448878,0.109119915139061,-0.327782234308923,-0.426894228904669,-0.350575605637526,-0.558533508520948,-0.184110706572089,-0.337577394727997,-0.268600626817094,-0.554030610410819,-0.175667770109402,-0.533382785938229,-0.519863611797191,-0.224980217568655,-0.214034664233503,-0.226332873820727,-0.483768324977245,-0.265695030521148,-0.212747603112174,0.188577124101921,-0.194516309759568,-0.32040437592059,0.00304894881052283,-0.102391320442702,0.0728410370119024,0.529122219921162,0.513460772809628,0.778362144247622,-0.0995827126153167,0.305754969319435,0.690352296675463,0.778540284162357,0.647471750623697,0.356876215461499,0.641264584946999,0.615275180398278,-0.180191941432434,-0.150409592992097,-0.0563059918712319,-0.0994111054037944,-0.0427648848234392,-0.0569383583595347,-0.0919073083539915,-0.0836001961015347,0.0403241650986956,0.165262499948593,-0.109577870160821,0.102332028578419,-0.0433196537369942,0.0594758817710976,-0.10659387090051,0.207709203737389,0.0847356435343456,-0.0147341257817482,0.123383729491006,0.135328903784293,-0.0683852490331112,0.0751963382058619,0.193979349704839,0.390301681118626,0.28484052544662,-0.0766454974900139,0.100144741180523,-0.0153737466473103,-0.251689290899612,0.0545058214202438,0.272084252148787,-0.128440541367355,-0.0681571484967459,-0.00728575908875461,0.155298974327023,0.183331793598945,0.233518683851508,0.0162233965621999,-0.0481137344182485,-0.196187964563533,-0.142427254892851,-0.230762669675197,-0.247791941848317,-0.166878066241829,-0.070391542589653,-0.058978765996492,-0.0077139146526661,-0.112735253205999,-0.137576168404297,0.498957033888152,-0.0042654115530417,0.0403975268152123,0.0168507071261341,-0.300226349862611,0.139642448414325,0.0544789353338526,-0.180035399161856,-0.19509898296752,-0.23929564888614,-0.287192355864299,-0.240684299019466,-0.254181835760771,-0.251725980796393,-0.124429288901157,0.0323637954322038,-0.168921661920558,-0.0260533978735491,-0.0974537256971369,0.270288712283859,-0.0349491993483772,0.401327789663437
0.566574707130206,0.0515836049406563,-0.158086803743899,0.546343010878473,1,0.138005809064577,0.129481044290042,0.14077617539732,0.519979808973868,0.0352971504113764,0.685881628823059,0.450990787227879,0.315541435472372,0.0329570623284676,-0.104479558001627,-0.0896145006743264,0.0438564851548491,-0.00522850498101351,-0.0363330384091793,0.0632411534669768,-0.23398182603143,-0.291112213827391,-0.370473138829132,-0.24220157893794,-0.354501706795922,-0.134326888272751,-0.118365669325551,0.176755679400406,0.0516627613160512,-0.384187443058537,0.0876496347167091,0.351086836806728,0.0904420939470738,-0.103989664254558,-0.0435930812073047,0.236083374169517,-0.0461488031041839,0.254012524579738,0.0792467538059399,0.180642220225867,0.0722617550017268,0.210201672161991,0.00199211870490286,0.0361001919876366,0.173153856146059,0.210613856927677,-0.079244332151082,0.0356390322296869,-0.3306393082237,-0.204111132296078,-0.074559875810464,-0.258362247586946,-0.483912525237565,-0.396556548946784,-0.0212439580317275,-0.385639277911871,-0.368181030762943,0.251877459554854,0.141845665491953,0.375273142190773,-0.307766517914361,-0.330773372557017,-0.27937663329805,-0.488894572667262,0.190251650728165,-0.331122278019991,-0.205809847467786,-0.360178668935065,-0.0198935787491014,-0.597390953326464,-0.532704079452816,0.108725784233991,-0.164093241265814,0.0604330768282168,-0.334404844290748,-0.272523168391603,-0.140354674283207,0.599781929462956,-0.024178853128017,-0.0655828862102138,0.123650473831611,0.271871174170547,-0.0320487133582656,0.444557858684921,0.166257393685597,0.545575695361673,-0.465446120562453,0.0345289686670315,0.730195138125078,0.579280405649156,0.510580421873295,-0.0486313413498124,0.625358779937336,0.266651437787618,-0.000102460933364454,-0.0382577483243848,0.0045384826171918,-0.0942960285667108,0.139634057565689,0.0692021538449156,-0.0163633521412155,0.182017647589024,-0.269807816893012,0.199227857677549,-0.133609281286399,-0.223897574719501,-0.140161573380451,-0.189415211080519,-0.0884776835227461,-0.144830698767741,-0.2487069316692,-0.239329111632733,0.0884736247062068,0.209159897008926,-0.0594658009688202,-0.149037357484637,0.153646093296393,-0.0401537150301446,0.161746487749291,-0.0314060777576463,0.147774505439452,0.0316642356195152,0.0190011104337778,0.250527263072255,0.140621494214437,0.179472136181874,0.114412667059805,0.143669680693478,0.344731347244959,0.334429330612986,0.36189482483467,0.128689505635996,0.0344505084522677,-0.186778020972129,-0.223329580284483,0.0882039615198503,-0.1795447563769,-0.103082329611953,-0.0230688307767018,-0.0593098294486138,0.182539295197909,0.0580080155419019,-0.204928284715387,0.525872187272911,0.255158971908558,0.194808676975602,0.349556555201688,-0.134649468599377,0.0862232338846178,0.115045195294126,-0.204657167138213,-0.111535313669723,-0.153504303832942,-0.184485089550791,-0.0982879937856062,-0.142111328961866,-0.324260285072769,0.231588089933411,0.248741973976197,-0.126583979170462,0.220327464172862,-0.14213948214184,0.494333484085256,0.0642691340412391,0.423964357697547
0.299430334221294,0.428142731086293,-0.134801465594782,0.289588530412395,0.138005809064577,1,0.0810109347913228,-0.0892340724900867,0.504883816970581,-0.0554064630498128,0.242445147822669,0.600900374122649,0.327274327962498,0.109660154203956,0.0457012378369836,0.187061605851306,0.127131967708365,-0.051255934028069,0.451084113296614,0.0636331099601818,-0.0350807714827283,0.2619731971268,0.103979825813993,0.242959532410106,0.0772952988704683,-0.1710478104696,-0.0799726955681633,0.113140663071871,0.108160012423607,0.219183235141852,-0.05035312259828,0.36581074705888,0.0930816606887976,0.00322372485086475,0.160348754493084,0.16532918370034,-0.158394442583774,0.15777576111463,-0.0902799356526458,0.125117197585478,-0.00653236827718049,0.252049157208291,-0.0329944358035769,-0.0273163803157996,0.108044904299654,0.217833867472698,0.00244913912081141,-0.444520692668588,-0.283327458324196,0.0442926920392599,0.148026560625569,0.0415134777177708,-0.175417459011838,-0.171639187741248,0.146568501685703,-0.0871325504090072,-0.116354390989516,-0.100338151497559,-0.035959829217852,0.082975820807388,-0.474823264047206,-0.349378750577023,-0.447072534287707,-0.407538767864412,-0.187968478474703,-0.380244672787558,0.0132021216320053,-0.381809604790381,0.000701644856917613,-0.109012730412872,-0.237367774761015,-0.305300249775421,-0.102906537405854,-0.146920949895995,-0.253506905556409,-0.253214576058254,0.0298619184062912,0.145207667549235,-0.113405517882656,-0.202960785569039,-0.21761053619495,0.0486383007771787,-0.0128069182091807,0.134754487540489,0.409436196004985,0.36758010801,0.078556257047812,0.716476925097244,0.254380345480223,0.484966817685248,0.448039747515169,0.00999530847173248,0.468130511958958,0.233269575315694,-0.0456945707847105,0.0556127036436582,0.24967631543314,0.0705244673065982,0.169512326927256,0.230004198094944,0.545467505124106,0.0858071035896512,0.15843749842311,0.293699271239365,0.0289731615855058,0.174662485011134,0.145354869385161,0.15439098438446,0.0545099797185802,0.0788168324330113,0.152646083717014,0.0438300322743597,0.249720805786735,0.275750374865908,-0.163294294682179,0.144787865881084,-0.189439176685788,-0.0370457149227758,0.147126463157719,-0.13890469142578,0.119770152714661,-0.338909007344456,-0.182046100111565,0.146806600274789,0.0164075720716912,-0.0521238368500313,-0.00568344028028538,-0.0811876874634992,0.1157052717234,0.164022883612137,0.163737099340576,0.120507188131055,-0.198132024815211,-0.308437761974628,-0.297454921151302,-0.335553160090438,-0.312576478493203,-0.390779018920519,-0.0972694420703629,-0.189949779080339,-0.0969206746445992,-0.210714076081513,-0.386068753114759,-0.0242937730426184,-0.209114159920352,0.0637177757556295,-0.053811049300608,-0.388418023572582,0.126360946999469,-0.361901258996742,-0.28966258512858,-0.42798699944231,-0.316450198115144,-0.165090270347391,-0.481161723744384,-0.54126295385476,-0.382996040153434,-0.323848617085953,-0.265455662658603,-0.270218330256167,-0.150727952139585,-0.162297272992628,0.108947794151465,-0.257317973243006,-0.181907800490448
0.364924963913724,-0.149174441064806,0.152660720014644,0.316462443015665,0.129481044290042,0.0810109347913228,1,-0.0120427330467906,0.0542526566216701,0.0449470314095553,0.24733033748615,0.184520804881507,0.131976141142748,0.500810179783626,0.337348180104546,0.438047815073914,0.501479531620722,0.656780603571263,0.330957359150254,0.510047083117702,0.494859635019631,0.268687846497496,0.496819565667305,0.599576023048595,0.334187257079625,0.000778032010343578,-0.139862938347498,0.303236899342304,0.299039504123535,0.474392106144403,0.560430310114882,0.231015004882919,0.690623763993739,0.36203626058919,0.0557093912405533,0.170633190637751,0.348005244742719,0.376780501104017,0.0355058089285893,0.304964339468661,-0.0677832220986002,0.288564497950998,0.190940971243087,0.153837163086081,0.314046354464273,0.406348087172698,0.300695114008841,0.0721279671439872,-0.326018714808623,-0.00599465916329164,0.0442952609076286,-0.144687991026044,-0.15306439505097,-0.170395219752276,0.0503650117011142,-0.0187918036904369,-0.201376581908735,0.0759688374541144,0.15872100415341,0.101948368208162,-0.439890551607948,-0.371524798252846,-0.350627307341114,-0.335092299010291,0.350938049164176,-0.336371856197031,-0.289166503834268,-0.391599478862314,-0.0968479355676174,-0.367113999272988,-0.331625534693403,-0.254332184696751,-0.254042758288746,-0.0959465492714787,-0.345511120136079,-0.235886103730459,-0.181224750123303,0.00476469276504086,-0.19087308140455,-0.264238089319362,-0.0134171744595322,-0.192261334129149,-0.0129166009923519,0.218477602978141,-0.094196460908077,0.213797929725352,0.163922582494586,-0.0285662891264645,0.236481320329947,0.0912998750735695,0.24451595270741,-0.0372305214175706,0.118390218719868,0.190617647104516,0.106032631932036,0.231513511940959,0.276153000196149,0.278662569529272,0.463031880085195,0.420751728330974,0.26613787780924,0.389259379450656,0.456484842313464,0.509816503431522,0.49418884253709,0.236670601072151,0.55227422311804,0.5246111700354,0.420579177523912,0.209786769511536,0.23963854791073,0.0636452633963394,0.737459634780301,0.43355908239445,-0.0877997320702674,0.370817193319565,0.270924838224942,0.0494881480896732,0.378779128413685,-0.0924789207570147,0.0862228198028116,-0.149411761109941,-0.00760161201112329,0.493926293136752,0.200408855036123,0.164769155130661,0.33474998758166,-0.0692333030698709,0.36364801103349,0.365698369963839,0.353487452989746,0.271890889749645,-0.156763277057508,-0.404467266915591,-0.234815569095342,-0.105533283834729,-0.328563427963213,-0.309919396791691,-0.0938033673613525,-0.212176145870259,-0.0396785201170925,-0.0790470209675972,-0.414461602439279,0.288927385445521,-0.0329843086499745,0.0606216903582903,-0.00422125051873521,-0.366964955167966,-0.00194229259243019,-0.251357070919785,-0.430765722158998,-0.348961126456543,-0.41010462907278,-0.431269644476342,-0.299794358376001,-0.352848617305,-0.396444210927228,-0.272262856127191,0.146189056275052,-0.422245324369618,-0.266687999651073,-0.443181012435512,-0.024962735686722,-0.21870558493363,0.257796907575781
0.325111026529335,0.275142665848471,0.242990115666515,0.282612634008013,0.14077617539732,-0.0892340724900867,-0.0120427330467906,1,0.0530590674077847,0.332942861840397,0.231495733205248,0.256972273050759,0.262687763687385,-0.0520670715916945,0.16375661747908,0.1373123682772,-0.0922212586337082,-0.050010767793459,-0.22291771773901,-0.282155537087535,0.000815791081764076,0.0198303364134648,-0.128512389678276,-0.241793613323047,0.105541762858559,0.0959667218024962,-0.226811713803676,0.0178520967319884,-0.0735963828532455,-0.0872008614418468,0.0638843814853299,-0.0990445769329049,0.144910209223843,-0.360080912511594,-0.280289652744663,-0.0812064294129629,-0.00109081075184423,-0.0276458281409984,-0.138112794374292,-0.035019711080703,-0.211094593221273,-0.140248786787438,-0.340660668670833,-0.250358397953202,-0.235751836955028,-0.0178351023509181,-0.28561046714303,-0.0761335881489071,-0.235446066571876,-0.296732635427899,-0.259988387045861,-0.1835653904296,-0.403261080195362,-0.290403399512437,-0.269357061483037,-0.417287983204728,-0.441054413388811,0.127852056242565,0.208274157896019,-0.0322747926077523,0.128324180196429,-0.0277091086123245,-0.0373595882606107,-0.180542087827862,-0.0701356908673495,-0.0847457003603555,-0.105220942557033,-0.047418225124079,0.126763827836214,-0.222550835094625,-0.32222491370496,0.0564163323151064,0.0124211280461009,-0.102662969542224,-0.194407282669306,-0.23883997497824,-0.229574671587873,0.110152542225797,0.00500630733478941,0.0736634119120205,-0.0438094437489755,0.277060588611961,0.17726044207985,0.248619516253107,0.188548941282209,0.0778618747851907,0.0037844274477975,0.104933686680122,-0.00869371006796391,0.197483543896802,-0.0474620567843069,0.366176007596259,0.0636895415094067,0.217435117549933,0.0724790892576191,0.118653982140366,-0.0262342399061462,0.111811690218463,-0.104949873959485,-0.0519866381074401,-0.320722633939407,-0.0830456641178876,0.112799446942729,-0.199757088084502,-0.00256103375224303,0.150863306748788,0.0351804206297699,0.082781682775194,-0.0503660077572324,0.295874412323732,0.260701192531434,0.0848982840925846,-0.212056111232753,-0.0642725221901435,0.0280196820231969,0.014633713417199,0.0879967568114705,0.203675231742016,-0.093008685636217,-0.139736596151909,-0.109415690108755,0.0469860218082408,0.0150048194194226,-0.0427072458817044,-0.0223698460468845,-0.0548174336974402,-0.0816316853569784,0.110024023500783,-0.0931363179627364,-0.221186680329587,0.0751025238412314,-0.271961387360885,0.0575841322382723,0.0731981072764841,0.00498475045218482,0.0485264250988378,0.0656199638905531,0.00708348244381319,-0.023091964421338,-0.0080889977505545,-0.0351277533832751,-0.141392687758494,0.0545592341213765,0.228121771776697,0.284700747740106,-0.0363626064290279,-0.0289467015532999,0.0337690186790519,0.0921312187774325,0.223823072143605,0.190413065741497,0.27895767288886,0.209692704537402,0.0428767008875664,0.178433940821943,0.0785880110305513,0.100649802113085,0.228566781071692,0.0598963651366316,0.150584112547497,0.0112215410714668,0.0894828093923193,0.0558692280140343,0.186105688969257,0.126001103691315
0.529031669778887,0.40983023131757,-0.179459376494301,0.720359318836501,0.519979808973868,0.504883816970581,0.0542526566216701,0.0530590674077847,1,0.197993077020123,0.785037428359156,0.589816337720221,0.581352257636327,-0.0985314697639519,-0.132096162088757,0.0135984088526822,-0.127967373700898,-0.15425352120116,-0.00155048494908347,-0.0319497734603297,-0.26581479356629,0.069300297532954,-0.319235158504385,-0.0963444607362283,-0.219499698413585,-0.502964181089938,-0.401935667979929,0.162034377397191,-0.219616665856014,-0.291147334723097,0.117561553122398,0.148110573057645,-0.017798758181794,-0.0119602097451795,-0.0735705781394464,0.0301595996162247,-0.218817235352326,-0.0263124981993027,-0.0644314055089842,-0.019794679564365,0.0206902203934805,0.0747020933549358,-0.0978579409728973,-0.0125444597107411,0.116348517845608,0.0645060870893532,-0.167736999936111,-0.247077620161971,-0.292085347259519,-0.299553561934119,-0.276032539836508,-0.15131572692033,-0.321677725889979,-0.311305397622509,-0.100792631763015,-0.350344215239153,-0.314875480615484,0.194078278133171,0.0973107765672129,0.145055049854049,-0.248167253048925,-0.366714613137881,-0.29624834422664,-0.441887697666033,-0.270025192874298,-0.227366478766112,-0.240823002112478,-0.319067410728726,-0.128072275443324,-0.427105580948145,-0.309939742448276,-0.0556034795822663,-0.119268630569124,0.0107729266480552,-0.28285725577258,-0.189371615836547,-0.219414897158097,0.302768732439568,-0.162462378994669,-0.263218797725814,-0.0604279589435511,-0.18889180714115,-0.115872849676637,0.40848766003332,0.487896980100345,0.686453292785902,-0.192765848557362,0.441704893395286,0.733722144159534,0.859312619509364,0.850132060929602,0.16246846089878,0.851512669566282,0.466741926940339,-0.026398536997853,-0.0824161902260165,-0.105159259026693,0.0200435457210323,-0.0242307601507208,-0.0635779790686697,0.105364431441057,-0.0815002371697797,-0.0194845449951359,0.310962317664024,-0.182181829445184,0.0540919985164908,-0.152337836847436,-0.0323361642925326,-0.15848112208981,-0.0172885133438149,0.0141311153561803,-0.112614705019848,0.069197031116103,0.216207409794014,-0.0218140858932243,-0.0053811465441135,0.0597329866533949,0.279301489724062,0.30662995558395,-0.100374430592951,0.0654693728738669,-0.151622377685381,-0.271790401598378,0.134491882866488,0.20504358879554,-0.0802659019543717,-0.0487946194433483,0.0421163804721218,0.25337937009972,0.292208139213971,0.210212316842836,0.104432161132042,-0.00481773815661773,-0.121339238344875,-0.245515680878449,-0.0387132745723312,-0.151159076310816,-0.0752538625565631,0.0564378016031004,-0.116408014489565,0.114005867399006,0.0991896534066038,-0.169519030394254,0.479626007709434,0.108365511679046,0.0711780012567122,0.231095341960065,-0.140155835675728,-0.151347294461176,-0.0943281040370877,-0.202175678088656,-0.17837699194146,-0.213711533410082,-0.22719239064486,-0.240947567151967,-0.277549281396053,-0.257984489721438,0.0293632551601528,0.0925443718260816,-0.0654831058967814,0.0184095367954444,-0.143417858936493,0.295104153636968,-0.0839761765996807,0.23834560252738
0.487255246427469,0.615501984072998,0.619946651679745,0.335917291313376,0.0352971504113764,-0.0554064630498128,0.0449470314095553,0.332942861840397,0.197993077020123,1,0.365581403992185,0.262127875179869,0.701713177917701,-0.185343379020746,-0.114269569709045,-0.195834730207,-0.341341472589285,-0.244014294234482,-0.281622618296081,-0.199791858115552,-0.120443417302943,0.0584631206182729,-0.189077634507194,-0.0264871698517697,-0.0246103047003448,0.131638763514492,-0.12204095743279,0.485219858488342,-0.256112967249868,-0.0573339726681513,0.358849056343109,-0.179907283246877,0.035749659629485,0.173793310330373,-0.151497355160255,-0.0129000228069892,-0.164056241630267,-0.312701702397181,-0.116724350892383,-0.414942693421368,-0.2993797184488,-0.254933095219688,-0.295602576880639,-0.158578894232019,-0.246760908138829,-0.0499257291173214,-0.234796712654527,-0.0121553662453497,-0.17459778384936,-0.134287177998668,-0.337462648100458,-0.211296216790674,-0.353170141863899,-0.239771424982601,-0.345401129593015,-0.562518502838819,-0.399689800784454,-0.0701473130273823,-0.0624805713453024,-0.105011107246393,-0.0664803542893671,-0.130271440264079,-0.146066827446353,-0.397942837768854,-0.414525991827841,-0.119981178863147,-0.102359634816332,-0.185804164301503,0.111411285162636,-0.183989582688386,-0.233844743365473,-0.0570082569781668,0.0909923602954804,-0.281505933212418,-0.307168820339332,-0.159803065144819,-0.163008958884303,-0.022991531317137,-0.021546919900897,-0.164055062834655,-0.261242913756985,0.0529511220760005,0.517899206011567,0.54835796812852,0.560585795440152,0.339355624594159,0.385304160932749,0.00806727629648955,0.286945877864208,0.288923737013221,0.253131606345965,0.844832829289608,0.237632261459778,0.761724275441307,-0.242848380081943,-0.225463018613009,-0.423281719966431,-0.188927493227537,-0.313001456612611,-0.329825429471335,-0.339284710542505,-0.137250453563323,0.000413243243126715,0.032509947594202,0.00965150472989987,0.0808738357180989,-0.0597712468759106,-0.00571977662744456,0.0517410788114214,0.10582566114887,-0.000514850547873269,0.533271307334559,-0.0514789581829452,-0.126377997140097,-0.119459711767759,0.125549917275108,0.0137809953125594,0.743596525990288,0.258191975028621,-0.0579636937042398,-0.0311535641227687,-0.0614404441754896,-0.162269707624711,-0.215896184018067,0.255129370185552,-0.46092361624932,-0.282869565080055,-0.0833159087933815,-0.161945233680307,-0.0659960863813929,-0.0161369046196149,-0.07969187045609,-0.0564778533207965,-0.0850693978447606,0.0514531393016915,-0.173477985508899,-0.0775749192834491,-0.0776413717349431,-0.0820524130963609,-0.0184736419870379,-0.128311060783476,-0.0460180223427851,-0.000834647927718444,0.130511476779411,-0.0542554101722022,-0.119342186581463,-0.18419746893947,-0.173139358203021,0.184469645842808,0.00651376732393222,0.00789451715791586,0.00333011167467972,0.0119089081274932,-0.0647322873240656,-0.0714911579448238,-0.146970094538095,-0.0222148801637393,-0.0337603480087481,-0.0955410622329202,0.061347907430038,-0.122337168322146,0.014109354899192,0.168841213164165,0.0252234602352236,0.0102289374066111
0.678086168759005,0.371679557192394,-0.0182011711485053,0.852233469487432,0.685881628823059,0.242445147822669,0.24733033748615,0.231495733205248,0.785037428359156,0.365581403992185,1,0.594190603193683,0.716464515818609,-0.032953066924105,-0.146295509135244,-0.0294192926599806,-0.0536896196752659,-0.0577402993119291,-0.035164315704175,-0.0105083617442107,-0.238459158339196,0.0374261978093227,-0.303415821532791,-0.0962506273162628,-0.211273658468122,-0.384752923557577,-0.414467796333045,0.430313409951072,-0.188437783099098,-0.289047830074341,0.371852683272167,0.200295924578157,0.182555745196632,0.0100544309644047,-0.170471677570666,0.0556439020322672,-0.164826850575353,0.00462202573817921,-0.0852597160388117,-0.0674591197784075,-0.131687149263903,0.0817608029225809,-0.123745809386127,-0.0501071436952141,0.0869694287174928,0.0946707279736122,-0.165362306857017,-0.0894896415313225,-0.376966792400178,-0.271642169684716,-0.391899967506121,-0.42088597209933,-0.547488684896883,-0.349024746103367,-0.292863399484479,-0.534027555901057,-0.530987349831296,0.310719318330352,0.181579012959672,0.136582830011315,-0.308333606336872,-0.370074223494679,-0.284343651365225,-0.568055734528038,-0.12443768744358,-0.313359715829311,-0.318764215045648,-0.469234032830248,-0.103588305958924,-0.624262820973042,-0.577126693712379,-0.0460186491588332,-0.171010069708173,-0.109533484558328,-0.464189306375365,-0.275675673182044,-0.317832677318514,0.370583557021684,-0.071282000594561,-0.230750980366525,0.0694477718086746,-0.0904135457895983,-0.044183461345588,0.536172051037441,0.408004170562109,0.757948554776195,-0.259620331566819,0.245934518818241,0.758130771242859,0.799684727713833,0.755029408286523,0.276226821238371,0.820386606939853,0.550027640803926,-0.178050193890316,-0.125313289942772,-0.103442704070766,-0.059663633038285,0.0112124894767896,-0.0270014557568202,-0.0189057751747396,-0.00480749804013113,-0.00549995001923179,0.324440817701437,-0.103730679498223,0.0273046455011864,-0.0940539849005554,-0.0158015924882849,-0.0813766848866524,0.0178208825610197,-0.0760251703935436,-0.0392607119995948,0.169995151712751,0.226296925627401,-0.0771528205425443,0.0110995316623118,0.216614030942477,0.355075212430855,0.322575000596686,-0.11451928505973,0.109992764811281,0.0299429292220289,-0.149216933738013,0.145982184391198,0.243545894079292,-0.128971466687199,-0.0947262938306676,-0.00130316117131298,0.286203559184702,0.312222925638457,0.254511031548775,0.129368895788412,0.00679448099268839,-0.249266335002847,-0.177972446535517,-0.0525586844442854,-0.328853001961682,-0.112702978883389,-0.0567467775706717,-0.141150928739157,0.0925929133460671,0.0576742340788894,-0.188831489958959,0.653603886445765,0.172366701984795,0.033443708251783,0.199379547851266,-0.242231595434826,0.0076243150030654,0.0950383485221181,-0.194879549942496,-0.121060299113824,-0.224431995594683,-0.301058444836557,-0.170895671574788,-0.19463761314525,-0.351233548262047,0.0459031075693989,0.110647803680205,-0.0963257546874497,0.00819993500909233,-0.161518561443397,0.377286353443555,0.0850475215819295,0.463484008410866
0.642584751860457,0.48068070182261,0.0792930741313991,0.586840090902498,0.450990787227879,0.600900374122649,0.184520804881507,0.256972273050759,0.589816337720221,0.262127875179869,0.594190603193683,1,0.606749779205835,0.153557503517123,0.073230840564044,0.0407234189027436,0.0587429713021318,-0.024785719803847,0.13508179580777,0.0984327774079134,0.0241598699445665,0.0168589514510864,-0.0668304775998034,0.0437725160897773,-0.0465651567271471,-0.145595590341034,-0.293038516541392,0.186140761424956,0.172123248431934,-0.0220284327020934,0.217686197191496,0.526079651443776,0.323676341286095,0.00735352985717637,0.107795795641238,0.23082120606431,0.0320512342508153,0.243451162602125,0.118255445488088,0.21000007951756,0.0772639654176141,0.300441580622334,0.0979200670126522,0.143263613156296,0.334973424321473,0.449160531979446,0.0739055491880317,-0.266631238853878,-0.558455232022408,-0.30456651804772,0.0226012881686546,-0.209216073772419,-0.504828355562792,-0.58825015752947,0.0730494001421018,-0.409106311080306,-0.43446755400023,0.179749327109978,0.126018310622049,0.330679061670254,-0.469228422696459,-0.435025730001714,-0.589514836844461,-0.599558797872999,-0.105410310272711,-0.580265386083192,-0.395788234942874,-0.440767427614562,-0.277467422494473,-0.484586985662704,-0.442241785372071,-0.343316108653428,-0.351459121522307,-0.175074980244987,-0.436395440612106,-0.501821672330591,-0.314787906372817,0.182248433690739,-0.365812840388287,-0.462922246506537,-0.329560619643016,0.0345444671726395,0.159025794076812,0.538041039323976,0.555545529454768,0.714201012576204,0.0191561614752339,0.533546821881274,0.536868670042419,0.721324362319366,0.502981712636903,0.355204232942645,0.744858281425814,0.515548431196472,0.0912061255934661,0.0811347775908855,0.0951831045781637,0.160439056016384,0.171871099613762,0.114763220932253,0.176833965053318,0.34181423051473,0.0549625562082814,0.239730282046058,0.0450192813604903,-0.0252359628130031,0.12525325320642,0.0954802818426509,0.119888024822161,0.145154819560233,0.0649172308532527,0.133487842121655,0.318336768316954,0.38768721044818,-0.0294319470594054,0.20402446058686,-0.0198888612375263,0.143564159242963,0.324643353195253,-0.0566686833013071,0.316218751887361,-0.132050367632708,-0.0486468648035731,0.337897272303778,0.182202715951113,-0.0380832346609208,0.114401711574758,-0.00953618789127877,0.439341240661457,0.424271790661519,0.504167431021617,0.271803008383885,0.0118646459112034,-0.373380387808175,-0.420279782311535,-0.282005633355866,-0.448806041994281,-0.531776807986162,-0.0234194192788668,-0.215938383126346,0.179544220333906,-0.0868593637124115,-0.421429849708729,0.418076152152449,0.00494777559403402,0.199771459841965,0.153236199658597,-0.401686219172721,0.253124786302057,-0.302647466876496,-0.510254624020347,-0.293895954139458,-0.41083377089184,-0.169387934374444,-0.49961740797804,-0.411354158275637,-0.414836474372895,-0.273287586322547,-0.000271809130430009,-0.39544304929935,-0.0515142690853354,-0.408475968629488,0.120540794630793,-0.330468939419505,0.165736573089319
