1,0.705229157330814,0.602179933876585,0.659076251228622,0.505522875320817,-0.32180432793628,0.263499545941156,-0.372147102984019,0.0620777509634457,0.575248439407198,0.409541535560762,0.0562109848947208,0.523142741237469,0.160782609775299,0.148378433557262,0.426567421277217,0.0887809127426415,0.244444413870887,0.107945311270721,0.147025644530916,0.447540769178354,0.32860059751546,0.384347219237694,0.318492115096923,0.278043212166463,0.601115203075274,0.209968861286565,0.425312728428063,0.0775465726892148,0.286533354386502,-0.160428085901053,-0.377227345720786,-0.05899852437299,0.287359319073244,0.116201038943268,0.00529951500070287,-0.0368336975387624,0.0718965386318467,-0.0536112136942292,0.262537557109766,0.126865119834549,0.250143186835365,0.0791891505605594,0.00480619818642428,0.214524618374073,0.196778982008759,0.088172364340092,0.121078646157473,-0.511733760725853,-0.367548460064064,-0.288512047805604,0.122874861738579,-0.22027344160975,-0.0772478569707849,-0.0816681848360508,-0.334833250765975,-0.30105608987256,-0.10219311837636,-0.146876039304064,0.109862704594095,-0.388930158738047,-0.169388996123485,-0.483632927093814,-0.499921429260219,-0.262061296621726,-0.259684486913286,-0.419784857140585,-0.145964647869161,-0.00416340412373743,-0.0940560406917872,-0.233560217951886,-0.191267270785806,-0.16322323504788,0.0141000356050895,-0.251131708031018,-0.540508991158644,-0.192505886333087,0.0432285447966972,-0.292434010624606,-0.52518743679721,-0.502804432418618,0.0367036472321671,0.376125109481801,0.475938221749893,0.722245786561545,0.579782471354413,0.602464074309885,0.0554624743493487,0.553114894512727,-0.000636196723990852,0.267406335016726,0.709049704001738,0.365493096304623,0.548884919774165,0.051972885585171,0.0775674858501409,0.309043869573409,0.24558170117349,0.113788960493467,0.183059639710978,0.178553424054619,0.45270515071015,0.351312771328339,0.452004457193601,0.363126267630478,0.361307117723509,0.315902861758643,0.502587754326444,0.353668999879864,0.378939608548041,0.339387470673187,0.422630231021431,0.209459805600488,0.277143058899157,0.185578522864478,0.384258854533658,0.289554671298495,0.157857103605415,0.38377969416229,-0.246025067938409,0.252081767762654,-0.24953217354795,0.0280489030884608,0.330082088221559,0.0684379899725932,0.412855317471739,0.279033882134677,0.0902149055151168,0.332806708065266,0.282489429597695,-0.143511315039658,0.175707711204225,-0.0138160604316462,-0.387311433962249,-0.175581668975015,-0.21624827733541,-0.185353217496126,-0.203551630439973,-0.163529684703578,-0.333252584089106,-0.028948208452352,-0.400223309977642,-0.34649346686308,-0.195944148661259,-0.184456372675415,-0.0537033270768826,-0.0528445743108361,-0.463788216757922,0.0918012811034524,-0.512034368516748,-0.478032482818674,-0.230988194534107,-0.221483248961716,-0.0951513834503851,-0.519315312926199,-0.230545347854948,0.191861395235962,-0.197144902780612,0.218409319895613,-0.181371412791395,-0.287923020001769,-0.489775636629623,0.0875229041424734,-0.4445558020792,-0.42482718264098
0.705229157330814,1,0.869354370606039,0.78191000384513,0.224382063654004,-0.537373418950266,0.458314991480148,-0.342960791641346,-0.00910595363652654,0.694863651329368,0.529869672822239,0.161958033245696,0.867606298821038,0.432984786406043,0.37170803655395,0.601211687453768,0.401862276646379,0.431438423177018,0.474625171476155,0.413926483657496,0.640488956866526,0.629072521178395,0.491302915203435,0.492278413530209,0.57554755301056,0.616530786678322,0.360640488052965,0.626614263562569,0.221631214900072,0.430244348075871,-0.203419686379692,-0.538421683890971,-0.0546224751568215,0.317818667361028,0.0987894873405399,-0.0330951752564045,0.0263869100483756,0.168220428753268,-0.0481394027528922,0.3437014339092,-0.00842223569749012,0.502712321548836,0.269538289458531,-0.170303951052502,0.000488894172136825,0.126111995311788,0.193549440134292,0.0766014901613793,-0.528072244465708,-0.523420927071215,-0.373300405154517,0.058015525832793,-0.266701188059582,-0.289361020021599,-0.170568325775841,-0.530867026080469,-0.647417408944051,-0.44679117141678,-0.438386299549987,-0.155550874546144,-0.371451337629338,-0.0843614725441161,-0.534092891183008,-0.524402133079623,-0.254350838647017,-0.300830984910447,-0.526234221009482,-0.145335927947058,-0.161615528203222,-0.0337072950762234,-0.14874313921397,-0.298685676754715,-0.181088593818328,-0.216223113269291,-0.41567353213373,-0.612303668022687,-0.256376034421702,-0.310607902459164,-0.489354948184041,-0.676071076543151,-0.577565286018288,-0.280171117474313,0.617682101924519,0.123236086258635,0.901475781665005,0.786223226299997,0.824730688143694,0.115844704841759,0.453345635817416,-0.0964856674385429,0.303663774857416,0.885195768663009,0.327196010133505,0.789120658041563,0.244817566028595,0.298714523659803,0.498249511797214,0.396967473985816,0.411636474711595,0.409271263363057,0.507632576358107,0.555371988893063,0.37953959667533,0.62169536914787,0.556275479016395,0.49305159440857,0.370656731350498,0.706830006307417,0.485207057863095,0.578692275981626,0.658248088209416,0.6374431746309,0.401727455016036,0.457903796731557,0.211060321309623,0.500059380038852,0.429500247116107,0.190847083844321,0.540351420737326,-0.409210409193801,0.366095700855727,-0.539548103355052,0.0062649076811763,0.429784338832034,0.281759330060778,0.475520470540719,0.322500362923928,-0.0333523004895637,0.437133013752344,0.152521151739971,-0.35515803709192,0.192114893339224,-0.116383320791523,-0.494559396320066,-0.205118615459876,-0.398050548223134,-0.191291532053919,-0.279044225183596,-0.216146273609646,-0.527908634228789,-0.0559330046511926,-0.492689069241705,-0.405743290884632,-0.558118347697917,-0.483856722813364,-0.1389316425909,-0.389637753819516,-0.543255495438798,-0.191156032305679,-0.647711336582721,-0.643827982522681,-0.271188465053861,-0.365957586513211,-0.0584428253043871,-0.660133511965778,-0.228602141546484,0.229280160678016,-0.387383469375288,-0.171924259208894,-0.239037710420113,-0.42805222415152,-0.650943840604102,-0.24822345298438,-0.72620995589702,-0.603429683622091
0.602179933876585,0.869354370606039,1,0.772018249731649,0.080958048806747,-0.63679086090808,0.605442296902134,-0.328282596780013,-0.0419268835031979,0.845250830211936,0.510310784461607,0.184958684058415,0.900182874105881,0.430240130265736,0.378623803305527,0.643078630837276,0.442675962164594,0.425909471817094,0.59244012842593,0.48343785753639,0.650521856951068,0.634625921889533,0.61335984713343,0.601923994353335,0.653208369481788,0.539380328394802,0.478480759653897,0.731606650868169,0.304998444257748,0.489898484484957,-0.22530928532378,-0.585049974005698,-0.017886054543317,0.31689875297504,0.0792217501769022,-0.074769831462101,-0.125535414441395,0.143425437723716,-0.0683588450246849,0.303521274347028,-0.0324485337604876,0.50071089956799,0.186772669870818,-0.30201720147605,-0.0857871665224443,0.0652944949699567,0.173439727614024,0.0478991596098416,-0.579454719944246,-0.569296836127609,-0.406640329481993,0.0598628814576673,-0.353089728916074,-0.346555541301306,-0.216205638893994,-0.597706890029211,-0.692356794414217,-0.507664150675713,-0.505430448042771,-0.278615888556232,-0.421275503063781,-0.092529478163203,-0.60912100212573,-0.578429539466488,-0.218282042524113,-0.350131096962779,-0.533491399279061,-0.143451416957945,-0.126513273393338,-0.0775855681040702,-0.31031468244754,-0.276004181019888,-0.218348388113997,-0.231643646900699,-0.469508916460936,-0.63415111218836,-0.243154007604503,-0.390544002082087,-0.513245303127426,-0.693985224010062,-0.577445679435568,-0.382706904561529,0.545150065761267,-0.0347144355274084,0.82653988411345,0.797443934037244,0.920636571707808,0.00749908589674973,0.396730930964955,-0.0625313484655815,0.263518315290136,0.862489508047985,0.299391817485188,0.844643376116262,0.221887942579969,0.352042346744932,0.526289217044998,0.386557134301701,0.487725975508587,0.494363489126203,0.631044598695902,0.575704691512862,0.429602131870741,0.67587483662666,0.536914881507514,0.497852743319992,0.331730259236226,0.735946975809719,0.501086363903212,0.606800258237327,0.730321840405,0.725416324833523,0.618138755472008,0.541650039761401,0.240493654496036,0.578113023464014,0.500221755555131,0.281518071534212,0.557966876236589,-0.406753610679189,0.381544460762093,-0.582539007211831,-0.0616710861054346,0.434443613184534,0.317664549258405,0.432817942416959,0.293783674410477,-0.030323978520547,0.416784563097993,0.0556364001732939,-0.404477205910071,0.170514590033786,-0.0998744131240115,-0.469676531451717,-0.251784906634126,-0.344108243675393,-0.119716836971987,-0.336099179109161,-0.196687728220254,-0.564728993950476,-0.117786487363172,-0.588395682893896,-0.408035939531851,-0.6205863887926,-0.520251461511223,-0.255431032937391,-0.436115574932981,-0.56399730122154,-0.165338772502202,-0.618120989721344,-0.666100846482141,-0.325299847656471,-0.427319911622157,-0.253661965411863,-0.658103561698412,-0.371708252165283,0.146118873621511,-0.324625494449978,-0.172151794762611,-0.235676584893796,-0.378924813608294,-0.642764718866496,-0.330789866991058,-0.746778991701483,-0.622794035715808
0.659076251228622,0.78191000384513,0.772018249731649,1,0.322667098789023,-0.503530254880379,0.488012174880846,-0.363413448355144,0.370358445077166,0.576573001411978,0.67742475616261,0.447496832553209,0.80169685299233,0.385726024242842,0.457689668296369,0.591948067054159,0.396180302666794,0.396097086898244,0.515002070547608,0.471097100797809,0.573291209088802,0.566979865139196,0.498984123157911,0.506626204072209,0.626069823038809,0.411018672397177,0.311734683423738,0.61793768212319,0.276480611954548,0.404898953309636,-0.289394008908062,-0.475431490137354,-0.193505323315978,0.197136950138108,-0.0761349019339862,-0.0505021276760933,0.0819544121538426,-0.0194713752817926,-0.0953904810827812,0.189679724801479,-0.115873713989766,0.365130838573672,0.17177401020332,-0.291154578416557,-0.0457780631733837,-0.0889663534787084,0.301944210565778,0.106326594655394,-0.46398947926053,-0.431597486410753,-0.477804704310312,0.218754997672748,-0.090967026354341,-0.247992201337725,-0.226007533695306,-0.311377713901492,-0.483410472288295,-0.322984264482129,-0.528969688911721,-0.15832202795875,-0.138696649778401,0.12967937185075,-0.273143093161382,-0.297017956739532,-0.0710294425179226,-0.193093890690466,-0.374420716198465,-0.0362656759539966,-0.0460563643337296,0.20302542810503,-0.101533917903032,-0.153170031476337,-0.00895216780570422,-0.165299707128156,-0.314618932203451,-0.463246074991447,-0.161231682181067,-0.210120511456799,-0.372025739930574,-0.589038036584638,-0.465311914378361,-0.316996635611399,0.352647201923316,0.0422900531899715,0.803911901625144,0.886301498184611,0.76975317947896,0.0571723972810493,0.677450856087643,0.254221194820099,0.498707218217789,0.7656744777906,0.624004882490689,0.701220234164179,0.290623297713195,0.50281464431503,0.541957415108577,0.44477986937397,0.481368691983372,0.502016201195479,0.54147746101726,0.48986008084519,0.490856154022155,0.751688696065282,0.483223604569299,0.587887398969022,0.335325658674715,0.697122115925188,0.399415758350656,0.503619547798267,0.663828721325378,0.463680416661081,0.49738799125419,0.435141702757288,0.118991362903066,0.497443037372008,0.446723719716154,0.114548016243263,0.364744790976887,-0.349948861521751,0.196626459922437,-0.519173733578494,-0.0861077433181462,0.335256477763566,0.468050138280933,0.322176526030963,0.295321144728666,-0.0633683759325113,0.318551031073378,0.0762336996080933,-0.468762154278648,0.189039781741296,-0.240343635743225,-0.470320803073204,-0.332861373969931,-0.192359521679411,0.00780015995572138,-0.209651982137427,-0.199895221823058,-0.433212970451508,-0.186180722800263,-0.545801971986481,-0.519327412876933,-0.543414012959667,-0.577497822518068,-0.206050816457972,-0.322569873994244,-0.453687849001479,-0.169396933379504,-0.5214808762253,-0.449466108083681,-0.115209312563297,-0.190361127561121,0.00851832529743911,-0.34798982047495,-0.00962754148405054,0.225821837297972,-0.221287029257886,0.0320283874150915,-0.106472969184907,-0.295721772790087,-0.492663534415369,-0.203257637804238,-0.591742300390167,-0.543490359120731
0.505522875320817,0.224382063654004,0.080958048806747,0.322667098789023,1,0.0689782089736942,0.250345868042028,-0.0328473565778947,0.380666879098508,-0.0545091216798991,0.444390694068125,0.297925794563022,0.0239415442421124,-0.211214552892848,-0.164235035197951,0.0813599353771425,-0.222004409588196,-0.0283026409555222,-0.292397782784707,-0.241086400810336,0.0973874034891739,0.154430316284444,-0.11013104792997,-0.0980495560979998,0.147349726137712,0.154518695219139,-0.199553203078252,-0.155262133084367,-0.194961309134217,-0.0495519916397462,-0.251667108633464,0.242623370641455,-0.294489439202513,-0.152387702046233,-0.114400796375767,-0.226820289660235,-0.0313082599742927,-0.223923448178532,-0.278703869546556,-0.0888155919257532,-0.148174476067404,-0.152610610906361,-0.192138467936982,0.0769466663656367,0.0838127177521077,0.0444200061495057,0.00586408553774939,-0.0979327965962836,-0.262289514096273,-0.146502719941594,-0.341411938865434,-0.0962820227542468,-0.0174769842995886,-0.0483562147731169,-0.21854504276598,0.0130625240410404,0.153350729469403,0.516694537665791,0.0751802954312125,0.164715976440598,0.124907347252199,0.238527767372678,0.0893213688803958,0.135237679217607,0.251065863677538,0.200563336312228,0.106482367502699,0.041460055182931,0.137599992915389,0.115843173690448,-0.00709690118681937,0.122082464887542,0.19426437245676,0.00393990810151623,-0.100542852417825,0.0850077907473016,0.217553696472007,0.623360734535403,0.324944548063583,-0.100626619829953,0.084818468319646,0.519401596809848,0.094837949790717,0.649209035107476,0.290040987233023,0.123394597789078,0.134705947053794,0.143679419789666,0.682749814309552,0.414703078577003,0.532414212100429,0.102889313906131,0.565991884082983,-0.00460376530311479,-0.13524754564548,-0.156853550016642,0.0964577942783627,0.0447255499351671,-0.26246817578751,-0.133820493594485,-0.276441604124829,0.0388019266549505,0.158926312023991,0.217226506009567,0.0937780278465998,0.318984095043172,0.000875756469183325,0.047666831550775,0.0238979724838809,0.108657408758286,0.114796861148376,-0.126656736847878,0.129981733641243,-0.134064498714222,-0.182492613442347,0.0426285212330592,-0.263091965771476,-0.303306405469339,-0.149558391245622,-0.202723069981117,-0.364974155535007,0.0643558382184028,-0.152902478359512,-0.0251390138596621,-0.0887109710422843,0.0118548380290495,-0.235578210159444,-0.278614770688614,-0.178628795339213,0.00508797395596127,-0.103948915413128,0.0565856031332766,-0.19371997815234,-0.315469135687912,-0.422102141147323,-0.161935043842163,-0.250992503121021,-0.164899851684962,-0.334187126970494,-0.112991177295951,-0.0579050733992736,-0.0714971598993262,-0.191645843325682,0.234614940800311,-0.0108335228418967,0.0767311930645334,-0.044791035477769,-0.160941591456847,0.373003131337998,0.0746682441241919,-0.144543736265315,0.126611857258954,0.114512797933787,0.0993113364721406,-0.0407599209509458,0.0239983508687434,0.0742689312065424,0.00866668008062878,0.158287817975409,-0.0896230458008439,0.0271129664001512,0.0329860087942255,0.657148916909581,0.1802097797359,0.158499785292433
-0.32180432793628,-0.537373418950266,-0.63679086090808,-0.503530254880379,0.0689782089736942,1,-0.110818169045545,0.768554358751808,0.265241331390616,-0.653011069695385,-0.402747758432317,0.026633228659718,-0.592105260551129,-0.363283100481218,-0.33479255950958,-0.568326096237841,-0.572217119969046,-0.589167416786114,-0.514500513442168,-0.60316780092896,-0.73316903775569,-0.555974672211464,-0.454331624426882,-0.643269135143007,-0.490655151636245,-0.523874311218767,-0.523487448448742,-0.509415815811691,-0.28179228050665,-0.286126618004379,-0.228758350876686,0.605041512234412,-0.298953944494068,-0.570412382166903,-0.508864915270184,-0.30943991281405,-0.287536289785174,-0.533813845107304,-0.242462420567785,-0.606991628803776,-0.443047630723272,-0.677189378721496,-0.520341931389526,0.0623109292733099,-0.360518955421486,-0.464324069144938,-0.47746631694021,-0.291436957140151,0.394234937891912,0.263496846522434,-0.00630922634588538,0.153392847619216,0.354152546854881,0.0391757015826171,-0.177922208031883,0.373272483319341,0.46171308743811,0.407036927362561,0.0883484241898244,-0.0592710830429813,0.362461419572945,0.21290902305363,0.574886935800843,0.567846112747819,0.556500313268022,0.648087609875831,0.811346247085298,0.175594303391523,0.544195603514763,0.0860270877389164,0.0196192496965724,0.463481009211393,0.564724731477614,0.0325424847304387,0.395246455897709,0.770905534293035,0.670181961970492,0.579539490054201,0.696986087907182,0.701162901405658,0.611194381120034,0.525419786758914,-0.432276205167029,0.25543178990974,-0.567528791767223,-0.648564833822079,-0.65570870850287,0.454573150868843,-0.167752156832828,0.391454251309277,-0.148649116222358,-0.455433773084185,-0.21842539722345,-0.487790271572326,-0.15484499185802,-0.125567278564269,-0.440190643382505,-0.437947332485284,-0.551200657982838,-0.349738341706826,-0.527776084782634,-0.665884170700388,-0.158777414185498,-0.476684418281785,-0.66893543053636,-0.209936307767755,-0.486538686971352,-0.639627031497027,-0.574147942903485,-0.643611704105689,-0.582218565234686,-0.535250329782999,-0.175711724637533,-0.46347073645771,-0.492172048397984,-0.397656463900375,-0.388951098971153,-0.127074125515902,-0.673147127305921,-0.0507452501076072,-0.593622807424508,0.262812516281365,-0.195576712797069,-0.663082371467991,-0.264099038522216,-0.501400408328841,-0.470200145522141,-0.43316519470335,-0.674781017958396,-0.486692204014172,-0.0202457637796667,-0.611478494329448,-0.117308753736528,0.00256058224270784,-0.00446201915286084,0.233234641509749,0.189451546900743,-0.050603039594308,-0.202902982079223,0.0361482032073779,-0.223768663599399,0.419286316598717,0.02066709244015,0.288612349160354,0.193089774364873,-0.0671449416384184,0.173142813386888,0.32367007002681,0.361400037397767,0.766543615942359,0.541550450839825,0.298136166699449,0.472652008412303,0.0476523997404023,0.555138776307717,0.0245002706019313,-0.419493300016307,0.55449802038341,0.046859467013206,0.399551204313943,0.579826350565349,0.643598553102691,0.500117250006704,0.697607825535126,0.396518634741025
0.263499545941156,0.458314991480148,0.605442296902134,0.488012174880846,0.250345868042028,-0.110818169045545,1,0.0104002211219295,0.185851910766932,0.340472344006647,0.355359491856477,0.277612078140359,0.449262185478378,0.236434804885749,0.25565417062253,0.395828292037883,0.187441531464093,0.136474095261992,0.274847410506396,0.124666386827331,0.243859748556724,0.289040449390237,0.25774956831837,0.157104496603913,0.476926571902139,0.166890829448499,0.197458481729861,0.282726796747361,0.187514482613475,0.342170124640183,-0.390902743501952,0.0751951474814008,-0.284801345114914,-0.0552511820608184,-0.391745157507013,-0.281060654529625,-0.23677457871069,-0.254507822968795,-0.411623844861579,-0.0925972568868455,-0.50227956545808,0.0541617368348851,-0.267966048109994,-0.387687979629337,-0.422836850567976,-0.146642224332485,-0.097364743683524,-0.0136616586522702,-0.44581993487963,-0.424785031787048,-0.607279845435805,0.0962440447595312,-0.13756135003591,-0.425859782664153,-0.427789646101518,-0.259909237777517,-0.310345803404723,-0.00499497789855828,-0.426302382483118,-0.249483169733874,-0.173692754012826,0.262421102966417,-0.174179088996738,-0.0645516286077167,0.414317311881799,0.180153655602694,0.192886569985681,-0.0759081406073364,0.312163318960463,-0.0140257701903004,-0.421223399469774,0.129662977808873,0.317407562024735,-0.33623462568028,-0.228545950759273,-0.0335975135198577,0.402307822952375,0.157169568859592,0.208514230710129,-0.224515900098094,-0.0232862200584628,0.159031710980677,0.220145837429095,0.163169345600952,0.454834014624904,0.411644961681145,0.557185552231599,0.260999496087494,0.422817768682943,0.363116578338157,0.298396720376447,0.415933772920896,0.305554786410689,0.418779400842322,0.16499277672015,0.430245799461734,0.368508736803806,0.254541937796825,0.187295274629389,0.318939005018172,0.301507213802973,0.212122506080217,0.437983383446016,0.526692055934855,0.227712000151582,0.55080071819864,0.00465637119005348,0.317791029543299,0.124644826129908,0.249814489493833,0.476113245809592,0.280648054247936,0.715730815022729,0.300384627762558,-0.113473047661331,0.418151239101751,0.140803551758138,0.0847199233557618,0.00829589833050885,-0.618719518296446,-0.138757916896461,-0.440805392477989,-0.251386502922333,0.0419250517631754,0.255000252015585,0.0540407072559764,-0.0303328232895269,-0.465278524372245,-0.0815703003640891,-0.38739903890052,-0.455058191555377,-0.272818101647466,-0.342531967633581,-0.626238118002878,-0.500352051211277,-0.356112394271385,-0.0020170690138547,-0.446605896834203,-0.48183054082951,-0.621185778553389,-0.286397082466115,-0.469250265966657,-0.546761112853602,-0.404912615802192,-0.40680975131441,-0.300550067350046,-0.459511153504972,-0.504094035471719,0.249969834869779,-0.0932739375967195,-0.393453952186927,-0.15312111495712,-0.0206108952523542,-0.194824715995802,-0.274353511892977,-0.350976224593063,-0.215792697430244,0.0237139907214551,-0.229652906915245,-0.00774272006577317,0.0914834958506628,-0.165733945253834,0.0713639894725427,-0.149979910013469,-0.232429110594081
-0.372147102984019,-0.342960791641346,-0.328282596780013,-0.363413448355144,-0.0328473565778947,0.768554358751808,0.0104002211219295,1,0.269114141556974,-0.369195199479319,-0.260154564613828,0.067134242645463,-0.306727780026897,-0.175470820485971,-0.274913484268148,-0.377145389111704,-0.454334565945576,-0.541617369682477,-0.261803460503812,-0.513507078485091,-0.574611301015773,-0.250433374158002,-0.263749898392365,-0.397504929226427,-0.233366456428544,-0.501732543524122,-0.424946672974298,-0.261902731053096,-0.196807154224568,-0.0902535670138128,-0.379010194094444,0.40541907367401,-0.373671168619231,-0.623335595002287,-0.538432699517624,-0.481120030942805,-0.43448580462005,-0.57159863449632,-0.326869505216149,-0.567269000608409,-0.501469053655421,-0.476345921061495,-0.522750492629883,-0.0764019353203754,-0.394928345734198,-0.604472762732291,-0.412429462082301,-0.374976914721389,0.273870682194491,0.076398785421656,-0.124931694530764,0.153970303663842,0.38119958509667,-0.171738437426971,-0.399612151356243,0.187652116499915,0.153732967851353,0.177263014821904,-0.176839303699936,-0.23028846587082,0.437377138776775,0.312087444033295,0.511040925422879,0.52800327983011,0.593850683507746,0.552797321376116,0.640815758087741,0.337692384618141,0.51512910073038,0.235524893368668,0.0653630671149873,0.454907035730951,0.528093006020562,-0.0268039047081546,0.228162394415685,0.666772231022442,0.55468262577954,0.389765211649105,0.558775031594347,0.553348488732946,0.551282876445983,0.291353265353656,-0.282522771116842,0.0609649358188237,-0.43627076817697,-0.498227572563156,-0.419111235850807,0.3711601873353,-0.101953038696574,0.349366148793673,-0.0618742577640803,-0.214202519200924,-0.221577215789396,-0.196692650396886,-0.0350618090517885,-0.0551004005172184,-0.264008259915982,-0.419432431183877,-0.398572334820387,-0.17796255326654,-0.313252328133664,-0.567289865471028,-0.0555251612160184,-0.328681630825667,-0.542824173296922,-0.111692372023905,-0.476673391445776,-0.479601263794532,-0.352009289111148,-0.463825456648772,-0.345728770911783,-0.282025711333021,-0.0161834158993439,-0.285381756761532,-0.436105677206383,-0.23747587958552,-0.263682910240945,-0.0868228517364443,-0.491319300619433,-0.144397711418742,-0.521974678795076,0.0463236174667465,-0.289021290990465,-0.637861164180802,-0.266962547810835,-0.469800905316594,-0.470764510290602,-0.511260338114389,-0.591430896063931,-0.472720056789642,-0.328947327268378,-0.514494309493833,-0.283566938545039,-0.129360777595932,-0.0636616074800845,0.206663988788584,0.234238956400961,-0.194656237702134,-0.292776191972467,-0.0764317061176578,-0.381327702593704,0.256293437585311,-0.125215028496067,0.0365224106194762,-0.0278526321688932,-0.107453331180643,-0.0256301484801838,0.239607444448681,0.122603347210567,0.643727316570207,0.34147882311654,0.33453672888859,0.188230960345254,-0.039226627901334,0.429714819166034,-0.0365177048040275,-0.322077538677835,0.5135839260984,-0.112759631008587,0.24173421061776,0.398123692208685,0.485452341357362,0.323869693831852,0.477596454863428,0.273494155918121
0.0620777509634457,-0.00910595363652654,-0.0419268835031979,0.370358445077166,0.380666879098508,0.265241331390616,0.185851910766932,0.269114141556974,1,-0.231804736145383,0.530718947983056,0.492239432887447,0.0422652767846719,-0.0189617959710266,0.246165857093526,0.107715001466895,0.0242481512563554,0.0058501208313596,0.0737996314754754,0.037823251565128,0.0503149713040379,0.199814038419581,0.0291921637084737,0.0207650985494772,0.212108794146638,-0.303968392765974,-0.176677635622271,0.0632859342318551,-0.138011000532892,0.00461019904204538,-0.358318496431289,0.198985716114996,-0.284292573857895,-0.144325448659629,-0.502588023835069,-0.277904720389104,-0.104587317621816,-0.449547322379452,-0.418697703509,-0.283812938839067,-0.470994009872241,-0.0960629675945323,-0.157134687959942,-0.477041367692655,-0.206294410960462,-0.323104426316223,0.0986288164237647,-0.124900713200117,-0.141363463275869,-0.00367732196517489,-0.359715198988245,0.0624344317594676,0.243948221981364,-0.321986569028884,-0.485791560090749,0.0581494053857819,0.0281878552064892,0.258387972768306,-0.324415544754044,-0.159657318051778,0.518973985128338,0.482141606031611,0.33936508951391,0.337345254585256,0.44225889952325,0.152399489615524,0.307965287675991,0.201893232672523,0.280558314261334,0.338018558289952,0.0477325193783589,0.194672142304833,0.364071896484838,-0.166332897296742,-0.121709847656799,0.226520284948165,0.182246501151612,0.392247226641279,0.334976569321786,0.112143337887459,0.241469626909106,0.102841989441002,-0.0925597009796116,0.150685821103358,0.0216096594892635,0.193578812782276,-0.049282270169169,0.149227974823329,0.53232332516005,0.808924557404632,0.673657018561504,-0.0210946679499116,0.600209115141419,-0.0622911134707003,0.259977765464942,0.400345126195193,0.218581552858877,0.146975098297036,0.139985512489647,0.0928363990573704,0.048697647912678,-0.0616594615542164,0.052119433761223,0.194991759469595,0.0221459430977925,0.258104120432908,-0.00689945313211199,0.0279886572704496,-0.1709413841675,0.0187859642897084,0.141061309777327,-0.213687486574199,0.249115003347959,-0.13574955959609,-0.39505685558992,-0.0752973769848615,-0.153006881583806,-0.11460694789063,-0.200812656180009,-0.119184583629036,-0.385473087220306,-0.117865038546006,-0.270667080345081,-0.145533909108327,0.330335548071851,-0.134491052261027,-0.0894836554848326,-0.296963249119446,-0.24888276444127,-0.183492474682122,-0.236353576126031,-0.0465004582757682,-0.436635806431966,-0.241030759285718,-0.318921410313904,0.145064083535987,0.14424056437017,-0.13679627791692,-0.3137879261377,-0.123518373432159,-0.340001363331443,-0.220669572203241,-0.298111071288073,-0.00833562670448486,-0.250919332946095,0.000677931238254161,-0.136237679449428,-0.141205163285407,0.163864379661033,0.294109900578713,0.189175619216308,0.353242834994251,0.290857124230827,0.302291364503043,0.398947922082216,0.342935280752653,-0.0898324217894054,0.224227867152654,0.242930112463495,0.125508178816075,0.231887964398592,0.220025745496765,0.330827301071857,0.235819244039198,0.125014310293102
0.575248439407198,0.694863651329368,0.845250830211936,0.576573001411978,-0.0545091216798991,-0.653011069695385,0.340472344006647,-0.369195199479319,-0.231804736145383,1,0.260447487671528,0.142000946403366,0.760008187625431,0.289797951323166,0.166066960389964,0.46964962271893,0.283195190111775,0.302401318581735,0.36289566006076,0.392456250865091,0.591193362039127,0.403156918603304,0.59544462256272,0.503624382146829,0.312128609282362,0.498284715628022,0.535537328771358,0.676878832662888,0.135983188078616,0.265409803077953,-0.170839188860303,-0.581031514618027,0.102242172278913,0.349584061207683,0.400942512427426,-0.0247840687430759,-0.036252559851225,0.284011422080536,0.156690106392264,0.441450997335939,0.184838908106253,0.496573870442968,0.273169830264842,-0.0479607233880817,0.163374026281287,0.169937372938539,0.229146615737686,0.180340003942018,-0.506161278237542,-0.540955535335588,-0.243923907306918,0.0440919060809006,-0.365486760678653,-0.0751928337439805,-0.00894405049768783,-0.539012960878841,-0.634438776948993,-0.525223426740752,-0.24985795424648,-0.0805331563579857,-0.434789466677248,-0.339771599579062,-0.694282832755136,-0.639620921593118,-0.390678575694508,-0.454422216779598,-0.67517020527984,-0.11129884251148,-0.225946828939437,-0.100847747824951,-0.183156633222975,-0.271018151456306,-0.33664779611191,0.0170262163847983,-0.359083743200726,-0.685915063733568,-0.374396381758396,-0.528521309658886,-0.569904629352561,-0.59677979509326,-0.562334274036027,-0.473390918135371,0.399115707373847,-0.162647647271779,0.725770306870831,0.643963808122661,0.776961739126806,-0.0204625489711862,0.210449495832098,-0.183229494421439,-0.0410134975110855,0.78721301875515,0.0859926498798443,0.762924675264995,0.0844480377543958,0.105778512015347,0.259257639584958,0.119435148491529,0.322375197732209,0.229726334454604,0.408851698344657,0.499904989633628,0.128200427984385,0.364230285128725,0.365823861268402,0.131228474319974,0.251298464299845,0.491300349121414,0.3774515872339,0.406500035335,0.436039577510941,0.598612107514873,0.369008684483749,0.351789540646323,0.199425608443791,0.353623881057072,0.389143943255677,0.291729662949625,0.502167858079779,-0.298962340452465,0.416874860524954,-0.411310524602388,0.0785549045473912,0.407940259718592,0.104698857586508,0.493721098752329,0.323688675868404,0.173628645401904,0.463664817378822,0.232481646417678,-0.211347179597881,0.351929627914744,0.152436471194421,-0.25065439480286,-0.161474549215197,-0.202439567306509,-0.184803732092564,-0.238275072501987,-0.0243027326521454,-0.438170804470505,0.15506136472377,-0.376133382535839,-0.217443416259809,-0.509072488889259,-0.272747412633929,-0.124646040255602,-0.155659309553276,-0.358275394012514,-0.249085846563564,-0.664726336304313,-0.610559415646298,-0.330861243821333,-0.473764629170962,-0.39714722751516,-0.731624347408434,-0.378939559575773,0.331754604060974,-0.266963383633688,-0.0134335314370045,-0.169934183328712,-0.476929076688224,-0.688243683747972,-0.469316551885244,-0.730390709788752,-0.550612925182615
0.409541535560762,0.529869672822239,0.510310784461607,0.67742475616261,0.444390694068125,-0.402747758432317,0.355359491856477,-0.260154564613828,0.530718947983056,0.260447487671528,1,0.356696355501271,0.518380456955346,0.0290710091881607,0.205714510246893,0.442858253826882,0.237835421322977,0.328083592935392,0.378364871068944,0.30419863736724,0.503553024319988,0.69168007154609,0.470029583421654,0.437718582477421,0.68621321689897,0.26137918043824,0.118783863905695,0.366068658371683,0.144495377478561,0.396882022352178,-0.0649858352583507,-0.200507372182506,0.0704454024491427,0.270052565298933,-0.150876629918022,-0.0976035343924551,-0.0510594980189492,-0.154005451343662,-0.25663795280392,-0.012119002553829,-0.260944214067292,0.173234203979396,0.0550071089223097,-0.33559735128845,-0.157830141371821,0.0282969269134558,0.215604630511218,-0.186045151811661,-0.382085364779388,-0.0917581070238876,-0.210692247296643,-0.0940759742985204,-0.0444296553061457,-0.283090875961516,-0.258647674217482,-0.200926755769226,-0.244083560666219,0.0185437766377945,-0.285749455677714,-0.281199654149915,0.044322374964995,0.130423980784746,-0.145456712237951,-0.08020254835247,-0.0548182461460741,-0.245189270569974,-0.202818877385683,-0.208409930838187,-0.299773196572861,0.0997197529610009,-0.111950986172612,-0.39834350477564,-0.111802242226568,-0.470753445721907,-0.495109746590379,-0.271101355694096,-0.236843803995465,0.0867845727363902,-0.239066565435558,-0.57650458846425,-0.321122373567036,-0.123660789444837,0.436642202057091,0.177343101099934,0.476648409703596,0.652456243836997,0.46908546923128,-0.119051707394294,0.587965318898555,0.335037565077852,0.718896680540454,0.365945002836916,0.81591141220216,0.287296691633957,0.0818912048409688,0.230717876901312,0.444928663165272,0.363498245054604,0.311020820332851,0.268719373996627,0.378773459900432,0.295022903786036,0.282544383935398,0.571099226067104,0.46546232181639,0.580657799389478,0.30759044105194,0.58730479472561,0.283004536013154,0.542016830248689,0.685723253427909,0.294617035375815,0.395573400215367,0.143646477931731,0.020258668103215,0.318721015543344,0.147475004912629,0.0439441719807513,0.287200220662244,-0.100973753444162,0.00245297670304496,-0.200694836236646,-0.203121302196028,0.201607392565415,0.249958973392101,0.0943317949365001,-0.0340577938318821,-0.240112218684334,0.0343167865315858,-0.0850898728857665,-0.265004715881602,0.140214633389807,-0.343331273073686,-0.312574632164612,-0.215100272902823,-0.285046430166987,-0.00505211999995913,-0.0457048480101469,-0.23741172607161,-0.136865273454732,-0.207184381691236,-0.410638508706365,-0.243913479766095,-0.125251198250338,-0.4076802418358,-0.191942734990708,-0.513828377884378,-0.474221225396426,0.0395532666261775,-0.225022565892648,-0.195619340707894,0.0444347955894516,0.0687276626672466,0.116269279290108,-0.116914248605566,0.0495202239468013,0.0185137816139381,-0.450611477466043,-0.0800054744297141,-0.186441729874831,-0.0398679968419804,-0.0937859192139342,0.214045311175444,-0.302139318170846,-0.192562359949478
0.0562109848947208,0.161958033245696,0.184958684058415,0.447496832553209,0.297925794563022,0.026633228659718,0.277612078140359,0.067134242645463,0.492239432887447,0.142000946403366,0.356696355501271,1,0.376117376934598,-0.170232763469804,-0.0301715549837401,-0.101895413985585,-0.0587668093747941,-0.014703812219702,-0.045729871985051,0.17390001538884,0.00227774520031059,0.0284533556760978,0.125294690564095,-0.0397587681119268,0.0827025832685238,-0.204211707993643,0.097710860771823,0.222283633012886,-0.169233252589489,-0.189534191234267,-0.411661410089368,-0.00982599863535,-0.315300388921533,-0.275999118659851,-0.140323969962498,-0.280196754917289,0.0400201659455953,-0.227607628227898,-0.0334813302580572,-0.20745250903892,-0.463737243404319,-0.158604144730336,0.0448562685945164,-0.106852722664505,-0.379925406939104,-0.465807578239093,0.189374873497665,-0.233830636231715,0.0242822166012731,-0.224924806207481,-0.393499293145858,0.158874098614746,-0.00707781699426795,0.103417932168818,-0.149400865109739,-0.0740880634278699,-0.193152289387278,-0.0386856939272827,-0.231350432181357,-0.296420324100791,0.220830327864784,0.0826937891601592,0.114190267772104,0.183633475649607,0.29958927988291,0.221705275893293,0.0884296857210551,-0.0388807055847964,-0.0684811023354855,0.22101217647139,0.14469578782788,0.00459454670313436,0.277462178060728,-0.217117434597155,-0.122176698959016,0.163416882026011,0.226143004599722,-0.0617642817786052,0.0750414288568232,-0.0161328443055997,0.0701358172181544,-0.220546978192859,-0.0622223354896219,-0.124097892063622,0.299840867004715,0.345856971382818,0.110571374302697,0.45332105724028,0.54690599064533,0.653245195728637,0.242334902227585,0.219390839207031,0.568828607769902,0.226585337423659,-0.0897937580859784,0.14690935719642,-0.0977090026638707,-0.215211557842134,0.0109655179960327,-0.0895501330476233,-0.0834027984288045,-0.232466866861284,-0.140957887070324,0.143366969982197,-0.223753286092832,0.0815944171486757,-0.233428488682089,-0.0491068585781125,-0.283073057416166,-0.163562657291005,0.119598915551934,-0.219780996988713,0.270671866035624,-0.268456401830925,-0.470073170417993,-0.198727776628252,-0.0571344493614167,-0.0323297823530573,-0.363643324727094,-0.336863882050445,-0.3904516415629,-0.243299136479514,-0.165075102259042,-0.173905454368303,0.306540560262092,-0.0610394683383699,-0.292146914712012,-0.39909256639681,-0.283628935539195,-0.371658081996638,-0.292315291280885,0.00763078952834452,0.000412605097727312,-0.0233611800527003,-0.389692749719814,-0.115819247635334,0.0413453950787466,0.11076721944156,0.0537654703408173,-0.216831435619495,0.118229507110894,0.201227195099663,-0.108761103512305,-0.263670903992179,-0.211296498101941,-0.386472331389664,-0.138888728621903,0.190485120851201,-0.0756609853681997,0.118533343656034,0.175800137429736,-0.0791772703890625,0.152818669361721,-0.225216454172091,0.0686256147747818,0.0162545028579917,0.0604947515136816,-0.00976144308013056,-0.138080520633726,0.383000310245036,0.090359174087202,0.0674824623238042,0.0089497651659542,-0.129825015379418,-0.168411371522876
0.523142741237469,0.867606298821038,0.900182874105881,0.80169685299233,0.0239415442421124,-0.592105260551129,0.449262185478378,-0.306727780026897,0.0422652767846719,0.760008187625431,0.518380456955346,0.376117376934598,1,0.429922335693516,0.408434807920906,0.5269111773309,0.447420590850069,0.401165131655194,0.607608361530189,0.583500208914999,0.591447094631567,0.635042245280244,0.62814239007699,0.601229833403022,0.628245003865021,0.418793200212365,0.468551354007946,0.812940546802347,0.248403893135785,0.399890760700559,-0.242948491549214,-0.619611560273299,0.014812818982281,0.298217252328384,0.093055353889369,-0.0422212532733605,-0.0413984284851237,0.119277434133934,-0.024059978491063,0.228563060530719,-0.0924995108503425,0.445569270810757,0.280096660891111,-0.256953991117915,-0.13977980504479,-0.0435738625295581,0.300328567710466,-0.0524321997998038,-0.448777649991092,-0.49472849419761,-0.350768681529848,0.148883606537311,-0.292360812465983,-0.248601849557016,-0.170844386598447,-0.54632300602773,-0.741149566085137,-0.57950234464863,-0.522989560306613,-0.37024092320558,-0.355533670178901,-0.122318899677764,-0.520712609321067,-0.525345272437235,-0.232493941033389,-0.351925218416219,-0.524955199104536,-0.187990142992828,-0.218469663523831,-0.0175544783552424,-0.168116607749114,-0.336867091511044,-0.174103867978295,-0.293976425174067,-0.435987075638087,-0.585162639248561,-0.253131177171675,-0.491998352108364,-0.553280213090734,-0.606191482846742,-0.57597003204603,-0.543088090078464,0.443156552133574,-0.172535446331436,0.793844852660317,0.844222198491338,0.801086863957649,0.113675287750096,0.427007755999869,-0.0281509839606376,0.290683091646448,0.868546695013906,0.332317603352863,0.884042534966067,0.195957736284553,0.404399182977425,0.426315689097725,0.278003845631314,0.537938711802816,0.432519789940892,0.620285584339292,0.481777752520129,0.237084647033181,0.562547537139451,0.450994681426565,0.36761114786133,0.273157643625664,0.678102705628036,0.435686427811528,0.548615244403492,0.709202684869452,0.570896497153474,0.478811207049828,0.389168424270879,0.135761449479508,0.411421844074882,0.527908108638746,0.3621411102991,0.492749507744123,-0.349036843455131,0.331696306100817,-0.629522958512872,-0.035322094121826,0.340471716192423,0.443516140596026,0.414768017032118,0.256263335518838,-0.0689953721909672,0.363058249220426,0.0234786859468565,-0.410476780571993,0.195472391323665,-0.112111804071324,-0.389759024975184,-0.155942772961269,-0.343518416255546,-0.111545771815145,-0.18566734650371,-0.0861972949559672,-0.529302164017488,-0.0425010796701238,-0.447991733497833,-0.377020331985368,-0.67703942639594,-0.533048811693234,-0.317795019486961,-0.406759909157628,-0.419809195854645,-0.360406258163898,-0.609047935763527,-0.516612255722013,-0.336246935910827,-0.374910497465994,-0.161948509391252,-0.608446899651865,-0.234215134540787,0.139752092795462,-0.373460218487448,-0.225466379975563,-0.0897279021813055,-0.364666477359373,-0.584538380106869,-0.44477937125318,-0.776471301331669,-0.672470961741316
