1,0.341621136459745,0.475763042735586,0.200296042484083,0.351056555834539,0.0750625719613237,0.0625219151542592,0.13626721939007,0.316845951207601,0.179401672805903,0.4037494260762,0.310091721350357,0.470113750064439,0.246700690167366,0.292241745792554,0.34795339285378,0.0003789447895391,0.283924586073693,-0.131175111171004,0.0473882072372612,0.421676125519548,0.145095506201445,0.166733712884568,0.470694752392355,0.398668408218127,0.208730981251679,-0.215075860512785,0.284069362353711,0.0125879461900521,0.215102166075226,-0.0255346831819811,0.210254286988186,0.070911426644413,0.306787950127126,0.256684967402478,0.266848170087858,0.117644225807506,0.0770108696036325,-0.181263940392548,0.138470623523828,0.0433180342494844,0.0517784968418309,0.003144658687876,-0.0346997539776997,0.0486242577699666,0.125336375881909,0.233292674035888,0.214406976606351,-0.287498686536459,-0.0916644468093786,-0.0980111595886191,-0.294001970452309,-0.195399514043284,-0.194193071905746,-0.152029798280065,-0.0879791345976423,0.172267690767685,0.0589390279339286,-0.0452369345645096,-0.170846524293663,0.0272800837931613,0.175906890951421,-0.0023850442116267,0.238085377497201,-0.0580889102782374,-0.0582181484295727,0.0659005986783703,0.218716031642333,0.18355249387714,0.145691458033023,-0.0636982558995943,0.117939866767491,0.156986190388036,0.241934785300001,-0.0304182555474975,0.0181588916835993,-0.0647627221796982,0.352376324339345,0.142397080128905,-0.0392726360691965,0.168655682757703,0.236529907542668,0.13001963245045,0.366823513724362,0.439777472659762,0.287158412164619,0.14798979392853,0.146485573594876,0.491794432906137,0.278681275937771,0.26843024970779,0.243825928340143,0.118695881128605,0.275750043315321,0.250331226759088,0.25110420155895,0.0570197120960415,0.145587213019266,0.3457820118122,0.0702977703361684,0.249256607511052,-0.173749699370808,0.115122883592994,0.0767739520463229,0.0433268048242669,0.213634738156781,0.244319523768124,-0.013998849131893,0.41359519126228,-0.0815258685545316,0.0306825549011458,0.242845729220994,0.466099221295917,-0.215031418471955,-0.0329321015297054,0.0866808005864166,-0.354231064851062,0.180505278573026,-0.242988302269715,0.156656346197361,-0.114777532822762,-0.226822846072404,-0.139236908084078,0.0601850202893158,0.0172448237236577,-0.05001338008768,0.0119188354763151,0.0439279969015301,0.106099646879896,-0.0733304894978647,-0.0191616015928649,-0.0669139715926377,0.002303268504621,-0.138426174027645,-0.247873793611455,-0.378142709757356,-0.393361989688852,-0.173438715562905,-0.332659156553628,-0.266251915215701,-0.403569172803248,-0.248012896351811,-0.305951304021651,-0.282763364389947,-0.235001679202194,0.224396615235964,-0.274737904243634,-0.0441320194583427,-0.0188129862979623,-0.208567374981383,-0.0449130525942066,-0.189659334670705,-0.286032805528854,0.106479904802236,-0.131750993606107,0.318394278051756,-0.0316415845649775,0.233673250107417,-0.083216756811022,0.0639721645690098,0.234870816545531,0.0034085940313945,-0.089387705548295,-0.244411975182037,0.277395566670315,0.0149861861731434,-0.111927759470782
0.341621136459745,1,0.290754220114209,0.543321872554263,0.221932925544537,0.561895436830954,0.177647849342219,0.480981194635148,0.411409579089491,-0.286837648383797,0.481894967069509,0.614236590851636,0.199809554042617,0.123316396576577,0.0259723013591965,0.205556919757373,0.137943151855391,-0.0817363159629326,0.261887469783226,0.38736399308746,-0.0022232351212294,0.227628006633126,-0.163131615654388,0.358951713010861,-0.0164945928074807,0.199238936743204,-0.0212747129237913,-0.0346508079422617,-0.0707692932322023,-0.0353150041424379,0.0914305675424135,-0.154187620089435,-0.0082960098852283,0.50144847504508,0.0954579605368003,-0.0408053729819544,0.323201320395246,-0.0793118682219812,0.158317404144386,-0.046517702269224,0.0190213584620196,0.120505515719804,0.166964982024925,0.150148669228481,0.0505903307815494,-0.388152483040859,0.327886506193167,-0.161769562290863,0.112321782994676,0.268476863231996,0.0705218770705111,-0.0998388651450756,0.283177417446468,0.238393826901954,0.0790946579701985,0.0541891329847385,0.495773064447189,-0.0405181909169501,-0.105760386221953,-0.465793941394633,0.207247284629698,0.278815582598019,0.428510200989657,0.489199961255859,0.221040861310387,0.206387907634254,0.0802538420546615,0.0871693352498093,0.0052027733390442,0.441471015140934,0.28041326920419,-0.246251436470246,0.149767349458072,-0.110764006350086,0.0554126146859799,0.153826826404317,0.15313202371564,-0.0918651094275891,0.0216054350960676,0.0591290700454927,0.193396297043919,-0.236467660334081,-0.123717643328124,-0.367753429731852,0.640955866400135,0.522293254322367,0.086020823685454,0.516856203274733,0.0674907019057061,0.436580131224801,0.360588860886682,0.129178045745038,0.541059986283878,0.467972284799926,-0.217138562437061,-0.063020380700917,-0.244462009710031,0.22020553234616,-0.0239134947121686,0.0139215836334795,0.108096044556066,0.208180856550873,-0.268775385064837,-0.0198046894039488,0.197709239774358,0.158335159282741,0.339142356147916,-0.306095889989209,0.427557614617505,-0.167684333740345,0.0315977085067191,-0.225076595266467,0.337447692159999,-0.369670465528411,-0.385070992430223,-0.0328698914066745,-0.185467076783853,-0.201354518255662,-0.179992571912474,-0.128044937111769,-0.363567406269566,-0.134519749612114,-0.242512299988177,-0.356112313229858,-0.261862175612453,-0.255114800445585,-0.203137371852121,-0.110402889154157,-0.420862183704855,-0.126329949744484,-0.0103814730088502,-0.118836414627492,-0.507523319105203,-0.167371116989051,-0.0018965802629815,-0.119302524282924,-0.0803347828698223,-0.157598156552421,-0.0819621138112206,-0.185615505537651,-0.176396155373906,-0.356763130878915,-0.365222334135283,-0.195718434300538,0.0961152905873435,-0.26680001518064,-0.313614748311457,-0.203474970219253,-0.339466225375395,-0.0943486655754979,-0.585190204716131,-0.199743677965685,-0.0186026407696165,0.13839366610058,0.0983186475469458,-0.0734732857352327,-0.206433814529302,-0.165580709054458,-0.0452222313595567,-0.386772034420361,-0.340607459331327,-0.240021857268209,-0.218565879716663,-0.0771306830800275,-0.343331106679102,-0.12721966453138,-0.0990851889582314
0.475763042735586,0.290754220114209,1,0.269438496703329,0.320684304322316,0.129323741895829,0.146618416978781,-0.00046157541592,0.36858364987371,0.127720894369693,0.230557482579003,0.192509806256686,0.551410085710756,-0.0190670918840382,0.103814555018487,0.0154098893813229,-0.315984982082341,0.114782337979474,-0.273848648918883,-0.0381085670022809,0.0659655317636786,0.248195789390844,0.484314009057251,0.50506438868291,0.124308832413638,0.615361971827284,-0.0626543553162964,0.584698976909666,0.207589012151446,0.782073758550364,0.230427529556897,0.0227550849265975,0.270233860744927,0.420868471569495,0.214982968668601,0.600096731094484,0.357753578309149,0.178004491345474,0.0009671278702247,-0.0639726021051677,-0.0773641086156812,-0.114884817785522,0.187747042299457,-0.347568427109717,0.0275641680412209,-0.115586075013353,0.131228594878853,-0.0608664085136513,-0.0027679305050439,0.123864861179952,0.163436256852609,-0.187929736045803,0.0287914755460096,-0.12781874788447,0.0298941731082305,0.238347652284559,0.335586151660559,-0.394384249320055,-0.332297194067342,-0.0570293999900116,0.0598350764459194,0.273793807953118,0.249329605483495,0.232214611166746,0.129792872303521,0.088619600719166,0.266983500989097,-0.0441074421059288,0.207435974757497,0.23058581094609,0.175917997467816,-0.0685243867519637,0.159332155179227,-0.124403498452539,0.127910393907187,0.0256255073323032,-0.196824800765199,0.303333670208699,0.268484285885866,0.122330307793506,0.213793636305353,0.433578886903234,0.330545190810652,0.25115344186305,0.315700460528406,0.289377885561423,0.342889313971531,0.0252658532518953,0.367711969309853,0.313909283865203,0.115681018026347,0.286843853830585,0.0977449685914147,0.22049391205571,0.372206948060157,0.0902918094097308,-0.296142553416047,-0.140813325699197,-0.0655222222976563,-0.333574692103232,-0.18829537822814,-0.383097796928031,-0.150483954903054,0.393897840499442,-0.149237756207586,-0.0452435386940609,0.440145194069171,0.127180023320708,0.457394598980308,-0.0298997073887179,-0.196910628022199,0.0510566759020906,0.379966936789449,0.0078581636111804,0.0277986815637961,-0.10204904234873,-0.196620643595675,0.515603012007677,0.0176128619127647,0.397494157606477,-0.16935551003432,-0.416784017835693,-0.0923127858222066,-0.140642124037142,-0.275778182348855,-0.226831344133657,-0.0813304530103979,-0.262082249971182,-0.126795361365591,-0.336492434610911,-0.339484868672544,-0.194024515772612,-0.297830837785352,-0.351544010201127,-0.360940854881425,-0.11378416338247,-0.274351500398252,-0.454574547235478,-0.241042575939257,-0.0710483319116791,-0.409772652747659,-0.0712064872556956,-0.586206279593266,-0.318099209880965,-0.263178525310996,-0.19031639151039,-0.508431783878016,-0.064604435081547,-0.413456138428267,-0.371197645028681,-0.0300178478873765,-0.15084463626877,-0.068571458983444,-0.0050337383147211,0.129299443369959,0.153122740708496,-0.145558019740245,-0.007808466033447,-0.307065238756634,-0.22314074759521,-0.0395305008269559,-0.0111565440989287,-0.147728061244923,-0.11604804018534,0.152777775987028,0.0852569911311914,-0.296630294842061
0.200296042484083,0.543321872554263,0.269438496703329,1,0.417555143065482,0.606626384846791,0.189994357875694,-0.122187943790808,0.700019675200367,-0.613802569020711,0.618624616465739,0.514743733108438,-0.109349651630005,-0.299717197411561,-0.343897231555227,-0.0916759691439743,-0.27909858089515,-0.257404138365517,0.0270020982560377,0.131431201939669,-0.169662880470732,0.207902925706309,-0.169481186507791,0.163635869048733,-0.231676596159907,0.377856792554094,-0.17612575356154,0.0158574730988827,-0.11303751049576,0.115836807631586,0.117615187048208,-0.466063258314431,-0.253647170301302,0.554294093320351,-0.156578448067289,-0.0092800702671877,0.67041709278461,-0.293990456720253,0.514809289702887,-0.362169021583311,-0.137313259344487,-0.1307819928394,0.0282322043834575,-0.230793135469654,-0.028119074010717,-0.565246630202179,0.116397227100878,0.0347850576541494,0.371752629533561,0.357162816916702,0.165710220330741,0.108440295457388,0.514342559556381,0.129302400026267,0.183764774001146,0.129385661569923,0.619468203623308,-0.227617334801904,-0.0409690827298566,-0.354987118227293,0.568971861968815,0.455067561243129,0.716312022103886,0.619114665502534,0.53093143559821,0.529887591968926,0.34241513188389,0.062987926399691,0.304298044929956,0.658758904631953,0.627934536691774,0.0015265737805484,0.468409484562258,-0.0117825150934948,0.491125010665796,0.284462189190168,0.339627766573621,0.18681953920092,0.248901600296484,0.489095483707522,0.29198368986371,-0.0102900892536479,-0.0416768829340491,-0.344936751344689,0.355118663193945,0.712785532828092,0.0365885199691197,0.512367718065206,0.369812346653614,0.65449773151542,0.525011244890224,0.0727872142068676,0.333792301253889,0.716599208904319,-0.306139201790866,-0.123970706750365,-0.37320795898952,-0.0351607305646231,-0.107505176907077,-0.21159903750581,-0.0309393972860601,0.0027112022985603,-0.264453781011896,0.0398802674388915,-0.0202004373482779,0.0276852612924834,0.391864306564675,-0.35583816238754,0.455068565421456,-0.315961169994569,-0.20591555704452,-0.169938046627063,0.396298107953387,-0.207300723396005,-0.403276162730981,-0.286284176030098,-0.247419681879729,-0.145455661330558,-0.291006638408039,-0.177483903356604,-0.569525099281117,-0.327546592133092,-0.428287119597097,-0.486849280356775,-0.514472558046888,-0.592821230667313,-0.54113723220581,-0.285002540548606,-0.33041398728247,-0.494181842876987,-0.336529152127704,-0.453915906053448,-0.651038775830224,-0.507372840254999,-0.237981858084586,-0.0871537241538737,-0.165221662871548,-0.296654164826788,-0.0724776546537558,-0.128063459340272,-0.336263978639044,-0.506849145334006,-0.599130383571537,-0.286829611001384,-0.13373995825835,-0.423168845495947,-0.266312080695791,-0.256314404695139,-0.492636126571925,-0.25112176791034,-0.486098579437225,-0.102209533741126,0.13380742403012,0.226922523957455,0.351149387132329,0.0520575657805575,-0.232362783258162,-0.166029275792197,-0.387597610400366,-0.302805480542938,-0.396079574196054,-0.0404543842328457,-0.0880467714116138,-0.0783241786806258,-0.120578783343051,0.102706361172871,-0.0686409521124719
0.351056555834539,0.221932925544537,0.320684304322316,0.417555143065482,1,0.384417495131214,-0.15585530242237,-0.0251342727241941,0.774763595703244,-0.379380728204114,0.464194703453043,0.169979333072016,-0.0779824888825181,-0.233606267736764,-0.105096305080928,-0.0245150612638315,-0.395196805861889,-0.0714457725595165,-0.0980000506715869,0.0356414796004732,-0.186010060700476,0.160856004165594,-0.304234365174588,0.0163037547856837,-0.278423044996293,0.305493077540731,-0.445995033566228,0.132818308253378,-0.2830790438464,0.0589635089919611,0.0218996313016407,-0.193353606036785,-0.205631791726996,0.179670947866018,-0.0467316054913923,0.142051181732171,0.494817746216133,-0.488010331528964,0.104081700709365,-0.407085329531763,-0.336954613330311,-0.29344231563595,-0.351460940228368,-0.367889354365931,-0.203355157995211,-0.383259810219602,-0.172392297281217,0.180435774069895,0.0222238681562863,0.221204663031017,0.0060189120249243,-0.32571947437766,-0.0421795080361801,0.0843993067883031,-0.13296458776121,0.0630010906163484,0.26333724691648,-0.162036340269326,0.0940188061640488,-0.275586861599252,0.375767989369934,0.583542638961322,0.396134646533573,0.407559345276144,0.349402288749975,0.416028254579047,0.620231606582046,0.122400404066945,0.726918321888932,0.297339272641301,0.144842999814896,0.470800982577978,0.504872913611014,0.25615786733975,0.335375710916148,0.463607179008866,0.109491819519482,0.791757876897641,0.527681035326751,0.478912384449865,0.319791172478878,0.460397295931668,0.077696480974737,0.178203011533641,0.257481202985752,0.409698042535358,0.185337238530441,0.497355247488118,0.813726135761817,0.646841236272919,0.429935434994328,0.232211036267534,0.321494362171014,0.528990337598056,-0.0088445408856436,0.215437851781485,-0.0393203181822523,0.0097244880594395,0.126951581445815,-0.115827302097407,0.0785973509016524,-0.141914048218641,-0.0699571953316465,-0.170309190951251,-0.135202341245343,-0.140314834396721,0.246707993382076,-0.276928876342872,0.340713927146501,-0.292331206719483,-0.221268892326243,-0.181096552437074,0.356312517681249,-0.0500150130212133,-0.377719971352201,-0.316382961209934,-0.436445018906682,-0.12356406431464,-0.417467883537443,0.0156545491278674,-0.678840199808203,-0.383438218199283,-0.63861102341376,-0.373474137841017,-0.412379896612149,-0.572244392861693,-0.530849633228358,-0.29672342395849,-0.0579634874860226,-0.605051258273237,-0.440206371400089,-0.508924995994617,-0.461408320050023,-0.610162670670725,-0.573444410379401,-0.439743175661608,-0.156626712452138,-0.390946549070761,-0.425991303098665,-0.236377697427129,-0.610497246977089,-0.633870443318679,-0.638339784044367,-0.333380807868152,-0.396308003381484,-0.111022919081265,-0.0653712751703507,0.13845680126462,-0.235338450553497,-0.584896213734035,-0.0959215712771848,-0.244533109977341,0.135821020866844,0.249486868367558,0.240345106223629,0.310747860583508,-0.21527442611968,0.0554057349033976,-0.620829669272463,0.147189766622513,-0.0746366655947178,0.127092935142535,0.066964853475562,-0.141356587215059,0.422403349027402,0.366462095200188,0.0121142308951163
0.0750625719613237,0.561895436830954,0.129323741895829,0.606626384846791,0.384417495131214,1,-0.143412358206652,0.295474854572895,0.724469991886686,-0.481190522924681,0.420893841949434,0.543760444760544,-0.136014001948446,-0.0284338432489396,-0.111007517052852,0.111028455437922,-0.0240877836629428,0.0133339094084831,0.313375307224422,0.391850456432233,-0.0644449506488198,0.51448662699385,-0.273313238636447,0.237427908324129,-0.0438389961563107,0.334179406688296,-0.398601859797634,-0.314959045994912,-0.240031956038767,-0.104056956519791,-0.28867174338283,-0.495801851723836,-0.430252654140955,0.324505630377216,-0.307325959490308,-0.125031793734211,0.375496754236769,-0.148195633939232,0.0467821277190933,-0.0269843166370884,-0.071356936024968,0.0813364808741357,-0.010640452037717,-0.0968172080283866,0.0222223960630782,-0.467157979669207,0.217751600253413,0.0532440525944163,-0.0141367366726916,-0.0570426273313112,-0.25195372170699,0.032281913778336,0.190302832474771,0.0386076183109614,-0.0192992774071532,-0.0842848054244214,0.44394957253566,-0.288490781771895,-0.175733082771779,-0.345245857261902,0.346227097778531,0.397463311419827,0.476863996101513,0.433737974260842,0.272651560978021,0.236307272690813,0.187831544939051,0.217625051892644,0.289260357227067,0.507875958512633,0.271389425217446,0.0382951656958771,0.385499245873038,0.116559985679659,0.242565739825074,0.0727121240895995,0.130040625313572,0.150446627533064,0.0719570360813602,0.147879897551659,-0.0168597751315934,0.0184764757056014,0.0034749573554667,-0.303719912599388,0.409873548538199,0.605427965505794,0.238888650097541,0.790426635269064,0.305791232721257,0.74608863980228,0.603017006712386,0.234368289121554,0.596499079358586,0.655350225391839,-0.152886132985033,-0.0067318256388533,-0.219760094254877,0.156505993586159,-0.0066644114731796,-0.0595238765803397,0.0794666641555201,0.210531435860607,0.0571156003608007,0.130475770982752,0.215936741564878,0.199775444611561,0.597090155250386,-0.193478120310396,0.694005229571569,-0.0149436034927997,0.058806778383043,0.0734336160663242,0.432894574425072,-0.191081576349388,-0.340650645432439,0.0005042977565703,-0.41360492964264,-0.208038790079452,-0.43090458424788,-0.230911430739351,-0.523541606181741,-0.426947787822259,-0.379837337773269,-0.399337745094545,-0.405358393190591,-0.272990353192241,-0.296286323750625,-0.0568083693334382,-0.275726166899584,-0.223091227468188,-0.0521808139240625,-0.165662790007645,-0.393971457115139,-0.196026612120087,-0.291947850858862,-0.320895485174629,-0.316248314734734,-0.146238439792699,-0.0972588073249307,-0.251943314600362,-0.243520452931535,-0.443360110515561,-0.365587133075633,-0.369186194168844,-0.223283598103778,-0.338371361502125,-0.200381731591336,-0.147088800320893,-0.255120236947694,-0.196716768710574,-0.416998381522334,-0.29366011949609,-0.0593385341028089,0.152520711119296,0.117397117967962,-0.007044273959311,-0.260540305796664,-0.113914120811991,-0.19323337103503,-0.22037392371431,-0.131196948348977,-0.0582409020464348,-0.153635110231342,-0.227063014460704,-0.0950078653292159,-0.0650246207363755,-0.203456678478806
0.0625219151542592,0.177647849342219,0.146618416978781,0.189994357875694,-0.15585530242237,-0.143412358206652,1,-0.210387017257507,-0.159045681800732,0.242503421703934,-0.0469185013963465,-0.145051302848145,0.143135335122798,-0.400317214496424,-0.423877035972782,-0.142452992517164,-0.151979889574881,-0.196216221521139,-0.27871007279048,-0.295541735116547,-0.219948378283527,-0.231637466897598,0.0797770656332113,-0.0835814171871542,-0.277302003356342,0.0617302107009368,0.740830932077253,0.412653338428607,0.173293765649391,0.160647810850272,0.626923969549039,0.237758738425518,0.347923571906334,0.322123946554436,0.326924248785491,0.167665254881996,0.288892297355393,-0.0799469211667101,0.417488297427905,-0.269746667529318,-0.191433665050043,-0.171805624727835,0.0571446879739332,-0.158797375071282,-0.136728479253676,0.117464378125643,-0.209345764925165,-0.0919686421399481,0.408611924716497,0.598916285497394,0.475862561087853,0.0308084616409415,0.435573824145549,0.411517452777343,0.237031464724895,0.450330576123447,0.314400009078971,0.310146296423827,0.345130470237366,0.0193311384706611,0.110689419586507,-0.0046361674727764,0.248073745772947,0.11919852155007,0.410545654852548,0.274655426198388,0.269017354727569,-0.323050763667393,-0.255471672162731,0.055375711888843,0.203535180389951,-0.320837139086794,-0.177248008181254,-0.480776386959657,0.0290459107112704,0.326075237107831,-0.0952899524717402,-0.161908400024362,0.239557875874297,0.249982745998731,0.447801593969019,-0.0698242919596376,-0.183233688910748,-0.0078442027896813,-0.157231907737416,-0.0929118545061619,-0.357914598241142,-0.162318991744821,-0.133762029096688,-0.239802282505645,-0.0426656689307879,-0.223607685099419,-0.312174110854664,-0.188537277653409,-0.0431425033880745,-0.320150647924162,-0.41469298170008,-0.168315484725327,-0.276830400473764,-0.318447442550007,-0.19443996831636,-0.267760661821202,-0.589463104962382,-0.162969949881414,-0.222871886644395,-0.269388068433744,-0.0541118415595663,-0.163192027728658,-0.194763166640918,-0.293610843679332,-0.396797375871937,-0.301331940757164,-0.254276027889575,-0.187255965076646,-0.0407544170271832,-0.406752172742896,0.175749864797542,-0.149751340505381,0.29574904254961,-0.0037894962644137,0.0249910742678175,0.270761396293834,-0.192095898245747,-0.0981068059117033,-0.135957102806006,-0.282722931867703,-0.330738211237231,-0.267957304154651,-0.38728245793663,-0.170993724418676,-0.235458660093456,-0.272063026055206,-0.161481238603086,-0.302789094530688,0.0971686669065665,0.39044127703766,0.427021256722151,-0.100062431164449,0.0983378748219776,0.353566931495643,0.0233952548072612,0.0645890193477171,-0.204034164809086,0.380075509397358,0.341634422591942,0.139071330245848,0.214921635846986,-0.158700421400136,-0.380150338428063,0.0502387265506237,0.0412269584975287,0.318608203573412,0.303312356691748,-0.0925367279985876,0.128885149707909,-0.289707249616968,-0.12099246150844,-0.549929396285871,-0.171555094907488,-0.310997475289647,-0.277452972277519,-0.14274580131353,0.110017851972033,0.158987663227079,-0.115591542942733,0.166892285740173,0.392224314264042
0.13626721939007,0.480981194635148,-0.00046157541592,-0.122187943790808,-0.0251342727241941,0.295474854572895,-0.210387017257507,1,0.0265262619153966,0.075036262221577,-0.0086882524422303,0.526720973587762,0.382312869798459,0.409602333835652,0.279269143415781,0.368962490669774,0.49080896128667,0.169386429833027,0.460598157405499,0.51316749465811,0.287552923326652,0.332654434589281,-0.156783481920157,0.39674858189361,0.313268090498155,-0.110429121999118,-0.193059648222423,-0.204531330849235,-0.118495674954426,-0.283586072838699,-0.231926306455852,0.0948185469776815,-0.0304902956453959,0.0236946170049156,-0.0341341316199789,-0.100328184572624,-0.203814060074981,0.15983325604122,-0.387917539132325,0.273364461572623,0.203040906873318,0.350708326347765,0.141170627450836,0.408398615001213,0.240435541771047,-0.11709619003062,0.436297349358069,0.0151711450722594,-0.291109645457573,-0.172103508876783,-0.294769991786977,-0.186008237175167,-0.169690772018212,0.101681641144289,-0.123892428504134,-0.092361899435148,0.0066612881610465,0.060296552047858,-0.191912351623652,-0.386475990082462,-0.141990182956382,0.0819125400013189,-0.0688041805239454,0.061334952620029,-0.21462820571286,-0.220951957020513,-0.19392279434883,0.138678303435492,-0.181520247943711,0.0492106805352527,-0.241937519983861,-0.230342021429844,-0.0661937207581139,-0.0049010465229227,-0.309914547313685,-0.104194066422339,-0.11595209155965,-0.163331370910275,-0.148558537035481,-0.343715148521351,-0.076648010019343,-0.381186889001089,-0.176050422261185,-0.296450998656858,0.394772974488816,-0.0755045203742142,0.225146031331097,0.21690591508007,-0.258653388190076,0.0581690543081707,-0.0580226046682195,0.286135117055529,0.596975954162687,0.0687995469809897,0.0156632790944789,-0.0075199145011004,0.0046086261203442,0.388472372493479,0.215908813674836,0.311552043892995,0.298911574672181,0.425108424478009,0.250728411752623,0.0416240870509678,0.459348953037074,0.394732536398556,0.190927116964161,-0.0348606401369081,0.367643697223239,0.248923460806629,0.410370203348409,0.163601098196415,0.160655946726019,-0.326946850452537,-0.207719128700455,0.419721993591229,-0.213551952641634,-0.185125403422298,-0.172034325927305,-0.1003970286284,-0.0656398401609955,-0.131875223463506,0.0374732367114261,-0.144564324235818,-0.0579433127653239,0.25129511834352,0.2574557911677,0.108424506103435,-0.130405506320008,0.281011497803022,0.372158421107349,0.323674147959081,-0.0338558084731721,0.330330493374894,0.0069279196310096,-0.358751264331854,-0.217317533386054,-0.0498278518573112,-0.232369133325105,-0.43452278426706,-0.0918607875074347,-0.160688829121667,0.0614435812282426,-0.277348344150081,-0.0553791904645267,-0.0776995380236942,-0.243885161909846,-0.229577713680952,-0.024749883247998,-0.0717028722470738,-0.364157625867682,-0.458764674372537,-0.352652566132187,-0.115309294348534,-0.430357716964738,-0.230014569412069,-0.241922972720441,-0.0648952784071938,0.182922243769504,-0.348145489359666,0.0343822410280128,-0.345345386761867,-0.39424757019791,-0.260871608545982,-0.326031656895646,-0.366014219714325,-0.277416304891238
0.316845951207601,0.411409579089491,0.36858364987371,0.700019675200367,0.774763595703244,0.724469991886686,-0.159045681800732,0.0265262619153966,1,-0.540695074619513,0.640877892326436,0.500780221973606,-0.0053173007374168,-0.156809505092822,-0.110452440030094,0.0531042608667371,-0.316992773548858,-0.0581479051297171,0.0125836392627509,0.179641475517237,-0.0552822071695758,0.371232960971435,-0.216098627561011,0.262831263800487,-0.0944138204583998,0.48941997542857,-0.514044615404587,0.0551809310199196,-0.254727301935568,0.126701229719619,-0.0930650943051436,-0.425606481505755,-0.285656177973875,0.430836811326199,-0.157098538969157,0.14000876353967,0.560001014545064,-0.337011216120708,0.149302234457742,-0.247493872268715,-0.20463617182069,-0.137398361802878,-0.107389029144198,-0.356393036200834,-0.0656764297775012,-0.533664947352555,0.0936964429598531,0.0919574099372007,0.12828077197965,0.132638033941563,-0.0181383281899745,-0.0322413751649485,0.220998909556948,0.0507414740400641,0.0490757142911364,0.073987683987396,0.442592368967274,-0.391893785419082,-0.183193413472479,-0.302167830043204,0.438572588838765,0.530526183693545,0.55323674853333,0.506530081774255,0.335945297845986,0.398906656852392,0.455644843638129,0.121129847670258,0.618376553073024,0.519063849051553,0.401096835686294,0.238040931578485,0.519367163897636,0.159049253665932,0.421605919374618,0.34332763445118,0.219640963049349,0.600870384515499,0.322067976626163,0.368962954877865,0.127600774947343,0.360567106559072,-0.0118553529588572,-0.077677415198448,0.367498476225197,0.692762075472328,0.220560498879997,0.665710762025233,0.685723607766007,0.923130349470554,0.648251441852339,0.305174944783874,0.527239566489767,0.810808091429811,-0.0633825940602828,0.170304667052146,-0.1790977620935,0.0364470496158511,0.0175807332858188,-0.0976436172722514,0.0607682727774128,-0.0690460451332328,-0.0180332285351313,0.0245172126533144,0.0479305606481307,0.030954392878202,0.557951641205118,-0.288582731761413,0.676974728586488,-0.219030687041142,-0.189552820932618,0.0120740655234028,0.604471054178051,-0.19577856144253,-0.532266435334061,-0.204043734265428,-0.452550954702349,-0.0888719064938812,-0.485087825541735,-0.0657434316349261,-0.704199931873519,-0.502148766747628,-0.537537203823996,-0.595990738045826,-0.613204596317013,-0.545357056071305,-0.543279019883648,-0.276452885551314,-0.138210842204341,-0.528691415872169,-0.32373770536071,-0.414690093935137,-0.538654067597923,-0.560272977668003,-0.543097283420915,-0.367814953659536,-0.35351712788495,-0.334917149197317,-0.239513032503538,-0.285349769497529,-0.491026602491866,-0.625436856822367,-0.648732524104025,-0.42305067516777,-0.456130581529594,-0.386581023037177,-0.333315478660774,-0.120747968452228,-0.339523439850499,-0.489923457418,-0.331263883393851,-0.341510955827863,0.0240689769781824,0.124125093110967,0.260895709422262,0.0963529878966388,-0.419328669293786,-0.0031386180614518,-0.506643568899537,-0.0695027880911636,-0.206710297505144,-0.0108257065519336,-0.032459772366977,-0.164315942057919,0.220014376447903,0.147884201678228,-0.279021038662068
0.179401672805903,-0.286837648383797,0.127720894369693,-0.613802569020711,-0.379380728204114,-0.481190522924681,0.242503421703934,0.075036262221577,-0.540695074619513,1,-0.377990625973665,-0.409585210055282,0.571784558440167,0.138058567336274,0.254254213752819,0.0167303066328789,0.180582239448836,0.360310345751094,-0.161984655762335,-0.105604081325557,0.215498038350264,-0.229537417228979,0.497840738799141,0.181949069651866,0.30255561847285,-0.234696640384245,0.469055409873285,0.331454818976686,0.178167532510135,0.165557988902375,0.114595601507099,0.694481511117678,0.517344577314235,-0.129984061278982,0.41399116316516,0.206941808944746,-0.373860109320775,0.3523529666041,-0.476789155402962,0.331436862662405,0.130685917363803,0.0882075781977095,0.0178473211509889,0.112349289257977,0.117206135799671,0.69656989695507,0.0475783981752544,-0.0618299865638292,-0.466570677628156,-0.254272660031355,-0.100271003521221,-0.240798802204978,-0.472255218510334,-0.162250554161503,-0.220456463828663,0.0468304321717171,-0.295968851527448,0.338164519157907,0.124173532521983,0.256752467630386,-0.495776431977025,-0.333161085793854,-0.591673105349528,-0.445932993171166,-0.441802688455541,-0.504048699159193,-0.247942455543776,-0.0465016049920344,-0.360192577203467,-0.544461250757521,-0.576591489206837,-0.103529839638241,-0.440157324241921,-0.122796363208057,-0.509945313917736,-0.198292063243139,-0.478660800226143,-0.0972389933344203,-0.0716368602080921,-0.47713775888729,-0.033420821697076,0.1990359679485,0.174780723710972,0.528790504613312,-0.19683870384319,-0.558374912110256,0.0446776232793949,-0.555329444456778,-0.234612988164474,-0.579678235381992,-0.385975144750024,0.0968945079655964,-0.432954222388939,-0.696541846930493,0.604378187380256,-0.0183277449305403,0.109471647616154,-0.105646944569325,0.105326804402733,0.0445978577062846,0.0216125441306948,-0.187654004463732,0.0726543671368928,0.184361254005496,-0.0359266062931953,-0.0186864779465939,-0.299361321711156,0.49793223179066,-0.234672998683871,0.355741038345067,0.186553725489281,0.223187475321091,-0.392235168478735,0.191400792571322,0.374271988997927,0.2579664695094,0.0434921479991238,0.338599703465847,0.347002606634412,0.423158660295061,0.567637146336543,0.261529409232931,0.280683306861814,0.413008750722003,0.345630192126326,0.446086789320637,0.505073381657525,0.186828918342795,0.112366673571249,0.386348753889088,0.199102150207759,0.343044332309685,0.651083438330403,0.356282938674486,-0.028096596642926,-0.036771255241453,0.0354170400117339,0.105608493286306,-0.160327965038459,0.0193659078963552,0.0579015397913114,0.476616262275311,0.276573985062122,0.25245271449862,-0.0009680123869051,0.540080385466507,0.172746296150332,-0.0507157995440616,0.188313523964021,0.0696250649682707,0.574154816620837,0.0336723124453389,-0.293516743985725,-0.29380527396842,-0.393715756867546,-0.0769270704567603,0.0972042814631602,0.018775349053299,0.1424371620915,0.137576930601685,0.367625130794028,-0.0154919626413165,0.0268316824061257,-0.0117124897600537,0.293648399668214,-0.0521938844864061,0.0958807908114682
0.4037494260762,0.481894967069509,0.230557482579003,0.618624616465739,0.464194703453043,0.420893841949434,-0.0469185013963465,-0.0086882524422303,0.640877892326436,-0.377990625973665,1,0.508001360018106,0.0338382672765797,-0.0540033651816198,-0.141634764511851,-0.098292348174341,-0.287639658728435,-0.246243194008798,-0.0918487387012094,0.0280988185803265,-0.0884246218836707,0.142157764522699,-0.22661506556964,0.168588183823271,-0.150224684447745,0.329229048213982,-0.2085695302184,0.0824157038915314,-0.0499188584189957,0.103525268511546,0.0026447616141049,-0.227542824975308,-0.256023501790147,0.338736848033761,-0.0559209433275552,-0.0159461141218448,0.392979193843314,-0.226750381906318,0.194961420289255,-0.190722939436544,-0.118429673186062,-0.146223357012361,-0.0038277671274015,-0.214475312594408,-0.0992202031486351,-0.425933974751997,0.037920261313212,-0.0484522766315058,0.1033896124281,0.104816692183145,0.120306496443833,-0.0761723218561786,0.207842391134317,-0.077118344056989,0.0958862826816958,-0.0135881070658078,0.271137838385638,-0.0809417341987796,-0.0398109950214788,-0.293213397557617,0.340333511262713,0.298011579151221,0.437916113798701,0.424843474755923,0.197322478005598,0.25215826122693,0.139053238689586,0.13457082333162,0.268563598737718,0.430476829064729,0.418059887597059,0.077020123606393,0.28875453983149,0.0666657103876949,0.207862164968864,0.173567983138244,0.240277337341618,0.31581849090583,0.128489728043914,0.181523138544347,0.15821176083738,0.112163773481413,-0.0672424789781614,-0.165282638697288,0.368364179153268,0.63417852802329,0.0616919101706728,0.529152798281964,0.417818592753843,0.615340390047838,0.597515040536063,0.123140550200424,0.402423371177736,0.747194084071567,-0.190637351653012,0.0705835136478113,-0.150262868228481,-0.0392460704442567,-0.0312600733307093,-0.121698327156585,0.0640473655463945,-0.101673538292373,-0.114745473797426,0.0396099944313637,-0.0744602053459172,-0.0115847004914384,0.262493129659375,-0.336993799880658,0.41755267353872,-0.236942002411144,-0.133674182546311,-0.162639200534307,0.483126486506383,-0.0771857497160994,-0.421143107253997,-0.102181213238007,-0.12963916876251,-0.0006626862330223,-0.260403705857234,-0.0981186137181969,-0.464316772876161,-0.188567624178317,-0.225521748769435,-0.406278192618371,-0.390002567450021,-0.408647883329528,-0.381126714373334,-0.105074115900418,-0.167726207547601,-0.339394819408472,-0.20279275407115,-0.299269358039198,-0.413534373054912,-0.387067059748452,-0.227244430966124,-0.147904067106336,-0.178403934102244,-0.0972195899587714,-0.051207184918457,-0.164090861308363,-0.214160274209274,-0.390766938591214,-0.381582149657918,-0.200897889831146,-0.2247810048245,-0.21914951552001,-0.26059711622721,-0.065362028786471,-0.169905160463251,-0.218590076582328,-0.324161379185817,-0.16915980295388,0.024000520297879,0.195694095439482,0.274166979891531,0.0798242970967669,-0.24149626995058,0.11765173712683,-0.178924852375837,0.0202355463634787,-0.29390638681274,0.0410434470339509,0.0293720334088693,0.0464860642128056,0.0697436831521208,0.111500004891124,-0.109378357253703
0.310091721350357,0.614236590851636,0.192509806256686,0.514743733108438,0.169979333072016,0.543760444760544,-0.145051302848145,0.526720973587762,0.500780221973606,-0.409585210055282,0.508001360018106,1,0.267137287003676,0.325132470060927,0.182889202007442,0.359414388578277,0.184002962274842,0.0052091650281024,0.321936362163447,0.388491398535108,0.283952957854044,0.522739140360896,-0.124049638953875,0.439608292172244,0.265285783230354,0.189905063884885,-0.335046616622931,-0.18050946301186,-0.0219644786405825,0.0226643651989948,-0.236030695189473,-0.401860833834878,-0.241125422727125,0.379305468457698,-0.273127489423605,-0.0736032527884669,0.144249983116432,0.0880694565834119,0.0998896346284722,0.140817477934339,0.147838400479175,0.30338416056153,0.226690818685919,0.139416625182745,0.14173456637419,-0.488894351768531,0.426071313758723,0.0109332368221399,0.0684836757341176,-0.0546219174417606,-0.0923288931816765,0.150268324366305,0.283276443217805,0.0359065527337739,0.124726610528496,-0.113025128294754,0.336136974669116,-0.295851717632811,-0.453381880355174,-0.344490183035922,0.185604888430649,0.167757043619516,0.356806592463702,0.44662061998908,0.117155360535688,0.137158667643908,-0.0660962848739862,0.158405008049553,0.0286952992606347,0.492504347507673,0.311949204598629,-0.240278177307176,0.204459777235565,0.0027748069024088,0.0742760692658209,-0.067984672403528,0.19835583484847,-0.0850073297459753,-0.187217544073786,-0.0869063672468306,-0.0739897060561965,-0.396917764521886,-0.28427139793243,-0.482522350798267,0.516703154092513,0.643266916372487,0.112947292983487,0.520791155531636,0.0008197882775013,0.585310267835559,0.385942379930598,0.194267706491128,0.767466081269882,0.698824156509786,-0.237687078992211,0.142302095771736,-0.0425760214811902,0.378544818245979,0.123415535146212,0.185940781399073,0.186915767717362,0.279370242920005,0.115269773459461,0.125977912772249,0.339938289724222,0.361580707812877,0.557175463751412,-0.327216034537501,0.653232794835643,-0.0416678169945762,0.0857482190483168,0.157127494326384,0.556586893883262,-0.472197916728977,-0.430843015691329,0.130836564643777,-0.195202318734907,-0.145038773954192,-0.404791486205904,-0.316167510302303,-0.393041954205429,-0.440404312538881,-0.0093006239741566,-0.422334455137382,-0.330307278804178,-0.0911833019502029,-0.162412471902143,0.0547876273283333,-0.0883919026543061,-0.0011845991699506,0.158369873279809,0.0389124341563778,-0.442931586923757,-0.0812923205796938,0.0283576235610697,-0.206057150722965,-0.409708939248599,-0.0347475755742963,0.0561041428054987,-0.342599611147407,-0.0985104087889114,-0.363550020211666,-0.256097916559462,-0.486428735646855,-0.155984442408303,-0.428019012456483,-0.571880029615379,-0.210672094805237,-0.150353904708801,-0.0962862756111717,-0.671496932189904,-0.375599728403937,-0.231729400746301,0.0549800364264046,-0.0629863725884662,-0.104469815089443,-0.310378212012291,-0.0358977178280677,0.154559791167216,-0.389945020793074,-0.193347700332042,-0.316373346565717,-0.356799032632034,-0.206024038169089,-0.445279941927564,-0.380969697535073,-0.469412511110842
