1,0.805795253613004,0.21671734321896,0.826176041092282,0.701281688293339,0.667375610971529,0.194331844524634,0.30096719288567,0.777742932258925,0.610538061257361,0.83549390757531,0.787667853842224,0.785000456875881,-0.0904052383399162,-0.126198567588338,-0.255989959161772,0.181737136466475,0.0457782859741752,-0.399852334801748,-0.0323278167755212,-0.0327609371028284,-0.399425736678223,0.139796370269192,0.165206461792514,-0.07856686014964,-0.117564726126256,0.050598380427838,0.246572430990647,0.00325028345662892,-0.0619441432300369,0.026480518480108,0.396634814725821,0.45075814141508,-0.0146374651619261,0.278809436536569,-0.0747820810676717,0.188254807187304,0.283781434880701,0.327750328007427,0.358063298780188,0.127491729490308,0.193526332961235,0.140929375739446,-0.0515178259889368,0.357686498327476,0.540683073747111,0.303542917674426,0.0710618629714585,-0.403614345518373,-0.392314759910101,-0.229359198274836,0.108233378890257,-0.178911206426819,-0.331244501179646,-0.0998200815606757,-0.0809705131066125,-0.281847231353005,0.774261041548416,0.45624651315669,-0.117462141881895,-0.26656063965572,-0.358612787846257,-0.410092484433936,-0.374252229665841,0.259220610975879,-0.206904727682285,-0.479372261094081,-0.282040310093977,-0.577065445440995,-0.246012204162083,-0.394687642204146,-0.463341010140247,-0.506749027434302,-0.245238957974368,-0.489753919390655,-0.286886655248287,-0.452225793925826,0.507690902599844,-0.271223703520196,-0.374766796561446,0.0318061518113087,-0.0372962378199039,-0.0968004994118908,0.520535300098668,0.847263121577986,0.796720747732461,-0.0623871147047933,0.678529050578497,0.748890352523776,0.74913109712806,0.774136759613498,0.704530760609653,0.799237324100982,0.646695723325425,-0.174821139923232,-0.162022586301692,-0.108916736972016,-0.256777261920281,0.0725298457045163,-0.0237215403388155,-0.489136932602162,-0.00601008108609627,-0.0787178323303757,0.107166396599549,0.0163588068544463,-0.377251954301032,0.0824267640297996,0.0814077718525004,0.23434088153266,0.0362185294590778,-0.291133937209627,-0.462910722884185,-0.0215778816685338,-0.0967340499763591,-0.232826072715181,-0.0170530097309995,0.0216592384153587,0.332944982836956,0.338270436902186,-0.0138071753468347,-0.0256934530927318,-0.199268025531706,0.227379606230747,0.451342422899492,0.306006837118009,0.320446378492784,0.209105026047553,0.322249509363378,0.362602392288768,0.159387806375077,0.461174093101715,0.259736222700827,0.280763724946809,-0.346469476177855,-0.501590238593787,-0.235652148894076,-0.363581546762957,-0.640124346546076,-0.404305791846829,-0.311662496695014,0.0170110009334375,0.0444948932090239,-0.618988224293844,0.566095875854485,0.035094312545394,0.00184612170980323,-0.33550836098347,-0.395408196819041,-0.486294370459437,-0.462050232758073,-0.588324455159177,-0.306520682011926,-0.409003529769512,-0.158359164001775,-0.562907826854057,-0.341174758710099,-0.258975687485121,-0.469298902204796,-0.0916290187589797,-0.571186426479244,-0.275955848229195,-0.560629001841381,0.283332470381523,-0.367291341609159,0.162525500140811
0.805795253613004,1,0.281622566396126,0.821475560436784,0.737524286867341,0.833825975462848,0.102345060366009,0.58076183024193,0.828012983098846,0.671083091188744,0.796782263017798,0.793526191056803,0.831880102114539,-0.149174760706948,-0.233700601690777,-0.355639604381856,0.0159113972689827,-0.0712267391061338,-0.433717721524399,-0.0474202348650853,-0.180774653189145,-0.430453449384595,0.0440686025387047,-0.0690292420349006,-0.359099943129237,-0.0799193074837585,0.0964431509711449,0.287760178779767,0.059235243057117,-0.00294902313338943,0.147254174343681,0.22555188811298,0.260096444100942,-0.0841392820052578,0.210048119248815,0.0474460819793404,-0.0930368998000184,0.185418997011484,0.225563937860972,0.210272882333688,0.130474253887773,-0.000243287019445278,0.141297710941169,-0.105516788545557,0.212612198037412,0.276167626878886,0.101731969526977,-0.00704495214958315,-0.327081363782153,-0.349358091891677,-0.096538650739918,0.108549720913349,-0.0244202617785939,-0.282499192892149,0.000859264474853005,-0.059462415482172,-0.285518769503326,0.644563886873779,0.206241324190767,-0.202879991189643,-0.39046156438006,-0.352371333768014,-0.44812017522129,-0.348539656362873,0.0950450838962706,-0.262086446474764,-0.529267329526579,-0.364347245160653,-0.54947507430702,-0.279861918313721,-0.359887478268884,-0.512070811353549,-0.53185288943242,-0.258483470240679,-0.408978574846642,-0.190296685034118,-0.47836887059273,0.371046148720558,-0.402182954866533,-0.420827485740843,-0.11551273189842,-0.102758013447192,-0.0536049650903698,0.353588325138488,0.896235889014901,0.762989871465106,-0.0076334822977111,0.841738960928807,0.742124038721719,0.770517858912092,0.815677516514971,0.734767980194401,0.758029793523945,0.70640699148011,-0.30842662313768,-0.344838865053012,-0.269013684341332,-0.39789201497359,-0.010030488296892,-0.122787207589141,-0.419696362032387,-0.1624603324699,-0.0262968014194183,0.0226500000705943,-0.234619896228239,-0.387708555237818,0.0468484794683248,-0.149208980454779,0.0555584187956356,-0.182409715054748,-0.53039266864197,-0.324319570628405,-0.0720540569963955,-0.0600815579239873,-0.07133678095695,0.0890386351476395,0.159200126157962,0.358074949482509,0.360136372350463,0.0137338468032351,0.0483526676720724,-0.233977949208334,0.0627866736552795,0.267666907701237,0.316229998100225,0.249928941754586,-0.0410368343891736,0.288430181141956,0.240722106408885,0.0774638496270084,0.234885557189895,0.0435464035317234,0.272714838696699,-0.234564561725329,-0.444008692644523,-0.201854785497768,-0.214246287748394,-0.615938650486564,-0.282465193700564,-0.210881959273408,-0.0220146205798164,0.040006812882525,-0.506251336683173,0.481314755415632,-0.0715596998322834,-0.130959932733137,-0.312527882243171,-0.378240931296723,-0.594757103523691,-0.486282672379035,-0.561754169158153,-0.463080796848463,-0.445312592688164,-0.237491201584048,-0.567021455775693,-0.411463522562762,-0.170398235337161,-0.525436226350192,-0.107056998035179,-0.60070313391708,-0.335213962331857,-0.568441582602223,0.133035858925072,-0.443989000895914,-0.074987394098281
0.21671734321896,0.281622566396126,1,0.186021547630049,0.169684437615639,0.213915088245523,0.621204613169754,0.146572879056323,0.194982181124156,0.453147302832962,0.219989820841554,0.229161476601246,0.204947983342034,0.100346064899195,0.07109619726019,-0.0681558613327082,0.165479669980576,-0.0997626917435707,0.122491713578419,0.418360651528159,0.0624542944639599,0.0396396630429522,0.514172534754761,0.248614742733229,0.200907255764616,0.442364091336562,0.612999644713305,-0.0878701564687068,0.694641883966286,0.539547378634078,0.760233033009627,0.109906669173541,0.564809923553899,-0.0292269445487105,0.217798499659992,0.271757819869565,0.0923697685098535,0.625906371558469,0.357506962150133,0.420525014695025,0.00176783346754452,0.27694800732438,0.307797116810973,-0.270459165950964,-0.0174557387228202,0.356405222449993,0.0500599919466978,0.0986942526388713,-0.421783473649142,-0.411958001814562,0.363554182338476,-0.102946269240361,-0.105017452735938,-0.369643171630923,0.147845556476184,0.263880330527695,-0.577755650337234,0.0916500569436604,0.0380871598889559,0.128922534071132,-0.523606647727,-0.640896714298253,-0.613145855833237,-0.4152779003025,0.194421467948074,-0.49414275593232,-0.652321980433773,-0.327785850363141,-0.342758069347383,-0.490955552824232,-0.516134264121323,-0.423368047391918,-0.579804012270062,-0.207195302643183,-0.512428740492111,-0.313439510830063,-0.646956393553214,-0.0147233500158534,-0.469554568892431,-0.509419775048895,-0.533484439405368,0.0551015772935547,0.111610652545741,0.265380454278402,0.246963749797832,0.251219763570792,0.681065878907472,0.121426043873469,0.22167023968983,0.194464338524465,0.229673144042097,0.51097510423561,0.247448197081586,0.328865025937949,-0.0407551439574902,0.0589587083269575,-0.0774640107064551,-0.074691987326767,0.0239551025644244,0.0465305936870153,-0.00105587176311706,0.142396403763809,0.272381072964965,0.241774694330488,0.211246247610934,0.155789668122562,0.508727200721974,0.0195940674090272,0.35535878973436,0.109425630584012,0.139064019925091,0.119297285923915,0.512277265020863,0.515148147675175,0.476962878045375,0.642394846889338,0.0819542653052019,0.10603059924961,0.399654679622089,0.282393882469216,0.3170316657419,-0.0941978666623424,0.243515747217858,0.426708890308408,0.597641051618492,0.199715062233485,0.272106124136247,0.192023652758987,0.384205945879137,-0.0522633454304379,0.309663484519964,-0.15001381540032,0.228789091555943,-0.174555759960815,-0.587724378123518,-0.214138437393058,-0.260340552658391,-0.647954856836386,0.0175938683342828,-0.187048700071771,-0.0606969758487016,0.410993426687336,-0.521879454665513,0.0682561479358606,-0.219660759584788,0.0791432549266836,-0.182254081391622,-0.560376289457408,-0.381312892546896,-0.48998460944741,-0.523656707843362,-0.463092325908436,-0.460897884920773,-0.248976528493379,-0.59502142164588,-0.41087556368943,-0.438750346519325,-0.431124115264272,-0.0551404087015998,-0.521756832973556,-0.341001572599313,-0.441660185480294,-0.206372499519765,-0.494532572722745,-0.2870555982305
0.826176041092282,0.821475560436784,0.186021547630049,1,0.853788632496655,0.751311519084885,0.0532782217032193,0.349592504455698,0.94068678778358,0.458547929729062,0.913574134188185,0.835174131220317,0.729730372963411,-0.0602008461294589,-0.16933278775385,-0.365749205142475,0.155788152947821,0.150664836563292,-0.444920926999255,-0.061614171078969,-0.148379529459285,-0.505381933235027,0.138006127390881,0.110878249123412,-0.237483847346708,-0.0977458862292482,0.1544621586007,0.26578321385305,0.137931358153296,0.0197967654383281,0.174266915777886,0.469147649624448,0.330668396772815,-0.0306460439438341,0.348358554603589,0.000802563098559678,0.129257726827704,0.438302189835579,0.415025240516665,0.442619638181818,0.20822877035337,0.193540787820479,0.224097380147717,-0.0226796422397884,0.376845721190376,0.446741509690466,0.242966349908066,0.241782553810706,-0.35470643615062,-0.313205882056676,-0.0967751460924918,0.00271013581138639,-0.0997871538376899,-0.26249727882579,-0.00180673102710969,0.0656946575224473,-0.230253500048926,0.811630175433591,0.455914404144396,-0.144767520849293,-0.27187989844557,-0.38104160056933,-0.409432051175892,-0.317615969221123,0.262294488845872,-0.13919963325434,-0.480512327465328,-0.359538472327259,-0.603635751594429,-0.271680311845825,-0.402557371617298,-0.522847637188403,-0.576711161051942,-0.21538955912367,-0.451558032088759,-0.219653161820244,-0.490687089007146,0.61210998337966,-0.25620483548325,-0.386015840023893,0.0597287401218395,-0.0969225206603628,-0.100710040272776,0.349712195756053,0.737986738571121,0.913603910579995,-0.150117876413818,0.732006559352634,0.87074413413991,0.912545625016024,0.924715150138631,0.567796558172992,0.897291059891159,0.490592059241881,-0.295983907233952,-0.212796800381007,-0.251662644688465,-0.410251083355166,0.0628794845143261,0.0596782955411583,-0.456353035757828,-0.183962554547093,-0.157948514245768,-0.0483002501461337,-0.0769827644517448,-0.57420763899519,0.101013836467027,-0.130231683153024,0.141372938825818,0.0461013249234416,-0.419319042852092,-0.473000525675783,-0.0461615580925794,0.0224916407753115,-0.132885024178337,0.0171882193589521,0.0105001740627611,0.202254025849206,0.37438738994234,0.00342810876467076,0.0942674275530347,-0.164526837900456,0.101653648351825,0.507223546362764,0.29069102068952,0.318111543332909,0.190691120996449,0.340290560360007,0.470638820193815,0.242606826692951,0.397501508902668,0.266483039142226,0.418497883363083,-0.23578240632644,-0.457148938960405,-0.254944918717187,-0.323721773831484,-0.597321650717977,-0.34803415601554,-0.270263256974918,0.0537497796414996,0.153601277448609,-0.530529377337726,0.644326470048803,0.0877575469592322,-0.0203691934631547,-0.294311581770592,-0.316838535422633,-0.473284347313092,-0.441398376504694,-0.566256417085825,-0.357646871567789,-0.483920685638598,-0.1671590146191,-0.580587277251423,-0.403883353690789,-0.218030641982932,-0.540708931512145,-0.136138277316769,-0.622830224245514,-0.25121652153388,-0.599506869239987,0.368523758631408,-0.353974766648693,0.142969167416922
0.701281688293339,0.737524286867341,0.169684437615639,0.853788632496655,1,0.725137821567299,0.0151236473469507,0.328768429796642,0.867108679753518,0.378632105595452,0.795759178158614,0.749328726373455,0.64222724732442,-0.040591307540857,-0.0969134936806055,-0.33209279594484,0.14052005949352,0.160574827119315,-0.325904870324999,-0.0518051787562839,-0.0123784596478221,-0.347974088715999,0.0690571261087562,0.102785140644995,-0.2002456978802,-0.131888556940805,0.0314685411095369,0.20782338000464,0.0978812993177659,0.0698464435353051,0.100126432078908,0.3400262962006,0.274095490152316,-0.193258315767062,0.123319516886566,-0.0163998377051946,0.0849556768255721,0.363609073029197,0.236757135743065,0.386559398534892,0.124676953759283,0.148137979775557,0.10817487547135,-0.135827991903998,0.298557037153911,0.373744763690529,0.216373842458163,0.344653425913961,-0.384154366577295,-0.32473677643046,-0.137634953370394,-0.116085794700635,-0.274352281258111,-0.417294320082332,-0.122097121010897,-0.0111087302140841,-0.240925136299066,0.686152600646449,0.381690293504856,-0.0871388656622765,-0.16090877083019,-0.237259610027465,-0.385539452424304,-0.364534834861057,0.191399745120069,-0.104977589210591,-0.358127225029258,-0.319013138581722,-0.402507019972006,-0.272125708050835,-0.39424163073533,-0.35839769442425,-0.39622926279828,-0.125694345430888,-0.437431141676345,-0.331020083127557,-0.415444172132446,0.613605759144597,-0.134648446616327,-0.288746209927016,0.133370908601996,-0.0313722624490564,-0.0341252708633882,0.438642627759827,0.623143380192537,0.814177670734632,-0.17640761338026,0.646981392663609,0.865271186484875,0.832285296824946,0.867763603628727,0.434970056073348,0.832232795432081,0.406422569527096,-0.294136267176785,-0.202377595312293,-0.213100885622388,-0.309315042638172,0.129486876738188,-0.0408302954172901,-0.341031127897586,-0.078897509819863,-0.0893864959624734,-0.0686566729724842,-0.0623931326102624,-0.537015348156158,0.0279479068589465,-0.202509364260261,0.0951423703245462,0.0343231755288775,-0.338171421405555,-0.463893213977689,-0.11498161018673,0.0316386335649283,-0.195008656156343,-0.00473939053692757,-0.140217328076527,0.125410293311117,0.272696615411211,-0.128880203643899,0.00470958502038874,-0.153970956128862,0.0298389192404686,0.343315930028599,0.272630999232441,0.204335268613364,0.122936278669262,0.24092662219698,0.373420320397504,0.213732591952688,0.295784807980569,0.123543208413051,0.196563583950625,-0.292333699172224,-0.376104062328956,-0.239253900773309,-0.308909474750754,-0.604376340147199,-0.398910110668052,-0.205961692919949,-0.0641033455517724,0.0426783158849954,-0.486467047198153,0.574786277462401,0.119967642747116,-0.0111791996856812,-0.219385455188354,-0.317841203015473,-0.235220085848,-0.350473516432707,-0.427865665822301,-0.233389381162484,-0.294288901015702,-0.141888688774361,-0.519317430205524,-0.416162699644579,-0.278885393098883,-0.338435286122796,0.0103724137053868,-0.390923447547061,-0.216001603169799,-0.490322778647645,0.426510322850921,-0.181836273937944,0.228246386679231
0.667375610971529,0.833825975462848,0.213915088245523,0.751311519084885,0.725137821567299,1,-0.0619640493455121,0.593459946846983,0.848704341010849,0.48843429415649,0.711281362133063,0.814182796321573,0.761369672087847,-0.252715179322998,-0.33960761806837,-0.45185145024642,-0.0844357837197255,0.0586066993814594,-0.404980059259695,-0.0742691760845615,-0.102108000733693,-0.321912448782356,-0.00567213516231016,-0.00934569066762624,-0.334947155437697,0.0194593045506544,0.0958735461813422,0.261548179275851,0.129348779179784,0.0707737696425517,0.191741092304312,0.20628195710715,0.150597803999983,-0.127866724181018,0.238839325680079,0.16887389614264,-0.209231021323929,0.231668565369212,0.162857875981949,0.200332511772282,0.161818139432467,0.0230337766698407,0.159386060165111,-0.147431540413638,0.177734671745755,0.18163074968048,0.138161146839119,0.074066382880267,-0.369575082403701,-0.357824215000562,-0.00265157751863259,0.0898136697054447,0.0637933162712775,-0.327664884840601,0.072875383692206,0.082101255908383,-0.24598594562688,0.484816522761308,0.0768625911574157,-0.231499278633248,-0.397539593921289,-0.351140664547106,-0.384694042633247,-0.466312850955856,0.0239007890779688,-0.285037858363519,-0.468067281650456,-0.363720131396741,-0.437415578828263,-0.279156059300588,-0.356150335288854,-0.505391163386311,-0.411659588855243,-0.342227608207418,-0.350594193245075,-0.198355158408007,-0.370086459382598,0.367482522148373,-0.318775604135614,-0.428670037312104,-0.0882751803026983,0.00978373006299488,0.0785320867180726,0.357295937440996,0.752734270396975,0.747244710687533,-0.027214102074561,0.900218220376769,0.683244456047671,0.818782432650319,0.802907337071837,0.565581308480978,0.758697024179611,0.597496538813775,-0.482329153161109,-0.427962328837064,-0.333976761308381,-0.469670874899169,-0.157759062261346,-0.175612117621756,-0.42487394593904,-0.274759782978124,-0.00799978258473081,-0.149149839031422,-0.147251539080359,-0.49969212596974,0.0052631671537473,-0.328241613634293,-0.00136426636589397,-0.172644354709544,-0.511348210627084,-0.253779951334853,-0.11464437011178,0.0194724232390386,-0.0905585011171097,0.0540396558385735,-0.0277567820148241,0.241648754702241,0.440125259462939,-0.00645624512134715,0.126261532505064,-0.249354676833956,-0.0291399841736731,0.242048931941749,0.292769531600498,0.0588302093896755,-0.0954863487855679,0.304514533510699,0.193189455626823,0.086689429289708,0.11564000989923,-0.0518129099015011,0.211703773001656,-0.223688874027228,-0.464139224739809,-0.221959730204556,-0.123916218283831,-0.569130192532388,-0.354993490942436,-0.122345852190363,-0.126173559034749,0.0633052247499052,-0.526594873565269,0.314154879991912,-0.240275071164985,-0.201405158953422,-0.440790209610931,-0.422640777822813,-0.521644709862108,-0.49801375893652,-0.518265922369977,-0.476747990748637,-0.375608735217349,-0.189616415610752,-0.540186384880288,-0.578307733266128,-0.169894175544334,-0.550733529823261,-0.160862026553727,-0.502427557894396,-0.329909552496299,-0.592587530092603,0.137349347816245,-0.353544031679459,-0.00889119569644597
0.194331844524634,0.102345060366009,0.621204613169754,0.0532782217032193,0.0151236473469507,-0.0619640493455121,1,0.123668688683728,-0.00438247990577184,0.502182897171547,0.130117121822813,0.00358683857710338,0.124648650338862,0.0718765196582126,0.120209485422032,0.0620697879710045,0.291744311706347,0.0391943255779089,0.314800660460133,0.303444894971661,0.160442368559018,0.0122659443913012,0.555463688026003,0.363766659450742,0.436862761588852,0.0658017024668306,0.15375149452031,-0.444031401276816,0.267113250617982,0.384069096297686,0.167130415513188,0.169199417459432,0.691258012188345,-0.0265407086548207,-0.0443354854881217,-0.33617303273879,0.266728068387425,0.375408176913166,0.22558243337821,0.339667873236492,-0.177455892033819,0.449556379653799,-0.0323443225142941,-0.0219310551075266,0.109984146378528,0.394559621894285,0.0730725575415287,0.0623209038999572,-0.347334550106856,-0.492273278115096,-0.222456090383864,0.087851059007159,-0.438943393630012,-0.186624627056863,-0.287507035860399,-0.21079492739265,-0.530596182423973,0.186063276685746,0.229520276652629,0.111527612737014,-0.175493234665127,-0.286281668369486,-0.295858731587621,-0.127480822093943,0.422339465274015,-0.0841001630477134,-0.317645272434356,-0.117580861507577,-0.126835269564776,-0.316256343854451,-0.460798944142314,-0.0502104646278149,-0.309308257815732,0.0492249655735259,-0.550094824818366,-0.428335904323996,-0.445702564935517,0.090486416063304,-0.00489254281481064,-0.191100597053459,-0.0616334035225207,-0.120888185048043,-0.0528242762923527,0.259932590115293,0.147630758590965,0.0329317366790013,0.558236466270063,-0.0161452871487118,0.129636568067121,-0.0636658367930645,0.060328278468971,0.481454846331323,0.0215792449389932,0.145473658657089,0.0943383227152061,0.169329359596396,0.110567477837575,0.129836842748327,0.193758230460656,0.185315390432011,0.176512893718107,0.395422540434506,0.261752063962759,0.287186587315215,0.28525222950236,0.287152296724686,0.578776923003623,0.464201953435861,0.578001518947589,0.302460665366323,0.358882135744855,-0.171821942255576,0.42022992853209,0.417563134470592,0.0490776491577518,0.486765742076993,-0.163574075496355,0.102154970636023,0.274395681259855,-0.0454745553048352,-0.181581149552011,-0.078914513432226,0.310175047316207,0.472164395798657,0.366409430509039,0.32226326203556,0.38521339625867,0.00193171074599417,0.384277006767534,0.0801790079152703,0.451169277892115,0.0617409709293611,0.118156759957025,-0.318972733694757,-0.409748435665511,-0.220220223776757,-0.453451591884408,-0.436169762481658,-0.142443613198808,-0.528038970359766,0.0500131711466496,0.0700448200179751,-0.538415482551235,0.176007799411423,0.0544973095658973,0.0447609093526514,0.0138605025453821,-0.395451490821916,-0.0865947358660098,-0.185369947087135,-0.322229132587213,-0.208373471052,-0.229027132470748,-0.108429446952563,-0.364305220003646,-0.0534321366513231,-0.461585488219796,-0.0622413005930845,0.213279225469166,-0.251435677886575,-0.143713314182245,-0.308811962842077,0.0464439920483274,-0.0647132263493991,0.115655349194307
0.30096719288567,0.58076183024193,0.146572879056323,0.349592504455698,0.328768429796642,0.593459946846983,0.123668688683728,1,0.385720047080511,0.655502183078036,0.300205620647786,0.478804632178472,0.620801941304747,-0.166071565174344,-0.223766383617293,-0.26089467757228,-0.112316392710704,-0.0247238172591628,-0.278364052063431,-0.104001519037487,-0.130464884981674,-0.13378706637711,-0.072137297746871,0.0252695374711101,-0.282175388419453,-0.00548649244077579,-0.0834690675262815,0.141335716132088,-0.171680816440485,-0.025100716166723,-0.0501965953533717,-0.073419365983972,0.0961912133778089,0.0153418264758239,0.0188850372621115,0.00732512890249037,-0.23773384647657,-0.105469937503513,-0.187367965854351,-0.121184643978315,0.0808526003603649,-0.0897874893055963,-0.0164395450092541,-0.094830610209569,0.0897948194073296,-0.0938743863632424,0.0584209630352867,-0.195611729758212,-0.349478283006246,-0.294408374885589,-0.264637971060232,0.149629537309642,0.0516981369607867,-0.163869541396158,-0.0950613932358237,-0.0699861247990237,-0.126060032768419,0.148573475438664,-0.1681341544452,-0.259370584036619,-0.204387752180865,-0.0513843262749455,-0.142301055651497,-0.119623495644595,-0.0773745761776954,-0.22364853818623,-0.240507936583888,-0.146361984598778,-0.233216512237191,-0.047148724558275,-0.105112403745927,-0.293714068034768,-0.221021550179915,-0.1844890180968,-0.179408800227636,-0.262137329483895,-0.199230912391587,0.0404891513511172,-0.208997186706301,-0.256750369908832,-0.101626926915888,-0.204348062350584,-0.0564763409942826,-0.0528687871318268,0.431276987741302,0.350818889159736,0.0701744546941693,0.578861356215246,0.342937277753621,0.318306225828391,0.381849558195551,0.462568243580398,0.284993868418146,0.401381058761718,-0.263976489482624,-0.344838998863098,-0.103776353784512,-0.203383522728876,-0.116725036290067,-0.0948674517526669,-0.257471844424885,-0.262984416479112,0.170286719953959,-0.106716782310031,-0.154021466247106,-0.211661132268698,0.0138696171998569,-0.0588948183663421,0.0804209955331968,-0.252125723081709,-0.42696895754212,-0.0866346688356306,-0.266568903416902,-0.0343216352374384,-0.217222607714942,0.0747556367269812,-0.0309699097173432,0.188933345088131,0.273972112682467,-0.0505443761567817,-0.0816986632022065,-0.432463333802169,-0.101326228644712,-0.0581083581472502,0.0324255626906685,-0.0548093285378082,-0.21074478807184,0.192850846649877,-0.0701811555298591,0.0246366478898852,-0.0215180023386173,0.0122478648740967,-0.110090285522313,-0.375254990065285,-0.288928454847549,-9.00928360634477e-05,-0.147200051335472,-0.320089400040672,-0.334740010745554,-0.159174805375308,-0.0476854163399274,-0.177897177760606,-0.332484820766835,0.0127058509203842,-0.325643239119989,-0.364510177496989,-0.173976052385669,-0.208459816819898,-0.397397989572055,-0.416814685334801,-0.33362029669492,-0.466760718962099,-0.240497006880081,-0.158107329829569,-0.387102690638528,-0.329652268753517,-0.089653647619184,-0.300476888614413,0.0220219639339676,-0.294471429797462,-0.221738923789284,-0.332670162971779,-0.0802247166024211,-0.243240304627626,-0.162535049756292
0.777742932258925,0.828012983098846,0.194982181124156,0.94068678778358,0.867108679753518,0.848704341010849,-0.00438247990577184,0.385720047080511,1,0.477161639808915,0.903039185753131,0.891839756793057,0.771552528413632,-0.16170580871039,-0.318774027265391,-0.506273173385213,0.00971524332013504,0.137211329200992,-0.489282071813197,-0.104853240697472,-0.149169920045611,-0.458120008158476,0.114148935962666,0.0684824038973671,-0.264542912375859,-0.0687167299159266,0.132894167334766,0.261990408553152,0.167302570186759,0.0485575545460394,0.202107182672369,0.439388644070494,0.340011767529282,-0.10506244449201,0.301767662669055,0.0346472647760704,0.00287749911323616,0.406301770443479,0.411635840133514,0.367361361323815,0.244718622762923,0.110996438574588,0.200181620506452,-0.00167330950454829,0.357065453729506,0.407474345541827,0.240540527248157,0.202703173197823,-0.364866356102201,-0.374986119140254,-0.057551283258413,-0.0152965866638379,-0.100358887528869,-0.318933503205569,0.0276707768340939,0.0830059466615553,-0.277646546143707,0.744381459304212,0.33918534675403,-0.239257514723347,-0.368297359471035,-0.406223479294253,-0.442829180840897,-0.430109814256326,0.235707917503333,-0.156685614052886,-0.517027481290221,-0.362880105658072,-0.597135219218189,-0.294310577363757,-0.415581943730538,-0.523507489091936,-0.554033876228118,-0.247758324905305,-0.454449032117793,-0.256633146891086,-0.489137148347776,0.585983835120565,-0.311793359065911,-0.473264573921397,-0.0189460668034927,-0.0442746791019408,-0.04131972000494,0.389326573518181,0.758831957397709,0.908216129250479,-0.161824534411216,0.823261038460536,0.838665143134538,0.971450383964872,0.953255829824629,0.589734987182254,0.932038222714376,0.5763420400838,-0.455769091895596,-0.384041062568361,-0.359890851032927,-0.507637741807985,-0.0699090995866394,-0.0922617473061111,-0.512267502200155,-0.199353615811392,-0.118238065217521,-0.148697388023823,-0.126258091808717,-0.614649179100321,0.0714974267801536,-0.253305645714372,0.0366653347190765,0.031676254005824,-0.486194528690641,-0.440678963094767,-0.0676994748815828,0.0147606423823919,-0.161634685835784,-0.0248740893561164,-0.0330593005172144,0.207478409331262,0.396283814148817,0.0258956329556276,0.0617626062998396,-0.121245449519174,0.0208435171890835,0.441196972747321,0.263934035553877,0.222404401136113,0.0801796505739144,0.370901864880602,0.372398897615908,0.211939773459636,0.364340381394932,0.169872502261852,0.414157217983163,-0.21926966526707,-0.507763632274391,-0.248309457590072,-0.300219229493898,-0.632566317618406,-0.404820906052757,-0.233534596078091,0.056294946417542,0.188762467819608,-0.557656180671832,0.601505061711843,-0.0151706287553781,-0.105133977567987,-0.34600957655409,-0.364245338437741,-0.466252634151048,-0.451132144603688,-0.598785584431609,-0.437014004775991,-0.497879076232351,-0.181750246026535,-0.610783032215362,-0.533446986437785,-0.210932070118983,-0.526274127631272,-0.152438343419712,-0.60772813745158,-0.211007663388436,-0.596136646115277,0.351019931940582,-0.372427650568472,0.131472286326735
0.610538061257361,0.671083091188744,0.453147302832962,0.458547929729062,0.378632105595452,0.48843429415649,0.502182897171547,0.655502183078036,0.477161639808915,1,0.551838582704425,0.608692506270859,0.802596033687995,-0.175406779488453,-0.261278537940924,-0.346930801736004,-0.0677044809497678,-0.261659554360923,-0.391255680006254,0.0452333803856699,-0.239914136923806,-0.393402212263509,0.135743616890789,-0.00686670297671851,-0.0631319004516851,-0.126362434656762,0.0289114259525014,0.0091240752578551,0.00923980515816743,-0.0591899227912619,0.0219074000821608,0.132015104579126,0.552673740525925,0.0687939129960074,0.0643984821458873,-0.167225841642636,-0.0632188258081259,0.0824621314945658,0.182979940499416,0.087861880759898,0.125542823258223,-0.0646210602125389,0.0931686191698492,0.0921845837423325,0.211661250065182,0.247566100819212,0.0261596981307692,-0.233879581112053,-0.339235400688652,-0.45055950740486,-0.295870926613394,0.326006232245513,-0.0918138290192916,-0.114719342530628,-0.100341252371042,-0.137806612480099,-0.271446455366076,0.442750105996415,0.068723598395775,-0.209959305059093,-0.312716421412879,-0.231665140807025,-0.314001589871616,-0.159576676398828,0.15176900020108,-0.208268315068198,-0.46719533633928,-0.0486316357524663,-0.451804096580715,-0.0730421664351587,-0.207490727439297,-0.263700154057872,-0.429862321676081,-0.0132438301707785,-0.362420354254186,-0.297761760351268,-0.492219738482137,0.0576473525751888,-0.361137075527761,-0.456798348625674,-0.169999151748129,-0.272773591415527,-0.281847767611963,0.136564580187218,0.685490951472132,0.504978301016604,0.218558183074522,0.555304113390644,0.433343014703681,0.438681599517603,0.513601326732929,0.847576458164852,0.48516300118483,0.656897749518707,-0.191446817069101,-0.283230970231313,-0.0692487531677771,-0.273514735626607,-0.0759492321040259,-0.238005946980524,-0.376205203102643,-0.0181646066720698,0.0377272852737621,0.108897576646509,-0.157731758705047,-0.0579479004961754,0.224961144428415,0.209199628678773,0.224275822167772,-0.0834431015756756,-0.26647139371046,-0.309086307246603,-0.101631830322445,-0.0287282196131281,-0.16905856761308,0.176178857336127,0.062734304191736,0.38476935953068,0.25776155216626,-0.00926452345652788,-0.19927395260105,-0.373256747209512,0.0561115731426088,0.193778808173714,0.190582692982722,0.201580635607151,0.0110076554372459,0.280076557647696,0.137250463093054,0.0384610369341556,0.28492289441082,0.105268902392862,0.164480728499756,-0.402493811812884,-0.515480645186535,-0.034593734422601,-0.375045617183316,-0.572656823147516,-0.287898107342983,-0.442497535910974,0.185658418085635,-0.0386689930635745,-0.534662245908302,0.290883681370107,-0.228279965584241,-0.17340507442548,-0.0987855538969239,-0.305600980209429,-0.576616077234445,-0.491832526252731,-0.575954816502283,-0.495711413774875,-0.454391836421288,-0.303916868412273,-0.548515358911657,-0.262859805365304,-0.166254241068612,-0.289154633008602,0.160349818941578,-0.531350102030765,-0.225204334671679,-0.484589959676097,-0.0941574530569352,-0.467373501786724,-0.177829511049303
0.83549390757531,0.796782263017798,0.219989820841554,0.913574134188185,0.795759178158614,0.711281362133063,0.130117121822813,0.300205620647786,0.903039185753131,0.551838582704425,1,0.787942827998837,0.724744918419077,-0.0342307495882038,-0.137559643353174,-0.352397955788391,0.136147044105475,0.0470908287119968,-0.42761118528518,0.0430225241645655,-0.0660612953035497,-0.412378019285918,0.188569493875478,0.121942965423564,-0.0921981863009583,-0.170000747492689,0.0531144714634977,0.173478194821253,0.0943488710756389,0.0175861114431416,0.0992908791201997,0.3521232024372,0.452021273107831,-0.0109115602023744,0.271410125295774,-0.109966117080346,0.146330135799271,0.350109934553197,0.370286532093915,0.393929169724482,0.162800389778412,0.162039388798945,0.14231159597703,0.019622080243617,0.462323524787863,0.471892252495033,0.305949573520624,0.154514587260964,-0.335567268009657,-0.374546794705599,-0.186050655489679,0.136559947425417,-0.168259293262808,-0.260879057702642,-0.110716472231949,-0.0900471934653961,-0.252493406083531,0.796177602999231,0.405188188393603,-0.115338041937041,-0.273105764286178,-0.369836653037026,-0.382116877041301,-0.333855775249145,0.202105845190558,-0.148613241792983,-0.477192775164201,-0.285559415601919,-0.573862174978951,-0.240825328792103,-0.410072486160281,-0.427212228647706,-0.53237854931055,-0.142904464164853,-0.477465706629014,-0.286093040844869,-0.510478342921584,0.513376661000256,-0.269192596908357,-0.364769601755811,0.00480874806380534,-0.103073821153115,-0.181260765214322,0.422027813646492,0.79957479668567,0.878219222722564,-0.0859328710394908,0.717299763001292,0.79677343703941,0.86806326770125,0.914824842129825,0.677578270171184,0.887834829452486,0.598447018201337,-0.231022350084481,-0.207376616212623,-0.170072788748696,-0.371682645963835,0.125122812904991,-0.0699934509811742,-0.430795253972687,-0.0245524291638982,-0.110448311120391,0.122686304953928,0.00846099064652275,-0.396271628069024,0.147839025170391,0.00505357377283392,0.228034860950506,0.11862135994129,-0.274097100539002,-0.535339918468291,-0.0753755143545161,-0.00240175438834245,-0.221184920931336,0.0343507391046055,-0.0465537796913683,0.284943773399209,0.397543593620689,-0.0469868880244177,-0.0459290278267227,-0.189675257591354,0.0912905970938015,0.435292892780368,0.378522255939332,0.31302650015622,0.194187552412683,0.307308256171766,0.441410505688652,0.315289480270775,0.410480430539805,0.304211153467648,0.348009216347704,-0.314930626048866,-0.521938813334527,-0.224588850976563,-0.349952499230986,-0.600247954292748,-0.439493093894824,-0.371848110999363,0.052320560183438,0.0620142609234773,-0.568238107820285,0.605740542021966,0.0601135984979121,-0.0101418666027826,-0.242728060614793,-0.315266139634543,-0.492901757733998,-0.396606241332852,-0.55397031917224,-0.312689669657269,-0.414163909465485,-0.191326779800933,-0.540254425805551,-0.406427754530331,-0.204129037673115,-0.448227910991557,-0.0640026816017696,-0.578970148303464,-0.239637910526088,-0.57026424454568,0.268022150881529,-0.376348237894712,0.0731417247139916
0.787667853842224,0.793526191056803,0.229161476601246,0.835174131220317,0.749328726373455,0.814182796321573,0.00358683857710338,0.478804632178472,0.891839756793057,0.608692506270859,0.787942827998837,1,0.905319552997317,-0.216126277269922,-0.398245845521059,-0.541293467429207,-0.113221147803239,0.0964153796512887,-0.533786314284265,-0.154832754767295,-0.251426024204047,-0.536034143539362,0.071763417016359,0.0172250803456835,-0.231873944039517,-0.0167415804400309,0.154254488176626,0.342040349433115,0.107731701306637,-0.0549959837127546,0.187980104375358,0.506370581040307,0.364161657452139,0.053605105884742,0.319857195569966,0.0482379915660184,-0.0404447489762639,0.323247676747459,0.380916727181262,0.216887125323631,0.206574884392613,-0.0113655757116462,0.221133100482643,-0.0235775231365562,0.268387088199003,0.355519571861381,0.216774495933146,0.103917555557819,-0.303856199803509,-0.315030788617568,-0.0884798131585701,0.023212514402718,0.0434873690158155,-0.29278040772245,0.0483017682614243,0.0984118355666868,-0.199937948840538,0.720769315088653,0.269398721970738,-0.385008964933418,-0.319640965111995,-0.321201079169063,-0.363057936954743,-0.316938964059351,0.262584826703742,-0.139142689254546,-0.494499080709889,-0.326015662318674,-0.678311937517617,-0.12703852205514,-0.255413057613471,-0.564665938425805,-0.515993479591548,-0.323040581818207,-0.391080335896455,-0.225348332904341,-0.410834708105242,0.475828666205699,-0.35469036519613,-0.52669847370175,0.0156623740887345,-0.02776099665507,-0.0634550427417892,0.279777099683415,0.77331765583032,0.876063311054854,-0.138141358031318,0.784860896531211,0.722523887815631,0.90487997077313,0.834175503241619,0.655914778251369,0.909421751787097,0.616627923376776,-0.429879898379573,-0.40226786676289,-0.348091714681169,-0.501820182115961,-0.164887566391343,-0.183088452446746,-0.546533901216463,-0.237557770514763,-0.125596853292195,-0.142581345750237,-0.190743943547238,-0.609818676547965,0.0438595223042412,-0.219844750312131,0.00107614248809661,0.0235348298704638,-0.528674333800812,-0.392628321109233,-0.0824952581188049,-0.0696199419312195,-0.182581422575071,-0.0695921319667008,0.0364030251402045,0.26102035553861,0.363575491436015,0.0591013150343973,0.01603149889208,-0.16420727776947,0.000937522913841408,0.395082675704463,0.20528023185781,0.186105324251303,-0.035279441325763,0.352396175175509,0.207154872980127,0.115234727632594,0.354902705614487,0.187323257854991,0.414042119909033,-0.239988558086453,-0.488956636651864,-0.282481763025735,-0.270819535080372,-0.636207668561229,-0.402365245024991,-0.224029018292653,0.0894798879569751,0.131806663779893,-0.500048751338981,0.545520811472955,-0.119940653575856,-0.23492133492402,-0.410153052881849,-0.383497441306695,-0.527487786877782,-0.476726234983649,-0.631715417431977,-0.464838038876526,-0.515325545497783,-0.208179542992006,-0.578013882775927,-0.450630388915311,-0.111923554191809,-0.565426620313258,-0.141260637898543,-0.633164240735071,-0.199993754119739,-0.572905815085145,0.257535322464543,-0.455107157132061,0.120268273093238
0.785000456875881,0.831880102114539,0.204947983342034,0.729730372963411,0.64222724732442,0.761369672087847,0.124648650338862,0.620801941304747,0.771552528413632,0.802596033687995,0.724744918419077,0.905319552997317,1,-0.341701855311304,-0.443348596617087,-0.535498328044576,-0.196152741307292,-0.106457206842534,-0.548052995241055,-0.175253335640742,-0.335160344604248,-0.560863556548402,-0.00672596620636559,-0.0828309343196035,-0.240247319322542,-0.163390272165627,0.0101840326925422,0.301600008145276,-0.110545831737887,-0.189007740493996,-0.0107286098780838,0.374296860162796,0.371158478017331,0.0533053956156112,0.22773763117345,-0.0822266703399012,-0.168268328826149,0.0881647880191079,0.215884339385322,0.0336878139281913,0.166970377066916,-0.0997793788940231,0.109819169723226,0.0321449148096793,0.19379367329991,0.274535172345025,0.0914725254827066,-0.11095271372441,-0.295293547756467,-0.351573080573575,-0.281465115376217,0.149503564753767,0.0198432542564167,-0.192371288957025,-0.0507664698016074,-0.068641584184003,-0.178728292514379,0.65823784717673,0.193431353136225,-0.365394899608817,-0.26568955980449,-0.20898726502113,-0.264247229601844,-0.184741733066696,0.189441082780761,-0.110972548622621,-0.44231016128327,-0.225735492866363,-0.607135303994187,-0.0298219670134741,-0.175226230740613,-0.452098723085829,-0.45249408150179,-0.224417838370385,-0.337382786558619,-0.215100721609038,-0.391709042922051,0.306426189897176,-0.350783420840492,-0.476306300231867,0.0205458973569241,-0.14539088734179,-0.139239470632425,0.229029980123788,0.852661351085677,0.754392561200101,-0.0753230025094568,0.777524257822845,0.61426918253046,0.752219746548402,0.72757796938271,0.775691173812701,0.742592165657256,0.747672855608996,-0.425824006565984,-0.468208246072144,-0.252177150462705,-0.511752978365819,-0.163191204430086,-0.30760472086899,-0.520134677311266,-0.230154810978148,-0.130913444392038,-0.10172368302821,-0.299795283332498,-0.424744627729155,0.0425971966320362,-0.0343758745793076,0.0221731103904732,-0.0642240903650333,-0.506624368560187,-0.364090740989651,-0.189230448210768,-0.183442867294447,-0.263650534522338,-0.0616434446322617,0.098266500757498,0.457982232354966,0.293535709586129,-0.0137514077549087,-0.147793380949191,-0.283456196999512,-0.0147092097596155,0.215978396005456,0.0977081307353982,0.10486799203112,-0.151068668840989,0.322893580429729,0.0756923916462181,0.0368932710656921,0.303235817762747,0.135608167784113,0.273425817345032,-0.331203975396429,-0.446899991453961,-0.169534637830595,-0.317076422896917,-0.595466187985024,-0.425109085616173,-0.310812613507683,0.117214713346361,-0.0241286937300071,-0.50208888706746,0.458568934128651,-0.173436497076715,-0.237524395881453,-0.34179565375115,-0.313083114495995,-0.597014829646255,-0.47791838041246,-0.599254935637485,-0.524863544189377,-0.490756471402818,-0.238498824188961,-0.535897515491684,-0.326301013696861,-0.0919726478334233,-0.485101060393368,-0.0285785729058449,-0.598261940673729,-0.266589977676667,-0.568236600432367,0.0986981163693143,-0.44018887512283,0.0367925579584167
