1,0.407874452045376,0.261143886294308,0.414518014280369,0.338153534208425,-0.195811509328479,0.564032785771468,0.277342231126901,0.16736117879572,0.682889927928574,0.590289354939546,0.554226783400681,0.703977814962361,0.25122554956754,0.0190014121192747,0.0196071825613555,0.103705329340535,-0.288952382458599,0.036482500106493,0.136082105843242,-0.233642448230054,-0.173217154185008,-0.251589250338903,-0.269533961639011,0.0422746724807411,0.306755841587954,0.0701884092234734,-0.0427469568920579,-0.391793043502229,-0.20021569341159,-0.117389993644978,-0.316650631563996,-0.350138125847031,-0.0895268796684057,-0.27736047553793,-0.0710932553951223,0.150423645244424,-0.272009789031801,-0.11582602367058,-0.182697192491687,-0.0741589035815243,-0.122529703947912,0.0677505735365821,-0.237851957131462,-0.105828844642116,-0.176257138970858,-0.13436226300661,-0.00873644472221839,-0.0122643157431122,-0.194211353130292,-0.0509111771972474,0.050621200767409,-0.064402406394981,-0.225408332006165,-0.18745662259224,-0.0770807546504006,-0.0392070580710864,-0.14264835264382,-0.294621085351291,-0.352287772340209,0.149984853243853,0.383396512283123,0.172870348545048,0.425543773174958,0.330471307789976,0.34812220153158,-0.060511656215249,0.108794401590075,0.0374124670478761,0.0617041114778855,0.112157808450963,-0.018410822619678,0.106316232268513,0.0436831381452082,-0.104114392526333,-0.0464078663352965,-0.124043349716959,-0.215709248152723,-0.341939102192638,-0.25400493801904,-0.337509737315518,0.0721239034170015,0.530263435475137,0.2076849661722,0.678472212563815,0.583727772151234,0.713385420662346,-0.180885970242334,0.229372696469966,0.138761416910973,0.172898708535527,0.62545196974937,0.628575949348272,0.353452327636354,0.0340437483211666,-0.0394283339474212,0.168043741290702,-0.29049418272014,0.0317456440089797,-0.0560567507169407,0.0485506023862203,0.142353831250424,-0.138662930928761,0.198035693076182,-0.167519022318111,0.0680728185615961,-0.0522522617251229,-0.0803768484113727,-0.0699084812926531,0.317406454908558,0.146861457881932,0.264571967967494,0.410704355457339,-0.226840048765394,0.0535716062522719,-0.0970350518825411,0.0395197875922079,-0.0324115522494927,-0.0279045777735976,-0.112534793264866,0.121602279083762,0.276776005283574,0.455720182319008,-0.192064667868631,0.0598548295699872,0.359629944582655,0.0828627863920438,-0.0942728047896579,0.0273758932357014,-0.105685753673842,-0.129249848958701,0.0970510316998226,-0.10694948507809,0.0803220882779768,-0.123545717068865,-0.146745637592398,0.036862565308874,-0.185345923473324,-0.0448948595754192,0.0726121453857643,-0.159007240707569,-0.105099721346293,0.0211231739508642,-0.158989703125094,-0.254284427524497,-0.10165001597579,0.0409677485762762,-0.147001556134313,0.110231168334209,0.276332799322727,-0.162320741326793,0.238908596116358,0.186900926306315,0.272691791189513,-0.418756331481253,0.217656258657209,-0.110620678323805,-0.079055497860061,-0.0308419805801244,0.0983634931468588,-0.134955623611907,-0.163749286957451,-0.228516881179029,-0.329768758804399,-0.206929405315344
0.407874452045376,1,0.148370149018224,0.604023130541735,-0.0266500877121141,0.475768337480031,0.303688433029536,0.740669742031904,0.397538033345222,0.605704197671993,0.452637929052372,0.606422427096177,0.535600614106396,-0.0846427549388679,0.0286282205376353,0.0341925210651866,0.0698675259570533,-0.243233085734144,0.0186088055140782,0.0847019446646364,-0.337437424945641,-0.196878599262967,-0.285482634531745,-0.43891482016975,-0.232499866233413,-0.0581448560342381,0.0210399391036289,-0.236844385732798,-0.27159097298063,-0.417518839138965,-0.20063362391699,-0.132730182471342,-0.299652751908653,-0.0643172803399059,-0.198219996906433,0.0948085471569116,0.0709020264184275,-0.0775545940047664,0.0227045081840363,-0.126429682212862,0.050749416340678,-0.265363112626454,0.195422539960378,0.258979853331366,-0.0637066151749267,-0.0932899012731062,-0.141730462986584,0.0393325380224632,-0.074934073777775,-0.229279817485828,-0.130651551999256,0.0771035813729043,-0.0855331709541605,0.26475827016045,-0.0938312655250163,-0.0519233695063164,0.0713191020189844,0.112803552901465,0.103031673475101,-0.123347260332311,0.0866160781242005,0.298180319004258,0.195899493710046,0.428922646047522,0.264453683786482,0.277534413012566,-0.0376634108908313,0.0654607518733809,-0.128419444055625,0.083357277861426,0.19767935263224,0.0880152680720864,0.272958968664303,0.352510670262679,0.091267202056372,-0.0454635362093156,-0.149740255593183,-0.076205223628008,-0.140183685520224,-0.145998492273416,-0.197804593407487,-0.144721725398527,0.0464004448977939,-0.225763159886086,0.657710366491965,0.470683983033927,0.245627887856528,0.412281088241935,0.0698225626703814,0.539358801805632,0.368242649386251,0.59744828603299,0.346711801383764,-0.246515113477489,0.048568159480725,0.171448556129119,0.0301772047364688,-0.175900663108156,-0.204437555700175,-0.109224099984181,0.0349164199368869,0.00280544181097117,-0.446563282317862,0.0414476735723498,-0.437578700904497,-0.0862562542191,-0.305967325881109,-0.404055722695178,-0.399999921764968,0.0432702221367154,0.0141739935486992,-0.191553962465282,0.112063178717565,-0.16309601130924,-0.257997594588408,-0.231266254722288,-0.208208382883163,-0.215483245044456,-0.0470720478109388,-0.180367023499556,0.0191034514897414,0.229121943299844,0.435651670319225,-0.109850604398334,0.115944104822198,0.0962955924665809,-0.083050412752784,0.0717502561869518,-0.170889752249552,-0.0467609968766337,-0.000691283009622731,0.398622955252542,-0.156832251765864,-0.0577024581849748,-0.217307603040936,0.0613968603107284,-0.0973076165318262,-0.108101160682871,0.0492066025397073,-0.201355523236799,0.305486084547295,-0.0659159006586057,-0.0795650203729267,0.0649304404646688,0.0909692741762228,0.00608149398108174,0.230010248831864,0.0998643916580321,-0.0123853747827446,0.15198024846698,0.0875790193448989,0.214131852548608,0.213783794506897,0.411124609677743,-0.151245075148964,0.487628908464619,0.197918290308317,-0.0182741431295841,-0.123937521560057,0.252678609143087,-0.103888403200794,-0.0988956079402171,-0.186639166254455,-0.215017244161824,-0.172565543839315
0.261143886294308,0.148370149018224,1,0.15644184461061,-0.151983890183629,-0.304137528308922,0.543470023348463,0.0661311523486351,-0.460682579184134,0.32024665544543,0.182600861055306,0.0440886324893018,0.42056545408969,0.456546504546052,-0.0999834271959395,0.0969238618475851,0.309174464889023,0.15171566177701,-0.103614132173542,-0.266930280885394,0.134590266775214,-0.0724806772168089,0.3406414706747,0.274019579810549,0.134712771145856,0.747257457835139,0.473576352110642,0.55779492907986,0.388287679717433,0.178948463530152,0.564033631328612,0.204663582926329,0.445559392626374,0.319440208019365,0.20991145224919,0.601586768782077,0.382500175716205,0.489313472056302,0.477368739022622,0.392305091939467,0.206838494265665,0.393491730298973,0.0687261705479867,-0.00578867773391288,0.287285909541812,0.369199526303428,0.04054578727093,0.188843819768093,0.509191927330282,0.224273913577582,0.590598994972204,0.343698248936645,0.318176062045031,-0.0797567602015905,0.421414445097245,-0.182704225106093,-0.0844899994829818,0.389923465048492,0.313156746572031,0.299493151075054,-0.0507502776685392,-0.173565895075242,-0.142347682001593,-0.0899327029811214,-0.077888123645553,0.0359303382717955,-0.345194224679872,-0.161340626682093,-0.348133873673993,-0.177489978226189,-0.155204102606202,-0.165051797313832,-0.37022155738674,-0.100917936695479,-0.0793323326873261,-0.00372391957351055,-0.147317389405001,-0.204968800672602,-0.274536637193637,-0.0579400204697041,-0.153697378204838,-0.343762703147051,0.415526740461003,-0.290327000392506,0.32675886536822,0.248273969688946,0.648422766451804,-0.173293373467144,-0.320152239816904,-0.281708861887094,-0.313757806198427,0.325490154888859,0.0422157860299339,0.252208938433373,0.229633528058112,-0.0669077823903147,0.108996019714561,0.0989806331317458,0.143907316188224,0.284922926214416,-0.162064165958012,0.164964484348078,0.0713593710732974,-0.274495348375626,0.179620988784142,-0.0145513586195392,0.213276054937567,0.156397997243314,0.222546668398953,0.0537823724705619,0.0455115039359875,0.534268311825313,0.248279307899141,0.276171619028834,0.343729800435125,0.0873028842779059,0.354157615053638,0.132165744430222,-0.00169158598705316,0.0765043946087326,0.373884608590119,0.103510297359965,0.108909700142552,0.453004422082102,0.371254250346043,-0.0883100969731986,0.487823431370295,0.108118483238673,0.424257833400006,0.266353210977847,0.254916495962916,-0.109774253017983,0.542793946710725,0.211778835060567,0.030834166340282,-0.102399477029604,0.102111207573095,-0.327690702694279,0.443365085487183,-0.0369300154463363,-0.0549707583549233,-0.00704198215081735,-0.00600516884243632,0.232085136675446,0.192441876719871,0.117766166291374,0.0507095090737909,-0.284704762969918,-0.158725554358194,0.248042762509526,-0.087121519663017,-0.0771581440439193,-0.448477811586134,-0.157686995078261,-0.368138533435444,-0.0498560192853242,-0.0741036440371235,-0.342840768115139,-0.120272329378219,-0.293984276484438,-0.490678673494522,-0.482489227809411,-0.195519462560186,-0.299257574577303,-0.150358527932842
0.414518014280369,0.604023130541735,0.15644184461061,1,-0.0101957836358998,0.206733042761071,0.362620161635737,0.67346574063263,0.382948548499549,0.613203074254398,0.576316062498323,0.807946661664517,0.679992356641231,0.148310364152748,0.067867591532837,0.176352263291009,0.222360202670847,-0.0938518508541747,0.218002354980145,0.101134399166246,-0.120306914997525,-0.152194723354039,-0.0433926001475532,-0.257631895358442,0.019065708555079,-0.0905204351304449,-0.149302671402768,-0.219067611479877,-0.249285983061075,-0.248764609000344,-0.208521203385347,-0.336602492380375,-0.205069281768914,-0.12133093576952,-0.339004753104544,0.207562845495796,0.202916040359757,0.0191644641114771,0.303660448171615,0.218998792210865,0.187546027443483,-0.0235014938520434,0.528108069393315,0.0688346998366167,0.245908470473061,0.0307390613130145,0.242960628645573,-0.225735468252661,0.0062934041132973,-0.400310711819324,-0.130698327956751,-0.156798704212469,-0.150309534696668,0.0665926113784814,-0.0556389034723408,-0.047727485977188,0.191275529097516,0.0548946021985394,0.0480435870170809,-0.280213566620769,0.155207676008997,0.333287803951468,0.275076317192144,0.594639576815096,0.210396489232396,0.433416876960383,-0.319217685511582,0.0906466016623167,-0.252508426643942,0.0461540412134709,0.456600728424027,0.180660355863625,0.301319404139028,0.458721274995389,0.132129510690592,-0.083996066041813,-0.444303336388894,-0.271761063246495,-0.453247754722933,-0.189002575368884,-0.53450853885317,-0.251390238598631,-0.0349731031885731,-0.180728389012631,0.600103847252071,0.600118795436494,0.367782014838548,0.0863458478037065,0.119889262054628,0.448720390195722,0.368603008470302,0.649470714993731,0.424442109737438,-0.0491743424417487,0.241720656296043,0.110273830254529,0.367612623659415,-0.162181112807474,0.203239272136186,0.151944460474045,0.246037497842661,0.235720992798404,-0.289867039260645,0.0932571664406889,-0.186342140390864,-0.0605488336562763,-0.0651110757014756,-0.25086040294707,-0.132013405691212,0.374800035733903,0.282641609214773,-0.0914662916698862,0.0353701360894707,-0.158324415124204,-0.0835551410375199,-0.194348883633048,-0.171015984233981,-0.321052989318646,-0.139303901765389,-0.274708475290251,0.155756297746454,0.12132115829631,0.501900296346507,0.0231800496489687,0.272645914057414,0.0637354713925309,0.274125477796099,0.133231239138195,0.135711221216925,0.18101218571124,0.00596243056186622,0.39917151017144,0.052948294860137,-0.0210437483901512,-0.333794580131795,0.155350380771605,-0.187482769709816,-0.272787175595975,0.132140483949364,-0.248565614160046,0.229343445136375,-0.193835926951015,-0.230592545408689,0.0386654977849566,-0.010521148112345,0.215153000349754,0.277194780915923,-0.0327173467815104,-0.215358171408958,0.13490506508435,-0.0862709777027248,0.215681490731017,0.0966061162221107,0.323098939063198,-0.36873620943537,0.578717168756242,0.127019163659623,-0.0575056501326088,-0.0243566630133191,0.215676528202708,-0.47771499325145,-0.335299701771643,-0.289298865514307,-0.505628408277692,-0.431286182767818
0.338153534208425,-0.0266500877121141,-0.151983890183629,-0.0101957836358998,1,0.0807518770743072,0.0737065636177517,0.102723165648336,0.566819286994655,0.140929925933258,0.340375052935589,0.296278033357381,0.135901923505248,0.00150596966874794,0.0425111808811902,-0.0241076350955555,-0.210054243162487,-0.232550051994847,0.102085166183166,0.228802813946635,-0.151337712827087,0.191072691375113,-0.282332946041883,-0.126875595001617,0.22056922157874,-0.0516275731595928,-0.0378391458187378,-0.167446817113145,-0.35388072259737,-0.0051672006971593,-0.281986395743571,-0.259731107113435,-0.369161317784293,-0.0665747286531145,-0.189508237368599,-0.382618940087551,-0.199823185106011,-0.493591717898452,-0.480807009989278,-0.459454131630822,-0.128351832353315,-0.358718130024664,-0.158022780885615,-0.170226008201019,-0.398025714429862,-0.348279762153435,-0.100421865434164,0.0235552173958171,-0.29962540056163,-0.140741594451067,-0.266452976344487,0.120449030807089,0.0179390074057382,-0.000205264298534549,-0.187812086617667,0.245802026061653,0.145379803222743,-0.326240483277962,-0.325832751436981,-0.196648743085479,0.163571541449765,0.32626419321954,0.284765827647754,0.205015883064553,0.2535109386475,0.0252075726062183,0.31081851053199,0.175555284927219,0.424091798858497,0.221956345235491,0.0548854418019538,0.0459380157326505,0.174930615050538,-0.0786842111872815,-0.0534252556834897,0.147788590120363,0.171960812380508,0.312239885134842,0.0390539101805289,0.0206436606649969,-0.0115891827839425,0.428620261845881,0.141601420210495,0.55934489741926,0.188436929017477,0.236899825306039,0.117963034110159,-0.0158305072775395,0.650294513562654,0.387508053904333,0.539247662311604,0.106481207636333,0.43327530494897,0.316004174873425,0.108402838368997,-0.00244223664380218,0.113747879984959,0.0113913768228804,0.0742463817486501,-0.0324824123211039,0.165499378544262,-0.208062408639513,0.0621413544199506,0.403777997794225,-0.132513608781883,0.278803725299334,0.0302322138155099,-0.0482280818588091,0.0118478826070394,0.358543236456145,0.195177928649372,0.0113978939182101,0.128862038992196,-0.174434453292176,-0.172102695176567,0.0786037185835683,-0.195483261455535,-0.134966451998121,0.257624335405148,-0.15681877878866,-0.176271963685403,0.00674229765378321,-0.0289132953758989,-0.391237898713443,-0.155008176003029,0.296497826936171,-0.121159103147361,-0.260955702492894,-0.280331916147098,-0.290690237851737,-0.322104116694543,-0.0171545953659375,-0.43203807386592,-0.202914457350959,-0.195753198519671,-0.174879467498722,-0.133992641495914,-0.0612738181219245,-0.408190328976271,0.191975223376013,-0.38743294731269,-0.156765421559725,-0.123205179020798,-0.240918615563198,-0.257657680641284,-0.0943198366624766,-0.126964904773668,-0.155129660764922,0.156545863642082,-0.162398982953125,-0.32674687431094,0.260254484164552,0.253076754776274,0.0431024871546611,-0.0622403401242668,-0.0165121485488555,-0.316556852204627,0.0335553429276932,0.106741754239009,-0.139166681777218,0.0964382548241701,0.0985503562125193,0.163940363183809,-0.106192371383691,-0.0804318707180232
-0.195811509328479,0.475768337480031,-0.304137528308922,0.206733042761071,0.0807518770743072,1,-0.359256111045314,0.455895782807607,0.581011420434989,-0.109347283193275,0.10838667861234,0.174460677832851,-0.165329744250217,-0.417833980308701,-0.0232907568994789,-0.161067222723385,-0.33316776485511,-0.336968862000214,0.160921228524751,0.0841751981879862,-0.346407912714019,-0.11006435198834,-0.448993093930805,-0.410535989673949,-0.196653717966426,-0.382451849432827,-0.0736708169974427,-0.131179947739012,-0.185409699806031,-0.341619672052719,-0.127230394273562,0.0895041379006256,-0.236106014258114,0.0936612050800852,-0.0645979468715636,-0.017413842199714,-0.26284938204311,-0.260562079163169,-0.280192816729271,-0.347977610225826,-0.0802609923251136,-0.488855483913105,0.0169820873370512,0.239795172218839,-0.316019821488507,-0.331787651741836,-0.170719131908208,-0.217771092509544,-0.188056302237659,0.0340943796168305,-0.170449739350009,-0.114676746990337,0.110841845058525,0.499866373389894,0.0695591188635331,0.352070549832141,0.419421154632424,0.0176359922366235,0.0720554236045639,0.0259880881138452,0.0210094696497514,0.0240902086088118,0.237611613162116,0.235960233919643,-0.00306561800213611,-0.115378276299534,0.18314090336845,0.0258388210446216,-0.0210716537792359,0.298416955918966,0.304153646991783,0.052204043838022,0.322728952992437,0.193207615622504,0.365491448863771,0.270612828854258,0.152292878427575,0.0910394189874106,0.195862275070926,-0.0351372517280028,0.0655520447079826,0.0141475858290944,-0.467112674720702,0.00806206087492242,-0.0648238656361133,-0.145277686280099,-0.449307037938627,0.803087245227744,0.130840443874475,0.746345569641132,0.522553475863628,-0.0490028447713254,0.0592362750846564,-0.235681234346973,-0.0283624251083609,0.169927790103761,-0.223010082401716,-0.101928025072485,-0.26426087232898,-0.206921815383176,0.24981742576727,-0.315916644791387,-0.410379792949427,0.0734466321892262,-0.563259414393404,-0.0757465979836289,-0.437233061342536,-0.399559293015557,-0.504150359229289,0.0335525576936251,-0.0480888918266795,-0.327023541365889,-0.366299278044614,-0.178383170682677,-0.321847018286505,-0.241559780677899,-0.186642549892419,-0.00485111545458283,-0.0166347179047937,-0.0444319089518734,-0.117888698884795,-0.112996480299125,-0.0253897427819574,-0.315670144699623,-0.18329523024501,0.00859389895260595,-0.308245622675748,-0.113352209122555,-0.509348975191457,-0.329927045187437,-0.294194808888551,0.262462144378754,-0.510163573480646,-0.0944338455443723,-0.077810343741913,0.00414183661995152,0.0738897316381277,0.138990907288329,-0.116119741349902,-0.0144616248602189,0.193674435723218,0.143576668368049,0.0777242093860086,0.0447953253423653,0.0203245494441406,-0.084167343760834,0.0350550277921263,0.378280644106381,-0.203082671158545,-0.407759070986736,0.0413515100296058,0.138406553980521,0.248258392232745,0.144935336428219,0.152781908297908,0.255749471344851,0.170436937831617,0.0250670082891874,-0.168615397822156,0.0576772803605635,0.22877631737839,0.151728912543984,0.0175760976076867,-0.00784507004231427,0.0916263080168531
0.564032785771468,0.303688433029536,0.543470023348463,0.362620161635737,0.0737065636177517,-0.359256111045314,1,0.206707945185575,-0.130396686390046,0.641544289998595,0.444408749025239,0.358492938889654,0.687655278484459,0.198446607004752,-0.256631616981341,-0.115100719105084,0.071973351748943,-0.0419488057891935,-0.267413441797251,-0.221294847110341,-0.0218067299535841,0.0786224458862014,0.0934275960644662,0.166807460437504,-0.0432006511493814,0.411094706709616,0.375640387161783,0.0962386404105875,0.074605044790453,0.134049161661241,0.163292992170643,-0.183447450624642,-0.0271896405433546,0.250100421171327,-0.103612253827947,0.310750701314537,0.185681757600456,0.0543919859140816,0.26498646151387,0.067688994291749,0.00701199178718999,0.118870367129815,0.281878207247339,-0.0735062105666433,0.142702613073798,0.0195699174027691,0.161969399889674,0.0656988539448271,0.264520238716094,-0.117220076563357,0.260918977758915,-0.00145509263318516,0.0593558454706688,-0.0249358522865473,0.00164151180901683,-0.210241979875597,0.044080505607093,-0.0211636503465118,-0.181808126307077,-0.0921397094217388,0.0958195673623641,0.380212396062336,0.179268104458453,0.447261468252196,0.535075125834221,0.527632856186542,-0.0968420587982797,-0.0630102647203001,-0.200143969370468,-0.00186666752515551,0.202143662949714,-0.190068561387248,-0.000395087774082357,0.0259291413101952,-0.0315334606126013,-0.0204963247067692,-0.241092457304319,-0.274021813004531,-0.422818450676496,-0.376010158100905,-0.269709576977124,-0.230330017285672,0.345269284193846,-0.120499998380362,0.539780576701796,0.480906480322828,0.775103352990549,-0.351062251500827,-0.0222196649284448,-0.166006465044575,-0.152734140401031,0.599776319301498,0.280732399481574,0.27808539244922,-0.0688941103658659,-0.182015367326875,-0.0362475845602628,-0.00210772517164482,-0.00556724234718607,0.0702805691616277,-0.226912785322794,0.0662576738658589,0.19114905338477,-0.0638456428890591,0.0748017915374145,0.0758373866601747,0.353488943823206,0.211851362510288,0.259363752606115,0.0519022026790993,0.0164067588135259,0.241650075940149,0.473684634849289,0.211386104319182,0.306872489675981,0.311831869474819,0.239524346229936,-0.087885587543775,0.205618874883199,-0.0391764363628775,0.424154641953605,0.380578508899925,0.481112857746584,0.0663593240470563,0.414465878093935,0.0227188709868369,0.222616064009149,0.0380555974241828,0.179209397070559,0.183690378956681,-0.0670714865370603,0.227739105561557,0.246356224021356,0.127627712681661,-0.142488297525092,-0.0343829039782114,-0.0507355696449889,-0.262932754007548,0.0596287781343123,-0.116815110929831,-0.0331486004985722,-0.143606456607497,-0.0251743900244732,-0.142314198229915,-0.209961570972487,-0.202485588589956,0.0241747002582835,-0.117409580253672,0.172931125179224,0.468092805586599,0.0020370698632658,0.168695484456911,-0.0718193037607736,0.138406311040198,-0.264130429057224,0.351426393383615,0.0493038950843767,-0.308118763753251,-0.117263342490752,0.0146983034531595,-0.352447004303624,-0.344810541717248,-0.386394144281288,-0.479406512175781,-0.338929611129586
0.277342231126901,0.740669742031904,0.0661311523486351,0.67346574063263,0.102723165648336,0.455895782807607,0.206707945185575,1,0.517149147387338,0.656533264506564,0.582837611280376,0.75799229781673,0.592160942552013,0.0613118295556356,0.131941012708885,0.18141844443031,0.124011142098224,-0.158766474950106,0.151276205549975,0.177022449446647,-0.162462241506973,-0.0297420726934294,-0.282701552774253,-0.42760052224416,0.0854877079961618,-0.0914600378917055,-0.052748696277371,-0.306207829150661,-0.32049767514893,-0.391843935103452,-0.294631776315684,-0.354749312458081,-0.415022268669312,-0.291448115855278,-0.361635613527378,-0.0212024139272168,0.047459929982065,-0.147511368489893,0.0207482274110709,-0.107390019997486,0.0192891530055735,-0.25522385107446,0.184046798691113,0.0864363347731828,-0.0647158572657366,-0.143127639809657,-0.042360199249503,0.0194133091130452,-0.11465430666696,-0.339238140664274,-0.232097939671274,0.0305311720349131,-0.214400342293308,0.0331427175699298,-0.190955892815307,-0.070637080703333,0.00734232508693268,0.0823571490103572,0.160702648877769,-0.32301494055664,0.171026399365171,0.333274979890335,0.242166082369068,0.407457744114192,0.0726468362744446,0.151458337476432,-0.0544019435977245,0.0784658536930649,0.0278004361093203,0.0364979901887587,0.143279379971366,0.208926504602793,0.390445193436776,0.334599290086126,0.0133657217770762,-0.0780223503579716,-0.257317353286474,-0.010265768592455,-0.174150855625878,-0.0690465158180134,-0.402869680421691,-0.0766868262102586,-0.0452826478309308,-0.161081448214895,0.490369752982308,0.442391933375433,0.235981891719206,0.277575290321078,0.13611025343726,0.584373327335071,0.438312759106387,0.573562172907178,0.377393562669822,-0.145029198355847,0.207197205780598,0.125650422240596,0.194198143425627,-0.0188824791375937,0.0326522858652176,-0.0531069808350885,0.139013918321192,0.139013323851801,-0.292711908621901,0.17381887486564,-0.230443129466219,0.152657832155592,-0.189562922373254,-0.329598174428912,-0.316067209905158,0.320980952920517,0.342544937587876,-0.25324170523978,0.0686637087567696,-0.209486807331308,-0.275286984231273,-0.213147820682473,-0.264766895627195,-0.329898340902365,-0.0705169170930933,-0.396251156778316,-0.100508738592672,0.139315623811735,0.313275988970721,-0.122671320944888,0.00794947647132357,0.153802817059336,0.010674892168152,-0.00996331313902971,-0.0671401363970688,-0.0543854856720798,-0.09578896423614,0.195917932833643,-0.136990386584512,-0.100538396564023,-0.327646506471648,-0.0411331515752815,-0.32618843583968,-0.473876869080676,-0.0431431478196969,-0.272503563196653,0.0969104615706175,-0.30235304254264,-0.363557801328387,0.0670473442564126,0.0738197829513007,0.0864694526562967,0.107830431017849,-0.150220689324175,-0.0676155795815669,-0.0146771363663281,-0.109464574683211,0.333780993262617,0.241589982345941,0.259841895161775,-0.246200432839194,0.348343624623756,-0.12735640654113,0.0186401263211579,-0.0471837053302659,0.145453127617169,-0.367249355765057,-0.199773014389495,-0.0841579969710072,-0.25757073927234,-0.382273696978936
0.16736117879572,0.397538033345222,-0.460682579184134,0.382948548499549,0.566819286994655,0.581011420434989,-0.130396686390046,0.517149147387338,1,0.179559894937826,0.445533679335085,0.559649069786887,0.106204974919176,-0.275007809531564,0.13331356098861,0.0943492108171756,-0.246160823299114,-0.241493121116428,0.143469945167504,0.33007155302339,-0.264941590105716,0.0522992248909354,-0.412411162993328,-0.404539817363579,0.0092173769395423,-0.412844381772481,-0.273190543490761,-0.481395056706661,-0.493981325826839,-0.250982183355006,-0.51527177601463,-0.342437290601998,-0.563648076603978,-0.192462491064291,-0.350183438982818,-0.340285714543441,-0.187862039087186,-0.504241420430751,-0.378572919183613,-0.427113991042809,-0.0813600923506241,-0.516286805321755,0.118343690793392,0.0295627865462712,-0.317358359802807,-0.410057306483727,-0.0500730927828447,-0.00483786653560339,-0.488103329925722,-0.333983202302397,-0.487057296262901,-0.106573053838384,-0.193897686246756,0.228351669959439,-0.293668681709834,0.29833152739139,0.314853537487303,-0.287497918736232,-0.199478319733434,-0.3574860876255,0.133602893235089,0.409115614143577,0.337281750493421,0.423563921169632,0.242627240638109,0.0697990020923348,0.178552995651555,0.176210039720473,0.268636380468391,0.273900644487717,0.309371900927805,0.19876085064219,0.421923874413776,0.266540539174474,0.138539773736632,0.0785465683998932,0.018695438575302,0.28426620479605,0.00326332399408053,-0.0469320281144775,-0.129678482351528,0.315711666776198,-0.145083113189553,0.304816743311125,0.201594758989525,0.323834311077613,-0.153598905033736,0.392957973598389,0.687217962306446,0.857481450614712,0.884164915370823,0.184321399692601,0.442035232711193,-0.0379139202436456,0.0651168917673216,0.229042169234141,0.0714999130720914,-0.0281571929531,-0.0837783152980427,-0.147889547627669,0.192094454246306,-0.172626155271307,-0.156140330171333,0.39133366288646,-0.40004973833302,0.162530712300553,-0.184205949014994,-0.217988786489501,-0.324983536250103,0.346147297268412,0.190905587221816,-0.318571836056085,-0.0759059206863046,-0.305305630154468,-0.278100810602128,-0.113327030885994,-0.336893947483556,-0.252988013785247,0.104702657011205,-0.213737935631547,-0.166004380531009,-0.0443688626474087,0.108096927045502,-0.400165979439777,-0.177701535493475,0.133003912925501,-0.263334458024814,-0.0663731161634304,-0.401306861533003,-0.221089488299986,-0.286124035659896,0.336311753124947,-0.519593295093302,-0.176082995041703,-0.201121237060666,0.0373771430731405,-0.166021732645634,0.0179455058676271,-0.252910966930239,0.0466438379773935,-0.0157071997471715,-0.15004892052278,-0.127822112863467,-0.107133261814261,-0.152601916456435,0.00378906614634579,0.0651791466830437,0.157690283978847,0.00338323620884436,-0.239374312292541,-0.133857499324425,0.31097845100641,0.370062410600303,0.282114578494638,-0.0506366906030949,0.316281284013334,-0.0444321646637705,0.205867947773643,0.097447709245085,0.162738629390269,0.12626757810605,0.18314065768278,0.157087773591565,-0.0911313223335984,-0.135893267479201
0.682889927928574,0.605704197671993,0.32024665544543,0.613203074254398,0.140929925933258,-0.109347283193275,0.641544289998595,0.656533264506564,0.179559894937826,1,0.655755293532512,0.736468350595753,0.861839089359034,0.196190040801581,0.09324441052503,0.137549832243627,0.175603896994962,-0.198683293953621,0.149606653946846,0.045309233262768,-0.130464996957011,-0.0409670503282274,-0.208166551378647,-0.310898491809121,0.0953577116303431,0.12519557278739,0.00635643390328723,-0.268432182379763,-0.309384070819826,-0.289677374659384,-0.259827693871389,-0.385971557295067,-0.404198389267334,-0.306813507328429,-0.300208469162602,-0.0138080729901488,0.168802894298171,-0.184498610389098,0.0868966771996468,-0.0907041804992983,-0.0265357365730077,-0.106289332363044,0.208769393728206,0.117261906204612,0.0155594063663303,-0.0392522888880012,-0.0791022440573287,0.109995708157557,0.106673631516093,-0.340619370184714,-0.101234902313404,0.0656409617253197,-0.139545549371861,-0.0801361552936553,-0.226123059003403,-0.331473473290705,-0.132266619011497,0.0349629570968416,0.0055168367024268,-0.336257466523511,0.213685409872908,0.375777149758971,0.238786287901391,0.481365406873124,0.184046222555807,0.397797148759021,-0.0154396031863906,0.170742064801499,0.0121846594197381,-0.0046782665665876,0.131380508510935,0.22854481982992,0.310996768784118,0.303569290537601,-0.0379336452825365,-0.092606081939341,-0.244414136497929,-0.109604844188637,-0.360361134400569,-0.0143945426319035,-0.372409383654356,-0.171180754639476,0.230764045358237,-0.247815808780992,0.729719601350379,0.685930108996066,0.738238949823659,-0.123347099134009,0.0719228122396924,0.165830146769751,0.154792475031006,0.884119155043433,0.366579179941333,0.0459868335388784,0.0663625678565652,-0.0310186238941515,0.240021461229189,-0.138961488188035,-0.0278488032866501,-0.0901522038613805,0.102689029762121,0.359747772246798,-0.175697943055074,0.122817788418596,-0.10006029385604,0.179798888429481,-0.0441185975547051,-0.24139897227487,-0.125170053350886,0.276596658214077,0.288927191894783,-0.116444504883289,0.34814752006065,-0.223695013807789,-0.149671653980081,-0.111292017342795,-0.195662430817967,-0.376992944049873,-0.101704697099968,-0.308635753662013,-0.0256695033112943,0.390306522127648,0.588942669181179,-0.17382590764236,0.0968430067278327,0.228718783328191,0.0532014180076563,-0.0539472335703885,0.0529892606623967,0.034996831042986,-0.0423305777829824,0.207250467240177,-0.0452770792309196,-0.0395117765230214,-0.327220472030397,-0.0476702755976454,-0.333350302768546,-0.466456254652216,-0.102666975762216,-0.336764814679867,0.101278287047447,-0.323424804316252,-0.331015915092935,-0.0490245160810969,-0.0649267397127035,-0.0155289515603993,0.129867725078754,-0.242322095045528,0.0828967758909877,0.338756025783468,0.000992403905510036,0.314420549404604,0.223945678468324,0.253112688082273,-0.326818679663619,0.440448991432629,-0.160293966351156,0.00414104559398605,0.0528644805273879,0.256965917275592,-0.356456564079917,-0.186271238856968,-0.246122506019675,-0.39164061581661,-0.392315257787569
0.590289354939546,0.452637929052372,0.182600861055306,0.576316062498323,0.340375052935589,0.10838667861234,0.444408749025239,0.582837611280376,0.445533679335085,0.655755293532512,1,0.715982162570268,0.644006684606238,0.191183587170357,-0.128663810002884,-0.0405208095983841,-0.0711890638582841,-0.401585520899552,0.14087768191083,0.0155824762253139,-0.145057608042929,-0.078684906241434,-0.303154353346216,-0.366947286812133,0.261626772678899,0.194625277166107,0.0207491013746064,-0.124677161986727,-0.473923875325601,-0.303245230152929,-0.170534011778113,-0.368481624433099,-0.392731759587771,-0.123128504226489,-0.406937909644563,-0.092995821754372,0.0411744065809009,-0.376285806441683,-0.0601830840131885,-0.251100278115148,-0.124650414002708,-0.357828519961296,0.289532644784753,-0.147380696978853,-0.187104502860935,-0.183340794012075,0.00727332158233135,0.101976215717831,-0.0775922182618453,-0.298400699560341,-0.170725169800229,-0.0695022187436599,-0.1420279610962,-0.00330654898286887,-0.211012814584106,-0.118992812012237,0.195115047712461,-0.0319160901930144,-0.0602048825012661,-0.297377779789838,0.388879055936342,0.373107706162781,0.443956390621226,0.604271743957532,0.329994435105143,0.385725983541733,-0.0771102578162168,0.100965458896135,0.108190318228113,0.261900498817504,0.405784449097195,0.174909338234947,0.424057942140379,0.256176294889522,0.0938445054907275,-0.0627024948495497,-0.363430882332455,-0.155345482143953,-0.210608590518139,-0.0786173675501452,-0.425049771605086,-0.281448094056042,0.151512438895443,-0.141457364103221,0.547408288620325,0.589814539586969,0.519670858143467,-0.0282244445835202,0.213087585016538,0.3694083552277,0.392849056302437,0.587536117287034,0.670908003198365,0.0444354473707399,0.0119685344205007,-0.0275389956334089,0.1181908146619,-0.145651563812191,0.0285480845292292,-0.0820153472821709,0.224180736135265,0.206932925309178,-0.165226014253326,0.200255807600802,-0.196771190069961,0.227048023421662,-0.011983293465601,-0.073960279380456,-0.179358398415761,0.600884501357745,0.488000505919226,-0.0123133863716447,0.177507919030383,-0.305119335665267,-0.0418416013164469,-0.124674610800113,-0.0934690544676636,-0.199134730662315,-0.0894170387502939,-0.342531634491039,0.0987314784521343,0.281200808371612,0.426776904955342,-0.281197211944207,0.0209975036789925,0.0976402129803197,0.0531135715918457,-0.235499177629929,-0.0656817765268755,-0.118758089236466,-0.167222632851744,0.363480755624642,-0.18349269036072,0.0263447597861698,-0.269790042789587,-0.0916841087041937,-0.20249594022133,-0.444977457258262,-0.124417827600308,-0.177036757596773,-0.078497805998245,-0.244922786418314,-0.265306920893022,-0.0317350578989796,-0.0291619117085481,-0.0482934680960788,0.0170447682996758,-0.0834208322949387,-0.0795790131496463,0.0330556364532524,-0.146159478012854,0.521185761124428,0.201382544612311,0.0472036763712121,-0.441601088656743,0.394270294581315,-0.207671843109286,-0.0556769374468929,0.0284681243136228,0.193297957949484,-0.397830516216018,-0.360563179017377,-0.239003858837415,-0.33628006178983,-0.324168127038468
0.554226783400681,0.606422427096177,0.0440886324893018,0.807946661664517,0.296278033357381,0.174460677832851,0.358492938889654,0.75799229781673,0.559649069786887,0.736468350595753,0.715982162570268,1,0.792891625802465,0.147779984786699,0.0596228142053882,0.10266632044977,0.123434384608484,-0.282123005466365,0.218471222468611,0.199304165337094,-0.190714395476747,-0.0753938757939022,-0.241013191078732,-0.349074891145513,0.217075908018168,-0.0797101868158268,-0.175735132383736,-0.341579650802531,-0.454770129954878,-0.325006996757739,-0.362425287821212,-0.396348895053873,-0.396916130268165,-0.284624920853828,-0.417528737811828,-0.0894749724770122,0.0534799513783749,-0.267392628619555,0.0417420253640456,-0.0877603437682148,-0.001652463259959,-0.257217136773468,0.279548228172649,-0.00434431961561858,-0.007502861979969,-0.118077329903405,0.0482436680382749,-0.044477876908071,-0.141542904496865,-0.494839178552052,-0.296632713464023,-0.0074979996660616,-0.279936145642227,-0.0920580106044174,-0.236713242142252,-0.0500169702549647,0.0173145815204864,-0.070453117848382,-0.0751495311310286,-0.425917348285052,0.194634796527212,0.436121060167655,0.294742074586161,0.530527454464755,0.23077863579489,0.369610618096134,-0.185055356233966,0.180810585773589,0.0186617952105665,0.0273648246960965,0.264844162473627,0.252115437922963,0.385539477662208,0.355816337906375,-0.0189966783512818,-0.142857929062562,-0.330448110867875,-0.112158370074998,-0.427193041233893,-0.135634193092736,-0.473818298702296,-0.0703387973613605,0.100681579854846,-0.0252704000066329,0.619735382629774,0.64449466448822,0.410245659613945,0.0199413752608614,0.289899722954039,0.488200775037136,0.488715512278365,0.650149597625933,0.602240680604006,0.0256243984499298,0.138645179434693,0.0288039749756527,0.298300777259738,-0.242618148608476,0.0447623784093256,-0.0935925293145248,0.207395016351646,0.195471916165756,-0.320940113501427,0.197314777945521,-0.219120920138387,0.0230589595024791,-0.138060146962276,-0.293584763754349,-0.18440416795894,0.475054515127214,0.389761896879003,-0.170795923033896,0.243341050874014,-0.320831604441216,-0.207251295713946,-0.260433856312995,-0.251983340468836,-0.396079203655762,-0.124797747140425,-0.313728867371252,-0.0359358527964286,0.265835171446696,0.476140259723931,-0.207099053028665,0.0602727373726938,0.182303683230114,0.0654981900368273,-0.0432291388883598,-0.0620891940065959,-0.051250231257193,-0.0629027413126164,0.27705019595891,-0.124149307138086,-0.0402634833113205,-0.320160017397263,0.0372795806224812,-0.291653144896153,-0.349810165144727,-0.042600336941252,-0.183035272090504,0.0957540074601164,-0.289858837233053,-0.249652190814307,-0.0355921149689181,-0.0392318334028172,0.158569253393815,0.154403420227195,-0.0996305247265421,0.0192046518379949,0.193120767513541,-0.0671143504625671,0.405419855941099,0.301389592224604,0.254014708276215,-0.347834215061652,0.492713466246536,-0.0616225151178651,0.0837239461152093,0.0653101282462868,0.299702172229559,-0.336249976483868,-0.139143572649164,-0.126023895177764,-0.372423446708104,-0.392583838981204
0.703977814962361,0.535600614106396,0.42056545408969,0.679992356641231,0.135901923505248,-0.165329744250217,0.687655278484459,0.592160942552013,0.106204974919176,0.861839089359034,0.644006684606238,0.792891625802465,1,0.316478038955183,-0.0157243890948189,-0.00616445665039774,0.173897722412344,-0.247854719077384,0.0172429142702888,-0.0306220579163607,-0.176653261573948,-0.159443276173825,-0.146210010556953,-0.19348206644402,0.0997211040548498,0.262162689475623,0.067145026367984,-0.0122420528267678,-0.273948163786837,-0.228450669318247,-0.0615509743376068,-0.218528546128693,-0.186839790928703,-0.146639862354698,-0.177544928746416,0.0606999880913414,0.161980732552208,-0.116446785624205,0.165159169141793,0.0388322642224423,0.0526450282051949,-0.0596967326017725,0.212208749299386,0.00648705135133983,0.0624795538309126,0.0559001642334422,0.0252499926698522,-0.0629875530250863,0.142443726362512,-0.287027329946681,0.0140559590233391,0.0563511548968356,-0.151211349419043,-0.204543257911356,-0.121999203618455,-0.264030581985614,-0.128908269477946,0.142073225327298,-0.00750738318481908,-0.269839804426721,0.124173025635596,0.291205546283503,0.157930727782279,0.452430323814345,0.274190682368292,0.504319857494984,-0.223580679319179,0.0847556900122077,-0.121091695552713,-0.0817155055767615,0.160857827800726,0.158170875189618,0.157706953914086,0.275847678641977,-0.0523602261464393,-0.200172191514438,-0.330071608935475,-0.165521823136099,-0.466903968959347,-0.13889671226671,-0.346572749284266,-0.158751615257993,0.327607881225832,-0.135043486124008,0.694087600157766,0.571566696513055,0.729831888736196,-0.251698933489703,-0.0466340952280033,0.0865529159892329,0.0303714304626522,0.77299715427769,0.464465379952944,0.251604002229753,0.0677291045676044,-0.126403494480534,0.181589460945609,-0.285967436072983,0.0131042375978988,-0.0881685996997321,0.0124646806912887,0.234914980143195,-0.213767995634452,-0.0397100311979395,-0.111861782570511,-0.0657088338501206,-0.0188874731758001,-0.180776513442419,-0.0721343319740143,0.240334142596454,0.205137585758339,0.0823066874111783,0.438715645758151,-0.162404051820074,0.070744384454257,-0.117080904026596,0.0322186742219571,-0.217514796449784,-0.0797117362883948,-0.155487453874056,0.154321518230779,0.385777348081855,0.556003480734527,-0.064155823710156,0.175449536760712,0.226440372308508,0.202382380115439,0.0598117141788587,0.115486883936666,0.0365825691689977,0.0648905341389151,0.152778656736457,0.1187884927985,0.152411775404407,-0.187273032827275,0.0912778936927416,-0.203196466129698,-0.451762616453715,0.108602851891544,-0.217044933532851,0.0922021785941411,-0.241123267042401,-0.155087396038314,0.0513035477022896,-0.00588436323372021,0.120534706458803,0.22368526859485,-0.155168640161817,0.0815044224001619,0.450410685671354,0.0205814263344773,0.235107952265855,0.0943897114396249,0.141465001755693,-0.401693082876642,0.419793512700213,0.00628050240736797,-0.0491683029179745,-0.0119586842690405,0.217492912678441,-0.459219651269711,-0.286949665161665,-0.192216617892502,-0.416074786562879,-0.353363124225465
