1,0.789334717134129,0.575265591876782,0.466536931388871,0.16602378503331,0.598194478489821,0.593281930713991,0.544584017516947,0.616581728192518,0.87163850739329,0.683965710977767,0.853795050730988,0.913519950239165,-0.367991308123051,-0.429625882652399,-0.363985955620643,-0.585034141868344,-0.574286263951603,-0.256626654776363,0.114868968122798,-0.329701641568817,-0.414415022948835,-0.524440334816251,-0.504518982766168,-0.261362085506606,0.748524053675311,-0.0258957513457131,0.449826092052485,-0.464971061438543,-0.323387679463479,-0.0496144183695566,-0.0882361348391656,-0.15923444791965,0.160411785586653,-0.0810752446493753,-0.225372276672765,-0.196744436744421,-0.487507948314293,0.031989429367243,-0.513422550763865,-0.166670185971692,-0.629795143063932,-0.294714086256444,-0.263858203002383,-0.442994341928889,-0.427393667103834,-0.136623969313547,0.249104638851811,-0.15347411082349,0.0299463188360841,-0.112905649609704,-0.249385458274676,-0.263525266442256,-0.521411157093895,-0.0458371884499768,0.0652205199715468,-0.248369555064939,0.34204059801015,-0.172500887551008,0.0210771605046063,-0.255638786750351,-0.102136010014438,-0.194694804904206,0.166974748592868,-0.0840025552031233,-0.0768986631708289,-0.171785682588304,-0.134937358178643,-0.206285958475802,-0.233605856395815,-0.0135992024366668,-0.366945925085949,-0.226458260301855,-0.162234708752964,-0.377744908150917,-0.267869330218532,-0.0723123456790217,0.0755961431333363,-0.287385850179835,-0.191205043157114,-0.385498726362751,0.0950524856833885,0.72570453886739,0.750352562966156,0.907527928345768,0.516616527501505,0.702819175817334,0.722005555784931,0.562170039058361,0.624085238935677,0.452762868916423,0.821934497725975,0.669122881072104,0.845062938833766,-0.58598935195529,-0.506981438000534,-0.365992802082664,-0.227218992315327,-0.316204270918671,-0.0593102559057032,-0.204598970692711,-0.273710415217093,-0.503338573486947,0.374088919821349,-0.343629147008192,-0.179386165044584,-0.128819025368636,-0.49307029867698,-0.20284025544929,0.0585195206058232,-0.2890296880608,0.609324815743899,-0.387638164928364,-0.491450745400134,-0.191709464263514,-0.63583606786454,0.494776961104878,0.702620406875802,0.222978617317086,0.002267801112696,-0.216395641895926,-0.36344945422926,-0.189046940945969,-0.264359134420839,-0.253255512201084,0.26091861943315,-0.268583664696894,-0.0453808500198576,-0.350988073401081,-0.331184101395347,0.0518735871455079,-0.0208349254184858,-0.0420821728681008,-0.235201901862502,-0.0669009175190032,-0.167108605654618,-0.367323653540733,-0.255008717230636,-0.210809879173646,0.255638432937314,-0.161640881527408,-0.235793979366634,-0.311345050347895,0.0587543794649319,-0.235433547542667,0.0961960040963747,-0.101960569771779,-0.265814312291158,-0.00572321674339879,-0.285462428735061,-0.365660938165496,-0.308085308704615,-0.374578317839338,0.0301362476066126,-0.230804726742431,-0.38027085567964,-0.267725281105534,-0.261935663553331,-0.130303445521904,-0.359219053240911,-0.0388424026495421,-0.219475834563393,-0.0744190333100522,-0.239476207044864,-0.283349247929408
0.789334717134129,1,0.576252924750689,0.27749232518257,0.129187136295729,0.851073917850873,0.335409033295109,0.739211632842901,0.533129045756272,0.766368666034671,0.534510694705065,0.767238431854019,0.862127129317324,-0.428143673412571,-0.45734857302733,-0.201695442504534,-0.514232533085619,-0.627520527740324,-0.0294185170133591,0.149682782717689,-0.295579408030508,-0.313750238479382,-0.521743575029041,-0.348377982244948,-0.247051997368042,0.723275216922689,-0.285786332022701,0.323228007677169,-0.472616155666044,-0.29989894941405,-0.149098964099166,-0.264540753381488,-0.272035124561008,0.0530856299805718,-0.108605710260318,-0.244732603268897,-0.315421637852398,-0.571275113447584,-0.154276580060982,-0.633002502340735,-0.225556958471984,-0.620530499815602,-0.434017293065907,-0.305849084371395,-0.405873163793578,-0.49306938120843,-0.162746313871049,0.26976856997099,-0.0661692777244084,-0.086261158257442,-0.258278973142076,-0.0144940020429706,-0.258466086193997,-0.485438685938987,-0.0974452808743303,0.0302832704171671,-0.341156321349187,0.0988852827309109,-0.295763859751016,-0.00113051535306176,-0.0729157373201059,-0.134286153475383,-0.250746273459248,0.0838592935989902,-0.061816149681168,-0.174279223078113,-0.109444887170535,-0.0918923001751817,-0.0367076051222598,-0.206583156578983,-0.103302289558491,-0.308978109822189,-0.0699519686375817,-0.253488637776414,-0.401147165372797,-0.267981599352086,0.0149438951559582,0.103099134881509,-0.236818921810247,-0.104634512779814,-0.414731287704909,0.129792452588114,0.77915739024296,0.667991886092872,0.912403624355244,0.389878354917072,0.547944786921137,0.788673484538959,0.491878033072904,0.568346276961194,0.368608370613806,0.801548052765539,0.491582693361114,0.783072165266906,-0.522687652713646,-0.414569204850414,-0.193778113908049,-0.214782102087263,-0.247526369297604,-0.0706139487783384,-0.0268463223331424,-0.321693756629159,-0.402649481468462,0.494388356089555,-0.295801094439903,0.00647386198263522,-0.175631832264871,-0.520007659711197,-0.256947572712237,-0.137607334637249,-0.222086764277124,0.431398601606535,-0.562348936327001,-0.527467361765143,-0.318091546963514,-0.568425552673485,0.403079288921627,0.548902089747111,0.300160686836433,-0.0576060329800613,-0.29214713223595,-0.426595350201739,-0.183467568474407,-0.435298443878526,-0.255664960029461,0.212197648257369,-0.289109901510145,-0.175210827579632,-0.52105130885149,-0.41709362521114,-0.178635181437916,-0.0945518677105291,-0.0643033064419599,-0.276677956910584,-0.0568431771455143,-0.268835047006234,-0.187776292141098,-0.189476624992919,-0.338604063198931,0.222843706460557,-0.175520420446074,-0.223939167725291,-0.271432404641295,-0.203809723689189,-0.258157634657896,0.0353833860610994,-0.266967640282279,-0.311063768784263,-0.171884743125512,-0.160598454655155,-0.191904611575072,-0.099923302623481,-0.136635946732985,0.154304827830594,-0.146430248355531,-0.313414390283593,-0.218274385360885,-0.195902256808326,-0.13225359780937,-0.161573575017986,-0.0387107211528292,0.00303154533486825,-0.0390498376655531,-0.0887201237127573,-0.237824047317284
0.575265591876782,0.576252924750689,1,0.215919461269018,-0.0205675890564363,0.382977754472893,0.686612674660194,0.557248547520747,0.242716784305499,0.75781422328624,0.357371447570283,0.446052233156534,0.72233468632356,-0.41196097391669,-0.236682343742264,-0.209112917300839,-0.45343565268174,-0.37352776774889,-0.161007649967607,0.353463929434192,-0.113084650213505,-0.100831575143365,-0.477870627413941,-0.102890341639024,-0.0137008923038779,0.777971402939163,-0.107609306401199,0.554101424067516,-0.49653764502626,-0.179264098546597,-0.123461279469616,-0.401712055829167,0.000501763780128753,0.3547699486308,-0.133116174394579,-0.283980240543671,0.0368952957526328,-0.475330674011608,-0.00408240721755588,-0.441115965833561,-0.276748893384597,-0.472914508902424,-0.261232198260458,-0.421395232886439,-0.266953422175832,-0.343505285144451,0.182681465603286,0.209114954273945,-0.208155730602702,-0.104971997577819,-0.503118293103261,0.0795928637586647,-0.271690666744691,-0.472510821801635,-0.278476511382681,-0.0108174704015485,-0.343014806815341,0.0457172279865231,-0.193440816379974,-0.274103660619397,-0.123618834471237,0.0146928425715693,-0.124131420770267,0.464570209771456,0.0697728401658141,-0.322165721664151,-0.0693207599217381,-0.221501491710697,0.133320898616921,-0.183340908127062,-0.129172815820319,-0.306229096523594,-0.0707231982794849,-0.280591227607363,-0.554687387959296,-0.44124670068309,-0.0108480656405898,0.14925139254243,-0.121518202569072,-0.0141788328709106,-0.303065003671015,0.325164594833506,0.596211502639596,0.61457329070631,0.557963819906709,0.083980124980948,0.790703445867281,0.313684556680824,0.202614500977592,0.184397032705227,0.151240584536795,0.748202561757068,0.253622625075394,0.803841863228888,-0.477771742289253,-0.356064937073862,-0.193919476477622,0.0787931756057576,-0.2172891369536,-0.0644602790425705,-0.151420500799065,-0.248588595751578,-0.305447635175752,0.609243289119478,-0.117359724519903,0.138474588494487,0.178479085728454,-0.364169973214074,0.00786899184287487,-0.0216001983700159,-0.00703708198378538,0.523280315259411,-0.216497245957948,-0.439958459014519,-0.359708700802659,-0.432571165605925,0.513340104834266,0.617203726716284,0.484529811784425,-0.13119920965387,-0.19037431762901,-0.138067835983414,-0.162140483889736,-0.153397937459012,-0.0478139863068387,0.109764923424482,-0.2940461502009,-0.2173294812352,-0.29462114769492,-0.208406614343666,-0.178858257224871,0.0799373505771281,-0.283622934674175,-0.580278780646896,-0.0047707256392151,-0.388356015337898,-0.196148642483368,-0.358373060370443,-0.444396673491245,0.293152622225507,-0.284017746359633,-0.43595234040671,-0.536401002887407,-0.0939421425566243,-0.215502672606878,-0.158437399710618,-0.270257926068984,-0.527140852712678,0.0905407531263904,-0.344794187748172,-0.160791179215091,-0.137058817022154,-0.0564542867165213,0.187023129125092,-0.287372308155452,-0.320883658034656,-0.364450202194173,-0.0916177904495564,-0.11210004818561,-0.193667956294269,-0.232496916871756,-0.095475471359896,0.0359370057384318,-0.0157120190077061,-0.293242761555449
0.466536931388871,0.27749232518257,0.215919461269018,1,0.176214185718903,0.333032119669223,0.296148999431857,0.196167516446331,0.833125923303415,0.464922085539165,0.573938263430826,0.600864765731641,0.368882102967366,-0.351534749211593,-0.0189309675673529,-0.365446081140097,-0.226831081061227,-0.181109071219113,-0.250190508275277,-0.204978009209674,-0.251568263843423,-0.279678807159271,0.114760940035387,-0.0637755243777704,-0.0768775137756552,0.464402782557777,0.523728196175131,0.341029318841226,0.215233143030555,0.207215844813488,0.273624892631283,0.475243527264851,0.393361500390357,0.258656225197851,0.553366549465748,0.092876184109847,-0.172417380353583,0.193671386454778,0.0782346491422196,0.0474900753127479,0.449678422739883,-0.0740638878157616,0.238477603798553,0.294750656084098,0.24971179600557,0.199612560675378,0.135418145695185,0.048448958103547,-0.693860898138215,-0.349321556969313,0.225101300274343,-0.419175142366436,-0.609214733024959,-0.371882056814341,0.180170346118331,0.101470626703071,-0.226498801931853,0.542170807167403,0.111716354234693,0.0671317585382337,-0.62476944042245,-0.379020780855297,-0.561003152617597,-0.262396047253413,-0.550145272515843,-0.357388356661236,-0.777223822497085,-0.328064325426315,-0.639514847729614,-0.489647038800625,-0.320976684659228,-0.434023877118524,-0.691870721903316,0.0670877885818364,-0.383281955191976,-0.441601004748766,-0.539049304246765,-0.315653761266525,-0.654010673230987,-0.720022290057988,-0.469288317715276,-0.311475223144073,0.220073870183832,0.0911678766100731,0.454977462361405,0.70803485981241,0.390928963516802,0.526383928827699,0.405678631700113,0.720834747234007,0.823424485429145,0.298461002524447,0.791212815179378,0.327739507010218,-0.35585486334806,-0.460438245973466,-0.261261438194007,-0.216160731801206,-0.219776217105099,-0.276483813310269,-0.212558257186003,-0.232960791853885,-0.0574809962718447,0.293923194644837,-0.122152535680467,-0.081000563231135,0.190862215696222,0.119180447391722,0.138153172700221,0.379886752165698,-0.0761614586767852,0.560334634397386,0.103104855229351,0.135237229372833,0.511555552092298,-0.0680240578133875,0.645668414915859,0.605865000387383,0.342737504234458,0.626047868889933,0.313815632007959,-0.182821161754851,0.082398794473331,0.17598322251278,0.291511079134904,-0.12956775172276,-0.347848297956054,0.38182650287142,0.272920086128953,0.313124900332438,0.465652849423655,0.492097569658927,0.295371856029935,0.186912694372294,-0.0299963599557628,0.167735869628284,-0.651897431273677,0.105439826065807,0.0992045696465248,0.343731928693661,0.253114809188778,0.153034228492052,-0.127468511081784,0.434754866346949,-0.265095451646854,0.0971846929897481,0.237967722220633,0.0543502245610444,-0.244822159700194,-0.388280459139477,-0.784580724264692,-0.604277360778797,-0.775184381887815,-0.433825278823245,-0.364401106653021,-0.421124612164877,-0.325929077135646,-0.495282677872177,-0.200769028825594,-0.738123064392475,0.270495043274556,-0.486229823527837,-0.225044225828159,-0.682015267832543,-0.00193435593259564
0.16602378503331,0.129187136295729,-0.0205675890564363,0.176214185718903,1,0.14400527456668,0.0390555892015452,0.175372862462649,0.212817589808537,0.128582742254934,0.381738971725212,0.224250778388592,0.137661902195826,-0.119476622246172,0.0881585823794405,0.173950066479129,-0.0878892890688481,-0.127537930317152,0.0729389898046465,-0.147057496317973,0.119961362876393,-0.0365436314961155,-0.360090048276294,-0.0704536840330637,0.188431803764386,0.016285221761131,-0.190155409314632,0.0813799732774363,-0.337578551246993,-0.334563080858725,-0.0309150517568089,0.108616155118288,-0.209410758403774,-0.131036339095957,0.00961840302875087,-0.190989187876716,-0.0975980057990089,-0.354347383128013,-0.321663166436481,-0.33238511690411,-0.0215262547353655,-0.226270887347882,-0.41871963392243,0.0319701229703981,0.0305455305601417,-0.168703892793201,0.0292549434929023,0.218954739624369,0.185091381929373,0.122005845800558,0.0383284881711505,0.0405775596907582,-0.101722099648004,0.151873275010295,-0.0873158172651247,-0.0745223712118299,0.0534761409971731,0.172890437566711,0.00813846892282123,0.168312970823872,0.0723143770600065,-0.117064247110559,-0.114041751359644,-0.328594320450742,-0.212850740953792,-0.174050609775921,0.124024243888706,0.0300554479205718,0.295525640082928,-0.0600985658755467,-0.309279068720643,0.132060539166031,0.0886886302636233,0.201567696406146,0.0907776252936014,-0.0299563057814083,0.291829911329633,0.490783137310939,0.212578372612097,0.244809710717951,0.112800633058257,0.32071744020496,0.240657111333142,0.360345468405337,0.144400910423327,0.197893906040338,0.168751000001414,0.130571730275699,0.524907986801815,0.173273458861195,0.0712810124006547,0.197152674438509,0.156075278775483,0.0887050789197912,-0.0668204937565105,0.0238939781541496,0.239607510220824,0.248749344683321,-0.150391459545802,-0.174370352286212,0.149219621225,-0.184328570748499,-0.293866012351647,-0.0525904998744514,0.0922662986019871,-0.0428936563467162,-0.0999577283608929,-0.212753641268169,0.0322036279779111,-0.0025869480907589,0.274124225201923,0.0268164122020128,-0.182787749528971,-0.204961335097361,-0.0368546552627804,-0.214760846501779,-0.0873645108402245,-0.0268220614091906,-0.232343742163892,-0.0203193130950632,-0.248427565072114,-0.174851036522748,-0.41146104325564,-0.40783786273602,-0.1452003383462,-0.0384306639645295,-0.31376066592504,-0.0432015045620805,-0.318443643738876,-0.0546071388035806,-0.291025423579288,-0.0745737078385777,-0.338765574929917,0.0395883195026709,0.0564727353195087,-0.0678845505461903,-0.0564137472298046,-0.0691546540156876,-0.186678379101896,-0.180974183856874,-0.184510907195414,0.0171577786735516,0.0188089398037843,0.0141026234268385,0.0628475026875692,0.174296379801095,0.0718910305789143,-0.0378384576440968,-0.117071203184725,-0.279925033596393,0.0873737294340438,0.038255836946064,-0.00795274923054866,-0.152289892616214,-0.372724576444262,-0.323342342703383,-0.392632931297931,0.0215082973951001,0.061250570997584,0.0134635718273637,-0.143974005948637,0.186387226377438,0.3345039312264,0.0600738872948484,0.0362052564032042
0.598194478489821,0.851073917850873,0.382977754472893,0.333032119669223,0.14400527456668,1,0.135584978164549,0.816808572064803,0.627516082871728,0.60622616340112,0.575192275911482,0.776325654080954,0.697002664351583,-0.24272372463904,-0.376911715881124,-0.280537281084648,-0.429741102666225,-0.570105755504443,0.0376195215444782,0.0194661211191938,-0.301319493729758,-0.379800232402242,-0.338581186246923,-0.330735003202364,-0.187619638584541,0.521202682364029,-0.256641015737262,0.276807694724367,-0.325625397330886,-0.24039094718599,-0.0606888721854274,-0.126923519842077,-0.18677784721065,-0.0739199030308855,-0.0402759528674821,-0.11439389232727,-0.305137483609119,-0.44903673939167,-0.293266975255564,-0.526640250106257,-0.125443551142356,-0.466777278279045,-0.389604206668014,-0.128758456220662,-0.277544527845208,-0.381858739274786,-0.182339969853611,0.214493035097887,-0.117073932498341,-0.132277403494356,-0.143181771024212,0.142195723663927,-0.265264672685346,-0.418667523014538,0.0273135299413427,0.0581589512783971,-0.345319145541762,0.182696604507137,-0.241495084603327,0.204161450002715,-0.0664166270668587,-0.109098880553597,-0.258077038964684,-0.1695776707769,-0.163730396308244,-0.185727342586382,-0.183139176912279,-0.163301278391501,-0.123122274673862,-0.195911139265369,-0.191412285226875,-0.294970812133411,-0.0726967044310345,-0.180315460157872,-0.353824017002856,-0.270841084432284,-0.0109076978197142,0.152488494965012,-0.17922441073111,-0.169182638362378,-0.318835192970181,0.0280173064297597,0.5583551842797,0.427460982393122,0.722764332523403,0.386484363528783,0.289844448588471,0.841870696468245,0.539917097408658,0.597263215360259,0.505005305642122,0.586911604827915,0.554627989556213,0.576974823089176,-0.396219997242919,-0.414641078280706,-0.202240902332701,-0.299187520159024,-0.127417836225015,-0.127573678548073,0.0651481121208332,-0.270042734042188,-0.322305825820945,0.514087008629177,-0.287415966119085,0.206570479397248,-0.234502624598426,-0.406490855030445,-0.163165535314676,-0.150605940287738,-0.163992646503502,0.229197804211016,-0.65529647411691,-0.414108398103694,-0.202262011563796,-0.533603330286459,0.344083047023365,0.417251710064466,0.144241824234427,-0.0468494094426722,-0.208826670707377,-0.643201182058695,-0.269170669262557,-0.451942480094499,-0.208363459557026,0.210342463285477,-0.210920425761234,-0.252383602331459,-0.366467533534812,-0.303726048606808,-0.115650282505107,-0.0424958470760743,0.0132329369561458,-0.21324694777501,0.0193954525179098,-0.265469346427648,-0.114764837424099,-0.243394345640823,-0.28519215199766,0.2324354595056,-0.12922216609757,-0.180875310689743,-0.257527680313611,-0.109842607797251,-0.230152906436707,0.284475242069334,-0.291416781812173,-0.296446973239021,-0.224961106076227,-0.228144206203308,-0.210278836756482,-0.049709924631934,-0.146593475527796,0.122234918418668,-0.204346833819992,-0.339581877092709,-0.215890642894026,-0.291615833854974,-0.198855155409063,-0.180796103493056,-0.00800254852625874,-0.100373605959326,0.0735204091323933,-0.0567931108614896,-0.209424210815368
0.593281930713991,0.335409033295109,0.686612674660194,0.296148999431857,0.0390555892015452,0.135584978164549,1,0.290035369221131,0.193771378971365,0.733320856826673,0.210977726431465,0.429727145965124,0.668791838170047,-0.44059902006,0.0205465018360839,-0.264883552770285,-0.346420979555638,-0.197897988387384,-0.228457397747765,0.274726277893479,-0.221412598229175,-0.16873307119314,-0.362011100061814,-0.177701779814081,-0.204002727871613,0.548799791500933,0.133384079133693,0.508646485569297,-0.345878478448758,-0.0105915737450338,-0.095645574173609,-0.264528873441631,0.113584334647561,0.432161597598614,-0.103479883214013,-0.227687562577804,0.282844154069379,-0.288173357584901,0.122754967493198,-0.211261911348727,-0.0615197390373368,-0.271978103988533,-0.106987039823568,-0.384373961354029,-0.302857133787867,-0.297893814671083,0.0945242552114065,0.242728572980143,-0.254157316753894,0.00089982185802204,-0.228091751619982,-0.19570501056531,-0.11143948890064,-0.416406818382418,-0.153350901791717,0.0494115537767586,-0.168547242229339,0.0672774212501528,-0.297462954022363,-0.297787294973354,-0.331950166360807,-0.160826973718262,-0.123906142644134,0.402522945316658,0.0590234843862601,-0.329230455590544,-0.125909828018894,-0.330957913389773,-0.0154019097529758,-0.255643631883707,-0.045780660865014,-0.332698082357913,-0.269694240466874,-0.223533575127727,-0.513671357984287,-0.365450838278397,-0.0416811218454895,0.00569781620412533,-0.19433389894829,-0.12087144009645,-0.345194348659399,0.13054166282952,0.408243261887992,0.520194536116241,0.484371889800264,0.0550726070196745,0.765826809701355,0.22287933873827,0.151004569940195,0.090143140425139,0.127970330416558,0.666416697100816,0.243164867037512,0.717646380399978,-0.326279956812488,-0.287155185907517,-0.14971957471551,0.132323282062667,-0.187697525702804,-0.00583765737649442,-0.240743630218288,-0.297466220934159,-0.166861837828997,0.414773667818172,-0.223486273433542,0.0652031990780112,0.353151223547726,-0.20509826996103,0.0631798157247374,0.0825431915098681,-0.167570603890104,0.519989059657616,0.196042857308633,-0.281785169301783,-0.15224011165756,-0.201321557398425,0.388489556732794,0.566162205579978,0.407750995747444,0.0378645141355159,-0.113248524435796,0.0998882001107302,-0.0612838855140059,0.0424001962175617,0.0580136458569845,0.184797679332055,-0.174914247598133,0.0194589652763853,-0.0818832415442463,-0.135166716590305,-0.123549709281022,0.106277514767591,-0.255965044030646,-0.34018537092708,-0.0181328933270699,-0.253322553951712,-0.218869119554735,-0.288768342268679,-0.157075174713524,0.264747580567713,-0.279756904656094,-0.240728988796319,-0.33258844345778,-0.036663848360275,-0.373734478833201,-0.157756360719344,-0.0996024726176025,-0.357585458873088,0.240639940842312,-0.345004038003092,-0.239452278016195,-0.335606163464938,-0.261617194131316,-0.022803538513636,-0.316939028349818,-0.269092968324024,-0.38495049662363,-0.0424422345152564,-0.0861744493388518,-0.363654887553687,-0.1419051822656,-0.126444094080298,-0.0871782937634656,-0.135981067908415,-0.28829942332824
0.544584017516947,0.739211632842901,0.557248547520747,0.196167516446331,0.175372862462649,0.816808572064803,0.290035369221131,1,0.482373447594503,0.656831312647338,0.428859593866956,0.649021161440149,0.684035704648279,-0.196727634875907,-0.194232448260236,-0.124184730792002,-0.421864667051094,-0.442185621665979,-0.0695679489558136,-0.0218258077864587,-0.0790041795882176,-0.411512172546048,-0.505858442548682,-0.369232383649535,0.0115957537128307,0.457906861511934,-0.329483601496951,0.209326121174648,-0.475347549509169,-0.383583472089567,-0.24252771557562,-0.331882130223351,-0.325390980214621,-0.137204436956581,-0.242147957775677,-0.34403608300677,-0.00663220050105913,-0.526836296686479,-0.157492781068751,-0.498994141695326,-0.225686700730695,-0.382114668905118,-0.390866221376947,-0.0825946577040486,-0.263331839601853,-0.410554284886269,-0.122850152944532,0.14292741304379,-0.0445931131879356,-0.128069657181972,-0.415716408516948,0.330523858244025,-0.198269782545556,-0.323661832705358,-0.129167426455789,-0.0784707434725057,-0.462301554299992,0.0746524105198801,-0.21512625988004,0.0572027572692669,0.00616987914020656,-0.0297359210239332,-0.175994973628833,0.0936473023100917,0.0821045807685463,-0.160183191193327,-0.0298838355099192,-0.0391921117698119,0.119978888377891,0.000366028768230969,-0.0373826600848567,-0.0519339900394815,0.143407869165449,0.0359737242583485,-0.250063276021828,-0.156662653474496,0.129343697896485,0.293688407504091,0.0133090985144775,0.0132524808221768,-0.182393492025633,0.207596606991093,0.458321770273997,0.468296212639806,0.641765128899254,0.16406548900339,0.344462027160693,0.706605704875201,0.53100113351317,0.378076455689145,0.363559183040828,0.710922074922652,0.373785566042797,0.621909363983997,-0.333935669107469,-0.282860394018816,-0.108800004907153,-0.0197390247920246,-0.197516146327784,-0.163980331333086,-0.0144102336449942,-0.0897390515412832,-0.476475394995987,0.419292123934294,-0.11640398057027,0.211684880228764,-0.267985706303961,-0.429704415779946,-0.0459667322908756,-0.162802300554908,-0.0049893628612617,0.177805656991131,-0.587684777622466,-0.510388254708194,-0.419586282267226,-0.550986162386975,0.218901108524924,0.292732491944941,0.024335098866591,-0.237061221126899,-0.303711124082012,-0.462821702193226,-0.162140400906633,-0.312495144519134,-0.312890764139929,0.281222806103875,-0.157634314611959,-0.326648564218073,-0.318873542967062,-0.262460652201877,-0.280763529623959,-0.0312592457364378,-0.155099090527223,-0.4734075548782,-0.153186384757469,-0.206047663202867,-0.115408963413488,-0.231030249519514,-0.446743220408121,0.080418702308031,-0.0741583630946315,-0.320445054949225,-0.444258650731902,-0.19927008809165,-0.164164387880419,0.147347461691716,-0.146720210532962,-0.295002663471167,-0.176935413078137,-0.265295517129395,-0.161181788435957,0.0252820815021987,-0.0434480993628851,0.220738389288674,-0.295303397020963,-0.283759213140211,-0.135948450377078,-0.0472494705232382,0.0954832806285664,-0.0333208071663405,-0.0284926085162756,-0.0350159997381572,0.13404545015658,0.0771250585902404,-0.268080048725127
0.616581728192518,0.533129045756272,0.242716784305499,0.833125923303415,0.212817589808537,0.627516082871728,0.193771378971365,0.482373447594503,1,0.570872675796955,0.750594898894658,0.804141259874729,0.535376632111752,-0.334183502304968,-0.198652179320716,-0.318063181656798,-0.308827143827199,-0.340165794458225,-0.242203509375863,-0.20120044991158,-0.202720465818478,-0.332968279279107,-0.0473853415656302,-0.187578889730046,-0.0440671751772952,0.502889572130569,0.236849778717392,0.276974259008585,0.0410931241400932,-0.0204992692949483,0.157123417217213,0.344127327947893,0.212153101951276,0.0758040504249952,0.346133509634307,0.0102747500462581,-0.210405177880464,-0.0209987159320459,-0.0366092752272219,-0.272596056431156,0.256503281810401,-0.248105742303938,0.0186164242449053,0.249621743457511,0.13385322772379,0.097847593328998,0.0723737033794188,0.225747778540447,-0.533695666458163,-0.332558883911748,0.0906581145317096,-0.320295947079945,-0.592042266018274,-0.444312330351533,0.0965717167759337,-0.0230548667338973,-0.336921086686812,0.52912093503779,0.0104335745216914,0.233783430141239,-0.441749648676437,-0.365401820202018,-0.57880688643289,-0.343275266845367,-0.459465116897166,-0.23062881659638,-0.643718464523255,-0.213734754925852,-0.576739557320014,-0.376344404703698,-0.236961669117581,-0.394847263102307,-0.484488676297798,0.105796140716966,-0.289897610750447,-0.343793080277466,-0.405951933308768,-0.148542182715639,-0.565132085169299,-0.616208998397899,-0.470423237289431,-0.27592166062849,0.389149476236417,0.24740466583791,0.654884839245251,0.757321914486722,0.346514841938202,0.788579207552862,0.670019746886423,0.905429297965152,0.924921361711088,0.439836444399045,0.907342670270779,0.433924911028599,-0.384450413878524,-0.525690866425102,-0.266527338654288,-0.208198892133116,-0.291657064461428,-0.24327019995814,-0.192023149246168,-0.104607547086425,-0.19519342486065,0.365886988865708,-0.127343426987161,-0.137529794197359,-0.0669704028722257,-0.0518113790029657,0.0222203239243299,0.348103191160018,-0.0683043950882227,0.418056546661495,-0.286661701330491,-0.0710340886350612,0.265067088169514,-0.285535760746551,0.584132382046773,0.570405868781397,0.250077204133441,0.393030729137659,0.166141905033506,-0.460861386854757,-0.0724059774156678,-0.0309698372391531,0.0595182417698315,0.0363220204978097,-0.354249785564809,0.143764640741936,0.0670997983418135,0.167550775549163,0.418483829738699,0.41028487488413,0.223913148496897,0.0335521926582626,-0.134773563032973,0.124500850299124,-0.614341873179063,0.0686938253425372,-0.0667388511040944,0.217118142000454,0.252334251493445,0.0362728835239805,-0.176939415131016,0.335108681348006,-0.227435257337798,0.223389113029134,0.131496718642556,0.105344239127133,-0.326146940218867,-0.339943043882339,-0.717347556896296,-0.466437960948822,-0.670843897380732,-0.330954646912245,-0.379510729419866,-0.46204682252578,-0.151891803807007,-0.514487653401355,-0.121583244988324,-0.563129846762329,0.286727715525429,-0.404844904234716,-0.107534594472259,-0.569502004177545,-0.0724662480910527
0.87163850739329,0.766368666034671,0.75781422328624,0.464922085539165,0.128582742254934,0.60622616340112,0.733320856826673,0.656831312647338,0.570872675796955,1,0.535164426859565,0.818446577646503,0.931418029528036,-0.516419749561229,-0.330083492735738,-0.411857676239362,-0.621128402351363,-0.54225905442881,-0.27658405309341,0.183284447366422,-0.403492288699843,-0.491521046760023,-0.501589843796819,-0.474367621098828,-0.276672566386103,0.776756028209874,0.0420578181913338,0.50446685679752,-0.452863150053534,-0.212644424273926,-0.081449370994463,-0.236419594145911,-0.0738413833974391,0.275104306288179,-0.0970406789531522,-0.23554342902728,-0.0497124555883603,-0.428843221055844,0.092126898647822,-0.511068418262213,-0.142392874698825,-0.563702116400503,-0.226071075699808,-0.323098112042621,-0.43052278105058,-0.410670411955771,-0.119399586458484,0.280439052747229,-0.298145285137719,-0.0772462218040506,-0.230983044194248,-0.142643978554353,-0.296016370057309,-0.598602990290104,-0.0756464493426202,0.0651840767954626,-0.288662148260985,0.246262648032822,-0.314955556937671,-0.16248429153348,-0.328607873820985,-0.220697068467946,-0.309319259477674,0.221177504313373,-0.0553078310358231,-0.285262397306693,-0.232159979616053,-0.254519884627972,-0.141528276692127,-0.306083473435737,-0.0522664856601715,-0.405000920519683,-0.234829372783672,-0.228112784130209,-0.507135055892731,-0.357393930266027,-0.0852004714751137,0.0411750932377162,-0.351377670990343,-0.246200907454446,-0.515267455282188,0.123173256557448,0.656941678167851,0.708582410483665,0.843541835772165,0.373128467356714,0.817385736569892,0.712354980560994,0.486925244372917,0.526764884710264,0.434104258125545,0.898529482428355,0.573519684266981,0.921478955990297,-0.590473085085996,-0.583906813193856,-0.380309441910811,-0.197550810607463,-0.36096756923775,-0.12110407830439,-0.276368673841049,-0.350444427678889,-0.426480805546695,0.451216495800966,-0.43107992005642,-0.0599293598683619,0.0323386213143698,-0.462583023823245,-0.193468308192252,0.0825707112274703,-0.308738646456753,0.625561361907852,-0.301890331040062,-0.472366853640584,-0.210004382953097,-0.552018319979111,0.562294339165298,0.752846254255056,0.371166365933068,0.017853016422401,-0.186131224095486,-0.349081220930118,-0.170666211574966,-0.188988945245957,-0.140887051264301,0.202068889674785,-0.326040688196908,-0.0651221688244411,-0.307662545244049,-0.314652024990806,0.0237012669959928,0.0153014636663871,-0.0921463263920738,-0.365207885804217,-0.0969382412492,-0.252604859281669,-0.328162501084556,-0.278610694487311,-0.231688438973625,0.343626638247298,-0.185944682728209,-0.310091570105657,-0.397429081241966,-0.0175308183208247,-0.394434722478497,-0.0676309231228106,-0.175153908398123,-0.35343123905377,0.128943821033025,-0.378625668965559,-0.413045651284381,-0.351884469573792,-0.353228695971467,-0.0241658122826473,-0.334377063096196,-0.459986099434036,-0.320121174992485,-0.25238526297155,-0.147099172967846,-0.378463433864172,0.0251886441986342,-0.201201450486429,-0.0808811158074167,-0.268529025133857,-0.35640427656105
0.683965710977767,0.534510694705065,0.357371447570283,0.573938263430826,0.381738971725212,0.575192275911482,0.210977726431465,0.428859593866956,0.750594898894658,0.535164426859565,1,0.738491870075389,0.57657157925423,-0.246457234724506,-0.402064364330342,-0.306107719649253,-0.408077895815779,-0.528025223682577,-0.140912362254565,0.0841992551107748,-0.129459880247629,-0.260177188419574,-0.326018037992416,-0.279483434763676,0.0275858086415113,0.543727058182735,-0.0498952153108299,0.438378996726928,-0.326477121742763,-0.312644353539795,0.139275098894386,0.295034455667248,0.0135796369969197,-0.000936379598742358,0.143465713681068,-0.109229503021455,-0.331170105255473,-0.374920063657376,-0.201578462149496,-0.457411494380635,-0.0214085099071546,-0.502495203168761,-0.256365556827335,-0.00550105087689762,-0.0919752896208004,-0.100592730677224,0.0642305797228168,0.293766532719872,-0.239790570358269,-0.0511630032458368,-0.0158196685293816,-0.132721333729668,-0.462120873974583,-0.336553070202291,0.0277559191614144,0.0229592452345283,-0.2198080408867,0.599463998860821,0.101993504364033,0.261578341225727,-0.216483711243298,-0.0750914765700521,-0.253462232884443,-0.160766095718937,-0.293549857402855,-0.119004915857539,-0.267739562455352,-0.229896402211612,-0.23328615541477,-0.327004232005327,-0.23855271874803,-0.367945226549693,-0.255988985694719,-0.050399138577901,-0.320110216695441,-0.359371975515221,-0.0757935524973135,0.353988755640819,-0.123895692076111,-0.175106649157446,-0.144881223880104,-0.00105094592932732,0.533472186186518,0.533373488514542,0.573824929542217,0.681361530990344,0.346510395430801,0.572793414978717,0.673492550051287,0.705859992493569,0.619787093955856,0.398561724783254,0.782580992477566,0.468458746209518,-0.415225207352791,-0.45152628034657,-0.24553833535814,-0.226355319195431,-0.157120182429368,-0.104962536777274,-0.0292942198285908,-0.166273583416306,-0.398462226739615,0.406237167016146,-0.135139037053643,-0.00555623297942437,-0.197846288620666,-0.38599442582808,-0.0883499448022564,0.157659265439809,0.014494891055368,0.38517573716265,-0.447788426173183,-0.33224806303105,-0.00942356087939275,-0.577895007848666,0.438975745980969,0.517023251680633,0.0282892309252113,0.0690390203589355,-0.116080170660683,-0.473011322285021,-0.381655157681249,-0.347301581824407,-0.159421961560702,0.150411395764293,-0.325686226013452,-0.0446238494053023,-0.236115726956664,-0.0742606442098604,0.20541718993001,0.129698468820563,-0.0857463536708029,-0.16827278798336,0.0889760144316968,-0.104068649009262,-0.409870550493375,-0.194718515696568,-0.262010023361285,0.181286812214477,-0.153392620542219,-0.201101146419808,-0.276697031336148,0.31760619848359,0.0210539044924014,0.351741874817413,-0.0798193923476599,-0.201334304966293,-0.0943773769911443,-0.379536079771769,-0.375547467477869,-0.222287989995614,-0.339564965822275,-0.0155672448111481,-0.345126983866424,-0.371604606922685,-0.346505592801112,-0.430041791973579,-0.247281735301347,-0.360860863168323,-0.00551740042971436,-0.204793122650911,0.294655035623689,-0.168313752870563,-0.0637402582540193
0.853795050730988,0.767238431854019,0.446052233156534,0.600864765731641,0.224250778388592,0.776325654080954,0.429727145965124,0.649021161440149,0.804141259874729,0.818446577646503,0.738491870075389,1,0.840396031304221,-0.416926124039685,-0.322180280914046,-0.406320916389294,-0.540396911796117,-0.540536529725286,-0.220767968990686,-0.00369404157257941,-0.401419289126325,-0.504010218298346,-0.34736785390021,-0.513370045064031,-0.232571949122903,0.641230267981525,0.0598953662351917,0.381009007414978,-0.2717182171038,-0.217592271350547,0.0497603854079855,0.0351561554713917,-0.0626938982707832,0.054054581524933,0.00933443338248269,-0.107340159106233,-0.159035765063228,-0.347202239682032,-0.0525381854013367,-0.518132664110383,-0.016711653501176,-0.49310513852474,-0.221803491554687,-0.0759240173094909,-0.302374978516059,-0.366842989912521,-0.173997985072879,0.325954796682361,-0.279963105985969,-0.100602636321419,0.0112160611257538,-0.17669619634428,-0.348589988801017,-0.535016727570107,0.123315702252572,0.0858754838988499,-0.279386036708686,0.403257540042078,-0.229939791240118,0.0829821210029467,-0.333457438391045,-0.260637304599246,-0.337935792371016,-0.145811405818725,-0.244582680608867,-0.167916596630255,-0.359955718769079,-0.236098006914999,-0.34447490786701,-0.314342984746378,-0.0869252466689899,-0.402211370891249,-0.30487906815039,-0.0776488819568989,-0.391654957550547,-0.320926592966572,-0.156894214124913,0.0306104558964125,-0.407251097111235,-0.408874904109105,-0.479785454971744,-0.117077988144278,0.577244740023617,0.545192656399641,0.865102624312271,0.649370308624799,0.586495846199916,0.902679005314938,0.6786098766924,0.791354274876557,0.677486610688114,0.746596078687036,0.818369646617385,0.74695484985786,-0.530766776117826,-0.536764704117058,-0.380872068352583,-0.289030089676526,-0.323955599118527,-0.132563562976098,-0.158232164880656,-0.338383830105191,-0.406597860577965,0.399610163141173,-0.371270343259863,-0.0758149541849583,-0.133987034469958,-0.376576991431528,-0.185830624897766,0.158373152503571,-0.249028444385806,0.546328545778581,-0.458315093416718,-0.354456764972024,-0.0200745864988996,-0.560027184833464,0.531816192913425,0.679731489567377,0.179474130048947,0.0857987746484154,-0.0771363933875082,-0.574877738292185,-0.268116913342588,-0.257457567790738,-0.119412444665851,0.262310821189172,-0.274378345223066,-0.0535072341506799,-0.269031921614927,-0.232920912114708,0.112989446860356,0.0671155861462279,0.056065769992279,-0.124159841905794,-0.077107889918152,-0.149996274607094,-0.378553404892032,-0.208820680577056,-0.0976710865557496,0.288658989708851,-0.0925822359543984,-0.194393029886333,-0.287777688693866,0.0864863456337138,-0.355488611800608,0.19435056327502,-0.129682965736007,-0.228436812191295,-0.10617395067433,-0.380545372632351,-0.476423216038701,-0.362697416340917,-0.477935696271134,-0.148774840744669,-0.368226418012121,-0.487825330504127,-0.279011140653729,-0.42891329869286,-0.221400105380171,-0.4575633297179,0.0600855458948933,-0.350562497188357,-0.0896674280299899,-0.380092636623932,-0.312721337793303
0.913519950239165,0.862127129317324,0.72233468632356,0.368882102967366,0.137661902195826,0.697002664351583,0.668791838170047,0.684035704648279,0.535376632111752,0.931418029528036,0.57657157925423,0.840396031304221,1,-0.413794956282045,-0.392410450421595,-0.376207651037363,-0.612152485287154,-0.620260378932396,-0.207084710169471,0.23556165107023,-0.383595283047382,-0.38464533141026,-0.599412035192703,-0.483726474342651,-0.333704985498697,0.761599776131765,-0.155839080172952,0.462126523782379,-0.558891427017879,-0.30917892344643,-0.167169821248826,-0.247484532525324,-0.201876253351723,0.167581858936746,-0.200091223774948,-0.313598490625822,-0.111519662672898,-0.597825884113868,0.0190888149953049,-0.59472266989649,-0.279986974712032,-0.63924133762632,-0.39170593481826,-0.385491977842684,-0.53484614959233,-0.542401356345914,-0.187617877549971,0.321708726719589,-0.135615556727379,-0.0523790770402103,-0.258513850757193,-0.0922943265638781,-0.244984662824785,-0.553136123457899,-0.132158744270228,0.0196471899859327,-0.334855072967091,0.222837379852568,-0.272428199703065,-0.102327237091401,-0.160412276155904,-0.0765388782882696,-0.18891123877722,0.223611318559401,0.0235771728391223,-0.18563897327265,-0.108046756127057,-0.156709163862461,-0.0739987959112598,-0.197482796599056,-0.0263840319250992,-0.345648268682078,-0.132698806116895,-0.247464993820677,-0.492925371542568,-0.305210657789951,-0.0170438479967606,0.124833885253727,-0.220626433109517,-0.107294773438495,-0.393820363003667,0.136560006941781,0.730157433264815,0.773434586152573,0.916034784696943,0.341671841072535,0.751045824920046,0.739754160915806,0.483549770454414,0.506249836579814,0.359256456456516,0.91280989152281,0.564913941503523,0.941956358596161,-0.612240820684832,-0.509565711115335,-0.340214240810958,-0.167237305348125,-0.323160656699065,-0.0798496604539081,-0.197036596683924,-0.331641408214279,-0.437060276357961,0.540498465248861,-0.417011522028138,0.012950016934159,-0.117094985059671,-0.57233569004156,-0.294203737418076,-0.0880167359789339,-0.330387497550297,0.533596527868131,-0.431096856879639,-0.616053580400691,-0.342649029464086,-0.623587522354687,0.475491409987628,0.72211173020835,0.308114510737843,-0.10796132707227,-0.36159364752481,-0.394459275042799,-0.215440455924295,-0.356346807347516,-0.283775779492917,0.283443193762243,-0.279627045299497,-0.197294201489469,-0.468374105636816,-0.468426941964765,-0.116323351864418,-0.112229966546817,-0.0789072036828395,-0.34915798904342,-0.021232226685942,-0.285996769907984,-0.246542455167142,-0.303856822841249,-0.315902501848475,0.272875318908369,-0.260364721111386,-0.305752220588448,-0.351023758974867,-0.0577811849807329,-0.293180264174768,0.0336781444544454,-0.246459001315283,-0.394464931233713,0.0413176291981715,-0.261512004084814,-0.253562281138929,-0.191945640371513,-0.212608786753667,0.106495658338075,-0.215439842017739,-0.397015577368036,-0.287784329823211,-0.172820661787049,-0.12061106957437,-0.273181693881427,-0.0678659223178914,-0.0968157743125494,-0.0140074995952718,-0.102654795502135,-0.255191314231365
