1,0.62480121347347,0.234712361230248,0.839514026675617,0.6736406546053,0.431997254300298,0.338864532407362,0.0725004380131201,0.822182204036147,0.175952648683136,0.757009364082657,0.651495281831201,0.597074802830211,-0.0891781919693436,-0.261469645729965,-0.0281631853041136,-0.173888882800842,-0.164748198129505,0.119850992959062,0.267195142504739,-0.151901910696349,-0.0009589290449707,0.374449107196658,-0.219934959269045,-0.0055737975744,0.304193963126873,-0.446434053653146,0.655626415450107,-0.445739790423508,-0.384798595374412,-0.107257619860687,0.30882612960634,-0.307551356625094,-0.182180258661132,-0.132781668161413,-0.293394657883923,-0.223878400385753,-0.458978045535749,-0.265847189186725,-0.244495468840959,0.0865394504172702,-0.115189174780048,-0.435334190779916,-0.0845129849975536,0.0038219523253955,0.111164079988658,-0.214610850618339,-0.391127642126479,-0.258546278984039,-0.220623121452076,-0.417894399834011,-0.337108687041319,0.034105274834707,0.0949550245498535,-0.260493603597943,0.122184044956262,0.0315414049966248,0.705140025791217,-0.268356391759968,0.135428682772909,-0.163328764997164,0.159929328083029,-0.10015835717701,-0.286454744567082,0.0797119234184124,-0.0586842399988179,0.152817311472541,-0.0054909442043559,0.281628304419265,0.027510714747988,-0.218516995720937,0.192945904113961,-0.0887367515399412,0.093560188067758,0.0359608405638427,0.119478379409004,-0.0373754151497336,0.671911803006737,0.302997703069256,0.0087630720223446,0.129232496819273,0.261966172936147,0.26342716758988,0.756072261217506,0.758684012283761,0.783627220815979,0.121465567955599,0.354917940724016,0.693284107648128,0.823070444556944,0.684703150861322,0.235752569869461,0.527751165968019,0.817648509968201,0.723548350773014,-0.287493832469997,-0.153679946183255,-0.0347369437058834,-0.276337696371371,-0.0462429588073792,0.100336233344378,0.161884931697449,-0.070010726889783,-0.0985649356413148,0.322126300164866,-0.24973825810281,-0.149647005277181,-0.0426361698208459,-0.102331642131228,0.0638061836238139,-0.416129514057231,0.0588105246663698,-0.0240302830883867,-0.492420164173224,0.116837757332461,-0.267150702999409,-0.661566066245141,-0.567090331866856,0.0633459875514845,-0.37150796273556,-0.118189272303966,-0.360111156145654,-0.413855935385535,-0.0331703340692889,0.0550764811020124,-0.537197577864818,0.26756790515055,-0.29498019525235,-0.529510916069365,0.0515163555979809,-0.268448214095496,0.0608968679590155,-0.0103559891800705,-0.0033813128639137,-0.233957636682836,-0.333162486630421,-0.213318426411808,-0.0353109807079929,-0.234471747985105,-0.29817429746477,-0.448949099423028,-0.253616877852591,-0.153723884906929,-0.455129932149606,-0.192782211686886,0.837790145352622,-0.112370275977261,-0.288086505418646,0.0585437999830942,-0.259340820823317,0.119425526921153,-0.0807493063156466,-0.117620897366672,-0.170069766566499,-0.14481128293204,0.211591147456498,-0.0834339821820964,-0.115311691402623,-0.183319377942088,0.204004298546852,0.0927076751370037,-0.161375312360913,-0.123460759108707,-0.0478918447607085,0.78552566991644,0.222869714120495,0.197979953169026
0.62480121347347,1,0.809701231897027,0.61662711424033,0.237445435530753,0.838261959360001,0.426794864635987,0.65058899970652,0.714090633358106,0.710078289074658,0.264041174756641,0.801379983047373,0.884974577417418,0.0675710838517922,0.0349107955618969,0.154073197035405,0.0251316440276192,0.0024708674856001,0.138504004435677,0.0974760860696663,0.0673361040470177,-0.0147627801239074,0.397034251654428,-0.0100741077601175,-0.186370720224768,0.396600189162918,-0.227834505057201,0.754141960644913,-0.238875516063555,-0.163244130861927,0.162393115163787,0.0910945438213286,-0.248732856341478,-0.207421716080633,-0.18472109589717,-0.282226040848364,0.0834282980871509,-0.154247712719162,-0.129573418102658,-0.0071751074808742,0.198395090288447,0.181014822499688,-0.0939192339444478,-0.0421328410347518,0.133700301194358,-0.0207555107222254,-0.0056399015993218,-0.362647005687715,-0.371733430091659,-0.462826768943785,-0.380413752236204,-0.400215275302824,-0.339937436645845,0.0546887226639998,-0.320051125245706,-0.197885787222673,-0.232226428274986,0.414333373336772,0.0403387123850585,-0.0680486047761631,-0.223040460718841,-0.0268660565449735,-0.217964009632209,-0.0962761681912622,0.0736627577190571,-0.386649896332094,-0.483119497801448,-0.123158148784255,-0.0500592470243238,-0.128708211353957,-0.234534436834387,0.0659255681072467,-0.303471190035237,0.212880312841811,-0.277727307755428,-0.383304502105077,-0.221715867401164,0.193054158418554,-0.106828715164701,-0.141595802316328,-0.125274657813627,-0.152676066216141,0.355309230794597,0.588497450941438,0.875904297693411,0.562028629988575,0.521336569956473,0.821769713661412,0.338631689503966,0.822294740006855,0.495164069470752,0.537498560854981,0.696976252593682,0.579497408666364,0.7877276644181,-0.187338501716015,-0.065045632837086,0.0282986250703979,-0.020220034515837,-0.0122884221316634,0.193928894350756,0.147705030755704,0.0137363402126133,0.0183543402774247,0.1118822831153,-0.0654045371091365,-0.258054763825731,-0.168679092558536,-0.0718135110857474,0.002100316949627,-0.249705319045159,-0.126935787626117,-0.297649805001444,-0.350008133592933,-0.176125366333368,-0.126337374184152,-0.421223586621032,-0.431405074604666,0.18313244161815,-0.250442325329718,-0.104750238610916,-0.32568237305695,-0.231168743583388,0.0386574939886217,0.0776463372996693,-0.266750841598084,0.101140183015191,-0.182700198306231,-0.299783615004527,0.181109586830743,-0.0355705577066121,0.123948676067351,-0.066250602606462,0.0376764989373705,-0.0607507418738104,-0.131820902266453,-0.463784256674812,0.0214663202931821,-0.336518752718443,-0.177464113858624,-0.211529008836748,-0.279770983546032,0.0852166073618835,-0.324108274431607,-0.287548241385643,0.495563248160964,0.249242895943268,-0.21944897377081,0.216906014695913,-0.221225587471657,-0.48009695825594,-0.275579883722602,-0.374933791518172,-0.294290915242657,-0.28692240106969,-0.0982552017760708,-0.148325898388693,0.0805179831526715,-0.112683763238248,0.338087426725697,0.315336958930929,-0.216620920640007,-0.300027405637648,-0.361306561175945,0.403787115292295,-0.047244638504109,0.0729431480858574
0.234712361230248,0.809701231897027,1,0.224409378723983,-0.0715116186110993,0.73457009669663,0.422575128216977,0.753524902291747,0.364572459807263,0.848719602816215,-0.16069262921676,0.557334056911204,0.686500701075666,0.210083676427795,0.12114111238734,0.242135707933501,0.0923441608978159,0.0489047009367421,0.0287688942472357,-0.0491980010757344,0.0767559816683868,0.0098288389074453,0.422044676237832,0.252798648290306,-0.15074414550068,0.355553224236582,-0.0015620514803286,0.603421358683217,0.0258427662310923,0.126283395186225,0.282896269865411,0.0466385444658049,-0.0506637995385951,-0.0333981023972311,-0.0930396439474493,-0.0909706551569314,0.119342077364998,0.0711853973252169,-0.0472693144538348,0.104156546233284,0.122982309388448,0.338742969634179,0.082506760826564,-0.0389052781416669,0.171307196637634,-0.0324519573011412,0.191348928265252,-0.315115795949171,-0.385567745574734,-0.531111789195598,-0.207925586506339,-0.327602644627421,-0.477830416134136,0.0037079794432827,-0.251396373262099,-0.301217772650872,-0.290787458531615,0.129356345741521,0.0722462589543507,-0.244485005473331,-0.247933575508271,-0.20286325616193,-0.292521178707502,-0.141076029210424,0.102856913096494,-0.500583665738527,-0.652857767393038,-0.198477167702976,-0.243146252602857,-0.307514406956419,-0.279506342747412,-0.0897575019941215,-0.423368174410661,0.106623268686801,-0.413827960600732,-0.554714110449358,-0.36882912056986,-0.132525316440299,-0.256223500888394,-0.290461858403005,-0.229030467898101,-0.294539136703573,0.348211200031886,0.436803522634531,0.640705982688196,0.205551557545426,0.743109465099929,0.786590900729063,0.0040281267655935,0.479595764908407,0.173859807852399,0.709163896616322,0.450411796672515,0.213694273629125,0.56163113768076,-0.102439422113292,-0.129609102253125,0.0519700515359015,0.0832978632811699,-0.0524244296305393,0.117210785353432,0.0126579092857201,0.0620715657763673,0.197728617529572,-0.0185750025586959,0.0910148158645819,-0.187257123749717,-0.0908811426089418,0.0739740920300935,0.101240832516789,0.0485069115566936,-0.066648391319555,-0.280368553618124,-0.0774517446607255,-0.20524375643429,-0.0237291799435759,-0.139147539326021,-0.110767004145482,0.241597369762233,0.0210087710930082,0.101222939053224,-0.141008297483949,-0.0136362841079036,-0.0279434355369104,-0.143293522499714,-0.0339860632052917,0.0762669454000298,-0.0372448746818853,-0.0481961949685133,0.12972799390752,0.110435230860294,0.164082918342414,-0.0286793093279775,0.0005382877485533,0.0624605854994703,-0.0002695205444744,-0.39634093809096,-0.0267844830776403,-0.280398140255507,-0.0614315846991212,-0.0037055998212357,-0.16986023310552,0.147168251446732,-0.151822266801511,-0.198617700880254,0.147581719844399,0.216744411916804,-0.157149364974143,0.122255552032994,-0.159043277854514,-0.521774453814688,-0.244913043636576,-0.400597782962437,-0.285794416003248,-0.328936193661087,-0.30061230507043,-0.201588030162091,0.0564603797063783,-0.129487553012071,0.253338083598331,0.309037457875298,-0.221539832080568,-0.356505198875648,-0.448683929824867,0.0279890805492552,-0.178932773561884,-0.0162788155176804
0.839514026675617,0.61662711424033,0.224409378723983,1,0.8013396761688,0.449130113305956,0.44711617867386,0.0748580561747588,0.928095615122885,0.272668179243295,0.776016149348371,0.770832338022263,0.660998116577448,0.0582618681447444,-0.039717682169151,0.140686197668331,0.0628295264705512,0.0049345116657461,0.268824839924397,0.432882091403091,-0.0348788652126461,0.0966761579326866,0.420678320202643,-0.153145867159239,-0.0574108674275931,0.0716605502626501,-0.494717531840628,0.589738786138974,-0.493036818399028,-0.413253309335804,-0.0930860163310343,0.241294755915179,-0.401489197193425,-0.212223827026529,-0.251992122923557,-0.39280638129281,0.0392646492351741,-0.316938112968825,-0.19132051642587,-0.0991888507956584,0.176011745167818,-0.0047371716417701,-0.293968001429378,-0.130765983394714,0.114009823996411,-0.0292789780431388,-0.0603474425670807,-0.357230989287069,-0.415175111193798,-0.236521918513735,-0.453305174600079,-0.25114793225432,-0.0623493677174608,0.123549041007727,-0.248815822001552,0.011157120584966,0.0258775668377639,0.625856403842549,-0.194214947148721,-0.0348766441356199,-0.121726551559564,0.0472889417259833,-0.195161642098926,-0.128288373283216,0.166601119022402,-0.202209515132025,-0.0716601201223093,-0.111082262123739,0.221906754282977,0.0063647957188402,-0.158496493629845,0.141290842041435,-0.159638225460238,0.251943739819533,0.0341122010122479,-0.022391295381681,-0.0119460355344668,0.590195893764517,0.181869781933884,-0.0533130801963779,0.0913039907529459,-0.0542372449783175,0.0040979335495953,0.517138309099706,0.817279933025132,0.907269706702833,0.162102621384515,0.344110753538654,0.863862884859026,0.882651983593457,0.869298413426122,0.362161575642429,0.680802838823539,0.883237105399627,0.735763316018301,-0.12311828288393,-0.126935985915584,0.205911724745172,-0.0435200212936455,0.160895196022838,0.329481897695982,0.304793617858783,-0.0429411591475193,-0.143272762053506,0.438171006301563,-0.176619018152097,-0.155520586134922,0.0657947129798449,-0.0658470469021688,0.086489204413253,-0.353634250980708,-0.0032430477072277,-0.136546188482813,-0.5213748205733,0.0582344578297034,-0.0920260624047325,-0.608344006517307,-0.52289119733461,0.0308245192220276,-0.429606018948357,-0.0675141085773085,-0.40549194926598,-0.386496924986339,-0.0525892673988666,0.102103222781275,-0.335784395581966,0.335001806500231,-0.224312290164741,-0.2601062212457,0.159482682059458,-0.0924642322510203,0.163192707509076,-0.0872902533769879,0.273143350261624,-0.198523735889648,-0.422211437637977,-0.432396080923692,-0.0787496093350237,-0.31751282749076,-0.40112874893688,-0.444531559115618,-0.349735905107857,-0.1014980835691,-0.427797110985714,-0.360109518299212,0.770588082526593,-0.0446095245916176,-0.348964084047666,0.185681008208423,-0.272668447200038,0.0435197760535501,-0.321559448716123,-0.251389664538485,-0.300326938873362,-0.24310555294505,0.0843330833577887,-0.250712209332983,-0.0892329531255855,-0.212041439654068,0.198513423959064,0.0283745907559178,-0.329245716805747,-0.268108835682392,-0.186116120204741,0.727342541736171,0.0883062186331652,0.140924012460538
0.6736406546053,0.237445435530753,-0.0715116186110993,0.8013396761688,1,0.0956191385374026,0.391162082889381,-0.21812192838659,0.7011889453255,0.0179509448891882,0.794598490374327,0.437545916719309,0.254865274933774,0.0992811087349935,-0.0034531198116824,0.158573936289503,0.098080873470484,0.121975020348473,0.300441500144227,0.48469355378494,-0.20954752341201,0.164989894571149,0.259392001141601,-0.113402744121029,-0.0718646002987725,-0.0541726780457341,-0.611387277924169,0.263161550287977,-0.621133139960753,-0.47471127054776,-0.438869527432178,0.200240609427332,-0.530760609282265,-0.218188640248638,-0.407839819316252,-0.376950968572388,0.0384272211191158,-0.366081603502773,-0.425947115255486,-0.242985450671349,-0.149661016957982,-0.141790242414102,-0.49040395543356,-0.376167296865261,-0.0907193601036754,-0.139275709192014,-0.0650892179794639,-0.253359733512678,-0.440969380864753,-0.079244624928876,-0.476680721258355,-0.0147524665279769,0.188979459297136,0.0090154439477276,-0.305398436330479,0.0362898782139379,0.191501763898787,0.580999320817848,-0.380310194837931,-0.0396876522623593,0.0381571462964715,0.0714534824885351,-0.140855659079159,-0.163773504328041,0.215701611431969,-0.113616047085103,0.274912944893176,0.0591543028306747,0.490448634979462,0.0056183265598615,-0.309992331080642,0.248208913705658,-0.0154707060383163,0.0128671966126991,0.0512132665696212,0.285435024182458,-0.102030470467784,0.794453561287413,0.47038011874097,0.182819929654696,0.326613763133594,0.207433514453375,-0.101586174413442,0.409071689606869,0.532743066062988,0.815840402157167,-0.0239203227738257,-0.0045530497819741,0.8940072176513,0.586310226190825,0.794126134026585,0.194935131446545,0.336277981539772,0.733772679880942,0.43984775224302,-0.0360561930170736,-0.0303662550028141,0.281286930820675,0.102511577916255,0.192462726933386,0.291247791798917,0.304452218466509,-0.23114020785957,-0.105017880015613,0.506252521872496,-0.142805385441828,-0.0418545779845467,0.194428193334978,-0.0720532713015827,0.177276691478692,-0.209556186673798,-0.117842864920812,-0.0561424806893866,-0.419783497137155,0.213699872713445,-0.0505356904952207,-0.623014920825699,-0.351232671112743,-0.216352343525015,-0.495732171817942,0.0571277296502266,-0.418538692099392,-0.454246970499181,-0.292638777460394,-0.0264859140436983,-0.297240953094189,0.32517239671947,-0.0273762024429331,-0.199938951673668,-0.151274945653586,-0.18480252240993,0.0556211836874976,-0.198059791450251,0.0544306336932425,-0.43194278584011,-0.537717921194446,-0.251307197781402,-0.127442721924575,-0.0580436528091404,-0.431735993005686,-0.527970402147607,-0.288122748831782,-0.351681137982854,-0.410474737145066,-0.211502608645813,0.633581552188131,-0.233930328889624,-0.271777427547874,-0.0349108606512364,-0.328072758508539,0.399576240105574,-0.306396055923654,0.108316272772212,-0.211846916019297,0.11331507601663,0.0547800203684004,-0.143431014144636,-0.261768864145041,-0.353741483960027,0.265550859015192,-0.0217599817565413,-0.194630255338724,0.0026217646553297,0.0829129097405473,0.7848519236665,0.342608469432543,0.238842040112969
0.431997254300298,0.838261959360001,0.73457009669663,0.449130113305956,0.0956191385374026,1,0.116926523340336,0.836931221176047,0.618496531574497,0.558659325185602,0.0086001831018764,0.726517055104921,0.67305913607139,0.179310568364409,0.236151603207447,0.170442911508205,0.118051630821991,-0.0397624971761591,0.0907449357714223,0.0389191411572301,0.0863107729730635,0.0422351509185296,0.153121313793517,0.101056413967444,-0.272169826539284,0.337036252681931,-0.005403051081369,0.492675911949788,0.0230843369549329,0.0469029107665536,0.197838469140607,-0.129085745042006,-0.164588590952974,-0.055837406698816,0.0536307323408811,-0.0782137696876768,0.187200308917687,0.0396672824193905,0.117957665929968,0.232936527551122,0.385980614273113,0.329866243119746,0.184492787740474,0.0529031642519768,0.246973178039797,0.125754050829507,0.145987890774922,-0.254470007261259,-0.296244783045229,-0.40017130299264,-0.088904697056922,-0.121145627111153,-0.317579598262522,0.051829208072038,-0.0007171621523079,-0.154815274216643,-0.233594218112404,0.18657587523799,0.111460743814198,-0.105222403520813,-0.296958045636984,-0.165603244367779,-0.324196361254069,-0.0076268811253345,-0.0207851871982171,-0.482968274108782,-0.630374022004155,-0.221137994824994,-0.307563321501541,-0.136440357904333,-0.0501367742530079,-0.236073533142594,-0.480564161281332,0.23851731538453,-0.117900068416162,-0.562565672092131,-0.265560488731142,-0.029050013690424,-0.347898916404123,-0.392359325905071,-0.464061419479761,-0.228087449331684,0.246844132783666,0.403181061785453,0.655953611705947,0.313935124581423,0.40777600546686,0.96280020489018,0.200072580441936,0.706998981104229,0.404061141345926,0.365688801911991,0.506098711430874,0.37088553634646,0.487596487477707,0.106315623886392,0.0274937378552036,-0.0232692721265724,-0.0247969699632339,0.0960875307962755,0.171062096032675,0.105687907377022,0.174075810660603,-0.0007668747402365,-0.0255630286679164,-0.0102057840946604,-0.389566072668625,-0.295424952430058,-0.0034645774324983,-0.0153760054930356,-0.118608973365432,-0.204710171644971,-0.377141055590791,-0.287585422114966,-0.384483234022293,-0.132135577280599,-0.144287137790003,-0.333496321661943,0.0689221261111331,-0.241261370729058,-0.201381430430506,-0.064093892420254,-0.0400014677760106,0.154508374363566,0.146631251328129,-0.0654709974600674,0.103947640513895,-0.0695027124045457,0.0101604187460628,0.337208293194827,0.182937876837135,0.212571127845058,0.0824485831139383,0.145054062424553,0.175767759214977,0.042603077332643,-0.312371403992902,0.183040635698101,-0.155952000208003,0.0374639679467892,0.0977970893249192,-0.0317210557182502,0.0820135656070864,-0.0631336568057751,-0.163475563851792,0.233885499018117,0.244052899385231,-0.0229152536698289,0.221657128146449,-0.0264274887769123,-0.647989385021068,-0.19476271385873,-0.509026708265305,-0.322342752613253,-0.423986492733731,-0.0432545369458803,-0.21552713819528,0.288108832243257,0.054002952162274,0.10677953737614,0.344275970856485,-0.303538868355315,-0.279069289994477,-0.378374225280763,0.145857985514399,-0.324030185006897,-0.201664267899484
0.338864532407362,0.426794864635987,0.422575128216977,0.44711617867386,0.391162082889381,0.116926523340336,1,-0.0372695165565576,0.339912870478756,0.638135483503344,0.434111307712747,0.472380272915169,0.582595746346538,-0.103317889669048,-0.0625878418898276,0.140634679685986,-0.0167053029872283,0.171836227110029,0.2196065762346,0.253380012848012,-0.152283774042937,0.0199877093773865,0.603690658307722,-0.0198232501649976,0.0332471153192328,0.138690499329353,-0.297641740607489,0.67992114065177,-0.389389769088048,-0.210658692192242,0.0711010313802666,0.437718501418911,-0.187094314541945,-0.0907058492023215,-0.46415945451556,-0.330309702200336,-0.0593121094754634,-0.271118046588252,-0.421358379604555,-0.297928196887041,-0.276991303947195,-0.106204171330203,-0.401447296863682,-0.135742142609894,-0.188510425109356,-0.352313155848574,-0.127194343585262,-0.353106235032099,-0.26969876020775,-0.149445232870737,-0.39007760401915,-0.338289280383396,-0.0095039705260291,0.202192558815364,-0.418340757235167,-0.11524077185441,0.026163508194318,0.259885857637923,-0.21536315545268,-0.125847004281355,0.0920837750618217,-0.0119857903939262,-0.006353040163161,-0.158258854368042,0.542416987790583,-0.101844832805616,-0.0671176665690121,0.076242718705132,0.235305825703071,-0.0722908094938293,-0.335165348484326,0.292575897246362,0.106676787136818,-0.0555828892203508,-0.281013599337676,0.0731420384576766,-0.0240222084202091,0.194291830801108,0.122592261514041,0.0536291175150304,0.300848190452737,-0.149054375764116,0.128582156941575,0.296268175730284,0.561282698609693,0.506950295323482,0.550709322635873,0.0973731656751889,0.385316926843927,0.421179009597074,0.341242458774162,0.68501565711434,0.578331518640303,0.400328726534551,0.72797230328426,-0.239966180254369,-0.16733510526033,0.295941677185731,0.156355194528888,-0.0326631993466554,0.266802208632106,0.213786565952483,-0.201939774376421,0.0991661064863519,0.337124453951522,-0.0590200484778352,0.174622232543187,0.197884281541318,-0.0286074341782883,0.207231120503523,-0.198702272856634,0.0885771976662558,-0.003424331321566,-0.111289617795182,0.473370301290156,0.0495284911552954,-0.485509487452309,-0.146742678127929,0.326696915344733,-0.0294213932203861,0.3315160005356,-0.516673844029349,-0.293812163357013,-0.20550701556034,-0.124767219397366,-0.250536656983733,0.224429520392235,-0.106220342592687,-0.267563936163305,-0.203146748401787,-0.293586088016789,-0.0892567070689882,-0.333582517893807,-0.119431920162361,-0.334593745186651,-0.383659310012611,-0.435770281952178,-0.233375479152227,-0.237126848020169,-0.346964704083558,-0.431591443913608,-0.392565083592992,-0.0362068668059408,-0.412274794799872,-0.244381857635721,0.415969477230496,-0.146511410426863,-0.509950986592852,-0.0745498426175132,-0.435596906215192,0.124984970623139,-0.310006193393455,-0.0206170049378983,-0.0260877019373484,0.0785530803580595,-0.180239542341825,-0.133303804871717,-0.310210080956572,-0.358389365840529,0.261434427767619,0.0124007778166738,-0.130928690987463,-0.245422538104726,-0.172299219112282,0.387865944482371,0.136336799014342,0.33134993579172
0.0725004380131201,0.65058899970652,0.753524902291747,0.0748580561747588,-0.21812192838659,0.836931221176047,-0.0372695165565576,1,0.304546408123138,0.625570156640614,-0.324669206926083,0.462260023838018,0.48881666356742,0.321371532097339,0.347024277489968,0.234225287012455,0.198179764090166,0.0610668331463167,0.0442305788101638,-0.0028740047168966,0.24921456526517,0.0160823126567174,0.0367828814712015,0.213543477448824,-0.251258903339329,0.292811098800631,0.18371062144681,0.289064921433333,0.215116698654701,0.170177038075141,0.271792574808311,-0.238930845522161,-0.0898957584639566,-0.0564839001639775,0.0227767578975767,0.0857986703861143,0.372790877031445,0.285017918043588,0.221986435772574,0.365183036284754,0.342487340292548,0.456888287485253,0.388336027893264,-0.0678095809707161,0.301940568220579,0.148344612973274,0.305843658880915,-0.0909934094972048,-0.265865447055528,-0.457279715611301,-0.0597224972416351,0.0055967719793365,-0.40948002157758,-0.161138581286162,-0.007358042954617,-0.258258078375709,-0.394013031883109,0.0263250694256041,0.269307742884529,-0.179487231707714,-0.334336977814612,-0.23998989931783,-0.343865448446318,0.0986009942975526,-0.128148324144016,-0.473752942089893,-0.685484756148471,-0.202860895833957,-0.338962068512306,-0.258304304957119,-0.0666749641830811,-0.270262448785855,-0.460031826148721,0.15559027769189,-0.314000945379419,-0.635702929447303,-0.423623995734551,-0.214591748339277,-0.337704682732929,-0.290302158549888,-0.418287153952257,-0.251328438448285,0.194094151744917,0.176227664589958,0.35198517476959,-0.0406296049264423,0.401955222129011,0.897220193895315,-0.120990551163167,0.354937522065585,0.0827831873484407,0.307274369429682,0.181337035690218,0.0553779957987467,0.227379571426871,0.217784000552147,0.114292283264717,-0.0095615076004086,0.147093934708079,0.0990303399122639,0.106338546313616,0.0307224359992162,0.265741677792851,0.10006572169181,-0.0801899613829023,0.257531644885157,-0.346745950131218,-0.179729400944855,0.134459468199169,0.0934971847886341,0.170879705522341,-0.195276290676248,-0.330673302333206,-0.15731440403913,-0.537454398108577,-0.0084710168596451,0.0362828687984546,-0.122429410185097,0.0866465253219615,-0.114981437768511,-0.0718862160077354,0.0353308388729886,0.193636609338367,0.18556192463995,0.176663809496466,0.185867153984841,0.115701200003924,0.0699601831140192,0.170938008906974,0.341147998632926,0.344874277745143,0.300082522388752,0.17127072287579,0.0893325619122551,0.274249898845886,0.109014127816141,-0.306365812695078,0.156322897515886,-0.13474293710086,0.141227300313496,0.221445813520914,0.0108515126904556,0.113529429699735,-0.039078375950178,-0.189389507009193,-0.0240613566492274,0.376095429976091,0.112937583314743,0.196170372615095,-0.0528822465814568,-0.757670006881612,-0.136360106697557,-0.470389289504698,-0.248357479262766,-0.410429725920198,-0.168732999346286,-0.224029440430449,0.396471254047272,0.0812018146304263,0.120486291570298,0.382162632345052,-0.201187089539145,-0.288523207582964,-0.467135299988017,-0.121175737568052,-0.261044534339981,-0.173648669339798
0.822182204036147,0.714090633358106,0.364572459807263,0.928095615122885,0.7011889453255,0.618496531574497,0.339912870478756,0.304546408123138,1,0.344066186158903,0.672590339244785,0.802020259497092,0.666424582942664,0.179268317048238,-0.0054396161336223,0.141319012523775,0.134878144653607,0.0050273491336648,0.258028440822741,0.413266746146823,0.0048203917093436,0.133104469385478,0.396357620071056,-0.0424766763514809,-0.0995505191403545,0.225282183763938,-0.390703621077248,0.61452288103564,-0.371849585667052,-0.289824304913946,-0.0345261900380612,0.109190452193936,-0.367930452044573,-0.177606419929406,-0.192250399622248,-0.245245335785463,0.0887384972115796,-0.170726777599261,-0.0681938856979726,0.0462861104542388,0.24473462961706,0.161766690852094,-0.134746120444684,-0.162576624208197,0.245753538117698,0.0894381120613429,0.0676283756909886,-0.335899453218989,-0.447312547832299,-0.340166405024253,-0.408908916176342,-0.274303414847364,-0.150969121551147,-0.0119024232753751,-0.202917091629606,-0.0103656350576103,-0.0908656826099405,0.626736667776997,-0.154839623022001,-0.0596318485245494,-0.253415182189538,-0.0114430861161966,-0.321411520292156,-0.173058564034944,0.101380246318862,-0.299980129557908,-0.166960107635916,-0.19675652032129,0.126581789659493,-0.119850799354095,-0.211517185035158,0.0130494754487452,-0.322824135805542,0.181175787807455,-0.0591686703640624,-0.192487541085067,-0.192483586309247,0.556424496668015,0.0913813871328552,-0.138279959371938,-0.0552256055266374,-0.0169992303975269,0.075005110538273,0.553225439946585,0.815965595231452,0.810783836098949,0.193083365833937,0.51961213342948,0.829165844865897,0.943819094575785,0.886582628630839,0.378810040473535,0.580328396780154,0.900976294567069,0.706926839093545,-0.0892398831774805,-0.0522189914771634,0.147496730575563,-0.0532784723382059,0.228373716183893,0.347547172436637,0.292295043102312,0.0077870818108048,-0.0730728579797284,0.436586233193567,-0.0665950706592971,-0.244731622702586,0.0579180097749075,-0.003920922592891,0.138394822361679,-0.238924227041583,-0.0516184460286784,-0.184986891835791,-0.54150020087616,-0.0843322857627088,-0.0806193176384619,-0.522192674614593,-0.511583985291373,0.0801154020653706,-0.426281711789002,-0.0642444995690587,-0.338689664480583,-0.263602415800671,-0.0116213498169814,0.159980394085493,-0.240751326906852,0.42929410231097,-0.160270100227009,-0.218467488270255,0.225365268489684,0.0477486169126785,0.313176466307321,0.0258815656559441,0.225056122740153,-0.0931882620505189,-0.368075208379821,-0.414253676474899,-0.0552208179182224,-0.320790335489249,-0.325586503734326,-0.314182748822577,-0.250911135802146,-0.118891852297102,-0.423197422511928,-0.317796560571134,0.777930319404681,0.0111055189590773,-0.309811660467614,0.186051103892713,-0.276404244872083,-0.126271613723963,-0.290390626771778,-0.363308606152509,-0.377806987969021,-0.352328974845204,0.0303528743233725,-0.327642800957312,-0.032624264537776,-0.214467516500046,0.157142815375465,0.113661097347086,-0.388422435666179,-0.328152202861207,-0.311001750255843,0.728346486988874,0.0166748210391898,0.028053544221089
0.175952648683136,0.710078289074658,0.848719602816215,0.272668179243295,0.0179509448891882,0.558659325185602,0.638135483503344,0.625570156640614,0.344066186158903,1,-0.0307359237382205,0.577911818601544,0.706094099013881,0.181989591458378,0.180099773987917,0.234992076514024,0.0600883202467344,0.13039689112482,0.095629149877914,0.0398782511395263,0.0618279972369393,-0.0793485136097884,0.3521197181681,0.0767601023306204,-0.106015354815133,0.294972163051338,-0.109286741882985,0.585496828023196,-0.139234386090039,-0.0389851028556877,0.276724305507505,0.239440944379909,-0.194830505056867,-0.166646646992632,-0.291147885899259,-0.1862631180169,0.167846585125631,-0.0146502086354414,-0.127175410265126,0.0571697191380572,0.0116466847549644,0.233056234182204,-0.0031153896337818,-0.126306759065625,0.0680705569420971,-0.148705300061319,0.101953894130987,-0.196525018556873,-0.288125086934858,-0.401415549582546,-0.33016327395383,-0.304903318199485,-0.362235604634737,-0.0341475486221481,-0.347622246262518,-0.270436200759219,-0.306837027399956,0.152067228470349,0.146004226084388,-0.154541379802818,-0.176068783027402,-0.0672696740270054,-0.186587864990621,-0.0780453132469424,0.206399091923965,-0.310436700333078,-0.504099269948654,-0.0562542840880336,-0.0961044406173923,-0.240642965269235,-0.28905319822982,0.0593231065914579,-0.139623567357413,0.0691738816718659,-0.428804412025681,-0.361434742649513,-0.249499216635055,-0.101640007312625,-0.161466572917935,-0.124928541332711,-0.031004914254889,-0.234350514593955,0.29988764155854,0.288906046692404,0.612692822741451,0.226099841845966,0.70470637101742,0.636613248624566,0.0967969014056249,0.442281595466215,0.184698969099621,0.8076313394877,0.527515798458382,0.19578579214877,0.590335861090523,-0.000106879064875,-0.0025576073339514,0.208671459982743,0.15821922770632,0.0306084410104371,0.198858074430817,0.0966768467108956,0.0074237318428336,0.150744130735536,0.0891068382062972,0.138280738620794,-0.115494150163945,-0.0645158058976015,0.0313320461261998,0.0605543681399703,-0.0381990988469554,-0.0771888171127675,-0.127986984655168,-0.174093790307738,-0.0113439199650468,-0.000884365824438,-0.290947381266625,-0.179157623234084,0.294013272300006,-0.074492337432025,0.142558525016077,-0.345014289725917,-0.0786980898726883,0.0277154287697293,-0.0251104522388098,-0.0849538896270831,0.16083588184651,0.0553607869482986,-0.058793363179013,0.0400923016958546,0.0284401260418453,0.103759562391064,-0.132961141756664,-0.0318545830304681,-0.0315557489812261,-0.133669230609428,-0.508717109367911,-0.0664870500934808,-0.317198423276386,-0.111982231751289,-0.139400765451513,-0.255944199402248,0.119827461204785,-0.292635642026835,-0.273200658353481,0.194723223468662,0.204924948256121,-0.256936368586823,0.114052886918646,-0.282642254161035,-0.458777217867573,-0.279283699960045,-0.280225022465068,-0.108020270876061,-0.206510603534412,-0.265826532235568,-0.167980743871558,0.045039338307035,-0.169380273834653,0.259410103718652,0.215910243742144,-0.103489782918566,-0.380719550804984,-0.420604800611073,0.0916199592048245,-0.0624985245423009,0.182580776266946
0.757009364082657,0.264041174756641,-0.16069262921676,0.776016149348371,0.794598490374327,0.0086001831018764,0.434111307712747,-0.324669206926083,0.672590339244785,-0.0307359237382205,1,0.454138298707431,0.364447886037046,-0.174004000170401,-0.243725144333524,-0.051271749513186,-0.108167192611256,0.0619810134947537,0.279520705192736,0.479471623763738,-0.152847736096422,0.138375826029984,0.334981853338506,-0.22720642709924,0.128977683707901,0.08156327958667,-0.514358383920081,0.496022605519289,-0.52187182541189,-0.434533706628543,-0.247040706746108,0.30690583305046,-0.322282734219433,-0.104027011091409,-0.29293021216718,-0.276857178575811,-0.144686999421213,-0.421325588975405,-0.382136110282298,-0.350536342788748,-0.0575025711682355,-0.286428367563876,-0.443641420860551,-0.176410726400261,-0.102158860237599,-0.124359233195157,-0.251048285807863,-0.353161907258313,-0.268208497691887,0.0480378786769946,-0.406173466173891,-0.232422743981165,0.27832167519771,0.176039703259668,-0.200853202665132,0.210688511802842,0.28935729356975,0.636731471695778,-0.383178932126017,0.0770170365523372,0.0057423505566731,0.15150229547704,0.0120548090552575,-0.0926917784819103,0.269590155679427,0.0680174888259533,0.375023065323798,0.035453219323842,0.490108944074013,0.118174107893813,-0.120464334754405,0.282031154997145,0.105726593267149,0.0067029033203561,0.161720085843528,0.36066787171629,0.165808161643446,0.753673500007581,0.473033129724279,0.238260458040244,0.392929158325813,0.187378071588701,-0.0560297540945219,0.450154636288739,0.508825719617765,0.804641221884056,-0.0856825430177404,-0.0969819830620046,0.769424970632939,0.61320297927239,0.668718627478114,0.115425402073948,0.401409385550932,0.82461923775258,0.610084128455066,-0.22012488422208,-0.178251831320413,0.176787255342398,-0.0143837587205036,0.0173436129772302,0.230117341696524,0.305383631392225,-0.281370829776833,-0.0054526486251309,0.485007436332333,-0.192156196784993,0.0945849025735101,0.213581210765429,-0.0686152444934167,0.203003577169637,-0.365126803499441,0.133656772651741,0.066829094799545,-0.442484284251347,0.332602284381244,-0.0619592329064262,-0.648883150295124,-0.398774946947323,0.0128787375068194,-0.345480994649852,0.0723992016355885,-0.478051493546338,-0.398468137272323,-0.205003599005733,0.0986455499441684,-0.418708692149552,0.324583869191257,-0.337152179753128,-0.495927126813341,-0.124093609442863,-0.367392540461321,-0.0311901933756974,-0.219507452997892,0.0284157196313141,-0.454663744896,-0.571156406718397,-0.265979978645802,-0.18442205673468,-0.163733063808996,-0.490749300722793,-0.56285492021926,-0.320557005218451,-0.382659986900317,-0.499378970670588,-0.271535500345375,0.766652910887872,-0.269657437182643,-0.434699936248715,-0.0939536588815147,-0.375010800805545,0.381541559171686,-0.279990022656567,0.0147418460905919,-0.171791469067192,0.0656492104480285,0.124575169050258,-0.187697333716929,-0.307000862974789,-0.326796785485865,0.162449977023628,-0.124145855919753,-0.230807925995085,-0.146870032609419,-0.0195702682093597,0.818317438535656,0.335747437172072,0.2240404929301
0.651495281831201,0.801379983047373,0.557334056911204,0.770832338022263,0.437545916719309,0.726517055104921,0.472380272915169,0.462260023838018,0.802020259497092,0.577911818601544,0.454138298707431,1,0.863613044219564,0.0930861017046615,0.0681622926383933,0.125593362167972,0.0721974419424682,0.0004322180305792,0.189461490353007,0.221807039606798,-0.0274850021092093,0.0128653799676698,0.393088709747606,-0.129619972570628,-0.196635397754928,0.202691496530906,-0.384075139653429,0.69114229110489,-0.303008787617783,-0.224982103384634,0.132582553444164,0.228022847064102,-0.406605973710388,-0.265875266395902,-0.185435028830527,-0.293883813738176,0.0795279319837356,-0.260035950652841,-0.109133060613958,0.0035531754882141,0.308309465767134,0.181166596915099,-0.143612677412472,-0.0476282787726183,0.152023779618928,-0.0490694891318304,-0.0478399480232908,-0.348008310182243,-0.322121316523323,-0.247267507048228,-0.343238659220776,-0.211708444748347,-0.182862991049515,0.216731408435889,-0.124236958117843,-0.0340250984578775,-0.116907864512334,0.490607072058197,-0.0591259378107327,-0.0470843990113171,-0.272951073979803,0.0235472677186514,-0.239079925075052,-0.0281967429699909,0.253978090142308,-0.315368744867126,-0.372597756073462,-0.21312917219173,-0.0167975256669212,-0.116305149728407,-0.0997494644685606,-0.0206676770706234,-0.282089815612819,0.275318301634277,-0.0319704375969433,-0.281126290173032,-0.103312056296025,0.253701580755736,-0.0729821880053243,-0.134011356597216,-0.116382977162459,-0.213783950961782,0.150589011229697,0.402478786731302,0.853514619769751,0.629136647204389,0.394830676419064,0.657551814640326,0.555773251176354,0.840883735307511,0.544297053318862,0.531189447940288,0.795484189865175,0.702768523947842,0.78050715726128,-0.0326672544353809,-0.173321711095706,0.219962885145924,0.0067780809565602,0.120854754887584,0.334139650234169,0.237043908644363,0.0323916468676004,0.001944788929771,0.292076543974648,-0.0914086633378129,-0.293138344002975,-0.153614121056813,-0.0333458967887148,0.0215866477817148,-0.338033095356275,-0.100639048181013,-0.303336160290641,-0.551056225181536,0.0067525007586665,-0.110993401826445,-0.505401961733404,-0.549101945315955,0.135358354034153,-0.429743744074403,-0.179781543215635,-0.409141765458755,-0.295473391756856,0.108687498484158,0.188176113424914,-0.299160502208524,0.248852313054787,-0.230302572755309,-0.225415913762128,0.328086533420552,-0.0094953857330344,0.135263703001579,-0.120327631391512,0.216962770685854,-0.0088837380620633,-0.198394813594367,-0.494672156905169,0.0991705621815456,-0.263395960202387,-0.145433812927498,-0.261910596346173,-0.235984460549766,0.0613080475206365,-0.331112381730888,-0.310751154278495,0.563895788279898,0.111911018559634,-0.311360671191567,0.211031827775048,-0.171484068600249,-0.30399221076399,-0.244843714698252,-0.35561990282601,-0.20814435669286,-0.343729651146494,0.09770314293665,-0.188080354844942,0.211644915336094,-0.0591536830984181,0.184835475457268,0.184048483950554,-0.218229406095855,-0.282487936021196,-0.270219217359698,0.443544905659029,-0.0392776876185373,0.116572900636498
