1,0.220809289943872,0.599583040012204,0.50123917145946,0.271695541620174,-0.280680912850244,0.622593387551057,-0.359335542974478,0.387540745196875,0.0580078546179714,0.601370611543453,0.418988350085961,0.546767479127376,-0.332236461370177,-0.222614763708523,-0.257548059805043,-0.263519266479993,-0.149812286963339,-0.0301975828941561,0.294832949477664,-0.0291929942286061,0.0481184431655305,0.1509597016198,0.257357835728259,-0.178663242750484,0.40323088655485,0.498479100903999,0.501675446201,0.488949778410144,0.332884626963578,0.610577408975093,0.571401882361149,0.0556721426534923,0.341966245308701,0.443602523942419,0.508079517692991,0.0401276364175047,0.522895235747074,0.573951709435861,0.311525590598956,0.0061786918185846,0.328525396755726,0.463430071366136,0.0900621786015634,0.0809154404699017,0.525640174860642,-0.128044077619203,-0.177537661297082,-0.286610637298999,-0.479290833455046,0.503306781169864,0.501664161217563,-0.200991020958617,-0.52456865175012,0.503201859503992,-0.0548471608505967,0.0269772035751586,0.129283978796613,-0.0026478533731851,0.407944408692553,-0.336322625052084,-0.394594632523691,-0.530708559899914,-0.444856295705545,-0.110839040939479,-0.19330975091436,-0.62793463512482,-0.208298101737072,-0.483796500996451,0.0281312136624258,0.0742731109364584,-0.406750063635757,-0.205874012396302,-0.139855915573609,-0.506742403741365,-0.190227578463058,-0.441422147826066,-0.218006110936875,-0.509386343343658,-0.485009395754711,-0.170493817946342,0.43841558192737,0.690393376359763,0.652707647626769,0.579879442918606,0.598346247194251,0.505543940467343,-0.285922020260841,0.40769435373083,0.362286911717258,0.501921837036316,0.331623843276149,0.205080959323581,0.625594948083769,0.521878120000262,-0.314790834005747,-0.247556376299897,-0.136388416516086,-0.101284958129325,0.112230107899682,-0.202280828242087,0.0372694082467891,0.46167947054689,-0.111632343044666,0.323649029319336,0.0178330033203121,-0.214210284111664,0.142728146506637,-0.127715129998104,0.0661180620667138,0.364141296451167,0.334026205759404,-0.252263997011703,0.499007599021192,0.379742332476829,0.295962364495079,0.432701907531062,0.403274652927464,0.301719252348144,0.516640235403493,0.474974241590419,-0.045159032244472,0.53790723632405,0.0113093903063564,0.193454343992266,0.36278780995149,0.648217079731783,0.0860090677133681,0.101256721942326,0.0501343664591159,0.277289601410111,0.238776971076468,0.438277693772149,0.166149335831147,0.293924012322925,-0.127503269984568,-0.38387894327545,-0.225945161761381,-0.151837923503591,-0.444201207011383,0.303401454636539,-0.228777578015667,0.0184303381513387,0.095974312941385,-0.541107873941835,-0.0392918173340659,-0.309763315980441,-0.077008429827783,-0.134127389995433,-0.445026532758148,0.197289046726822,-0.258617346150818,-0.618715501174404,-0.578944180834042,-0.453572418053816,-0.641398480300995,-0.681537055454225,-0.468771911796625,-0.11345005448771,-0.571092111591728,-0.0489721670669948,-0.490638933378999,-0.250025062368221,-0.495494996730074,-0.105341773659595,-0.626653734245151,0.229505648467444
0.220809289943872,1,-0.136291567845128,0.674365876794685,0.510741041769106,0.721507476591498,-0.112058762211425,0.682832646411566,0.545150427876849,0.555124249065002,0.193980194080429,0.523273329204859,0.50944905349915,0.0260866063167007,-0.0997586605652814,-0.137418752557219,0.126867298504892,0.0569926263965854,-0.310252357494394,-0.0998867714169475,-0.0721567473145061,-0.189101412152808,-0.0933512613468959,0.115239654641868,-0.141158579242467,0.153585622324711,-0.138758607390857,-0.211556089542242,-0.324147037517136,-0.0687103666466262,-0.235414333719047,-0.27044971112133,-0.208743174766539,-0.239362975452291,-0.146813530909066,-0.185840051208736,-0.0416758443471188,-0.0214522992293124,-0.231871477847996,-0.259580716796428,-0.271516017486001,-0.101200656460587,0.0017270467550072,-0.384470835861803,-0.205566209657071,-0.283883742885685,0.370743592840074,-0.312622329012116,-0.30921554320169,-0.135851592906571,-0.155404574317321,-0.190077373260671,0.304445855894972,0.148372472970834,-0.203841835835988,0.0240689261616327,-0.0560691470741054,-0.132452002261966,-0.343041357259791,-0.126351472056669,-0.221971319804913,-0.0347987747234833,-0.201001902884439,-0.174911373004185,-0.282081094437435,-0.20439887821818,-0.0396903643944203,-0.450693445661633,0.178183340055234,0.022333362611313,-0.401192979681303,-0.224271619822501,-0.133738200755212,-0.456711708409222,-0.225105494086483,-0.140215175023532,-0.235718457216865,0.266997044833994,-0.0281846110374633,-0.108879909776885,-0.256859779556879,0.139971774784932,-0.149007642398241,0.18186729608743,0.771133526712425,0.341840940939596,-0.166863684115592,0.709748488131886,0.300283447706856,0.569289451971553,0.355733649682314,0.326216599711047,0.677164516600008,0.0854381592358681,0.203407496701101,-0.0616990406203351,-0.0254198092302412,-0.106119591785538,-0.255879336567943,0.0988229043693436,0.0087413593064677,-0.350052099191914,-0.259427633699736,-0.0066452049197075,-0.147329373531464,-0.30830952997925,-0.155618478145331,-0.322539280423429,-0.239912474300735,-0.27652041077999,-0.139101338772072,-0.222015902017435,-0.111325089469662,-0.000297839501955,-0.292109526922814,-0.320104493493867,-0.251621938834577,-0.265211528790021,-0.155241651896511,-0.210158246100205,-0.290499381944459,-0.120234583286178,-0.0350176049815855,-0.186822240498973,-0.132994191475064,-0.0609062962356124,-0.0211452219504879,-0.403344099035365,-0.122353986666474,-0.433196675468267,-0.128270699523808,-0.196240979328913,-0.333692767952665,-0.0366668235495763,-0.254113074620125,-0.0807656085489923,0.257152835894441,-0.505004502634182,0.167304831601117,0.0751609667447138,-0.112598365896872,0.217525784279713,-0.390978074034213,-0.316324385228986,0.140398807140755,-0.130998960371848,-0.311205857334692,-0.232492762982543,-0.487762739137335,-0.194390600569062,-0.107286219724505,-0.215561080397446,0.0039311865595095,-0.16927094783603,0.177648120609308,-0.0062582444375978,-0.0906064416163015,-0.187893456949408,-0.0664980646529935,-0.189641509980801,-0.399418831602296,-0.0887987519305536,-0.0469436909954923,0.134537949747699,0.229013764804121,0.0257288842102982,-0.269661636581303
0.599583040012204,-0.136291567845128,1,0.0325433217749344,-0.0416345604496829,-0.312410983350158,0.559671387667022,-0.331836969431647,-0.0683332086520038,0.210634675270729,0.185439322291612,-0.0669995682647071,0.478195115116134,-0.264835209955596,-0.272884658195081,-0.187669129300176,-0.173850878847535,0.0367322716362375,-0.0701282485012452,0.183104337412091,-0.0818565030564954,-0.0451689590415025,0.151462677698145,0.206596942085916,-0.239898586753307,0.673596524617505,0.545669641351752,0.749784712032461,0.763546344101407,0.695956145723357,0.848457304257518,0.590062592548146,0.51946447561914,0.629102970744814,0.626865675316192,0.750617965004555,-0.20484963697421,0.567038754120385,0.63993263248656,0.491944598253609,0.212532554400086,0.557241939530264,0.489360728940729,0.0912215511888818,0.322032426503914,0.404342388764964,-0.21610078644538,-0.0157825259233769,-0.216943798862412,-0.009699936876492,0.734378532462659,0.467262091826212,0.0232584481027235,-0.445457198443664,0.599866833130218,0.155632832358961,0.327575950581801,-0.041391137185565,-0.0990070793815263,0.368981674557378,-0.367922496916235,-0.367591801955426,-0.46153409085306,-0.277783609629341,0.0324392120320751,-0.1914875114106,-0.498458909134114,-0.199683094431976,-0.544171038035638,-0.0756892902099129,0.158732193251988,-0.506786069926941,-0.366928011122126,-0.132478364341026,-0.339886715620499,-0.278391873416638,-0.414970248099128,-0.381288727111583,-0.507572055705296,-0.483994938073711,-0.253320336951643,0.309702250873567,0.722242235028045,0.427618133598387,0.127852098993999,0.328627835133689,0.763811950541785,-0.351277892291866,0.232624007497224,0.0625081278642749,0.155515439289871,0.504832320243583,-0.119402208351336,0.276153754879745,0.658088370527887,-0.31472988846996,-0.346747181556441,-0.137387225564711,-0.144008425366922,-0.0525774465600622,-0.17644964407662,-0.0537145939458917,0.43421710550617,-0.0249876763572614,0.159245071118605,-0.0992279265770763,-0.336679191797825,0.420643172713424,-0.329432101181865,0.179888845973687,0.254830498475162,0.397947430699095,-0.365136148758756,0.843252949944873,0.504264767489417,0.351606445375508,0.701617687443752,0.569300707448768,0.683940391827656,0.806148870586818,0.567966305937858,-0.0377848457464101,0.524469657099979,0.0026942128389179,-0.0390530875466256,0.301224299262677,0.441591644913127,0.21489129929633,0.219656216820043,0.207644243259686,0.368500484328626,0.355770970925262,0.399084042525855,0.0534438013567113,0.294512113451547,0.0111809752036557,-0.163656141159311,-0.123647353131471,-0.0855637504110926,-0.325297435518244,0.379777707754832,-0.120776191285407,-0.0296404827558811,0.169883878576453,-0.38340136134638,-0.161722865312043,-0.340420402260137,0.0913318897153575,-0.173673669244577,-0.309589096411707,0.171588288380254,-0.234026806596553,-0.499729197707975,-0.551434216034601,-0.354215832052042,-0.544872467987015,-0.500114616544096,-0.406392271890977,-0.222767748772709,-0.580978121387149,-0.133778323199655,-0.527895291773585,-0.360889172323637,-0.439201718655835,-0.204103137827488,-0.602223608843958,0.133840742295846
0.50123917145946,0.674365876794685,0.0325433217749344,1,0.650920274119142,0.34245671946842,0.0773698509089683,0.167643033316344,0.854677999583862,0.0837343004742487,0.683873258111978,0.728343374528222,0.563712560099257,-0.190323085571202,-0.207518973783439,-0.271769093244267,-0.101213771578515,0.0354849069509119,-0.382776087857832,0.0520457175989452,-0.0749371772493751,-0.0524248542722056,0.054573828117503,0.2249754781833,-0.0919734567548068,0.238504399528875,0.244161516303723,0.159972503622156,0.0433361591821239,0.20145062544467,0.154321327398859,0.0595969171227566,-0.113607766907083,0.0630312490318292,0.19391542831794,0.169884798489607,-0.0214999722963705,0.237443145743624,0.205866832532755,0.0135068364913998,-0.0907405157899329,0.110057191104767,0.30710817698051,-0.205655190424761,-0.06191396414646,0.144834595765735,0.184048231763235,-0.20156905638858,-0.341467868730451,-0.325852715897525,0.248618785202535,0.275635932397907,0.102863205165187,-0.277792408023206,0.221859065845973,0.0826483256448966,0.0562737973133088,0.0018462359781785,-0.263642112392368,0.281944498862555,-0.350791913463589,-0.237103776902884,-0.469251517216534,-0.320044530562262,-0.233554633041682,-0.290871732099416,-0.41793823353963,-0.359976414981867,-0.0813209090481376,0.217071817388206,-0.066964930100008,-0.286216889203271,-0.123552419508611,-0.307828697138818,-0.222459658442123,-0.227179956931455,-0.349055223223492,0.0119574868149686,-0.365588871950641,-0.318361376711078,-0.354115379785926,0.24353765010813,0.161655416540701,0.32308969560958,0.651167049749978,0.730118489122052,-0.0337330191576396,0.280035649660455,0.590264222531634,0.804825729711114,0.784745797628944,0.144276597684347,0.60914342741389,0.616925052509717,0.251972276709515,-0.228516366514426,-0.161576661483303,-0.152798418080174,-0.0291125853360547,0.178952044248401,-0.200818971783864,-0.324078712274944,0.171293140944499,0.0844102014833195,0.34506191917047,-0.0677958683263379,-0.093019360804522,-0.0245605580864904,-0.098488604808848,-0.0222816968969389,0.267094961228929,0.038021600919199,-0.149776439129486,0.125192929423811,-0.137948866441549,-0.184950552194648,0.0599875413524003,0.106082277899282,0.0252541990386459,0.0507679020433064,0.149160568592779,-0.223554811779483,0.256077976191114,-0.229763908446096,0.0578674280525826,0.232168560783622,0.306697079244378,-0.0752153159106834,0.0213277703499834,-0.1710138158756,0.114771250654187,0.0465157367970858,0.102633525600616,0.1534302299767,0.027544256172869,-0.114333322666616,-0.183511593473944,-0.406341436079364,0.0018737296450166,-0.274112030872801,0.15390029571323,-0.128823161682108,-0.182113430481973,-0.130704273161217,-0.33650206777857,-0.188580231637788,-0.356160414420183,-0.152411017713982,-0.307165288867451,-0.30943703714346,-0.174420316540899,-0.404036608749334,-0.424279509743506,-0.459858859703501,-0.217062724789175,-0.356609542408007,-0.539887778569504,-0.396617998583634,-0.146066651490466,-0.377468877068812,-0.14369478935138,-0.306961172404029,-0.253221797617283,-0.308636899341863,0.0233661744909386,-0.412039925101295,-0.178927801123418
0.271695541620174,0.510741041769106,-0.0416345604496829,0.650920274119142,1,0.334730810422399,-0.0960789351704303,0.245936260785125,0.751044887554028,0.212408807261032,0.531782447769097,0.532411076098908,0.355797067385593,-0.0323839559968948,0.0223620929948596,-0.116395057815515,0.0221425215993523,0.0017751680095246,-0.360784394877859,-0.01761189202089,-0.153861533818264,-0.142345277769428,0.009301571931509,0.254822411064907,-0.268867603668273,0.271912657384166,-0.140217244159611,-0.0086057273690815,-0.174181232632161,-0.0305672016270147,-0.10928941679873,-0.0722392318609403,-0.206237456239497,0.0777626153081053,0.187684286247664,0.0341443058498722,0.0198538496806791,0.0131705394410558,-0.162837924607709,-0.247507311528157,0.0676396690500501,0.0590495882561615,0.134091049681391,-0.275300559861486,0.0149660055195695,-0.0129797416324594,0.504372631223618,-0.407729733362947,-0.524315577471592,-0.21967080549947,0.0535932621113891,-0.183199159258249,0.147467458493869,0.0706923672540728,-0.0884198661193791,0.0991654499565069,-0.0912188519703158,-0.0984109748372467,-0.335424871452382,0.185061371914737,-0.471545021994224,-0.0109867191168368,-0.413437837664488,-0.514562251957845,-0.422050100805594,-0.485387756603233,-0.346762675898446,-0.378913548251682,0.109493939924708,-0.230521555599965,-0.37836188670944,-0.130728123619378,-0.326593244184761,-0.255142287642541,-0.0888961369617024,-0.177331153740249,-0.321866652398971,0.428515887236345,-0.154430858085881,-0.361923938070434,-0.347071711727417,0.44441063589785,0.0779366456071238,0.480559031279863,0.507288360544615,0.56602318785331,-0.134280318257044,0.304158497413039,0.756397186838375,0.697892146013079,0.707761191554317,0.0700479325496864,0.482544496807018,0.47606021096325,0.0747027676805183,-0.0200656093406914,-0.0135719190534189,-0.142530556314293,0.0095000990552289,0.162851552189163,-0.0553893042840149,-0.343286249379074,0.0726505838863332,-0.103483840389623,0.144998595659552,-0.284193516368154,-0.275730992521395,-0.198979672170936,-0.205279053034094,-0.178558661590611,0.188717221078337,-0.353173476193164,-0.302103810026882,0.171323270725152,-0.0837905301416451,-0.278914061674,-0.0715108017928503,-0.0983065144703354,-0.0877380601317224,-0.168116614234299,-0.0605753988983495,0.0240865275048506,0.163483265699389,-0.317394390370851,-0.137297271827066,0.0378283243263705,0.0887508925729979,-0.260435540307775,-0.0418321860078847,0.0302677271618389,-0.0674299350576046,0.0232799368972356,-0.15561338829885,0.105440192618856,-0.233967580120667,-0.08072028063853,0.0971945946687379,-0.200097876472138,0.0812675622217408,-0.005574262993918,-0.1273583099004,0.121719750112382,-0.358886521523651,-0.21872774095633,-0.0567845761635936,0.0166758641929416,-0.434718029667276,0.0698946806641512,-0.252196133231703,-0.0814118074583586,-0.0448608706305577,-0.347315634330341,-0.265062789958661,-0.301729140396963,0.030565758356587,-0.0570628527139294,-0.261386002374452,-0.362323593012515,-0.204299104324901,-0.103728313675534,-0.0242940092416665,-0.224676276506508,-0.0898624094724406,-0.0721642425218279,0.453891908600904,-0.0987638534456138,-0.182664354871621
-0.280680912850244,0.721507476591498,-0.312410983350158,0.34245671946842,0.334730810422399,1,-0.557380267159421,0.805859477506891,0.369291454549775,0.495782012601097,-0.0534892394521918,0.356628360459937,0.325183717600787,-0.0146424724601666,-0.0722751577751117,-0.0642954498519446,0.0966700338747142,0.0751767331076698,-0.258017062804496,-0.199381284869071,-0.201598099000905,-0.190345640616567,-0.255236143518387,-0.0474837298689914,-0.0372280700748112,0.129163808807121,-0.327608597015687,-0.229880223839356,-0.505070134303794,-0.247486698203724,-0.433003114834538,-0.445089610816203,-0.206132369967083,-0.291884171920682,-0.208144604507794,-0.327932081667308,-0.2802474111131,-0.321731477801634,-0.483470180181423,-0.385574811161272,-0.29237308356534,-0.300223267721448,-0.203962236700351,-0.507488687719735,-0.252414800901563,-0.570796845897312,0.389092565732985,-0.199670293411376,-0.216110757632574,0.206284668268466,-0.283335051846376,-0.391853103094378,0.378063555150843,0.344445101616788,-0.383490354607248,0.145935420087748,0.0964886753822002,-0.142377122300716,-0.358599857878741,-0.148522061287504,-0.0901495710095945,0.115117403093639,-0.0383820185595822,-0.076228475619082,-0.295846376110264,-0.122175056030764,0.2563263442349,-0.295330219473447,0.396681767055932,-0.021247378699385,-0.423865240111967,-0.0343991628161168,-0.0625326116185238,-0.424900987077259,0.0622364932061131,-0.0511086958470594,-0.0099606373731677,0.396794215617696,0.217394239604018,0.145637776559032,-0.211236282327372,0.0371941832748109,-0.428326583730924,-0.0688329405948472,0.293803838057302,0.10268714660956,-0.406695046789352,0.872441517774243,0.179634417322498,0.495389262835261,0.164820294858255,0.194755345409305,0.580203779424288,-0.109347096124566,0.0955102274186702,0.0072162234255354,-0.102262434341117,-0.0858463925932907,-0.221640249484111,-0.0572675208476649,0.0316686988589124,-0.323699801692681,-0.475907216134641,-0.0235374384155299,-0.257397186584721,-0.345168753287948,0.0531179893012061,-0.346789763565399,-0.0973826860150125,-0.284470284467682,-0.346717451138198,-0.470966340508475,-0.0402228928122806,-0.0985153184874784,-0.508761347398927,-0.468766462843504,-0.336753003415208,-0.424762702277298,-0.196077966232902,-0.366697036770605,-0.463942838823949,-0.251650613388066,-0.191863552275165,-0.348040159094234,-0.402214553673414,-0.296112245328183,-0.370559077594135,-0.477249376148391,-0.234742887287467,-0.446376240476324,-0.321606750349247,-0.305200629129008,-0.593643094011584,-0.261885748556502,-0.468571381552433,-0.0848573035475298,0.408743917144971,-0.392377298860535,0.215909703176844,0.219147466145104,-0.265151260340513,0.328744901420329,-0.542295469879144,-0.419868107480608,0.323633117320195,-0.142384646903915,-0.174178342513815,-0.0022910778497138,-0.501124787828592,-0.053924608435896,-0.1606562126717,-0.193067992685262,0.254920675258832,0.119126686335136,0.471951147178277,0.237336596766704,0.251804254631913,-0.0697030765872395,-0.0401368627374331,0.0063608092342014,-0.43446715319408,0.0927468765399297,-0.131598901757356,0.250401560495032,0.320794673699276,0.309163472444921,-0.417196954867957
0.622593387551057,-0.112058762211425,0.559671387667022,0.0773698509089683,-0.0960789351704303,-0.557380267159421,1,-0.389119042277616,-0.0327936655607748,0.0508739474916382,0.30923686390743,-0.0565950313308761,0.178152013185772,-0.119870034881585,-0.071539125359101,-0.089546986324016,-0.068944021886556,0.005198750603573,0.0209243029583438,0.116464878626433,0.148764072714242,-0.0570028654975859,0.270532628356821,0.130722468684914,-0.0160045782687214,0.165248956718794,0.560548345356819,0.254655792270952,0.575794662681808,0.484223846950755,0.550048877261159,0.5435292643392,0.216092598339965,0.251423064628276,0.173821409042671,0.458485287886072,0.304596675115874,0.572082921946238,0.622877644884912,0.436353620378623,0.125489954964868,0.473505724728164,0.348923286505566,0.376946002597552,0.142905134054165,0.576313504554094,-0.298064812031763,0.0800968270745332,0.015727349534036,-0.297071299031689,0.319386566718042,0.510378145306352,-0.345939029955979,-0.420092245860857,0.386707412714667,-0.168806317601697,-0.0673782839509134,0.236447850298864,0.226824852880713,0.140820140333181,-0.0621347881613972,-0.169852352010386,-0.124472424178686,-0.0844705502684354,0.342445552499703,0.0942712492302623,-0.3386161522495,-0.061701085370316,-0.456154054671339,0.188128542530319,0.25335569605487,-0.150429990796071,0.0015263537681836,0.162574282126705,-0.502891897989477,0.0097956991136904,-0.30932277856057,-0.377858782793869,-0.267617459466539,-0.228695219479609,0.200499870589768,-0.0039009369383297,0.605091092533588,0.179312121087555,0.236899128661965,0.0826866523828272,0.700465777264726,-0.463523470850696,-0.0214829841897746,-0.210314572507922,0.11503082658962,0.236006345541233,-0.13751265148607,0.28594349361949,0.150759887848059,-0.222881350258849,0.004317673715371,-0.0775589227437529,0.0166532358104407,0.113497429564625,-0.125637083654211,0.101075133653186,0.574783917079546,0.0692920847117088,0.255177689413714,0.181209057263724,-0.21717027260568,0.195284082739094,-0.132962800243251,0.188500960068668,0.241634185917808,0.558402890112665,-0.126483180289678,0.316246005632293,0.673548222986761,0.312381090059581,0.267669599801188,0.407457666624304,0.144376771313497,0.436252391308045,0.449873813363277,0.0345792621243406,0.238120207768526,0.342886101318623,0.554817670673796,0.400557662950091,0.50154585639424,0.417450644532926,0.163233656499551,0.165829075511623,0.340347960496495,0.20935972684412,0.564941096776076,0.283615322898777,0.545617805793107,-0.0711959960803533,-0.462946754773711,-0.011629771013087,-0.347628936047161,-0.500704329899862,0.21084055044962,-0.370272364769927,0.3020340866383,0.125598377636284,-0.548054400562252,0.0598935926154778,-0.0203027714376373,-0.235850084459199,0.179743492700246,-0.370544865885075,0.159886984617821,0.12899384715433,-0.477569242281655,-0.425569637307742,-0.468877897408027,-0.382627370268492,-0.520619226994221,-0.182320158009193,-0.240535129236738,-0.308692462326886,0.147979426513065,-0.382632538862987,-0.0305649864071356,-0.375682073813483,-0.3801733289119,-0.496698698173379,0.42114714993598
-0.359335542974478,0.682832646411566,-0.331836969431647,0.167643033316344,0.245936260785125,0.805859477506891,-0.389119042277616,1,0.121844950913635,0.637160039521007,-0.249749464304735,0.194816062752289,0.235080924800023,0.164360016188258,-0.0019946266009079,-0.0250550709741854,0.148029933152913,-0.012651972564985,-0.296932105459787,-0.299689108800011,-0.216312917918736,-0.244478186356695,-0.382520921072245,-0.0747522079322083,-0.0831632967873779,0.044602966918268,-0.358126460502997,-0.36824577392799,-0.557318819458422,-0.336381100522788,-0.546739680921281,-0.498271136318271,-0.239903046778987,-0.279367376241569,-0.291970723175193,-0.329525281100778,-0.179302108883582,-0.331340439597514,-0.516807252757617,-0.443447872089997,-0.133593878731666,-0.272756686523979,-0.211531305349695,-0.389646620424594,-0.255088749704664,-0.633820045166884,0.322578768559469,-0.203670146871176,-0.119552713171815,0.292158345384171,-0.415294809404223,-0.461988650551222,0.436047715713695,0.425474239834768,-0.402380271183416,0.177748358224819,0.0979820949867899,-0.0912456574250971,-0.340576548350315,-0.413544545875106,-0.122081549905205,0.140195817651404,0.0857700032115526,0.12873685125392,-0.159244273415094,-0.1334341941293,0.271600246538599,-0.269233521736696,0.390096925617397,-0.0430049042518693,-0.349922326897813,-0.0369832319868252,-0.148291511743701,-0.34839970851429,0.0507331925723254,-0.0796068068242399,-0.0292317784721851,0.314639894432365,0.207375582638651,0.132112052131994,-0.175885993801247,-0.142126151520007,-0.527083778038986,-0.158585188846706,0.308967953482117,-0.0597307845575917,-0.42738212914906,0.847765608846849,0.0743699909878854,0.222308856945716,-0.0388511473466654,0.232353596178724,0.48214962541578,-0.335661271312113,-0.0564927446968649,0.0478201693518403,0.029198198985547,-0.0784707332783072,-0.335655233466518,-0.0630857475869903,0.0138441068680335,-0.395952321844602,-0.52074826322287,-0.0793072095327431,-0.466259499612952,-0.431430815505585,-0.0755132456633081,-0.423214348169879,-0.195325040834981,-0.303726041045916,-0.435896859200303,-0.464719517574959,-0.10569015551505,-0.205720653893876,-0.393846057268441,-0.454307303165128,-0.449000028478191,-0.553417047937208,-0.231832049662319,-0.452324005246684,-0.537354760420919,-0.0629645343488751,-0.262766162828845,-0.111691219883048,-0.229078798387716,-0.340364516014834,-0.362032880919233,-0.479901613011869,-0.27291587454941,-0.344055819661446,-0.356787701501026,-0.350141319293712,-0.614750274440139,-0.249075606379641,-0.396177498047772,0.0247112757531024,0.53079044136123,-0.278342740404344,0.292789362955241,0.348732112339137,-0.307082920705431,0.446945024101068,-0.445278461108457,-0.341608959502997,0.480474856000023,0.0008561921110546,-0.13559764142934,-0.151235269146433,-0.432039995454264,0.0760756415954531,-0.242169700288631,-0.0364412534568436,0.324825919630317,0.1693225510539,0.399138570383138,0.350581447124235,0.341104918834884,0.145980979372265,0.080480793378529,0.112597274263228,-0.446036373878297,0.0980999603711597,0.0492495163816199,0.333002067269113,0.303259534552177,0.368624114110966,-0.33987759907618
0.387540745196875,0.545150427876849,-0.0683332086520038,0.854677999583862,0.751044887554028,0.369291454549775,-0.0327936655607748,0.121844950913635,1,0.0548276951102748,0.811717680674927,0.726519207076549,0.381437298334817,-0.117442990788382,-0.0506719838791027,-0.237750368258238,-0.0955908938040291,0.0793714890055001,-0.379662207291758,-0.0648591051196656,-0.15945401193913,-0.136213641894205,-0.0106404942908591,0.135822645817879,-0.173793185013494,0.194893376842333,0.0682308785388341,0.0513807334437334,-0.123577537604132,0.0667065529070411,-0.0062183260136615,0.0133619148340361,-0.282654211878266,-0.0241377972554812,0.0972044677747279,0.0228688634611408,0.0301815111519853,0.15854649506415,0.0642178915157292,-0.0763874258258908,-0.0675156797822552,0.0614357212828215,0.183644400079669,-0.157693224215827,-0.0070131639445596,0.114918894055524,0.27394198207103,-0.237747910922501,-0.315956916179461,-0.319403859309199,0.0734545598693001,0.10643163096931,-0.0459923650835982,-0.203878420951424,0.0154347231306469,0.0078908393616181,-0.0733781474819483,0.0682023364194334,-0.157658875497469,0.353857104899695,-0.290662596905563,-0.11540158870278,-0.398621361263285,-0.437627026205044,-0.259786704204964,-0.279588433380476,-0.335807313594456,-0.252392149395326,-0.014879200127719,0.0265458179833007,-0.173231622285669,-0.0958258467230287,-0.102424682529915,-0.131000911192647,-0.173751827181095,-0.130857734813767,-0.281622222940115,0.218948603566181,-0.195982056737176,-0.250135032076787,-0.192365158750698,0.296075266172281,0.052372366003176,0.284140721670558,0.569330001068388,0.657867471092536,-0.175410296695028,0.289706210981814,0.651597240099362,0.848496086742029,0.884835031981523,-0.0191029975552504,0.559419457959259,0.708415480959451,0.0686714878081861,-0.107602421002042,-0.0766894527289953,-0.189555831570956,0.0635873802717643,0.178198706223161,-0.221430531630512,-0.33285225648251,0.23728971743732,-0.0317496495348776,0.298129455496844,-0.156569498757061,-0.157623555352623,-0.220453858317971,-0.126955356670048,-0.158641300499403,0.18348415369425,-0.142746267331687,-0.244802434554579,0.0051471759998636,-0.117106354596876,-0.331125415847745,-0.11328815998471,-0.0585040004702226,-0.166150691166407,-0.178735481578417,0.0055792274413639,-0.188720297342273,0.143993133238467,-0.243699609307541,0.0628377320520581,0.182881655315341,0.242469670565924,-0.1141476611277,-0.0275145403205778,-0.0307057935779884,0.0358410672292813,0.065614027565234,0.0798220571613328,0.156879393168952,-0.050640365524171,-0.203420531386023,-0.223592756558768,-0.305206625067029,-0.115974502787229,-0.297240022262457,-0.045410847702959,-0.127453184177633,-0.206164657117832,-0.245876232415913,-0.352156685732349,-0.0322390312387364,-0.234020222187823,-0.0318093290613082,-0.161984622188959,-0.280411189995089,-0.117404089444767,-0.274779418903336,-0.384377105080435,-0.319322420409529,-0.124542557969903,-0.216438567668581,-0.445386552178818,-0.375783728476546,-0.227131482460761,-0.188968435535897,0.0366048416645476,-0.23113700435043,-0.207982071077117,-0.243132211554465,0.189856224411328,-0.238737904249565,-0.0730314563327294
0.0580078546179714,0.555124249065002,0.210634675270729,0.0837343004742487,0.212408807261032,0.495782012601097,0.0508739474916382,0.637160039521007,0.0548276951102748,1,-0.0328961989352505,0.114029741076279,0.503727714891034,0.24414514197024,0.0790429490101097,0.0482497444602296,0.174250976402738,0.0301141151577765,-0.160407575262311,-0.0717771040644797,-0.13615490570619,-0.19156495455254,-0.101065420943196,0.0918411861002932,-0.213818874884035,0.374037186038288,-0.17731341929916,-0.144776693935301,-0.284331303246292,-0.0541960977876616,-0.185112846017406,-0.252818366370407,0.0256481520774053,-0.0333802632315491,-0.159733571237484,-0.105320685455806,-0.139800145319957,-0.0837457651875426,-0.328882541607513,-0.27359657232101,-0.132146771138721,-0.0791244305569276,-0.150939388111466,-0.302665560600513,-0.121648950307166,-0.413369037665806,0.224073316348662,-0.135597961770984,-0.342451371741268,0.182447646353905,-0.232352022445599,-0.400821052957928,0.323007958127336,0.242142285486206,-0.334988659963345,0.236227402599615,0.167541137827885,-0.24674574670376,-0.388819230418905,-0.329883534023821,-0.121472200110531,0.270259662521686,0.0535233373738633,-0.0584227540427002,-0.0961449517815647,-0.0848326514613515,0.158279537904735,-0.361046129146381,0.294890888493574,-0.0661773870147983,-0.33422867901637,-0.173681758439885,-0.13598565013691,-0.364191106968057,-0.241135736372682,-0.0757416410770015,-0.24266721098646,0.224119677674976,0.131313673601653,-0.0358491777942261,-0.217743858117165,0.0885316331323442,-0.0771694743473078,0.144513054240297,0.499596515307824,0.143092515122095,0.187537618482774,0.401891232088583,0.270695419016998,0.140725973773661,0.104644980673762,0.74020805177519,0.265208302285892,-0.0465326707920474,0.357860659161997,0.144122408060718,0.0563202952941209,0.0191359890724306,-0.223694436478899,0.0171227635631838,0.083212261326093,-0.254983797749225,-0.25761927598336,-0.149486872493329,-0.278818385511272,-0.355953506534395,-0.14614339965901,-0.321775819487641,-0.289347042798075,-0.326069949768234,-0.336767619348852,-0.27578868347949,-0.325942795098119,0.268438619326708,-0.136397065474604,-0.224715879004725,-0.234906545030766,-0.326305083514586,-0.0348147955984798,-0.0517324124738706,-0.321716885147412,-0.159607940159903,-0.135126683472922,-0.135319169644866,-0.226223595173331,-0.154765695275785,-0.0094378902130227,-0.376241921331148,-0.0821033738633937,-0.333161361176175,-0.194789867387498,-0.216436703777327,-0.464682371043386,-0.255665014979823,-0.330567410871831,-0.190144817940184,0.464231008268509,-0.474488215513435,-0.0216491576688319,0.0548605143470731,-0.379738937960688,0.352689974315867,-0.487541253359934,-0.385401318749413,0.175660263713036,-0.0831630654833986,-0.359871250969477,-0.266512587359726,-0.483438697937897,-0.265207178292076,0.0872925414034791,-0.0525193526882824,0.0924960718636948,-0.048462742227082,0.352403414411318,0.157720851870624,0.0514326629791568,-0.168982329300904,-0.168187592811768,-0.090643818290713,-0.448471112931523,-0.0404557859396916,-0.0780803185009081,0.204065148766246,0.223983953436406,0.180177148945154,-0.26357033137014
0.601370611543453,0.193980194080429,0.185439322291612,0.683873258111978,0.531782447769097,-0.0534892394521918,0.30923686390743,-0.249749464304735,0.811717680674927,-0.0328961989352505,1,0.64072306749441,0.372593465258723,-0.105008960469662,0.0791492869430206,-0.0678339751715697,-0.0891797188361933,0.0497158830906002,-0.147460481958583,0.155966128547288,0.0220743387154287,0.0255448065532894,0.195458987343478,0.160997282225181,-0.0129149995280768,0.221806314230975,0.341315414527461,0.245650256652505,0.159206942963852,0.194837531111327,0.268172136653632,0.332878963511543,-0.12831017318549,0.109681846902014,0.181967709281401,0.234525142143511,0.169357372588339,0.358078845488845,0.330183046912078,0.187692948125626,-0.0681663279180695,0.191763499352933,0.231810058456739,0.0075217013497815,0.0291951789822174,0.41102926061527,0.043386834774844,0.0024382232274056,-0.276407166503133,-0.36481785728918,0.222390528529881,0.322223899907791,-0.27395556187422,-0.446527678743876,0.208808133162686,0.0117440480540327,0.0003402125927231,0.270558208608265,0.04515100663707,0.3665932636334,-0.21423052539446,-0.0983469128474665,-0.418960538768214,-0.390528714657372,-0.0484821800787636,-0.171650718382575,-0.439422311016624,-0.211328749965513,-0.158593916974473,0.144610349107022,-0.0015141399708848,-0.112672818501371,0.0054949460635836,-0.0110591953974571,-0.342016761335859,-0.132282261243162,-0.326384315061899,-0.003800208696896,-0.282233332855696,-0.239351545223295,-0.0882604702711847,0.238092927215925,0.29956447415771,0.312864840043952,0.495217437114022,0.642447163904358,0.140842471711397,-0.113155172085647,0.575726398629676,0.607171848180337,0.859566474243077,0.108471604699465,0.324244114573073,0.924658367775344,0.160159968525323,-0.0016601285561952,-0.0031505635090252,0.0161352840246576,0.302182700901922,0.281142602624305,-0.0931800605607219,-0.0254805437699657,0.515132187700087,0.0685386777511267,0.553427413189837,0.0794081366625972,-0.0015217211283209,0.0148530146681869,0.0527751926466848,0.106860342619884,0.309140577647508,0.14436877509114,-0.171882067907897,0.148927732598661,0.108878041248073,-0.0857984248332082,0.0553785113830128,0.182706052416076,-0.0669179436220571,0.112907253825171,0.226208713490986,-0.231032516123608,0.21906130325634,-0.146537696283456,0.211679861030747,0.365670557722036,0.455025213127866,0.188667185318937,0.15315131194316,0.0483706445544955,0.16632154610087,0.167402062885945,0.361272578370593,0.17139648870181,0.160749690166227,-0.248327576178905,-0.461441451585998,-0.255827766686235,-0.354379137741339,-0.516971514073686,0.0008981689204872,-0.36554956925408,-0.0290701794436781,-0.106372435781826,-0.628989662894621,0.0797233561861948,-0.13459503596517,-0.0931823605357251,-0.0235477299789906,-0.461425643942721,-0.0286873226970286,-0.22963642023414,-0.527049169542824,-0.452124073976937,-0.324833653089484,-0.389188185753024,-0.617193788848081,-0.418953362701806,-0.333560722648104,-0.272578785044922,0.167377556137096,-0.302541082843194,-0.255810668116199,-0.446418951465403,-0.003862558382535,-0.408993727808654,0.133580219677636
0.418988350085961,0.523273329204859,-0.0669995682647071,0.728343374528222,0.532411076098908,0.356628360459937,-0.0565950313308761,0.194816062752289,0.726519207076549,0.114029741076279,0.64072306749441,1,0.584576484361391,-0.223229764755319,-0.146766242077953,-0.110961320142103,-0.227335338046734,-0.279852675326214,-0.123229329537546,0.15173579482477,-0.104305013757141,0.0598173383553291,-0.182758911465493,0.0643013462652248,0.0369758062766086,0.0806141378556786,0.0754588409280659,0.0786531360310606,-0.122563992930868,-0.137644094484699,-0.0628575116997358,0.186928208754277,-0.299403687546755,-0.0399501744498095,0.0753816591331804,0.0218864314160376,-0.174984873129656,-0.0426997650675158,0.0018230255803411,-0.172409692675889,-0.251216700563496,-0.177530539331525,0.0233584775473715,-0.239087766465241,-0.244136421159516,-0.0031822983949161,0.0010657515589555,-0.172392137485412,-0.211708947170389,-0.419698252900326,0.071553736810366,0.0728491166951196,-0.0409817138007576,-0.263922759898178,0.0105569890004746,0.0019054335539852,0.0003467591111112,0.180102907959434,-0.152544826511276,0.225907086201639,-0.249396664738347,-0.212407871628853,-0.41871911146789,-0.321379256614631,-0.324818489892759,-0.165309924106395,-0.329617411038325,-0.271601136911044,-0.0216518176155519,-0.0074386546640048,-0.174407014937428,-0.150603672983443,0.0021538204306302,-0.154585162126148,-0.140990521264531,-0.145614854304934,-0.0914749096494509,0.0281586373690597,-0.244875210308197,-0.174499130412749,-0.264839853096266,0.0427026077432033,0.0742464306965388,0.347934638328887,0.646648494018887,0.650200685306066,-0.168941889280727,0.316244877183626,0.54207180003852,0.697828773643367,0.6743848566316,0.170963687002578,0.810545512076627,0.663607477605869,0.259603217825295,-0.146825305675725,-0.229088359741284,0.0726629150764036,-0.0623450623312031,-0.0046634989010449,-0.107546069463031,-0.0650892313129198,0.0589173183121214,0.105635877470019,0.231415868127226,-0.131032904166748,0.095906269518489,-0.195665188698665,0.124682171425918,-0.0659633369781251,0.0086667841027869,-0.177317696514928,-0.108007929687065,-0.0064432550203592,-0.205201688931566,-0.18862433576631,-0.0682936102759303,-0.097483166107491,-0.110347216544066,-0.03551627564947,-0.0517080790562662,-0.140077013020862,0.123199695632285,-0.132599112214463,-0.0885386408934634,-0.0829381512425593,0.138928491678959,-0.188349060225823,-0.143635850899364,-0.161295163609153,-0.159195983892926,-0.162572411066939,-0.0577187535900784,-0.15022999098881,-0.0912148379105145,-0.131852009760342,-0.150039288665429,-0.286145774147893,-0.0847156570200317,-0.135316272532841,-0.0431741218999674,-0.142071255716621,-0.210700554342388,-0.0696494865113941,-0.251172051945596,0.0168734427724738,-0.1942295834541,-0.0969592227884951,-0.186269827124427,-0.199132493053519,-0.0562642618835892,-0.188867966466101,-0.26779632003786,-0.211043941850627,-0.115976434537961,-0.224233481736835,-0.36791312458074,-0.288115238232312,-0.098232928311703,-0.187686364087791,-0.0190212078451224,-0.0394394025389268,-0.160370294291378,-0.169301591768123,0.168646775954088,-0.19307150000426,0.0681803758070546
