1,0.672550936688972,0.080464732515098,0.599417289362518,0.48772673495521,0.50406291490351,-0.435368572312375,0.35247478183275,0.664349836309893,0.405258890127121,0.715104322191531,0.751651004462099,0.830106906127935,-0.208777987424839,-0.0580958435056714,-0.32065318005307,-0.319273577357906,-0.456089182754017,-0.047561594025975,0.0630663623769907,-0.116922417358902,-0.166237181791935,-0.176363650791563,-0.278280254472628,-0.219799726649702,0.340673829470264,0.184066160955874,0.435845698430234,-0.0712086446979413,-0.112632820938325,0.130454761277062,0.277174212270864,-0.0147609228560507,0.172579473186632,0.241942940783978,0.197309381218631,-0.318203454916336,-0.311557374051986,0.0151477778770716,-0.384816904079211,0.00610324224761662,-0.281098325340393,-0.231706266593411,-0.154680974488545,-0.287021160986984,-0.0822624563916029,-0.269749270489119,-0.0929556803740016,0.0102908781196159,0.0592285227615412,0.134153549384329,-0.0658103154396518,-0.0877142478866266,-0.161591596488351,0.0756820705043026,0.0653001204784972,0.1146073143453,0.203439925613885,-0.205876846278874,0.367082710129306,-0.0275204364860907,-0.0202661195604949,0.0102805134529968,-0.273000418135537,-0.166969753604832,-0.0637282381867854,-0.122028753058716,-0.00584085038571527,-0.00598650784971012,-0.235172251854796,-0.0655027572157501,-0.116688545452468,-0.011841637963326,-0.112452815484313,0.000958197504924078,-0.0785655297356512,0.0409130117118128,0.194605702357851,0.0234049399325288,-0.121376008490497,-0.0473148122868564,0.318774669690533,0.00321039462619858,0.725536810098145,0.562083691923459,0.667773166874057,-0.208386499319169,0.13485545485384,0.616919081883534,0.732778893185906,0.574139830302366,0.377198377400051,0.785755115636138,0.506623495476122,-0.130273802575374,-0.11467396785019,0.233442724100429,-0.364587273359262,-0.279268410514265,-0.166229109421942,-0.0250513525614705,-0.35852715398092,-0.30852716801954,-0.0666061818298004,-0.264727705661935,-0.0071822153300834,-0.270651027254082,-0.131461328031009,-0.179214687928881,-0.104063579290632,-0.318829001790303,0.105912559807978,-0.267336408412331,-0.294525589189316,-0.0557294975949425,-0.256172956180098,0.13126106645814,0.163829955451511,0.207596813447361,0.150449854568695,-0.105719233227914,-0.327640021637379,-0.31674305110091,-0.351667590528332,-0.00200486754685847,-0.169264056319188,0.0278487304508191,-0.104480700850752,-0.320409270618857,-0.256444886158949,-0.0857644765830302,-0.245605568968492,-0.0167165608570141,-0.27702708352337,-0.062097241560945,-0.0175748736592362,-0.107253915351007,-0.341062305196156,-0.191683208844561,0.0323689166848532,-0.127238122576568,-0.260489520939665,-0.0700012363032277,0.348816894634382,-0.0967871276508421,0.202934952277492,-0.425071971285741,-0.122293726764347,0.0166538104054652,-0.339987572472274,-0.318651252875863,-0.0710005448226848,-0.267289649812052,-0.296495964190667,-0.076788052451408,-0.173500343656553,-0.234625168094633,-0.21581242839073,-0.114544639046133,0.00653165057640755,-0.0114992952426767,-0.0478558563942967,0.276922431406236,-0.0893037126105355,-0.084955954212593
0.672550936688972,1,0.351997329324333,0.614905020871236,0.450414844815587,0.763507643189055,-0.225421100826265,0.637257683725459,0.603439068207004,0.545661513533183,0.566326759551746,0.752498463746273,0.763218644007,-0.0781474073610858,0.147757291296609,-0.346537432583149,-0.409779550390408,-0.359406580532974,-0.235561397262933,0.0420845175205326,-0.233643925380223,-0.103969945634955,-0.265039863815723,-0.413746485568588,-0.0533119698117929,0.337381841210457,0.239696548154029,0.505409880534823,-0.0143401164751007,-0.0467859817337727,0.223182524865256,0.0295535116287331,-0.0814039405437579,0.258139742644997,0.234836216721524,0.109326334256747,-0.18210606854034,-0.239484172267173,-0.0684721267821403,-0.317312410340109,0.29002582814845,-0.332604120144733,-0.166030930392473,0.0890659357482684,-0.314089353892795,-0.200538797374069,-0.259883368947381,-0.104081088496028,-0.0269437000508623,0.315190804271147,0.299664821310556,-0.201858353214432,-0.0574234089441418,0.277326535396286,0.280702620976184,0.255963612607303,0.220495967115544,0.0890550461715274,-0.120068738072529,0.0293688026563663,-0.325075227439935,-0.220266349143726,-0.0457503162613555,-0.149378741740464,-0.315686446630498,-0.226084512549162,-0.261827257951826,-0.295374555637862,-0.279039863165255,-0.277914386230856,-0.240875125160512,-0.342899493902189,-0.290340822638125,-0.281314657059555,-0.0945735588115573,-0.0725265559598429,-0.0416343948100864,-0.160706847162743,-0.29571084892844,-0.317476818700188,-0.169912046086874,-0.216125732374426,-0.201028892009562,0.441813969526781,0.637698422122703,0.597559083455471,0.0695950883747097,0.492559196415571,0.534048308924114,0.624229163716408,0.50595471634774,0.357746935491115,0.58730382819424,0.44969397757279,-0.142528099754002,0.157529960242278,0.0188536230310462,-0.421606047153891,-0.303768241595547,-0.291594572423804,-0.176880386110046,-0.381846959181514,-0.258233512935924,-0.119367039322255,-0.295457802482792,0.162819880939955,-0.364431415225135,-0.0627251198508013,-0.216672922532181,0.0737638148280932,-0.101994060126389,0.406565575534536,-0.275320409784253,-0.368050900842055,0.407906295291462,0.176014586762695,0.430308271550779,0.375504424742939,0.236047871661279,0.366489568380112,0.0942069184817349,-0.0877287479190946,-0.122938328584072,-0.38212515981947,0.290981585809005,-0.165248225905454,-0.064500676319636,0.25361252269735,-0.190693184262954,-0.125520168826897,-0.262258769157395,-0.249370371994832,-0.014811961572138,0.128378996382524,0.255831853867917,0.0128583580250629,-0.00168224015692506,0.0559988807277617,0.129459189858217,0.182445270574306,0.237969976742385,0.170781331971138,0.345219719302074,0.361792153647072,-0.18526620822041,0.0430751997982222,-0.059281991100974,-0.105884503209075,-0.244889167505042,-0.496980053245444,-0.304940582000821,-0.333597138068993,-0.403997444508055,-0.2046499023274,-0.160876613584605,0.181795132606899,-0.0379572085632355,-0.34274491485861,-0.432765178249159,-0.356911486166242,0.0194280004001832,-0.0393021512311366,-0.15802506716672,-0.37345013440249,-0.17454984055822
0.080464732515098,0.351997329324333,1,0.294215049221677,0.185565278361922,0.163671695959082,0.339121090852658,0.215589804550108,0.195685945291334,0.366512439604531,0.274797496486662,0.166956061241463,0.19962118913575,0.126825479759895,0.219530838803079,0.0162278686710541,0.0863963399276974,0.0649210941864932,0.063841366104004,0.286914794636003,-0.21641008123042,0.151546054704607,0.102106528160734,-0.143954010769924,0.20170949697905,0.313014616897866,0.41310914023608,0.57177636771322,0.59245191552123,0.479766886684038,0.498284085514598,-0.0753033712279784,0.179852954305678,0.568041361069511,0.244990773942762,0.256779646763863,0.103941323667435,0.285490456915893,0.211635716589357,0.0918165494944017,0.559071420194665,0.109378246183328,0.227564964892103,0.186067792135173,0.0749324601471798,-0.176000496542752,0.179397502986329,0.0105121652012502,0.165233763989162,0.301780172693252,0.527261216108383,-0.292186887315164,-0.10422048119999,0.165910740546353,0.316989255410878,0.254221235190008,0.203723198513655,-0.0533900603725246,0.147928837734694,-0.305743200206483,-0.40077280336553,-0.369019677833792,-0.0576151902590736,-0.136846762098319,-0.291257126192969,-0.221217781502056,-0.387086593009373,-0.384016614032345,-0.497163494822157,-0.153750905320456,-0.271725973277634,-0.59031483055322,-0.495940761184767,-0.503937232059243,-0.172751974079472,-0.0453833399624057,-0.279982664918736,-0.376068303006424,-0.42526403311755,-0.46322088879553,-0.35185113017778,-0.32423150718564,0.0211044866232382,0.20267556459529,0.482900806674304,0.19061592966774,0.514677967792042,0.0866885565919769,0.18058583656238,0.191817796328078,0.264856681797916,0.087778614882325,0.035410381663777,0.296439395269489,-0.225858984211898,0.0909622976695312,-0.0568294049039428,-0.133137396194444,0.0468151783380834,-0.046364167485873,0.175705833121039,-0.0157705313097682,0.315866613533409,0.21389101019482,-0.25283975740903,0.234212301549023,0.0327488817577145,0.360487690166908,0.138756931077122,0.344173920686831,0.13173620685959,0.643661323293305,0.10298095574692,0.0880916185083756,0.650356840923321,0.646770748909197,0.607149862780986,0.523353721036359,0.339043416656616,0.40438811560438,0.439284167768539,0.109593595067839,0.181221874906403,0.0256838616358437,0.471074286298322,0.0301861611380186,-0.0455838120368559,0.518892883848782,0.245320344934288,0.246841582841832,-0.213748264846266,0.0684614091646212,0.158287193790364,0.401656440454515,0.435371930664031,0.106975439619344,0.205044367250238,0.144095550447381,0.356798483019783,0.147963402799207,0.307703986160649,0.326879693308657,0.501622605225897,0.137671297648539,-0.0338080428116152,-0.090161756383089,0.11590449961417,-0.0231445539419447,-0.414225700117383,-0.406963153789815,-0.205044261182878,-0.472117535983488,-0.395008469956641,0.000627799917045338,-0.197675114093522,0.283455305329844,0.291228655593199,-0.581560758953008,-0.493243066497635,-0.588794156467617,-0.123368051920772,-0.199275186137587,-0.348603918873567,-0.474955522686954,-0.329973923491179
0.599417289362518,0.614905020871236,0.294215049221677,1,0.513236642418253,0.593733439568463,-0.162156462879225,0.450448310051284,0.819343350616002,0.287841582584434,0.754501745805501,0.808620971302144,0.596497798179757,0.0630889117402867,0.268713367972284,0.0676912806251398,-0.0105170312423844,-0.0960317652044266,-0.0365972011501431,0.224780662447393,-0.0683949420875433,0.0989940348995177,0.110470236410551,-0.0873442493679834,-0.0234171760135152,0.201473385481072,0.099156776141875,0.284207979551293,0.176707204835962,0.126942236161259,0.176995047725986,0.273015587270855,0.0671622764283704,0.364466549251359,0.250618570546506,0.0785167289964119,0.050294876773491,0.0274759934087721,0.143215154026371,-0.0689331185554022,0.241894952515016,0.0270568885466809,-0.0554274011208499,0.0499302566997099,0.0102409669845117,-0.0198596367920975,0.0803146161645525,-0.16468377797612,-0.0501853834720395,-0.0230865115969744,0.253651807210403,-0.311067614293419,-0.168039293146468,-0.108365050845063,0.148263487070967,-0.00272910265275907,-0.0316496394441817,0.141869377918218,-0.0113131737791679,-0.171417789018891,-0.322385939651103,-0.331328607865786,-0.183489334586748,-0.365104543669503,-0.382354929312566,-0.194177439062133,-0.36213418350253,-0.227923781134242,-0.205155898787579,-0.233239639731614,-0.325556220366697,-0.3461479728338,-0.282136992838051,-0.294526863948843,-0.227125289478715,-0.276909635570552,-0.287743401854271,-0.139151867752744,-0.293333313863133,-0.391583299130593,-0.192596534473694,0.0466211593164507,-0.138080063241438,0.469650953966421,0.596468444297319,0.661713005400179,0.0654620786894553,0.234519023550474,0.69008249587603,0.674619831649326,0.534887976891807,0.203395920679495,0.653348515218897,0.322982944233789,0.0919474744023665,0.139733214953869,0.274446690972105,-0.260320111871092,0.0580706835799663,0.0875853250211508,0.0150298373185656,-0.166110628106236,0.0060898600470247,0.10083492428556,0.0783320555096086,0.00683012661569755,0.0431657522903734,0.18810022786416,0.164578652947266,0.176694801409695,-0.0434243830338429,0.297779171170985,-0.18999289571328,-0.0127189608116711,0.268967942363808,0.192409367034655,0.295575249241516,0.218687182949234,0.269841151771499,0.303069766106106,0.163054276241305,-0.0393564209139278,0.0201244679954049,-0.0512512959379855,0.286472949471752,-0.210661471641621,0.256536923487224,0.199208654245751,0.112076399382398,0.15574401750384,-0.0154411904094177,0.0801767143206938,0.223976939786762,0.0319534154512311,0.040204661926499,-0.0210598898907001,-0.14167926676731,-0.138931635217109,0.0718035598693649,0.151023204051166,0.120788215131431,-0.0952508369272728,0.168506801968813,0.34202312170446,-0.123256030060188,-0.161457306894032,-0.112350602602107,-0.177802351348271,-0.295365981819162,-0.402194221652214,-0.41194320570424,-0.276222524140385,-0.378098472857321,-0.343401241001588,-0.210309636220727,0.0488688712528826,-0.0749519665528845,-0.434374993295233,-0.299471099318643,-0.319111591205846,-0.161678283880326,-0.177835474423159,-0.132552051537063,-0.362280427447525,-0.196025352624517
0.48772673495521,0.450414844815587,0.185565278361922,0.513236642418253,1,0.447931167441555,-0.0522610599167607,0.270907955275206,0.649089256172589,0.341999050027008,0.580062484199303,0.55366099384841,0.464788167949841,0.185732352684952,0.388944467837157,0.187296714897667,0.135918542004362,0.0283955860619609,0.159461664676397,0.288296552028916,-0.0188448053813034,0.0807101374789176,0.128136130442029,-0.0919736505844127,-0.100257833859864,0.318843488142341,-0.137721073251553,0.0921545285165252,0.0330527163727436,-0.0302441267678791,0.0857193510656372,0.189558566117822,0.076719727974103,0.14049708592226,0.0721326415481131,0.100564628025124,0.116934652045327,0.149937766760439,0.191677358143564,0.0186325963558471,0.211308285683281,0.137506160939681,-0.0254332796693081,0.0143983213848599,0.0963772326648878,-0.00818443121963066,0.188273219107151,-0.0833655725941639,-0.0992993404027524,-0.0330158383472481,0.0911240529839668,-0.405238919270629,-0.282775534469048,-0.249230623032191,0.0667576005178773,0.171387771050166,-0.148395958263793,0.225266396825495,0.055569741940625,0.0486140831235202,-0.128045551308744,-0.0732837891341683,0.00791313565309939,-0.27441417620912,-0.251572135026931,-0.197248985762144,-0.29057382973129,-0.100908604151474,-0.0525265623139033,-0.244930157831868,-0.289211322197241,-0.202089979703088,-0.219136029083929,-0.236526983746018,-0.0944179509797637,-0.299969909095262,-0.286745600993236,0.255070161255121,-0.199140342714552,-0.325040127339994,-0.140995287048622,0.0890160256931379,0.00204856716294503,0.568651923362276,0.492877539036057,0.580972567543571,-0.0155110510359112,0.15376010783141,0.763208349751012,0.667170558323366,0.710931688024774,0.114844765479953,0.603476117597239,0.136973833012045,0.217623770034649,0.197333465769623,0.412046920065631,-0.24503268707063,0.271632007251562,0.441882803777244,0.255176405452328,-0.301330491820791,0.00294208595441516,0.323335556927476,0.00809730952537821,-0.0464621611939007,0.00176586843883952,0.0200687298923571,0.15322673608039,-0.0822299899515433,-0.153787373531879,0.142791774191809,-0.0639407341902178,0.202910299654545,0.180001631173504,0.000148859284996882,0.128957851844138,0.0210852010560337,0.256170176127743,0.0621835985880359,0.150180994990231,0.0406653903982007,0.0466669691335255,-0.0537286273720189,0.123472373321957,-0.266849932139108,0.214251803125139,0.214830568682883,0.123763865960428,0.220085472429246,0.0133813330693748,0.162062753754242,0.133481592992734,0.0167257410715205,-0.053752424383015,0.130320589695015,-0.171744672595512,-0.176180455558071,-0.0179655510952029,0.130287156448879,0.0391143093642234,-0.0760348952871264,0.0695549087048298,0.326965241932077,-0.0691812689707051,-0.0496986827201713,0.0317254977281859,-0.198967147959721,-0.231506675726273,-0.245865574455399,-0.334240480254825,-0.0748380172994685,-0.400382252434153,-0.212853179062223,-0.0855611568173651,0.104950314944324,-0.0934000698287831,-0.154535343884312,-0.193739013369246,-0.171327417161375,-0.257729990375253,-0.272028097223004,0.259489897201451,-0.258862013488502,-0.133978157798978
0.50406291490351,0.763507643189055,0.163671695959082,0.593733439568463,0.447931167441555,1,-0.351846829675135,0.698593437483792,0.622634858844999,0.5376966051077,0.482356070762879,0.721103529870215,0.772578650054123,-0.0799803193489707,0.19001757228599,-0.132925970322823,-0.186962415115278,-0.248067793449275,-0.180722961743757,-0.00755877765275958,-0.103473509325761,-0.0825843404095375,-0.0842904114805289,-0.265076714527322,0.00729219953550281,0.386312328081191,0.217969857806112,0.424167859793279,-0.033143595073476,-0.0675159356888408,0.297870727966585,0.221583207721581,-0.0062726742128803,0.289808187495893,0.375449498941471,-0.0535386601977854,-0.0120509490574726,-0.0617568517252344,0.110158820210403,-0.0398762749649181,0.331994592685245,-0.15120379842764,-0.0706602343288122,0.275582688345197,-0.029355009270509,0.11026019527546,-0.116575067081865,-0.0648853673606119,0.070653419369477,0.166821474117651,0.373591243890543,-0.25782925213858,-0.104104543977338,0.178352589757169,0.453417156731847,0.0386780442979293,0.0671938472165037,0.0676022343477556,-0.012866339396866,0.0143668719212616,-0.383288803687527,-0.302109388926982,-0.22085856118015,-0.382668462618719,-0.478337605680624,-0.365616830068806,-0.366825628298822,-0.367033672942714,-0.242737941792598,-0.500920617549988,-0.423501671277132,-0.227491084011199,-0.260473758171104,-0.302159296717269,-0.243609146019266,-0.215031624569769,-0.0540241609676037,-0.170718425978588,-0.401568144218162,-0.361129642889007,-0.262156403386504,-0.0500688765136908,-0.31716391417151,0.282315583897885,0.420568214011709,0.564967488005631,0.0753507572921437,0.657833566092151,0.538316774563105,0.67331293009692,0.434926356237442,0.475882196506944,0.541056611997677,0.413884296705811,0.0474785056474207,0.0317652271737694,0.128155519791184,-0.146216808883728,-0.130706928473688,0.00796749968368939,-0.156768509480793,-0.339905883940766,-0.206902376981081,-0.0432971194001516,0.0190827754038887,0.292358929370277,-0.153771665276494,0.097015516129336,-0.00799791919425991,0.0122434744954368,-0.0365772046753395,0.344699943753857,-0.342483146196475,-0.150992416124231,0.339384457073073,0.114769660259491,0.392666205870115,0.234739007799518,0.343004825361442,0.325362396414678,0.00645852140888165,-0.134986564050485,-0.148007369482355,-0.105263965747434,0.222236565505403,-0.177601865463696,0.182031081895401,0.248759281209051,-0.117559356218414,0.0668549594616239,-0.00329497455889231,-0.0237048394247806,0.151197951073322,0.0190366345022862,0.106115818679446,-0.237203130317854,-0.252707509363579,-0.227602056822308,-0.00785525565130592,0.0817645732427476,0.0859697032198163,-0.0251842378656306,0.168652040521324,0.307713183487704,-0.188019340048248,-0.113679887819996,-0.127520425392795,-0.506505898052178,-0.380153663556703,-0.537261883205344,-0.501414801740293,-0.34531496414271,-0.450084101329113,-0.256811614048885,-0.377002788404396,0.0117536474736317,-0.310835936357339,-0.304924439561038,-0.293834729292769,-0.40819090212909,-0.197498211099667,-0.19435078926432,-0.265150350004718,-0.468602743922522,-0.326698002166203
-0.435368572312375,-0.225421100826265,0.339121090852658,-0.162156462879225,-0.0522610599167607,-0.351846829675135,1,-0.326708807256655,-0.251496428197589,-0.0541745329868005,-0.148909149887289,-0.256520240839402,-0.482665645349783,0.417489929990143,0.449636101767621,0.381451090483823,0.409248483009956,0.532012807662452,0.201145555954124,0.425688614646562,0.417388198372275,0.406031386568313,0.39674697682881,0.263717315960257,0.434263371212288,0.218871260127816,-0.232687023255108,-0.190318365938401,0.147871083796635,0.291785537638754,0.0344893615770616,0.0154106330740496,0.167339640376492,0.0944854480476187,-0.177293360408078,0.157555741913572,0.544038084007562,0.39663001196672,0.255263726728611,0.369904942728814,0.0739702686572421,0.261289100297389,0.381614037358253,0.159271569858152,0.164776906203346,0.295845561820384,0.514132381547239,0.398223837105591,0.107699363084747,-0.214858030064549,-0.0957462322315202,-0.0989469039827294,-0.206831749062975,-0.206342487533733,-0.105916160093478,0.234975475718831,-0.298600087239663,0.0303641755425428,0.349028852511675,-0.219677216046491,0.0482274699270676,0.132683834683843,0.18195384796764,0.310370144020399,0.233452223603644,0.19531154437235,-0.126741126937511,0.0108042789366765,-0.0604475998955485,0.385283913317186,0.0732429898579938,-0.0433075136053611,-0.0590089244404162,-0.0477265866816331,-0.0964458622561627,-0.187097654029315,-0.360899112688168,-0.0467659173668235,-0.0242535269340768,-0.104064869945116,0.0341498728484589,-0.264806084715188,0.394649601680807,-0.102762980196522,0.0942690877739473,-0.171037023473024,0.446917523994512,-0.278828505342127,-0.165274183439626,-0.272481030013616,-0.14150164795544,-0.163865355646335,-0.339297145344024,-0.194285683684904,0.306800699022019,0.444635881943616,0.0182873886015456,0.296316618058042,0.464689598917541,0.262683818876137,0.262091356863348,0.565671727280252,0.470674647593242,0.405182474373197,0.278630226777205,0.0698760079570368,0.209989754868278,0.241355854564157,0.392300010936622,0.341948950913786,0.386394762615138,0.257466383300124,0.822874376442386,0.483230042660005,0.12879388727641,0.402696792280667,0.192789960198952,0.00417430853660695,0.290361378960874,-0.0877160130698401,0.54631274118986,0.731784402849919,0.730256592431694,0.400827933043702,0.186090875699381,0.317518199820484,0.239851839088327,0.106292875442922,0.334126671370526,0.302936429280206,0.31072284391896,0.481539001102367,0.343572146979137,0.251408878975274,-0.0755300856694647,0.0099201627034033,0.152979563961151,0.212929092471827,0.378450387087461,0.381930219007019,0.155310658973062,0.00406163555239217,0.0945308180758252,-0.0879289895584453,0.144103943218894,-0.184051040598183,0.218045867171149,0.312359655327986,-0.295158453925097,0.384604734814505,0.0155970013696781,0.179954148959039,0.0866529307470756,0.558755059548444,0.280311296810404,0.341727715198097,0.354555326728012,-0.0669340824903844,0.0484164899578634,0.038526592080336,0.00543293127430494,-0.117288427224395,-0.0729726496024926,-0.0540094897438724,0.162865174152057
0.35247478183275,0.637257683725459,0.215589804550108,0.450448310051284,0.270907955275206,0.698593437483792,-0.326708807256655,1,0.489141728215177,0.746122370556353,0.368994763590997,0.487724094158691,0.575641425155228,-0.0246181282834177,0.162046280811596,-0.151789991680867,-0.329259850775395,-0.300820070453686,-0.0914972304620593,0.153274703858276,-0.269232617627879,-0.0561575156424057,-0.346883611990008,-0.482057944912015,0.0686371054235782,0.229965575756432,0.189932733480082,0.403509277086112,-0.00304859908407584,-0.088041258469462,0.219360402133246,-0.195666747658311,-0.0946795591727748,0.300606700730728,0.110128468539658,0.0322178220962135,-0.259220219083141,-0.228851983776776,-0.240555698304708,-0.0965217506702039,0.384106002960055,-0.168993075443356,-0.1058929123537,-0.0759407619470483,-0.184502900792378,-0.262228184468754,-0.158262100692781,-0.146136986822158,-0.199073687154208,0.319123372295601,0.28788024828711,-0.198439830612756,0.0695693659562009,0.196410252100962,0.360369429626894,0.267529615612764,0.265469449240153,-0.0862095204664025,-0.0867462732853125,-0.0093014430385764,-0.394674498018925,-0.373682182946616,-0.0927697319075814,-0.203635860789511,-0.442026001465867,-0.453632690013781,-0.291678449100142,-0.356168914589238,-0.194617801672604,-0.267400980366925,-0.316742387914272,-0.338751653023233,-0.335550718032122,-0.356709814242092,-0.138642485826609,-0.145434076565733,-0.0721278937560441,-0.218259193125062,-0.420041782793065,-0.332371603502012,-0.393179847201694,-0.212188687078207,-0.246173911230408,0.254206941499568,0.482404784451243,0.254940212431446,0.20692294787746,0.724763619819436,0.407469878788864,0.346379060380282,0.443878207414971,0.541536931226933,0.264206931859092,0.447814778410261,0.0427141386912412,0.0788406461988079,0.233612145958242,0.0251898681823377,-0.132997208895675,-0.0575911944848069,-0.0422683885116459,-0.357512678298532,-0.262577946737365,0.0887001090207243,-0.223517024106788,0.42923940792405,-0.255886063862615,0.0788944655661969,-0.203615215260487,0.240230996106172,0.119926729923652,0.439053024250017,-0.253732336925403,-0.277137708317831,0.499564603412177,0.158525955314534,0.532267668990083,0.390395345777895,0.320007394805479,0.28057459038815,0.101641640680526,-0.119774075568101,-0.206267839836023,-0.327130010843583,0.329106690820279,-0.0985283796472143,-0.0452222935101672,0.383909603751916,0.0289085927625995,0.037857354761817,-0.337443573182106,-0.249435372364207,-0.0951256531128721,0.114377140125056,0.360267453882476,-0.0935959900755297,0.131431998825369,0.0650429392503772,0.139066757103288,0.252286527920621,0.115146064351602,0.251036975136161,0.435149288290857,0.135283824979875,-0.193807370561531,0.043954812830314,-0.0661680413008642,-0.285995813288823,-0.117807916542872,-0.528870527822589,-0.275703648039202,-0.351217964980805,-0.293350385417425,-0.131429572140061,-0.242477962219311,0.237229038916985,-0.0828437717085037,-0.279192648404996,-0.32271585753634,-0.391777607429404,-0.0876388844428713,0.0357135461755883,-0.246632111319905,-0.381269029910145,-0.366772290345936
0.664349836309893,0.603439068207004,0.195685945291334,0.819343350616002,0.649089256172589,0.622634858844999,-0.251496428197589,0.489141728215177,1,0.354008582139427,0.841763857538127,0.836332832671013,0.625876923676377,0.0651419499701281,0.224916525128883,0.0258976010445882,0.0254583079303985,-0.104015069998405,0.0555309866486955,0.232297622558196,-0.220341624842274,-0.01396477431252,-0.0396565106712403,-0.21027823899744,-0.14495925046627,0.277498044290107,0.126567240301445,0.31503442827914,0.161054662125302,0.0263279572943286,0.153164837806998,0.2080740919916,-0.0485441521587264,0.277192328190817,0.186938813278379,0.102489109762009,-0.0389115805003875,0.0705610125974403,0.116988979141917,-0.133676561587991,0.266629005458568,0.10825787946852,-0.057298605113541,-0.0023025381339936,0.0467585794807277,-0.155856711947581,0.0175296171056191,-0.0923246414000564,-0.142552972960088,0.0570901158835112,0.288591669566755,-0.40084754902945,-0.271039074840337,-0.173433666725121,0.139183755793429,0.0694046074500069,-0.000898266650005609,0.306693000182811,0.0654019230965897,-0.0735286790958391,-0.248604838939245,-0.235743185553372,-0.130863344331567,-0.361555699867092,-0.377066829300465,-0.29232577111,-0.342588166773766,-0.265091391848669,-0.169994874013586,-0.353559692203873,-0.439741285646913,-0.33764597398182,-0.302756559379556,-0.376125938808242,-0.301793406085007,-0.333062217294968,-0.316047146617802,-0.00364086328366568,-0.218858535870876,-0.346024087349616,-0.1001890039828,0.027277217841306,-0.224819298334167,0.481398088787971,0.464581648057179,0.721887602608624,-0.144470410884451,0.302887180410138,0.759422732329586,0.81092315190567,0.698313762935859,0.123397476699868,0.816865400681175,0.176321024228389,0.0458710184265349,0.0243082934145166,0.343530667720448,-0.244268184813042,0.0365500188639826,0.17272239013347,0.0880168703618753,-0.354770236665495,-0.083916549873743,0.164376006637224,-0.116346090927255,-0.0648956450789317,-0.110144960982777,0.020236299981517,-0.0162733387171659,-0.0518986754198398,-0.215975249516856,0.232238866520668,-0.281434758461029,-0.0191815066726395,0.270658418162448,0.0412932180125016,0.189593585175383,0.111365331690263,0.166154104228104,0.198607268040876,0.0846929727120811,-0.104435685132906,-0.094229940641018,-0.161846554249792,0.265141756339469,-0.304748018143543,0.0961712098505761,0.245096198856174,0.0225634095897823,0.0680968464475002,-0.112060404080673,0.0359549206442558,0.055289252836107,-0.0171827757845937,0.109313509171987,-0.0717957288117426,-0.105006779493162,-0.145877148776039,-0.024756974279607,0.113838653842287,0.021057571312128,-0.0267941158834737,0.175219667809655,0.445242767392954,-0.0471910749718794,-0.110580055050832,-0.171736364930209,-0.291181850849217,-0.221927550214765,-0.3805044473216,-0.344806038860233,-0.267759678112772,-0.440375752623341,-0.300925281694271,-0.191514173811743,-0.0342972241363789,-0.148094563678638,-0.344179449795025,-0.280205014438236,-0.296806773188177,-0.251051504068156,-0.253524632554778,0.045161531311107,-0.268080524460467,-0.110832673308691
0.405258890127121,0.545661513533183,0.366512439604531,0.287841582584434,0.341999050027008,0.5376966051077,-0.0541745329868005,0.746122370556353,0.354008582139427,1,0.294914732937941,0.442936424437058,0.598616092686841,-0.119030781063833,0.133517638731737,-0.19047459044564,-0.284578407105664,-0.267922916243753,0.0259574718030382,0.213629935129559,-0.119066365135937,-0.0320347110577971,-0.258443305334517,-0.446078512779891,0.196264173897046,0.420868422726776,0.142003966162292,0.438855917920594,-0.0409010427068551,-0.103286813169836,0.26005577822517,-0.158005227895192,0.0198957544831796,0.326339021772493,0.076420827129328,0.0669162734868983,-0.225921222664842,-0.189554421663075,-0.200406479933934,-0.0985153721928376,0.298364723269457,-0.175507628912225,-0.0619634284620635,-0.100828875940793,-0.260009165470886,-0.166123660936543,-0.0748883322953487,0.134002328000998,-0.169679740314639,0.287479668380706,0.174061674436182,-0.136085111813467,0.112817220269641,0.155916593720316,0.311119847628111,0.369294135877648,0.253642158310501,-0.0843166803076723,-0.0835081520497559,0.0380159524175401,-0.185330553230182,-0.224542782421051,0.0757617442560115,-0.150016423082225,-0.321976667916229,-0.369377385818228,-0.251334049010522,-0.247352328715235,-0.0537793243837861,-0.189022461040602,-0.16907566318716,-0.255754242342315,-0.184517339063295,-0.393960390846668,-0.0397161742118517,-0.0770568861594331,-0.0581111595891323,-0.0229770948813003,-0.306037723606499,-0.27318597981148,-0.346692056221872,-0.106969799429109,0.0393941820856965,0.428878278443003,0.62498089167933,0.249977781254253,0.437888699677672,0.540327816066858,0.413640326334271,0.329877835819603,0.476498084938369,0.692120475496258,0.220822132527929,0.536145266619913,0.022114246359195,0.031919442523796,0.191254427162474,0.139931054205238,-0.0974282330346295,-0.0228526187100206,0.072836226311694,-0.173354829220217,-0.183440452930393,0.182138346872335,-0.237627342368258,0.512553633170512,-0.240897684904425,0.105152900742717,-0.103640383273997,0.268267479728598,0.164395381034452,0.459066354277335,0.0733921522633058,-0.195149830923435,0.389296675428965,0.14944313480317,0.606925534697305,0.376496097214869,0.494248299044033,0.130038629557141,0.164305302016741,-0.0666061004959565,-0.15980193987357,-0.273544116465755,0.199171708907704,-0.0705005764878004,-0.10457714641566,0.318577390294092,-0.0797869247334723,-0.0394962968940828,-0.202457290877552,-0.158225072629433,-0.0937066733791161,-0.0112046875512216,0.193206356963539,-0.132699558659577,0.155200032365572,-0.0223006787427161,0.105052853117299,0.27092883372752,-0.00930097062378981,0.0911357963049401,0.289035393816414,0.0518176451538686,-0.225732014118549,0.0401443454941042,-0.221568169883012,-0.2013548676494,-0.207661708066632,-0.462631431919379,-0.322370648176605,-0.199635966360649,-0.250555914593991,-0.00782560125692251,-0.16108861339574,0.217391563820805,-0.0417799481760463,-0.257839944839091,-0.264429388105338,-0.262933616444829,-0.203883756718369,-0.148106022756109,-0.101991688914874,-0.378892316394953,-0.392243092053798
0.715104322191531,0.566326759551746,0.274797496486662,0.754501745805501,0.580062484199303,0.482356070762879,-0.148909149887289,0.368994763590997,0.841763857538127,0.294914732937941,1,0.749058544055055,0.612924983420061,0.033232446407513,0.125087234904729,-0.0248372732868028,0.0428660601409979,-0.0679078092905604,0.052895612947589,0.246975298123008,-0.108130726528066,0.106522912734806,0.128604897156773,-0.00747714033087314,-0.142409208342893,0.217781764650377,0.142108793178926,0.375941912771286,0.205089574165467,0.154904610684136,0.235983858225061,0.358701443957415,0.091255874897541,0.324234886673452,0.261038478254546,0.133784572554196,-0.0350666358307427,0.0986248380156752,0.24757337234708,-0.135890709312045,0.130490488490457,0.097219442037423,-0.0964665723518852,-0.0461030700189971,-0.0411697595472424,-0.0333205046114931,0.0561738781357652,-0.0890146517137167,-0.0627577455424348,-0.0596157880859719,0.278362802971436,-0.432968391825482,-0.366602025026692,-0.36856131658392,0.0320531881882643,-0.0204759043192092,-0.16070648796133,0.328544997601346,0.0704901752621867,-0.0309710237089159,-0.273446258988423,-0.148486315804878,-0.126715470265969,-0.350755647742516,-0.293270181898771,-0.27134837905241,-0.363683181758534,-0.255524565335981,-0.219896720839317,-0.349270064040043,-0.39391201264712,-0.36533961968608,-0.320025225982433,-0.374710774383673,-0.314091431044866,-0.344005668658522,-0.311754733401619,0.0385312668231199,-0.148497630297163,-0.356449853493019,-0.131496019184441,0.143020265951251,-0.0755326931540513,0.583249340240669,0.471823893712381,0.652935965488645,-0.125521220643956,0.106377382673118,0.683336559710523,0.725934538011047,0.665472316923664,0.102771247454764,0.782912578472068,0.320272419099146,-0.0474218027859473,-0.0207072193180683,0.26887078698829,-0.351496696999882,0.0372805148341371,0.11118297206283,0.0995887694075465,-0.275213346181372,-0.0618428976642772,0.144120878798453,-0.0858813479596883,-0.106485667365511,-0.0319986466832788,0.0727715732565671,0.0749747807719586,0.00162520046170648,-0.185373031888841,0.237121585769804,-0.147648399488541,0.0570522469451145,0.175101650815692,0.0146337485683603,0.180332062323563,0.215849810989776,0.239830957157703,0.216020463721695,0.107257586034821,-0.0673230593345782,-0.0445917119166527,-0.0837729972416019,0.168088598026026,-0.202708804238304,0.174440125347185,0.111628321688803,-0.00724346934686583,-0.000194865709337176,-0.0146601774817866,0.0333857439384666,0.173301031422831,-0.0233035152892294,0.0624217595476932,-0.0180958867312973,-0.112942143107761,-0.16374497159697,-0.0159559889939716,0.0958871155718679,0.0110461805052318,-0.0916037693395291,0.118609092029341,0.454046105142108,-0.0322404732999264,-0.134613597681653,-0.234552919057919,-0.152014407097584,-0.133955146032229,-0.298775819945282,-0.359153994203331,-0.250045788393601,-0.354553447639387,-0.217535583508306,-0.139854158278731,-0.113852276338734,-0.160231325725009,-0.395730028386662,-0.327867567062308,-0.249006051530034,-0.131050512183805,-0.155257370204254,0.149514072645901,-0.19464776210021,-0.0770724250556224
0.751651004462099,0.752498463746273,0.166956061241463,0.808620971302144,0.55366099384841,0.721103529870215,-0.256520240839402,0.487724094158691,0.836332832671013,0.442936424437058,0.749058544055055,1,0.795839711040109,-0.0551737808304469,0.169029241102984,-0.220281982169184,-0.240198980414857,-0.281430321963066,-0.0769755609028473,0.194955064763286,-0.116803630950971,-0.046968999115961,-0.0752420912558482,-0.279285814662227,-0.0230180167553162,0.23483312391966,0.0435122150438844,0.312440977539279,-0.0635875236015772,-0.0849919892876275,0.0624258269474461,0.207324777865747,-0.0329028819386655,0.191511362807777,0.160719803381617,0.0127362655214946,-0.0979633039617458,-0.160191475970011,-0.020315815685679,-0.281800929112316,0.116816423680326,-0.158194021463373,-0.175495395175207,0.0137713265509673,-0.20774173922543,-0.0565566550417178,-0.0949933814960831,0.0136295255384252,-0.111190389505387,-0.00302831842359864,0.131975088742734,-0.218990483247741,-0.160847618234883,-0.0410588120393607,0.0337462800172492,0.0156530678909486,0.0131461263173679,0.202861006357956,-0.0965648750228389,0.00131608187411137,-0.136820684757469,-0.151299291261284,-0.0733204940924127,-0.233127986967355,-0.293385589265784,-0.171722436406326,-0.229047977653013,-0.156863786924647,-0.0843979273961238,-0.237022496641039,-0.260872004705383,-0.186344947055392,-0.120865697783465,-0.215289814531052,-0.187570206240652,-0.197450190248217,-0.146815046414859,-0.0385100495785334,-0.173864725618467,-0.28924825483969,-0.124654380061677,0.012660540431586,-0.140087320755592,0.55066873696853,0.601676758092825,0.826809954712486,-0.0312230911391578,0.34500182506081,0.769496426177913,0.818326837462433,0.616285538975633,0.351675444073525,0.833269486502229,0.405269888884516,-0.00846832020798313,0.0907573128885158,0.183671406665229,-0.319255559906709,-0.107995510996968,-0.0877006708891465,-0.045613579657007,-0.253816393316383,-0.144707816459472,0.0807974468152846,-0.122267556266962,0.111658659782782,-0.166207711422814,0.0349413583177153,-0.0625549501287471,0.0841656073531937,-0.119604851806304,0.295655313346904,-0.251708227756351,-0.172544255192553,0.20386376509947,0.065333929966402,0.293855528885086,0.24454339686743,0.23050458366397,0.250221075990256,0.0665359935242784,-0.1186706073867,-0.0786821810034209,-0.251014041067867,0.221099134940399,-0.229794554221071,0.0775434150559548,0.103993996596682,-0.185136355093126,-0.0990937617085807,-0.0820413414163949,-0.0486270947504147,0.105100502815734,-0.0411277935152646,0.0483487029139517,-0.0587242951229341,-0.0813185766368616,-0.13222645258193,-0.00927833899835423,0.11378385005112,0.0921439285653338,-0.106837976642923,0.135890342570129,0.418055899411431,-0.144226188820748,-0.0874904828956451,-0.167838560319313,-0.152530886342001,-0.248103665259849,-0.396304169434815,-0.337985450772691,-0.139123675907397,-0.302952852717789,-0.281623291940876,-0.116453151293171,0.0828856954011187,-0.139916176324301,-0.274453050574389,-0.282281880036494,-0.172770790124267,-0.0819178977829497,-0.139626146076693,-0.019464007025022,-0.27948094302198,-0.126757301368755
0.830106906127935,0.763218644007,0.19962118913575,0.596497798179757,0.464788167949841,0.772578650054123,-0.482665645349783,0.575641425155228,0.625876923676377,0.598616092686841,0.612924983420061,0.795839711040109,1,-0.21882149721153,-0.055570867141246,-0.381317608946468,-0.428748298850847,-0.526796219732244,-0.145498591223635,0.0098115532898522,-0.213876208166167,-0.204647304594775,-0.17599170572394,-0.389652575563233,-0.100042668195939,0.377758432411019,0.312394568294704,0.598715131121963,-0.0899219696496668,-0.158870285147713,0.320473674582722,0.294736196315885,0.013490239935665,0.333696770161594,0.408257502461067,0.134240312321601,-0.272904824749959,-0.317224441804641,0.0250797511908812,-0.274510338356068,0.191070441255433,-0.343643795910981,-0.180918678624452,0.0728758902324412,-0.262339344948453,-0.0150573329981028,-0.281785986701573,-0.0156660325809395,0.0978997316919767,0.177454684145461,0.319939070787399,-0.2484893915611,-0.0933151475660719,0.0790079098195396,0.31738382861933,0.125955781746828,0.181914709451141,0.166996792495029,-0.0975527178195371,0.226958204458827,-0.268067124424121,-0.196192485822093,-0.0820485262000865,-0.358400077702302,-0.339994066506202,-0.244755256385027,-0.29694198893135,-0.257822264051366,-0.194213788923301,-0.414536498634123,-0.281986311372667,-0.251990549055926,-0.18706942229799,-0.268261349397036,-0.126312831780283,-0.147586473659489,0.0174885656472539,-0.0274920485607559,-0.237990017225556,-0.289467074782422,-0.161549190692098,0.155137946904839,-0.16335771699457,0.593521145526766,0.515090338352609,0.64851165556486,-0.0374061564930611,0.43109059305069,0.65864422527561,0.694553422042641,0.528790826138954,0.539196501909385,0.706169233143622,0.652823449108001,-0.157877914621975,-0.150722793168109,0.0658882123639082,-0.324656958884285,-0.372529045105743,-0.243441178641448,-0.115763744009104,-0.369028921475488,-0.396755264050899,-0.0616027571469242,-0.260482324675782,0.202862666923444,-0.278600310186038,-0.0266900532771568,-0.154652323446864,-0.0232781523244341,-0.223049771771885,0.343247115724902,-0.378273473635778,-0.351855647443069,0.21672952657934,-0.0947061423395897,0.359484740071931,0.376848801956008,0.288144690727403,0.354829049103587,-0.0655828683547856,-0.361852625323599,-0.347413288330298,-0.35164116801903,0.141337225660437,-0.164390023516423,0.00455723824617044,0.111954828215865,-0.313349578603956,-0.158603384711665,-0.0702721742317628,-0.204737607419478,0.0639751285881654,-0.105252248183265,0.139363950670181,-0.0978843651668713,-0.178750901706069,-0.277612906429525,-0.0819159268298037,0.0509398809559531,0.0277773728867413,-0.0943851913369028,0.131680694138403,0.428401272525644,-0.103038988961103,0.0693464781835376,-0.346096804519364,-0.304399777203209,-0.180257366209821,-0.522810338183873,-0.447062520428909,-0.27879146884493,-0.350848602323378,-0.288415500133336,-0.26272048640524,-0.0836656804192738,-0.253255787613161,-0.35947713927923,-0.310591615605725,-0.264782711032062,-0.0631619161775403,-0.0878395986973764,0.0106786108564845,-0.323441357640502,-0.211604401461767
