1,0.457720692003704,-0.0812217129747261,0.469654105864272,0.30405358266305,0.314212663967393,0.17941246176803,0.293593395494629,0.601081947924384,0.603062173818066,0.527267959302555,0.258555276457831,0.380254102095808,-0.193419017997767,-0.367439001539121,-0.0256456378203573,-0.0663429715018779,-0.249762934787075,0.173389192169105,-0.197357384804532,0.00231645532716971,-0.0169405427148416,0.0692209836673236,0.0351816329572692,0.138064809930385,0.342391569067702,-0.0684052672279321,0.178621194821287,-0.0595331811088192,0.226459182178339,0.311796874257933,0.297050391691921,0.249977916930987,0.0468114158938869,-0.0147140149465006,-0.267594392903811,-0.272738083337823,-0.209438148386539,-0.284522139733189,-0.254365440451398,-0.191686285560192,-0.0960849101042485,-0.277379628670389,-0.168549866137075,-0.11626299058512,-0.0670951286191366,-0.160344076454111,0.272574763116781,-0.261092781603889,-0.0653884592807048,-0.0368018429339858,-0.214669619737385,-0.392137238951957,-0.292255075868945,-0.205251282480014,-0.0801868725808126,-0.180695067392168,0.220760777845665,-0.0582518507806563,-0.141166094464483,0.0419503094058338,0.210400661194139,-0.126544138184444,-0.137246126842785,-0.0451316153881052,-0.149688649137553,-0.00976121097200062,-0.0115093753812588,0.14236337440989,-0.178526875630603,-0.163392717105654,-0.053431668120662,-0.040692233124707,-0.0751778415511205,-0.146252856564885,-0.118027537182656,-0.0608229777456819,0.322288894660031,0.043188322990724,-0.0929795418898515,0.0161147784770118,0.204536199581406,0.452743587592598,0.621706204054374,0.307072007034145,0.374760187601451,0.0632315661429466,0.341875960146756,0.456357968867814,0.483009911705831,0.530754924221519,0.657070493155877,0.539247790343336,0.555429545288477,-0.193113531377805,-0.388665189827078,0.136744859542903,-0.290598647355946,0.096256977372288,-0.121407413635573,0.199173639897093,-0.177053551967046,0.0217784536548589,-0.0397003806675623,0.0911206399856912,0.152409093193562,0.00701444080948522,0.136436422309496,-0.178379299198806,0.188240666262376,-0.0804628320055624,0.0710118590919425,0.157817635850999,-0.300934770928694,-0.226841987368437,-0.0847876494757911,-0.154974627641562,0.296472652267911,-0.150555954578228,-0.151374263398244,-0.327331500238507,0.0122996679164886,-0.0118403445696997,-0.301120411947791,-0.355463189082128,-0.26183182610507,-0.2345290652978,-0.326492788267851,-0.228976119627009,-0.266398268905106,-0.100673915396852,-0.216132792652146,-0.273482125045474,-0.313855988350831,0.148444241547457,0.000741720295772414,-0.35880147591256,-0.365763219292259,-0.200611333960407,-0.16117783536851,-0.193635143756924,-0.232504179563249,-0.292654781875212,0.539719487422138,-0.163647971136655,-0.343463183903661,-0.185714617161304,-0.355258382332159,0.210137921397932,-0.179012222844511,-0.291818600418755,0.100606169736606,-0.0176805390981815,0.136524645819788,-0.174358392264564,-0.409252115882388,-0.23518437292543,-0.241826631331959,-0.219011218906105,-0.0928929184706289,-0.0784602817677938,-0.0329823469497414,0.416514935510548,0.173551635680685,0.0657974835819735
0.457720692003704,1,-0.289813216574024,0.664082979011324,0.255647529994327,0.526632600235109,0.175602493569021,0.479317666769431,0.511038731866746,0.526887640893996,0.413342788219663,0.829144688087257,0.633305083985449,0.0286276206830535,-0.116815223644431,0.344328437972223,0.199501724930197,0.0382721067951441,0.470437911869316,0.0214705039663897,0.297569563388129,0.367980694888598,0.362672441120106,0.21250336768007,0.470775201658784,-0.201791077964546,-0.335024786168328,-0.193233010415526,0.133737505884605,0.457961414588428,0.195805947165789,0.203686568782711,0.326240110365229,-0.185445410306832,-0.0535794081916133,-0.386803512482063,-0.0806481115914672,-0.11184989955036,0.0475081971115604,-0.11359039757431,0.0400043383697211,0.0202469819326415,-0.0834155337739331,0.131645052227843,0.298536378081571,0.0969304087992788,0.13581058107953,0.305102369853927,-0.109384535576215,-0.348402759436955,0.028771134206979,-0.106910691537125,-0.395285433618573,-0.124022787063685,-0.230297597728128,-0.366934463268859,-0.241142695691714,0.156196846061481,-0.141012872874151,-0.0424231649002827,-0.0690756964634696,0.110061015686775,-0.160301026736402,-0.194920827868743,0.0339979723762795,-0.112151288893231,-0.27748534603867,0.234541273499996,0.0964714347293752,-0.125261174205817,-0.117996302064186,0.259452673633838,-0.146351229455824,0.360723574036368,-0.132338059130374,-0.280846631473573,-0.257036000944507,0.0242514895740591,-0.101049338660988,-0.202969474479065,-0.132521818146746,-0.114808456280264,0.0272219285126187,0.110501517049431,0.638880614643308,0.828933340962411,0.361298678178913,0.295369384779883,0.231719505594271,0.627921597814302,0.350283352064472,0.458146755846226,0.763817152378136,0.0841778368888432,0.0884322833007277,-0.100161430206503,0.369522535604192,0.244901464159888,0.278135323094484,0.299548085995628,0.440145812394015,0.115188975690023,0.464263454843119,0.291911316763495,0.455561212575327,0.429107516002909,0.44389259741215,0.700173053644942,0.0840105262746456,0.485154611606341,0.370361982135734,-0.147264557200269,-0.0684768835152999,-0.107929837724407,-0.148719818945356,0.207816897133998,-0.223764697542786,-0.0959598470872883,-0.0282567725625805,-0.159060928671862,-0.258065809651341,0.160311470324202,0.206845711970221,-0.119732297263075,-0.17645755713197,-0.123673864199043,-0.126417423283663,-0.0768873809211349,0.0209839482033997,0.0077048509602509,0.0811235002819456,0.154173362518789,-0.0564393565119252,-0.243434374649215,-0.231649054792281,0.317820381977757,-0.325191374047645,-0.267002799228031,-0.151351567547112,-0.450101702631944,0.0868255199967056,-0.0640427687124303,-0.576972750795159,0.127101394177669,-0.336885436023317,-0.367451819607582,0.198838420079775,-0.415535386700222,-0.323168595920067,-0.234795162308393,-0.376133756138565,-0.0111606771316387,-0.251285162700837,-0.00561408312344885,-0.392805197255441,-0.0875458880215479,-0.0163437547776265,0.144529616787682,0.140953348983814,-0.250106546174398,-0.435881730032078,-0.460134651450965,0.0406711779957266,-0.0884926678644092,-0.11887478576661
-0.0812217129747261,-0.289813216574024,1,-0.00821582627772007,-0.227124477491328,-0.456940209069374,0.294422890241544,-0.420339324564203,-0.289255733219699,-0.0520919232550382,-0.1816374189689,-0.253783918813576,-0.10215204905659,0.0661325759712355,0.164272035492977,-0.138064463059444,0.0753556160005181,0.349591597632834,-0.0400931733074621,0.140388314653657,0.0501215589613397,-0.0107485691277187,0.451626108728281,0.382706723286302,-0.27454241954818,0.353076542569053,0.725776537378557,0.748819063500777,0.652752176174073,0.248516691567926,0.0413156121975691,-0.291917988091512,0.527658363278453,0.236688278740275,0.0989812733670744,0.574805055589524,0.474496485901572,0.733926368380519,0.239166160340068,0.450321329614485,0.257415264121146,0.284108812353053,0.327817339883998,-0.109231216802288,0.115250445157233,0.430487731712066,0.11225996146174,0.0746380956813185,-0.371526339288811,-0.163784659680389,0.659850371986126,0.409074811645776,0.10519024099089,-0.189612261571649,0.692824254439908,0.33909851252166,0.0605425738422678,-0.106557951939051,0.2673852507556,0.526759086070877,-0.372878066788082,-0.562967447653053,-0.424600616189706,-0.193013463894249,-0.411742776640712,-0.400635311484556,-0.442273036015188,-0.0865440570176702,-0.311574372773686,-0.239307319575666,-0.0445329687611067,-0.247190787249066,-0.501420720597132,0.0539896395512088,0.0905901146133736,-0.404943276626675,-0.178679428506122,-0.198030734164499,-0.586079712146825,-0.223311455529382,-0.51635418700327,-0.0399836139739575,-0.103141824071357,-0.025780579876079,0.0643339233266258,-0.052227697017487,0.323183099767012,-0.339960206670339,-0.188183624038459,-0.319040599462964,-0.101759245349835,0.000799941489295578,-0.245865229255528,0.090231201965165,-0.0173545157290287,0.144733364570851,-0.0555721865502437,0.122912911276596,-0.121488672624965,-0.0451432431153645,-0.0906377955423813,0.0570331846352816,0.00422185206202006,-0.175475655779705,-0.186085105643991,-0.380620676569792,0.33142365826487,-0.177549865110638,0.315185977251797,0.132956296988382,-0.174170414879299,0.592708595749565,-0.343539615408347,0.36058611032965,0.671837442046383,0.554666807631972,0.361162000067314,0.40904237357437,0.373626085357623,0.428846549875028,0.317139266995464,-0.153281313994105,0.041986137124284,0.446865006742187,0.136108928372879,0.348680086149959,0.345878100596895,0.309601264798859,0.246109929862471,0.239814550418798,0.407203510596009,-0.0358404656161082,0.505661679852683,0.41150803297739,-0.200775308768066,-0.172940182875769,0.134059864484144,0.0216690083887184,0.590740018976123,0.280147527715125,0.089062752664181,0.22031223098952,-0.0888166754180877,-0.127393413436799,0.283399188550989,0.641876615726576,0.221170517399291,-0.0410813495297761,-0.363492298063079,-0.494603907273023,-0.341677822791293,-0.464704193674408,-0.505099474194342,-0.245411627424074,-0.288303608475464,0.0298517957616313,-0.185267883042253,0.00284288586957748,0.0390706293566301,-0.437498720434509,-0.263093120876797,-0.199986199590475,-0.18469409533212,-0.524832837757921,-0.582672734755797
0.469654105864272,0.664082979011324,-0.00821582627772007,1,0.349872073081842,0.428150318171291,0.197100106226578,0.257200055905192,0.616729106584381,0.509228154145958,0.703700203121117,0.639461795568337,0.540188163919733,-0.00904794772927883,-0.114289326143403,0.188873630399134,-0.0199045679627855,-0.277685625678619,0.486315097146647,-0.185491329793619,0.0609799323492443,0.291341732363638,0.25467655648684,0.103737165053233,0.405801602746096,0.0808764297746625,-0.0422315058996317,0.0766300055889481,0.0933083102459281,0.314421420370411,0.467667265325875,0.107786495205638,0.268008326755145,0.0250503034796068,-0.011485205927077,-0.136371955726081,-0.239355985467731,-0.119945172838053,-0.016138878238872,-0.190376924183782,-0.0910880714491401,-0.162920546299132,-0.237893088539352,-0.173386193275913,-0.0687778655002585,-0.0755241866667641,-0.0511553978727445,0.195822126460219,-0.183756545273086,-0.121847514432548,0.201671270624368,-0.0206808471737111,-0.291773040640581,-0.294446716756256,-0.0678903072713671,0.0368740796807786,-0.103550775965793,0.348523302381018,-0.0941591849664204,-0.0805518718869347,-0.00850950654698254,0.232468603042716,-0.10417654221155,-0.235995122789675,0.009660731504436,-0.133257676927424,-0.143944893081565,0.201487346169296,0.198095508690926,-0.0936605358923707,-0.0966402741518787,0.0142937182222965,-0.116404627843873,-0.0413539585389959,-0.0892529571921687,-0.265658436982457,-0.108549101061909,0.271195390610651,-0.0906548119610701,-0.167993427932187,-0.0909761036252592,0.144769910104635,0.157108670615314,0.096485381662185,0.639279341406695,0.78073662506213,0.271853293278666,0.031703127048985,0.484893698676416,0.661818851597535,0.520146558755784,0.460738015848962,0.812367712379632,0.244167355774241,-0.102991973471145,-0.245422154937949,0.316460890732874,0.235206898979194,0.0741413980555961,0.180223551526913,0.453159867362802,-0.18732705375618,0.470094388935263,0.310008746926827,0.369847838346277,0.491544301662072,0.420398517039738,0.619262399676643,0.037273766779234,0.543216478671398,0.409785935809367,-0.0925982061063311,0.00754267835920232,-0.1637471016707,-0.0583644339026948,0.192928565609162,-0.0786754016710862,-0.00246344683953109,-0.0277151599331937,-0.1086751636637,-0.283831354236309,-0.0206762595880925,0.0128585066549962,-0.235396958379628,-0.275110128465321,-0.219301707117299,-0.156848608503132,-0.222856397888325,-0.175904067144843,-0.184231709881626,-0.0857888555675118,-0.133779492633244,-0.192223970710536,-0.268292930951391,-0.0485808345373921,0.0220134273886593,-0.308241361360526,-0.471009180851708,-0.206725491885126,-0.200264202203509,-0.0912693760641373,-0.141266639653809,-0.342564455386808,0.39485462846346,-0.228717789015356,-0.247608932584402,-0.160755178162464,-0.578212907593772,-0.097453906511834,-0.210677861908451,-0.433538645762383,0.0828725499988412,-0.165908782382642,0.079028575863,-0.217213610971268,-0.270309477591855,-0.186680286323187,-0.132700784696635,-0.0633623270176552,-0.252554076642004,-0.293985147090354,-0.256551438909494,0.238831545629485,-0.0795077924243188,-0.0743922563461195
0.30405358266305,0.255647529994327,-0.227124477491328,0.349872073081842,1,0.31811544707789,-0.198937446372662,0.0173881387663024,0.458127795190838,0.1254679388234,0.431765110689681,0.169832079805096,-0.0304302622810948,-0.0621641509852296,-0.0804005261834859,0.212003224053073,0.14645756093274,-0.289585019765629,0.347439961063198,0.0686733478337516,0.00200594931857123,0.311826232868161,-0.17927718212235,-0.126224667273692,0.112994620931452,-0.00423602920030283,0.053978733852127,-0.13888689293299,-0.181230324372505,0.106008583753358,0.190705190071244,-0.265794667896236,-0.234137010822315,-0.0857637989448698,-0.160049114104215,-0.058382558042857,-0.399072334353054,-0.319877335083097,-0.340502799035889,-0.293860914450615,-0.321953219297538,-0.123052605230297,-0.422017594634704,-0.349761880130965,-0.257736967178388,-0.48195971421784,-0.153642417124566,-0.184727235966202,-0.259096874443265,0.0068380275385522,-0.0992016608280583,0.178742597568144,-0.0881467467410211,-0.352855376445095,-0.144878215319024,0.0797051203081711,-0.249943802171176,0.216060740951961,-0.192471502742696,-0.164134256113618,0.0276626630382687,0.149379424027129,-0.202161697964494,-0.191915684520423,-0.336215437050112,-0.292052757516443,0.123903166384407,-0.128618803430364,0.427531486370343,-0.24945335838532,-0.228607023151635,0.188916379245637,0.25503717906093,-0.135052048984202,0.0358724327900955,-0.00556403647672142,0.330382101467529,0.567310044513078,0.127366691669478,0.0572385352108115,-0.187331260550594,0.271490847261325,0.290465360815907,0.372324001906129,0.15422570501449,0.223940829808958,0.0353608929483929,0.225039424887603,0.631929010334048,0.318609528319406,0.418970959025048,0.2050277529969,0.343285945599359,0.254757634999502,-0.0527237375741938,-0.118724900945889,0.0558081841805996,-0.0190993348379399,0.272718486984756,0.213626722956662,0.391952911930868,-0.106769492227228,0.226781513153004,0.427354373814514,0.0362561557325401,0.511515343594613,0.0591253454589222,0.228219977226787,-0.279287378919404,0.0344886150483395,0.220342690551894,-0.249095034856746,0.0576737575887209,-0.168118240527855,-0.129924961763511,-0.135662455654263,0.0991616451712239,-0.149187165295097,-0.217759239767728,-0.187788375673812,-0.321859647976343,-0.256135188109063,-0.328315504656663,-0.298699724339168,-0.215844231764227,-0.153822102024806,-0.15657190774988,-0.377134690493714,-0.24464226546438,-0.202383603792513,-0.442741757514541,-0.171798454669575,-0.330299436226379,-0.121340348101532,0.305785929948028,-0.0971218748326697,0.0690218004923001,-0.372212099027357,-0.0999230751878401,0.0587468146278256,-0.423505047995194,-0.00421457964733728,0.0328541590167246,0.454418168885574,-0.0975616994826103,-0.0739311632245823,-0.175855949409466,-0.244510795840832,0.243811986653196,-0.213447344534098,-0.203808301396708,0.00942816296194922,0.155453812297457,0.209504319570467,-0.0145286836313359,-0.431162385051328,-0.268726112648068,-0.0423233769207483,0.0192169161123284,0.243724014633517,0.261771290668084,0.291128100642068,0.54447880756545,0.318690728236321,-0.179892910633004
0.314212663967393,0.526632600235109,-0.456940209069374,0.428150318171291,0.31811544707789,1,-0.0942455199808261,0.565157571205293,0.70045425180778,0.11535606068182,0.320397344953808,0.303087961864643,0.0832413672186542,-0.147223253526751,-0.256393773935433,0.0430958791670731,-0.167879557185946,-0.395531139202032,0.137631073010716,-0.199097855051709,0.0228945831040952,0.182531762796749,-0.240254168655176,-0.166419547479923,0.351116850308607,-0.0596692891907092,-0.266966799050697,-0.170141360809915,-0.224385352191559,0.121326147375292,0.106564059432258,0.249647719522877,-0.178043330838548,-0.081339229050932,0.101410772077666,-0.0786868379345899,-0.437825525295261,-0.461552074781349,-0.012720728269613,-0.310898535331058,-0.0235516919912781,-0.19084167789604,-0.164112417141656,-0.138547206982742,-0.181805644348682,-0.201234160511853,-0.128022600695489,0.160848062792243,0.176179115087198,0.119694532427388,-0.129818529366629,-0.102115749948794,-0.100100732471113,-0.107487223838184,-0.285054790081078,0.0250379963450795,0.0865352643284045,0.196456259308928,-0.287453292206277,-0.218161661223123,0.282688531857544,0.302371047980186,0.147650299616388,0.174973253796333,0.302331289400572,0.0831382383898605,0.203045544993767,0.245689674043838,0.348306962913834,0.161243053180168,0.235381916991416,0.181776066579483,0.282789718065688,-0.047260479070605,0.260683404051563,0.0367313663895358,0.187242572094033,0.302054080575388,0.338725186030752,0.186854446633055,0.287259383401434,0.0874386495249378,0.0925601716746405,0.215849074971653,0.219177853028798,0.385898761684483,-0.12082549619966,0.62555010877649,0.575882390369937,0.752808625376386,0.609069639831965,0.147628681847679,0.518137421095896,0.227271495856332,-0.108760513420433,-0.27958059038026,0.102676974385815,-0.228818293898267,-0.085696705510527,-0.00667491734994741,0.180971445380924,-0.15083434765884,0.192361277015689,0.0893447798892473,0.221030714123472,0.348168532454032,-0.186533682420098,0.327780304442231,-0.419570743595578,0.217809422692764,0.199641961596447,-0.0507514427690597,0.0792857977888477,-0.442295735956732,-0.348021502951214,-0.260890267207431,-0.13659485373727,-0.00109291199837365,-0.271749968338146,-0.38077863516046,-0.354840210027346,-0.0103878179232962,-0.12800897325525,-0.544944174488365,-0.359484314472128,-0.307219262404456,-0.312873108861282,-0.182917289336829,-0.298398539719932,-0.405087397407782,-0.442791980865586,-0.188584590681656,-0.450495650771524,-0.316423189079168,0.257003841661563,0.157322370046181,-0.315464319671042,-0.381728689483603,-0.538066341572977,-0.238382148432638,-0.447056539973084,-0.342625324406001,-0.237714122021256,0.327711638056846,-0.402637465287244,-0.498903433012581,-0.267018825211808,-0.196001038616815,0.195661645632372,-0.0166123445818884,-0.0529446192192704,0.196955294967284,0.15601069573294,0.169741183819556,0.0636019390008057,-0.250580399145736,0.00302846205422539,-0.0926022991428057,-0.0636769867487853,0.147835627601777,0.00160380046741702,-0.00412359822618525,0.319515347028561,0.321658031337763,0.186922324372173
0.17941246176803,0.175602493569021,0.294422890241544,0.197100106226578,-0.198937446372662,-0.0942455199808261,1,-0.0160312936310538,0.0632709048248519,0.275771208431826,0.0909974845645618,0.110520555878385,0.144884954815385,0.228764225572487,0.0839616078065341,-0.0859383638054739,0.0911076850568847,0.255202697307487,0.184514912547849,0.125782839410883,0.068987428897293,0.146262817239,0.432275153423705,0.273833399302751,-0.0544923045161537,0.238361965683417,0.328944342845212,0.241071670738987,0.336310119408152,0.253309097710726,0.132570482452734,0.167566205983447,0.614410318912832,0.108425367193904,0.192078446083997,0.260226569026588,0.506304924232321,0.441456513144924,0.425509989534379,0.264085161891076,0.31125401288729,0.191914393621624,0.334334204386981,0.178617771387596,0.153291679025987,0.568576574844578,0.252713838085428,0.350341048904301,-0.0905913817336465,-0.279527168183529,0.510198982496041,0.0519580457210128,-0.122702076966255,-0.0633018399813626,0.436214298679556,0.219436529741335,0.0661204527474793,-0.0844427703875816,0.094792156529506,0.240276752314772,-0.383072345791161,-0.333709527975354,-0.284883596313701,-0.155826163923681,0.148902779499874,-0.158836620640456,-0.528261823504453,0.0899845952840171,-0.311851374308157,-0.194080976243924,0.100549931846919,-0.145892412914444,-0.506411764210547,0.16172044476229,-0.0566887331183541,-0.350581477661782,-0.380033791584249,-0.139779352873734,-0.439099340820353,-0.239105847816024,-0.249690838079969,-0.0498179315883515,-0.0806314561361468,0.10916784089357,0.181829805791653,0.177014845188515,0.288999255779004,-0.0677994581301383,-0.104374180425051,0.0468626156840741,0.0526744377422623,0.212564994157887,0.168762781740481,-0.0951624328088064,0.0406992109539714,0.125811792279933,0.0311370896744903,-0.0900296820318456,-0.0295452128455398,-0.00350975432288838,0.110963128611513,0.22231722943021,0.0693766489661854,0.00754238320316837,0.230793229678419,0.0202918381069975,0.267636811619038,0.29903384659334,0.217410854344738,0.246034468477732,-0.0327360136436356,0.336642160143958,0.294233642153535,0.0574114483211753,0.306534043255832,0.349272902244834,-0.148219216097875,-0.111053447373975,0.302215944326678,0.13233116142961,0.295629996365662,0.367293622362392,0.600756540405981,0.183477195384201,0.235362500006574,0.250363213049009,0.197254443213677,0.270708713644765,0.0986267416966263,0.0523968604015382,0.451405160429435,0.131124614370144,0.419259211566095,0.294011043610453,-0.430603144360287,0.107825111566319,-0.210749735647896,-0.132131877034115,0.257210221710397,0.219749468434889,0.0915463095583569,0.0530996977836473,-0.291537001482395,0.0797484322625531,-0.0994811998036003,0.0716800628227299,0.11955565082574,-0.195511122335136,-0.415121137066338,-0.450641943954697,-0.449200649026895,-0.330672684723548,-0.43147030217439,0.0833510496625549,-0.374732328680695,0.0859180640549118,0.101122601159129,-0.165029103892076,-0.0580133718110132,-0.554022666982994,-0.515980272293521,-0.460797734020341,-0.0517705235573658,-0.418023340373706,-0.243978974118812
0.293593395494629,0.479317666769431,-0.420339324564203,0.257200055905192,0.0173881387663024,0.565157571205293,-0.0160312936310538,1,0.205031259194467,0.42301662245674,0.196170635480283,0.430768099233111,0.328674211973422,-0.0927169794264334,-0.0985328862813313,0.0658752863413995,0.0693192382069133,-0.179416353149363,0.208024793470871,0.0360400340536563,0.0725402894171155,0.262395444391524,-0.0445131707509299,-0.0118629607316488,0.220276685985347,-0.0699373702901434,-0.343737867905674,-0.21940163126617,-0.233164008862845,0.195377596828055,0.0416536172453856,0.0847650120622688,-0.0841549124260699,-0.334821588062901,-0.100325055497048,-0.351095104395521,-0.274212444850367,-0.329343989318121,-0.231079509921342,-0.269738148821989,-0.238449429595422,-0.0514078227289943,-0.0741865228311929,-0.181188040972381,-0.0254547353937934,-0.121813995177325,0.0224036151385211,0.295856176462672,-0.0734043384941924,-0.0480181674727881,-0.268451430031041,-0.0960206751920139,-0.253443178768749,-0.0469801283998124,-0.290744178676582,-0.305103575213574,-0.18087676926091,-0.12332999258034,-0.429679231037198,-0.355078385943284,0.107011048914212,0.250591295352623,-0.115380056227456,0.098521222299855,0.163363845354428,-0.0909593646726689,0.13353481495782,-0.0646254900405964,0.265793268312288,-0.154763159729211,-0.107357521750929,0.0252917408097392,0.147099162046943,-0.0840004140819496,-0.209700363808546,0.0461331254408029,-0.0301015147212756,0.0197278004328042,0.175164439285831,-0.0112056609048287,0.130539759362281,0.0119943446454201,0.215798968075095,0.1011465198029,0.421413072963635,0.391507719759459,0.0509117964599846,0.359562057823331,0.260641190111575,0.472307031159237,0.241489167801798,0.375133041726683,0.396774634988801,0.210735724087527,0.0558414731020151,-0.213532437243847,0.38417482340532,-0.10801702974485,0.224158558775824,0.17571908129827,0.269463858439453,-0.113428059452239,0.167512928679611,0.161984294641517,0.354796211356824,0.345307562863088,-0.0351110652436199,0.233108535938738,-0.134196312971128,0.2347865775012,0.132827461313944,0.0435678494033491,0.0620580984024808,-0.331320063374562,-0.372116623118403,-0.149153660617668,-0.09518651973468,-0.0558904247729057,-0.0735317269947982,-0.212289280651075,-0.234001319222691,0.0625167408456143,-0.0173155856558442,-0.341781388785461,-0.263799354054659,-0.304967622875155,-0.284017700404205,-0.252948959815293,-0.100754250677116,-0.241768062523723,-0.154899664121824,0.0239453602347476,-0.302122006398936,-0.310456643670528,0.170810060887491,-0.12250145646122,-0.295510177741014,-0.138453417336396,-0.252789901786975,-0.356507503541327,-0.145347615753227,-0.231631572990176,-0.234073307259409,0.0289871006369963,-0.467425440600418,-0.544506339911218,-0.116162562040692,-0.242267195843189,0.123554155125123,0.0180315820370289,0.0692690376743249,0.19194925543065,0.237879627114757,-0.0349645958130942,-0.224018213028343,-0.250030792158298,-0.0615636474757813,0.000711049553662669,-0.0631922741894663,0.143606304553271,0.0577079150297363,-0.0253449235079622,0.051366877966707,0.260297918072678,0.205332245661114
0.601081947924384,0.511038731866746,-0.289255733219699,0.616729106584381,0.458127795190838,0.70045425180778,0.0632709048248519,0.205031259194467,1,0.312988609012482,0.580595036751844,0.286521614826439,0.175450105121672,-0.232019200675535,-0.391305993339458,-0.0341102779039616,-0.249477153347942,-0.378607207519744,0.244846382772057,-0.225362795216366,0.0119864604990218,0.094461695920292,-0.0954705284957448,-0.160949375813932,0.254408942344346,0.073166513385697,-0.204835680033327,-0.0549120952021225,-0.123557784321514,0.124894081638621,0.220075701660052,0.303183323505822,0.0182073412672332,0.105859161379642,0.0163801269845488,-0.0959084040546159,-0.420971398053523,-0.361986150079539,-0.0899344065250079,-0.355546352346885,-0.0160582575793242,-0.247967809551532,-0.316287923562099,-0.121631457746703,-0.253226653129245,-0.172380946418399,-0.300291582363871,0.0875636123008375,0.010790846866989,0.0328361115921463,-0.0365124301836169,-0.318149253297758,-0.269345568136954,-0.178108650912709,-0.28997885620304,0.0390058357076653,0.0935385185197285,0.412007375618175,0.00545380813622163,-0.159351685555721,0.240666064198396,0.257733007824915,0.184505270423689,-0.0514049793323523,0.146627688447874,0.0845285369148853,0.0383463124084501,0.277414367761952,0.244493504439737,0.0792465675964711,0.0894534286314786,0.135010263322723,0.155893779745024,-0.0909600386215129,0.181006497191713,-0.0856917315912853,0.069543103060978,0.449658538166061,0.201027276967061,0.0274950671000163,0.144263052319264,0.219158769814714,0.213868056971169,0.440128839419343,0.0974028582299424,0.428571846660547,0.0228629760933467,0.471327595020118,0.618027215929818,0.806167994689663,0.788472536598949,0.393981751399637,0.612265879726154,0.325963834744182,-0.259904597966232,-0.432680184717837,-0.0355642029634809,-0.228572308859148,-0.208787497260827,-0.173653084902699,0.221380675898944,-0.235236588534341,0.188067954405299,0.0828129236497312,0.19763972729473,0.33962104192841,0.00659027926749297,0.362760056079551,-0.299801449820082,0.23913623483403,0.200698117218893,-0.0174651605040775,0.16392861437514,-0.366526153098531,-0.206643915402987,-0.132086070638981,-0.0739313465024405,0.136854061154276,-0.199960143652419,-0.284166064155288,-0.376087212415127,0.0223272106790015,-0.0480722672411281,-0.474534379141654,-0.374179919838927,-0.332122016822764,-0.320018394440332,-0.214044774153398,-0.406777187162233,-0.430620716750973,-0.275843582495807,-0.325246637070009,-0.362519083843693,-0.272459529059981,0.187559631425679,0.279556701213255,-0.402447326524347,-0.46884699950335,-0.446428592247561,-0.109916164077442,-0.383088066443376,-0.268690847747403,-0.184189089071879,0.576353705148563,-0.143042115520131,-0.3575921631005,-0.332439687658108,-0.263309108406447,0.17122345909447,-0.0884946284612742,-0.211544341912028,0.196337268354017,-0.00963482482934279,0.16972314932715,0.124794614995283,-0.349157112256637,-0.0769378337761897,-0.214944233009963,-0.179611186493958,-0.040054916013296,-0.126230383642159,-0.0592064362875524,0.549763080231361,0.227683686032527,0.112364715891835
0.603062173818066,0.526887640893996,-0.0520919232550382,0.509228154145958,0.1254679388234,0.11535606068182,0.275771208431826,0.42301662245674,0.312988609012482,1,0.524995680389154,0.530274476173818,0.606388112573564,-0.0439122956559995,-0.141983706618576,0.176892661335657,0.074342540031676,-0.0921535543550808,0.415317624001983,0.118950822485422,0.0813168858042851,0.181346690151116,0.235473773416824,0.0782688205345953,0.303659809317853,0.00173177874366443,-0.0894640996151069,0.0303348059566879,0.0463563325134854,0.25550804020217,0.28710906536678,0.264811251511289,0.32816872675536,0.0315414868263143,-0.0975311446370621,-0.357171512597917,-0.203343703537432,-0.150101950869528,-0.188525237361006,-0.205749903088685,-0.198313859378821,0.0120796223845314,-0.18516794524917,-0.103164179603247,-0.00213598435907409,-0.057561870161758,0.0507789770001127,0.181115341061027,-0.178952732824158,-0.096448414748377,0.0783073565374338,-0.298849103923201,-0.298946228734795,-0.0386296469960486,-0.163188559095167,-0.253212402251757,-0.222254029970466,0.169090914694294,-0.00411843217607382,-0.22494289189383,-0.0438712294147993,0.122065605469279,-0.196973475061458,-0.046469589072101,-0.0543818860606574,-0.157931869849056,-0.216192987414631,0.00505766764920082,-0.0944832105239645,-0.165151792046312,-0.16938959651577,-0.225026089139767,-0.276184884268,-0.162848573380794,-0.345545795503797,-0.110896179379188,-0.231781846694649,0.0171663718780407,-0.169782405616037,-0.31281602057403,-0.0771773426553497,-0.0371848760244523,0.21369756772301,0.156044127345088,0.529111785840344,0.582625411642888,0.297966175307162,0.0440862358541679,0.136081913880272,0.380127399162597,0.212729703631392,0.740744378896694,0.613316366389298,0.435720449724231,-0.108366423138779,-0.268061529651976,0.248983629873922,0.117106868465908,0.207610712215633,0.0729024643439588,0.314769433750523,-0.145322368425575,0.228243237274883,0.175429651700168,0.285740176844125,0.272647908179814,0.253773382796379,0.312573401242677,0.0229161335205091,0.236482072144276,0.173756179453163,0.0556184670656346,0.026978289120157,-0.200556464646389,-0.0568919603621438,0.0771772719147305,0.0141725816104222,0.171217472987853,0.0510533958615051,0.0831108247304038,-0.191467835984304,0.0277446195080717,0.0485924804582559,-0.169384253993309,-0.215477845525897,-0.27111410150859,-0.17810306560996,-0.261582023040833,-0.0898634098551199,-0.152702847896405,0.0795698426099653,-0.0493579230308548,-0.161106912589701,-0.13636787019929,0.00109344852533334,0.0270976087231653,-0.167774699281507,-0.0855385652483382,0.019925791464646,-0.105089666527123,0.0371347085719168,0.0574973777482067,-0.192619619301605,0.290454576557447,-0.204349107446099,-0.34725948306525,-0.174819740904327,-0.35905777741851,-0.138975251767886,-0.152303615735606,-0.257038129061121,0.0829888829354489,-0.133455783853465,-0.0700769653129822,-0.246666643972219,-0.287967317266238,-0.114734273496036,-0.287755999322505,-0.249944282687754,-0.266149566599431,-0.207014779131947,-0.163227912012286,0.0889345543891844,-0.0735878334659503,0.0120973900299445
0.527267959302555,0.413342788219663,-0.1816374189689,0.703700203121117,0.431765110689681,0.320397344953808,0.0909974845645618,0.196170635480283,0.580595036751844,0.524995680389154,1,0.354413287259556,0.297908857177729,-0.285298543188034,-0.390689297340672,-0.026168474268935,-0.172293988272817,-0.456808762643117,0.451943082467653,-0.155448990709259,-0.036835870845344,0.240099676960376,-0.0434298301017315,-0.0567062982634956,0.347549846514615,0.162794579229359,-0.149274276756911,0.0125102606175494,-0.0914042668254779,0.105632983599248,0.421732076627618,0.178372422670295,-0.0140922795257925,0.155333426313771,-0.096155457421041,-0.190229342629615,-0.500895488628431,-0.350910650444006,-0.240551074258091,-0.411051151379937,-0.33104622033195,-0.290682968695753,-0.315127297139071,-0.311879306117419,-0.241475374116861,-0.256175865730618,-0.151117270176289,-0.0254402713441756,-0.215258036027356,0.0440237933805618,0.00647637920992474,-0.206263863924161,-0.42408973779501,-0.30589047291035,-0.269841636176774,0.0276383017633429,-0.244328458039432,0.536100780188724,0.0200412121749969,-0.21761917520715,0.067897616354416,0.347147766497843,-0.130735677875394,-0.154360470692179,0.0539186073465968,-0.0946295584199252,0.0315861135872492,0.0102838969852624,0.213941010710083,-0.115215403435808,-0.088994869119705,-0.134553618262957,-0.0206052504919282,-0.270774952200992,-0.312596230204817,-0.177182065533972,-0.112506646651622,0.530839267890783,0.093899256937025,-0.0428990923377014,0.0756178819643497,0.314148971817519,0.372610367152243,0.348897745274902,0.413566056672529,0.504239558508193,0.0580056436924982,0.0564022426858631,0.532680312917389,0.489994711532507,0.465239379139433,0.49154738552323,0.729647838129743,0.473163743362168,-0.334959322104605,-0.495362776212084,0.0945603468106659,-0.0581680026207093,0.0238811614345371,-0.0850732443542911,0.319246090736334,-0.203185650660814,0.23934349987539,0.261009557868264,0.305920396392858,0.475294529708531,0.0927829466731081,0.405768566177394,-0.214241469220144,0.294701923708326,0.295410499163348,-0.134254243955704,0.317258100608424,-0.379510362976535,-0.209531173109844,-0.0965661674635914,-0.147449014827344,0.100797275506884,-0.0730820717406241,-0.101551725406713,-0.342263293287498,0.0661086961162889,-0.0480122862830177,-0.418377955717156,-0.362833489452788,-0.40429948167562,-0.388153585729836,-0.495314440588775,-0.386068073892443,-0.3217652595485,-0.255787654974458,-0.297573595928326,-0.452604428714216,-0.433421399279359,0.136763757853626,-0.165839131552301,-0.218563090425571,-0.364423154298139,-0.34552763329928,-0.0685713243826553,-0.126613267970525,-0.194715672229457,-0.0576930735072625,0.658690080039459,-0.0630476548775021,-0.406012368316885,-0.396758737693502,-0.547716700021223,0.180041805725241,0.00295066394098473,-0.244798601376891,0.248144651961035,0.0727083774354649,0.192984721034097,-0.146316569387733,-0.424473930383489,-0.182524139132577,-0.393281219766578,-0.200498684702583,-0.118837165466183,-0.0716395410488294,-0.0742658021804386,0.562122466008285,0.210495567189497,0.172969612589584
0.258555276457831,0.829144688087257,-0.253783918813576,0.639461795568337,0.169832079805096,0.303087961864643,0.110520555878385,0.430768099233111,0.286521614826439,0.530274476173818,0.354413287259556,1,0.791936368773225,0.173719267439378,0.0943179147601709,0.508067962975745,0.352539026323329,0.0337622877449372,0.606186468213007,0.171736143257539,0.314760350121512,0.512243192460124,0.387600644941929,0.190502253922339,0.555668300915382,-0.303421841699579,-0.291517618212168,-0.264613947355875,0.149190726892292,0.40419143237646,0.28958349640538,0.0635306924353737,0.303544554275601,-0.223786185316298,-0.221183945301741,-0.385185975382961,6.02342138190137e-05,-0.0612039901271483,0.109585939323968,-0.0319285156049146,-0.0193498249459518,0.0563007857856488,-0.00387954677995028,0.164547597053769,0.309558091672539,0.0245969107975833,0.152379591942457,0.235433569007458,-0.109654337963857,-0.43464534018795,0.0413494455432408,-0.0742681807242483,-0.304805333906661,-0.0292904019187938,-0.191110153849772,-0.459681085019638,-0.36260076182017,-0.062032406833977,-0.230187884686299,-0.150676473849724,-0.0678860559397827,0.050269647478302,-0.165085641057483,-0.0695093189213858,0.0202608947977557,-0.133001153568844,-0.328786356160928,0.13103970264884,-0.0856179444635548,-0.074872560632028,-0.0719254812614394,0.0480890957488919,-0.207634562010799,0.202398915778559,-0.317833923744686,-0.252642237781039,-0.318958649158022,-0.231970734645979,-0.262928225352561,-0.400919602075275,-0.250575189538856,-0.280162224814461,-0.115356617790177,-0.160152505388319,0.702608293385475,0.779139683406224,0.448189429874757,0.0804091299732667,0.0367639144798375,0.450768615045247,0.150954723957402,0.398296813617003,0.67420761169484,0.0414897124564716,0.249225311675908,0.083404628256924,0.455562093928622,0.442347118746964,0.441389528244907,0.515171228028062,0.595572270752875,0.0470239160383776,0.515886208472808,0.470542541211759,0.498919045331138,0.565811138089192,0.607809555056927,0.668400550564806,0.125646033098644,0.561495939391494,0.529985241155094,-0.214799435242553,-0.0773839435304066,-0.0129630877258713,-0.0188129352248159,0.267440710271629,-0.105560792608856,-0.213644868152655,0.0213670771713531,-0.0387260768461441,-0.060141333210295,0.258586274493326,0.286766051178022,-0.00717927893351749,0.0642638660485216,0.0136990307926225,0.0349034553747921,-0.0691232559810517,0.150694090216487,0.125384954532843,0.141154862863712,0.275867691326759,0.0805302655215531,-0.0769272636126035,-0.324646714467234,0.203134340124367,-0.127485862967134,-0.141771608986794,-0.0103013733407927,-0.341069324688853,0.235098740227473,0.0501664263634431,-0.434798741886042,-0.0925008008647185,-0.392545610045745,-0.333098377593599,0.170079524060806,-0.386128866067164,-0.407239373731385,-0.144229955165035,-0.363432006284679,-0.0248803692362104,-0.301346879233456,-0.0516627144657882,-0.398678067392675,0.0724864637191501,0.116332773181579,0.02474142749255,0.0766698381244648,-0.303866465407201,-0.40705900249383,-0.454583036553097,-0.220636792117001,-0.284748686172431,-0.207133086013087
0.380254102095808,0.633305083985449,-0.10215204905659,0.540188163919733,-0.0304302622810948,0.0832413672186542,0.144884954815385,0.328674211973422,0.175450105121672,0.606388112573564,0.297908857177729,0.791936368773225,1,0.0973884483960178,0.0580038159764568,0.302276459630349,0.215455177295421,0.0308249123298994,0.553717407057438,0.0815211918693347,0.125463362798182,0.309317214619167,0.270342006310031,0.0414386680650295,0.343495104106531,-0.0743254696444769,-0.227957981849541,-0.12103824361614,0.0147290721087076,0.226174512201677,0.333683355527001,0.142208658687577,0.273687273898245,-0.192105064216701,-0.246825878177948,-0.431808193387334,0.029098305143128,-0.0845392577564456,-0.106831511801418,-0.100958939724659,-0.176946905344719,-0.0641424755818046,-0.083102738477747,0.106247118095737,0.122288119182563,-0.0801497151271446,-0.0486568637653702,0.319638545198451,-0.134379945138753,-0.343161833778027,-0.00776053679264889,-0.110222713136658,-0.24348177733302,0.085789055273444,-0.157416324480838,-0.355473029690371,-0.305830783677046,-0.116531160724935,-0.161077910622079,-0.239126546423459,-0.0917649626849662,0.069594392489124,-0.14082311275431,-0.00900087341260841,-0.0480305271445183,-0.113218224835571,-0.232932373032308,-0.0067024581200653,-0.148977582643596,-0.149723141150774,-0.137808974170124,-0.193410887998422,-0.215084701643233,0.018238770327126,-0.411624201271417,-0.0867682301060489,-0.389056795773615,-0.282793755461517,-0.231262513126898,-0.458491449929869,-0.151720470185946,-0.298553778958369,-0.0061952941269014,-0.10265319812675,0.632889747463963,0.654806822061232,0.363700300580677,-0.00358530139952235,-0.0709166940364986,0.322552867762747,0.0246495024616404,0.473709479935728,0.450399627862766,0.191499270552743,0.252510019305852,0.127698662954406,0.41967252817622,0.295791004318169,0.34884402648858,0.423726663849085,0.541033708032327,-0.0603467036422531,0.365030028354807,0.19903760712434,0.421294872336234,0.371566224900217,0.447247701423649,0.437911778942383,0.0991126407403177,0.436900784088325,0.335783671053791,-0.0422537726547895,0.0127417927294372,-0.10773688162662,-0.0710348614110866,0.155529449963032,-0.157575050324199,-0.101749057968612,-0.0258736024671462,-0.047712254979918,-0.120771801264919,0.174752492052597,0.242990474710196,-0.023864050411387,-0.0141537681032373,-0.0307733643764427,0.073025346438417,-0.132109465788607,0.00922608270327381,-0.015406068419283,0.105034794088207,0.135729589727891,0.0472410537256472,-0.0823744070303339,-0.235805124595548,0.0181531188813065,-0.00202401506423756,-0.0256092232224438,0.0524367323405699,-0.201097385999253,0.250055821769371,0.027734243541167,-0.272995122396807,-0.101062798252921,-0.27128252323473,-0.302650028744465,0.0370588942230136,-0.258305495809464,-0.271020013280081,-0.136383218723992,-0.256578424901061,-0.0121074669418259,-0.250969941053386,-0.0392066388126338,-0.305331401271175,-0.0316184945500358,0.0281318054376894,-0.136088091277265,-0.136969533499848,-0.243699007772377,-0.266184188536787,-0.304985219904453,-0.286374246045445,-0.277079759679454,-0.087646922742184
