1,0.64936426696249,0.509980940956793,0.57018953646658,0.559018422817417,0.28434823523231,0.437070623268332,0.312991616266398,0.547511914480525,0.748940240406513,0.594039499219792,0.68952267543988,0.526980926683178,0.0903001507502451,0.0539592705514624,-0.0339850076209499,-0.01270182452581,-0.0933724996166474,0.128973516082328,0.0601240995193627,-0.12767756397243,0.0849437912890698,0.0139545777527395,0.0264286949517259,-0.108777392157807,-0.0926586937930168,-0.358083873582702,-0.136975184883413,0.116057787366979,-0.0537562418785111,-0.0767737897289835,-0.0206133854665293,-0.0577865685754406,-0.0916796253853065,0.0497796069800994,-0.138634959290422,0.0503534673442261,-0.0503219936090926,-0.117336863323901,0.0286913706894104,0.104751903666418,-0.0058525709245374,-0.0628955448181894,-0.0220447355336364,0.0951461695697781,0.0436715180283105,0.0287533049451601,-0.174484799156611,-0.144069974501993,-0.23214998906289,-0.0974032112503328,-0.234485462738174,-0.121807250485656,0.240932902993617,-0.219738994803264,-0.207916662629096,-0.225665344724247,0.0286015333829971,0.00943369629032422,-0.0665329627572731,-0.208378666704512,-0.0224449467285821,-0.157433356652242,-0.0264698372692441,-0.21207789249336,-0.209857397484705,-0.20416743804848,0.0425422499156058,-0.023598853429811,-0.32512291912165,-0.209567672648203,0.242051030957204,-0.227770573854176,0.251225984176917,-0.172716748001438,-0.0799764824314761,-0.00979983699965754,0.0501714275103986,-0.0417192714000193,-0.142225680384384,-0.0195467255929316,-0.234477640929656,-0.0648910629171136,0.246276640302511,0.620794829571154,0.670611609577353,0.481983629501034,0.129836585906723,0.573205525423696,0.471069498899103,0.215760530823668,0.53080070953825,0.574865754069132,0.342093635916852,-0.0552713031426873,0.000585510076713253,0.0620591369157647,0.115879272776844,0.136851756373403,0.11821204717272,0.164846705825943,0.157754488535785,0.195348433845296,0.210575905553217,0.000636482034982695,0.112764286946268,0.112277375143756,0.289437449682417,0.0735772099624629,-0.0999391948784934,-0.0335286188385548,0.00378074990390158,-0.475712358435438,0.12435333113318,-0.0871123002480538,-0.00478566917055344,-0.0992344593594573,0.0463693468222563,0.198077600651412,0.100276341925147,-0.167496364018,-0.315080911777705,0.0293392311526314,0.103165476797056,-0.0114027885496135,-0.220194279330456,0.056858873066408,0.203213860678832,0.0919524896583387,0.00186340594311423,0.0619682399007729,0.0894237318511326,-0.160470739729842,-0.251240622698995,-0.340316990693137,0.228394541724826,-0.201061843965025,0.151677864935347,-0.154415812762757,-0.327011095466202,0.15592289150282,-0.0240963530297476,-0.234113821640069,0.0882252456192938,0.00980051823840859,-0.277903431220256,0.144183929917747,-0.0972148195936163,-0.405250350106018,-0.416510412112695,-0.151608347735157,-0.265075127424426,-0.0988900453034195,-0.30113912872441,-0.316535798877293,-0.305133562850528,-0.230630827789702,0.20708893030407,0.0983729531782918,-0.230040614626886,-0.265982902951025,-0.0611570285596481,-0.0466732694788727,-0.163936559140447,-0.0268463288738689
0.64936426696249,1,0.576507870774209,0.711922989355259,0.277635438156547,0.50814858104252,0.67470688314458,0.463608323555326,0.482230556378364,0.842103135335158,0.457516908311003,0.796136159477761,0.831400022544411,0.169044915676646,0.31185437197844,0.174898063287788,0.191820342431823,0.221207733504011,0.220112130030942,0.082989439816877,0.138849416126338,0.29321035308315,0.171117281641881,0.347689961993111,0.306348420349874,-0.191863536326914,-0.413255918472925,-0.404794813459748,0.0463644310419976,0.124146619671391,-0.300870861277405,-0.323029669472952,-0.14617280597385,-0.256831316223049,-0.049100076212324,-0.196211939797797,0.288509683517372,0.129993049137914,-0.00156023220041279,0.0778261655078528,0.208648863954731,0.0546439877455448,-0.0182556994926585,0.0803998025784311,0.136337129836386,0.217594100024455,0.251514807939019,-0.0930596888806187,-0.13608724925768,-0.491611608997062,-0.1496225341147,-0.0984835235623487,-0.139568592267599,0.29251450681711,-0.19565115424379,-0.379349111880978,-0.460154639551407,-0.319867548615162,-0.141220232965261,-0.0275745007458814,-0.18920627749148,-0.0702582762085598,-0.249202621061101,0.111094281729116,-0.332788181861124,-0.275603612104919,-0.401423376514784,0.0727482424828624,-0.0502768106186339,-0.273388626942135,-0.163740107627897,0.257838035062505,-0.218857394684112,0.368921409340558,-0.250295992156293,-0.300286470348983,-0.116034559395846,-0.230156380085052,-0.257222271698258,-0.207299616110417,-0.315828888448941,-0.460861319190096,-0.292701502563989,-0.115196276143197,0.885454839374752,0.759856513726632,0.72858075188719,0.301052667150787,0.289945436710927,0.375247180268645,0.0668110650486417,0.818499208647628,0.527313817787448,0.186758820127614,0.236282859886446,0.27322712719549,0.28335526845901,0.440037397959309,0.220394605834085,0.304512605886175,0.189890829168958,0.243823667112651,0.46988141008468,0.40934411911024,0.339086737176878,0.402040031168973,0.356497576794787,0.55214829846949,0.359960915282617,0.188246034156426,0.346849786863976,-0.165131755071161,-0.255871066100296,0.318909670489937,-0.218362567354512,0.11262268332665,-0.267846299620421,-0.112678288152559,0.177593106638213,-0.0805820741856934,-0.121742993339039,-0.0280083489309378,0.250062975428888,0.271560432878495,0.0846077909960513,-0.120739950818457,0.14626627548627,0.288629441145947,0.183468968861278,-0.0553673907473108,0.207881244185159,0.265408676060413,-0.000315085935254309,-0.270400156781417,-0.520197238111046,0.211159504088152,-0.2374591501592,0.180042932617565,-0.0825826529598541,-0.329617610924804,0.218768721983061,-0.0838775122845839,-0.290405656852414,-0.170120160611794,-0.0716385635494955,-0.0918597811458154,0.230532482497786,-0.0966896170001956,-0.508634814243566,-0.402129843345879,-0.186545714623856,-0.155570016723029,-0.155734822283344,-0.0364840092947422,-0.273914393852592,-0.054043173946549,-0.175074837442383,0.270931426246671,0.236819384060261,-0.0836880155964641,-0.269365845322986,-0.123359128569497,-0.304358354848743,-0.298564526235892,-0.350987941628961
0.509980940956793,0.576507870774209,1,0.584537115019628,0.450956074302344,0.276035013367066,0.616660266795038,0.114994957988205,0.513282533302345,0.668959182033766,0.458670294373756,0.659776185378433,0.459546117774117,0.288432822031489,0.292758406823447,0.184837593898458,0.223482636810011,0.320098075500976,0.352113850054009,0.265098063236043,0.062969261935904,0.396760792833789,0.477072105049339,0.132971889028758,0.161687741569824,0.407339944308695,-0.150065527665224,-0.0892943921471032,0.461085724136108,0.325741165067616,0.162579668668552,-0.0172324761088923,0.120734128313606,-0.00045854956398937,-0.0123170265712921,0.190630131919402,0.439304199439134,0.497134032976049,0.374553149799407,0.386812909705496,0.299669772056041,0.0792227177923801,0.212929741191968,0.159901462744044,0.162603550421923,0.311804126740366,0.0868290311696954,-0.246481496945506,0.00572733506009986,-0.339312645460319,0.261944074717079,-0.0956027664075613,-0.00110709773817428,0.183148003182758,0.0106359309774072,-0.248405848325987,-0.199162652463286,-0.120639700636887,-0.152141561394771,-0.0481632616889654,-0.436911367660559,-0.338170625281921,-0.283536774477081,0.11654924662306,-0.278398590599569,-0.284782995428821,-0.486339328457022,-0.0615383072835149,-0.223600520193903,-0.292729001727981,-0.172238501576021,0.134741315638369,-0.413384401326027,0.250233268215832,-0.152611155353942,-0.31275281231541,-0.118236944686675,-0.192725838137037,-0.361950183446283,-0.1425857601225,-0.11597118423964,-0.229749721892541,-0.0300489219027354,0.00731739545614074,0.439805256713549,0.515135974571695,0.707248700866755,0.0828712910615814,0.448797140235943,0.402141969605613,0.218868689166295,0.447557486961814,0.485538754053481,0.387773354799668,0.172879570699011,0.35924064545199,0.368596636552174,0.356542641626423,0.256994894122655,0.363960906743871,0.31194812885616,0.206822819704737,0.445266461839682,0.476594343862472,0.120463138409813,0.495451595624354,0.417879505536557,0.579679051038885,0.0860002937086149,0.0708800770741102,0.208463651486888,0.199247378489372,-0.215264467176166,0.30584629790297,0.00499364958657761,0.270369099611789,-0.116534941493893,-0.104905209025548,0.119975654085837,-0.0752596781388953,-0.0844267675166411,-0.063560891682737,0.408608428442411,0.360063733856847,0.171225800887569,-0.0427949428154537,0.172220926862413,0.361492202601677,0.250984567977182,-0.0788034285187855,0.194005616246558,0.153067909524636,0.0866817624257312,-0.252616057907365,-0.513506064397558,0.152725050032833,-0.153969403223957,0.01470670407474,0.0522839770111283,-0.374117329732756,0.190448440160593,-0.329129784044269,-0.335114240267609,-0.142196861481029,-0.120630707229482,-0.0982457555010393,0.28110477897153,-0.107481627426174,-0.341534900808271,-0.511507334958184,-0.361645511365978,-0.370896643961799,-0.356195157455206,-0.229564528527877,-0.533159155833779,-0.275647406735641,-0.136387527918544,0.122942993543271,0.169682621920771,-0.333076578775876,-0.492031221672785,-0.251871288927699,-0.190564849164104,-0.391529696970481,-0.226813089119392
0.57018953646658,0.711922989355259,0.584537115019628,1,0.332089372290967,0.490579861093538,0.822835378150277,0.29051458088456,0.792489365457842,0.684939033005062,0.642105959517634,0.749525028793268,0.578737452887766,0.126020507639511,0.258975855970663,0.184552603348342,0.286395272290091,0.386764536933092,0.341206494983485,0.390839341364404,0.163882002067666,0.382876015206433,0.261715826147667,0.233075661076812,0.282705009944117,-0.22217303671268,-0.129242966631975,-0.434919818465011,0.0381940154109112,0.137205353535928,-0.251857397513701,-0.375018472385733,-0.194960035886579,-0.185967359758099,-0.160678519542858,-0.101952132169222,0.321670241339724,0.117138520680908,-0.0415402551307361,0.0132336992230607,0.257981007709353,-0.0077112802638321,0.145182299905331,-0.0920076455149492,0.115664361635822,0.257843231693419,0.389646009648608,-0.167779598206271,0.0504511223611962,-0.353053308963129,-0.170568377309418,-0.122969139874088,-0.0806196189941485,0.33604967502074,-0.184566182607711,-0.251283576638648,-0.347250216438579,-0.315730033155552,-0.20426779910101,-0.126670233522927,-0.0260540861320142,0.152760979691688,0.118729333150619,0.398567990795901,-0.0222602798159592,0.0775124517024036,-0.178885941517311,0.294504465630667,-0.30449234072976,0.0411644493142573,0.116039057860931,0.154661908378173,-0.0350585277148457,0.242203824007297,-0.211636785535108,-0.0639897915744608,-0.157692555743165,-0.140114516777887,-0.114053939269789,-0.345395490374587,-0.262226786735319,-0.510018236950227,-0.29780904969458,-0.299225160982842,0.761712534537624,0.840895234733054,0.806068214166356,0.145271250773075,0.535334428324134,0.62480603879617,0.356477376643415,0.615228335984012,0.738792794581145,0.0546619081068547,0.144105220532561,0.27119301850132,0.289427169523168,0.346238438629064,0.234904591081577,0.34362943723249,0.299232997768532,0.280811074544067,0.55084225706708,0.422560046727667,0.332975332081045,0.56254184334883,0.19660053643731,0.505552452542257,0.318651002922793,0.218964338527556,0.461742149139038,-0.283115536786989,-0.159561728679663,0.431660658543976,-0.456018348701179,0.0799359842732549,-0.483537604873168,-0.427213242386711,-0.165622971966844,-0.416915811970883,-0.237470857376937,0.197514311335239,0.438280010479652,0.156542941371917,0.0803237551691797,-0.11028828729293,0.0693682810130115,0.166651108209813,0.157330336642882,-0.0483311888456548,0.0357814067535567,0.280365421452816,-0.146743678947477,-0.474791003854657,-0.574808048443352,0.349201598224672,-0.420057539068544,-0.0697056210683593,-0.332603929279187,-0.496484748292449,-0.10592371498907,-0.141871940008579,-0.521604257870006,-0.151327782791809,-0.164624594840629,-0.257740299679389,0.013646972921922,-0.251610520863401,-0.512504580004653,-0.419276152116856,-0.0929970333443124,0.0350658053225703,-0.055717056184409,-0.0848836652246912,-0.371575755954445,0.216206640580714,-0.0675475413958658,0.0407359022044915,-0.0522754627730483,-0.108250476613194,-0.302731993215529,-0.432150117208803,-0.236335272411231,-0.336522237478293,-0.397790402732907
0.559018422817417,0.277635438156547,0.450956074302344,0.332089372290967,1,0.265893742727018,0.28311128986648,0.300058847737674,0.55169816035943,0.3328783462397,0.42283979513888,0.321991262112481,0.0562140797051435,0.081667463804483,0.130043665047155,0.124913292011603,0.00945296023834727,0.0180341179156255,0.236318912620581,0.141724401492542,-0.122630686037738,-0.0219003131056269,0.0542684251276099,-0.0120613422790243,-0.0387952405853208,0.153699232637812,-0.161287988914493,0.16675595809297,0.308672543732324,-0.0163154626931748,0.181325839195144,0.187282951907703,0.121865139801827,-0.095262125982118,0.0599315242918311,-0.106327448717257,-0.00884483603633916,-0.0489060383898385,-0.111491421332327,0.00551188167819034,-0.0517517158157463,-0.0627750119961959,-0.2072106961116,-0.244774642096545,-0.256898348125898,-0.0236452723478874,-0.0547892948877751,-0.234780762405908,-0.125068841887172,0.146646517597193,0.0680446990083186,-0.111810524203855,0.0387784270564229,0.0957238090970039,-0.119849206601471,-0.109901882505244,0.00566243732656504,0.23211869176847,0.0294336431278433,-0.336255901352808,-0.147076597608702,0.0427414255286612,-0.0364657093740007,-0.0236667442833141,-0.0407077946290472,-0.211464371504083,0.106182686584228,-0.0528976559932915,0.267910091900327,-0.457739591327184,-0.40038449820744,0.116303555491709,-0.199400985906717,-0.137641551163577,-0.177417722442439,0.22726247143969,0.140872434421251,0.429890004087093,0.26870685565737,0.014988898185116,0.0148304959827336,0.161792685843425,0.0625703568804811,0.385476404409713,0.194259752841036,0.358676635224804,0.326821789580884,0.125678832193396,0.776785456434614,0.509655175677882,0.463895818882344,0.170161722112507,0.549350540460006,0.11461234350976,-0.0356000948896541,0.0345240433144092,0.198792843273943,0.203487004106367,0.02104505678572,0.0948898811125093,0.249699337774707,0.107046356888197,0.0854432871350172,0.15400953532365,0.0983156784565206,0.16233164673326,0.0359469399225069,0.154895451808314,0.0928798770247906,0.0145310154031565,-0.013998256552953,-0.167195965218999,-0.475967407519476,-0.0137463259235196,-0.128792820561562,0.0511882978194522,-0.146233325410224,0.142984717509555,-0.0359695232879864,0.0110905586827874,-0.602862391794027,-0.514587595086712,-0.0847196128536572,-0.0138666186605894,-0.271089942569942,-0.248503028882938,-0.0401358222094139,-0.0967053576890016,-0.170374820745252,-0.111485463391362,-0.150549737676558,-0.29956399677939,-0.463486874685366,-0.402653130445807,-0.00304260831732543,0.0481831390736947,-0.27097824374065,-0.0474119885493945,-0.455997975841019,-0.47792800121057,-0.214853946863909,-0.0144897021136167,-0.312902847676285,0.1793320156982,-0.0134500387138869,-0.32286426375556,-0.174058781696788,-0.569667621131621,-0.069374690899284,-0.311862346555406,0.0283205215904792,-0.317386222768649,0.0748226651172498,-0.177363953280989,-0.167675171447281,-0.415960380490983,-0.457068322682264,0.0406646140620621,-0.208772723917379,-0.197800707296333,-0.0259717478795286,-0.125446770263997,0.393704208345391,0.0625256175882654,0.0519780637166787
0.28434823523231,0.50814858104252,0.276035013367066,0.490579861093538,0.265893742727018,1,0.464826585178991,0.776354602663575,0.544137236924133,0.413962958312983,0.413524107994133,0.44721591925109,0.500304301972795,0.168429851881305,0.225974456080005,0.0487343009051799,0.277971964389268,0.287910298778065,0.0948371148001301,0.148714111168873,0.283061224721167,0.326992906268857,0.0779680450091354,0.305288991738695,0.260815241916497,-0.196477622485386,-0.294613539868652,-0.380071185222878,-0.0174722091913062,0.192359755114709,-0.539295650855985,-0.407955653603118,-0.305687899688263,-0.490660223963844,-0.538250470902695,-0.415850567971471,0.199311104968046,0.0926912901863777,-0.33005700979849,0.113245113368378,-0.128872682200817,0.147009123994654,-0.0313643344854352,-0.376997917443973,0.144562237832039,0.213171342229873,0.397723455373752,0.228352647591695,-0.46703728434244,-0.441388312805641,-0.416009256452057,-0.265576173682067,-0.399582861547205,-0.127341951771984,-0.528081823061273,-0.448609425413712,-0.55357030471781,-0.170232825470577,0.151818148982712,0.193337572939755,0.0948678065371523,0.21951090461456,-0.0375587665135944,0.222922381852116,-0.0868821486467719,-0.159565519427204,-0.137286711396196,0.224215931130917,0.106988514866913,-0.0939066177978979,-0.0978945366752411,0.281468419638346,0.0634028963776683,0.113885816315607,-0.449390585411784,-0.264748387515816,-0.468126802017487,-0.0118482277011206,0.117191820605907,-0.13587276937291,-0.423636100196438,-0.286610424143418,-0.00105467515211364,-0.109553775424305,0.481315874767116,0.499455650542334,0.424634665448492,0.653411788598942,0.413433835732162,0.703023990606933,0.345649442153939,0.421439345446728,0.472985636016734,0.16674778217468,0.3249269609677,0.203011474961733,0.12122771150905,0.331945685700129,0.230613215410359,0.289650716128242,0.101868615158871,0.24463119282609,0.426614973135139,0.427013184343135,0.26926960057534,0.340871281937202,0.314347600180994,0.361427811824583,0.369534525939049,0.254667699989976,0.309077813192775,-0.196933982027826,0.0480095320915773,0.324325644126409,-0.389649094685382,0.0921259815737537,-0.173703223869304,-0.0121687158099199,0.0981167066973584,-0.261119836944853,-0.178999878110561,0.143947709450148,0.270172114608241,0.282127283201171,0.188961778327376,0.238156822565073,0.292082849551296,0.0034184000106994,0.215781568560934,0.151428073595783,0.324705305909949,0.406780080048095,-0.0760197668155574,-0.42865235670498,-0.249534825767425,0.0886879147530167,-0.429263991301597,-0.0874306137401647,-0.232902626926424,-0.293681010049576,-0.0897699676700351,-0.0997500879799057,-0.360702010142077,0.219351259163166,0.248952397352658,-0.0376364102517092,0.14030437074101,-0.188885765383331,-0.182003200827416,-0.275806853507491,-0.0198210183920857,0.100810821036358,0.0970733525565846,0.134106017271389,-0.123662573314201,0.209780810460077,-0.22191172145522,0.200305542964343,0.116927352803926,0.113175233246283,-0.0761517582954766,-0.239139936781889,-0.0146067226216083,0.138161247958277,-0.218494022205505
0.437070623268332,0.67470688314458,0.616660266795038,0.822835378150277,0.28311128986648,0.464826585178991,1,0.184211706978143,0.735760668118171,0.677557608941284,0.472815980772223,0.68756168711469,0.486484293697838,0.335819820505528,0.470956830557921,0.358060280038699,0.379361063899543,0.59019498427874,0.4266249901701,0.429911446524458,0.359848046277441,0.42764590961237,0.276825504379214,0.284813884310428,0.476440082357689,-0.211481868601173,-0.0120775415787709,-0.489007211310167,0.076174325739434,0.255147213617265,-0.280588373561033,-0.502104270257241,-0.357976433296027,-0.118499839649078,-0.268279283949866,-0.0495339576160837,0.554525511620472,0.207832678605047,0.0306630526171036,0.0886202820230362,0.242900488622205,0.0649100179999601,0.242357963446211,-0.156597299837347,0.11551097350458,0.252059176913195,0.40728593924096,-0.192104403141694,0.0205840582136213,-0.368958392261873,-0.134581105734179,-0.0389154201761325,-0.121900062982163,0.256840199460623,-0.158352160389173,-0.187110693762683,-0.398376706833932,-0.524179726488035,-0.405536569230001,-0.0395183322366982,0.0515831764199595,0.212862757074473,0.0719352882185662,0.550544561911768,0.131839771451247,0.0915908961548629,-0.0967830938822793,0.267911215295864,-0.194180658100003,0.0520966598909014,0.183162958725144,0.127205265267845,0.0219662050350743,0.261261472340885,-0.262072262810662,-0.0575690385677116,-0.156506735145708,-0.265984736131822,-0.0877626260378715,-0.531303275670692,-0.380761087791679,-0.599851408964306,-0.326192854962261,-0.341020816281865,0.70432399451505,0.745863370728697,0.871173410665613,0.210855980849403,0.439284488147319,0.510445624907024,0.177007088528675,0.55334087340316,0.630548892605224,-0.1155760675643,0.310951072645785,0.479660208644973,0.408520708459036,0.476389632975779,0.259698984302157,0.452462372981515,0.371710335157792,0.228233082396422,0.643164690780455,0.430155691631298,0.412753569863584,0.678337730268284,0.265538097699123,0.600167431017207,0.367376606141739,0.323166086631769,0.640378367265457,-0.316535609049612,-0.0369289893645811,0.548505131510914,-0.373794850062743,0.169039587506682,-0.501322269511348,-0.361531129043262,-0.189167890760341,-0.532797370705329,-0.240687371539118,0.305132985366912,0.489198941594622,0.228913328234313,0.0770883870771272,-0.0733597630679092,0.172286236549303,0.136939481201023,0.136666456352759,-0.0992236904591217,-0.0972274800394676,0.244343602522803,-0.18110609141581,-0.384234061792073,-0.444053232391164,0.287644196178662,-0.231089338783223,-0.0201704666808608,-0.30275706557545,-0.425417130458109,-0.156945462333951,0.00100425829905933,-0.370696223370572,-0.280340020734682,-0.283745652631876,-0.28289509163322,0.00585149745936895,-0.154085679331352,-0.41367331733728,-0.397532500350075,0.0466519912901463,0.0958005131386202,0.0870958295666664,0.0655936465664631,-0.326213084843905,0.226529241744603,-0.073195948357157,0.0345181241842584,0.0369706979487256,0.0321602461800566,-0.147059679548418,-0.339562719304736,-0.296648454896625,-0.295183050226946,-0.489338222155965
0.312991616266398,0.463608323555326,0.114994957988205,0.29051458088456,0.300058847737674,0.776354602663575,0.184211706978143,1,0.368071513599527,0.395745460801349,0.312029523846414,0.361066558727087,0.585879913467776,0.0294847108625673,0.00879017219408026,-0.125290333266847,0.016591679803255,0.0310940178164522,-0.091294309821463,-0.109407886616962,-0.0153560642586549,0.0056244309606704,-0.100275916244038,0.129788883638527,0.190394528190347,-0.127333489797865,-0.419548317583412,-0.221476091850494,-0.126474912925874,0.0512338314608335,-0.428823341921785,-0.187280668495411,-0.226286468902799,-0.479569916920358,-0.407466904346332,-0.438931863629856,-0.129611842823253,-0.000172966049881469,-0.418993544816225,-0.0550176446781754,-0.322292218761893,0.0216910934553999,-0.250312670402466,-0.302411097975311,0.0246657410204765,-0.03710835880622,0.253174884395384,0.235885305340617,-0.493737086570814,-0.307437420098217,-0.279600159506407,-0.146759822348962,-0.313151406356072,-0.199129505980986,-0.409727226858605,-0.362350541853109,-0.424390634235733,0.0117922736343256,0.213374730804428,0.152914536863686,-0.0109136128417897,0.0244705676752899,-0.21869156219947,-0.10983392722068,-0.20634272751298,-0.352890130644022,-0.0804710856798572,-0.0411321067893912,0.301010142113321,-0.308245213492776,-0.307265891939431,0.183701622024518,-0.0535131534426509,-0.0671294911441402,-0.346518156847868,-0.226627506022415,-0.317530490123388,0.132851060673817,0.20138148825396,0.0120707889926088,-0.337429164517357,-0.0360455287700768,-0.0277864665823287,0.205166704613207,0.392757091096874,0.385479094741048,0.175669243647658,0.753173972111565,0.323918160080151,0.518654483846609,0.244873156675804,0.37646261712095,0.368769001972139,0.181112376145905,0.128453774081028,-0.0510682062787228,-0.0744242388921849,0.22121545736149,0.0524139158189579,0.0207829376662032,-0.076455039907296,0.0842782536735468,0.239148877371734,0.171573123181773,0.155129503032194,0.102652735667522,0.226112763873842,0.127025485170371,0.359230283741022,0.173142541590204,0.199943050607168,-0.140930317855893,0.0229360018554075,-0.0118255381943079,-0.249711955846089,-0.0509762148247755,-0.0687518549044153,0.228828023206994,0.14385414897545,-0.00261615086763319,-0.207205114910969,-0.0914388300995188,-0.0832876375784408,0.0882510593703182,-0.119394763977883,0.06828022812705,0.135015234031274,-0.124475861530748,0.0498598626916185,0.116418116852226,0.247425832531751,0.178525693023642,-0.115915152143326,-0.20907397279649,0.0572708977722443,-0.0991036865401916,-0.177838209604604,0.096073166948519,-0.155584592055716,-0.155873631231494,0.0908469825710723,0.0930283797442728,-0.0478272934864654,0.288579753449747,0.321244636447849,-0.0517511240511815,0.0553352894654206,-0.171732726169482,0.0189938360955433,-0.134109368217593,0.0240452537582109,-0.108522991559525,0.121556535227854,0.171626331708913,0.0924288551171979,-0.00992778954753017,-0.36599627238009,0.202980707765359,0.115605925906653,0.184589777647909,0.167081827824112,0.0971203741732241,0.164498166407854,0.342470688032643,0.0228023560837912
0.547511914480525,0.482230556378364,0.513282533302345,0.792489365457842,0.55169816035943,0.544137236924133,0.735760668118171,0.368071513599527,1,0.581863527302758,0.739203493488399,0.659510330186644,0.382495185441424,0.0847459709107046,0.203127479564023,0.132552595174471,0.136126124932319,0.307560546038252,0.144252158074064,0.308286411710938,0.134888921059332,0.184694213046052,0.0963846501766705,0.122685072720292,0.210759674385713,-0.127416452775337,-0.168266005845236,-0.287286478881352,-0.039305505961912,0.0596496003062946,-0.232743119958201,-0.224330489432336,-0.276387584566661,-0.218943770550088,-0.284432221357852,-0.174922694079074,0.247905829912689,-0.0294850917896751,-0.281879411140985,-0.0904015388717071,0.00216021657483864,-0.132431831191677,0.0388702041564084,-0.331983161604462,0.0252919664066644,0.134430353262104,0.260436633704725,-0.176452795971124,-0.148626139117476,-0.200505794142235,-0.148026777373011,-0.225630662171558,-0.0822342183001173,0.171648251190257,-0.292005711107432,-0.175774661596116,-0.286432606744005,-0.149939076557568,-0.130729655008367,-0.228098005466476,0.00788455485755121,0.202235086697466,0.0730829813147527,0.38685969732177,0.0857389195476054,0.0129534930534415,0.0780059277430698,0.279098059113066,0.000138289491433787,-0.109075120525225,-0.0425149454773694,0.219572791644776,0.0285525986221981,0.0482223849581467,-0.292962252880374,0.079042281505848,-0.192010793049019,0.14141619497712,0.243309138125453,-0.305557137321547,-0.200999602676386,-0.283155696016048,-0.174828029809974,-0.126020432620705,0.512486782603582,0.700267154358237,0.642459578994016,0.317163680824871,0.721883815332426,0.799203034059285,0.491393374356775,0.362270309316492,0.755733100400077,-0.0556084287797503,0.07344466664866,0.165549961942869,0.170012494314375,0.231299181094708,0.0944645071437475,0.164519229069291,0.125956963881873,0.14905881370749,0.407087634409691,0.228492460437468,0.181303713542885,0.41143390927529,0.0106790114765229,0.327153267878388,0.212445447293902,0.130574295802628,0.413127755147457,-0.365833250052744,-0.24836985350865,0.186757499441087,-0.532608994691765,-0.0503638073911605,-0.48813314680202,-0.19576663847646,-0.263920334147909,-0.394498637515258,-0.496318597365348,0.0478935812695713,0.314253971656099,-0.00189596313161631,-0.0928134633928634,-0.1215575222542,0.0137565479943907,-0.1100846396436,-0.0240990586575094,-0.132758168325365,-0.0543447893906149,0.103391296611228,-0.406570566664983,-0.572907670876507,-0.274603290449318,0.300582309572089,-0.379438812539102,-0.00999317920942801,-0.475182463937549,-0.536227780528477,-0.208347282857332,0.0152708757654064,-0.437394419468999,0.0266071387945198,-0.0298767237543666,-0.41585238471937,-0.0798504783179071,-0.347469934639654,-0.302663462980549,-0.394578991685096,0.140516266914097,0.006817085378718,0.215513274127624,-0.0869069806168788,-0.29592848832413,0.118280379573163,-0.223606545874228,0.104919001625028,-0.172590425323336,0.0468281941272312,-0.0784815810859712,-0.377039024136406,0.0784293988452234,-0.00885989123115871,-0.230981690489422
0.748940240406513,0.842103135335158,0.668959182033766,0.684939033005062,0.3328783462397,0.413962958312983,0.677557608941284,0.395745460801349,0.581863527302758,1,0.635850988552074,0.846579689850997,0.808120936808417,0.209641343951692,0.251548910001489,0.0914375542393889,0.103507170844027,0.15999131130609,0.138482743029703,0.11486430392882,-0.0393923401310315,0.129773114384304,0.116943456331733,0.116463188620918,0.184120533189551,-0.0534578890528941,-0.385672650899349,-0.352879475439085,-0.00180436992678449,0.0577291799174939,-0.252319213945893,-0.226055719832309,-0.134794139483234,-0.174372061988659,-0.0384290142545801,-0.175405185161546,0.289110541901911,0.122845495301237,-0.0231202636431824,0.0973113968586996,0.168177354025182,0.0288306617807844,0.0408479017066762,0.0918213130653026,0.20254101790427,0.186906424162109,0.184827009392254,-0.129512457774614,-0.156759984003632,-0.480307964871413,-0.114224683886734,-0.121293573570431,-0.0895615597428335,0.276526224282524,-0.176942874154812,-0.311886906145019,-0.417693165033272,-0.201497428538153,-0.0732726503006906,-0.00866467041593324,-0.22320121783953,-0.105161272561094,-0.299709289550594,0.131752864724858,-0.315008072523956,-0.285289908301792,-0.366143979828305,0.0425371153632623,-0.0879825259299899,-0.249356882734559,-0.129842865118945,0.25765049299357,-0.209959333312284,0.37656106604057,-0.186026093520518,-0.252407218645024,-0.128821186035031,-0.161028507925399,-0.236726867393557,-0.239481742904563,-0.26870957597551,-0.393963479416907,-0.227361118489157,-0.0690127363343977,0.758716200637069,0.733329142401895,0.676740847568877,0.288431244885973,0.349975517007037,0.440284066190381,0.0610195857321119,0.699996370347139,0.524602369661396,0.242928252948564,0.201836339051585,0.21643855513042,0.186287411035632,0.327322506750866,0.192251019000168,0.18402154417201,0.105359525296277,0.162879354329859,0.316141254313103,0.313153374718669,0.165805940861901,0.260593469841496,0.294829575184686,0.412555126678414,0.201094813882434,0.079131174734337,0.259944673625061,-0.0778651475419083,-0.312146718082318,0.184984660530054,-0.190873186817271,0.0155763530345273,-0.19886618915175,-0.083809401138249,0.206943624219797,-0.0233263517520793,-0.0864192211700529,-0.0659437456061858,0.191043802654207,0.230123146565779,0.0532111378164572,-0.174457547175477,0.165890685372449,0.292412292001407,0.187578690458238,-0.0105040337804302,0.172949492573962,0.24997316276613,-0.0523537615721717,-0.240229037273129,-0.488124829305,0.269515116241252,-0.133943204122528,0.233617290269938,-0.0238600742621838,-0.294218848579312,0.228547236838905,-0.051143570147406,-0.193991463331425,-0.096605833349509,-0.015164257025272,-0.230127589010671,0.261316407199149,0.0639425743239178,-0.495770471814781,-0.471552623299789,-0.148544586926364,-0.211807218455747,-0.16875099650605,-0.246010239664828,-0.386631917456497,-0.139749728251571,-0.145485291956809,0.252549073415771,0.184055681536404,-0.0863936646206332,-0.276158101512618,-0.136294811753539,-0.240936265264994,-0.246928624603403,-0.28390319878748
0.594039499219792,0.457516908311003,0.458670294373756,0.642105959517634,0.42283979513888,0.413524107994133,0.472815980772223,0.312029523846414,0.739203493488399,0.635850988552074,1,0.636210958201779,0.503002514767254,0.0778868955300051,0.0666144598618411,-0.00517370311551547,0.0693159597533348,0.00973296824723794,0.0108709697355698,0.125104417738642,-0.0976635270814253,0.0978763317526509,0.0622695766232148,0.128826821259594,-0.0573779346320491,-0.0785836868265862,-0.330088076237531,-0.145589734020619,-0.165151947442684,-0.0417641742217618,-0.298195298719479,-0.0596213005935765,-0.100162207137999,-0.304218141051088,-0.233572426227315,-0.231537077258124,0.124628488428854,-0.0431919091292744,-0.266558825142512,-0.00309626220735298,-0.0866254365414089,0.0247854501781113,-0.0233643096843447,-0.201628693642787,0.152050052500227,0.207690433680627,0.174964661087493,-0.132551801332177,-0.31118603712652,-0.273819723495113,-0.248294592152598,-0.467641878264924,-0.284039250690188,-0.0216984798313349,-0.391786256372959,-0.240473894283142,-0.360360976827693,0.219002010625294,0.284001234398581,-0.178780134530063,-0.139967163555712,0.0841231257812788,-0.0573347104678906,0.157898942337467,-0.0836490302084963,-0.142462899903643,-0.140907012038327,0.130287830080126,0.016188410285704,-0.247074145542588,-0.21774054014583,0.246260434811201,-0.106101005076478,0.209639601633705,-0.422155200043484,-0.134752649485833,-0.303880078703871,0.315715768897787,0.196525655031665,0.0480410412925153,-0.0592649766259838,-0.167817403712683,0.0960979296619369,0.027537428280593,0.43186357051134,0.562842370546835,0.452761666027584,0.166769069327426,0.592255231442254,0.521407940644126,0.496213952724668,0.396182276415397,0.614621176138575,0.253244177016166,0.00795246328684436,0.058711607490361,0.0442817884627017,0.120396690191033,0.11861558500474,0.0809288519085432,0.00653551286192794,0.211910115893919,0.173060846902262,0.225883170703376,0.0760505683765669,0.175409018699826,0.0805633435393677,0.194499422165852,0.146676449874423,-0.139888195026342,0.110330357307703,-0.0196942678854007,-0.237304853730281,0.0201215224271023,-0.398375451322573,-0.163507149727671,-0.167415620015582,-0.198530905777904,0.0096495515525937,-0.105033825300474,-0.264938660414135,-0.0747123535838022,0.289867096600349,0.119580811199759,0.105043830188504,-0.0919536243203664,0.129818363152132,0.00394799063032516,0.129744368444534,0.0705372433667006,0.240783387548327,0.262486941312122,-0.120835221281042,-0.568080003405931,-0.342774928568439,0.136949295445759,-0.580242070894058,-0.169646494777266,-0.244185466178348,-0.316028195696534,-0.0642300803382633,-0.295363206304288,-0.45331710700653,0.399726395309557,0.350842522561873,-0.0920295536712994,0.216417823102248,-0.297290419288399,-0.278156215653241,-0.403407290740711,-0.213975697428238,-0.128139154854661,-0.0623557957815804,-0.141749494379371,-0.428682812884197,0.0302128472844472,-0.307507850667842,0.193358969099988,0.061089004169514,-0.0548514534976368,-0.232899374162298,-0.403706710286992,0.168126622430102,0.0937314679345671,0.0207190100490857
0.68952267543988,0.796136159477761,0.659776185378433,0.749525028793268,0.321991262112481,0.44721591925109,0.68756168711469,0.361066558727087,0.659510330186644,0.846579689850997,0.636210958201779,1,0.72060723315735,0.063129882383602,0.086869029636436,0.00397610663260186,0.0611748027399768,0.201694095130659,0.207599381511191,0.276732182119089,0.0289897119091434,0.168321691745311,0.0698730864398981,0.142550787248306,0.139747226158126,-0.120498635284292,-0.202911121916109,-0.28839468009823,-0.0264995987953402,0.00399563503481899,-0.179422878693446,-0.178920017007985,-0.289997589711834,-0.0879780315869539,-0.0717520342502428,0.00851594029144683,0.299558168255416,0.0746358308764252,0.00670303554181336,-0.0338561065872853,0.226233749823113,-0.134054730618664,0.210142646344755,0.0400916627963328,0.265429784636871,0.101543093020147,0.196287461677291,-0.280543685234159,0.00178445206684926,-0.346136107654312,-0.00953973314694636,-0.152514324355851,-0.0492459571765159,0.369009217851161,-0.128805909832605,-0.157962671283237,-0.311331921346626,-0.190566985090854,-0.122718107280129,-0.099792025791756,-0.172020425306791,-0.00363826619062148,-0.0827718880725117,0.28020623182659,-0.151576712129464,-0.0766363333545796,-0.236040683731273,0.0578656199908626,-0.139367313813426,-0.206704330804969,-0.0367599254902947,0.272793533539399,-0.18145194165304,0.412767023026526,-0.0912016194429225,-0.139080782267172,-0.0584993084830693,-0.0829745845944022,-0.1029981770496,-0.267233027889146,-0.194772282969124,-0.442916459775343,-0.308319628636778,-0.15534225000784,0.753152839662276,0.794606321506013,0.725176900051095,0.273048348947611,0.426840760398254,0.58060209848503,0.136368546034136,0.646049713317825,0.67588664726888,0.152870303774094,0.0900007109858978,0.233240405909978,0.129547802537506,0.235554638785271,0.163124745925103,0.238647293294473,0.191567342456494,0.0673469324208896,0.347073888001236,0.336390316231241,0.0857981153621564,0.319320168955271,0.0731217992507461,0.417187607670453,0.0493287530055257,-0.0035570983222013,0.267008645017902,-0.234804401626299,-0.368366423616151,0.14960682706451,-0.27794347399682,-0.1263219190273,-0.453193809870133,-0.253060412139382,-0.112808264800047,-0.269747132676797,-0.256508034006433,0.071557569288083,0.376261816436203,0.112984255422203,-0.0475362033848355,-0.227123832039395,0.0127770145014089,0.24751668093875,0.101967603830211,-0.117009783656317,0.0941174154544599,0.188564653903544,-0.13328218620766,-0.277782362529876,-0.492729253497974,0.310305729221168,-0.241858184830358,0.227485785593172,-0.249150825529612,-0.441012581010275,0.118777355436034,-0.0118467446446508,-0.330348991563354,-0.121698504763483,-0.0593325570934072,-0.22512716456252,0.217490215937539,-0.0841598725498539,-0.521073740486815,-0.384423066923688,-0.0613901034702674,-0.156121627555872,-0.0225942401463505,-0.157375094747334,-0.323670859710099,-0.0135267684752526,-0.177209982376711,0.284716560314927,0.112971411050171,-0.0479984857191178,-0.26195179050125,-0.243354981563877,-0.19287816422821,-0.223982415452396,-0.287937238471364
0.526980926683178,0.831400022544411,0.459546117774117,0.578737452887766,0.0562140797051435,0.500304301972795,0.486484293697838,0.585879913467776,0.382495185441424,0.808120936808417,0.503002514767254,0.72060723315735,1,0.267890810427298,0.265793954634729,0.0712670052621514,0.213059500246149,0.115002241250395,0.0778847838536038,0.00121142875086539,-0.0240023932877893,0.156329476998689,0.140717756070837,0.272693256673854,0.197334453576525,-0.115155786100124,-0.44383383878301,-0.36909271326837,-0.139630413850724,0.113182887556286,-0.382621842512534,-0.321637116310685,-0.126060571149385,-0.338239334628112,-0.163985789634143,-0.232561983648729,0.283038388865936,0.212238721285653,-0.0277278067152959,0.121333830741898,0.141663942458433,0.133155289903288,-0.0242894620822743,0.166524536275891,0.29426270005764,0.250291416193541,0.386906659249243,0.0623480233894079,-0.227382964513126,-0.542030496739974,-0.161635799832432,-0.109298725092988,-0.17931217892159,0.11769581146826,-0.218598091724247,-0.418074047104513,-0.48427854568313,-0.208337235982153,0.0614470939595949,0.0753606842659728,-0.227367563299843,-0.198440352706487,-0.34265462612476,-0.0406700411870296,-0.40102853731314,-0.378032214930489,-0.486660369533095,0.0255716123608122,-0.0872461231901323,-0.241211059331733,-0.185795319117915,0.265236410658662,-0.2109949299097,0.357275028265915,-0.25383617260029,-0.443017642401562,-0.269014770393784,-0.209555700660687,-0.269801247616374,-0.0726463687625671,-0.327190583507515,-0.396791452705509,-0.185860832567286,-0.112945890823605,0.728843699940631,0.595380284259644,0.478945029828834,0.368869568638268,0.121833761986303,0.29966474499197,-0.00138885357500455,0.674797476857723,0.367863281527659,0.280456177533262,0.325708163965147,0.259063091294023,0.15925571102891,0.39871118434194,0.300651535573968,0.252624558103799,0.0479320032022127,0.267809482923533,0.323359049591661,0.381342641742059,0.238448981738277,0.24789212130657,0.346020048380932,0.404510151230148,0.334210485158154,0.119209645342715,0.251741763185436,-0.013085949791584,-0.07154968902052,0.187862938359937,-0.154739903159591,-0.0373900718286557,-0.120850819156952,-0.137110964087443,0.259943968438319,-0.00731607845680085,0.091118852506601,0.0395298689794053,0.187206146338475,0.352869551825563,0.0571272252441718,-0.0367263778025596,0.271875537504928,0.296275756561402,0.336438321390042,0.161975113445253,0.369299731040162,0.453882502310349,0.22469391512954,-0.168928369217367,-0.471899879260658,0.1151518793347,-0.171213791133626,0.146671440573045,0.127612122534111,-0.125285972330656,0.285658722262537,-0.17497990126467,-0.172197727153635,-0.00737196116245373,0.152384101528853,0.0271878204033217,0.373661251502785,0.0630898862351819,-0.416271711735436,-0.32037823777836,-0.270273087434941,-0.201891960387993,-0.190713962164482,-0.0334990127562002,-0.243511797250307,-0.0392496985716915,-0.13394494878362,0.264220962567982,0.297616981321317,-0.0258643383378935,-0.281905882318737,-0.101028876744448,-0.292125625122204,-0.131334359834066,-0.251360286521845
