1,0.56868884697113,0.474207773370298,0.673573522364687,0.151838077054119,-0.438359216980814,0.294501541663367,-0.359766670878331,0.128478635413273,0.500380603701321,0.543649726632606,-0.312838166191422,0.577446418106945,0.497001401388374,0.261057202914314,0.323599837936648,0.165619814665621,0.232596954036487,0.235013767651415,0.3812128986835,0.321534431130836,0.194601646845112,0.265684172832705,0.403226791763662,0.444819589080819,0.628480625407443,0.357925025413619,0.728484876813219,0.0372554242698649,0.197964687809446,0.211076202886573,-0.436324829998986,0.378497911477891,0.403598242135174,0.101462552419264,0.188215231479546,0.187209229916692,0.127093669404863,0.0397460195998183,0.477812948828549,0.202656588494574,0.158839854812698,0.291513485705103,-0.0722217884611531,0.155068470538103,-0.0814670342965313,0.37333082071708,0.116177576123773,-0.320108071813993,-0.0096664389663536,0.0223002197677139,0.0008428095693211,0.117124301881002,-0.253955260779093,0.0340088179429998,-0.178067191040987,0.0379794171872306,-0.43163552714046,-0.495431852843435,0.0599722395373327,0.0720336035467742,-0.290677911785749,-0.329173650085012,-0.228047144196532,-0.455574436836036,-0.473591262807952,-0.405591387051741,0.000519127177125,-0.336742257154622,0.135498362499394,0.147873560321021,-0.324391077997243,-0.379446088873548,-0.161403198919778,-0.174632099777775,-0.381225989048947,0.0276597221710371,-0.338339772578473,-0.579269656102111,-0.602300810501153,-0.547721283602316,-0.171418919553473,0.631232151042984,0.735655656069248,0.595995271039062,0.66683332187777,0.462976146881509,0.0019241405789956,0.405577694617321,-0.0717388948651541,0.34243818781277,0.419630168178393,-0.0382553881632179,0.572761705019543,0.730411281000115,0.267520811317774,0.219081214691974,0.354329627214691,0.316038233223636,0.0831194892937411,0.148840207400684,0.283362798997202,0.468589091502744,0.417576289137515,0.423532383075937,0.503146149129946,0.33403355400438,0.20084976324549,0.414255761427842,0.514529997367555,0.533846857231012,0.549602297356566,0.513659238438577,0.654013640973794,0.267602092987346,0.468684018956078,0.508322724203519,0.601877275234899,0.629352088808795,0.643416299088442,0.500754112809912,0.346795334475492,0.312253836159799,-0.170322832747376,0.0321062469551295,0.317353392230471,0.449958630642824,0.373203326882594,0.404914837534266,-0.0753121602190356,0.28098828363136,0.14257973223808,-0.283213132781417,0.225139233985238,-0.184730185556396,-0.208538966612283,0.432793838065047,-0.46459904979194,-0.173373296685864,-0.209067514267963,-0.0028196149654961,-0.007688501887041,-0.0966270347859306,-0.200481361402303,-0.0929858258962994,-0.421405722368727,-0.575052748481006,0.261370373832686,-0.471453028283831,-0.520903357276632,0.33833084328214,-0.502924691655089,-0.348899321834589,-0.113395381059846,-0.25384069116418,-0.068375087716345,-0.256298715403317,0.0370002636800981,0.191481410342553,-0.404918768607623,-0.268708127422826,-0.401874259211414,-0.321013311065605,-0.185544087619996,0.0509615777750752,-0.609286040598025,-0.424607905856582
0.56868884697113,1,0.845328554247937,0.73625331219979,0.0365093173291485,-0.564864263256153,0.307717362502924,-0.46164730927841,-0.0686945093866329,0.585096563126642,0.526252458085906,-0.279973323467849,0.871498331784265,0.404069849265508,0.326562478295285,0.460670450253378,0.179826072872828,0.325389242837658,0.159176437904829,0.348548325684407,0.564772134306428,0.282174953240854,0.195670284117454,0.290086205397032,0.607285133348046,0.504501350157997,0.273896124278736,0.501648679159679,-0.148064821017373,0.0441587019304095,-0.06830850202147,-0.661388091364525,0.0172488054913207,0.0745017415972486,-0.0617102218808021,-0.0168908489466388,0.271969909917241,0.116884818073632,0.196591434735237,0.492617278951007,0.0757358600990236,0.332314343758237,0.297411649629675,-0.126334547982744,-0.0058895614787016,-0.038383505055325,0.35812224009937,0.12402130148168,-0.287576555825338,-0.308767433421055,-0.263970177942421,0.229413119471054,0.12730469588935,-0.306539688540628,-0.0136555472303007,-0.118789074474977,-0.36363905536579,-0.520767007186609,-0.493421046998294,-0.111264177623516,0.184440308278072,-0.181959975040507,-0.183183167220939,-0.357364820133016,-0.460754832596598,-0.394451161032876,-0.620086439456987,0.148305184554447,-0.146148979587138,0.23214718414486,0.188529121427422,-0.193578613829067,-0.176909127236228,-0.128813773420396,-0.182424474291601,-0.55419119690838,-0.0355239420571843,-0.422827109268849,-0.480606442809517,-0.439803120138693,-0.548517518326199,-0.395079669935939,0.534767154631276,0.2372895561668,0.895343611781531,0.7857991816641,0.852614754374642,-0.197011045227877,0.313469079121546,-0.29396449162936,0.310822507003498,0.778040634725674,0.103171104052777,0.310874959633753,0.738512222129893,0.410028212071219,0.355782826470521,0.399699189245724,0.511013638117858,-0.0149223660078693,0.18195844972911,0.289616629586852,0.499579079139901,0.35022488752904,0.581378624491629,0.553735117732048,0.343172518387219,0.378694007631284,0.56025240609855,0.662378459280017,0.332050945486763,0.60114925921413,0.588781964173719,0.510124255191038,0.301964784338753,0.317320728687282,0.169157308493787,0.440913118188237,0.522923163703276,0.316345903160483,0.29887992421492,-0.102566848360637,0.216645308093421,-0.195649026735553,0.0840867784830323,0.374759635634948,0.484388876287596,0.424921761871561,0.492336089543744,-0.0485084851515557,0.363035088064159,0.0676870791043669,-0.214498533635677,0.288558763826259,0.0041779080189167,-0.155933610255801,0.0039289511147497,-0.394442264293382,-0.0435215190983516,-0.270299386520796,0.0183613447638985,-0.119549609679742,-0.0220527286281497,-0.110194470544469,-0.0846503834465406,-0.502144729691862,-0.594633583490642,0.276486956763481,-0.40760296827182,-0.352822698902367,-0.0817284970872641,-0.504291733515462,-0.411624836812702,-0.0071928419265558,-0.136956207651742,0.0219935170341755,-0.057712654840173,0.214829589493679,0.292343577728366,-0.346490210605963,-0.0684709669738579,-0.213769800660005,-0.514021004719581,-0.512717499207929,-0.254655486067183,-0.533986532842357,-0.465308854322932
0.474207773370298,0.845328554247937,1,0.631629456648532,0.0677281181211607,-0.51707761495295,0.459554434533421,-0.348151099295235,-0.128446609819176,0.767745393175069,0.524836235340234,-0.287699849446696,0.853578873798621,0.492985375525797,0.460872565982621,0.510668988778733,0.223366641414245,0.312062783926017,0.239520388060683,0.317022460417877,0.490160929294219,0.218325653180567,0.0739431918872107,0.177282349652196,0.69704335899754,0.528358567100786,0.248915037597943,0.494800191268336,-0.362563801575505,-0.112362817355435,-0.175610104083749,-0.54647136084292,-0.0379385207877878,-0.0035234534313942,-0.150809552490712,-0.207402168774909,0.293316168012983,-0.0475476764950652,0.0121215448391443,0.305094657052474,-0.0718083096644347,0.280087205956552,0.108409740310179,-0.135426312389404,-0.0351659549702539,-0.0550755730898385,0.272097421040433,0.215132348486196,-0.323189325265428,-0.379215401320345,-0.362927490520843,0.271162003817939,-0.0406409317655224,-0.230273747637744,-0.196711857185085,-0.298401121731623,-0.529121659684123,-0.421953307880603,-0.460271325187992,-0.172614795480043,0.193749270918906,0.0816565127553301,-0.0898200466916583,-0.33671845320494,-0.270151068592464,-0.280424974912965,-0.506544520320552,0.225700550368748,-0.0389820134273153,0.218925920570803,0.0519950961472024,0.0085495336504644,-0.0967939580602793,-0.0387703631333817,-0.333364181185971,-0.441211314950939,-0.0728218058401492,-0.338126462802179,-0.334748291565736,-0.336047620289782,-0.383611674326484,-0.333369296222379,0.44315899883457,0.182871402385872,0.805893697396168,0.65993383250163,0.91437842442265,-0.236996000658268,0.396018535021709,-0.341339316844909,0.359378161783455,0.799345048734711,0.16203622214313,0.23736922064904,0.798031044452365,0.45632585906708,0.479665371697701,0.472719717381852,0.569798302793932,0.110736358456733,0.218402658005697,0.396425144589049,0.449573326083635,0.331242677955896,0.660859339717524,0.548741432903474,0.506991390298135,0.378827977188229,0.635103667275884,0.756209145969636,0.367332167918012,0.677237031562637,0.630085653033664,0.518854418238232,0.4718785086564,0.200273735509922,0.0805823778344037,0.416851791725564,0.518114575296419,0.321392297412636,0.238224929441136,-0.195126408730412,0.002773241832727,-0.149881199343828,0.212459491878471,0.336731435086021,0.50952116976926,0.367294671807398,0.436052522272708,-0.181274684732441,0.25070555787767,0.0136866852614565,-0.247524949535894,0.302564992333493,-0.0953239088361974,-0.198330118383901,-0.0380230282313237,-0.404113017963084,-0.0858308677946754,-0.235251169618648,-0.147087559453827,-0.256390349178582,-0.0034930591246582,-0.168076277113322,-0.137127456203238,-0.432491061199759,-0.548510598836313,0.260844134232543,-0.347238271266047,-0.422056086601994,-0.0665528482250212,-0.379086286226669,-0.41682871260654,0.163322453605574,-0.128838964677297,0.198394473586546,0.0417373008467363,0.374243621108932,0.215384911756995,-0.152792704155154,0.122308132687851,-0.160137689957276,-0.416758585314929,-0.463706214292116,-0.265708630007536,-0.38275516663461,-0.299390090361747
0.673573522364687,0.73625331219979,0.631629456648532,1,0.108137012082085,-0.58871148449764,0.283847071518394,-0.278492063019126,0.235353481527982,0.385530442466066,0.632593066380141,-0.284337393595123,0.761296969001148,0.361206816115786,0.375397487687475,0.344791291287318,0.155826566018433,0.148700254198683,0.305850586984535,0.501717005379411,0.372623248803251,0.330315565650995,0.206331367221738,0.329695338409234,0.663453147589743,0.364501135791948,0.175316572832447,0.580408961539168,-0.0734578705489034,0.15618101674467,0.0365437087179178,-0.576957123664092,0.0581741595081841,0.103637760613425,0.114758403427341,0.0565400305250029,0.261576787896717,-0.0612375219293643,0.162441496736758,0.332857223093371,0.0343730338616137,0.0296087827818027,0.253668668320397,-0.200987734572376,-0.0602154058343228,-0.305500334637745,0.456667282414392,0.0852207410324269,-0.199562088088216,-0.117083487047208,-0.125018925170633,0.190243699024363,0.190306689463897,-0.280013436701032,-0.0253486821132573,-0.0780652521266436,-0.17104464938393,-0.490988700658541,-0.557529890952673,-0.108201449032185,0.18839708882141,-0.225979118042432,-0.0300450054551212,-0.0546092042317842,-0.393253795534745,-0.39716905422292,-0.470525293379844,0.0188405344663863,-0.398254652911227,0.234315634880554,0.302007766481629,-0.349599826950969,-0.279854955100441,-0.279359676157441,-0.0715455630451877,-0.372809529086834,0.173066671755092,-0.357323580892536,-0.551156016648708,-0.544863568616562,-0.538215036600548,-0.405132196162219,0.548967020212417,0.42060852756891,0.731370325370007,0.878229923329839,0.686058829539859,-0.149242480889345,0.447455741449565,-0.0647350365333338,0.511507616825985,0.677042711031678,0.0064946896105641,0.530385862950897,0.73264625972716,0.325330842154821,0.38376349057394,0.475991567421971,0.369448487690236,0.0883190112069978,0.242660731350044,0.415374204496992,0.472456494918371,0.430311413624478,0.66682134245761,0.467589516033421,0.478157339480705,0.173353941335092,0.648273289138598,0.634915572333898,0.320161175405103,0.594211115942518,0.697351320438566,0.434144455263818,0.256859220136032,0.279493763431157,0.22810086426429,0.441263806134055,0.618190261408664,0.460060424332263,0.286980602910822,0.089466150489139,0.144462628921395,-0.264718524194903,0.0511965775368787,0.132698593983109,0.478264030773234,0.347894320905616,0.354512478274806,-0.201996225306899,0.151428344491846,-0.105999389149604,-0.393961975457343,0.192493449927045,-0.0851293681459567,-0.0915444358050132,0.120705998208091,-0.462732476513938,0.0336970441450604,-0.179966176961201,0.0582471779877818,-0.075742220167855,-0.176933526202217,-0.097451047755233,-0.115009230493997,-0.472836192770737,-0.619818712587292,0.258584515392009,-0.508728776846599,-0.30284371744323,-0.027395263265868,-0.466278512394878,-0.281807787644567,-0.0741825936503109,-0.0837097064910541,-0.0161624352778183,-0.0523900037633941,0.265054594609808,0.191173355803488,-0.479836291582482,-0.295750446638457,-0.246065404512614,-0.379464020878945,-0.280746511101306,-0.028039676979714,-0.589253511591357,-0.473548650865078
0.151838077054119,0.0365093173291485,0.0677281181211607,0.108137012082085,1,-0.0138484241329956,0.111031152761173,-0.110939506628442,0.0923777991986792,-0.0330756148700205,0.111431951541832,0.024663263012736,-0.0083445189632515,-0.155328358021252,-0.188912344228751,-0.0227306470565599,-0.110354550106661,-0.163765290028995,-0.0463564110736946,-0.262651739174511,-0.0199871859741018,0.0413234336319283,-0.136751227616319,-0.253953612264316,-0.0360403452903079,-0.104895984256354,-0.294387827569713,-0.105137159816442,-0.248180651957073,-0.255883994660836,-0.189337307606234,0.209991866964685,-0.162599775458448,-0.205343061817302,-0.110082636441551,-0.387483622129182,-0.286517659087848,-0.361729186342219,-0.320830525168471,-0.238394996653402,-0.0545338018379735,-0.182726668188914,-0.413052515184657,0.224646854093517,0.0270151107429392,0.0059568265619364,-0.0815538945852445,0.163983225918855,-0.0248849410681763,0.0500285907704061,-0.131227701180215,-0.0542991931208151,-0.205924498293138,0.11657358498072,-0.22295150347653,-0.312968386805898,-0.165789897064253,0.271051730924336,0.181413693383724,0.11317384839931,-0.028945370404813,0.0239228000289328,-0.0332507244414759,-0.0757562942701378,0.140931966247869,0.0862454948571503,0.035619585537882,-0.0943808419337941,-0.0079357887937578,-0.167452934811465,-0.322598943778825,0.134435345730005,0.0908513823776195,0.179546679932083,-0.245384692525173,-0.0034785650009461,-0.0658269975724225,0.368544778441771,0.208847029864705,0.177805597348921,0.193111763203702,0.132055751787588,-0.102559648766678,0.243852925857068,0.122599185675744,0.10486471392694,0.134834253114698,0.0707394958998917,0.41825663133613,0.223931889190684,-0.0338379728565941,0.146737759404258,0.0893842654162853,0.265390599780126,0.0505562630144605,-0.276934759914336,-0.135355026814843,0.0660220351344577,-0.0148617008548803,-0.0598807386048208,-0.0455163572664808,-0.0737806679210409,-0.191918037660215,-0.143789336007933,-0.103472793453081,-0.03209441812438,-0.15644004352796,-0.201203255376612,-0.103136568235967,-0.0185096948685373,0.14433338312403,0.003523641088784,-0.143229837157812,-0.108676704596041,0.110768398003001,-0.147785779794712,-0.171410038228364,-0.15167199965353,-0.115813463511542,-0.145860170244113,-0.240080164897729,-0.0366784028623587,-0.305863329001075,0.117731777597883,0.0174745414088931,-0.173761701152922,-0.251168056216693,-0.0595373774026048,-0.255276173835566,-0.165749230807686,-0.227413710303374,0.182401976036388,0.180964270265314,-0.092562165762266,-0.120708371159117,0.0352778222349054,-0.114152534376027,-0.130512433191769,0.0058759853734904,0.157206023198875,-0.157478948903682,-0.0146191860223925,0.193634234414822,0.004639918703178,-0.0946244980598234,0.30562825388492,0.220932266932278,0.108263594425592,0.180891131392593,-0.149857025768801,0.0523541593679635,0.227038485582569,0.14706627642619,0.0468894338280452,0.0127919934329374,0.0072057988706974,-0.032466252746579,0.0129882621371841,-0.284267065201554,0.241447211196264,0.181514735895665,0.0867281648112439,0.244579804116298,0.17354516063162,0.317247328943736,0.278222156894541,0.238933552748599
-0.438359216980814,-0.564864263256153,-0.51707761495295,-0.58871148449764,-0.0138484241329956,1,-0.401937666047677,0.771165431629481,0.16808025380637,-0.392428102966149,-0.416068620145586,0.76358366331636,-0.483143764634603,-0.241564432063838,-0.16912196682066,-0.17831765125827,-0.0557253302513476,-0.0614152795869833,-0.119988514609117,-0.528169636297197,-0.343434969987714,-0.301351521340272,-0.24672628319992,-0.432353720762152,-0.513009875298391,-0.494579157611475,-0.179169970592769,-0.602971967935934,0.0657451865704484,-0.148410722333076,-0.221570270577353,0.374866514336507,-0.336372504417101,-0.331253444674605,-0.174873820422567,-0.200539608649897,-0.530665093560688,-0.102905867939487,-0.199774527863443,-0.384445796743636,-0.201523598901133,-0.244175253620165,-0.416122636158769,0.0227625465293102,-0.0898063709361441,-0.103542808774024,-0.529853214469353,-0.0029359390272711,0.245386565157818,0.121279490211406,0.0846824381643233,-0.0536930135679724,0.059609770770582,0.218683985059117,-0.0056396887429199,0.0969860170006121,0.159268383141737,0.321760067155527,0.417551169768502,0.0478764133727362,0.087806273351308,0.220118804742099,0.263450652877158,0.232413768912152,0.404526777654408,0.436054564010503,0.490705454725653,0.0544924120381324,0.45791268882169,-0.167188077078274,-0.170549405863125,0.364103399527741,0.516885720492419,0.220327022527589,0.239983854748544,0.490219765817732,0.101157460470641,0.209342715731686,0.518897698030227,0.637571431204777,0.521556362113329,0.25248476874404,-0.340162526654683,-0.20728959082775,-0.574856947465013,-0.630439840776242,-0.557819317910671,0.672402300333183,-0.1858013260554,0.596063258267061,-0.209055829337285,-0.412568434290284,0.416703750854269,-0.0688728231579522,-0.625666833565651,-0.175487056438536,-0.187816668357037,-0.147020147660344,-0.138334176417831,-0.0103947564145858,-0.0330359514244565,-0.250650821677252,-0.405014270148147,-0.249156725438842,-0.498683940461747,-0.513659748946963,-0.259638800262291,-0.0529655851156667,-0.476144529157531,-0.515327319431576,-0.517912919091976,-0.438823373420235,-0.540664178377035,-0.291109840871478,-0.395386499691153,-0.0983547151036632,-0.287912000688406,-0.287991365716404,-0.610633823813959,-0.477829022539048,-0.220581413502476,-0.244616898064195,-0.283541040487444,-0.06571096839785,-0.395622952530423,-0.119725209542226,-0.567235088207612,-0.207564390001091,-0.171319245972305,-0.0964603858258958,-0.270097595463746,-0.100178710212994,0.145222326832571,-0.420766596685855,-0.12320132510077,0.0063668025861624,-0.249263103164252,0.337297612687191,0.204206612363661,0.14684857922504,-0.026026402231683,-0.163190143649613,-0.0425175695194608,-0.0761838349571228,-0.208239381829416,0.32755437379653,0.459177032383991,-0.11213063596741,0.450669523965548,0.35250331279209,-0.135439446283932,0.376894118828432,0.284761118919023,0.0066819928306474,0.23348110045901,-0.310656087441882,-0.027073151510837,-0.369054506024874,-0.437854260790688,0.413460517067986,0.134761802151547,0.434396436469849,0.295644840515641,0.232491366037851,0.167773062104278,0.508116837499917,0.254557534959618
0.294501541663367,0.307717362502924,0.459554434533421,0.283847071518394,0.111031152761173,-0.401937666047677,1,-0.149229790818499,-0.0653054033838318,0.446585497996691,0.537146728945847,-0.440981798831183,0.320524993032302,0.235120404223373,0.435713805385428,0.416112779688651,0.233548637870403,0.271717666347211,0.23020951325342,0.298450361559069,0.35692815993236,0.241086039887161,-0.0190520252016046,0.289920290398121,0.514418547554545,0.460412577066752,0.289023742260268,0.311765000045977,-0.212312807371792,-0.0091521815132165,-0.0824770374196407,-0.0547053434864054,0.0439499617530501,0.260326872457054,0.0112020709797223,-0.0358671895169831,0.436722395231689,-0.0624107279915559,-0.172047344709483,0.0778274235070282,-0.221828746972043,0.13040588389552,0.121095639289331,-0.350914740880017,-0.0096712769677473,0.157360711420031,0.346955941772756,0.0780823542915013,-0.583849970474579,-0.278031075737153,-0.340410130630895,-0.0516973119836656,-0.33075669423164,-0.559770017642943,-0.307844367740894,-0.248690869385343,-0.206013699107634,-0.110664049782466,-0.268944002880298,-0.0076239131815917,-0.0670367025086179,0.282738052724407,-0.314085767169324,-0.157415154200978,0.179977309776094,-0.236710342796684,0.0167848246037697,-0.0887591087431062,0.0790014386008869,0.0895957519231942,-0.0562356332548156,-0.0549548105248554,-0.0941981918463196,-0.303227658475071,-0.419227817121185,-0.051426735115181,-0.109174067575339,0.0502956586644799,-0.0098811077639021,-0.287256289317601,-0.174455385248454,0.0604456085161062,0.320141895499349,0.311577278010909,0.282185823640511,0.293787589263846,0.475106536311132,-0.244333068723584,0.332369823316124,-0.327812833024028,0.383785769241087,0.201259768303684,-0.277587568776085,0.172433733918189,0.427755653424678,0.28784401915233,0.343765826401079,0.340735990257566,0.458629246078927,0.290115474227225,0.254977185939508,0.417080358674526,0.506064080189965,0.265547805632227,0.541816081870262,0.535574537728968,0.487084520182322,0.336548987761961,0.511596609450205,0.421329194829802,0.491909680072116,0.595863265267768,0.505941776888146,0.268131866397767,0.796908238359286,0.112804648576242,0.0159466239809578,0.342147447670297,0.130112397353247,0.128289709875213,0.266478616528137,0.0140053986861285,-0.0637623825673776,0.234289228187444,0.405701860642392,0.177934244034806,0.370589434599074,0.344711829352405,0.0684636735322549,-0.312491999021745,0.07419220913525,-0.0624881369899592,-0.132097856000967,0.196567680200265,-0.387546548596608,-0.461887964588134,-0.041775917640859,-0.523845573122829,-0.296295519251574,-0.39454129370385,-0.448413422559077,-0.135162482743934,-0.171400382982298,-0.347940458161905,-0.118984479182066,-0.175647822956126,-0.340188644969225,0.231230533809902,-0.490143342361659,-0.61894189694381,0.525157757821693,-0.142667388721175,-0.392081941551192,0.233169456793043,-0.102995698238282,0.512182641637496,0.0075618255465297,0.196530401429861,0.139053413444141,-0.0904397048793557,-0.0094186181630731,-0.331802317765669,-0.0188062257588471,-0.0440065320543912,0.181989516737784,-0.0478707998848289,0.0612702598021403
-0.359766670878331,-0.46164730927841,-0.348151099295235,-0.278492063019126,-0.110939506628442,0.771165431629481,-0.149229790818499,1,0.246144642951249,-0.348694782436439,-0.158001761090211,0.574100920589273,-0.224191357074694,-0.0935592183373729,0.176478518598614,-0.106486313496654,0.0140370414632443,-0.0891479905444231,0.215864411195416,-0.257809638135083,-0.343202627088197,-0.159053109935179,-0.25799906352903,-0.345603199348403,-0.0887098299503741,-0.367949385286988,-0.04325633495346,-0.3939214016618,0.0798134827534334,-0.0113971337212553,-0.147611902126994,0.177477831407883,-0.317516449435626,-0.356260116162115,-0.139273358919329,-0.0680961195727144,-0.412346380695429,-0.208672981236137,-0.0780794847145676,-0.47513515046191,-0.390391175244257,-0.434300992798034,-0.391265194363846,-0.312916434229431,-0.296602175627819,-0.414334601812419,-0.357767869979822,-0.0039700672943085,0.22011199914582,0.181630317076464,0.155782549842693,0.173276316659631,0.182373061963062,0.0173917411174429,0.0186135600851971,0.23389618195604,0.165596898782032,0.0799200818068027,0.0744832759696802,-0.0300887117159238,0.0993037965835938,0.276150142980227,0.379537952989838,0.376895267124298,0.391235625737568,0.392009807174472,0.580241987662395,0.0026538208299993,0.407693691256832,-0.123852824488552,-0.103555800150539,0.191742845033729,0.498262163101545,-0.110730836823666,0.323281607942845,0.554322968354394,0.141906475525771,0.0993754293844211,0.364976346844394,0.419084786369346,0.302701500186037,0.127605966410456,-0.18681425298937,-0.136937346828299,-0.484356627366719,-0.401326912733335,-0.381024117697352,0.6129076618387,-0.0140813368778638,0.53251300570149,0.148022187025005,-0.252243287485767,0.275501357971753,0.0530481112053902,-0.415457682313269,0.0299705763916601,0.155184432634746,0.155946206941464,0.0091862251049498,0.167541248303107,0.198923315185183,0.143104628883681,-0.245405757721221,-0.0109180432049553,-0.103366691428433,-0.354154090387011,0.187273227429398,-0.0383988432850357,-0.0652800716901624,-0.261406409605171,-0.397488832047221,-0.162302046476091,-0.119301865231021,-0.1666186070196,-0.255815172942921,-0.0695614507208999,-0.257959294508367,-0.119053339778886,-0.368404687388628,-0.308454660667292,-0.210215606071304,-0.229250400106699,-0.310836628020431,-0.171415219654089,-0.366276181227196,-0.260074929467642,-0.477455374502444,-0.017096013345964,-0.0960242193894499,-0.401937687040854,-0.433760149456471,-0.446502110476918,-0.154619391159162,-0.582583759679255,-0.206607893206812,-8.74086018138124e-05,-0.200322846267347,0.121622730410998,0.32684705727456,0.04434801858119,0.0379795122761889,-0.218121042092233,-0.303410263420019,-0.11966657349172,-0.356004722001975,0.0569443361971418,0.161658317788211,0.0418002943009398,0.122950132032986,0.22942925214001,-0.0987999755292601,0.240323598066139,0.211115396906039,0.0042213351077848,0.330936471938984,-0.212281848180132,0.0965990245316508,-0.214638287670456,-0.498079123272937,0.191605982833333,-0.0556451192098579,0.392740565004354,0.226779164342226,0.167529637091133,0.133878186756331,0.315021125239833,0.0366308004003815
0.128478635413273,-0.0686945093866329,-0.128446609819176,0.235353481527982,0.0923777991986792,0.16808025380637,-0.0653054033838318,0.246144642951249,1,-0.192816981774062,0.238152436536187,0.268188357154594,-0.068070759855026,-0.18516488812354,-0.0935169244192247,0.0764291495267337,0.112532105204838,-0.140956975128268,0.106344577787886,0.122705219867381,-0.128919175057984,-0.0142435005499152,0.0083861636081559,-0.0185624938900027,-0.114737613455846,-0.224160947263494,-0.308467966996334,-0.0291696972065725,-0.0487957532201586,-0.0585052099904936,-0.247718615654234,0.091683435318693,-0.213484915125326,-0.124969935121701,0.209916637011587,-0.152338560374409,0.0039737933362276,-0.128423753272712,-0.103949477756636,-0.0589827099250321,0.177607558678423,0.0272278489887127,0.0557081535960097,0.146951954951268,0.154746423503399,-0.0553399955376341,0.0694771340896257,-0.114194683576084,0.0098244971275562,-0.152492470078303,-0.149144476800232,-0.197476452346171,-0.106140122848666,0.0552838287536777,-0.111589060825567,-0.125799227845036,0.0584307247019476,0.202964943697138,0.0469938585478503,-0.202198517707359,0.0027229564721508,0.0827708441743787,-0.0316081776804426,0.132559158248295,0.109497390947446,0.129535540548878,-0.0728272108620857,-0.0018914868879315,-0.1716343276169,0.0225239046624703,0.188195850498837,-0.0025796336268301,-0.100617340478367,0.147709894225033,0.0020014003805464,0.22133703615155,0.324775342835282,0.308114640074688,0.0736772292347072,0.0484103097808453,0.15710134674357,-0.0567468070033941,-0.0062656402792303,0.198244078697363,-0.0402292367499956,0.15636375774547,-0.0709686708925195,0.135259463562501,0.209185670881908,0.708981402037097,0.297918938433405,0.0901510167699798,0.100579808151826,0.510842208488103,-0.0119227933809624,0.0324349434235448,-0.159610170554545,0.13154602650297,-0.0836329381092626,0.0652423116444369,0.124023429362759,0.0763685654581056,0.0868943395500408,-0.0920641501141952,0.0273607614029677,-0.125552796740954,-0.102353602838809,-0.137322796849311,-0.09893799638349,-0.184438618220559,-0.191144332735409,-0.0849524764879803,-0.103280625152588,-0.249525768000917,0.004168146130568,-0.0217640797210248,-0.192162403718561,-0.085113292072549,-0.115634485042189,-0.0098930262460659,-0.0021618786337622,-0.0677294575052875,-0.133277917897163,-0.0915633970495353,-0.110000742500184,-0.165208502809027,-0.0222232402706096,0.0355528298163368,-0.120022747164875,-0.0002212788335544,-0.0005600619964571,0.120088914826382,0.0990983754162257,0.0717163164501124,-0.106554200430796,-0.0944671118804796,-0.194262475474259,-0.019885583928411,-0.0884175156351247,0.0677419783463827,-0.0699598576944762,-0.137830235953228,0.21845244856283,0.0782153766785886,0.0017667971328009,0.161560482815542,0.0705172411512574,-0.0781042950180521,0.0936043811739351,0.09688752860247,0.0441024236885787,0.129948670294599,-0.0107222323628527,-0.0609160051074028,0.0439851309716362,-0.159096598618853,-0.217224429280331,-0.146740756965593,0.049594712690629,0.0265561138951573,-0.106418235161583,0.0936379361651103,0.187706478262529,0.208152169191101,0.474584088032918,0.0824968001696859,0.129577148596525
0.500380603701321,0.585096563126642,0.767745393175069,0.385530442466066,-0.0330756148700205,-0.392428102966149,0.446585497996691,-0.348694782436439,-0.192816981774062,1,0.391953395547128,-0.249591227360172,0.629605586339837,0.509026401869798,0.455670073116442,0.538292572428326,0.269878753341494,0.473908387463471,0.183212218611844,0.29400659230164,0.413352991444684,0.0091644559598917,0.0842335309074343,0.212439667469192,0.492671273106257,0.5891597472602,0.468082565681205,0.540598390915098,-0.312126613225101,-0.108247959811291,0.0083301916574111,-0.394603811849573,0.253596341368297,0.322514601629716,-0.0383060033767212,-0.0953344933956655,0.375331574821116,0.182693141383657,-0.0858546808181464,0.458678342898031,0.0225752344913917,0.333726564391061,0.22805113761845,-0.0486643988995181,0.169019056306159,0.144898941478437,0.244740798081495,0.183608674722767,-0.40889252120382,-0.309358916326363,-0.263244828027346,0.0062785069687585,-0.141514043809483,-0.272376396368638,-0.20369140660119,-0.392164674121293,-0.359484809649054,-0.278764982488561,-0.315593442974573,-0.0882192034107198,-0.0074580859930246,-0.0363367229912404,-0.346880884806359,-0.444292752085672,-0.243287247515246,-0.401334027803493,-0.416876225050026,0.222234991036918,-0.0421612405498726,0.205422567179687,0.0860729045103851,0.0668509778322954,-0.230709887929891,0.0708325764612565,-0.478189761543091,-0.39789658596754,0.0248671739085487,-0.26665302457736,-0.331126542354313,-0.352372197560597,-0.363415146541852,-0.225189111484376,0.415220395727412,0.233644898122548,0.549276150706986,0.408457599769552,0.696728525365542,-0.183486491876028,0.252664174697456,-0.357313381864619,0.215867844411958,0.566871569777309,0.254335968013427,0.153142665264513,0.763557536832488,0.39864091043185,0.379677855092048,0.40372852801079,0.508220063529027,0.20248825803644,0.146745161844855,0.366641801800126,0.484580306684622,0.304704000765468,0.500910584651596,0.496660589463348,0.468217029983523,0.453807118692771,0.508372831835176,0.66198528549331,0.384407069089173,0.642939265290655,0.486902163126169,0.572195776389959,0.457699464456127,0.267595078574756,0.282656745962451,0.499601226860695,0.495511958334699,0.467673373209006,0.445919475838236,0.0447045783622568,0.0779674751665761,-0.184071252285805,0.193293857480528,0.577804809488459,0.562788732704582,0.330328787111899,0.48651977381692,-0.0114144211075311,0.385356201919141,0.178556713911927,-0.149125054575096,0.446673374665317,-0.191987389379967,-0.297955553499445,0.196014523220681,-0.359646785369782,-0.320865335181616,-0.307823186945217,-0.225244685672653,-0.175403008242645,0.0001153273378287,-0.281308722942687,-0.0553548029287945,-0.292165801580246,-0.463635547711704,0.167527048310988,-0.326992706589687,-0.517111197306293,0.180189711138205,-0.436666510133591,-0.486599424411422,0.0302380927768971,-0.386654409429964,0.122040846620415,-0.169588572700585,0.177267718741439,0.322282363180336,-0.113119426821792,0.19983667654054,-0.392032517296842,-0.407805779597358,-0.366362947719928,-0.188020155343633,-0.37328387822965,-0.222750221095014
0.543649726632606,0.526252458085906,0.524836235340234,0.632593066380141,0.111431951541832,-0.416068620145586,0.537146728945847,-0.158001761090211,0.238152436536187,0.391953395547128,1,-0.211511039518859,0.503188567013507,0.343258074698608,0.321138624567325,0.392660929602039,0.208295861986314,0.139000443077218,0.340392101674154,0.312693881242528,0.26844544467752,0.117314780065959,0.119418983115134,0.167377322124683,0.472476235111646,0.396249956599484,0.20687967869612,0.440662225740482,-0.156820259634054,0.0280644326276407,0.0187163552872869,-0.207819856565757,0.0365225817914971,0.119179407197716,0.0329203718884984,-0.0365064452107016,0.253627676298732,-0.142959010472742,-0.0390697462466424,0.243486096608044,-0.0633472000614978,0.0813332145204741,0.0565077993988087,-0.249188731961605,-0.0928101006679345,-0.076105562609121,0.189730755718794,0.047061754131074,-0.293244499798414,-0.14374565371022,-0.164198094020287,-0.0099323159469102,-0.0771914764848112,-0.363468047045368,-0.180087119542546,-0.281873669079935,-0.126251915116879,-0.187667241474274,-0.313482680247857,-0.167457008602788,0.0452504226654165,-0.0285627726625912,-0.21961445196435,-0.164378946451428,-0.179775649185002,-0.243545902223699,-0.265932841382632,-0.200923480491471,-0.27807610078058,-0.0527394935176428,-0.0627601685132699,-0.326655894683288,-0.323351399157041,-0.305633416799916,-0.292478514830522,-0.209914260460177,-0.107136453623868,-0.0856915014593749,-0.26372187663356,-0.419949056822083,-0.268614745099864,-0.257394487059476,0.451124172427922,0.301788311901376,0.513982929814765,0.598197496489368,0.528104277450908,-0.200180876785475,0.252697994117194,0.0292770817142518,0.487913429223161,0.455699582263094,-0.0995444180297294,0.56450495647445,0.522290489193025,0.291517060743601,0.340487702780093,0.400185741983761,0.355831230239996,0.227595345765474,0.181064604908583,0.415153606961074,0.331778531659515,0.235395424730938,0.502123851568826,0.366619726055108,0.385889713747,0.0854421241279002,0.449179373944524,0.477720936067707,0.340389946037871,0.468789014070823,0.460092137390227,0.388190945393003,0.486819345736795,0.183080531554762,0.140187503723078,0.346853868715866,0.389333986882717,0.333526428838705,0.140422533727139,0.0106675255742968,0.0462014936848748,-0.107483292984667,0.158624634534356,0.0992010916471284,0.382701477111727,0.324891705992825,0.189477300890003,-0.162603887381014,0.120414478502042,-0.116461124378268,-0.171733977763799,0.0569008793325256,-0.133721716746178,-0.149840520311123,0.0493385919181348,-0.327422663953614,-0.092905048546776,-0.17633880628062,-0.0929936792713893,-0.0536015466029244,-0.0489365141892666,-0.136108995655141,-0.144552350896487,-0.223044943872898,-0.358883780987437,0.116440440724469,-0.43879416512053,-0.468239443576462,0.239832596885387,-0.200666502142584,-0.284818427160418,0.0117306282780122,-0.211896487756253,0.174288531661173,-0.0407114388940089,0.220462156950982,0.0130257475185781,-0.313854246238075,-0.267493534380331,-0.327927927006905,-0.238378466550235,-0.123032976341811,0.138839715151946,-0.312361369484177,-0.161577201956182
-0.312838166191422,-0.279973323467849,-0.287699849446696,-0.284337393595123,0.024663263012736,0.76358366331636,-0.440981798831183,0.574100920589273,0.268188357154594,-0.249591227360172,-0.211511039518859,1,-0.172204873348158,-0.163418148103681,-0.13795544818776,-0.095615420539906,-0.0168199521788342,-0.0020620496962457,-0.104964716570785,-0.499882758044605,-0.241988746658106,-0.373599887756134,-0.385439718906847,-0.52498541081845,-0.353654744726053,-0.494305596698479,-0.229799159575471,-0.545901192828541,-0.15647050056346,-0.332592697529094,-0.422495288978972,0.144362917250928,-0.450567959066455,-0.471990514357246,-0.135426182203629,-0.293902211851096,-0.56848510250476,-0.105988642343617,-0.155137485049626,-0.191690360967251,-0.13086334458133,-0.138991597876506,-0.416132552452407,0.138035096454292,-0.0635541008481816,-0.128708704330091,-0.495383710465384,-0.167811146948545,0.306307330097578,0.0524259510100055,-0.0618666533427964,0.165983888983223,0.0038648854989356,0.243375635288418,0.0315809257206572,-0.0584953579143713,0.0202041239833695,0.254118342222562,0.353538928361695,0.0357430246660725,0.0266449510870112,0.0608776641829822,0.246486014264928,-0.0245268597322948,0.297748834286196,0.476973541824723,0.312710627034656,0.0900452022969506,0.489296277838408,-0.15422887955616,-0.136721736723935,0.407369633542608,0.539433051973112,0.305256507809851,0.302165655382857,0.492564190966627,0.11652667104446,0.17163263620553,0.472007036361542,0.642062598529426,0.421908966257309,0.0428045024260623,-0.149829429894871,-0.249268864413286,-0.222559780852851,-0.356826441652744,-0.279833289009621,0.478500082351513,-0.163458480863225,0.659280995717779,-0.0434582703494985,-0.0992723329725415,0.631456875878078,0.183079111234613,-0.429466267749894,-0.173140557348306,-0.107820793978449,-0.0476390934042523,-0.0570395490923923,-0.0195489492441564,-0.0248959437971428,-0.216489677049786,-0.308136229803877,-0.322406493427933,-0.412386905412779,-0.420019945090657,-0.25140358413463,0.0154403950713342,-0.334332200261186,-0.274964853096127,-0.590829971935634,-0.302595857795754,-0.437591306228026,-0.215905586454283,-0.425951484706523,-0.119119331690942,-0.415500620181888,-0.30617473419146,-0.536466519994966,-0.501597356682958,-0.241170363510779,-0.420574370316245,-0.326728322654655,-0.341213164236291,-0.572496364974036,-0.0526777238571285,-0.503519190324499,-0.101486485266498,-0.0015086163654982,-0.0856819751161411,-0.116002514129678,-0.0695271102638955,0.149449262791212,-0.356455916891956,-0.141226154125341,-0.0147202202560304,-0.375229955376831,0.334903092874247,0.21525782856041,0.0879505611467772,0.0395019581504575,-0.332407817671371,0.0061064517156446,-0.147969167152872,-0.388977569199795,0.201857484440257,0.369152644065645,0.0213598795684265,0.40382230757728,0.254569214866134,-0.362148088305802,0.206245093508975,0.197839844299927,-0.158403233163846,0.15388149575071,-0.530873331513996,-0.154045619645821,-0.427747332435857,-0.475023038477591,0.332000780948025,0.121978128262621,0.416451654176495,0.140703630647572,0.0566529105804372,0.0816145908034192,0.395429577364722,0.0801792128757757
