1,0.36805728476226,0.29989465471419,0.4760840820094,0.672098138520795,-0.11939361663677,0.424986341963989,-0.0642163096682224,0.699292541386016,0.557451040427194,0.640546293072485,0.431660424896694,0.554259810075057,0.0576744158787981,0.0980556006068584,0.150786665336633,0.309442635705554,0.0367891416070025,0.228325436898628,0.392312980746188,-0.0011660330389243,-0.153884505299091,-0.0995912752114406,0.0174681122601294,-0.217775152776656,0.183830907627043,0.206908557225363,0.514160253866732,0.093853705596079,0.0110613154450283,0.204002800933033,0.0137132059936763,0.0403490409805299,0.0010391803642373,-0.10987825719136,0.037127475147838,0.319581345151798,0.251038730532309,0.100724501245451,0.146426712174302,0.138009633554957,0.165606145436023,0.182585746490323,-0.314304415283853,0.167713596006259,0.433846852319386,0.216840825017798,0.0087031513082781,-0.369698816849297,-0.207014844598577,0.0034974293993219,-0.342984674758669,-0.298668787827053,-0.102289702997317,-0.0521576017613107,0.108639891670928,-0.173050338432142,0.482588428143928,-0.0345914473280629,0.0690359441963498,-0.42617100722662,-0.329904849266638,-0.295122081714266,0.037617509003748,0.26448024152359,-0.483075287508067,-0.344602569161627,-0.208846461259408,-0.12258840501778,-0.0082186290674705,-0.164747116719662,-0.216202397659134,-0.266614082468598,-0.258282766443559,-0.297507135214485,-0.364088563023697,-0.402104443048318,0.25336351802214,-0.206697602415647,-0.336758958823458,-0.168630462914656,0.0888378240899333,0.453886585286288,0.350843185227713,0.475993865327916,0.556233169558727,0.0477649061140836,-0.0649011706979787,0.768037864619076,0.606056651904048,0.650623736389895,0.411619614647586,0.271409214662575,0.600431926121421,0.572036575438757,0.0945738529742745,0.0233911691432644,-0.0240751290637547,0.197912125023927,0.295344127728963,0.167222891331868,0.285515349829186,0.113468187826346,-0.141305573276876,0.387188279932456,-0.0099405818945985,-0.182202861078249,0.105548823053004,-0.105991988179844,0.357534517215621,0.130981113485125,-0.136071228420116,-0.12062988141149,0.143815864669063,0.145194024200289,-0.0648997542184201,0.107911162372021,-0.0765192746101754,0.211647083589669,0.25958590616089,0.238998090427924,-0.19870717019389,0.256151833559182,0.228147444308437,0.188656824743061,0.219906795229947,0.245783248612751,0.261013077931768,0.0937059680155059,-0.0042039075082402,0.083176424867303,0.178631662906429,0.510432958413909,0.338321178195029,0.174451930366214,-0.292846221372872,-0.287830623028397,-0.174432100843315,0.214927092805619,-0.0089727137988045,0.0821490856341528,0.273340772624956,-0.21731765659874,-0.0516300217470687,-0.215848541815851,0.588001700149886,-0.235135073961369,-0.151239449189636,-0.159834259628415,-0.16293024818494,0.0689463896125482,-0.0964926672053718,-0.421186028491002,-0.24792236045925,-0.284182126884986,-0.210241169130907,-0.172097522579789,-0.000882275324195,0.016492438225706,-0.192877497464854,-0.114028566393526,-0.267041302013849,-0.0776908287747883,-0.161618184647153,0.211481869187417,-0.234196759890161,-0.121785152556923
0.36805728476226,1,-0.0869535374021782,0.466434283703447,0.174372200406804,0.616639606819778,0.0986081855597858,0.622357693703978,0.459432390707735,0.482777919147284,0.650258576344314,0.725415089913142,0.656072202023265,0.308945674175347,0.489753604027418,0.0478755657703459,-0.0286626072715391,-0.106704417724219,0.17070456928998,0.15862739542453,-0.264981941132145,-0.0350647184315795,-0.154490207516867,-0.231363810379951,-0.330183959998391,-0.244197285353784,-0.419570902116608,0.115047658634453,-0.205719912913093,-0.194764084903091,-0.384570141857483,-0.496028494884806,-0.246505251592015,-0.400382868617333,-0.384852821198162,-0.52925595758624,-0.0510768426062173,-0.143987978513561,-0.331038294392487,0.0561548463282149,-0.177746162412705,-0.185329408647958,-0.25970241811891,-0.292247075610118,-0.266362425107422,-0.0488409626306015,-0.162120025328671,0.171670019421618,-0.330192721473529,-0.45423910743499,-0.37022669417015,-0.258535474908536,-0.0482488405954209,0.325469107083693,-0.302813831042901,-0.36191660730391,-0.295795471204815,0.178726936375077,0.406546199161826,-0.367207668984029,-0.059108447396612,0.047105735387272,0.0218104886578008,-0.0726330464791002,-0.36335514540552,-0.197792459272416,-0.184918116948088,-0.192494943012143,0.104530389082184,0.142175611086197,-0.176568595594619,0.16192296074024,0.17970852612452,0.065064468078387,-0.0074913589461814,-0.2069015200916,-0.0788413108051154,0.137113864563965,0.0464814861347881,0.233001038422815,-0.207530204783767,-0.0851020026263718,-0.104203324775112,0.166542506259073,0.712082287442181,0.472006148617593,0.160312932445174,0.537670805768132,0.228149259059057,0.49588266473879,0.396907096787298,0.455322149919268,0.624550459154017,0.66403587318961,0.371724917267778,0.359805094660239,0.463787191254066,0.0485889609389499,0.0572650747797789,0.0391805726790565,0.141584437350053,0.254694924786684,-0.0696175267932497,0.0546127420676757,0.544436365963158,-0.336656476201539,0.084694683196539,-0.0913657116438835,0.012034380146254,0.2799181847035,-0.237893824703255,-0.0188207652453055,-0.137911630967116,-0.275987116733926,-0.446878945454242,-0.140967327521683,-0.257330642514205,-0.1782176822083,-0.200463356968829,0.0492823208023903,-0.305324048720731,-0.276344407332692,-0.213301050372043,-0.200948828709187,0.23442541892673,0.0625564606982262,-0.125924531702369,-0.101087769153922,0.16573520068602,-0.123284665262972,0.120076850052378,-0.170752121371472,0.0533553651103505,-0.0987013679374085,-0.203846204324066,-0.130804615770525,-0.255101602441654,0.352204168242458,0.117863987773973,0.410278222253991,-0.025140391972529,-0.24653842709063,0.0676246256030676,-0.258552241951749,-0.0147488643386489,0.432530487435344,0.220185713793786,-0.400607536344664,0.0734722867424401,0.042350811521376,-0.188682144307344,-0.205685012783455,-0.147661271043302,-0.124962700883206,0.145598938929267,0.21037659205249,0.142297449707536,0.0910593378376104,0.254241262473131,0.173931584975208,0.0277949725933563,0.0565277772901701,-0.270639556832609,-0.0135688962566332,0.095038999399972,-0.0084107999461758,-0.289289742888592
0.29989465471419,-0.0869535374021782,1,0.0471198174786033,0.170545978222839,-0.0513691334533593,0.495682427045816,-0.199806440584353,0.231584083570256,0.208986405916375,0.0705724951721534,-0.0480312769266456,0.0954677351072045,-0.188310387023252,-0.181015685546369,-0.0306163170559314,0.0729901235563967,0.173484841708762,-0.0319315531864975,0.232567691781425,-0.0032657442443209,0.109561356849214,0.284685455290132,0.342946313882649,-0.101985662265856,0.680571941292966,0.599064575945628,0.687926203789833,0.500922533445354,0.598863781948172,0.718247058716777,0.254826134970228,0.326268297289929,0.498341083587781,0.105334132674887,0.473743785589895,0.1307962482559,0.350935880978289,0.247806597963,-0.0167006404224396,0.043895367778804,0.254837285545906,0.362809224904972,-0.203851126201266,0.192807804344566,0.282441941221466,0.210716772490471,-0.0278607257786438,-0.258749429092862,0.126867385090399,0.483635946898439,0.0013526735364295,-0.166376449475649,-0.159908396768249,0.387061519580212,0.521519903320926,0.302946322999528,0.177132367290241,-0.125200578803124,0.424005216439895,-0.38818769701974,-0.33995427687552,-0.220944893554077,-0.0135168147093175,0.398703902519148,-0.346560363988311,-0.266558773491382,0.0479590492859288,-0.122045069566556,-0.0468722518205325,-0.0663474234234772,-0.127271797318029,-0.142657771571915,-0.0445464757871653,-0.179165787502402,-0.214684330480556,-0.236737798191075,-0.0795240158067887,-0.245724940064367,-0.312955191319338,-0.047929473005334,0.129560649519492,0.391470682300237,0.0186192725251173,0.0532528489252659,-0.0427178398952498,0.599041983389679,-0.0861012257826341,0.0951128885255849,0.179039668326202,0.28824349834975,0.225935456606224,-0.0034587417688783,-0.0235504202576885,0.382046370912008,-0.172882988387532,-0.273549971499739,-0.208361183699522,-0.0291617850576845,0.0327643159317878,-0.0286106315662025,0.0349997998445235,0.135782896323682,-0.0434206121384584,-0.0470850432406175,0.317272855748466,0.0510545386989563,0.337545340535665,0.137519108353846,0.0593448960767749,0.448699750266816,-0.242923122107228,-0.110386817737934,0.63961126449858,0.344227004347064,0.173995455720309,0.553863594542305,0.286846090779233,0.529324443916069,0.683266865121781,0.462947099543374,-0.0702498953891736,0.22623331215621,-0.156405547532483,-0.0163818253628288,0.209111858941734,0.353065436521891,0.145460882436531,-0.0624334276051728,-0.0602812666534087,-0.0869815494683707,0.138353178485912,0.169826883804523,0.178898383885005,0.288597353330331,-0.168618333570427,-0.230052203162758,-0.321629742853892,0.174402508108066,-0.24682227350716,0.105427187957747,0.465957103678362,-0.325829789652285,-0.028607204425516,-0.476560714150254,0.0075391424536831,-0.205754384180531,0.280241301326058,-0.169519768398467,-0.320194501950797,-0.0466094235889901,-0.37836785738176,-0.476705164721738,-0.358117756747133,-0.467048758641318,-0.319258182381711,-0.438191907090518,-0.281208220233524,-0.287841457217981,-0.312601562287957,0.23514534472977,-0.321131608506943,-0.292221885892923,-0.371574468614909,-0.0748885022128862,-0.308272680862708,-0.0995770713656233
0.4760840820094,0.466434283703447,0.0471198174786033,1,0.576967892086539,0.0908830672826079,0.391803081391853,0.234805770852143,0.822924615906021,0.306617404673644,0.768215405418171,0.539147811996077,0.450299982959412,-0.0940127192177919,0.241496209602012,0.0705697938116857,0.327084775801648,-0.0184842397618066,0.319919457866827,0.471821372699113,-0.0234012149155185,-0.113538046280114,-0.259989059016921,-0.28797964753949,-0.111792657022683,0.012253670609933,0.069111782694784,0.146174358163482,-0.0550302373154465,-0.18171316482644,-0.0047267643444505,-0.283346951866557,-0.0629676503475786,-0.258574534136259,-0.512640551486536,-0.11877235350021,0.157887473763925,0.23389934681746,0.0925285321349762,-0.115069658555359,-0.0117262731686903,0.159265584346543,0.195894421962571,-0.519676287916349,0.0606940954869206,0.344293152459505,0.0013437657036871,0.392609558784575,-0.257429081173093,-0.208283821959931,0.114917924281148,-0.20469543357731,-0.316786744253904,0.276680686591932,0.0286300256783243,-0.0427878851397515,-0.123111206138874,0.143560273131109,0.263830640354418,-0.162016342468907,-0.285298497067758,-0.187814566750446,0.0109371433787574,0.23410492555106,0.110869857107347,-0.320692792205877,-0.494877593859192,-0.213994144471677,-0.234768007961878,-0.126927180202177,-0.293107500861037,-0.134219760997441,-0.207100868849707,-0.115698849965907,-0.257576806318027,-0.467248319005778,-0.521497438340815,-0.0124168702505084,-0.337566980401655,0.0697120352864541,-0.344935147645842,-0.0230283867174058,0.186354466001628,0.0291669740140434,0.18493354273342,0.622533027848581,0.0222701045339707,0.201740658464334,0.49125999496195,0.660509333420618,0.610541645412972,0.144975918266009,0.276908524763214,0.700538936479557,0.0801843916402472,0.075484905961717,0.162573295650575,0.0044931974008666,0.104890400519472,0.312668144164763,0.207832071460943,0.47508162497841,0.222845437265584,-0.257203726900317,0.652777310443265,-0.167377660894099,-0.324328167123043,-0.129289073039909,-0.176959571588334,0.270390000581667,-0.113826451302661,0.034077590967567,-0.0066585049196329,0.0531942336401632,-0.0932983762400384,-0.155579620183494,0.0235743611195436,-0.232200005983815,0.0398045897320641,-0.0025657903089985,-0.202348793556346,-0.341833796013102,0.221781141535534,0.0668407694671201,0.147530630210597,0.191270534930256,0.242724339614945,0.33925328761909,-0.0459223370219389,0.200528535872473,0.0386408435817777,0.166525339073292,0.439495835315497,0.183282641175669,0.14936987563385,0.0501786400574287,-0.229497916004761,0.0210578176054976,0.111197245564095,0.217607488909414,0.127893093864763,0.264480206549414,-0.0876913313887329,-0.0225583710493255,-0.195428565577901,0.324664232357943,0.201831323986085,-0.124481228806239,-0.0235122413079031,-0.0693558920078901,-0.405823902282858,-0.239807185612481,-0.313401800608843,-0.106243700361925,-0.293582029971056,0.0599632848900165,0.0463053340568364,0.214671734561575,-0.0110934068422807,-0.0474602174978601,-0.12002302805208,-0.319191708318538,-0.306379880417017,-0.408735192302516,-0.0611677807275346,-0.333007366465575,-0.350995588782991
0.672098138520795,0.174372200406804,0.170545978222839,0.576967892086539,1,-0.0894166076420533,0.343752507943029,0.0572263155638183,0.574782669721389,0.394371854417163,0.544335818670565,0.375665826618028,0.361285417197612,-0.298971064752237,-0.024846103902369,0.0836908144137197,0.215483556414675,-0.0532825657864895,0.156546039841914,0.234717036099172,-0.0957783219994207,-0.196825736579256,-0.217668116101176,-0.187841336476229,-0.210236828249344,0.155503243924964,0.257088538916348,0.424773604309643,-0.0744405893951981,-0.193358729124284,0.0438531943429058,0.198059276014944,-0.159856836437129,-0.0222422130996273,0.0898763914673954,0.0029285584477576,0.0335031990599147,0.0942349871755162,-0.0420201607971862,-0.192562632720196,0.0789863216413211,0.0481009262211727,0.09108981188846,-0.264910499521242,0.138590327776037,0.322777128389435,0.0098574053317247,0.296368205745475,-0.273793979213995,-0.1132730381726,-0.0112323232570723,-0.0788017545333085,-0.219244206027723,-0.0045401198540689,0.0540549915938554,0.125232332350904,-0.21934278032513,0.494178425967387,-0.242154975354623,0.0101467580488004,-0.334305526199288,-0.185047133624999,-0.274327421951735,-0.0342405724825056,0.373181572669372,-0.368985138090782,-0.0842463137932018,-0.113675927303769,0.029312324839618,-0.0826889405533728,-0.275295336343832,-0.067281933591188,-0.0819648852934818,-0.125754908388859,-0.260065885958663,-0.132601974811895,-0.2532502669089,0.542150194183038,0.0599459876885904,-0.160530657394401,-0.0002362732165284,0.438979468356306,0.388993076389583,0.546354037430354,0.201015762518518,0.543845426450118,0.0484883726795652,0.11056853934402,0.764734962595507,0.546891789808723,0.521960216577119,0.193433561283934,0.168363630846046,0.472313640510395,0.317636016473369,-0.216444685740678,-0.169829289657347,-0.0490616639768009,0.175533957457869,0.0722938684534063,0.0412768986109186,0.159307115194175,-0.0088765713485974,-0.197607668664945,0.24556028841426,-0.177976454420864,-0.304123566748749,-0.155995231141089,-0.26400215921721,0.192171998706359,-0.101887638103258,-0.099268964284096,-0.153651755229831,0.227835877412062,-0.0048719688705393,-0.166078135947076,-0.110023449172284,-0.204599150478493,0.0124554815387051,0.0064212827655735,0.0825017782757297,-0.0045484354836809,0.080253131890108,0.0634485486353407,-0.148311633441587,0.0109608094055242,0.063451406959137,0.429380345597411,-0.180250852556474,-0.101187407900186,-0.316668009496091,-0.087022272801443,0.35084505646772,0.175113844862502,-0.0546534411633961,-0.302170626840432,-0.13519164507207,-0.397898709116784,0.229523658142389,-0.132471170468786,-0.0511442374731032,0.391466655378665,-0.387508533739642,-0.217990957685452,-0.25012149309169,0.422554225896794,-0.145094529527479,-0.183591707504884,-0.222777652939717,-0.194503736051684,0.275208732457104,-0.177710845004234,-0.389369254878379,-0.0988272913066132,-0.128437824254216,-0.0818213506270483,-0.341253051616734,-0.137285657967588,-0.235903767165038,-0.0610024008379787,-0.0570077271717321,-0.139206118269546,0.0261722079287207,0.0079872511916073,0.486646995588679,-0.0084029299706485,0.094559036008073
-0.11939361663677,0.616639606819778,-0.0513691334533593,0.0908830672826079,-0.0894166076420533,1,-0.143359984359581,0.737244691925471,0.0629398771299895,0.149094337191943,0.241566229033962,0.541094439438775,0.336038260117427,-0.0203260626139883,0.164498665642134,-0.120656743905223,-0.288460731710199,-0.125303645470117,-0.0683095432568964,-0.271553918378652,-0.183831478526435,0.129094272976246,0.0085478418049335,-0.0124225274091852,-0.22854676515281,-0.210041881349924,-0.309097906141041,0.0588035200732197,-0.21841640395565,-0.0997811884920912,-0.358085152707835,-0.108411172188657,-0.149256129934734,-0.197649052259222,0.0002964651638163,-0.428771406661308,-0.417763872534412,-0.284396117531147,-0.37898651804389,-0.277737891143695,-0.29856719785335,-0.269520435871988,-0.293374492689486,-0.182487757539674,-0.348271694481779,-0.170784938648022,-0.172801730622552,0.121182173220447,-0.202969159772465,-0.224811789168627,-0.305137081991416,-0.127125789424569,0.013579806380536,0.436614453140881,-0.24998495313358,-0.241187826750898,-0.159865421102918,0.204108906640903,0.17318094976534,-0.259230921091634,0.0520356078106084,0.0289751362905432,-0.106273454656169,-0.27275758533175,-0.267465379118855,-0.0352282339280225,0.0140540518664162,-0.236124469189814,-0.0057516872503415,-0.0090048310823938,-0.199932869420601,0.150219912285573,0.294540634763292,0.0469874479769061,-0.002465551289172,-0.0391863878575684,0.115515973975984,0.121533460399423,0.177599668929951,0.197862885719687,0.0744907429579485,-0.0126134485179188,-0.174587986887574,0.0631613312570388,0.19420761012252,-0.0010045226067077,0.299690474711507,0.845217974420672,-0.181546797244498,0.166017010523123,0.102554491563058,0.12619433687147,0.53669096526791,0.285120563664714,0.144090191190682,0.0200303153957842,0.127755024404832,-0.0909127246937469,-0.153238426744468,-0.257521599933064,-0.012072475849302,-0.0563498887301034,-0.053229548769929,0.182970102104601,0.0533374066557986,-0.0578964277045156,0.319839806814463,0.0050151619960782,0.224184937926812,0.0662184116886253,-0.0139575819671541,-0.038906273686519,-0.0432538393854623,-0.182115075678828,-0.291673234275015,-0.106545951559977,-0.211515064461882,-0.0374730080310497,-0.107615427368784,0.0113515582063262,-0.155592611180452,0.0274550210742595,-0.291504154531944,-0.472508042843653,-0.127951181073591,-0.151684523384043,-0.290676898855025,-0.24903877847261,-0.169664145488919,-0.238486187592934,-0.116189661528549,-0.388990038125199,-0.211621677160904,-0.294811248905307,-0.276864839435351,-0.0545453806798976,-0.075854891649924,0.125229222166519,0.123436333087016,0.34168345930748,-0.0519581742902796,-0.203172022329588,0.069097956967346,-0.229980176620851,-0.0092514000161336,0.206510333808952,0.259210352927239,-0.228225969945476,-0.0341106360550924,0.0896934537941529,-0.0856577514126281,-0.249394876736117,-0.022876273349347,-0.0432558001696969,0.159198557860846,0.061513207087818,-0.0359643659772701,-0.24394902008445,0.0161323867332252,0.0766240566404589,0.150216679297734,0.0682515316028463,-0.201973839062884,0.0346209243505563,0.133041648643202,0.112613970940184,-0.0206433730208609
0.424986341963989,0.0986081855597858,0.495682427045816,0.391803081391853,0.343752507943029,-0.143359984359581,1,-0.0218146813594601,0.461809972534528,0.352701793430136,0.304741877094785,0.129402648675854,0.250719708268545,-0.0378234563244795,0.159639560678701,0.28059806913663,0.472104422522316,0.221276467936799,0.223775443972597,0.367665074662586,0.34873857663157,0.0603759474683439,0.107297945725493,0.149824541963387,0.0998781645062859,0.330414717512005,0.395401461016216,0.295141756878557,0.285606936653933,0.223549364140823,0.376978079647348,0.0775476594580744,0.282228381044093,0.100607466157357,-0.174517513653603,0.21313110140105,0.511066505366495,0.459821965380652,0.186005396458159,0.13171621355909,0.22720794461393,0.510996373589511,0.458789664346353,-0.292260440077476,0.370860702571025,0.512213752282868,0.352869923875585,-0.144275916760903,-0.274800060726068,-0.149351629261375,0.296204978538088,-0.187190231856721,-0.438185152389959,-0.19430053987377,0.293019307294505,0.205574574330653,-0.0343449844670187,0.121186729720887,0.0573197639294381,0.270598000292963,-0.388092761028127,-0.313225273357536,-0.277068797528125,0.225041088955603,0.335227727665389,-0.466944479827343,-0.407615002942809,-0.165987267294937,-0.196543085400946,-0.146654159185961,-0.151278797490536,-0.172934592022561,-0.319234981433668,-0.15756577149223,-0.359384825174842,-0.44735696252892,-0.400102391102425,0.0118727463273192,-0.299235430493501,-0.289242981106512,-0.249392924187234,0.116291398228507,0.431029154803132,-0.053300888616724,0.162643833304738,0.327794553351203,0.395084567974318,-0.0163068716744285,0.402477774540928,0.260529654112824,0.404081241574441,0.49936694691802,0.131389301740044,0.203153587626081,0.278459836708895,0.0836225816901465,0.0849700685248983,0.0642447080011237,0.282391772477102,0.417928727632174,0.230125378804034,0.312649435442139,0.375106807806215,-0.173222030439827,0.309612905318473,0.351673571067346,-0.131358688301221,0.284592270800326,0.109363033376455,0.309083024552267,0.290887975672507,0.0909807052099895,0.201906992689399,0.386352256637593,0.355822486030062,0.0833411692229443,0.304985707230514,0.153682394813851,0.334965965279486,0.288225627648973,0.346701943345272,-0.386823429348431,0.222200860523807,0.0990057572255131,0.388499472931207,0.448505594225894,0.340163118572036,0.279780253592609,-0.135014862058023,0.0623580730210116,0.100717412519284,0.349381927806496,0.425980160257411,0.247124174531026,0.322693463679126,-0.25602824229896,-0.365625505139687,-0.25389051931864,-0.0203529758547289,-0.204710821094478,0.141048757682407,0.341482441896802,-0.277992463019753,0.0051866129503929,-0.48741090885799,0.189056325815493,-0.128717625823302,0.270121304746641,-0.176228159825198,-0.450702677075632,-0.115570992255488,-0.374871559218361,-0.528983987538544,-0.212188896883732,-0.398139505653271,-0.247410830935665,-0.38641442702107,0.120126348732545,-0.38584348429803,-0.233461230619957,0.0372579839643388,-0.433533469693582,-0.209075247345209,-0.453528509212532,-0.0618162081786659,-0.34337191718201,-0.216938292489121
-0.0642163096682224,0.622357693703978,-0.199806440584353,0.234805770852143,0.0572263155638183,0.737244691925471,-0.0218146813594601,1,0.0982978175567101,0.358897332697522,0.266125215779727,0.564377059329239,0.439212425538863,0.0276920485748425,0.366305323257657,0.103871154920586,-0.203299723329008,-0.240104170626262,-0.0803382087372018,-0.22126631316104,-0.212729580024161,-0.0644740797197126,-0.224250371445316,-0.312383952652789,-0.105807177592862,-0.299198601344526,-0.3143321413533,0.0421712495993453,-0.451604712303329,-0.40650489100551,-0.530540047106492,-0.228856368385918,-0.261359718645027,-0.471489226909829,-0.0945216998635024,-0.58440715660293,-0.299548505942395,-0.338625229560989,-0.470113553332181,-0.383520502717825,-0.493964956796811,-0.317415283097149,-0.422159315535394,-0.335457691403654,-0.474453598962438,-0.243152857799295,-0.441247475821143,0.0838923111273144,-0.189697673593956,-0.161076280839977,-0.372816786216765,-0.0193495729926014,0.0243146767698127,0.206278265475069,-0.309902939112232,-0.333364482694788,-0.295128583419511,0.110875382419099,0.0868732775719927,-0.524828553246084,0.247578444905878,0.106937808139387,-0.032495934188524,-0.151089309333045,-0.33529657724473,-0.0095163365639249,0.138288984883105,-0.377302314253359,0.211506895673021,-0.16205348873748,-0.259449021704212,0.197784291007955,0.361698828289869,-0.0077611855222205,-0.0300628931935525,-0.0308937893496868,0.118688617243192,0.219935892467991,0.277148077373749,0.247108437939117,0.0139946302508549,0.119055575383443,-0.15849576726438,0.088202623944525,0.240426826201667,0.256513250872061,0.224739393198066,0.726382614759903,-0.0345986249867597,0.209003247746204,0.0613500956264129,0.335445149821404,0.588397005265306,0.268170671002754,0.243233737990803,0.103226248593697,0.287642784370337,0.0984858317471658,0.0909699917096323,-0.23988149908051,-0.0491288211014431,-0.0433573669439139,-0.0845114250820027,-0.0016678611811183,0.199998495237035,-0.156276867940034,0.147931549398001,-0.190694420873978,-0.0091900204748383,0.0455666297032507,-0.363007743622723,0.182446124803352,0.0970755102261667,-0.231962264310266,-0.477979329590712,-0.323139131056278,-0.339721939496984,-0.281434218122506,-0.350349083493503,-0.133455204686722,-0.412937997235993,-0.063520254212402,-0.433607881335837,-0.413068565359968,-0.0316652487533748,-0.133460342469171,-0.384301506112847,-0.25083311228208,-0.308333564285468,-0.374374862593931,-0.277422082183012,-0.512890900322042,-0.165559604647113,-0.451201908704031,-0.367414341820968,-0.0133821635456588,0.0682923581347356,-0.0247495212220491,-0.09439300301668,0.140003658375188,-0.173044715947018,-0.155167496773196,-0.13083995651946,-0.387415390474805,-0.0824006475500079,0.165885982103659,0.311273488607674,-0.308915594219321,-0.12102848260695,-0.0611237817703736,0.0272292425144193,-0.276948759782267,0.0236154358937387,0.148736439253512,0.296218198948661,0.0862920463615571,-0.104974542644665,-0.184322522962139,-0.207302939367935,0.143919387820662,0.0670370773228232,0.154102259469973,-0.273351005565151,0.103330064255952,0.187547361732463,0.268301743934896,-0.0337105149959034
0.699292541386016,0.459432390707735,0.231584083570256,0.822924615906021,0.574782669721389,0.0629398771299895,0.461809972534528,0.0982978175567101,1,0.387652327876207,0.840157553095665,0.554852270872921,0.514465110002473,0.015531065287771,0.204089464574999,-0.0418547647184479,0.359361556102047,-0.0596920672641753,0.351613573196779,0.539788927058083,0.0237059864899686,-0.126809079028195,-0.25504135495097,-0.186870227945468,-0.196830671821029,0.0602049129167993,0.135236799528735,0.302788759424095,0.0407532323191874,-0.0747332637894586,0.17083358262996,-0.182740419550716,-0.0234968622525102,-0.0874925289804437,-0.439476933934791,-0.0885121322858695,0.233963935455564,0.285138496766054,0.159602774516268,0.0549280583119543,0.123270788805971,0.13390275464193,0.271653510310354,-0.474458688404996,0.136554896454591,0.408527644402719,0.202675101217284,0.165067758059402,-0.360713943033862,-0.28610083597783,0.137169781462007,-0.389268401548044,-0.410444779348921,0.262693266127892,0.0093074767892694,0.0652006465871574,-0.0969276781315999,0.338531552061687,0.185382752959253,-0.0314227863945158,-0.534592795357284,-0.452323477746997,-0.089984750959373,0.164000902100327,0.155050733093579,-0.46980642281583,-0.645691352426633,-0.264602249461281,-0.320386387282973,-0.083008975427863,-0.250727241400884,-0.213782881367414,-0.33441129885808,-0.192397187965687,-0.337452085622942,-0.556938015171462,-0.658909728751241,0.0154743677931468,-0.373714843099678,-0.147244576576529,-0.339794978177533,-0.107481529453674,0.262735523912087,0.0580510981216731,0.280072157283526,0.64610105017958,0.0898915595791074,0.122489995311392,0.633684730985993,0.852311006117848,0.879351827066358,0.250958318166239,0.307717854337387,0.829519598949608,0.272943064146335,0.126862872821747,0.127968733735235,-0.0923819152325079,0.0111952542759237,0.416470705157112,0.22695152802477,0.467821738348213,0.244052090628094,-0.237664987682925,0.708810246423498,-0.0714092959726564,-0.221011606489798,-0.0197116152332471,-0.0366087555334175,0.415638362713673,0.0664142823556993,-0.0204887416484407,-0.0154765117566184,0.1298028326075,0.0237504142539049,-0.14915963656996,0.16542196614389,-0.187797511375017,0.268978262080001,0.139204451517321,0.0819272923918628,-0.306348175365313,0.339765463676441,0.118539453168381,0.286541579296266,0.247862894857045,0.369081994311137,0.231393703006729,0.02444289336177,0.266885802397939,0.226046813339475,0.293584642390017,0.577104199095364,0.377600277935013,0.271978617015784,-0.0603465935990989,-0.336392058292005,0.0553926967947162,0.182738171363064,0.278283958124759,0.268914647067184,0.291864721484174,-0.0381149948814316,0.0768808036739396,-0.244614008300094,0.544346584456426,0.051869817099459,-0.0953213838392668,-0.0533344525088942,-0.105820842125843,-0.378091435478948,-0.263019270896195,-0.471437855722281,-0.353118148649174,-0.473392269576049,-0.176549832328865,0.0188597741309179,0.105161354188673,0.083741678058038,-0.126749842967808,-0.140070671794417,-0.414860554235298,-0.311659930761609,-0.496736049903982,-0.0097048834184925,-0.406252504142365,-0.303865446254417
0.557451040427194,0.482777919147284,0.208986405916375,0.306617404673644,0.394371854417163,0.149094337191943,0.352701793430136,0.358897332697522,0.387652327876207,1,0.518259366710124,0.545773622056424,0.792636773370045,0.0555131909455308,0.292596247575123,0.250566102844557,0.0752157517475487,-0.0886125888011787,-0.0179359837451378,0.307131838339318,-0.0364613914113192,-0.287229187580538,-0.188960575397524,-0.211643033538265,-0.208198831666054,-0.0356400837601763,0.245201539095427,0.410960898809566,0.0078474647617476,-0.124485531950746,0.0492915051668369,-0.20235116788844,-0.125838207616589,-0.241727891994321,-0.196135594138501,0.023457983408074,0.122893547032505,0.214628140580807,0.0899616756083291,0.0591068185074051,-0.0747310049172947,-0.0607939716626589,0.0386764142461478,-0.309184736742163,-0.145908303613778,0.131127162825946,0.0067156308587669,0.0221093433917863,-0.100945257189218,-0.175250876561922,0.0853563002023229,-0.215859347722978,0.114109653053863,-0.0784309673639139,0.104887198552988,0.165422583008135,0.0997004291870258,0.304449446421477,-0.0752391271288799,-0.123786527453461,-0.13332842380383,-0.131342599118378,-0.119223150157888,0.0751191723171997,0.0490443452073099,-0.253625788060193,-0.140987498547255,-0.134826609231946,0.0475746611230018,-0.0491556117605016,-0.030936130420089,-0.196426508532531,-0.0723735849634391,-0.246224796711241,-0.178268546066125,-0.310107527956424,-0.0693150635558241,0.0874119548446083,-0.155981678896112,-0.198590679064301,-0.308285220369808,0.134917334510006,-0.01254986087981,0.215227354787915,0.490238206481345,0.619452224038416,0.281789474604951,0.287023676155635,0.371719614691111,0.50225985668841,0.361001994268911,0.622402746048129,0.615287854152252,0.478831821603621,0.650227066823415,0.07684647283874,0.185540942043334,0.201006036751,0.130318402230531,0.182812439792711,-0.0401603460511391,0.110307533094407,0.144124807068896,-0.247468545066522,0.343742538761041,0.0113492650050369,-0.0871298531249859,0.0537439199183146,-0.141787187200673,0.185941755945597,-0.140962021454572,-0.0416364754809305,-0.0657421375061098,0.0813028617268025,-0.215700253518117,-0.146404737919613,0.0295507233090528,-0.132309132724439,-0.0136543142851112,0.228558102432728,-0.109184183597059,-0.252687561082564,-0.0714466938524076,-0.144997118173813,0.073599364326377,0.292961025816807,0.167332477911751,0.222070049468283,-0.0034242548557452,-0.0683109069268616,-0.0934496674908232,-0.0996486795000544,0.267076583018234,-0.0424657166409576,0.101260772046859,-0.168196969166912,-0.185431979528215,-0.240896263279775,0.220877870653993,-0.0823241905488599,0.182306009751664,0.166814417633857,-0.294978879618301,-0.245639862845293,-0.20119324880455,0.451305064044701,-0.223794859928877,-0.31218954874225,-0.24947323962632,-0.11425474070404,0.0456534775398346,-0.363560839496083,-0.251755084708829,-0.173115543820126,-0.0157889047008651,-0.241024665143263,-0.221919628406055,-0.25410591920063,-0.169527653159924,-0.170228481185828,-0.208098296500672,-0.223198003703041,-0.382977364501648,-0.183879741842594,0.0940278949730502,-0.213919183312505,-0.213298641628827
0.640546293072485,0.650258576344314,0.0705724951721534,0.768215405418171,0.544335818670565,0.241566229033962,0.304741877094785,0.266125215779727,0.840157553095665,0.518259366710124,1,0.717496974923053,0.708752178943531,0.135647454673307,0.418013416025238,0.116516219903809,0.325534713308611,-0.0571141007601372,0.309974220705625,0.587273750270777,-0.101452881209012,-0.258117616413863,-0.296915275119997,-0.304882193717668,-0.309187884700184,0.0160358404613301,0.0569734850183541,0.288629615518437,0.0543507200393682,-0.157273293560154,-0.0156801324207783,-0.348673811309562,-0.156648521997604,-0.224392853977486,-0.451431397786071,-0.156360046490558,0.175232443170337,0.326509832206528,0.0915672638468697,0.19789053990268,-0.0174667118326552,0.0825047801249216,0.207125726060029,-0.497021331746119,0.0301832778639648,0.28847963314951,0.183275992859704,0.221054214478872,-0.389960217800302,-0.408063235141369,0.0206167495786758,-0.33293010212049,-0.132047428869904,0.249243145626647,-0.0043607140030811,-0.0128808660127595,-0.111396828969698,0.367961301741937,0.19267644563383,-0.117763148685776,-0.326487461576286,-0.258681006667639,-0.0480670996342222,0.164738449838468,0.0059227736767304,-0.479773392269448,-0.539055973908089,-0.278478685044477,-0.191200977669311,-0.0579733418981587,-0.205269728441317,-0.227249804937456,-0.209532954517107,-0.22229011598561,-0.339515659474687,-0.511899260472183,-0.427005699941589,0.0638827459218373,-0.322909672814657,-0.0686635691263961,-0.423762689256582,-0.09583386538501,0.0408093347403231,0.166634492603104,0.457229318800943,0.699473010233936,0.0847121971299926,0.34086842080229,0.564184371230745,0.760408041456973,0.748388560268292,0.317251702617923,0.502534788631261,0.913372431494492,0.349915426319913,0.276746641164289,0.33753114969401,0.130392407600728,0.0287862119943195,0.455196181228424,0.260366205441299,0.434270000773317,0.121340002280442,-0.258521288767624,0.779394059609708,-0.284284367165852,-0.274041247126977,-0.0392881596993376,-0.193240581577434,0.424128691005412,-0.119631097197893,0.060913892191088,-0.0361317320405523,0.0652907292222695,-0.213079262702878,-0.0417049063421254,0.0010682802455481,-0.21162541476,0.062057086454779,0.0690650711512669,-0.0951806418003845,-0.375009686418931,0.15168946738616,0.0617241642685198,0.28232251882666,0.356839042881991,0.258098975316787,0.275432896568558,0.121312713851317,0.0990521508188632,0.215912191378282,0.130319459142491,0.490476250167344,0.27773904437244,0.192416955992863,-0.154121109645769,-0.401334989401457,0.0587257616221403,0.328880177312041,0.2555206978119,0.196535308600179,0.130217563544517,-0.128539353978335,-0.0999813793747892,-0.206627250552285,0.594688128438307,-0.0138787133887392,-0.349411919294214,-0.151706593643478,-0.0838110583553299,-0.345745799183531,-0.360092293747054,-0.450543508785188,-0.278682394311494,-0.232883359658118,-0.0371710756134337,0.0108154094890936,0.0645707567699305,0.134880740134891,-0.160710692834136,-0.16289058301099,-0.377968199422359,-0.343233256692603,-0.420258640963441,0.0516154672418157,-0.404121587820619,-0.386727957369222
0.431660424896694,0.725415089913142,-0.0480312769266456,0.539147811996077,0.375665826618028,0.541094439438775,0.129402648675854,0.564377059329239,0.554852270872921,0.545773622056424,0.717496974923053,1,0.827378898445386,0.0890226056141681,0.299626370311702,-0.0636315013243475,-0.0213466552037492,-0.283020035276046,0.054008917353906,0.150320360291848,-0.25370438657781,-0.308996542483119,-0.354903094652152,-0.391286671176687,-0.32076865097331,-0.151144031605761,-0.0289704081641279,0.205113217477929,-0.230032345629641,-0.328379954438138,-0.147695618171302,-0.23329121314198,-0.293667345730756,-0.398609352876218,-0.377313181900682,-0.342452111674818,-0.0279653411809516,0.0058983655161289,0.0315093408263062,0.0193995317402446,-0.0952391513650042,-0.111818135141514,-0.0564814260093939,-0.273213792616754,-0.222711500287198,0.130102938582377,-0.106021243733755,0.128971161458092,-0.0891208520931711,-0.273642471488787,-0.0195277745847838,-0.192370501891375,-0.0507977610509458,0.330166769682671,0.0099220934075809,-0.182423842532335,-0.0694798339629762,0.438405978143353,0.291578917299896,-0.135699920644777,-0.217994537251976,-0.183890795562524,0.0159552898198066,0.0483969385585382,-0.0046725788446023,-0.0848202258937848,-0.234412264883966,-0.203695417922723,-0.200845722537199,-0.0881343090811075,-0.148776233158491,-0.0715450621759247,-0.0413431075884103,-0.0968770910047718,-0.107366003885858,-0.217865765527088,-0.229315288228787,0.117241627027432,-0.0986070264424617,0.142543934099489,-0.136054149927839,-0.120904321255779,-0.123551229315964,0.175740190285297,0.436772696241802,0.606046960019139,0.132731266605797,0.568872016180678,0.327949514437069,0.64404823725057,0.432207548498319,0.271521333084842,0.780881111149128,0.777177236087952,0.391629489719143,0.152763124548356,0.280224739603035,-0.0033491495201658,-0.100434852808168,0.114160543478074,0.0267362733638884,0.151868303300802,0.127198104981287,-0.209373055349742,0.458977717104734,-0.340188790481563,-0.103270297999987,-0.217272231743262,-0.180469245718038,0.191823642395674,-0.234685303749572,0.0163011113669202,-0.119854683513854,-0.0870271734901694,-0.271574965293451,-0.271767304240121,-0.134765811633122,-0.345756456908827,-0.112997790154598,-0.0660154362791867,-0.307466176901131,-0.229585350503482,-0.0443692703376147,-0.155802506021353,0.181323918420415,0.0475985641706138,0.0440392049750471,0.128239462871427,0.0889052977863327,0.0239008825560397,0.0984398430588065,-0.138580931880905,0.295606395467469,0.0405396371945727,0.096721935124052,-0.026490944416184,-0.184550493477497,0.101003986428874,0.183657053001915,0.331046358081664,0.239074402871041,-0.0302144603104527,0.129025288717353,-0.0508621134985486,-0.0363908675317581,0.586832961202761,0.221212679173964,-0.451287791888742,-0.0245475762233261,0.0988366662172096,-0.199800549101148,-0.155598786341889,-0.16346917986762,-0.262972890555133,-0.192548056376981,-0.0477212658457897,0.0499686748145708,-0.0501968785213374,0.0829996283006206,-0.0695107876333617,-0.143535827977806,-0.179809423131011,-0.266770416841527,-0.287867928488609,0.131342279952289,-0.19022865156044,-0.215396413378914
