1,0.220809289508034,0.599583039633585,0.50123917158626,0.271695541030261,-0.28068091314641,0.622593388800814,-0.359335542506807,0.387540744655478,0.0580078549033016,0.601370610634527,0.41898834963944,0.546767478365299,-0.332236462302333,-0.222614764966086,-0.257548060361353,-0.263519265409561,-0.149812288415177,-0.030197583187248,0.294832947301817,-0.0291929934800441,0.0481184449883028,0.150959700786647,0.25735783347898,-0.178663243286668,0.403230885104226,0.498479101240547,0.501675445772692,0.488949778463417,0.332884626879413,0.610577408180083,0.571401881849801,0.0556721410248781,0.341966245225873,0.443602522081528,0.508079517740256,0.0401276353577552,0.522895236008634,0.573951709471343,0.311525589996396,0.00617869014747863,0.328525396300103,0.46343007073164,0.0900621792274666,0.0809154395530007,0.525640174044147,-0.128044078884159,-0.177537659040526,-0.286610635099528,-0.479290833004668,0.503306780124102,0.501664160698122,-0.200991020445288,-0.524568651762981,0.503201859411611,-0.0548471609886547,0.0269772041737633,0.129283979899827,-0.00264785274074849,0.407944405713271,-0.33632262270702,-0.394594631277788,-0.530708558784135,-0.44485629411121,-0.110839039105507,-0.193309748543412,-0.627934634440731,-0.208298099955018,-0.483796501136713,0.0281312151824778,0.0742731131569987,-0.406750063234665,-0.20587401112369,-0.139855914900067,-0.506742403233258,-0.304544695139591,-0.190227578040954,-0.218006111346108,-0.509386342886511,-0.485009395086626,-0.170493816847506,0.438415580831695,0.690393374643475,0.652707647323633,0.57987944251758,0.598346246694709,0.505543940294242,-0.285922020338853,0.407694352209995,0.362286911000814,0.501921836373473,0.331623843912391,0.625594947549302,0.521878118937882,-0.31479083432883,-0.247556375988166,-0.136388416680648,-0.101284957804868,0.112230108776756,-0.202280828167109,0.0372694078725359,0.461679470223736,-0.11163234089226,0.323649029565866,0.0178330027239619,-0.214210283475158,0.14272814549906,0.0661180614787227,0.364141295120308,0.334026206745702,-0.252263997040462,0.499007596488461,0.379742332531769,0.295962365166733,0.432701906216747,0.40327465221748,0.301719251827762,0.516640234350119,0.474974240617947,-0.04515903254712,0.537907235493324,0.0113093916172725,0.193454345517233,0.362787809533757,0.648217080222255,0.0860090660497194,0.101256720302319,0.0501343663771984,0.277289601043718,0.238776969794487,0.438277694230153,0.166149335900415,0.293924013119046,-0.127503270288994,-0.383878944086198,-0.225945161290302,-0.151837924885259,-0.44420120707992,0.303401453750081,-0.228777577699962,0.0184303387213953,0.095974312272839,-0.541107873723614,-0.0392918172782884,-0.309763315868339,-0.0770084314805908,-0.134127390159813,-0.445026532666586,0.197289045186983,-0.258617345291472,-0.618715500774523,-0.578944180327332,-0.453572418744653,-0.641398478578292,-0.681537055511682,-0.468771911496615,-0.113450054385567,-0.571092112093157,-0.0489721681432254,-0.49063893307858,-0.250025062508023,-0.495494997193058,-0.105341773646358,-0.626653734434412,0.229505649201932
0.220809289508034,1,-0.136291568187954,0.674365877014949,0.510741042427632,0.721507476972975,-0.112058761455629,0.682832646827216,0.545150427780801,0.555124249285988,0.193980193504435,0.523273329495489,0.509449053269773,0.0260866080480046,-0.0997586616394587,-0.137418751571781,0.126867297723279,0.0569926266715931,-0.310252357491705,-0.0998867725848825,-0.0721567472865636,-0.189101410823112,-0.0933512615030842,0.11523965483523,-0.141158579198331,0.153585622842779,-0.138758606765961,-0.21155608979407,-0.324147036726252,-0.0687103664536581,-0.235414334324658,-0.270449710378784,-0.208743175215659,-0.239362975543604,-0.146813531098117,-0.185840050981424,-0.0416758450468158,-0.0214522993830239,-0.231871478133217,-0.259580716846779,-0.271516018263052,-0.101200656656635,0.00172704619437622,-0.384470836220928,-0.205566209204934,-0.283883743269723,0.370743592517955,-0.31262232650283,-0.309215542515821,-0.135851592674634,-0.155404574704464,-0.190077373649729,0.304445855652815,0.148372472261704,-0.203841836458009,0.0240689261509559,-0.0560691470249814,-0.132452001790607,-0.343041358163667,-0.126351472434969,-0.221971319905027,-0.0347987735743823,-0.201001902340828,-0.174911372223559,-0.282081093687638,-0.204398877214213,-0.0396903636748062,-0.450693445213298,0.1781833401193,0.0223333636387768,-0.401192979223204,-0.224271620221664,-0.13373820068557,-0.456711708524918,-0.225105494199532,0.102864614908559,-0.140215174201913,0.266997044498815,-0.0281846104662395,-0.108879909479785,-0.256859778811816,0.139971772810848,-0.149007643695437,0.181867295946613,0.771133526701396,0.341840940481496,-0.166863684211883,0.709748488093491,0.300283446657136,0.569289451678542,0.355733649650875,0.326216599420628,0.085438159058215,0.20340749607931,-0.061699041068918,-0.0254198095242306,-0.106119590673351,-0.255879337608733,0.0988229043676684,0.00874135984751418,-0.350052099310826,-0.259427633992691,-0.00664520500411992,-0.147329372944152,-0.308309531140306,-0.155618478395335,-0.3225392806597,-0.276520409724375,-0.139101339488775,-0.222015902501178,-0.111325088205327,-0.000297839793610906,-0.292109526537979,-0.32010449276388,-0.251621939680897,-0.265211528899061,-0.155241652622872,-0.210158246754569,-0.290499382109088,-0.120234583807931,-0.0350176056989848,-0.186822239880589,-0.132994190177933,-0.0609062968137521,-0.0211452227581825,-0.403344098950287,-0.122353986795478,-0.433196676127897,-0.128270699498571,-0.196240978418616,-0.333692767723928,-0.0366668240847587,-0.254113075265695,-0.0807656091089429,0.257152835695303,-0.505004503223732,0.167304831302134,0.0751609662669307,-0.11259836617085,0.217525783990573,-0.390978074668853,-0.31632438598078,0.140398807051426,-0.130998960525669,-0.311205857520922,-0.232492765372,-0.48776273921899,-0.194390600839373,-0.10728622050273,-0.215561079970027,0.00393118623366822,-0.169270946458508,0.177648121055235,-0.00625824361870209,-0.0906064407444386,-0.187893456957666,-0.066498063948478,-0.189641510333665,-0.399418831925108,-0.0887987523567956,-0.0469436913591678,0.134537949360175,0.229013763641058,0.0257288845183107,-0.269661636185082
0.599583039633585,-0.136291568187954,1,0.0325433218241168,-0.0416345608551771,-0.312410983492569,0.559671387545578,-0.331836968854564,-0.0683332094037452,0.210634675253511,0.18543932155269,-0.0669995686870308,0.478195114887488,-0.264835211154149,-0.27288465911222,-0.187669130738758,-0.173850877686665,0.0367322712595353,-0.0701282491948258,0.183104337727674,-0.0818565021789988,-0.0451689594746353,0.151462677831634,0.206596942135365,-0.239898586720915,0.673596523362744,0.545669640381381,0.74978471228379,0.763546344000756,0.695956145745257,0.848457304409354,0.590062592154575,0.519464475461214,0.62910297091349,0.626865674835625,0.750617965268438,-0.204849636819519,0.56703875404504,0.639932632192605,0.491944597617465,0.212532554282506,0.557241938831492,0.489360728522273,0.0912215510995512,0.322032425807573,0.404342388303584,-0.216100786823471,-0.0157825248376369,-0.216943798157905,-0.0096999357149462,0.734378532077318,0.467262091703225,0.0232584492904665,-0.445457197964796,0.599866833204534,0.155632833492263,0.327575951370872,-0.0413911372512403,-0.0990070797520119,0.36898167208128,-0.367922495424964,-0.367591800605497,-0.461534090799432,-0.277783608840619,0.0324392121018809,-0.191487510846443,-0.498458909123522,-0.199683093643362,-0.544171037211457,-0.0756892891852441,0.158732195232007,-0.506786069724893,-0.366928010325068,-0.132478364183853,-0.339886715117068,-0.156456711934643,-0.27839187357106,-0.381288727705193,-0.507572055703959,-0.483994937680774,-0.253320337547515,0.309702249807569,0.722242234479366,0.427618132917052,0.127852098189913,0.328627835122633,0.763811949894413,-0.35127789177205,0.232624006587622,0.0625081276369602,0.155515438206524,0.504832320883594,0.276153754084946,0.658088370554482,-0.314729887753336,-0.346747182334424,-0.137387225353446,-0.144008424067318,-0.0525774458038398,-0.176449643514709,-0.0537145939844198,0.434217105700751,-0.0249876750341578,0.159245071382433,-0.0992279265035785,-0.336679191665215,0.420643172389216,0.179888845493801,0.254830497332327,0.397947430727407,-0.365136149412011,0.843252950139708,0.504264766972241,0.35160644563304,0.701617687340081,0.569300707274623,0.683940392219686,0.806148870269433,0.567966305950073,-0.0377848468485902,0.524469657299701,0.00269421292324411,-0.0390530878813312,0.301224299589863,0.441591645521167,0.214891298667667,0.219656216310468,0.207644243484021,0.368500484492618,0.355770970216128,0.39908404216312,0.0534438012415462,0.294512113940712,0.0111809747067929,-0.163656141498156,-0.123647352635918,-0.0855637513254914,-0.3252974357672,0.379777706927381,-0.120776190525961,-0.0296404830326148,0.169883878160694,-0.383401361361639,-0.161722866795416,-0.340420402357615,0.0913318893633753,-0.173673669536616,-0.309589096172459,0.171588286625918,-0.234026807450165,-0.499729198118034,-0.551434216243229,-0.354215832361014,-0.544872468290419,-0.500114617213986,-0.40639227244927,-0.22276774805464,-0.580978122041807,-0.133778325775077,-0.527895291900044,-0.360889173565401,-0.439201719225799,-0.204103138102174,-0.602223609054054,0.133840741117152
0.50123917158626,0.674365877014949,0.0325433218241168,1,0.650920273274817,0.342456719931705,0.0773698509259024,0.167643033222891,0.854677999230381,0.0837343009114686,0.683873257620084,0.728343374770991,0.563712560558937,-0.190323084386839,-0.207518973501152,-0.27176909303213,-0.101213772054425,0.035484906800317,-0.382776087125579,0.0520457167242896,-0.0749371763224963,-0.052424852296848,0.0545738276295958,0.224975477268425,-0.0919734566283286,0.238504400232377,0.244161516765775,0.159972504066992,0.0433361606079505,0.201450625754232,0.154321326964393,0.0595969176167514,-0.113607767004444,0.0630312487095483,0.193915427938166,0.16988479897388,-0.0214999734570495,0.237443145871912,0.205866832847559,0.0135068365235655,-0.0907405175836551,0.110057191362844,0.307108176487672,-0.205655190492034,-0.0619139643935125,0.144834595481479,0.184048230711686,-0.201569052850406,-0.341467868293262,-0.325852716144682,0.248618785190543,0.275635932467692,0.102863204856182,-0.277792408765215,0.221859065630948,0.0826483248819109,0.0562737975089528,0.00184623723860649,-0.263642112425593,0.281944499701515,-0.350791912102567,-0.237103776543408,-0.469251517563886,-0.320044530872172,-0.233554632641675,-0.29087173105743,-0.417938233361044,-0.359976413678154,-0.0813209094574257,0.217071817432425,-0.0669649297219556,-0.286216889358749,-0.123552419065304,-0.307828697723821,-0.222459658939713,-0.032616687017045,-0.227179956529026,0.011957486756092,-0.365588871713968,-0.318361376684861,-0.354115379207544,0.243537649102324,0.161655415697724,0.323089695784866,0.651167050107058,0.730118488832929,-0.033733018124124,0.280035649633071,0.590264221150867,0.804825729819226,0.78474579765085,0.144276598122931,0.616925052617688,0.251972276807628,-0.228516366624663,-0.161576662377685,-0.152798418120626,-0.0291125840197175,0.178952044784795,-0.200818970500739,-0.324078712021659,0.171293139920484,0.0844102028976781,0.345061919431436,-0.0677958688802791,-0.093019360453079,-0.0245605577616687,-0.0222816950809748,0.267094960846535,0.0380216011343902,-0.149776438265844,0.125192929115995,-0.137948866591928,-0.184950551246504,0.059987541280287,0.106082277982856,0.0252541988186211,0.0507679018562697,0.149160567973548,-0.223554811869407,0.256077975849989,-0.229763908689891,0.0578674288593991,0.232168560263329,0.306697078835009,-0.0752153176265083,0.0213277700441161,-0.171013816827571,0.114771250341028,0.0465157368230085,0.102633526106582,0.153430229468716,0.0275442563118553,-0.114333322671836,-0.183511593684955,-0.406341436020207,0.0018737292658228,-0.274112030722839,0.153900296100879,-0.128823162157683,-0.182113430274919,-0.130704273740616,-0.33650206798206,-0.188580231556939,-0.356160414194102,-0.152411017455434,-0.307165288664647,-0.309437037526489,-0.17442031750519,-0.404036608452748,-0.424279509417722,-0.459858859314576,-0.217062724722052,-0.356609541961774,-0.539887778375327,-0.396617999046081,-0.146066650767432,-0.377468877426476,-0.143694789181572,-0.306961172267067,-0.253221797737003,-0.308636899470789,0.0233661742070489,-0.412039925185612,-0.178927800007072
0.271695541030261,0.510741042427632,-0.0416345608551771,0.650920273274817,1,0.334730810292867,-0.0960789328209755,0.245936261073302,0.75104488665903,0.212408808442002,0.531782445809552,0.532411074757185,0.35579706711139,-0.0323839565217312,0.022362090699044,-0.116395060434244,0.0221425213245032,0.00177516526872266,-0.360784396161219,-0.0176118931043148,-0.153861534228452,-0.142345274726245,0.00930157130111891,0.254822408466006,-0.268867604292707,0.271912657146212,-0.140217243759687,-0.00860572790406068,-0.174181232183568,-0.0305672000258576,-0.109289417270137,-0.0722392334389156,-0.206237457739652,0.0777626164286336,0.187684286352869,0.0341443071628853,0.019853849567619,0.0131705398011589,-0.162837924431875,-0.247507313062143,0.0676396685086403,0.0590495870700346,0.134091049443589,-0.275300559047064,0.0149660042262461,-0.0129797426666435,0.504372630719559,-0.407729732078201,-0.524315576312901,-0.219670804956566,0.0535932621466423,-0.183199159768866,0.147467461785603,0.0706923699740537,-0.0884198658710945,0.0991654503015946,-0.0912188525368933,-0.0984109760085048,-0.335424870951984,0.185061371787207,-0.471545021927609,-0.010986719458015,-0.413437835825424,-0.514562252248617,-0.422050099523838,-0.485387755368981,-0.346762675135039,-0.378913547087216,0.109493939254542,-0.230521554401496,-0.378361885967617,-0.130728124762521,-0.326593244676236,-0.255142289404434,-0.0888961344386201,-0.0140689905439533,-0.177331152356706,0.42851588803732,-0.154430858199103,-0.361923938893587,-0.347071710655865,0.44441063570383,0.0779366445443463,0.480559032495089,0.50728836075587,0.566023187065842,-0.134280316814555,0.304158497164236,0.756397186124681,0.697892144817124,0.707761190232374,0.0700479321493473,0.476060210098531,0.0747027666774816,-0.0200656109840168,-0.0135719200528947,-0.142530556848922,0.00950009626008957,0.162851551990631,-0.0553893039570467,-0.343286251175606,0.0726505826651025,-0.103483840147094,0.144998594619284,-0.28419351831481,-0.275730992899061,-0.198979673270925,-0.178558663175602,0.188717220131624,-0.353173476740209,-0.302103808543505,0.171323270708346,-0.0837905281073653,-0.278914062641811,-0.0715108028668551,-0.0983065154151256,-0.0877380599054275,-0.168116614642173,-0.060575399890329,0.0240865291046492,0.163483264834557,-0.317394388958484,-0.137297270802188,0.0378283225026234,0.088750892434275,-0.260435542965242,-0.0418321866199625,0.0302677262612706,-0.0674299363968408,0.0232799349477403,-0.15561338897052,0.105440191811653,-0.233967580485334,-0.0807202799705779,0.0971945957287333,-0.200097875444301,0.0812675626892708,-0.00557426172581761,-0.127358309514512,0.121719751013847,-0.358886521064608,-0.218727739944493,-0.0567845740066366,0.0166758644192466,-0.434718030394672,0.0698946799719806,-0.25219613433177,-0.0814118059438245,-0.0448608701881368,-0.347315633098955,-0.265062788535264,-0.301729140990757,0.0305657587617801,-0.0570628509472504,-0.261386001263467,-0.362323591568655,-0.20429910264525,-0.103728313489329,-0.0242940073469267,-0.224676275445018,-0.0898624065824198,-0.0721642410033932,0.453891909080126,-0.098763853356433,-0.182664354085281
-0.28068091314641,0.721507476972975,-0.312410983492569,0.342456719931705,0.334730810292867,1,-0.557380266603736,0.805859477625136,0.36929145484835,0.495782012172744,-0.053489239624818,0.356628360346801,0.325183717435596,-0.0146424698369104,-0.0722751573379232,-0.064295448125987,0.096670033917406,0.0751767342893697,-0.258017062630869,-0.199381285380426,-0.201598099236125,-0.190345639717305,-0.255236143025481,-0.0474837279835718,-0.0372280702240543,0.129163808979432,-0.327608596923142,-0.229880223837309,-0.505070133464927,-0.247486697771349,-0.433003115331624,-0.445089610484919,-0.206132370112063,-0.291884172071596,-0.208144604225088,-0.327932081614963,-0.280247410411817,-0.321731477884126,-0.483470179925832,-0.385574811101155,-0.29237308353936,-0.300223268020757,-0.2039622363261,-0.507488687525042,-0.252414800375297,-0.570796845821792,0.389092566029779,-0.199670290280762,-0.216110757555013,0.206284668563582,-0.283335051186147,-0.39185310259338,0.378063554577105,0.344445101239783,-0.383490354852769,0.145935420298365,0.0964886750061272,-0.14237712210812,-0.358599858008205,-0.148522060713668,-0.0901495718719075,0.115117402803054,-0.0383820189399711,-0.0762284762333084,-0.295846376996278,-0.122175056201942,0.256326344156697,-0.295330218742196,0.396681766914762,-0.0212473790471908,-0.423865239835927,-0.0343991632708802,-0.0625326120409704,-0.424900986682791,0.0622364936308118,0.260318377300383,-0.0511086956265271,0.396794215179041,0.217394239565143,0.145637776556114,-0.211236281930323,0.0371941818192211,-0.428326584916126,-0.0688329405614011,0.293803838108136,0.102687146185006,-0.406695046478455,0.872441517402016,0.179634416886586,0.495389262999813,0.164820294849269,0.194755344508119,-0.109347096106716,0.0955102272923476,0.00721622421078183,-0.102262433873982,-0.0858463915909359,-0.221640249290903,-0.0572675206816518,0.0316687002047538,-0.323699801650899,-0.475907216329735,-0.0235374389843786,-0.257397186084771,-0.34516875323087,0.0531179888862275,-0.346789763084075,-0.284470283816865,-0.346717451042884,-0.47096634115065,-0.04022289151932,-0.098515318013655,-0.508761347356404,-0.468766461924401,-0.336753003932135,-0.42476270215041,-0.196077966860523,-0.366697037065042,-0.463942838410954,-0.251650613681557,-0.191863552799258,-0.348040159154588,-0.402214552697558,-0.296112244923182,-0.370559077676428,-0.477249375656442,-0.234742887030178,-0.446376240894618,-0.321606749784169,-0.305200627991073,-0.593643093862051,-0.261885748446358,-0.468571381752337,-0.0848573038044139,0.408743917321151,-0.392377299318099,0.215909703641223,0.219147466665445,-0.265151260073718,0.328744900999077,-0.542295469650651,-0.419868107304519,0.32363311702398,-0.142384646893835,-0.174178342200755,-0.0022910787342143,-0.501124787224173,-0.053924608629905,-0.160656213255574,-0.19306799292741,0.254920675171942,0.119126687255879,0.471951147642053,0.237336595847256,0.251804255021377,-0.0697030775170819,-0.040136861705384,0.00636080950588607,-0.434467153692979,0.0927468758702308,-0.131598901738635,0.250401560577658,0.320794672410094,0.3091634727934,-0.417196955507518
0.622593388800814,-0.112058761455629,0.559671387545578,0.0773698509259024,-0.0960789328209755,-0.557380266603736,1,-0.389119041772809,-0.0327936655538836,0.0508739484752615,0.309236864635149,-0.0565950307572892,0.178152013724733,-0.119870036623997,-0.0715391257935894,-0.0895469874617244,-0.0689440209710448,0.00519875009982672,0.0209243028209564,0.116464878685809,0.148764073208107,-0.0570028651275817,0.270532628303958,0.130722467020501,-0.0160045780602281,0.165248956536747,0.560548345600909,0.254655792051302,0.575794662225417,0.484223845701299,0.550048877145329,0.543529263547711,0.216092597492503,0.251423065351932,0.173821408383144,0.458485287875692,0.30459667494514,0.572082921662674,0.622877644040109,0.436353619860051,0.125489953692526,0.47350572486851,0.348923285306432,0.376946001183698,0.142905132879256,0.576313503804533,-0.298064812147793,0.0800968247951755,0.0157273493398873,-0.297071298962888,0.319386565844223,0.510378143287077,-0.345939029203578,-0.420092245254677,0.3867074119901,-0.168806316808605,-0.0673782831042774,0.236447850067001,0.22682485256344,0.140820139044518,-0.062134786138003,-0.169852350526859,-0.124472424076548,-0.0844705504000959,0.342445552719282,0.0942712497330671,-0.33861615193126,-0.0617010859982688,-0.456154053992903,0.188128543129747,0.253355696371351,-0.150429991007868,0.00152635473044279,0.162574280461767,-0.502891898051433,-0.316443250441174,0.00979569956109306,-0.377858781825065,-0.267617458695563,-0.228695219716535,0.20049987015365,-0.00390093684748985,0.605091091270149,0.179312121731749,0.236899129668402,0.0826866530457117,0.700465776798486,-0.463523469621992,-0.021482984947711,-0.210314572365332,0.115030826384168,0.236006346966878,0.285943493295838,0.150759888218928,-0.222881348801578,0.00431767343461475,-0.0775589229332896,0.0166532354915734,0.113497430504283,-0.125637082474288,0.101075134459054,0.574783916496135,0.0692920852119437,0.255177690085194,0.181209057358765,-0.217170272343632,0.195284081768037,0.188500959733655,0.241634185303485,0.558402889967757,-0.126483180459777,0.316246005113554,0.673548223005135,0.312381090122113,0.267669599635094,0.407457666273723,0.14437677108202,0.436252391207986,0.44987381236193,0.0345792620735679,0.238120208054701,0.342886101768172,0.554817670044092,0.40055766201985,0.501545856652948,0.417450642604259,0.163233656182284,0.165829074385715,0.340347959516867,0.209359725405295,0.564941095725339,0.283615322199819,0.545617804794747,-0.0711959962923017,-0.462946754180938,-0.0116297722024098,-0.347628936832166,-0.500704330386698,0.210840548873402,-0.370272363703708,0.302034085290972,0.125598376501085,-0.548054399611589,0.0598935927973299,-0.0203027724015551,-0.235850084743908,0.179743490914881,-0.370544865995864,0.159886984479244,0.128993846912709,-0.477569242316263,-0.42556963758079,-0.46887789707595,-0.382627369506956,-0.520619227374503,-0.182320158590116,-0.240535129699084,-0.308692463962908,0.147979424934739,-0.382632538273066,-0.0305649868003998,-0.375682074012362,-0.380173327741845,-0.496698697977008,0.421147150219313
-0.359335542506807,0.682832646827216,-0.331836968854564,0.167643033222891,0.245936261073302,0.805859477625136,-0.389119041772809,1,0.121844951142577,0.637160039792991,-0.249749464091419,0.194816062999788,0.235080924530875,0.164360017911113,-0.00199462661583076,-0.0250550689617608,0.148029932306081,-0.0126519713230052,-0.296932105545469,-0.299689108875723,-0.216312918922526,-0.244478185657236,-0.38252092052053,-0.0747522064279166,-0.0831632964985283,0.04460296849941,-0.358126460042391,-0.368245773707299,-0.557318818542822,-0.336381100155014,-0.546739680842767,-0.498271135616064,-0.239903046783431,-0.279367375918547,-0.291970722260807,-0.329525281185077,-0.1793021077062,-0.331340439584229,-0.516807252392894,-0.443447872104722,-0.133593878108309,-0.27275668592752,-0.211531305468987,-0.389646620219651,-0.255088748674598,-0.633820044825563,0.322578767964473,-0.203670145767707,-0.11955271349612,0.292158345162575,-0.415294809074281,-0.461988650171678,0.436047714501258,0.42547423882231,-0.402380271388451,0.177748358076826,0.0979820941383865,-0.0912456574378386,-0.340576548600395,-0.413544544757309,-0.122081550450595,0.140195817483983,0.085770003234492,0.12873685058172,-0.159244273833213,-0.133434194387833,0.271600246366245,-0.269233521849191,0.39009692525655,-0.0430049039625579,-0.349922327390375,-0.0369832326125296,-0.148291512337112,-0.348399708200906,0.0507331922765919,0.355791285915553,-0.0796068063082232,0.314639894499737,0.207375582516725,0.13211205158156,-0.175885993265065,-0.14212615232633,-0.527083777823491,-0.158585188490541,0.308967954219218,-0.059730784517278,-0.427382128703651,0.847765608938943,0.0743699909690855,0.222308856872327,-0.0388511473318383,0.232353595704989,-0.335661270608887,-0.056492744322799,0.0478201698672372,0.0291981998390611,-0.0784707322930453,-0.335655234513992,-0.0630857480690654,0.0138441073278859,-0.395952321687427,-0.52074826336659,-0.0793072113145396,-0.466259499370426,-0.431430815362156,-0.0755132462142677,-0.423214347661941,-0.303726039748221,-0.435896859079775,-0.464719516957568,-0.105690154092345,-0.205720652319664,-0.393846056776819,-0.454307302669574,-0.449000028529714,-0.553417047710514,-0.231832049815148,-0.452324005004689,-0.537354759903603,-0.0629645344827823,-0.262766163207746,-0.111691220100013,-0.22907879758573,-0.340364515937638,-0.362032881037631,-0.479901613507417,-0.272915874053544,-0.34405582012831,-0.356787700971803,-0.350141318164242,-0.614750274129687,-0.249075606495213,-0.396177498038899,0.0247112757109802,0.530790441378801,-0.27834274117446,0.292789363118224,0.348732111899446,-0.307082920297807,0.446945023343494,-0.445278460890434,-0.341608959398934,0.480474855388215,0.000856191965226528,-0.135597641242939,-0.151235269761273,-0.432039995248608,0.0760756411565586,-0.242169699886363,-0.0364412533145064,0.32482591907353,0.169322551898849,0.399138570514615,0.35058144589867,0.34110491883556,0.145980978479923,0.0804807937266932,0.112597274619675,-0.446036373910267,0.0980999594651047,0.0492495168000872,0.333002067010792,0.303259533197272,0.36862411429512,-0.339877598826989
0.387540744655478,0.545150427780801,-0.0683332094037452,0.854677999230381,0.75104488665903,0.36929145484835,-0.0327936655538836,0.121844951142577,1,0.0548276953372768,0.811717680427034,0.726519206905881,0.381437297676618,-0.117442989246052,-0.0506719839848196,-0.237750367889693,-0.0955908937718469,0.0793714879092947,-0.379662207366056,-0.0648591065016667,-0.159454011734661,-0.136213639403645,-0.0106404950821053,0.135822644788374,-0.173793184984475,0.19489337655696,0.0682308780563024,0.05138073287831,-0.123577537429355,0.0667065527897135,-0.00621832674437341,0.0133619143662212,-0.282654212090168,-0.0241377973978515,0.0972044671244686,0.0228688638282644,0.0301815100733028,0.158546495093593,0.0642178910018814,-0.0763874263842213,-0.0675156806593849,0.0614357213772521,0.183644399756879,-0.157693223963643,-0.0070131642532839,0.114918893509574,0.273941981669917,-0.237747908659873,-0.315956916141844,-0.31940385951384,0.0734545590415046,0.106431630040017,-0.0459923645723444,-0.203878420729935,0.0154347222464144,0.00789083871092918,-0.073378147216562,0.0682023357482264,-0.157658876271376,0.353857105944463,-0.290662595273416,-0.115401587654598,-0.398621360455164,-0.4376270262652,-0.259786703777726,-0.279588432304737,-0.33580731266989,-0.252392147889371,-0.0148791994962991,0.0265458179892316,-0.173231621809312,-0.0958258465574914,-0.102424681875079,-0.131000911634263,-0.173751826488326,-0.127960671795763,-0.13085773436671,0.218948603899952,-0.195982055828189,-0.250135031620739,-0.192365158188964,0.29607526589321,0.0523723646280678,0.284140721871378,0.569330000954947,0.657867471007254,-0.175410296210272,0.28970621068469,0.651597239967065,0.8484960867129,0.884835032080927,-0.0191029976609718,0.708415480925157,0.0686714869363511,-0.107602420108889,-0.0766894533367216,-0.189555832020226,0.0635873807429003,0.178198706634161,-0.221430530829448,-0.332852257053271,0.237289716495992,-0.0317496488790426,0.298129455875403,-0.156569499093514,-0.157623555248386,-0.220453858963344,-0.158641301418858,0.183484152481525,-0.142746268337053,-0.244802433530899,0.00514717479222259,-0.117106354871731,-0.331125415598212,-0.113288160965014,-0.0585040014763703,-0.166150692082475,-0.178735482782595,0.00557922669628022,-0.188720297780324,0.143993132538063,-0.243699609439392,0.0628377326860335,0.182881654739188,0.242469670685751,-0.114147662886929,-0.0275145408589263,-0.0307057936527215,0.0358410665249292,0.0656140276763006,0.0798220568815847,0.156879393199421,-0.0506403658357876,-0.203420531853221,-0.223592756753193,-0.305206624030438,-0.11597450373792,-0.297240022310697,-0.0454108483603097,-0.127453183866057,-0.206164657522969,-0.245876233414328,-0.352156685737614,-0.0322390318493767,-0.234020222578694,-0.0318093297855531,-0.161984622037811,-0.280411189761089,-0.117404090533069,-0.274779418839757,-0.38437710489997,-0.319322420257995,-0.124542557627368,-0.216438566042162,-0.445386552045878,-0.375783727791487,-0.227131482205133,-0.188968435650864,0.0366048423613747,-0.231137003865064,-0.207982071518856,-0.243132211720985,0.189856224364739,-0.238737903953315,-0.0730314562764023
0.0580078549033016,0.555124249285988,0.210634675253511,0.0837343009114686,0.212408808442002,0.495782012172744,0.0508739484752615,0.637160039792991,0.0548276953372768,1,-0.0328961986426081,0.114029741621666,0.503727714774701,0.244145141678981,0.0790429466788693,0.0482497447925435,0.174250976310799,0.030114114978294,-0.160407575983046,-0.0717771041478162,-0.136154905901366,-0.191564953321059,-0.101065420174776,0.0918411871760778,-0.213818874275282,0.374037185274546,-0.177313419200044,-0.144776694039991,-0.284331302648781,-0.0541960972737161,-0.185112845942034,-0.252818366376615,0.0256481517682507,-0.0333802625087926,-0.15973357068925,-0.105320685549222,-0.139800145154233,-0.0837457655507269,-0.328882541835322,-0.273596572934948,-0.132146771255847,-0.0791244303288986,-0.150939389071349,-0.302665560087328,-0.12164895042933,-0.413369037838356,0.224073315826146,-0.13559796155747,-0.342451370975071,0.182447646826556,-0.232352022288974,-0.400821053442902,0.323007958444468,0.24214228616656,-0.334988660254129,0.236227403268905,0.167541137686199,-0.246745747804452,-0.388819231688801,-0.32988353501123,-0.121472200082413,0.270259663843453,0.0535233377179647,-0.0584227544733448,-0.0961449518574935,-0.0848326510022802,0.158279538204533,-0.361046128838578,0.294890889471345,-0.0661773855693342,-0.334228678011675,-0.173681758357214,-0.135985649178406,-0.3641911068262,-0.241135735118724,0.0409766990325241,-0.0757416398307995,0.224119677630429,0.131313673508152,-0.0358491781284514,-0.217743858425895,0.0885316322142201,-0.0771694760585933,0.144513054694135,0.499596516156976,0.14309251564118,0.187537618327601,0.401891232029235,0.270695418812502,0.140725973821827,0.104644980107761,0.740208051879418,-0.0465326706051396,0.357860659041518,0.144122408041246,0.0563202943279261,0.019135990571129,-0.223694437747425,0.0171227635554704,0.0832122617265828,-0.254983797773034,-0.257619275675643,-0.149486872836889,-0.278818384331144,-0.355953506664123,-0.146143399676985,-0.321775819858562,-0.326069950665221,-0.336767620382063,-0.275788682202619,-0.325942793637517,0.26843861959326,-0.136397065784301,-0.224715879051524,-0.23490654559421,-0.326305083580235,-0.0348147958493958,-0.0517324125196924,-0.321716885072351,-0.15960794096986,-0.135126684322242,-0.135319169260725,-0.226223594765717,-0.154765695780285,-0.00943789039760641,-0.376241921668294,-0.0821033736731092,-0.333161362181165,-0.194789867910782,-0.216436703857677,-0.464682371284639,-0.255665015703337,-0.330567411587695,-0.190144819139179,0.464231007920025,-0.474488216623115,-0.0216491586321923,0.0548605141762179,-0.379738938741065,0.352689974963956,-0.487541253602753,-0.385401318798342,0.17566026387789,-0.0831630667836504,-0.359871251319682,-0.266512589499723,-0.483438698576658,-0.265207178369022,0.0872925414552061,-0.0525193528981113,0.0924960716309521,-0.0484627423914784,0.352403414398634,0.157720851073102,0.0514326634073783,-0.1689823295223,-0.168187592207204,-0.0906438191378474,-0.448471113537993,-0.0404557858978203,-0.0780803181806872,0.204065148156167,0.223983952917212,0.180177149208736,-0.263570332043298
0.601370610634527,0.193980193504435,0.18543932155269,0.683873257620084,0.531782445809552,-0.053489239624818,0.309236864635149,-0.249749464091419,0.811717680427034,-0.0328961986426081,1,0.640723067004557,0.372593464469319,-0.105008959642261,0.0791492867191364,-0.0678339757702309,-0.089179718364335,0.0497158818653792,-0.147460482077759,0.155966126497288,0.0220743385691668,0.0255448077231931,0.195458986460151,0.160997279870301,-0.0129149996338339,0.221806313252568,0.34131541442763,0.245650256205389,0.159206942550086,0.194837530935306,0.268172135866477,0.332878962524965,-0.128310173413195,0.109681846690681,0.181967708009622,0.234525142381496,0.169357371631219,0.358078845887407,0.330183046772403,0.187692947927088,-0.0681663290328604,0.191763499906865,0.231810057679727,0.00752170129833282,0.0291951780266737,0.411029259666226,0.0433868337898567,0.00243822635536535,-0.276407165801035,-0.36481785708045,0.222390527299622,0.322223898810645,-0.273955561346165,-0.446527678673868,0.208808132793003,0.0117440476712309,0.000340213636586276,0.270558208912689,0.0451510072815728,0.366593263342056,-0.214230523127618,-0.0983469116155321,-0.418960537939992,-0.390528714117749,-0.0484821784700974,-0.171650716656141,-0.439422309943933,-0.211328749320488,-0.158593917068043,0.144610349063826,-0.00151413981355187,-0.112672818398101,0.00549494665271957,-0.0110591958445834,-0.342016760966169,-0.320408580470355,-0.132282260925004,-0.00380020884466768,-0.282233331770667,-0.239351544511059,-0.0882604691609912,0.238092926094494,0.299564472263954,0.312864839257218,0.495217436830534,0.642447163033328,0.140842472227074,-0.113155172486249,0.575726397753491,0.607171847316651,0.859566473826073,0.10847160485127,0.924658367616263,0.160159968048726,-0.00166012846141681,-0.00315056399605878,0.0161352823433811,0.302182701005014,0.281142602793522,-0.0931800606562115,-0.0254805442324402,0.515132187686418,0.0685386786758171,0.55342741321228,0.0794081359976324,-0.00152172102843628,0.0148530137159542,0.106860340541568,0.30914057620182,0.144368775178979,-0.171882067634604,0.148927730630382,0.108878041445713,-0.0857984257780345,0.0553785105455935,0.182706051061566,-0.0669179443036417,0.112907252588034,0.226208712864725,-0.231032516080089,0.219061302626939,-0.146537695294392,0.211679862635057,0.365670557494941,0.455025213559399,0.188667183350103,0.153151311450597,0.0483706445322598,0.166321545432225,0.16740206218892,0.361272578385043,0.171396489183387,0.160749690751424,-0.248327575603061,-0.461441451513266,-0.25582776556876,-0.354379139537186,-0.516971513999677,0.000898168721064774,-0.365549568695078,-0.0290701790938446,-0.106372436263109,-0.628989662582721,0.0797233567850596,-0.134595035517026,-0.0931823599217004,-0.0235477296799257,-0.461425643668768,-0.0286873236957369,-0.229636419037722,-0.527049169038181,-0.452124074601083,-0.324833653515474,-0.389188183888922,-0.617193788985268,-0.418953361063809,-0.333560723831328,-0.272578785762389,0.167377556883988,-0.302541082202222,-0.255810668112455,-0.446418951376144,-0.00386255804290302,-0.408993727425968,0.133580220683542
0.41898834963944,0.523273329495489,-0.0669995686870308,0.728343374770991,0.532411074757185,0.356628360346801,-0.0565950307572892,0.194816062999788,0.726519206905881,0.114029741621666,0.640723067004557,1,0.584576484241717,-0.223229763227028,-0.146766242178347,-0.110961318222992,-0.227335338023282,-0.279852676120034,-0.123229329247344,0.151735793179163,-0.104305013798554,0.0598173397709868,-0.182758911842976,0.0643013452022116,0.0369758060352492,0.0806141371884177,0.0754588405874796,0.0786531358337723,-0.12256399229033,-0.137644094331106,-0.0628575125428905,0.186928208395362,-0.299403688127841,-0.0399501749360795,0.0753816587232422,0.0218864316851368,-0.174984874674584,-0.0426997655001745,0.00182302555606371,-0.172409693416489,-0.251216701715693,-0.177530539107951,0.0233584768382227,-0.239087766725323,-0.244136421903668,-0.00318229906447876,0.00106575126939696,-0.172392133110583,-0.211708946691237,-0.419698252240051,0.07155373626529,0.0728491160951566,-0.0409817128371681,-0.263922760082308,0.0105569886972908,0.00190543370178376,0.000346760487476476,0.180102908545483,-0.152544827512517,0.225907084074877,-0.249396662403515,-0.212407871253619,-0.418719110674747,-0.321379256175308,-0.324818489871975,-0.165309922685411,-0.32961741021459,-0.271601135384435,-0.0216518172487591,-0.00743865421026543,-0.174407014363755,-0.150603672894057,0.00215382105819629,-0.154585162389625,-0.140990520868501,-0.0966113034252378,-0.14561485452618,0.0281586366798104,-0.244875210121031,-0.174499129626796,-0.264839852774241,0.0427026067280681,0.0742464292130282,0.347934638362358,0.646648493586318,0.650200685166491,-0.168941888625735,0.31624487717694,0.542071798724418,0.69782877360435,0.674384856400051,0.170963687393053,0.663607477661547,0.259603217804334,-0.14682530683054,-0.229088359674131,0.0726629150340349,-0.0623450619493143,-0.00466349858637384,-0.107546068709677,-0.065089231604444,0.0589173179282318,0.105635878063436,0.231415868187463,-0.131032904408488,0.095906269588925,-0.195665188589687,-0.0659633378742597,0.00866678354326223,-0.177317696302675,-0.108007930295994,-0.00644325565086026,-0.205201689562783,-0.188624335224793,-0.06829361084514,-0.0974831664657002,-0.110347217427602,-0.0355162762251285,-0.0517080795877521,-0.140077014289058,0.123199694879145,-0.132599112588443,-0.0885386404331771,-0.0829381512312871,0.138928491971462,-0.188349064453132,-0.143635851501947,-0.161295164185773,-0.159195983989285,-0.162572411645154,-0.0577187534110003,-0.150229991112807,-0.0912148376572292,-0.13185201021981,-0.150039288904651,-0.286145773104593,-0.0847156577249065,-0.135316272106443,-0.0431741222587353,-0.142071256050943,-0.210700554596932,-0.0696494874016293,-0.251172052039102,0.0168734419027676,-0.194229584130118,-0.0969592239803075,-0.186269827134093,-0.199132493626488,-0.0562642630943354,-0.188867966667094,-0.267796320103207,-0.211043942591229,-0.115976435016388,-0.22423348085456,-0.367913124485915,-0.288115237841014,-0.0982329274961732,-0.187686364946849,-0.019021209000403,-0.0394394031951667,-0.160370295436199,-0.169301592369369,0.16864677517626,-0.19307150034389,0.0681803753873859
0.546767478365299,0.509449053269773,0.478195114887488,0.563712560558937,0.35579706711139,0.325183717435596,0.178152013724733,0.235080924530875,0.381437297676618,0.503727714774701,0.372593464469319,0.584576484241717,1,-0.318978210135441,-0.33985700110629,-0.315772705221414,-0.172539967171122,-0.272686364694455,-0.249442493524104,0.293750045104806,-0.166371670296621,0.0245975560359265,-0.16262021707425,0.213798595728668,-0.143178284385885,0.603926038100081,0.277432236057795,0.490638297651795,0.201250622736915,0.217451691448656,0.301312073148098,0.210600051762185,0.0280822238977777,0.373036762416831,0.392521375782428,0.43300403265835,-0.361436022425535,0.158289564182249,0.155241529969545,-0.0334663772137568,-0.00722109583759012,0.0805318811352265,0.309581893787891,-0.361953854275023,-0.0946766415023059,-0.0652250147332431,0.0443827658826181,-0.0782751231215697,-0.489301339388358,-0.118822395242813,0.416456719052603,0.161927265294791,0.244687490389234,-0.263583088998615,0.310895857294349,0.399411469337003,0.399314032678337,-0.0515395260115536,-0.398014986875254,0.139430798921929,-0.477829223938056,-0.259144790649637,-0.543625764404372,-0.290458584998162,-0.252336386532077,-0.326338031683994,-0.474703037745025,-0.372254700936973,-0.16984896046743,0.0379073967054534,-0.131656478043374,-0.521113031461027,-0.331484351160033,-0.404367280260632,-0.214664217189091,0.0234813560953234,-0.372023812250016,-0.178204127958931,-0.404422478865092,-0.426677263165245,-0.493044082103127,0.216597457031291,0.3645550750727,0.495248110409539,0.604707475974528,0.66363140868643,0.36767251880676,0.173929710256976,0.54528974093683,0.518573097482238,0.502464536646374,0.709240820977523,0.439102181613128,0.794781996991191,-0.259883899614027,-0.320372399957818,-0.0308751882986049,-0.256818819062638,0.00456976661265045,-0.101959907368362,-0.208909361577524,0.0578316888645157,0.00840635523043491,0.213478958816932,-0.26594214633197,-0.0780411594134192,0.0444924663288407,-0.0363990800734682,0.141499145942245,-0.0134153128499415,-0.336461078689852,0.596019695518179,-0.114872116301535,-0.0128736397931627,0.269780443449415,0.108750719137378,0.387013002677025,0.418232339526251,0.179063855905176,-0.278987758478484,0.405381115065373,-0.325627890761946,-0.218645077046587,0.0317214250881601,0.353357840347396,-0.147501638511945,-0.131147664110329,-0.139733482115746,0.014498516193865,-0.0963250361842772,-0.145181585599757,-0.119466971155925,-0.0800598230825231,-0.0648648578033039,0.101788419991801,-0.411905846177126,0.00862000365744679,-0.162081752225705,0.127801623140508,0.0599105990120656,-0.386960708483852,-0.0799618795365003,-0.231042640595717,-0.235420182230319,-0.541386178572695,-0.115024026051339,-0.489226860836965,-0.286106829108603,-0.0142595604538764,-0.452538143837773,-0.403817627647075,-0.555821784657893,-0.13247109758334,-0.41022814318305,-0.498857986422389,-0.521382700921687,-0.178482644224034,-0.538654209236464,-0.389059559981249,-0.358024044207204,-0.41317708085476,-0.316526925083218,0.0177416820818197,-0.436617838040685,-0.147338277706183
