1,0.426296135504855,0.588870478666346,0.441295165227121,0.709079062711463,0.304078727215025,0.340221974277184,0.240857885172919,0.545118587431972,0.638737146205846,0.642483991626454,0.441675622046368,0.668919949744456,-0.289834836821462,-0.403768210607484,-0.135924786516671,-0.265077588490366,-0.123608709754712,-0.2534599340183,-0.229084732103849,-0.245076116801001,-0.0537511108834795,-0.379762904320682,-0.426452724000973,-0.226379630827884,0.460446128710984,-0.198634246068868,0.0268399730198719,-0.37396190328943,-0.397608171703664,0.335341500140179,0.285243768947953,-0.247351699378704,-0.346603045104145,0.11702968536218,-0.186623754349531,-0.518441616179802,-0.423820432384374,-0.305840094022493,-0.257652527612496,-0.21468043671257,-0.0146477129472563,-0.507442733641773,-0.278046097453748,-0.354666473978928,0.100266428870944,-0.249102743819393,-0.289631896441243,-0.336303222429683,-0.215600739094019,-0.135911756847181,-0.230338200751564,-0.440419692807528,-0.305064440571087,-0.31770878105991,-0.182363146517373,-0.0310377439005891,0.565430012566594,0.170044874028349,-0.0470493070368705,-0.399792949605318,-0.109978591608499,-0.430137239053856,-0.370433722805793,0.274920664158187,0.14605498586748,-0.174783488789236,-0.278121720110006,0.0937036450004867,-0.538496467055479,-0.565719781570052,0.126245611812109,-0.0361038104992877,-0.0885503137072638,-0.383620809439406,-0.288207133561072,0.17325956393806,0.735544663896566,0.283094433099168,-0.151860236322,0.216882805491624,0.625048897137738,0.588763898317402,0.831710456398288,0.608796292957462,0.308703368766724,0.355877206516649,0.339148236149801,0.675314749774687,0.522340477206686,0.581055923961849,0.355439877140013,0.371290633772737,0.565354169242112,-0.407612187305129,-0.373417007264306,-0.22880429704263,-0.267519006246925,-0.252751153624707,-0.19537462403391,-0.208929026281985,-0.0587712516942549,-0.0938522456660578,-0.175806875915021,-0.183750981133868,-0.0519126830365049,-0.0271174289294402,-0.146388211413131,-0.370689189963855,0.100955328809481,-0.147193493810447,0.368319695273759,0.00250962118544273,-0.20956910579335,0.0864660112992204,-0.231463776920865,0.132022771805988,0.269378270923636,0.245186317469099,0.255972460025174,-0.0260848030198833,0.271960130318811,0.356575017425511,-0.410396410141203,-0.316946930391251,-0.333674562691603,-0.350424238668977,-0.137304445617766,-0.222432241879567,-0.231775226425667,0.0679879229775778,-0.26039379723335,-0.348110616761286,-0.265234086648854,0.424765034252859,-0.0697968642581543,-0.179111624785362,0.0989188301284921,-0.0169969808737451,0.200771433409023,-0.134673896029668,-0.282444790113367,-0.0506818983548663,0.705822418968148,0.044816914059301,-0.283819176830033,-0.153772367216929,-0.299103801112145,0.463513810965699,0.163372255189206,-0.0736439691498336,-0.377567394718161,-0.00599091590086188,0.0233577911044013,-0.207822811286217,-0.347717476278294,-0.421070780589853,0.286447255392004,-0.014785141189827,0.369191319979023,0.29493064968855,0.302026752842341,0.749038368512436,0.455820135658978,0.448954364356506
0.426296135504855,1,0.582213381090957,0.918080677317574,0.38527758273662,0.777459804365169,0.634430832787538,0.74618464473531,0.805481314979028,0.632294413954244,0.766757228289245,0.787983320458849,0.518196245626757,0.0686492070569585,-0.0892089589204577,-0.00607605076383283,0.2149086621661,0.247151325863401,0.16517500542049,0.41845766709639,0.150125283069266,0.232115701154128,0.0946052127346711,-0.0585721721988828,-0.222059815970334,0.249207769631388,-0.214718043822416,-0.129928547773803,0.0238843830489174,-0.0153722669855127,0.119934698636118,-0.267836038801775,-0.0730535964189177,-0.528479408162458,-0.323098111091504,-0.0044515007304332,-0.247706880451756,0.0534967576380134,-0.068858220587007,-0.0191187932460637,-0.0119875475319489,0.344853341460493,-0.0531594002236514,-0.26329442434922,0.0222303027689831,0.109484477667128,0.301031585572839,-0.207778806208187,-0.51139682067141,-0.465721822478506,0.044230775729741,-0.319395197661667,-0.36765598869847,-0.54718175678001,-0.224682727109007,-0.164367729806643,-0.368496021645424,0.119838834409559,0.0545280696191013,-0.143277196508467,-0.48357526140687,-0.373539552652241,-0.558811245272591,-0.443928009850765,-0.470350976456533,-0.468625946428196,-0.593292415586954,-0.484229956647393,-0.331073828924384,-0.588944637236136,-0.485880809546498,-0.323934788273028,-0.321477119586378,-0.277197515946167,-0.530328719278655,-0.361982209292478,-0.349075624504793,-0.024830889840354,-0.273111909472184,-0.182699470695728,-0.451843064327554,-0.101686015092296,0.124969924803234,0.0432298300909957,0.762810590336905,0.865859031659607,0.696879433100028,0.696209821312506,0.511961210158927,0.796969050597116,0.711929948804193,0.7800932386352,0.861259047417814,0.268475577962318,0.00586698610759632,-0.19708410892822,0.0116715019654158,0.0969651573859795,0.116988986166136,0.13916659533781,0.138598590399339,0.194000845683829,0.0520223166627229,0.329322441818828,0.199597517226098,0.0156910346901299,0.297431309728592,-0.0609776596145521,-0.00114368551990731,0.0309551633536419,-0.0604005232643071,0.265095940816111,0.0356365947867102,0.0141108835792861,0.257979247392266,-0.102878643902349,0.0980471436735966,0.0190565652065175,0.0921534539192851,-0.249504951501739,0.203903741371305,-0.0281911802382841,0.0529770377601355,0.105770490409637,-0.00356826579494282,-0.0815345043877959,0.0276072845309494,0.253673300356263,0.262605211094537,0.171462856707122,0.18240135423542,0.00676865141858813,-0.21876134538331,-0.119512292811844,-0.09596000833889,-0.115290876452147,-0.203990236121764,-0.196395540511091,0.186538595282044,-0.0223753878995876,-0.0595202213601344,0.169041489146608,-0.167485034259145,0.487548010252759,-0.110079459301277,-0.220858464856812,-0.189232342400363,-0.457784680238159,-0.269046580920607,-0.40433780252651,-0.340281165380885,-0.320124900816038,-0.408484085363044,-0.359212904252673,-0.547939138757981,-0.269057311814961,-0.198280938074527,-0.0584637748773027,0.0311351349280269,-0.0417306706886424,-0.316726042481852,-0.130610864375002,-0.0289988423713119,-0.115482010583208,-0.21653602126354
0.588870478666346,0.582213381090957,1,0.572960947260639,0.212725741730845,0.651357459997842,0.650405892126656,0.560859403378588,0.539229775257691,0.871444368856292,0.479564582359599,0.666218936535485,0.789221002733073,-0.256662328005015,-0.32075977910229,-0.165810493849076,-0.164911618416643,0.0350116717144829,-0.137468217617654,0.0261584225445273,-0.0499226765090738,-0.0176378091166768,-0.0266450274496869,0.0132048111155124,-0.105428791030506,0.79326117175435,0.128981611551252,0.349363596942049,0.143856323885712,-0.0326762110338403,0.644731871797608,0.0563048858818783,0.0976183278210499,-0.228154658793545,-0.115303289585476,0.368368742866784,-0.4829228132853,-0.0656031132601242,0.0330530974215775,-0.195758364700031,-0.0382007558250281,0.106122028261962,-0.205292596234179,-0.416186816656454,-0.197965088167857,-0.0425386304564358,-0.158506448638759,-0.23757960956228,-0.399888626988264,-0.282225319689589,0.416462938008317,-0.206650549948544,-0.257366057620838,-0.434702890517968,-0.0548783738194738,0.0221019898774599,-0.0772514458968126,0.433464218113913,0.161888121179652,-0.0990672718629021,-0.483007714606608,-0.337033514898404,-0.57612452590517,-0.379587390870629,-0.0575787657107333,-0.266597233885947,-0.467861608478852,-0.406348895393154,-0.40045767775099,-0.491155550658978,-0.452311435625866,-0.466997015263253,-0.467729987469742,-0.450012665819753,-0.520394316313271,-0.58357877974803,-0.352153601277016,0.288822508348229,-0.116730873744849,-0.343417001028765,-0.161230234556234,0.134756307585001,0.41155023452328,0.355146428683999,0.62784055754143,0.46946362700255,0.69370762616258,0.48197899280026,0.271130656888043,0.634849597022537,0.330026600087933,0.690662513586975,0.421350426972372,0.705799184865288,-0.281570008572609,-0.371835540068173,-0.139458822284782,-0.296585546123285,-0.242223076785458,-0.130196204478236,-0.135944861009828,-0.0849839435327992,0.178944300030685,0.0113264419290263,-0.142079470912487,-0.0375302937706237,-0.0669537966685019,0.0609462858631268,-0.0721936913260625,0.0906216100467709,-0.0682524317418731,0.725671584113486,0.17092749442647,0.140886690184855,0.652835347081756,0.0604802229760756,0.544539107939889,0.475663800569327,0.487171216484901,0.051384687318088,0.32174743082369,0.0319482322936143,0.0428023079516496,-0.133315373935479,0.0897878117788719,-0.28931839817962,-0.251743217153083,-0.0276448096763635,-0.101686509013655,-0.105283352267512,0.0437596567078868,-0.259789783548824,-0.452604875566779,-0.0466089576124013,0.283979463484988,-0.220051800258338,-0.0110097585425773,-0.0775541869350573,0.185192742629881,0.235226107656545,-0.286835398776375,-0.0278795538868257,-0.220347354411135,0.57983980159967,-0.111440806586976,0.0056629532351895,-0.453481355179714,-0.52224039061733,-0.0364239761365289,-0.378346070324811,-0.438551120863962,-0.4373960773223,-0.379082688872815,-0.425339892487899,-0.551170618209449,-0.482212725086136,-0.367116055472128,-0.283372168773006,-0.165727732970676,-0.232118986864009,-0.210662726401216,-0.178819087623824,0.251720578771056,-0.0127552467930973,0.118804699469673
0.441295165227121,0.918080677317574,0.572960947260639,1,0.424377128460705,0.796089301559531,0.60611727768689,0.723437148306733,0.869945740428381,0.62353332707789,0.806026766280545,0.760381092144817,0.508842659613643,0.127346828531934,-0.0178478381564788,0.0315810376420067,0.275200597553894,0.251677059105119,0.195318661534177,0.469766240431585,0.134378626335986,0.237928298238093,0.0381478806028479,-0.0863509142291721,-0.276643781550123,0.306142666511142,-0.225402065382919,-0.142401179580214,0.0215645696307482,-0.0775000207788504,0.121125687982539,-0.286394351779831,-0.150573748494449,-0.535332270704585,-0.317952052714866,0.0587656098206861,-0.190829932096353,0.112808598337023,-0.0950292865646093,0.0983587189025523,0.0968470127141748,0.342667753569947,0.0464935211018058,-0.284754463873788,0.107566037155743,0.0858999388519322,0.350527701463527,-0.14143830951219,-0.509854262858832,-0.483344931082438,0.073739294926899,-0.227468135795631,-0.392021590448682,-0.595179183730636,-0.210981196981848,-0.112417381671207,-0.421975125183522,0.157322819490568,0.123311611432945,-0.0344317499954703,-0.481308202236871,-0.375852308028295,-0.609885273562026,-0.434563406559638,-0.44714335502651,-0.478631872432656,-0.600722530010168,-0.470170585279268,-0.300977380288061,-0.608681503225852,-0.480545213839831,-0.265149846926453,-0.346354713588256,-0.179649611149781,-0.515721715040947,-0.436591048749157,-0.327147015023193,0.00518313698592133,-0.276336170846665,-0.174323515745057,-0.453145422532848,-0.0944859470054758,0.0830668703923466,0.0542078117387042,0.706392514230865,0.879752607172932,0.655406203579354,0.6514413026291,0.508645630926845,0.849302895519194,0.705904489703344,0.773730833829577,0.876305373712788,0.240879241873611,0.0858961238765542,-0.114136507754825,0.0526979016039815,0.0911738385852916,0.147980847778038,0.206388449430161,0.169600674807208,0.240342779264362,0.0207124650651115,0.401502151160598,0.187843454349957,0.0120751327978207,0.237357159147531,-0.0965619770809008,-0.0137218466292392,-0.0165574976616893,-0.104207668532691,0.267626477505082,-0.0388075344041763,0.0542953858500538,0.260805201068446,-0.161728923048562,0.0494924425588936,-0.0425793216712168,0.131439581178556,-0.268594293795211,0.262105006485264,-0.0183407887151205,0.135444412410526,0.145759526550576,0.00286032982466463,0.01177608368687,0.043464558883126,0.305413559091927,0.342437394447963,0.231841224259131,0.175674986441113,0.0430898621138311,-0.2144107861707,-0.125283275462226,-0.118956192158581,-0.0285071724684209,-0.160854192430135,-0.254349584041043,0.170264023213354,-0.00680700981342932,-0.0644092290122291,0.146991000582253,-0.237569826629803,0.491853183375903,-0.0482757850236233,-0.191447509627497,-0.101813735225566,-0.467042247036699,-0.271876422241649,-0.450730769852231,-0.372051495989219,-0.324703662186855,-0.388537988165297,-0.3926853258292,-0.574650588445645,-0.272130210330784,-0.231712585758035,-0.0494346092040732,0.106569820800051,-0.0766941495881286,-0.315188757597708,-0.153988604772323,-0.00232509769330155,-0.109461589473273,-0.18950601191169
0.709079062711463,0.38527758273662,0.212725741730845,0.424377128460705,1,0.230720202378465,0.115045423669656,0.11813255211833,0.574593291030258,0.281784349518705,0.758459950140844,0.287130475584724,0.322519140050034,-0.108030361943594,-0.238413990431188,0.0187507811022261,-0.0530927618693002,-0.102172414536638,-0.0512523726252605,0.0468362649717856,-0.259990919695972,0.0422629523568264,-0.261997380093251,-0.496852818426575,-0.396422151907176,0.03055094955527,-0.536826447927949,-0.199859843841589,-0.391557608072204,-0.355098187453598,0.0147508438406709,0.0680747221934176,-0.332274076149132,-0.3304948257937,-0.054548845693309,-0.421043240952852,-0.272930943563955,-0.338809275528748,-0.532249098698444,-0.271988385386387,-0.169251194252524,-0.0672246670231907,-0.413206838788633,-0.272073603127162,-0.258263003200788,-0.0274170207830459,0.0479349142639242,-0.0220773105431469,-0.360072062369449,-0.049765865397678,-0.411510511606747,-0.331885393608965,-0.456717357653295,-0.200349748661592,-0.617506931632272,-0.253185862709267,-0.0605243677242095,0.478192915846979,0.221193324675527,-0.0668336448917395,-0.0916423493818962,0.228078775677267,-0.0989855768002862,-0.0796358632879105,0.226233521972561,0.34588902778173,0.0385075029040117,-0.0159431636730079,0.446793770290917,-0.297185217755082,-0.385697435404233,0.398737024513939,0.220205717045516,0.300758156335914,-0.21359583713839,-0.0578863101102363,0.220937551835891,0.695624442743575,0.527676504031496,0.108109451100969,0.289820489816449,0.665657132088937,0.278569706106746,0.657380210893927,0.470841372768155,0.375833553866738,0.122253871567194,0.386587967106738,0.849584405200462,0.519331229582789,0.656358353670273,0.200803096133699,0.541276178762029,0.103258688100638,-0.22143535044101,-0.209120297537776,-0.10711429431398,-0.0768476624533555,-0.0184456921939593,0.0331443898979742,-0.0243629110348065,-0.0107223910675812,-0.152783595012648,0.030416903026384,-0.0984201055117105,0.059730497418277,0.147296103785392,-0.254544341219882,-0.362129473808456,-0.0503089474969287,-0.20921253639953,-0.0531301015292731,-0.278450597172396,-0.265975629050643,-0.261194485292234,-0.319586664625192,-0.292554010036454,-0.203653938359071,-0.133620725212577,-0.100505132103911,-0.294210383487913,0.0215812610145475,0.297905128365937,-0.37055541967043,-0.463715090955056,-0.0603284378449156,-0.324080135351741,-0.123423277276291,-0.120157885557542,-0.149910617463473,-0.0594860304780296,-0.17888550123579,-0.262535686915208,-0.485006708565128,0.110638586451752,0.170405912564234,-0.333863204213121,-0.0960488578850077,-0.37215272293421,-0.0899482930874961,-0.104459141642183,-0.231449518827741,-0.0394527491236167,0.56470885691773,0.0222191921353265,-0.382478450523131,0.145782039425892,-0.165837755862049,0.267509992832164,0.190799121156725,0.0301251952902826,-0.0342161273166727,0.195809229440506,0.325465550333473,0.021655539893967,-0.0108374233272706,-0.27862022784891,0.586022300634947,0.2429443036923,0.479267124277058,0.164558515568003,0.28708693990565,0.657853758478377,0.546223080459888,0.319850206174113
0.304078727215025,0.777459804365169,0.651357459997842,0.796089301559531,0.230720202378465,1,0.518239117953169,0.832669791009185,0.769580201222848,0.616572908229152,0.541529852711768,0.795350439353138,0.490081130607575,0.107353215734058,0.0108932109243182,0.0525235135359696,0.192687879732013,0.191905072195419,0.194593056643566,0.508147320481493,0.226103101142043,0.229909638103685,0.0621766929412844,-0.0745515995751727,-0.0396384488283238,0.414001289094201,-0.198864529708813,-0.177726325038591,0.0601584491222645,-0.0385063224964561,0.16908195551793,-0.387589311219686,-0.0438747569524513,-0.486484417903903,-0.4208260932336,0.144744775098626,-0.106632041477829,0.04661308707979,-0.0744184397626493,0.01780537914122,0.140942771942656,0.120122332194062,0.014763683794942,-0.390649377681554,0.0513781369620655,-0.0396429837375388,0.31680658439441,-0.204351245846167,-0.447186996996934,-0.459384789508566,0.138544658459411,-0.136893919828813,-0.204016601439194,-0.544791134749216,-0.213814860361792,-0.0869996113286571,-0.362407242986046,-0.0138036068059852,-0.0690091601228027,-0.100288777769548,-0.381239457592479,-0.319631758795214,-0.533348226831093,-0.32193903654231,-0.449455088842565,-0.456305793102882,-0.555413945695799,-0.353566988971551,-0.360820485841224,-0.400217252624421,-0.283920383198771,-0.405259781775012,-0.367867273880596,-0.226309140807019,-0.380956486470723,-0.568448962046651,-0.449690596922288,-0.069842317786953,-0.332900597845433,-0.249305460328636,-0.524149543349381,-0.172879889497692,0.00809789995635595,-0.0290143230090312,0.606876764581104,0.770259622409935,0.632955452591092,0.748585723400191,0.322848910405469,0.839437837092913,0.437053121658734,0.791385268777954,0.696073786709106,0.226275279142844,0.10004824094795,-0.0980174328429526,0.0228907144842675,0.0286116116913509,0.121530556119269,0.103579163868131,0.178174055968469,0.254008682737371,0.0935767977417329,0.42615656585922,0.172823285433136,0.054623710980719,0.15436245955107,-0.00818285204038722,0.0309218096520787,0.0511611534457648,0.116887805344409,0.296807354922465,-0.0657239050758947,0.0300936707134305,0.356397823797051,-0.0761375544972624,0.0710089939761258,-0.0662749994238337,0.193098155983935,-0.376914065463775,0.249170551370226,-0.190665705723768,-0.0834574854640112,0.11315263891745,0.0434468893032056,-0.0838597495669307,-0.00488926775095057,0.209795251697302,0.199993751912627,0.0828601472870478,0.0171525366775556,0.023751189815375,-0.256395780427269,-0.142091575108367,-0.253645050778176,-0.0556449505069066,0.00886597492443284,-0.253667844468052,0.139356603647355,0.106706785241056,-0.189126802326002,0.0594501947915968,-0.263464012077562,0.298690577886599,-0.195430405416104,-0.192620811121081,-0.233518156234541,-0.39043216033062,-0.403344310691137,-0.535205656974644,-0.471166972536694,-0.267185056275769,-0.406844085589931,-0.42135298353593,-0.477449444374037,-0.164982539912697,-0.0753725638489549,-0.26112656492651,-0.074148112382036,-0.196544289683895,-0.479112888515992,-0.306167487020314,-0.0919003505392647,-0.260212699505603,-0.312539351867068
0.340221974277184,0.634430832787538,0.650405892126656,0.60611727768689,0.115045423669656,0.518239117953169,1,0.495459727079087,0.441319840388835,0.732850643053669,0.436675592140891,0.605480548507387,0.563550418789098,0.0780781246221729,-0.08811998326933,-0.0633359793687842,0.193366840774871,0.459615334807931,0.0986288407462715,0.220438405821825,0.191366072319276,0.222408761470424,0.448706944224264,0.292364866650686,-0.0345083358583443,0.495562058926477,0.336461640948707,0.246056534594673,0.488782183180729,0.378863580679207,0.31974941936808,0.130965828723446,0.439733608381102,-0.344345236866884,-0.101202937382082,0.414721893021033,-0.243133216994786,0.420805478793662,0.320609807366223,0.059020034718112,0.0295312025566507,0.512510553015168,0.161235940245426,-0.0713924941484544,0.160074363254187,0.312952133345815,0.141687172384308,-0.134859256050985,-0.33240614044732,-0.445544179616699,0.489834373464991,-0.400851590905313,-0.323335775040605,-0.534659706447285,0.0306614135202212,-0.060839435309841,-0.269788836603163,0.26015582634114,0.147148914928789,0.0870172202963235,-0.551030657533871,-0.457089048346482,-0.644244168013059,-0.420409389207985,-0.106813501889989,-0.413141983391964,-0.545195368140183,-0.65023165378912,-0.475135955298063,-0.552970372077104,-0.465312061493221,-0.574538734362925,-0.611641650574162,-0.545491184712482,-0.607020427209484,-0.438104354834534,-0.344050825995092,0.0346297685255168,-0.308701695883148,-0.469109824806196,-0.316380102458302,-0.0457074323410892,0.214516086829528,0.0972907034076298,0.501612758461832,0.467856761952256,0.574239481819461,0.286294618602144,0.236976832271631,0.425409005190242,0.340444495113164,0.732818259469448,0.509659040502735,0.487945771920881,-0.0396962019552521,-0.195212494119163,0.0525796169267725,0.0402254331442876,0.00392582099494644,0.0749577967165863,0.0774483442774255,0.102016669047386,0.320516618478427,0.212090820245584,0.152731571050294,-0.00852286667686988,0.249041718602384,0.0433977004809383,0.257451764708158,0.209195824100655,0.000325370296894378,0.444176044678338,0.49583532893382,0.43061169346361,0.497155625217246,0.331894254084682,0.518206082984811,0.373480867275151,0.390835742874452,0.0109839452748891,0.476734518296048,0.165961070414842,0.173676481165146,0.374178831045936,0.215775436732717,-0.162617899572838,0.0541546249572074,0.167616802296286,0.285666793102223,0.284032365831736,0.400683812188293,0.000272476411310969,-0.116745121004761,0.0325367848735894,0.000592708461869758,-0.337286734987193,-0.396839266429914,-0.375850032807572,0.0528302615272117,-0.146859702329391,-0.284553578926333,0.125528381696804,-0.38413918027045,0.428193256116223,-0.233623930716452,-0.148040075427031,-0.478115593809189,-0.712424447297386,-0.190727432328082,-0.473521936130395,-0.502248115236397,-0.43438438888277,-0.582208920280962,-0.538333832297188,-0.740517841766218,-0.493524693524108,-0.412880021515127,-0.370172720792295,-0.113701106700386,-0.469102302885422,-0.27310942614518,-0.276612114176234,0.043867516384194,-0.192665046066297,0.00820565561122599
0.240857885172919,0.74618464473531,0.560859403378588,0.723437148306733,0.11813255211833,0.832669791009185,0.495459727079087,1,0.570215220759986,0.588631302981004,0.43633947757539,0.822937119790414,0.464942471334832,0.0483966698148195,0.0375815843750151,0.110954091876824,0.209728711594629,0.275273771310097,0.183354197331244,0.359840776169773,0.303054135132994,0.194155184442776,0.101082116284218,-0.0598755965558417,-0.0820652782613782,0.260049106180657,-0.226078136440611,-0.146831235593233,0.0291482195817888,0.0650801711623524,0.0366248567307769,-0.315491453089257,-0.0478577765817555,-0.451106309960921,-0.37333684541978,0.0238679780785741,-0.139507416392553,0.0333406800163408,-0.103622618882507,0.0282759403227512,0.0150799764445279,0.186153553824271,-0.0559867618507201,-0.372603165196671,0.0785069431800866,-0.0208860084361481,0.221843143032305,-0.160116551740698,-0.505787137792642,-0.434888960918005,0.0602871768157768,-0.17491472065639,-0.343641773849295,-0.539006689440009,-0.272911608618686,-0.181247895199083,-0.398056949086693,-0.00451212438706121,-0.00671763677811635,-0.134437810317798,-0.397013206469336,-0.403846787935663,-0.544268444143188,-0.372503719523397,-0.404132305651729,-0.395302051305817,-0.48553075559186,-0.336079484450653,-0.347994055260213,-0.461459136135719,-0.393973079047375,-0.29900315769666,-0.334987695016375,-0.158804739103206,-0.427473733725976,-0.424655632760611,-0.385361591791485,-0.105396421559662,-0.259686191964704,-0.209018477213815,-0.40948586484005,-0.151838537139179,-0.00609788774496932,-0.0110547903950519,0.498662935654006,0.655175960943225,0.54823794447007,0.573687004314577,0.156921856601379,0.654079848252702,0.374482477598165,0.760340834381651,0.635231071883839,0.215815767999034,0.142155458117794,-0.106628828694273,0.109145074469094,0.0836230853644368,0.103342803343033,0.176429165331729,0.177436572004286,0.299544327726586,0.150845926974905,0.293916737662321,0.246073542888154,0.0668998055978767,0.152396747342513,0.134013849567899,0.00234551548583231,-0.00622330375725205,0.0261646129310189,0.180770165940617,0.0114310278572597,0.0315818605634896,0.237084645659819,-0.0208174957386438,0.0476030776978714,-0.0896421781856607,0.10926982446046,-0.326166970052123,0.191050911487254,-0.156483712664464,-0.0744318314644494,0.0788974646379549,-0.0386504308036222,-0.00313541243471421,0.00734451749017729,0.216241543350933,0.213382373022301,0.117553350306146,0.029492001134123,-0.053183568933647,-0.283598316825189,-0.182091231804547,-0.209209724169546,0.0592362734667099,-0.0650631130834179,-0.28330583625048,0.0507215028930065,-0.0188638121573774,-0.224510780406365,-0.0118596165188685,-0.317603716458758,0.277834004527076,-0.146418770001991,-0.129165944782896,-0.163553595032025,-0.371421206756541,-0.282047300677208,-0.425338089390673,-0.420500921600234,-0.178079706892802,-0.32875723696648,-0.341032608047506,-0.451690920704923,-0.242910979314034,-0.0515531325999733,-0.135676479236394,0.0128596034398471,-0.0983494605257856,-0.379239039867357,-0.217839134552327,-0.0766446731493103,-0.154596619790598,-0.221271027779447
0.545118587431972,0.805481314979028,0.539229775257691,0.869945740428381,0.574593291030258,0.769580201222848,0.441319840388835,0.570215220759986,1,0.548253290809162,0.81988825742936,0.641923589182686,0.491665950595953,0.132855109875414,-0.024631120893253,0.0423867236089799,0.195793952962289,0.133183428196378,0.140428684259475,0.420725648891547,0.0436126001958963,0.239393769269962,-0.0890730817981498,-0.196167552410319,-0.248624870553581,0.325546185437213,-0.342670835517758,-0.182097577438266,-0.0933164021237358,-0.234911682540845,0.183800734651233,-0.353332752509149,-0.237552830288152,-0.497227701003418,-0.299654490739092,0.0245500253385273,-0.213600724956714,-0.0336884908773161,-0.201211562556151,0.0260674085912231,0.232310256466728,0.210481263148322,0.000355733893649386,-0.388205828114995,0.0470613144697213,0.00136488132670926,0.34971943287156,-0.166569781031814,-0.416745322709766,-0.356700613739954,0.0156896860324904,-0.225438958242733,-0.281538357791529,-0.533159530294677,-0.262868724928899,-0.067752105251556,-0.252657646589396,0.121270788970441,0.0056881500600682,-0.0336212892044728,-0.461069731733718,-0.235246841603496,-0.507885925613534,-0.39038241255314,-0.394649942547725,-0.364953823738961,-0.458041996345336,-0.39239333814762,-0.177418296215224,-0.461695085401933,-0.354363423214486,-0.18357715107744,-0.206247249494687,-0.104272155761167,-0.328066204656277,-0.44010987405044,-0.235820262472686,0.129318262746537,-0.177609510849604,-0.135579973964999,-0.414596802487268,0.0305566579318922,0.0854815098995068,0.183772137986028,0.679800858614893,0.834484609758257,0.53060391093401,0.708947482152822,0.673597731594368,0.932042668631476,0.749759158744467,0.6507458120673,0.777838082514456,0.174320745902425,0.0799330985252725,-0.080503622025508,0.0110195413833796,0.063767543557237,0.133820610847487,0.14567387514079,0.125064396241383,0.160722953759051,0.0138033773837155,0.401104994907104,0.172861006108608,0.102666517889557,0.222148506209796,-0.171121728914051,-0.0571334251849519,-0.0679411454132251,-0.0842434765015515,0.263018220264653,-0.22961268724995,0.00967697114053993,0.244565819209043,-0.258743438825718,-0.0224729285660181,-0.120828089118693,0.137235464298997,-0.317605110997927,0.226761642895033,-0.115593498644261,-0.00190719651414045,0.0444394936746888,0.00193975846502022,-0.0238585802841737,0.00601969796263307,0.262509907535965,0.274470156737051,0.133596481157104,0.0460562529962238,0.00212192352067814,-0.237886784194084,-0.160966387180712,-0.150302825164121,-0.00116180510256259,-0.0904078597324982,-0.228066759928414,0.127619792203305,0.128906651897802,-0.158637727157088,0.046228481254701,-0.143744356692331,0.413363143124098,-0.0852461157510719,-0.150959609840759,-0.0879933169034317,-0.345051634417204,-0.259072136185368,-0.408828378539692,-0.322477525317808,-0.391414268679363,-0.361732995721416,-0.363617180463416,-0.413504671699411,-0.221226615404135,-0.188737215828743,-0.0413553841441214,0.0121838124968515,-0.0147940395200052,-0.347891715306802,-0.145830532035336,0.101771711962267,-0.102553059288695,-0.20923484532964
0.638737146205846,0.632294413954244,0.871444368856292,0.62353332707789,0.281784349518705,0.616572908229152,0.732850643053669,0.588631302981004,0.548253290809162,1,0.509798335049538,0.768315429576246,0.914904707198081,-0.226194432858663,-0.361395146841647,-0.28331056719298,-0.177515792168819,0.0458324030595952,-0.193546026281822,-0.0397647957811562,-0.0748588811795262,0.04436201548015,0.0650340726920131,-0.0380138328535273,-0.0868125137256093,0.647816610249817,0.195984038434883,0.296044588356922,0.104099524724089,0.0241787623839994,0.516442254400992,0.258965164262279,0.182358306323262,-0.296768260025086,0.0105391900458632,0.267578603987591,-0.473006834185822,-0.0476148999122843,0.0955071934418051,-0.183781856440173,-0.142587910249779,0.137163798261558,-0.277567439153037,-0.279762772391618,-0.235964182836359,0.102976076538991,-0.178403958455818,-0.300957578805921,-0.376068862599476,-0.359487700812684,0.365409524707633,-0.271139190808426,-0.334253873484447,-0.452394536823969,-0.0493242808841625,0.0184902734595125,-0.118895381573415,0.474123571232045,0.119954000444427,-0.156542410497552,-0.526796757239092,-0.447699461402266,-0.61331437517126,-0.427583156814177,0.00954465550003156,-0.249790142562009,-0.464156439122884,-0.586201243493478,-0.33174295125663,-0.64017364435585,-0.557542460458566,-0.439210152572554,-0.432379953129166,-0.472429857748752,-0.595965376092488,-0.462888714064948,-0.178968948314414,0.334550841738592,-0.0879091615166412,-0.342264577293089,-0.059446697032388,0.184195500497354,0.368984516823746,0.399056840587137,0.574009109414401,0.433379343159869,0.644318483431768,0.361910643489521,0.355159110280831,0.587989054026508,0.426453149203838,0.681864188448685,0.504263894965022,0.796343411434029,-0.324413349407962,-0.388336602933023,-0.219300421940015,-0.289894053855707,-0.298538552438251,-0.193627756020071,-0.190233259085415,-0.0464372186297922,0.167729782324578,-0.0205893415130293,-0.130143273129321,-0.029611324593785,0.0229875964859522,-0.0163736464956696,-0.122288040240628,0.209406228251235,-0.0751217052610301,0.630667459817307,0.261890019953319,0.0743664307221196,0.525688053230299,0.029349389501521,0.461582110305565,0.477525609573329,0.430803465952032,0.0762019618616502,0.26397638577623,0.124636712285166,0.176028518297379,-0.128521497389434,-0.0436849603311467,-0.300655828589913,-0.221408041529841,-0.0545935076191385,-0.112887418150043,-0.118388215510584,0.132274786521904,-0.208386489346256,-0.449335179233803,-0.163670787612686,0.315919410404651,-0.329134619210526,-0.209203835829248,-0.163348514203711,0.110412848767553,0.129485421907948,-0.2817891667436,-0.134835885102015,-0.317568242697375,0.621141017177623,-0.17112673397405,-0.193810164006361,-0.529407618448129,-0.641664676699197,0.0744847017280818,-0.362436105991329,-0.460011046586798,-0.470762270098966,-0.438691064300015,-0.412871132993522,-0.600827884341233,-0.460200316728016,-0.437443958015152,-0.248292138347987,-0.183846413118025,-0.17656321388544,-0.11874720272973,-0.132589668660026,0.323977811317353,0.0656819879917215,0.242683843205523
0.642483991626454,0.766757228289245,0.479564582359599,0.806026766280545,0.758459950140844,0.541529852711768,0.436675592140891,0.43633947757539,0.81988825742936,0.509798335049538,1,0.555561088243411,0.479901328918528,-0.0791624444919823,-0.206111604456947,0.00899665809296693,0.0752561379537242,-0.000939759505944031,0.0479747320245784,0.271811103744411,-0.131626374535307,0.149026670451704,-0.10366096421645,-0.249721593563913,-0.500571691818224,0.172736866404183,-0.431849690513947,-0.0826027750645315,-0.215439871597276,-0.286351166813679,0.170055694530704,-0.142236787855571,-0.265632260584342,-0.378313593875013,-0.121732059725639,-0.158194425495157,-0.347710131249632,-0.155302681208512,-0.297341654444717,-0.226871999072017,-0.0509311613371385,0.174816536957454,-0.2078842740707,-0.279926560318808,-0.0717454583400896,0.0178567155066985,0.265913717137875,-0.093235748903957,-0.384988656454823,-0.181849883790707,-0.116150287026432,-0.442285256036577,-0.445733822755165,-0.45395349776396,-0.402271384141137,-0.158813632656754,-0.161601600032896,0.407688828629167,0.24155766450965,-0.0919747822484765,-0.357489414213683,-0.143927360660184,-0.39469956894616,-0.362979840235107,-0.165314744969906,-0.133143461019201,-0.33366174244137,-0.351757576004929,0.00160203425930553,-0.571929048691325,-0.54590794693402,0.0176444511718046,-0.128586658536441,-0.0164804919079052,-0.377444530795398,-0.228133269638127,-0.105668417514554,0.355383721077807,0.126197474986448,0.0205557804370497,-0.106352025401799,0.243780372172833,0.229917289833236,0.334303086701617,0.65150350780915,0.707088748902546,0.49452766434641,0.59700995631526,0.782856150137767,0.740908733519898,0.809891803779755,0.575876046293411,0.830171106263874,0.1525464599439,-0.113412749920235,-0.224793471335584,-0.0726336103935346,-0.105821236904951,0.0505831731461343,0.121768242709856,0.0380084315963864,0.0660935988866131,-0.122240741331351,0.214316739086685,0.0470230350483465,0.0549494581761587,0.252819285999265,-0.286073607648681,-0.188164365094497,-0.184596665809706,-0.335889958432928,0.178965930091367,-0.235188001249383,-0.1177268514013,0.054729469229448,-0.297878336776484,-0.0994471755858453,-0.109398537194462,0.0268619026484232,-0.131328329838864,0.0190642296811684,-0.0261222985057173,0.192948945149798,-0.180161786555263,-0.138933244622461,-0.0920316204364527,-0.230219162184371,0.188137665620444,0.124168150784956,0.0578277736713563,0.0612328901780359,-0.150652614645136,-0.246527005636493,-0.204524926299208,0.0536764654816277,0.0427599471882472,-0.248440492058976,-0.0927454851720678,-0.0140178616114138,0.000863823062580326,-0.00821058160230598,0.132370819734509,-0.0272697086513952,0.610434611987999,0.0743787369832012,-0.278969718937935,0.036862862925273,-0.304260874399747,-0.0376901370459207,-0.114518098015371,-0.105928827781927,-0.197426248037893,-0.173950407050028,-0.129602809522791,-0.29218332939936,-0.209541335288607,-0.385454798266253,0.25695133799059,0.110643802836685,0.198546990230115,-0.0781277320799963,0.105093274439017,0.316618595452888,0.237464534603355,0.0320789151617496
0.441675622046368,0.787983320458849,0.666218936535485,0.760381092144817,0.287130475584724,0.795350439353138,0.605480548507387,0.822937119790414,0.641923589182686,0.768315429576246,0.555561088243411,1,0.715306777607791,-0.145608419483134,-0.260774701036295,-0.0679977095803793,0.0316416145692007,0.17996192174949,0.0377901648274996,0.242148586888361,0.0596602439006921,0.160938486202443,0.102865668860704,-0.0525357557546498,-0.111714991124141,0.431849388916623,-0.134000063885696,0.0346272952037648,0.0227868784797405,0.0564222629354365,0.305851246325132,-0.0945473766337334,0.0840713606445561,-0.416270961527966,-0.198491034670078,0.017496527249833,-0.363632518714774,-0.0356157684795913,-0.0815054339160456,-0.0988853579084537,-0.0234838028464195,0.182660085301036,-0.182888910021124,-0.247547590340918,-0.0636526281753651,-0.0243474478345827,0.0586350441457635,-0.18878116303522,-0.450269357724635,-0.373657223196042,0.159650279903097,-0.29336158253805,-0.366421758419639,-0.463598657472367,-0.201724414774673,-0.127436243349203,-0.269424412393327,0.259268700216259,0.113704764043396,-0.211242726141405,-0.419883957954219,-0.360798401363453,-0.531816396213456,-0.393090078896003,-0.259231201014946,-0.322936157445615,-0.464330140123852,-0.432848036852968,-0.290029431446315,-0.581331311223218,-0.45909800450429,-0.364560208409256,-0.329696882074451,-0.304638179808779,-0.568513632655836,-0.357976164777046,-0.273434513965401,0.106561948920194,-0.112770767071484,-0.166021682932924,-0.227804668286047,0.0220877400128434,0.114978696468235,0.139596311859954,0.681052059343216,0.68933314962235,0.609700997050354,0.607343155136986,0.352555929405346,0.713051774399608,0.49679536054266,0.76821253789089,0.744016043384602,0.429436822824781,-0.156186027679208,-0.344157325256214,-0.0783874622543765,-0.120043716408004,-0.0641377576281739,0.00290760905061277,0.0462319122007415,0.15993635362293,0.018093579762192,0.13413103329329,0.0386612305523654,-0.130007018078025,0.0815190703463843,-0.0272576162121832,-0.158390526518706,0.111850861781351,0.0357189261587076,0.288392884893578,0.0761695328176789,-0.0364481386452077,0.237546974838165,-0.0948186234458797,0.140473489443835,0.0827878397652299,0.0800918085742556,-0.199252723447499,0.139349664063489,-0.0685052992730874,0.0504646508924924,-0.040203613327413,-0.0912667297767373,-0.15762222593992,-0.139674494385257,0.113182231631583,0.0736063433725266,0.0435493276334455,0.0207233152498909,-0.0729779370975276,-0.366435404528421,-0.246169294840952,0.0333259067285677,-0.142376443977627,-0.22905866614385,-0.247645556810547,0.0377942003042537,0.0380117303131843,-0.222265192838994,-0.0215662992432912,-0.278656472793527,0.535644876032623,-0.138482899282855,-0.32889519090256,-0.33746970449284,-0.508142733371156,-0.115863473999483,-0.367166574046208,-0.359568432509944,-0.30155853645481,-0.335274025976592,-0.286432573828249,-0.514613163595489,-0.286479315501189,-0.194410061592219,-0.156762468693233,-0.0390484350548134,-0.0676761548734884,-0.29146283746458,-0.126274845566554,0.0917118959841719,0.0266262480377552,-0.0233277071195375
0.668919949744456,0.518196245626757,0.789221002733073,0.508842659613643,0.322519140050034,0.490081130607575,0.563550418789098,0.464942471334832,0.491665950595953,0.914904707198081,0.479901328918528,0.715306777607791,1,-0.394704660344226,-0.484919674916759,-0.361439003399077,-0.314878645876556,-0.153340600672343,-0.28771153128765,-0.183898306882397,-0.247097902115095,0.0018835298274747,-0.0723805746110988,-0.145796883716171,-0.174937607069783,0.624721309096996,0.131485511297599,0.419811055069724,-0.0335502376235233,-0.0981147534651462,0.6386183635275,0.301417490405157,0.145102964157682,-0.167582354946334,0.140497438062035,0.17862005260123,-0.53703945679149,-0.253333034792242,0.0439965081212798,-0.350792200920882,-0.159318721808793,-0.0823944702584219,-0.392107862714749,-0.304473776902331,-0.358430548365074,-0.00588681290332969,-0.315482402144019,-0.289027795654136,-0.223219460567563,-0.160867957546608,0.386300927613133,-0.29970025363037,-0.214589631626737,-0.332356258579476,0.00654182907807143,0.146539745645013,0.0894024772242089,0.463559023552441,0.0669957838971453,-0.344026771232497,-0.506233279212918,-0.393914758257168,-0.495486274119065,-0.390508219512002,0.101894320633381,-0.148742185939582,-0.314944657813137,-0.484656337982396,-0.279185873117494,-0.598032705956444,-0.490414312383683,-0.321460024411423,-0.317757136146773,-0.416996254400895,-0.426562144853632,-0.325203338094797,-0.0388984181085239,0.414902209362611,0.0203806941571874,-0.199902982379997,0.066122551803288,0.262042188339399,0.320840913121368,0.452184924639784,0.503162212845106,0.311154337806396,0.443619877135471,0.29039700204835,0.365685509910826,0.512124808421055,0.390832668328366,0.527905711201251,0.408210715683075,0.816016019980372,-0.430013205275446,-0.456270534942322,-0.346773257001983,-0.46837151624126,-0.404034282059351,-0.281576462092986,-0.245906573223798,-0.178501219475638,0.0410945204690178,-0.158968258529447,-0.292964566002469,-0.166174369500602,-0.112322618043252,-0.158311095487539,-0.323870140168936,0.140981059361788,-0.201030764112686,0.576433477172369,0.0848927561787002,-0.0807596888292397,0.474901380863738,-0.134440043051616,0.376151013183804,0.488098355338846,0.334251052098991,0.162387583336205,0.163242854786984,0.151523763874439,0.175798068661762,-0.325775511044363,-0.099231477614205,-0.349970305280106,-0.396313891924471,-0.108831644916208,-0.237137926527955,-0.263678881915342,-0.0371024867577466,-0.298896744368036,-0.528889595530568,-0.168365531900968,0.484526246678766,-0.25059598710032,-0.105657962545468,-0.00152914174366446,0.149632358435659,0.265616614453022,-0.252873117145899,-0.133628834509891,-0.162936737857842,0.594241976487956,-0.143955083986635,-0.256963935240034,-0.464405450229944,-0.486548968726154,0.211681265386415,-0.260238229694265,-0.309523169822514,-0.502622124515767,-0.370363219998917,-0.328896376477031,-0.444301894778625,-0.422684045178702,-0.401788946176729,-0.149896225002481,-0.23346918653561,-0.0328073434670498,-0.0319861838908292,-0.00693173070369655,0.395763676474048,0.184981082929482,0.331082180752137
