1,0.687917448250352,0.375287535036792,0.626274162434445,0.00237116780715609,0.446260473204345,0.126239686844354,0.136727985017189,0.558705137415302,0.634430479127244,0.482925539389433,0.647662006972527,0.805110510880626,0.0704347128763292,-0.128597736572594,-0.304449665180756,-0.308538526195122,-0.231352537751907,0.0302970915166632,0.103623898180222,-0.279878852708143,-0.0418945221636958,-0.183826161594465,0.0337365256886457,-0.114704884489612,0.43330504293858,0.237531039770176,0.624801318227013,0.00428566426709489,-0.0194655801385275,0.38409844770924,0.340390515152478,-0.0394594664121587,0.418469104076207,0.397469750424246,0.235602403766105,0.0132648384412745,-0.315131663747356,0.175191109661706,-0.0299370386772607,0.0402749375371685,-0.0573225203576475,-0.0948823518824993,-0.310527302174511,-0.0168415994320253,-0.26176529126964,-0.129504914017493,0.0978710800790185,-0.108487640883551,-0.328910813559919,0.22990711455868,-0.0410023400973266,-0.0698486062457676,-0.428783295949325,0.18618263133113,0.205745043806602,0.0295236116075338,0.250974568707974,-0.282591316933828,-0.202989375180368,-0.44225304025908,-0.376989493629145,-0.425477009676049,-0.248023318647493,-0.376930235294407,-0.288436725089217,-0.634327061859981,-0.31395517454246,-0.382989802694997,-0.365099565657199,-0.198840994265736,-0.571892196038658,-0.512405781666441,-0.326118726640421,-0.200237209173911,-0.445038223557513,-0.174455176968028,-0.271371457073142,-0.4589001212879,-0.640763665358165,-0.28952597142569,0.202648516559547,0.404095383487496,0.535259455195459,0.837486148416073,0.664842975177737,0.237369909843429,0.587158301923019,0.416921244209009,0.658793866017032,0.59523248122561,0.515089524719842,0.570848507248248,0.677452416777011,-0.348054113560367,-0.279661924301514,-0.363748352989038,-0.445764153099379,-0.361314404899583,-0.180675940048853,0.0350803067844194,-0.187071236442159,-0.191216988789842,-0.0865485436516714,-0.343456530683551,-0.300545905733652,-0.290326504274052,-0.0733877036081894,-0.0820311707571971,0.123652490738652,-0.15756094902521,0.35324405608524,0.304396895660676,-0.315157812206591,0.182899002740035,-0.232329253734278,0.312189238693251,0.360798525315192,0.359960129041442,0.32244599293964,0.141958013251073,-0.0480577550295924,0.0392094968511573,-0.302125042529638,0.0874222080277137,-0.27500745268509,-0.148670452700467,0.196796743672603,-0.197371541913532,0.0970762287699819,-0.0961560230348945,0.0949717664891094,0.0625811866773437,0.150894210870611,-0.127940373234722,-0.290108738712366,0.211049447750102,-0.00612269194916176,0.320578198971766,0.509711963287897,0.046049192693018,-0.0368407242453592,0.164746426816394,0.315706581571681,-0.426186196540736,-0.183125060730725,0.00385208016245315,-0.112272878513763,-0.0599712632854193,0.114709655658525,-0.270937400887501,-0.409460897861388,-0.484287400423536,-0.30351537696615,-0.44734339781715,-0.0698038185605622,0.0271815719327083,-0.413785776031741,-0.2229968599355,-0.248881565040504,-0.121605420391612,-0.164065392286317,-0.0044737428893112,-0.370226841069798,0.0593508154290577
0.687917448250352,1,0.401422662226536,0.398356845290474,0.0897045074552018,0.723017075280141,-0.0153740292987347,0.109593903058619,0.339293765732107,0.615463079804648,0.26727497085911,0.300754678744245,0.464638448626286,0.26448162306425,0.0270133276412478,-0.0539299903210343,0.0279390470210549,-0.0511358520420813,0.239754391948527,0.182034915866273,-0.158764463657589,0.239250250311163,-0.0205688235526276,0.0692216669893196,0.0103444294580732,0.518125437136633,0.0219889619619954,0.278732116260706,-0.0798684833332731,-0.0406783576087195,0.237776162286935,-0.046718194629738,0.0398533147674407,0.256038965256607,0.180187182835925,0.15992724602695,0.104927376271663,-0.00945062306967998,0.203249295254382,0.0475152425277822,-0.0767814940646446,-0.0501045746808698,-0.0491370868024034,-0.459235495190756,-0.0783873244085908,-0.180194396319457,-0.0609652812894065,0.0358744731729998,-0.135135817005028,-0.29834465675159,0.162064553866709,0.0669720038022021,-0.115647387612837,-0.447624719194745,0.0703022701527215,0.126240913921068,-0.144171703076904,0.00766778157040289,-0.200409812006206,-0.0468704971355286,-0.411787452774853,-0.265399529128809,-0.355472603517569,-0.319160165059772,-0.311200173091907,-0.330244342258619,-0.415949928272629,-0.324584004902364,-0.194393389849795,-0.35317604444124,-0.251762421746384,-0.39594395508208,-0.481485071600244,-0.417928520984473,-0.361406411478971,-0.38990423583008,-0.12319537367672,-0.0764268756008641,-0.248659269733673,-0.569375500770021,-0.23180060284005,0.253139111645885,0.396111663397044,0.440759795613281,0.603911644151419,0.420064496462969,0.158462478447822,0.29164039868977,0.220389042600354,0.396807512183319,0.395753630947767,0.318551619378884,0.342629646832091,0.380193105054064,-0.102530570923743,-0.0776140699025661,-0.0965105395511597,-0.188754643441583,-0.0535831859416124,0.0288855928591307,0.190086120112362,-0.314490932468136,-0.198756596900786,0.018585671006532,-0.243023132660058,-0.168502711514973,-0.238904659023846,-0.16734877497621,0.0266649141118407,0.0229163794093092,-0.198652108276577,0.229691594674174,0.181774790871508,-0.29198525178506,0.0398567434896829,-0.217841973041878,0.167903722487844,0.151721627219626,0.244658351167578,0.167619685701721,-0.0867374689481427,-0.168974051439436,0.00498925063621397,-0.109733007560081,-0.0554993526498237,0.0505308549263455,0.0291705637963133,0.0273422739161608,-0.135848902279867,-0.19142945942779,-0.0907798053054563,-0.17442057310428,0.0743361324704845,0.0267045049065613,-0.116818936751847,-0.356548663425225,0.114636489279296,0.112998453952724,0.219206338324147,0.387372623997358,-0.19477862729219,-0.114028368733408,0.0305686208911446,0.0877102614714061,-0.30513784153911,-0.343664288207632,-0.239967672785417,-0.262992877942469,0.0564961095037758,-0.0267504952862734,-0.249337746413031,-0.413095086264171,-0.346654493524574,-0.254300211754175,-0.247337662214836,-0.162755056375987,-0.102915684086813,-0.259757687123773,-0.187540554792198,-0.323197009068472,-0.0424556835018964,-0.0110577776791224,0.0802563044809125,-0.258313600367697,-0.0203899670450236
0.375287535036792,0.401422662226536,1,0.147317932073896,-0.0285343176639762,0.347419607490292,0.513888288521765,0.308663618737179,0.139568604060287,0.576358844476905,0.030444423438566,0.0711935128305014,0.432646325167471,0.131792189298615,0.0635191764281774,-0.0539935446056806,-0.050435064222243,-0.151612580738492,0.0617734205071316,0.18051947912189,-0.2005242304527,0.0510824677778448,0.158036433329776,0.113947515974486,0.0485218440791846,0.752915952159207,0.041635963848601,0.590722410936487,0.312295368142463,0.104059814067549,0.225415878332364,0.0116669178150135,0.124625566687362,0.269883991903264,-0.0725960156874023,0.364130859075271,-0.0355349084194174,0.146214613963049,0.149448681161356,-0.0662395706457895,-0.16591105901472,-0.00873039202712654,0.00679928750270876,-0.216047906117421,-0.0956646125954418,-0.222065190301898,-0.0568126873306581,0.06517031764567,-0.165559048696924,-0.247534611511493,0.145638928420784,-0.0340014776635864,-0.314408481868809,-0.170984213282368,-0.0728540297100206,0.0898410180866429,-0.0669465932057798,0.0533012123295618,-0.103825423725466,0.0208801779005426,-0.1074471271613,0.0555250703356397,-0.0885378964384223,-0.0312668018665642,-0.189413742858462,-0.238392495949045,-0.157093986518648,-0.193541480736186,-0.00794219424884428,-0.231661284994143,-0.00813961291062314,-0.185545397424985,-0.0799295449022656,-0.244638107791822,-0.281419925002964,-0.094900885854216,-0.19015299322156,-0.0902477744741928,-0.0391790879501029,-0.190763846200798,-0.213116062779283,0.188543452983404,0.596073278832902,0.12942887895411,0.281383426980009,0.0723975088201088,0.787116131553712,0.0468136629880167,-0.01908677050255,0.180859308140675,0.0153790733940773,0.460135726765833,0.0134270929079055,0.621409787660329,-0.0191180256939404,0.105997108929554,-0.133446690067336,-0.225522609169351,-0.0774366848779877,-0.0768831004016305,0.0571797695906756,-0.0371522975260421,-0.0948127809735911,-0.0282225840697555,-0.0782205873711585,-0.175824821498251,-0.03682235460544,0.200838084129204,0.037241836595955,0.0479493729359527,0.124822342207127,0.665434784634895,0.0472899325288822,0.277266742784854,0.110081663429245,0.161794942917698,0.192616372057453,0.214196412250668,0.4589356070376,-0.054950547194588,-0.047593280855201,0.00475486552733929,0.0101316623286319,-0.0437876115221944,0.309261347393857,-0.0573880563521272,0.0475708662369215,-0.25734456741713,-0.047117461213841,-0.150591172062365,-0.290400501653085,-0.0637935953391636,-0.0940816289346226,-0.238923980788959,-0.321767757131568,-0.143867490412936,-0.259768151469927,-0.163983337164808,-0.119669739272488,0.00688186035405166,-0.283813428845842,-0.398394458616925,-0.135974290317086,0.0547747778741711,-0.178933145812753,-0.113446730721095,-0.25513786036144,-0.351015923284554,-0.00280084667259415,-0.174550453733042,-0.284806530334788,-0.0993346913272487,0.0362927095241314,0.120338418084319,-0.102303124276537,-0.032290123457274,-0.110964137861709,-0.167021417607366,0.0120633538102983,-0.243205306564427,-0.17757255790865,-0.112069464492238,-0.0744151094194254,-0.143307304054005,-0.278648438494493
0.626274162434445,0.398356845290474,0.147317932073896,1,0.315482662796576,0.407116184403276,0.22349124799783,0.0918588332614249,0.90327323931517,0.34792926218927,0.801683560680474,0.848546378065692,0.661000149301009,-0.12311402071225,-0.351602916989371,-0.296480333662123,-0.387201499370054,-0.23953280635811,-0.152392185587535,-0.198478118062562,-0.16287818083532,-0.0730619042911502,0.180672055705248,0.289900876356969,-0.136082544930362,0.121889254086297,0.0250300975176935,0.338713172345155,0.154449073473301,0.174277115198256,0.318683479962862,0.574717642548659,0.240087459652819,0.530202866518207,0.473015087879013,0.0586360441796052,-0.264110847186243,-0.207698582521825,0.254435521049792,-0.029749462570866,0.125336893174543,-0.017317285201148,0.108283413342321,0.0125594009334853,0.0932229648421556,-0.0175597317196099,-0.0082042816800924,0.107382896393159,-0.139099623004511,-0.0737795442564916,0.128154309491566,-0.144567318212935,-0.155430086165231,-0.0762643569749508,0.138451340082134,0.181163153504484,0.0580813934653561,0.52387725403072,-0.0715225233679407,0.0492594234982923,-0.247418079999255,-0.246828462253167,-0.303591313625501,-0.16061071832201,-0.167377119100748,-0.128153831466123,-0.367405596001061,-0.309003665535727,-0.30642630866622,-0.242769217804329,0.00809179351120319,-0.427402186670883,-0.303586151094319,-0.0765425259366701,-0.0335094469989006,-0.230770269723836,-0.0209851623728061,0.0978446695055488,-0.0940413523538009,-0.443950485115143,0.0888264540393557,0.307799652886677,0.240635917499944,0.414157899837327,0.707695782396615,0.81311373921504,0.227457200838414,0.478618377297473,0.635628773018429,0.874948939223304,0.805836069018164,0.297249888208644,0.837682197325375,0.352252041719323,-0.412629680926996,-0.39434365220934,-0.319539012010737,-0.265450744865308,-0.350114351677703,-0.209767092343929,-0.105400366013846,-0.156187668570731,-0.0590627858713009,-0.275978283220367,-0.155028105622034,-0.257806924271867,0.0492672491363133,-0.000318431100420716,0.150362085697442,-0.144469950588933,-0.187128511844965,-0.0213763595459833,0.120776894065605,-0.129146607696594,0.0377904598423738,-0.0177616344334085,0.247389639867636,-0.0566959213462639,0.0712977370092229,0.246267742637488,-0.184891313777235,-0.160323396606588,-0.132497430076013,-0.286775528846924,-0.0043232141784471,-0.00633291651405736,-0.334457522392396,0.0372634012572392,-0.201091455112348,0.216575774121497,0.0530631869591688,0.207136247287825,-0.104370988209648,-0.108529987699455,-0.300999062877647,-0.196050424411844,-0.150183626542345,-0.133625984565928,0.041877918506141,0.0107215950687841,0.00420148132270475,-0.146557329057715,-0.154175882491113,0.509392572443554,-0.192264844547932,0.0648231088614351,-0.078141537489717,-0.266664417011865,-0.0274655683200226,0.0208719851755384,-0.35543806620696,-0.130324526820236,-0.238769461876521,-0.339171855467301,-0.555112206522585,-0.211350194541654,-0.075466448417274,-0.504788347309898,-0.251590835771538,-0.37793351955006,-0.155715714556485,-0.0710775697622884,0.194627883414785,-0.164097357703477,0.246306637287095
0.00237116780715609,0.0897045074552018,-0.0285343176639762,0.315482662796576,1,0.234216376296869,-0.133550066867135,0.0281095686912337,0.459258208291904,-0.136608034398922,0.248707535320343,0.16003147458737,0.00768680439809842,0.00982034646555554,-0.224631386143618,-0.0643107261442112,-0.304132606012403,-0.151358493318037,-0.22266915885557,-0.346474886515924,-0.0717418593706112,0.130204355752694,0.15037681802739,0.248187133556016,-0.254904896880954,0.0726307283807206,-0.453339516194319,-0.0129984802911611,0.165741618548051,0.215883635126503,0.0991958147821227,0.332402930630896,0.0982526999687297,0.212082970600636,0.216978816818807,-0.0117211994878623,-0.401691625328454,-0.00255578272139501,-0.259633578842481,-0.0723843124204019,0.0144230390910885,-0.0820362549929559,-0.329506999188625,0.183705098807357,0.0653741631274362,-0.137078975771622,-0.362107477025681,-0.166546333931221,-0.351258462392629,0.158247508592091,0.0453162402393457,0.0639423853794228,-0.273933889506835,0.0433402160181797,0.0351050453425187,-0.000926080796502195,-0.278146237434527,0.19217819326178,0.145783348056337,0.24592067764476,-0.33686192453607,0.0214559897080878,-0.298417364256488,-0.326777133612922,-0.208546535416239,-0.306134212367974,0.0912659251132425,-0.397678123463132,0.331341210092143,-0.330168063441309,-0.367938174644596,0.0991448667775269,-0.227615882522451,-0.00943739361145755,-0.145302463496176,-0.246970794922965,0.271374006770044,0.673983609125858,0.326281110567448,0.0888266470949067,0.391859358808053,0.591643668715991,-0.075402012518129,0.565338204301888,0.180814738818781,0.357675133619725,-0.0653884847483338,0.423574750014184,0.63966778205301,0.368682405043193,0.51807375037928,-0.156990461643024,0.384275387681269,0.0152544547060484,-0.287161883942959,-0.0961549842569908,-0.0401488227735029,-0.058350551798977,-0.34950125614033,-0.348923101458534,-0.195783490307463,-0.443887933554916,0.096829734551079,-0.421522225545315,-0.157655459609918,-0.147253332642536,0.0317729987963295,-0.0927908417397582,0.0732676166029532,-0.438678671266304,-0.218574597822353,-0.135891774248166,-0.108511038200421,0.0898832731883299,0.0656145945986461,0.274386625723197,0.135928865093275,-0.0691272662031149,-0.108986613073334,0.342807319279566,-0.323218462950794,-0.325413459913863,-0.49942524531552,-0.208924633835374,-0.200928108756627,0.0577698515194851,-0.120540903197516,-0.22921418008217,-0.245477942826724,-0.0315580760004513,-0.0143907732526078,-0.311886554428896,-0.405100074347434,-0.240519074317364,0.0877352535940386,-0.344315672201278,-0.147083064765276,0.275450075382438,0.0183735541971035,0.00736314498255894,-0.0497283716553335,0.00642138283480469,-0.129796013463929,0.27135148657318,0.129170111038098,0.180781553492938,-0.0482758308110006,-0.228439396683384,0.162715308115865,-0.293615103338461,-0.217386465127418,-0.0656253640396279,-0.00475433819786014,-0.187750588539147,-0.155283039272268,-0.489970919254395,-0.498215798117968,0.0750219754714418,0.263604261311601,-0.0712488140671322,0.364597055708718,0.516304455278812,0.616158738406096,0.367048475205852,0.343154789117043
0.446260473204345,0.723017075280141,0.347419607490292,0.407116184403276,0.234216376296869,1,0.0298831767260039,-0.0359030315659637,0.396326080490843,0.343100118538615,0.25145842576521,0.235984176560459,0.274473994999717,0.350742849406948,0.0635360211111921,-0.120086138731104,0.02242945966,-0.0183947129215951,-0.0167738240962334,0.0789936101549938,-0.0201076753758441,0.233241187917082,0.316918551966199,0.419900996317957,0.219351564538216,0.441593203821891,-0.195224991011716,0.199490886626102,0.142622858355562,0.211013230953787,0.355488771675013,0.197459027914983,0.391042132664374,0.310507266312473,0.278611129812816,0.236815465586883,0.00322797843247566,0.177806272284157,0.307394529527826,0.22393726782604,0.122674600026684,0.108913030242266,0.00995830347995083,-0.142556806858258,0.100660333576226,0.145588469976481,0.063938278180419,0.133400590474581,-0.0265566564476339,-0.0157137174808588,0.28425420507933,0.264854682493376,-0.152996505554542,-0.35762006152728,0.108425144662165,-0.0502282231895728,-0.308713432121966,0.1238143133316,0.00610764040399593,0.161707528420085,-0.407364917542512,-0.198775007652122,-0.389336861573709,-0.365736138208559,-0.323401187947572,-0.356550907677261,-0.297336548908491,-0.414739273710764,-0.0326190482388088,-0.461755462654899,-0.325089209415855,-0.197044798451332,-0.452752215735246,-0.384848303602918,-0.372076910682907,-0.357396669928088,0.0217587520179107,0.224072420675356,-0.049751980617761,-0.288420755471186,-0.00610049248877881,0.389899609928622,0.266102625173479,0.436124409941523,0.387259764339715,0.341992112731811,0.116971141277466,0.293281341542945,0.354950223252452,0.358684861671018,0.420964999195961,0.115956849314067,0.347929319492616,0.260669119561599,-0.0244585866765622,-0.0157247623621855,-0.160797041128588,-0.0609806419040325,-0.064576644633797,-0.0450699756740114,-0.0416308304232795,-0.185614532914206,-0.23760744024899,-0.129529777445067,-0.0715661605049612,-0.199219005773618,0.0189798544729095,-0.0303164817692044,0.265208060688572,-0.0265330736141031,-0.0106287432145323,0.208377480750311,0.153141496293222,-0.100551393296415,0.149212776115111,-0.0516788270685896,0.288708931395595,0.0189637635623186,0.216618957988025,0.216515340450418,-0.156218390663544,-0.269768962803639,-0.0928032864221712,0.0420217602923546,0.0373480650907925,0.0619713407578661,0.200198609620015,0.00901738551670594,0.112760583874796,0.00391796776089398,0.176255890148285,-0.224966360684549,0.208396033294808,-0.0403023997066944,-0.0135466762571064,-0.339928203664047,-0.0601198496638987,0.0313730289538167,0.203295963426871,0.169635766517414,-0.261989851262262,-0.224048928817477,-0.156354229419101,0.23907163688862,-0.0954676852185556,-0.0208407745385623,-0.211580894680192,-0.413788243126164,0.126415563527196,-0.0254515432502883,-0.338307015768673,-0.369526556871149,-0.311070546751345,-0.238613400736925,-0.350949652981508,-0.29367975480061,-0.328534348988516,-0.188698239689257,-0.0445960980353952,-0.450168703806368,-0.0540463988405411,0.0535739617645379,0.303566617083724,-0.0938236367700458,0.100801585241019
0.126239686844354,-0.0153740292987347,0.513888288521765,0.22349124799783,-0.133550066867135,0.0298831767260039,1,0.179552545034674,0.0918695016771601,0.501739280850933,0.118316833083006,0.131871193160178,0.389494129502339,-0.0323202730194694,0.0642636110886235,0.0235085940620408,0.0597993086114822,-0.0297398129499222,0.0331849869328581,0.215857953929113,0.0610177986558864,0.0490566983464061,0.26595040767237,0.0944406193320509,0.0989629902366229,0.226526320494191,-0.0568560051776025,0.246950383210306,0.023918330253108,-0.0567879750324224,-0.0924909641340818,0.0029440436299658,0.213529273190393,0.170489847699659,-0.143419372755029,0.0147978460578045,0.0317540500795362,0.080967339321986,0.263920136194406,-0.110556948211633,-0.110835671960158,-4.65491719891603e-05,0.325495139470657,-0.0773342286743578,0.0818452947437536,0.131710302310786,0.231854538527367,-0.022104674172047,-0.00321719121625382,-0.307936774841213,-0.174967068342419,-0.182840601641062,-0.345851221313838,0.151648098539975,-0.232771256882921,0.0664632279594147,0.174714513979342,0.173800456496082,-0.00598210715666711,-0.127453779481658,0.160735355582074,0.0985531606682208,0.189315668044473,0.250490898726075,0.217656555313335,0.313732411828591,-0.0275413670067831,0.116179265514088,-0.187713613509104,0.0351971662090573,0.294055314495377,-0.183437156820648,0.185045673349381,0.0995617694084324,-0.00408589589046844,0.0430866861475139,-0.413147365513811,-0.199582872289137,0.0241852755386644,-0.198676772735405,-0.156882496527072,-0.144571879421462,0.423471962178085,-0.147435257255084,0.207520468803848,-0.0458919767239693,0.683591847281149,-0.117207890881681,-0.103070012410451,0.108018933356732,0.0160719342248766,0.64133072947996,0.0372077353497231,0.381660888606073,0.053878651233392,0.0785003255138608,-0.10159570130351,0.0049637016493364,0.0795876934074132,0.079105057939977,0.0451066809140704,0.245378858597343,-0.076063761087787,0.00479118803571611,0.117471470848247,-0.174765030370535,0.187710673121184,0.172958839023525,0.141444360721673,0.0744301049888766,0.174302722177007,0.245502643845082,0.190011757032781,0.228052994716945,-0.115142364610119,0.132651659346113,-0.0552361885774408,-0.0313887608899314,0.363910830230702,-0.297338024326765,0.0164882831852742,0.185393252753295,0.219766587863407,0.17198979821675,0.440161875892335,0.0100462649644667,-0.109892010642823,-0.133118917010275,0.100702016404816,0.177571308987345,0.00358333633722463,0.332339976182103,0.0778084040660791,-0.272670333621218,-0.356863202628989,0.182784507541919,-0.330353817044907,-0.250673043252297,-0.311084663429607,-0.194197880775461,-0.00352513759892805,-0.338086474603763,-0.0814729476376092,0.112048678576909,-0.0234887473622094,-0.179376715310056,-0.123346770991477,-0.120220430948372,0.209840143182736,0.230447481743614,-0.0346472959216958,0.220177211421075,0.189737035231837,0.0778855939013121,0.137898754294162,0.224984513418935,0.249132793375375,-0.188078945428365,-0.102660628512465,-0.0561068103533701,-0.238003575885273,-0.286270913440651,-0.141841435367141,-0.1227280934799,-0.188830677845408
0.136727985017189,0.109593903058619,0.308663618737179,0.0918588332614249,0.0281095686912337,-0.0359030315659637,0.179552545034674,1,0.135685837623137,0.52404852133836,0.213941957786104,0.111653039688168,0.495664047964624,-0.17424078419801,-0.0199117663338888,0.15871521488953,0.0360530287780786,0.0095975062158981,0.158546614184515,0.119854115224619,0.0297104531236822,0.123914038547942,0.00860013521366193,-0.0741313989521714,0.0722887486745399,0.04997091143219,-0.0914523915672693,-0.111256920667967,-0.108346982496174,-0.0959419123167832,-0.249770705524807,-0.0485838366951134,0.0931768632596683,-0.012311590044909,-0.307275772168471,-0.311644159343141,-0.0184174412023723,-0.188302148780486,-0.147654123519141,-0.442996560525731,-0.307855495207875,-0.111035387993057,-0.0549988927140602,-0.163831158361105,-0.144775787342181,-0.119899135039636,0.0712997819788782,0.106323886785951,-0.0767561498349777,-0.0483989491737219,-0.333122542515815,-0.218829154914975,-0.0846059726887906,0.224082681755859,-0.281747321431845,0.165898303158632,0.117598971490133,0.0754348905974508,-0.184241923156551,-0.22732326802771,0.238236864078916,0.173881152862479,0.189812155919221,0.141408592986024,0.0135888112933763,0.0115558314089279,0.21038558039274,0.0306558142790995,0.154738145044783,0.147485641834867,0.145300834490341,0.0460028489831988,0.15251778475367,-0.046052603035652,-0.017751163271204,0.131607766544103,-0.110897870218935,-0.0568225340618718,0.163781099731776,-0.0519922925153434,-0.0946609644374096,-0.0402754497164954,0.252824501956904,0.0508768531168221,0.142695199499602,0.194173985378212,0.483203659862685,-0.144414373861501,-0.116344822385856,0.169313598340341,0.064662965550131,0.395407601770921,0.19088734334371,0.229718531462735,-0.107516031315709,0.0695089996608427,0.0107461569906283,-0.0337824834062836,-0.0193479340087211,-0.0517793263195739,0.14913627466666,-0.0158664655325123,-0.0111332031072216,-0.0730433597093545,-0.0987696860929712,-0.198188440508859,-0.0931110085205779,-0.109202713922316,-0.183889491150694,-0.0500637811225572,-0.118070553122185,-0.0167073046075256,-0.268067153874202,-0.0399064083648688,-0.214215485995854,0.0939702637911205,-0.128317580849172,-0.042473941482238,-0.00313966782649513,-0.299277642642243,-0.116384958629694,-0.038403874448133,-0.125774415776576,-0.270770158864867,-0.196776228974579,-0.0192070635654116,-0.28578959709178,-0.180371438482837,-0.189989312399018,-0.273870640025209,-0.265934361778092,-0.0469564241989087,-0.251153342241712,-0.203214051475854,-0.105746368838555,0.0521525693612916,-0.0791822094742376,0.0585268314060898,-0.190868375422167,-0.154044335393542,-0.0594939709769398,-0.114664843714824,-0.0522373558330465,-0.00485538797012534,-0.160820818566138,-0.362165396048518,-0.154397021722357,-0.107457109599763,-0.00892680572399476,-0.16545176357834,0.0972652325345322,0.218105132503888,0.211001408920608,0.13167583597211,0.245689436844449,0.0567038853521443,0.116937910744728,0.194527625840809,0.0320457207545069,0.0228144618470772,-0.109806177761698,-0.126879883923589,-0.190274702684247,0.00438542425963143,-0.175893911260331
0.558705137415302,0.339293765732107,0.139568604060287,0.90327323931517,0.459258208291904,0.396326080490843,0.0918695016771601,0.135685837623137,1,0.186711258914512,0.887314858519533,0.864987589195422,0.618614091112016,-0.0662397855576521,-0.333646328036218,-0.240140919225204,-0.367602247599107,-0.237376837872294,-0.092096367326932,-0.187206693698216,-0.100268857616177,-0.0493156282937465,0.175423246102235,0.287710800450473,-0.149232718103911,0.140187059984181,-0.117541642087987,0.304428565700538,0.271714427822451,0.209447829161734,0.350826933198973,0.691338515260478,0.266820745815627,0.548370586700807,0.452063686526313,0.148884495081555,-0.290747229581473,-0.113472248739755,0.218565680146966,0.034126495989157,0.16283193061732,0.0510016037362851,0.0371521839638476,0.0767491703129455,0.213929478906778,0.0364270727069959,-0.0468017391143136,0.0928186380573592,-0.166876498192006,-0.0144888958066645,0.174603945713651,-0.0803571573005789,-0.205863497390924,-0.117589304230176,0.143732465908199,0.126372562952237,-0.0640150594534205,0.658102707453278,0.00518573569795454,0.0693673613778688,-0.285619705438868,-0.175743384905745,-0.320673176836268,-0.187201005656009,-0.195175382293239,-0.191970231458396,-0.315176993433871,-0.347366041991968,-0.252152973198995,-0.340423849299754,-0.0720401329437509,-0.374615125067909,-0.340830220755876,-0.0231679915224073,-0.110727638957299,-0.261631010215802,-0.0193823580320476,0.240141845374091,-0.00556109026594329,-0.388869304819769,0.187854065229914,0.326695195571984,0.20868116442315,0.457628028353451,0.717466202762026,0.873456671909517,0.166344830470994,0.503446783863862,0.733417692977069,0.940425411720933,0.881454608190127,0.156131576333502,0.907103708508213,0.312462372740349,-0.385513660011544,-0.316821200784811,-0.228633283500626,-0.243516194042616,-0.335935934508252,-0.22276127762575,-0.0327119036123791,-0.156399157839804,-0.0697065884823446,-0.238005401762625,-0.113303525175698,-0.26392436213743,-0.0269160719024877,0.00524083699822016,0.121667867195341,-0.176154137537477,-0.144046802384593,-0.0762955408584829,-0.0201459066187588,-0.0126160255118399,0.0989856138673957,-0.00498207687237357,0.283593922498557,-0.116327626444406,0.0442610865106751,0.275461144136208,-0.147397836695334,-0.32271447917897,-0.262312294844094,-0.247548529615103,0.0681576984995616,0.00516778963223046,-0.242626114522081,0.0603578919419123,-0.127830161634252,0.268633101749686,0.11126351633664,0.121746618054669,-0.104674309684674,-0.145322457568494,-0.309373800732203,-0.236632514594673,-0.251855368882122,-0.172797010690222,0.0632865928777599,-0.0645122831065598,-0.0139582317406233,-0.192541037679753,-0.278275455956664,0.650453299116935,-0.125238952204167,0.113525615259157,-0.0526809736279564,-0.359473689757692,-0.107956271151655,-0.0857866696120862,-0.443555590099458,-0.195514188622629,-0.391921055938234,-0.299642182011694,-0.658517636611655,-0.302814750137274,-0.277285280378912,-0.515235369363711,-0.235941551275576,-0.438378815512032,-0.168332559712559,-0.0829372728420404,0.310042093477588,-0.101308598309869,0.307827193492088
0.634430479127244,0.615463079804648,0.576358844476905,0.34792926218927,-0.136608034398922,0.343100118538615,0.501739280850933,0.52404852133836,0.186711258914512,1,0.199883388224204,0.257338206433285,0.716910587291234,0.00196121598223834,-0.0103550962617166,-0.131721810681586,-0.0486036511715972,-0.179780757579262,0.157562483286108,0.286520148736483,-0.222493909320237,0.115899397477529,-0.13488672971606,-0.110380775109721,0.0351979348269199,0.40397498617694,0.0990923411454622,0.334205626657204,-0.237898439956788,-0.230002171983043,0.0202622186551216,-0.153334163617499,-0.0124981190802906,0.161738735494209,-0.0433356735531025,-0.0454990997961685,0.070832745483329,-0.304595244268642,0.0936166565354154,-0.352478559016221,-0.206952398033626,-0.190931203033387,0.0483405139937557,-0.387439597853841,-0.226194541927824,-0.281282909415652,0.0503966771608664,0.0777132854534588,-0.00920742666312803,-0.406552331071569,-0.0817606162296753,-0.162115076038522,-0.0981537716370027,-0.125332267106284,-0.0847064885943077,0.184926150723559,0.152436712334471,-0.0571916951148591,-0.362581350111521,-0.302510584875858,-0.097361526899237,-0.127574684962178,-0.0634635691545097,-0.0121446569294597,-0.156895480742915,-0.016693425438138,-0.291458755700915,-0.0791466720614257,-0.204751633123634,-0.0359984134922998,0.0593358664261768,-0.384164872138781,-0.137933760426406,-0.287372855939774,-0.122474400945361,-0.147877587490911,-0.289687905064447,-0.40356308696769,-0.266182747780496,-0.521332242235833,-0.445202811182743,-0.0123869902851463,0.477026184072331,0.149081574397681,0.535189160894333,0.264061940778998,0.566710461630475,0.115437537300037,-0.0778691576647823,0.288866412668251,0.21128294626293,0.762516804943981,0.240270577054434,0.559181132328793,-0.206364066722616,-0.0801732681867061,-0.301652941448829,-0.298097702101362,-0.151898137270952,-0.0997680251550932,0.142365901054716,-0.117119371248477,-0.29957557396338,-0.0742839004800445,-0.265931957671779,-0.369862078480707,-0.254154665629971,-0.223539186403431,-0.169644341632914,0.170360221509415,-0.110109212204849,0.367686279767321,0.198205650989763,-0.261894636156339,-0.0372363313666585,-0.196785150295028,0.0722735962696099,0.22440489624208,0.282635634648078,-0.0796835321101282,0.0850705756459731,0.19299351539163,0.275790147420861,-0.276612471343215,-0.0218370607275901,-0.190507560709175,-0.259464104142378,-0.0567347991644168,-0.227635578028208,-0.243822911227752,-0.301898908270651,0.156002652473039,-0.0234247644080132,0.0516507946973805,-0.138077574577124,-0.11144048855515,0.151879874004625,0.0346095269647548,0.082034130221275,0.259070153782428,-0.012933427112478,-0.0889754594499846,0.198281683852629,-0.0518499304313494,-0.396403239119051,-0.44972840114835,-0.194004080296121,-0.0455358505681505,0.104021528145799,0.178597283521546,0.0513798064241005,-0.0331123067411178,0.00466286281192121,-0.10585971629333,0.0667529807177273,0.198987323241766,0.312006383942909,-0.130605358079962,-0.181690102413944,-0.0374380991066422,-0.169337448582845,-0.21080030896201,-0.335250726451513,-0.328480420726761,-0.284199108992485
0.482925539389433,0.26727497085911,0.030444423438566,0.801683560680474,0.248707535320343,0.25145842576521,0.118316833083006,0.213941957786104,0.887314858519533,0.199883388224204,1,0.833132956951766,0.640886842867121,-0.174371081794411,-0.280543235424099,-0.153939278864936,-0.249882156230888,-0.156410865951872,-0.0719102301060755,-0.0505851813813332,0.0698355270198005,0.0122164134496195,0.184054419095672,0.206721692124993,-0.0192702805940966,0.00276129382277353,-0.0615597161034017,0.128868958933408,0.137541339143171,0.108356620058486,0.193102019296681,0.594420319822758,0.3054597214022,0.414651794207026,0.273829897235974,0.00025377967301898,-0.183313128303845,-0.110895825246221,0.285747887395567,-0.0577925460490229,0.114148712350695,0.0296344464280358,0.170600154850631,0.0815154851337053,0.245189726366039,0.191619483738094,0.104981095370789,0.152964915700893,-0.0283208573119867,-0.000122652154475761,0.0059302187421822,-0.112150247491613,-0.137782358498135,-0.0540872054968626,0.00847270214393898,0.126238700423398,-0.0114459232124472,0.678059135520451,-0.0047265908112745,-0.117600852615128,-0.0652788147698278,-0.0416912865360615,-0.0828544548379785,-0.000415921509046469,0.00489577280474298,0.012901303683797,-0.184667945481427,-0.0988670680482824,-0.228567838843856,-0.164804916926935,0.0951414687842008,-0.313450103865867,-0.150680269230026,0.0939938747443643,-0.0747160266926642,-0.0928179332764107,-0.121488407470407,0.12618458461565,0.0684976748458061,-0.376773320417747,0.170314872526106,0.116495285540459,0.238060609909779,0.301736656240942,0.669596231419563,0.80134935684225,0.110844471028375,0.324744292293787,0.524142584734502,0.839290836628014,0.723939371143542,0.199988428733743,0.868246083776525,0.228373175658608,-0.288894671620624,-0.269542943717754,-0.185731300895511,-0.140433460466687,-0.22049743904897,-0.13882592854817,-0.0235726903052447,-0.0349671703768548,-0.128839601536991,-0.159697571089419,-0.0606612635159731,-0.328734880550541,-0.0540517988486103,-0.0444981963521024,0.0233312457496401,-0.0677194170186461,-0.0745371590463055,-0.245078448817822,-0.0875345997481423,-0.10032849149496,-0.0582904928293295,-0.132764271294578,0.101760428570049,-0.230863920752964,-0.0619265537687033,-0.00501961077475407,-0.156185600625887,-0.262064975595583,-0.165295570628367,-0.173514249740429,0.0280630404975129,0.082074008359705,-0.188652073988166,0.118404549412199,-0.0608167361539318,0.28547994944017,0.177403482304615,0.199677873158495,-0.00985002547271946,-0.178097132092031,-0.354108737508911,-0.0741706295240646,-0.308206189574974,-0.309464154221886,-0.0460765745643256,-0.157915688891593,-0.0497663744020834,-0.280900266588474,-0.338608446423871,0.63348487061861,-0.0783468918207321,-0.0705723282204706,-0.0708487218205162,-0.361987952832041,-0.0990547335470084,-0.0189603717040588,-0.404471154641501,-0.0502120764248581,-0.364605896860599,-0.199657705380403,-0.525052859138151,-0.133172941235013,-0.113792006796899,-0.495005471852281,-0.28399842758,-0.413667103810121,-0.365745805837338,-0.324617269234875,0.202664638520422,-0.112942582740479,0.268545019166546
0.647662006972527,0.300754678744245,0.0711935128305014,0.848546378065692,0.16003147458737,0.235984176560459,0.131871193160178,0.111653039688168,0.864987589195422,0.257338206433285,0.833132956951766,1,0.723841690994751,-0.0850060640694451,-0.371426069342388,-0.240080700000849,-0.360154085760025,-0.224792595152391,0.000508786367961508,-0.0687460240515658,-0.123376786795787,-0.0773052459759428,0.0200787860938672,0.181624928685174,-0.200006394448457,0.0608712477050682,0.186262388459437,0.330824154683266,0.145509828239891,0.0685144937534217,0.313280619082028,0.629833984626945,0.121687071140122,0.523855281514736,0.429681898226863,0.18917158930247,-0.152919790160835,-0.230512018827144,0.350276608948327,0.0906730027429342,0.201170427954955,0.071116768674965,0.22100424369567,-0.023845362548396,0.226605678542437,-0.0302035476561122,0.0475096278157462,0.127385796425398,-0.0341462126313447,-0.222271141288151,0.142204667327991,-0.0889009706621231,-0.111333127028704,-0.192538989886787,0.173315697322701,0.209998988327449,0.127820850230432,0.529446411264251,-0.205939171246905,-0.0783381186993444,-0.18973715454691,-0.229241715552886,-0.265295033606956,-0.0580169507348245,-0.114598134586415,0.00118258787683107,-0.45272862420416,-0.127339369742809,-0.424248331245404,-0.183777113663512,0.111366391837038,-0.49724636936813,-0.276492400197414,0.0452179506305698,0.00250147432981263,-0.264367252927383,-0.160630716193572,-0.12457000165921,-0.257673252628301,-0.581874051080475,-0.06387203381251,0.17510498245248,0.250473307530971,0.380445067930742,0.790930991574601,0.849903403383587,0.113066242359474,0.514420785182529,0.615556570683179,0.927744499334739,0.785959962525947,0.252691743157082,0.881500684655232,0.361698150754837,-0.400849246116483,-0.39710594383143,-0.270727425391906,-0.280640983491604,-0.330035321426957,-0.171019425906625,0.0738033771462484,-0.037431547226329,-0.148757294326413,-0.151666788295009,-0.150809149777066,-0.271019856917843,-0.144920674276495,-0.0654890380288303,0.0396507538531433,-0.0102650966063696,-0.151989378158122,-0.0372224890901264,0.130567149744527,-0.165146818119481,0.0628491353986311,-0.19528001956321,0.248704879327143,-0.13477204610106,0.0215449312553838,0.207796809735012,0.0403250036321328,-0.143065107244644,-0.02659218283536,-0.259725022899254,0.130902180110285,-0.000925648518869104,-0.208849331835695,0.213016578220859,-0.0976744231615524,0.323013294583183,0.0495423046911444,0.310697709202013,0.0694070411970491,-0.00663390482724402,-0.399026048692302,-0.120237244618286,-0.126950202089552,-0.296767984065615,0.139449799178693,0.0776099051615893,0.0562591532795968,-0.188017677631702,-0.171896765728566,0.508188310457343,-0.370558172559986,0.0599868797947427,-0.00247429686720404,-0.232974496353509,-0.138794304018083,0.102140791536786,-0.408310592325617,-0.13099158289368,-0.451872006820483,-0.281125965838651,-0.646616239162696,-0.0669743982216872,-0.00161717239055937,-0.592428089328134,-0.328726057121227,-0.34977227715407,-0.324285315289251,-0.306533156677403,0.00982802728658829,-0.370801232130749,0.152674049218363
