1,0.34162113725399,0.475763045254074,0.200296043212147,0.351056557107748,0.0750625722952969,0.0625219169674808,0.13626721919153,0.31684595177412,0.179401671907292,0.403749427046295,0.310091720894857,0.470113751977765,0.246700689808156,0.292241744467613,0.347953391653476,0.000378942997704281,0.283924585008482,-0.131175112707784,0.0473882077190987,0.421676124448446,0.145095506124675,0.166733716663502,0.470694752107682,0.398668409054916,0.208730983488034,-0.215075859826603,0.284069363879856,0.0125879476303935,0.215102168071471,-0.0255346826031342,0.210254285756876,0.0709114251033684,0.30678795136327,0.256684965970815,0.266848171474738,0.117644226980518,0.0770108699802981,-0.181263939848286,0.138470621694196,0.0433180340181402,0.0517784942435596,0.00314465937104896,-0.0346997562776845,0.0486242564925228,0.125336375031824,0.233292672771954,0.214406976029929,-0.28749868518337,-0.0916644465574733,-0.0980111587858268,-0.29400197010197,-0.19539951181246,-0.194193071876472,-0.152029797788073,-0.087979133918391,0.172267690817329,0.058939026207364,-0.045236936388998,-0.170846525343168,0.0272800857894161,0.175906891192788,-0.00238504286201448,0.238085378126368,-0.05808890889946,-0.0582181471005603,0.065900599230551,0.218716030236853,0.183552493603655,0.145691459841241,-0.0636982544454215,0.117939865316747,0.156986190754741,0.241934782748964,-0.0304182538320267,-0.0744651303559424,0.0181588916227304,0.352376324400537,0.142397079651206,-0.0392726355673414,0.168655683670493,0.236529906663146,0.130019633034175,0.366823512372291,0.439777471494938,0.28715841421147,0.147989793249854,0.146485574935144,0.49179443245545,0.278681276175196,0.268430249471635,0.243825928141042,0.275750044449725,0.250331226713893,0.251104199553943,0.0570197098975747,0.145587211361385,0.345782010299418,0.0702977682685862,0.249256605252108,-0.17374970176145,0.115122881319575,0.0767739513339107,0.0433268046341442,0.213634736015781,0.244319525514113,-0.0139988504904845,-0.0815258683389969,0.0306825539590234,0.242845729561558,0.466099221505365,-0.215031418553907,-0.0329321014424056,0.0866807997653763,-0.354231064531886,0.180505279361776,-0.242988301589368,0.156656346519526,-0.114777532925001,-0.226822846637642,-0.139236908548619,0.060185019396832,0.0172448233261763,-0.0500133810938258,0.0119188349041268,0.043927996211202,0.10609964430216,-0.0733304904276592,-0.0191616028949004,-0.0669139731265113,0.00230326738676365,-0.138426174610193,-0.247873793565972,-0.378142708562411,-0.393361990112785,-0.173438716825087,-0.332659156422535,-0.266251914114773,-0.403569173278799,-0.248012895617403,-0.305951305123533,-0.282763364842471,-0.235001678663646,0.224396613333992,-0.274737906080701,-0.044132022251687,-0.0188129877836919,-0.208567374998292,-0.0449130532197595,-0.189659334700592,-0.286032805856042,0.106479904872048,-0.13175099269175,0.318394276553249,-0.0316415851135401,0.233673250275795,-0.0832167568058746,0.0639721632398479,0.234870815435991,0.00340859383916663,-0.0893877049138014,-0.244411974151929,0.277395565010934,0.0149861853472793,-0.111927761041647
0.34162113725399,1,0.290754219637296,0.543321873138894,0.221932926153661,0.561895437213089,0.177647846820284,0.480981197023917,0.41140957982401,-0.286837650140452,0.481894968215061,0.614236591444566,0.199809553665141,0.12331639789256,0.0259723027874819,0.205556920955345,0.13794315154257,-0.0817363145553329,0.261887471773713,0.387363994731919,-0.00222323221880158,0.227628007052103,-0.163131612063429,0.358951714294782,-0.0164945889383172,0.199238935826333,-0.0212747150994818,-0.0346508096369155,-0.0707692924469249,-0.0353150036607894,0.0914305649757545,-0.154187621923355,-0.00829601070656586,0.50144847573117,0.0954579606283555,-0.0408053730999653,0.323201320609961,-0.0793118665319453,0.15831740317686,-0.0465177003158119,0.0190213615171803,0.120505518544667,0.166964981929401,0.15014867094144,0.0505903343534897,-0.388152482866705,0.327886509977044,-0.161769561899559,0.11232177992478,0.268476860959096,0.07052187603777,-0.0998388643398391,0.283177417418736,0.238393825810921,0.0790946577101793,0.054189130758292,0.495773064548478,-0.0405181915622318,-0.105760386832776,-0.46579394201304,0.207247284464012,0.278815582953623,0.428510202179932,0.489199963029838,0.221040860319972,0.206387906544205,0.0802538406244975,0.0871693364441379,0.00520277362268093,0.441471016523055,0.280413268645862,-0.246251435825035,0.149767350835429,-0.110764003913902,0.0554126143702473,0.417946975533985,0.153826824540201,-0.0918651084987858,0.0216054344309482,0.0591290693464956,0.193396294782944,-0.236467661922365,-0.123717641543669,-0.367753430923107,0.640955868396697,0.522293255447013,0.0860208266525622,0.516856204539322,0.0674907034286159,0.436580131056719,0.360588861708501,0.129178046429031,0.46797228666467,-0.217138562194391,-0.0630203801629352,-0.244462007864493,0.220205533298712,-0.0239134920246547,0.0139215853390212,0.108096047551273,0.208180859067967,-0.26877538148897,-0.0198046880133366,0.197709242020469,0.1583351612085,0.339142357410838,-0.306095888780531,-0.167684330634235,0.0315977110297815,-0.225076592673179,0.337447693421174,-0.369670465365227,-0.385070992098569,-0.0328698891039996,-0.185467079104423,-0.201354517918824,-0.179992573848434,-0.128044937368051,-0.363567406862591,-0.134519750371235,-0.242512299832318,-0.356112313525785,-0.261862176602138,-0.255114800223167,-0.203137370856281,-0.110402887982504,-0.420862183689849,-0.126329948444405,-0.0103814710120534,-0.118836413021671,-0.507523318599141,-0.167371115536435,-0.00189658185044063,-0.119302527971767,-0.0803347852819724,-0.157598157439499,-0.0819621156041476,-0.185615507498533,-0.176396156426799,-0.356763132504659,-0.365222334021833,-0.195718437094546,0.0961152879254674,-0.26680001384327,-0.313614748770958,-0.203474970194097,-0.339466224269621,-0.0943486669988171,-0.585190205078544,-0.199743680870484,-0.0186026429953069,0.138393666025021,0.0983186460958429,-0.0734732849696066,-0.206433816416773,-0.165580708210951,-0.0452222316088381,-0.386772034329913,-0.340607458008561,-0.240021859062595,-0.21856588089681,-0.0771306851091928,-0.343331106310307,-0.127219665877546,-0.0990851903463032
0.475763045254074,0.290754219637296,1,0.269438497898425,0.320684305769228,0.129323742784483,0.146618416310054,-0.00046157586499734,0.368583650636827,0.127720892595738,0.230557484609398,0.192509806469214,0.551410085239686,-0.0190670919366944,0.103814553584647,0.0154098885513619,-0.315984983666034,0.114782337558908,-0.273848649474393,-0.0381085673533485,0.065965532295605,0.248195789620132,0.484314010383663,0.505064387378107,0.124308831207922,0.615361970228015,-0.0626543555065794,0.584698976151652,0.207589012029935,0.782073758405742,0.230427529339069,0.0227550834899122,0.270233859839796,0.42086847316628,0.214982968123065,0.600096730345658,0.357753580573191,0.178004491213222,0.000967129325656171,-0.0639726032931552,-0.0773641086276807,-0.114884819469254,0.187747041711661,-0.34756842842549,0.0275641670129834,-0.115586076699176,0.131228593679148,-0.0608664115524249,-0.00276792997182303,0.123864860819787,0.16343625710875,-0.187929735664085,0.0287914771143961,-0.127818748578647,0.029894173514771,0.238347652460566,0.33558615385102,-0.39438424962341,-0.332297193601115,-0.0570294016761081,0.0598350789722417,0.273793808753999,0.249329607142574,0.232214613773147,0.129792873981128,0.0886196022253559,0.266983501378392,-0.0441074417733736,0.207435974884562,0.23058581360462,0.175917999960294,-0.0685243879774133,0.159332156706449,-0.124403499154063,0.127910396198691,0.108904318448935,0.0256255069841383,0.303333670105288,0.268484286471908,0.122330309001815,0.213793636906377,0.433578886373507,0.33054519131667,0.25115344154799,0.315700462340008,0.289377887813962,0.342889313799656,0.0252658550060805,0.367711970491259,0.313909285202328,0.11568101777843,0.286843854520494,0.220493913921852,0.372206948106426,0.0902918087917388,-0.296142553449193,-0.140813326010925,-0.065522220725367,-0.333574692711394,-0.188295377397354,-0.383097797293663,-0.1504839546366,0.393897840318826,-0.149237755653028,-0.04524353894111,0.440145195329035,0.127180022958973,-0.0298997069840628,-0.196910627401699,0.0510566759254451,0.379966937361036,0.00785816363782919,0.0277986811942603,-0.102049042739437,-0.196620643577726,0.515603012484627,0.0176128609446722,0.397494157220964,-0.169355510047491,-0.41678401789854,-0.0923127864077946,-0.140642124109813,-0.275778183106429,-0.226831345684754,-0.0813304539734924,-0.262082247739014,-0.126795361407438,-0.336492435559612,-0.339484869728868,-0.194024518506867,-0.297830838343979,-0.35154401115007,-0.360940854308816,-0.113784163027615,-0.274351501104183,-0.454574547880854,-0.2410425757327,-0.0710483322348002,-0.409772653049229,-0.0712064880412216,-0.586206280816842,-0.318099210912264,-0.263178525638023,-0.190316391035151,-0.508431782152546,-0.0646044361907245,-0.413456140048554,-0.371197645207066,-0.0300178486588526,-0.150844636535127,-0.0685714601206617,-0.0050337370882217,0.129299443887446,0.153122741411668,-0.145558019876727,-0.00780846505526472,-0.307065239456892,-0.223140748639975,-0.0395305000068118,-0.0111565441139219,-0.147728061517249,-0.116048040384058,0.152777776215767,0.0852569902631709,-0.296630294530146
0.200296043212147,0.543321873138894,0.269438497898425,1,0.417555142295492,0.606626384945451,0.189994357619411,-0.122187942481334,0.700019676041126,-0.613802569356532,0.618624616015532,0.514743731712293,-0.109349650175687,-0.299717197290416,-0.343897230563472,-0.0916759689642839,-0.279098581083476,-0.257404137268087,0.0270020996707211,0.131431204073298,-0.169662879711479,0.207902925076285,-0.169481182575474,0.163635867297514,-0.231676592848977,0.377856792815681,-0.176125753058756,0.0158574733873889,-0.113037510514695,0.115836807652829,0.117615184969097,-0.466063258836874,-0.253647170442637,0.554294094341065,-0.156578448666751,-0.00928007141618287,0.670417092028256,-0.293990456756348,0.514809289062422,-0.362169021802091,-0.137313257266948,-0.130781992448476,0.0282322044970585,-0.230793133820177,-0.028119071562234,-0.565246627830322,0.116397229680589,0.0347850588956262,0.371752627994578,0.357162815427579,0.165710219761721,0.108440295471817,0.514342560138464,0.129302399706478,0.183764773410244,0.129385660167312,0.619468202644151,-0.227617335762213,-0.0409690843769035,-0.354987118693486,0.568971860532607,0.455067559986605,0.716312021627621,0.619114664019966,0.530931434442136,0.529887590972587,0.342415131066974,0.0629879263938129,0.304298045736973,0.658758904536426,0.627934536323055,0.0015265749831907,0.468409485800432,-0.0117825136187147,0.491125010755,0.496640052169293,0.284462188800619,0.186819539951185,0.248901599869652,0.489095483218866,0.291983688139193,-0.0102900898325222,-0.0416768797934097,-0.344936751384501,0.355118662619485,0.712785531932034,0.0365885184116471,0.512367716559967,0.369812346444878,0.654497730940431,0.525011244335035,0.072787212971018,0.716599207666821,-0.306139202265213,-0.123970708457039,-0.373207959580755,-0.0351607325431401,-0.107505176050939,-0.211599035878218,-0.0309393959259474,0.00271120353251218,-0.264453780108599,0.0398802660398692,-0.0202004362551987,0.0276852619395897,0.391864305356909,-0.355838160671426,-0.315961166456813,-0.205915554927537,-0.169938045291893,0.396298106625033,-0.207300724272835,-0.403276162265607,-0.286284175818905,-0.247419684433723,-0.145455662417359,-0.291006639308446,-0.177483902592454,-0.569525099600732,-0.327546592078097,-0.428287120837385,-0.486849280815548,-0.514472558549821,-0.592821230742616,-0.541137232053676,-0.285002541691317,-0.330413986674433,-0.494181841998178,-0.336529151611754,-0.453915904270621,-0.651038774605181,-0.507372839089626,-0.237981859309798,-0.0871537253824457,-0.165221664066051,-0.296654166304796,-0.0724776564209037,-0.128063459568126,-0.336263980092529,-0.50684914521657,-0.599130383109657,-0.286829610665303,-0.133739958701857,-0.423168845096607,-0.266312082973156,-0.256314408868828,-0.492636125425027,-0.251121768117288,-0.486098577807164,-0.102209533824296,0.133807423722509,0.226922523888919,0.351149386921268,0.0520575668551974,-0.232362784727158,-0.166029276632775,-0.387597611401698,-0.302805479412009,-0.396079573628722,-0.0404543836256651,-0.0880467703713981,-0.0783241781069526,-0.120578783000352,0.102706360783398,-0.0686409539475392
0.351056557107748,0.221932926153661,0.320684305769228,0.417555142295492,1,0.384417494369731,-0.155855302410487,-0.0251342712691649,0.774763594926667,-0.379380728048694,0.464194704928961,0.169979333264778,-0.0779824881056862,-0.233606267311706,-0.105096306079326,-0.024515061016531,-0.395196805737031,-0.0714457721608281,-0.0980000511137001,0.0356414796392127,-0.18601005915311,0.160856004742789,-0.304234363226621,0.0163037540994244,-0.278423043373418,0.305493078193853,-0.445995034248719,0.132818308611068,-0.283079042599819,0.0589635088856181,0.0218996304544243,-0.193353605276673,-0.205631792476066,0.17967094793107,-0.046731604472843,0.142051180676495,0.494817745654451,-0.488010331028947,0.104081699360628,-0.407085330065753,-0.336954611892512,-0.293442315989521,-0.351460940330973,-0.367889352792173,-0.203355157188182,-0.383259809242865,-0.172392296645618,0.180435775823839,0.0222238659260978,0.221204661549396,0.00601891197341845,-0.325719476111348,-0.0421795091211478,0.0843993054575898,-0.132964587879938,0.0630010893695217,0.263337245866287,-0.162036339401378,0.0940188052597869,-0.275586862024959,0.375767989769542,0.583542639038691,0.396134646325496,0.40755934525409,0.349402287598582,0.416028253842806,0.620231605453563,0.122400404045955,0.72691832214298,0.29733927281199,0.144842998351239,0.470800983704271,0.504872913317168,0.256157868514825,0.335375709208818,0.265829889273992,0.463607178719612,0.791757877710505,0.527681035082644,0.478912384967734,0.319791172616124,0.460397295232055,0.0776964808292152,0.1782030116867,0.257481203818051,0.40969804260086,0.185337238186579,0.497355246171306,0.813726136291117,0.646841235923138,0.429935435638939,0.232211037403945,0.528990337304376,-0.00884454099721965,0.215437849625074,-0.0393203189373592,0.00972448774550838,0.126951582447708,-0.115827302302077,0.0785973523827769,-0.141914048135688,-0.0699571934900527,-0.170309192133373,-0.135202342264452,-0.140314834740409,0.24670799192855,-0.27692887701454,-0.292331205804456,-0.221268890868901,-0.181096553064429,0.356312517506632,-0.0500150134494708,-0.377719970521279,-0.316382960924472,-0.436445019550909,-0.123564064719713,-0.417467883495657,0.0156545485022559,-0.678840199568129,-0.383438217274202,-0.638611023698903,-0.373474136931374,-0.4123798958903,-0.572244393476895,-0.530849633025702,-0.296723422993907,-0.0579634867117272,-0.605051258214138,-0.440206371666257,-0.508924995539264,-0.461408319601055,-0.610162670221884,-0.573444410325125,-0.439743177260242,-0.156626713701014,-0.390946551279157,-0.425991304918406,-0.236377698200326,-0.610497247678485,-0.633870443235225,-0.638339783379742,-0.333380808006473,-0.396308003860014,-0.111022917038991,-0.0653712763016041,0.138456800833198,-0.235338450017092,-0.584896214358547,-0.0959215716120748,-0.244533110718638,0.135821019603504,0.249486869990645,0.240345105846288,0.310747862298143,-0.215274426238654,0.0554057342264596,-0.620829669813683,0.147189768093651,-0.0746366657938515,0.127092934974518,0.066964853387395,-0.141356587162092,0.422403349105674,0.366462094474889,0.012114230299625
0.0750625722952969,0.561895437213089,0.129323742784483,0.606626384945451,0.384417494369731,1,-0.143412358631026,0.295474856201509,0.724469992211706,-0.481190523531718,0.4208938414458,0.543760444805315,-0.13601400024417,-0.0284338441337766,-0.111007515617826,0.111028454799284,-0.0240877846452313,0.0133339104296739,0.313375307540747,0.391850457488629,-0.0644449494743083,0.514486627104616,-0.273313234384048,0.237427907397044,-0.0438389928980091,0.334179406283631,-0.398601859839197,-0.314959046838789,-0.240031957347034,-0.104056957566182,-0.288671746193706,-0.495801852966565,-0.430252655034594,0.324505632225056,-0.307325961191091,-0.125031796164657,0.375496755174472,-0.148195635194549,0.0467821284791163,-0.0269843178088906,-0.0713569360924797,0.0813364800399931,-0.0106404532246144,-0.0968172076917998,0.0222223975286309,-0.467157978746256,0.217751602258729,0.0532440573995222,-0.0141367382311964,-0.0570426289871282,-0.251953723368982,0.0322819113007173,0.190302833334492,0.038607618020122,-0.0192992806188142,-0.084284807017522,0.443949573009857,-0.288490782869622,-0.175733083870175,-0.345245860405071,0.346227098844024,0.39746331260405,0.476863997265608,0.433737974297605,0.272651561897134,0.236307273299113,0.187831545320209,0.217625052352088,0.28926035795311,0.507875961343021,0.271389426171447,0.0382951664704009,0.385499248375885,0.116559986494542,0.242565741590305,0.177938869289877,0.0727121228820839,0.150446628376628,0.0719570367597331,0.147879897518282,-0.0168597740560086,0.018476475611761,0.00347496047830352,-0.303719912943992,0.409873548262707,0.605427965188682,0.23888864896984,0.790426635986148,0.305791232099325,0.746088640093289,0.603017004923335,0.234368288131327,0.655350225147274,-0.152886133782911,-0.00673182674228648,-0.219760093461986,0.156505991009709,-0.00666441067660802,-0.0595238763725065,0.0794666656458031,0.210531436000319,0.0571156014046448,0.130475770075866,0.215936742639929,0.199775446110653,0.597090154440391,-0.193478118711342,-0.0149436003664951,0.058806780724111,0.0734336172570779,0.432894573881536,-0.19108157874527,-0.340650643574821,0.000504297103616822,-0.413604933951961,-0.208038791667964,-0.430904587684546,-0.230911432535747,-0.523541607253454,-0.426947790470662,-0.379837340275723,-0.399337743301705,-0.405358392398248,-0.272990353784435,-0.296286324144589,-0.0568083694173455,-0.275726165200718,-0.223091228158395,-0.0521808145479245,-0.165662788911563,-0.393971457025093,-0.196026611385066,-0.291947852369584,-0.320895486226394,-0.316248317579412,-0.146238441008895,-0.0972588090550407,-0.251943314757692,-0.243520455912879,-0.443360110646854,-0.365587133579461,-0.369186195002021,-0.223283597315182,-0.338371362244383,-0.200381733379631,-0.147088804006432,-0.255120237210389,-0.196716767639829,-0.416998381922674,-0.293660118482501,-0.0593385346978613,0.152520713665556,0.117397117774762,-0.00704427118471877,-0.260540304535265,-0.113914120167985,-0.193233371362216,-0.220373923886618,-0.131196949217632,-0.0582409001105972,-0.153635110052658,-0.227063015660439,-0.0950078661670504,-0.0650246207959666,-0.203456679608739
0.0625219169674808,0.177647846820284,0.146618416310054,0.189994357619411,-0.155855302410487,-0.143412358631026,1,-0.210387015223399,-0.159045681014915,0.242503423547663,-0.0469185019574457,-0.145051302542863,0.143135338566954,-0.400317213705849,-0.423877036406002,-0.14245299334949,-0.151979890538356,-0.196216221999451,-0.278710072953156,-0.295541733715678,-0.219948378167926,-0.231637467597413,0.0797770674078414,-0.0835814166540532,-0.277302001622136,0.0617302094920736,0.740830931301686,0.412653338979305,0.173293764677181,0.160647811273035,0.626923969280076,0.2377587392941,0.347923572704517,0.322123946821992,0.326924248042849,0.167665256366139,0.288892296977829,-0.0799469213556852,0.417488297364771,-0.269746668713088,-0.191433663825539,-0.1718056252895,0.0571446882310287,-0.158797374588325,-0.13672847843503,0.117464380835262,-0.20934576434437,-0.091968642731521,0.408611923137745,0.598916285189893,0.475862561282562,0.030808460994534,0.435573822382725,0.411517452602761,0.237031464387442,0.450330576319595,0.314400007676869,0.310146296527455,0.345130471059687,0.0193311376157066,0.110689418223747,-0.00463616698008022,0.248073744838155,0.119198521007474,0.410545654511496,0.2746554260694,0.269017354548649,-0.323050763000596,-0.255471672218911,0.0553757110285365,0.203535178443006,-0.320837138386413,-0.177248008055642,-0.480776386191306,0.0290459099210669,0.459309899590311,0.326075237474632,-0.161908398970488,0.239557876206126,0.249982746449738,0.447801594516741,-0.0698242951404151,-0.183233687231335,-0.00784420195891415,-0.157231907366245,-0.0929118551870469,-0.357914598453562,-0.162318992705442,-0.133762028606464,-0.23980228370826,-0.0426656700046016,-0.223607683899623,-0.188537278427604,-0.0431425025188757,-0.32015064860047,-0.414692982503334,-0.168315485627812,-0.276830400044629,-0.318447442764966,-0.194439969220832,-0.267760662403872,-0.589463104118364,-0.162969950914772,-0.222871886795038,-0.269388068998653,-0.0541118421202744,-0.163192028099398,-0.293610842461156,-0.396797374541078,-0.301331937818586,-0.254276029986729,-0.187255965318189,-0.0407544167023305,-0.406752173391613,0.175749863884239,-0.149751340850458,0.295749041103123,-0.0037894969575603,0.0249910747729308,0.270761394519598,-0.192095898952906,-0.098106804824515,-0.135957102478487,-0.282722932169991,-0.330738210524793,-0.267957305353242,-0.387282458318525,-0.170993724290362,-0.2354586606507,-0.272063026190947,-0.161481237839632,-0.302789094554819,0.0971686654942185,0.3904412752787,0.427021255718808,-0.100062433141651,0.0983378727010437,0.35356693112966,0.0233952533686711,0.0645890193971862,-0.204034165071408,0.380075509137314,0.341634421727096,0.139071330392458,0.214921636320908,-0.158700424671865,-0.38015033770569,0.0502387256224576,0.0412269597185514,0.318608202869027,0.303312355815641,-0.0925367274904045,0.128885148934934,-0.289707248838303,-0.120992461328758,-0.549929395974091,-0.171555095858704,-0.310997474463726,-0.277452971122761,-0.142745800812964,0.110017850708368,0.158987662439153,-0.115591542588839,0.166892285879976,0.392224313648371
0.13626721919153,0.480981197023917,-0.00046157586499734,-0.122187942481334,-0.0251342712691649,0.295474856201509,-0.210387015223399,1,0.0265262633333868,0.0750362585795548,-0.00868825105599915,0.526720975616691,0.382312869432148,0.409602333242153,0.27926914309302,0.368962491892958,0.49080896052992,0.169386428988875,0.460598157868089,0.513167494435076,0.287552923541765,0.332654434317888,-0.156783482222367,0.396748582128474,0.313268089576702,-0.110429122058391,-0.193059649268595,-0.2045313320251,-0.118495676294855,-0.283586073249518,-0.231926306406636,0.0948185446976332,-0.0304902971127994,0.0236946198742355,-0.0341341324506753,-0.100328184180215,-0.203814057721433,0.159833254912329,-0.387917536798417,0.273364461326398,0.203040907195593,0.350708326723495,0.141170627279497,0.408398614347346,0.240435542693467,-0.117096193283116,0.436297349219492,0.0151711416218331,-0.291109645354672,-0.172103507567553,-0.294769991200186,-0.186008236495566,-0.169690768493436,0.10168164305448,-0.12389242849708,-0.0923618988374482,0.00666129097663321,0.0602965511834487,-0.191912351099026,-0.386475991167564,-0.141990179797637,0.0819125420107825,-0.0688041763024105,0.0613349555572213,-0.21462820214121,-0.220951954677943,-0.193922793334543,0.138678304834276,-0.181520248028677,0.049210684820719,-0.24193751683823,-0.230342023071604,-0.0661937182070821,-0.00490104708985504,-0.309914543800087,-0.0110553137903774,-0.104194066195875,-0.163331371155434,-0.148558536019702,-0.343715147325428,-0.0766480089413197,-0.381186889516729,-0.176050424723107,-0.296451002282566,0.394772975941927,-0.0755045187447221,0.22514603237885,0.216905919878956,-0.258653388838524,0.0581690558988083,-0.0580226047591528,0.286135117879675,0.0687995497018709,0.0156632782510609,-0.00751991359999512,0.00460862822230944,0.388472373217375,0.215908814392993,0.311552044415709,0.298911576580957,0.425108425839255,0.250728412034962,0.0416240878013489,0.459348954666162,0.394732536999753,0.190927119947684,-0.0348606398723156,0.248923460260349,0.410370203819353,0.163601097759688,0.160655948400246,-0.326946850702014,-0.207719130340117,0.419721993540489,-0.213551953433867,-0.185125404264775,-0.172034327381193,-0.100397029742099,-0.0656398417488266,-0.131875225496992,0.0374732352209524,-0.144564325304221,-0.0579433147812479,0.251295117301702,0.257455789268858,0.108424505723277,-0.130405506521323,0.281011497338104,0.372158421145164,0.323674147335703,-0.0338558116512464,0.330330492008347,0.00692791933134471,-0.358751265156797,-0.21731753414968,-0.0498278515112008,-0.232369133165234,-0.434522784954667,-0.0918607881290292,-0.160688830955978,0.0614435794312112,-0.277348347007852,-0.0553791912047138,-0.0776995397493713,-0.243885162345675,-0.22957771381454,-0.0247498856417466,-0.0717028718447701,-0.364157629732147,-0.45876467535888,-0.352652567069911,-0.115309294548091,-0.430357716851893,-0.230014570611911,-0.241922973067197,-0.0648952780137039,0.18292224423918,-0.348145493035959,0.0343822371005748,-0.345345388433201,-0.394247571988498,-0.26087161051695,-0.32603166019194,-0.366014221138825,-0.277416305669025
0.31684595177412,0.41140957982401,0.368583650636827,0.700019676041126,0.774763594926667,0.724469992211706,-0.159045681014915,0.0265262633333868,1,-0.540695075345338,0.640877892593084,0.500780221894065,-0.00531730073580372,-0.156809505702745,-0.110452440368278,0.0531042604754546,-0.316992773615624,-0.0581479049208151,0.0125836400690006,0.179641476838781,-0.0552822065613304,0.37123296139537,-0.216098625412661,0.2628312616299,-0.094413818826974,0.48941997634795,-0.514044614667273,0.0551809307485031,-0.254727301262451,0.126701229178097,-0.0930650952010668,-0.425606481927717,-0.285656179006982,0.430836812417458,-0.157098539679284,0.140008761496096,0.560001015096218,-0.337011216085174,0.149302234714243,-0.247493873283171,-0.204636170447052,-0.137398361889374,-0.10738902917736,-0.356393035317287,-0.0656764284420442,-0.533664946191689,0.0936964448622452,0.0919574133941799,0.128280771261499,0.132638033027358,-0.0181383281224092,-0.0322413764467602,0.220998911085299,0.0507414742697744,0.0490757134804038,0.0739876832794151,0.442592369216909,-0.391893784665048,-0.183193413998504,-0.302167832278055,0.438572589132876,0.530526183724424,0.553236749521477,0.50653008082365,0.335945297957474,0.398906656999115,0.455644843458068,0.121129847231198,0.618376553192545,0.519063850443255,0.401096836225186,0.238040931945079,0.519367164810649,0.159049253890822,0.421605919938323,0.294431333886679,0.343327633981383,0.600870384687567,0.322067976572163,0.368962955728503,0.127600775534941,0.360567105536744,-0.0118553522150816,-0.0776774163940888,0.367498476032714,0.692762075441996,0.220560496568798,0.665710762094919,0.685723607815971,0.923130349741617,0.648251442828215,0.305174944116206,0.810808091498383,-0.0633825958966014,0.170304665179709,-0.179097762793719,0.0364470480506703,0.0175807348566156,-0.0976436169554788,0.0607682736466479,-0.0690460443547362,-0.0180332286362796,0.0245172110773375,0.0479305613285914,0.0309543942944877,0.557951640182083,-0.288582731479133,-0.219030684738173,-0.189552819686662,0.0120740655402637,0.604471053248778,-0.195778563158413,-0.532266434728882,-0.2040437348775,-0.452550957243609,-0.0888719087765814,-0.485087827131388,-0.0657434334278374,-0.704199932493527,-0.502148767503229,-0.537537206086957,-0.595990737892844,-0.613204596287443,-0.545357056848906,-0.543279021108858,-0.276452885556277,-0.138210841250643,-0.528691415719513,-0.323737705228335,-0.414690092932812,-0.538654067222623,-0.560272976923913,-0.543097284026104,-0.367814954296627,-0.353517129155948,-0.3349171501439,-0.239513034030746,-0.285349769877432,-0.491026604057563,-0.625436857420326,-0.648732523810228,-0.423050674896697,-0.456130580900117,-0.386581021761866,-0.333315479523981,-0.120747971009797,-0.339523439905044,-0.489923457229713,-0.331263883665167,-0.341510955638725,0.0240689767568391,0.124125094686622,0.260895709048945,0.0963529887823927,-0.419328669695055,-0.00313861978813343,-0.506643569536507,-0.0695027879375681,-0.206710297900164,-0.0108257066173706,-0.032459772509369,-0.164315942559179,0.220014375625322,0.147884201230873,-0.279021038539032
0.179401671907292,-0.286837650140452,0.127720892595738,-0.613802569356532,-0.379380728048694,-0.481190523531718,0.242503423547663,0.0750362585795548,-0.540695075345338,1,-0.377990626843356,-0.409585212005647,0.571784558258474,0.138058566703106,0.254254211539988,0.016730306195374,0.180582237860546,0.360310344029772,-0.161984658202448,-0.105604083891623,0.215498036894712,-0.22953741859683,0.497840736560269,0.181949070335168,0.302555615568505,-0.234696642694559,0.469055410312215,0.331454819362126,0.178167531878581,0.16555798890218,0.114595603150279,0.694481510852138,0.517344576805538,-0.129984060932077,0.413991163061495,0.206941809875876,-0.373860108602649,0.352352965105944,-0.476789154204977,0.33143686089978,0.130685914486182,0.0882075755835386,0.0178473206751613,0.112349286315593,0.117206132084728,0.696569895476008,0.0475783937263412,-0.0618299906649851,-0.466570675679343,-0.254272658282518,-0.100271002695637,-0.24079880212803,-0.472255217808176,-0.162250553784999,-0.220456462994371,0.0468304337429847,-0.295968850450831,0.338164518897866,0.124173534478483,0.256752466969686,-0.495776430089508,-0.333161085548165,-0.591673105416612,-0.445932992310013,-0.441802686512671,-0.504048697490896,-0.247942455063955,-0.0465016056828363,-0.360192578524781,-0.544461249815591,-0.576591488247916,-0.103529841660067,-0.440157325475941,-0.122796366354055,-0.509945312513906,-0.430743666200818,-0.198292061967848,-0.0972389944654378,-0.0716368606025356,-0.477137757603724,-0.0334208208249571,0.199035967529442,0.174780721218519,0.528790504244644,-0.196838704151788,-0.558374911706956,0.0446776233836173,-0.55532944277237,-0.234612989231591,-0.579678235975369,-0.385975145343995,0.0968945084667488,-0.696541846404807,0.60437818836195,-0.0183277457299676,0.109471647756991,-0.105646944751299,0.105326802908967,0.0445978554125082,0.0216125431542757,-0.187654006853914,0.0726543654278788,0.184361254658842,-0.0359266079984253,-0.0186864796733251,-0.299361320987148,0.497932230739298,0.35574103617565,0.186553724274392,0.223187474131998,-0.392235169687056,0.191400794811472,0.374271988636583,0.257966468557234,0.0434921521741121,0.338599705869798,0.347002609112116,0.423158661367408,0.567637148346592,0.261529411050694,0.280683308715792,0.413008751466349,0.345630191869141,0.446086788849079,0.505073381830996,0.186828918100516,0.112366671844253,0.386348752562287,0.19910214820059,0.343044329225412,0.651083437979349,0.356282937043337,-0.028096595103891,-0.0367712525772908,0.0354170420902098,0.105608495076905,-0.160327962831558,0.0193659095781656,0.0579015419041313,0.476616264020052,0.276573984536113,0.252452714627839,-0.000968011110009761,0.540080384583505,0.172746298949539,-0.050715798311032,0.188313521659203,0.0696250658713024,0.574154815958012,0.0336723133906675,-0.293516744400761,-0.293805274117501,-0.393715756319942,-0.0769270725478561,0.0972042827569651,0.0187753510199715,0.142437162489781,0.137576929067859,0.367625128998428,-0.0154919624564261,0.0268316826089287,-0.0117124885852612,0.293648399398545,-0.0521938842799233,0.0958807913804221
0.403749427046295,0.481894968215061,0.230557484609398,0.618624616015532,0.464194704928961,0.4208938414458,-0.0469185019574457,-0.00868825105599915,0.640877892593084,-0.377990626843356,1,0.508001360096696,0.0338382685358878,-0.0540033648540516,-0.141634763993406,-0.0982923484097562,-0.287639659680683,-0.24624319374272,-0.0918487383014508,0.0280988189473672,-0.0884246208828438,0.142157765118148,-0.226615061962959,0.168588182742368,-0.150224682013523,0.329229049275536,-0.208569529703829,0.0824157037640054,-0.049918856770851,0.103525269867681,0.00264476041571375,-0.227542825966295,-0.25602350339099,0.338736848434506,-0.055920945027415,-0.0159461158430223,0.392979194257635,-0.226750381624341,0.194961421025264,-0.190722939569213,-0.118429672768314,-0.146223356684674,-0.00382776732763527,-0.214475312355054,-0.0992202023012574,-0.425933973791994,0.0379202624457031,-0.0484522745043624,0.103389610763404,0.104816690411946,0.120306495045917,-0.0761723226474029,0.207842391308366,-0.0771183461940572,0.0958862806727246,-0.0135881090997872,0.271137838155777,-0.0809417349086123,-0.0398109960409166,-0.29321340006888,0.340333511742412,0.298011579531832,0.437916114676698,0.424843476024669,0.197322478288159,0.252158261405035,0.139053238311065,0.134570822977972,0.268563599475287,0.430476830226261,0.418059887571093,0.0770201241477487,0.288754540346349,0.0666657103775895,0.207862163284446,0.112129627640019,0.173567981068901,0.315818490932313,0.128489727907109,0.181523139405207,0.158211760991382,0.112163771646183,-0.0672424772597962,-0.165282639354333,0.368364179202037,0.634178528762878,0.0616919100084214,0.529152796826344,0.417818593708934,0.615340390180746,0.597515041100451,0.123140550622641,0.747194084679541,-0.190637352612529,0.0705835127860703,-0.150262868819863,-0.0392460721604021,-0.0312600724303122,-0.121698327666471,0.0640473653798485,-0.101673538689423,-0.11474547360365,0.0396099933643758,-0.0744602067028008,-0.0115847014190865,0.262493128827914,-0.336993799808968,-0.23694200042087,-0.133674181999133,-0.162639200791838,0.483126485688378,-0.0771857499369929,-0.421143104772442,-0.1021812137998,-0.129639170923003,-0.000662686909161199,-0.260403707364455,-0.0981186142653309,-0.464316773839912,-0.188567626083976,-0.225521749649107,-0.406278191121977,-0.390002566650638,-0.408647884227486,-0.381126714720617,-0.105074115755112,-0.167726206055442,-0.339394819747021,-0.202792754703025,-0.299269357527785,-0.413534372966892,-0.387067059528277,-0.227244431201809,-0.147904067903767,-0.178403936506153,-0.0972195908062245,-0.0512071868521508,-0.16409086162155,-0.214160276206436,-0.390766938396786,-0.381582150222521,-0.20089789101747,-0.224781004833709,-0.219149513791528,-0.260597118320463,-0.0653620302487154,-0.169905160202585,-0.218590077981496,-0.32416137973802,-0.169159803318945,0.0240005189725046,0.195694097449775,0.274166978910677,0.0798242996181292,-0.241496268828727,0.117651736264211,-0.178924852910884,0.020235546646444,-0.293906384775471,0.0410434475381919,0.0293720321172434,0.0464860629343156,0.0697436823801778,0.11150000427338,-0.109378357458221
0.310091720894857,0.614236591444566,0.192509806469214,0.514743731712293,0.169979333264778,0.543760444805315,-0.145051302542863,0.526720975616691,0.500780221894065,-0.409585212005647,0.508001360096696,1,0.26713728728457,0.325132468117119,0.182889201855004,0.359414387814727,0.184002962025234,0.00520916354697178,0.321936363131478,0.388491399611055,0.283952957365418,0.522739140082564,-0.124049636548457,0.439608291133963,0.265285783804162,0.189905065072459,-0.335046616265829,-0.180509463466248,-0.0219644782720981,0.0226643651734169,-0.236030695887764,-0.401860835263445,-0.241125424164852,0.379305469783146,-0.273127490980553,-0.073603254078129,0.144249983519525,0.0880694562725002,0.0998896349820412,0.140817477509568,0.147838401228114,0.303384161043122,0.2266908191151,0.139416625978546,0.141734568496094,-0.488894351851678,0.426071315362839,0.0109332392598671,0.0684836746957551,-0.0546219183257163,-0.0923288929702932,0.150268324600871,0.283276445062185,0.0359065538447341,0.124726609843629,-0.113025128224749,0.33613697416099,-0.295851717418131,-0.453381880329987,-0.34449018417181,0.185604888028471,0.167757043469763,0.356806594075608,0.446620619512827,0.117155361009136,0.137158667755221,-0.0660962850640988,0.158405007628466,0.0286952988499677,0.492504348238238,0.311949205354987,-0.240278177525086,0.204459777613794,0.00277480699968317,0.0742760697370331,0.185113439487852,-0.0679846731860281,-0.0850073296390434,-0.187217544540092,-0.0869063675322343,-0.0739897061199681,-0.396917765593472,-0.284271397350992,-0.48252235284167,0.516703152760619,0.643266915290255,0.112947291714584,0.520791157721332,0.000819787333119232,0.585310267313136,0.3859423788469,0.194267705262632,0.698824156972709,-0.237687080735538,0.142302094649005,-0.0425760211996344,0.378544816944104,0.123415534912418,0.185940780307289,0.186915767002198,0.279370243402157,0.115269774017081,0.125977911428316,0.33993829035266,0.361580707745756,0.557175463321846,-0.327216034389305,-0.0416678149694941,0.0857482200024081,0.157127494026558,0.556586892583735,-0.472197917119478,-0.430843014782614,0.130836564130068,-0.195202320197414,-0.145038776107858,-0.40479148769155,-0.316167512874999,-0.393041954642596,-0.440404314672754,-0.00930062555872661,-0.422334454002932,-0.330307278319898,-0.0911833024797067,-0.162412472435368,0.0547876257002598,-0.0883919032092403,-0.00118459856549415,0.158369873703542,0.0389124353182987,-0.442931587031441,-0.0812923198440336,0.028357622507588,-0.206057151599604,-0.409708940749081,-0.0347475750905065,0.0561041404046993,-0.342599611563777,-0.0985104100453124,-0.363550019698397,-0.256097916644597,-0.486428736685357,-0.155984442652133,-0.428019011886846,-0.571880030454018,-0.210672096153303,-0.150353904281554,-0.0962862766709251,-0.671496933594897,-0.375599729144882,-0.231729401982538,0.0549800364758106,-0.0629863745268817,-0.104469814206507,-0.310378211327276,-0.0358977186487894,0.15455979080401,-0.389945022020211,-0.193347700531412,-0.316373347603638,-0.356799034101767,-0.206024039928903,-0.445279943067199,-0.380969698612538,-0.469412511178846
0.470113751977765,0.199809553665141,0.551410085239686,-0.109349650175687,-0.0779824881056862,-0.13601400024417,0.143135338566954,0.382312869432148,-0.00531730073580372,0.571784558258474,0.0338382685358878,0.26713728728457,1,0.19932843936673,0.271452166663102,0.133329945165055,0.028941013314012,0.205943900972621,-0.163239128301584,0.0947921706513571,0.327855977875024,0.115923274355139,0.538833727314492,0.544282782121563,0.423985142842287,0.0973996031212333,0.14894102554493,0.443365029272178,0.0192588808450178,0.329628992996146,0.108822633594131,0.434858970346769,0.475200476429709,0.409330730599881,0.221526225270283,0.323982392722395,0.033816294989545,0.235203972074469,-0.219411888065855,0.180398865024951,0.0889751604783504,0.0438510622766067,0.146920879683828,-0.0471181733552963,0.123662189009618,0.121170396363675,0.282730335065042,-0.00861914032358849,-0.23424938291853,-0.0821623233654245,-0.0628526254603696,-0.247742777228765,-0.111704510348479,-0.0842848785341857,-0.178805515487546,0.129289530467119,0.123622949557601,-0.0585082131666041,-0.242835148918062,-0.181306261149766,-0.113302961170427,0.0663596971680938,-0.0680600704904227,0.0279187682125654,-0.126249137635829,-0.166054566473659,-0.00140861111468821,0.0531920978417802,-0.10957545231946,0.0362890125978817,-0.105659949186875,-0.234522740138223,-0.0540121087562993,-0.18238252290607,-0.15947945200279,-0.0512622541543264,-0.103488286322224,0.0846076394909156,0.097538478106168,-0.25243205330957,0.209980561705816,0.14125673157367,0.112699419212086,0.236212571838658,0.243847459204844,-0.0988149519880939,0.225533088889661,-0.217007074464862,-0.0419718763989611,-0.0668565424850901,-0.166323743968762,0.35983660847153,-0.128804307239875,0.551065411135776,0.0315018781727015,-0.0933481691636999,-0.04413507717273,0.0382130072639766,-0.0299541444730128,0.0427662048789279,-0.225259809760081,-0.0670699056776075,0.244484845879892,0.109493244256178,0.0483906398095215,0.192715043638128,0.223695508432747,0.21311404502487,0.0296286438065273,0.284606202676823,0.13554454122126,-0.147908179444987,0.0324974116804777,0.141489508009055,-0.234160268711195,0.30920338117417,-0.00314965451665658,0.430781754266972,0.110773580229054,-0.261192773070921,0.0908950615885909,-0.0529544845903091,-0.0804707076681768,0.12480851706993,0.213770934162291,-0.0265630987548679,-0.0211715883757519,0.0572474941033157,-0.0342593234729149,0.0731345183662444,0.0690515879795534,-0.010390967409083,-0.212331031544778,-0.194879482951801,-0.335768805414422,-0.119844212776332,-0.252426271491918,-0.252123607127769,-0.32259602151658,0.076782304222106,-0.27970449050856,-0.229383921663872,-0.201128395052555,0.00913953444569253,-0.427970041824627,-0.372824554772914,-0.22008426089865,-0.154598343476504,0.0875506002221898,-0.216557356508985,-0.359578563667445,-0.180356838210444,-0.234681200693262,-0.0136952809410023,-0.205675135516014,0.0203523796283761,0.0120250535666407,-0.228409336710596,0.101697126449244,-0.142642561982472,-0.217133100074129,-0.168432495306044,0.0620069999663156,-0.156469626847867,-0.32442500702277
