1,0.687917447961187,0.37528753552068,0.626274162568278,0.0023711689314589,0.446260474439654,0.126239688837866,0.136727985184083,0.558705137908906,0.634430478304838,0.482925539793595,0.647662007081767,0.805110510746948,0.0704347133073988,-0.128597735855674,-0.304449665383082,-0.308538525897605,-0.231352536396409,0.0302970910161865,0.103623899583706,-0.279878852501247,-0.0418945216957152,-0.183826160441793,0.0337365272811324,-0.114704883339252,0.433305043812347,0.237531039338883,0.624801317592155,0.0042856646208616,-0.0194655794434051,0.384098447070616,0.340390515052598,-0.0394594646211575,0.41846910378463,0.397469749509774,0.235602402931726,0.013264839207545,-0.315131662682012,0.175191109867216,-0.0299370388638669,0.0402749376570012,-0.0573225194554481,-0.094882350732722,-0.310527302870488,-0.0168415987438109,-0.261765291219922,-0.129504912490494,0.0978710812631183,-0.108487640766085,-0.328910813326861,0.229907113508649,-0.0410023397660087,-0.0698486065116081,-0.428783294386391,0.186182630131703,0.205745045148015,0.0295236130814125,0.250974569236262,-0.282591316464999,-0.202989374259901,-0.44225303837716,-0.376989491464093,-0.425477008247666,-0.248023317358932,-0.376930234994424,-0.288436725721056,-0.634327062015516,-0.313955175003252,-0.38298980308969,-0.365099564437565,-0.198840993930995,-0.571892197010223,-0.512405780447581,-0.326118727958718,-0.200237209418398,-0.174455177789423,-0.214798054820272,-0.271371457303095,-0.458900120856714,-0.640763665442241,-0.289525972489818,0.202648517410209,0.404095381931925,0.535259454026856,0.837486149032175,0.664842976400634,0.237369910182714,0.587158300387348,0.41692124456551,0.658793866766642,0.595232482020775,0.515089525950994,0.648692756475734,0.570848507569945,0.677452416970213,-0.348054111656205,-0.279661925238497,-0.363748353611184,-0.445764151722272,-0.361314405275209,-0.180675938773716,0.0350803066483225,-0.187071235805125,-0.19121698854796,-0.0865485436277422,-0.343456531197046,-0.300545906278832,-0.290326503836848,-0.168369823440279,-0.073387704294513,-0.0820311704592098,0.123652490829565,-0.157560950032156,0.35324405721318,0.304396895919876,-0.315157811857226,0.182899001823399,-0.232329252857215,0.312189238604133,0.36079852508027,0.359960129902241,0.3224459914292,0.141958012752023,-0.0480577554335604,0.0392094964882567,-0.302125041895813,0.0874222084515887,-0.275007451260708,-0.148670454058572,0.196796742704384,-0.197371541906785,0.0970762285199848,-0.0961560230650714,0.0949717668028869,0.062581186817087,0.150894209819296,-0.127940374300429,-0.290108740132603,0.211049447121692,-0.006122691934833,0.320578197637871,0.509711963150718,0.046049190856885,-0.0368407250670135,0.164746426537281,0.315706581399067,-0.426186197464609,-0.18312506133113,0.0038520769889782,-0.112272879675696,-0.0599712631937705,0.114709654942761,-0.270937402202978,-0.409460895655526,-0.484287398677141,-0.303515375496975,-0.4473433973557,-0.0698038182555161,0.0271815720543409,-0.413785776437113,-0.222996860613729,-0.248881566774051,-0.121605422062759,-0.164065393886134,-0.0044737439009656,-0.370226841270014,0.0593508142632057
0.687917447961187,1,0.401422663994202,0.398356847730269,0.0897045101973265,0.723017076856838,-0.0153740262049645,0.10959390384726,0.339293766537944,0.6154630810006,0.267274971823458,0.300754679304009,0.464638448496314,0.264481622959915,0.0270133278963666,-0.0539299897192395,0.0279390467588026,-0.0511358514365496,0.239754391717202,0.182034918790372,-0.158764464283873,0.239250251651138,-0.0205688222219358,0.0692216690463189,0.010344427289498,0.51812543669868,0.0219889613394451,0.278732115813282,-0.079868482302538,-0.040678356179223,0.237776161548161,-0.0467181943053853,0.0398533157797388,0.256038969052545,0.180187181881038,0.159927245799042,0.104927376511275,-0.0094506219952697,0.20324929739044,0.0475152410317285,-0.0767814936576905,-0.0501045741348792,-0.0491370840077377,-0.459235495549585,-0.0783873227688251,-0.180194396735251,-0.0609652771852556,0.0358744773214252,-0.135135816272064,-0.29834465536445,0.162064552654171,0.0669720031757558,-0.115647389180871,-0.447624714419883,0.070302268917117,0.126240917365381,-0.144171698018896,0.0076677828972486,-0.200409812474496,-0.0468704951489529,-0.411787450462885,-0.26539952579361,-0.355472600674487,-0.319160161913777,-0.31120017042641,-0.330244341225908,-0.415949927456886,-0.324584003475666,-0.1943933903619,-0.353176040836229,-0.251762419156873,-0.395943955046305,-0.481485069173308,-0.417928520064358,-0.361406408997628,-0.123195374241115,-0.249409299739824,-0.0764268759592435,-0.248659268501805,-0.569375501977618,-0.231800603936048,0.253139113172313,0.396111660653887,0.440759794559481,0.603911643732652,0.42006449763531,0.158462478485898,0.291640395175038,0.220389043687814,0.396807514138615,0.395753632586522,0.31855161933907,0.264184065435078,0.342629647864222,0.380193104603705,-0.102530569037779,-0.0776140712953636,-0.0965105401715004,-0.188754642637578,-0.0535831871165794,0.0288855936153247,0.190086121696825,-0.314490931269855,-0.198756597554234,0.0185856711975268,-0.243023134025202,-0.168502713362559,-0.238904660047071,-0.135788730012512,-0.167348777039725,0.0266649145747965,0.0229163772379082,-0.198652110703516,0.229691595565591,0.181774789858379,-0.291985252249511,0.0398567417651623,-0.217841972342743,0.167903723914389,0.151721626873443,0.24465835261846,0.167619683981332,-0.086737469543447,-0.168974051667439,0.0049892527049831,-0.109733007815069,-0.0554993512366335,0.0505308597061862,0.0291705649475459,0.0273422721452283,-0.135848903392835,-0.191429460318162,-0.0907798089423058,-0.174420568813907,0.0743361317835368,0.0267045040444349,-0.116818937824293,-0.356548664267956,0.114636487233959,0.112998453299257,0.219206335452632,0.387372623959925,-0.194778629538484,-0.114028369380806,0.0305686209613945,0.0877102615225269,-0.305137842683555,-0.343664288385059,-0.23996767517805,-0.26299287855472,0.0564961087888014,-0.0267504966411931,-0.249337747962431,-0.413095082146509,-0.346654491512165,-0.254300209812522,-0.247337660382392,-0.162755053652512,-0.102915682803223,-0.25975768765413,-0.187540557008452,-0.323197010933512,-0.0424556857931697,-0.0110577792314325,0.0802563026184834,-0.258313600479593,-0.0203899690486266
0.37528753552068,0.401422663994202,1,0.147317932905902,-0.0285343154147316,0.347419608765217,0.513888286807111,0.308663620170918,0.139568605621027,0.576358844652853,0.0304444259104521,0.0711935133462862,0.432646325539014,0.131792188776919,0.0635191760463589,-0.0539935466131404,-0.050435064579398,-0.151612581475907,0.0617734202506489,0.180519478490298,-0.200524230893595,0.0510824677655832,0.158036433457567,0.11394751620976,0.0485218433277201,0.752915952181307,0.0416359631444318,0.590722410114796,0.312295367607374,0.104059814047652,0.225415877575997,0.0116669176277068,0.12462556752524,0.269883991797608,-0.0725960160918792,0.364130858042001,-0.0355349097589947,0.146214613769857,0.14944867986383,-0.0662395726743379,-0.16591105921586,-0.0087303916753731,0.0067992869079014,-0.216047905202969,-0.0956646129120787,-0.222065191670622,-0.0568126867772901,0.0651703186221389,-0.165559048038645,-0.247534609735663,0.145638927846641,-0.0340014798599858,-0.314408481522244,-0.170984211017737,-0.0728540307120499,0.0898410189988628,-0.066946592370027,0.0533012135648641,-0.103825424279613,0.0208801785679961,-0.107447125967472,0.0555250709846342,-0.0885378949111258,-0.0312668013859051,-0.189413743533403,-0.238392497633416,-0.157093985435741,-0.193541480611017,-0.007942194116969,-0.2316612834592,-0.0081396130369203,-0.185545397651389,-0.0799295435668557,-0.244638108628494,-0.281419924843875,-0.190152992602599,-0.0547074249990962,-0.0902477739158762,-0.0391790862217986,-0.190763845806266,-0.213116062542351,0.18854345388709,0.596073279922712,0.129428877337557,0.2813834276766,0.0723975111248411,0.787116131034668,0.0468136629795833,-0.019086770510854,0.180859309519353,0.015379075716751,0.460135727549222,0.239598578318247,0.0134270939369808,0.621409787124989,-0.019118026752032,0.105997107756648,-0.133446691365735,-0.225522611109536,-0.0774366868135944,-0.0768831004591266,0.0571797698871364,-0.0371522982336963,-0.094812782581756,-0.0282225851810922,-0.0782205892789926,-0.175824823474469,-0.0368223565860817,0.0005828222691648,0.200838081289407,0.0372418347556066,0.047949372019065,0.12482234000548,0.665434782944354,0.047289931350678,0.277266741830016,0.110081661187656,0.161794941758549,0.192616371447206,0.2141964118217,0.45893560623114,-0.054950547986154,-0.0475932818560823,0.0047548657529852,0.0101316618429888,-0.0437876121048764,0.309261347236681,-0.0573880560504315,0.0475708642970445,-0.257344568486344,-0.0471174630990439,-0.15059117304939,-0.290400503185191,-0.0637935940329597,-0.0940816310180566,-0.238923981541564,-0.321767757603867,-0.143867492514337,-0.259768151712963,-0.163983336887041,-0.119669740334959,0.0068818595750978,-0.283813428923713,-0.398394457570513,-0.135974289715299,0.0547747774438143,-0.178933146249318,-0.113446732696265,-0.255137860599751,-0.351015922743941,-0.0028008477536177,-0.174550455051304,-0.284806530254207,-0.0993346904384531,0.0362927103450931,0.120338417903324,-0.102303122754694,-0.0322901225444886,-0.110964137660266,-0.167021418448795,0.0120633531141473,-0.243205307579496,-0.177572557411241,-0.112069464698518,-0.0744151097711226,-0.14330730332897,-0.278648438066144
0.626274162568278,0.398356847730269,0.147317932905902,1,0.315482662928536,0.407116185786733,0.223491252185264,0.0918588327906637,0.903273239339928,0.347929263581472,0.801683560689473,0.848546377889634,0.661000149312177,-0.123114018350082,-0.351602914678299,-0.296480331638448,-0.387201498589584,-0.239532804387216,-0.152392184133264,-0.198478114378071,-0.162878180464957,-0.0730619015805026,0.180672055165171,0.289900877472861,-0.136082544630575,0.121889255321626,0.0250300972840007,0.338713172423033,0.154449073623214,0.174277115286892,0.318683479477688,0.574717641820266,0.240087458838297,0.53020286922065,0.473015087678947,0.0586360443717765,-0.264110844459006,-0.20769858156431,0.254435521979766,-0.0297494627317362,0.125336894657711,-0.0173172833664545,0.108283415175931,0.0125593993520863,0.0932229660108059,-0.0175597314788801,-0.0082042788584531,0.107382896545364,-0.139099623282932,-0.073779544692586,0.128154308905848,-0.144567317951066,-0.155430086930759,-0.0762643546008427,0.138451339195917,0.181163155629172,0.0580813965789743,0.523877253405325,-0.0715225244652486,0.04925942441277,-0.247418080207562,-0.246828459911381,-0.303591312627419,-0.1606107168667,-0.167377117322846,-0.12815383032655,-0.367405596049123,-0.309003666096409,-0.306426309430952,-0.24276921541376,0.0080917945883211,-0.427402186526455,-0.303586149930785,-0.076542526691549,-0.0335094443853478,-0.020985162465784,0.0550364555182289,0.0978446682644869,-0.0940413528674065,-0.443950487106034,0.0888264526155529,0.307799652292635,0.240635916258497,0.41415789961031,0.707695781898626,0.813113739209696,0.227457200341449,0.478618374266042,0.635628774439106,0.874948939132972,0.805836069619853,0.297249888257668,0.754831664627811,0.837682197685967,0.352252041188058,-0.412629678912948,-0.394343650733675,-0.319539013671172,-0.265450742137391,-0.350114351684167,-0.209767090833708,-0.10540036367865,-0.156187669399049,-0.0590627866816284,-0.275978281991954,-0.155028106872485,-0.257806925098036,0.049267247418697,-0.145035109588867,-0.0003184323891008,0.15036208545609,-0.144469949567634,-0.187128513333601,-0.0213763586460118,0.12077689467452,-0.129146607723369,0.0377904589068265,-0.0177616351435378,0.24738964153385,-0.056695921087222,0.0712977384783295,0.246267742502753,-0.184891313465577,-0.16032339734822,-0.13249742720412,-0.28677552813301,-0.0043232137467629,-0.0063329128082729,-0.334457521072405,0.0372634015674411,-0.20109145542924,0.216575773554299,0.0530631856451456,0.207136249413868,-0.104370987238502,-0.108529987449838,-0.300999061753538,-0.196050425588881,-0.150183626492174,-0.133625982924274,0.0418779176550353,0.0107215964118282,0.0042014793365791,-0.146557329386741,-0.154175881997357,0.509392571269053,-0.192264845781576,0.0648231063518653,-0.0781415406516979,-0.266664416581454,-0.0274655671727077,0.0208719857960794,-0.35543806669839,-0.130324525379113,-0.238769461620713,-0.339171853899588,-0.555112205401447,-0.211350192984872,-0.0754664471607871,-0.504788346821148,-0.251590836471916,-0.377933521168619,-0.155715715954908,-0.0710775706129578,0.194627881327781,-0.164097358216739,0.24630663585999
0.0023711689314589,0.0897045101973265,-0.0285343154147316,0.315482662928536,1,0.234216375749384,-0.133550063468972,0.0281095685850058,0.459258207219561,-0.136608030786376,0.248707534605727,0.160031474542759,0.0076868049004917,0.0098203483284997,-0.224631382845496,-0.0643107244875959,-0.30413260513627,-0.151358491806001,-0.222669157640724,-0.346474882924558,-0.0717418582810814,0.130204358654535,0.15037681749073,0.248187135151297,-0.254904897266676,0.0726307291705405,-0.453339515483961,-0.0129984787685042,0.165741618453744,0.215883636032356,0.0991958143754005,0.332402930281466,0.0982526989263048,0.212082974106745,0.216978815742848,-0.0117211989380241,-0.40169162213203,-0.0025557828987533,-0.259633578662432,-0.0723843150328897,0.0144230379714052,-0.0820362539238481,-0.329506998289198,0.183705096631452,0.0653741634731946,-0.13707897612207,-0.362107474196444,-0.166546333455662,-0.351258464337028,0.158247507504833,0.0453162387007281,0.0639423844355249,-0.273933890372555,0.0433402180032032,0.0351050437115263,-0.0009260779834694,-0.278146233442983,0.192178191880036,0.145783346349392,0.245920675614408,-0.336861924963663,0.0214559926375514,-0.298417362547464,-0.326777131443212,-0.208546532981488,-0.306134211513932,0.0912659249507985,-0.39767812340603,0.331341209882764,-0.330168061353794,-0.367938173187314,0.0991448678903614,-0.227615881812357,-0.0094373934680721,-0.1453024619578,0.271374006632129,-0.0720145628944878,0.673983607153485,0.326281110096742,0.0888266442060333,0.391859357474479,0.591643668263609,-0.0754020111218568,0.565338205972787,0.18081473885543,0.357675131871556,-0.0653884835845608,0.423574748038778,0.639667783223067,0.36868240458865,0.518073750440197,-0.156990460750597,0.0784905248988221,0.384275387878502,0.0152544562252017,-0.287161882191621,-0.0961549819935027,-0.0401488216417623,-0.0583505492533584,-0.349501257084095,-0.348923100989792,-0.195783488363871,-0.443887934344884,0.0968297358710767,-0.421522224653233,-0.157655459794907,-0.147253332031226,0.0317729982297055,-0.0694945701052995,-0.0927908399035283,0.0732676171368069,-0.438678669802979,-0.218574597093193,-0.135891772349871,-0.108511037703333,0.0898832733345136,0.0656145938701953,0.274386626400793,0.135928867124624,-0.0691272649604623,-0.108986610305268,0.342807318383853,-0.323218463708366,-0.325413460418763,-0.499425241820365,-0.208924633320474,-0.200928109837663,0.057769853351743,-0.12054089993776,-0.229214180990335,-0.245477943645453,-0.0315580771906428,-0.0143907758506775,-0.311886552258493,-0.405100074684498,-0.240519075237754,0.0877352542769036,-0.344315671906735,-0.147083065131692,0.275450076493086,0.0183735526054915,0.0073631471674254,-0.0497283744290963,0.0064213809727707,-0.129796013609645,0.271351485714891,0.129170109064771,0.180781551255962,-0.0482758334639787,-0.228439397765219,0.162715308898176,-0.293615104102177,-0.217386466800977,-0.0656253621300801,-0.0047543379238272,-0.187750585796489,-0.155283038073696,-0.489970917205909,-0.498215797028966,0.0750219764294002,0.263604261279888,-0.0712488152795912,0.364597054174338,0.516304454422618,0.616158737392421,0.367048475335784,0.343154788455113
0.446260474439654,0.723017076856838,0.347419608765217,0.407116185786733,0.234216375749384,1,0.0298831804599287,-0.0359030297957085,0.396326079774895,0.343100122017586,0.251458426557464,0.235984177173897,0.274473996047045,0.350742847698497,0.0635360215586793,-0.120086137625539,0.0224294594256037,-0.0183947120474033,-0.0167738237489611,0.0789936143931521,-0.0201076769566242,0.233241189930363,0.316918552000701,0.419900997137221,0.219351562634773,0.441593203909919,-0.195224988967812,0.199490886823248,0.142622858354563,0.211013231597324,0.355488770809577,0.197459027024119,0.391042132005382,0.310507270174773,0.278611128769889,0.236815465074345,0.0032279803305479,0.177806271697684,0.307394532069876,0.223937264230021,0.122674600587512,0.108913031253378,0.0099583057324901,-0.142556809410676,0.100660335551678,0.145588469734959,0.063938282957281,0.133400595743864,-0.0265566544199481,-0.0157137173267122,0.284254204142401,0.264854681940546,-0.152996505683866,-0.357620057470107,0.108425143544642,-0.0502282190320429,-0.308713425453926,0.123814312937624,0.0061076376962266,0.161707527976668,-0.407364915274461,-0.19877500442708,-0.389336857797534,-0.365736134138085,-0.323401184602393,-0.356550905261538,-0.297336548442676,-0.414739271363504,-0.0326190499899975,-0.461755457692989,-0.325089206533876,-0.197044798839055,-0.452752212812293,-0.384848303880059,-0.372076906330808,0.0217587506952371,-0.234376287188124,0.224072416404078,-0.0497519811541178,-0.288420759118346,-0.0061004952976973,0.389899608616801,0.266102623970161,0.436124408690317,0.38725976383655,0.341992112577931,0.116971141335882,0.293281336362576,0.354950222977397,0.358684862532761,0.420964999925119,0.115956850909251,0.1457247213065,0.347929320111059,0.260669119443351,-0.0244585860001238,-0.0157247630717541,-0.160797042163258,-0.0609806403039931,-0.0645766456812745,-0.0450699747265605,-0.0416308282489822,-0.185614532489059,-0.237607440371553,-0.12952977657141,-0.0715661617513334,-0.199219007387236,0.0189798526005291,-0.115430663294023,-0.0303164842739408,0.265208060175508,-0.0265330730584369,-0.0106287442724883,0.208377481975698,0.153141496970492,-0.100551394818294,0.149212775154725,-0.0516788273902682,0.288708933086913,0.0189637641638674,0.216618959870309,0.216515338739021,-0.156218389449305,-0.269768962094808,-0.0928032826062633,0.0420217608854725,0.0373480656793297,0.061971344874533,0.200198611998339,0.0090173854134723,0.112760582840176,0.0039179679627056,0.176255885939944,-0.22496635567411,0.208396034832372,-0.0403023984932747,-0.0135466759682239,-0.339928205520527,-0.0601198502704113,0.0313730278953687,0.203295960841847,0.169635768190645,-0.261989853532506,-0.224048929322803,-0.156354228426844,0.239071635500842,-0.0954676888049354,-0.0208407778115195,-0.21158089911154,-0.413788242420692,0.126415563531605,-0.0254515428808158,-0.338307016184654,-0.369526552320976,-0.311070545415601,-0.238613398592467,-0.350949650159538,-0.293679750825206,-0.328534345792049,-0.188698240259353,-0.0445961025623603,-0.450168705434359,-0.0540464023014218,0.0535739583717303,0.303566612692945,-0.0938236386135093,0.100801582257114
0.126239688837866,-0.0153740262049645,0.513888286807111,0.223491252185264,-0.133550063468972,0.0298831804599287,1,0.179552546085848,0.0918695055558665,0.501739282318073,0.118316837995785,0.131871195190149,0.389494130604432,-0.0323202748722939,0.0642636086197053,0.0235085922666941,0.059799307542546,-0.0297398126766443,0.0331849861107078,0.215857952700063,0.0610177967131372,0.0490566989028051,0.265950408057387,0.0944406211927306,0.0989629900951881,0.226526319401598,-0.0568560043366359,0.246950381613586,0.0239183296355432,-0.0567879741302263,-0.0924909656039782,0.0029440423683009,0.213529274258685,0.170489850251038,-0.143419373516841,0.0147978436176028,0.0317540473581196,0.0809673369399551,0.263920135742572,-0.110556951120844,-0.110835672228509,-4.65493093396292e-05,0.325495140972782,-0.0773342285006333,0.0818452947365145,0.131710299524643,0.231854540356652,-0.0221046705044239,-0.003217191506472,-0.307936773085056,-0.17496706960576,-0.182840604801923,-0.345851220465299,0.151648102947312,-0.232771257305418,0.0664632321942332,0.174714517767449,0.17380045779376,-0.0059821090126479,-0.127453780635621,0.160735358307458,0.0985531634361487,0.189315671173239,0.250490900104264,0.217656554826687,0.313732410467145,-0.0275413658974105,0.116179265092433,-0.18771361444634,0.0351971678862588,0.294055316395002,-0.183437158812702,0.185045676837657,0.0995617679225571,-0.0040858941651101,-0.413147364897368,0.163607294357604,-0.199582872939201,0.0241852773308789,-0.198676775560302,-0.156882496719253,-0.144571880191659,0.423471963453904,-0.14743525867989,0.207520471047339,-0.0458919723894059,0.683591846125851,-0.117207889974482,-0.103070009876718,0.108018937111607,0.0160719387371799,0.64133073177868,0.327777319584101,0.0372077391990513,0.381660886420698,0.0538786491546388,0.0785003224758201,-0.101595704989994,0.0049637004160586,0.0795876920973319,0.0791050582754913,0.0451066814021621,0.245378856296548,-0.0760637621408907,0.0047911878215104,0.11747146813236,-0.174765032458329,0.187710672528176,-0.0739932935921669,0.172958834777163,0.141444359712642,0.074430104784773,0.174302718572193,0.245502642477626,0.190011755067433,0.228052993146228,-0.115142367872035,0.132651657773743,-0.0552361906782269,-0.0313887613883389,0.363910829561621,-0.297338025570049,0.0164882805420346,0.18539325290643,0.219766588738529,0.171989794780287,0.440161873838752,0.0100462651805945,-0.109892013972751,-0.133118920091787,0.100702013072206,0.17757130815326,0.003583331264237,0.332339978811115,0.0778083999642929,-0.272670335139154,-0.356863205263069,0.182784503055471,-0.330353817915895,-0.250673043678578,-0.311084665899702,-0.194197881173345,-0.0035251403066531,-0.338086474857425,-0.0814729481000201,0.112048677078326,-0.023488749161771,-0.179376720133963,-0.123346774583203,-0.120220430964795,0.209840141821257,0.230447479136145,-0.0346472981482374,0.220177214534479,0.189737036611764,0.077885593760105,0.137898754362996,0.224984514950304,0.24913279406392,-0.18807894830787,-0.102660631791837,-0.0561068122755358,-0.238003576922494,-0.286270914561361,-0.141841436864968,-0.122728093696097,-0.188830677926976
0.136727985184083,0.10959390384726,0.308663620170918,0.0918588327906637,0.0281095685850058,-0.0359030297957085,0.179552546085848,1,0.135685837453962,0.524048522018615,0.213941956872892,0.111653039718307,0.495664048374934,-0.174240783719164,-0.0199117661370094,0.15871521461173,0.0360530292332294,0.0095975067415309,0.158546614687906,0.119854117139248,0.0297104535619124,0.123914038946276,0.0086001344202705,-0.074131398509353,0.0722887474678838,0.049970912218917,-0.0914523914260333,-0.111256920176244,-0.108346982257075,-0.0959419124232685,-0.249770705293155,-0.0485838364449979,0.0931768627200983,-0.012311587908754,-0.30727577233394,-0.311644159005775,-0.0184174403469183,-0.188302148891109,-0.147654122508551,-0.442996560506445,-0.307855494379531,-0.111035388149652,-0.0549988921345631,-0.163831159116151,-0.144775787073308,-0.119899135192957,0.071299782923147,0.106323886278609,-0.0767561499146542,-0.0483989493871273,-0.333122542591467,-0.218829155314801,-0.084605972725873,0.224082681925961,-0.281747321715462,0.165898303979738,0.117598972083641,0.0754348906549094,-0.184241922522969,-0.227323268306831,0.238236863380604,0.173881153190267,0.189812156185289,0.141408593907869,0.0135888122738214,0.0115558323633594,0.210385580115863,0.0306558145604464,0.154738143916861,0.147485642415937,0.145300834581754,0.0460028483013255,0.152517784592133,-0.0460526024386786,-0.017751163004089,-0.110897870508142,0.115593323974456,-0.0568225347586698,0.16378109921119,-0.0519922935939916,-0.0946609656188459,-0.0402754503190304,0.252824501265117,0.0508768542165029,0.142695199358442,0.194173985087453,0.483203661091807,-0.144414375316531,-0.116344822571732,0.169313598297715,0.0646629656965464,0.395407601045332,0.358203511403254,0.190887343422645,0.229718532420837,-0.107516031052161,0.0695089992929772,0.0107461561934081,-0.0337824840792516,-0.0193479342173017,-0.0517793257295908,0.14913627528611,-0.0158664660852234,-0.0111332032570229,-0.0730433583323074,-0.0987696868878185,-0.198188440980754,-0.0931110097225017,-0.213676519686979,-0.109202713923032,-0.183889491814389,-0.0500637809944212,-0.118070552960099,-0.0167073039456226,-0.26806715350419,-0.0399064084656151,-0.214215486017609,0.0939702629837188,-0.128317579379002,-0.0424739409780965,-0.003139667028316,-0.299277642322665,-0.116384957523798,-0.0384038746407235,-0.125774414494949,-0.270770158647369,-0.196776228944061,-0.0192070645091519,-0.28578959878055,-0.180371437116451,-0.189989312658759,-0.273870640391744,-0.265934363120055,-0.0469564232195375,-0.25115334183172,-0.203214051282189,-0.105746367843971,0.0521525679209745,-0.0791822094561427,0.0585268313207344,-0.19086837545894,-0.154044334380229,-0.0594939714501113,-0.114664842919919,-0.0522373541110278,-0.004855387990639,-0.160820818654068,-0.36216539624635,-0.154397022577553,-0.107457109211876,-0.008926806062463,-0.165451763224533,0.097265232392587,0.218105131523253,0.211001408823737,0.131675836160002,0.245689438431992,0.0567038855832684,0.116937911305809,0.194527625195094,0.0320457211597533,0.0228144607515402,-0.109806178590998,-0.126879884223903,-0.190274702563152,0.0043854239372355,-0.175893911066884
0.558705137908906,0.339293766537944,0.139568605621027,0.903273239339928,0.459258207219561,0.396326079774895,0.0918695055558665,0.135685837453962,1,0.186711259966505,0.887314858888353,0.864987589766631,0.618614092255722,-0.0662397838963233,-0.333646326545915,-0.240140918843098,-0.367602247653216,-0.237376837408367,-0.0920963672710193,-0.187206690782626,-0.10026885682426,-0.0493156269498403,0.175423245817982,0.287710801189383,-0.149232717650575,0.140187061278184,-0.117541641974149,0.304428566978427,0.271714428001216,0.20944782924535,0.350826933097479,0.691338515850777,0.266820745479838,0.548370588128086,0.45206368637883,0.148884495357934,-0.290747227580856,-0.11347224865976,0.218565680492749,0.034126495065508,0.162831931460728,0.0510016052567146,0.0371521852764721,0.0767491691505997,0.213929479404636,0.0364270729856607,-0.0468017376276888,0.0928186378166218,-0.166876498798594,-0.0144888965461144,0.174603945158726,-0.0803571578429318,-0.205863498668782,-0.117589303243491,0.143732464925876,0.126372564534523,-0.0640150572283739,0.658102707834216,0.0051857354863641,0.0693673617185075,-0.285619705818015,-0.175743383311155,-0.320673175925085,-0.187201003568618,-0.195175380413691,-0.191970230105225,-0.315176993893871,-0.347366042018416,-0.252152974134541,-0.340423848018699,-0.0720401316619176,-0.374615124955476,-0.340830220155789,-0.0231679919909096,-0.110727637543065,-0.0193823588515822,-0.037359713380311,0.240141844226265,-0.0055610908737754,-0.388869305776568,0.187854064157115,0.326695195247466,0.20868116453238,0.457628028720262,0.717466202751774,0.873456671652235,0.166344831272973,0.503446782286541,0.733417694438237,0.94042541154011,0.881454608186531,0.156131576880643,0.749583989949781,0.907103708497234,0.312462374174638,-0.385513659485078,-0.316821199710127,-0.22863328645241,-0.243516192267125,-0.335935935604547,-0.222761277893972,-0.0327119031413569,-0.156399156778112,-0.0697065883274329,-0.238005401306322,-0.113303526349258,-0.263924362827268,-0.0269160730260587,-0.135135067880475,0.0052408374616361,0.12166786654034,-0.17615413558089,-0.144046802668806,-0.0762955395431186,-0.0201459053420886,-0.0126160250166248,0.098985613868338,-0.0049820768042146,0.283593924425136,-0.116327625455942,0.0442610880655426,0.275461144009932,-0.14739783589835,-0.322714479392367,-0.262312292509064,-0.247548529312061,0.0681576989362439,0.0051677897899214,-0.242626113876322,0.0603578925062058,-0.127830162034754,0.268633101403242,0.111263515573195,0.121746619964709,-0.104674309155157,-0.145322457416078,-0.309373799677715,-0.236632514096355,-0.251855369091447,-0.17279701026193,0.0632865921797299,-0.0645122820969295,-0.0139582328272113,-0.192541038459491,-0.278275455298143,0.65045329928628,-0.12523895288918,0.113525614729286,-0.0526809754511959,-0.359473689666642,-0.107956269820116,-0.0857866685300087,-0.443555590508682,-0.19551418714313,-0.391921056295,-0.299642180292394,-0.658517635749445,-0.302814748222557,-0.277285279324735,-0.515235368896343,-0.235941551460986,-0.438378816268549,-0.168332561236468,-0.0829372739800312,0.310042092403797,-0.101308598301456,0.307827192973838
0.634430478304838,0.6154630810006,0.576358844652853,0.347929263581472,-0.136608030786376,0.343100122017586,0.501739282318073,0.524048522018615,0.186711259966505,1,0.199883389187675,0.257338205783686,0.716910586257707,0.0019612158670023,-0.0103550967249086,-0.131721810035541,-0.0486036514028381,-0.179780756365472,0.157562483220028,0.286520150159519,-0.22249391034355,0.11589939852253,-0.134886729685487,-0.110380773728875,0.0351979329832747,0.403974986066798,0.0990923410655731,0.334205624863036,-0.237898439902763,-0.230002171547614,0.0202622169656712,-0.153334165276167,-0.0124981189536143,0.161738739123044,-0.0433356756378446,-0.0454991012773212,0.0708327453362341,-0.304595243976488,0.0936166573714914,-0.35247856131626,-0.206952397923249,-0.190931203594314,0.0483405161364996,-0.387439598566517,-0.226194540924814,-0.281282911447732,0.0503966799703148,0.0777132873154383,-0.0092074262356645,-0.406552329368771,-0.0817606178909402,-0.162115077319144,-0.0981537718583384,-0.125332261998023,-0.0847064897809345,0.184926154943794,0.152436716852544,-0.0571916946976178,-0.362581350483391,-0.302510583686063,-0.097361523241932,-0.127574680629649,-0.0634635651929271,-0.0121446534597408,-0.156895478696778,-0.0166934252066525,-0.29145875399991,-0.0791466710416404,-0.204751633741298,-0.0359984094209865,0.0593358690255321,-0.384164872494082,-0.13793375628957,-0.287372855626479,-0.122474398346863,-0.28968790509863,-0.0132031612813787,-0.403563087522621,-0.266182746106348,-0.521332243971949,-0.445202812243014,-0.0123869908881419,0.477026181654617,0.149081572412704,0.535189160370447,0.264061942163249,0.566710461107616,0.11543753396943,-0.0778691575737402,0.288866414139248,0.211282948113816,0.762516804514987,0.411355044999776,0.240270577816062,0.559181130062487,-0.206364064969472,-0.080173269718564,-0.301652942276992,-0.298097701900112,-0.151898138183994,-0.0997680241357477,0.142365902633053,-0.117119372587456,-0.299575575220617,-0.0742838997821221,-0.265931960149195,-0.369862080560896,-0.254154667473146,-0.350517894069306,-0.223539190541943,-0.169644342359637,0.170360218881643,-0.110109215426453,0.367686280426424,0.198205648797293,-0.261894636748894,-0.037236334162744,-0.196785150940669,0.0722735959253585,0.224404895986904,0.282635634755499,-0.0796835340659563,0.0850705743675187,0.192993514994673,0.275790149380012,-0.276612472448016,-0.021837060645176,-0.190507556281427,-0.259464106426162,-0.056734801531481,-0.227635580720726,-0.24382291295049,-0.301898912957388,0.15600265563039,-0.0234247665928412,0.0516507932548159,-0.138077575816148,-0.111440491945052,0.151879872304718,0.0346095268952271,0.0820341270579394,0.259070153965093,-0.0129334304099689,-0.0889754594823195,0.198281684279614,-0.0518499320831486,-0.396403240181714,-0.449728404512729,-0.194004084627533,-0.0455358504460599,0.104021526688079,0.178597280941175,0.0513798048491874,-0.0331123033547831,0.0046628657720152,-0.105859713326668,0.0667529834798516,0.19898732549961,0.312006384926916,-0.130605358862769,-0.181690103560811,-0.0374381012949203,-0.169337450310148,-0.210800309999579,-0.335250728134752,-0.328480420685191,-0.284199110359964
0.482925539793595,0.267274971823458,0.0304444259104521,0.801683560689473,0.248707534605727,0.251458426557464,0.118316837995785,0.213941956872892,0.887314858888353,0.199883389187675,1,0.833132957413682,0.640886844128549,-0.17437107959629,-0.280543234841107,-0.153939278092501,-0.249882156128259,-0.156410865114864,-0.0719102295975482,-0.0505851781683178,0.0698355287386977,0.0122164154205698,0.184054420091633,0.206721693968245,-0.0192702802525407,0.002761295960545,-0.0615597174191344,0.128868960567974,0.13754134083008,0.108356621324551,0.193102019993289,0.594420320619857,0.305459721817131,0.414651796409145,0.273829897179839,0.0002537809486192,-0.183313127340355,-0.110895824032752,0.2857478891238,-0.0577925458541807,0.114148713756327,0.0296344489112051,0.170600156631393,0.0815154833447226,0.24518972818067,0.191619484455956,0.104981097104771,0.152964915641476,-0.0283208581410081,-0.0001226535667196,0.0059302192946672,-0.112150247619779,-0.137782361110411,-0.0540872056173514,0.0084727012534656,0.126238701030424,-0.0114459227397471,0.678059136242355,-0.0047265907162279,-0.117600851517516,-0.0652788157944834,-0.0416912857581573,-0.0828544550951456,-0.0004159200918039,0.0048957740985433,0.012901304963914,-0.184667946876916,-0.0988670683773388,-0.228567840601377,-0.164804916938579,0.0951414696157121,-0.313450104150545,-0.150680269667457,0.0939938740863442,-0.0747160265268384,-0.121488409430495,0.0290374361795046,0.126184583868277,0.0684976738199253,-0.376773321975866,0.17031487104702,0.116495284190199,0.238060610040576,0.30173665660662,0.669596231489084,0.801349356514402,0.110844472397348,0.324744290725522,0.524142586844974,0.839290836820028,0.723939371494078,0.199988428998761,0.793121230477346,0.868246083936661,0.228373177310175,-0.288894671002429,-0.26954294298752,-0.185731304411019,-0.140433459248205,-0.220497438925558,-0.138825928473474,-0.023572689180616,-0.0349671698391243,-0.128839601230551,-0.159697569726798,-0.0606612636258977,-0.328734881100734,-0.0540517990665951,-0.201668116634829,-0.0444981949448221,0.0233312469774999,-0.0677194155353557,-0.0745371586507331,-0.245078447063625,-0.087534598844503,-0.100328489338883,-0.0582904915302358,-0.132764270248403,0.101760431423727,-0.230863919914596,-0.0619265510611798,-0.0050196104890041,-0.15618559889365,-0.262064976729346,-0.165295568726336,-0.173514248757168,0.0280630423972958,0.0820740078533049,-0.188652073229684,0.11840455046894,-0.0608167350555864,0.285479950379422,0.177403481721694,0.199677874756187,-0.0098500243423043,-0.178097132361957,-0.354108737049879,-0.0741706294877936,-0.308206190322256,-0.309464154643311,-0.0460765753005313,-0.157915688413786,-0.0497663758083367,-0.28090026786726,-0.338608446627712,0.63348487126856,-0.0783468921847504,-0.0705723272001982,-0.0708487242201197,-0.361987953432906,-0.0990547326710987,-0.0189603704697554,-0.404471155932611,-0.0502120758334969,-0.364605897534582,-0.199657703777689,-0.525052859126283,-0.133172940175611,-0.113792006626502,-0.495005472226817,-0.283998427964391,-0.413667105474168,-0.365745807870731,-0.324617270313048,0.202664638134798,-0.112942582969843,0.268545018261112
0.647662007081767,0.300754679304009,0.0711935133462862,0.848546377889634,0.160031474542759,0.235984177173897,0.131871195190149,0.111653039718307,0.864987589766631,0.257338205783686,0.833132957413682,1,0.723841691178012,-0.0850060624201533,-0.371426069681675,-0.240080700366139,-0.360154086116427,-0.224792594933522,0.0005087863374156,-0.0687460234383539,-0.123376786453527,-0.0773052457873723,0.0200787866020578,0.181624929531538,-0.200006393802175,0.0608712493402793,0.186262388125106,0.330824154833476,0.145509829089909,0.0685144943867153,0.313280619577601,0.629833984993118,0.121687071866338,0.523855281607614,0.429681898350159,0.189171589690019,-0.152919790463522,-0.230512018344016,0.35027660884052,0.0906730028401942,0.201170428586033,0.0711167698375743,0.221004243880677,-0.0238453631682397,0.226605679099979,-0.030203547919158,0.0475096278804255,0.12738579584269,-0.0341462129916434,-0.222271141261145,0.142204667666096,-0.0889009704731968,-0.11133312807229,-0.192538989484454,0.1733156968343,0.209998988494963,0.127820850172246,0.529446412221131,-0.205939170380804,-0.078338117238551,-0.189737154295172,-0.229241714697593,-0.265295033514867,-0.058016950055545,-0.114598134504708,0.0011825877681997,-0.45272862439213,-0.127339370347882,-0.424248331788334,-0.183777113794349,0.111366392031313,-0.497246369306834,-0.276492399872164,0.0452179493936074,0.0025014743950625,-0.160630716667876,-0.0071887357950881,-0.12457000141835,-0.257673252648594,-0.581874050691334,-0.0638720339907105,0.17510498286107,0.250473307748405,0.380445067301206,0.790930991496401,0.849903403882425,0.113066242647332,0.514420784120576,0.61555657165756,0.927744499360204,0.785959963033945,0.252691742812296,0.878407036753275,0.881500684602719,0.361698150783614,-0.40084924614422,-0.397105943998106,-0.270727428325636,-0.280640982955821,-0.330035322230014,-0.171019426409793,0.0738033770148577,-0.0374315462712177,-0.148757294155642,-0.151666788352616,-0.150809150487137,-0.271019857437015,-0.144920674663593,-0.142469311699611,-0.0654890380954613,0.0396507541715866,-0.0102650959686589,-0.151989379009478,-0.0372224886578556,0.130567149666933,-0.165146817250622,0.062849135898988,-0.195280019062196,0.248704880347969,-0.134772046064692,0.0215449315126286,0.207796809868781,0.0403250037790537,-0.14306510812723,-0.0265921826706671,-0.259725023238319,0.130902180674089,-0.0009256477741691,-0.208849332619428,0.213016577433111,-0.0976744235217111,0.323013294634673,0.0495423045913197,0.310697709400472,0.0694070411005505,-0.0066339052246577,-0.399026048608207,-0.120237244547081,-0.126950202569717,-0.296767983769629,0.139449798600019,0.0776099047199269,0.0562591522234129,-0.188017678237438,-0.171896766063772,0.50818831045052,-0.370558172126878,0.0599868797599017,-0.0024742988269795,-0.232974496809233,-0.138794303614669,0.102140791334732,-0.408310592882847,-0.1309915821761,-0.451872006894119,-0.281125964547943,-0.646616238739493,-0.0669743979632104,-0.00161717302668,-0.592428088768979,-0.328726057326755,-0.349772277938621,-0.324285316106079,-0.306533157197011,0.0098280270513326,-0.370801231993714,0.152674048968824
