1,0.66652014032033,0.345761452771487,0.421882404124015,0.23062253738984,0.431022622293605,-0.107239283608154,0.295992188146397,0.360631843699528,0.127267426536777,0.227380359564588,0.495073511956507,0.659329323705461,-0.261014029035199,-0.0992540626615741,0.133916431411952,0.0582547709994112,0.0345042599081368,-0.0632234894680714,-0.217091096199649,0.0771281359914126,-0.192035264743165,-0.0999938858621598,-0.161186411182253,-0.0747047303378845,0.193641804403624,-0.188988387490567,0.387711376202916,0.0973378259778841,0.00936766927430751,0.196320362577789,0.211798798531532,0.0843125003163759,-0.141192195071111,0.238932137235472,0.0382202637071183,-0.2954528639364,0.142163002970958,-0.136191734059224,0.191251908875477,0.20085514237039,0.0883785435322676,0.0358059588309255,0.0805565625909388,0.0535797269882839,0.0142803407788986,-0.165346778526665,0.278846413732045,-0.235549646815641,-0.105488714887127,0.210577958270766,0.0976693518927435,0.18021427797018,0.0981968298967091,0.264627227766775,0.293470813656079,-0.219045403420167,0.225593999221396,-0.26733364818553,-0.139079570219756,-0.50659246925214,-0.478984088892384,-0.389913891938743,-0.426896815582458,-0.125821097802928,-0.357065816230108,-0.219996550693331,-0.409691622991514,-0.128384355091037,-0.355768212191352,-0.160051937253611,-0.269270518128962,-0.521173654592764,-0.12222445470347,0.269627586725641,0.0346062034817033,-0.075559853763129,0.278904295905528,-0.151062105767003,-0.164521657330894,-0.197829389173209,0.194755778925173,-0.0599654896959306,0.249665637716262,0.356841467618657,0.329711605961166,-0.2826128672944,0.414850616512207,0.483239465827079,0.311714551363121,0.281966391472231,-0.202708925114974,0.194110117624439,0.143773875096054,-0.027947644632275,0.227630456968663,0.0127687640156443,-0.231922109019151,0.226287150627564,0.101978612203277,0.0217783822052089,-0.107796252090544,0.214620848831855,0.0865526163651368,0.130913060388741,0.0201309335910109,-0.0883491162024256,0.124453213196188,0.0456843318119576,-0.142919639822559,0.0325325288036658,-0.00451142006442588,-0.176994717032471,0.236670012256916,0.236050214184061,0.2340929282316,0.185673707470016,0.0878385397139087,0.0371576467971165,0.179908524621226,0.214995654607307,-0.275697039131454,-0.207601784018228,0.156274864028614,0.0239039846423908,-0.0913441351871269,0.137405739489856,0.0840024231235325,0.116681828904172,0.0938062883247867,-0.0802457396025336,-0.204643984884014,0.0387687371093069,0.0411727390202523,-0.121503062927132,0.150110440484947,0.0929961137324962,0.162428525084093,0.23892130034821,0.142928059901257,-0.217803584171331,0.295642852424016,-0.242563079107819,0.271584968239901,-0.357991192472564,-0.287399439572789,-0.070643178085891,-0.207131061841743,-0.088666470096761,-0.407939516055614,-0.412132364566902,-0.339982184913625,-0.295020210030531,-0.331761301753535,-0.205465720165294,-0.552677483850169,-0.303019661525969,-0.109810034559922,-0.533157385836879,-0.488692148910674,0.0928059572516841,-0.439518233672404,0.188976203828754,-0.054534742541483,-0.310123680267144
0.66652014032033,1,0.505874712736393,0.316725056642654,0.405031187943887,0.585741807614238,-0.0786413461302085,0.401503426280359,0.406134730040265,0.285741711298797,0.282406369432704,0.587638318890153,0.736373648478668,-0.135711678169799,0.060358421568768,0.162189218113005,-0.189467874081036,-0.0981901991784321,0.168078391992546,-0.108699802826372,-0.00388347367049041,-0.0923211390635977,-0.149594183662622,-0.154067324601946,-0.298333930008077,0.471844253666395,-0.217318829654743,0.338822060292972,-0.0605585981155655,-0.0949116477062582,0.264730565210667,0.3331063215122,-0.102304673509136,0.00636845806969419,0.104016973491728,0.0937185296160708,-0.196497463306772,-0.151876492756206,-0.14339151229387,-0.0473177092643024,0.136883472880735,-0.0583038125665762,-0.153927478827982,-0.0826414285789534,0.0717828699653291,-0.0327368897275995,-0.055223571335383,-0.112565684633335,-0.310932048677553,-0.0221017001104332,0.248160925510137,0.258520432400418,0.323351491370914,0.171806463729695,0.196790439977729,0.389071952473916,-0.0755719539503326,0.224681356043611,-0.157339030236008,-0.19705593182473,-0.389771768278175,-0.269192997646074,-0.296528282391995,-0.147356599773255,-0.0888016106651216,-0.286829791955743,-0.230230194774869,0.0142340414523649,-0.0721384113706723,-0.242924597124835,-0.0163600472455642,-0.417412298934703,-0.43238490002782,-0.239539540837172,0.366216431682531,0.0334317971713833,-0.128368721417657,0.380219140650681,-0.173269386718799,-0.253829240160463,-0.0548973975643917,0.224228755857973,-0.200114535503844,0.169287224229739,0.58093241422196,0.452068242561843,-0.297585034587341,0.481569779509839,0.358267548892001,0.407266181799872,0.271000292597088,-0.0867486619667668,0.280380665021414,0.157242625836346,0.139569476355087,-0.0183115640324789,0.176558133111928,0.109755907943036,0.00241906066282476,0.167302694095631,0.121515828511094,-0.139285435997891,0.173401348290034,0.0873676948793912,0.0744150871234816,0.0167422330011234,0.0336045762773961,-0.0922632774752585,-0.0560630995733614,-0.10272755009781,-0.167161782201148,-0.198596759289105,-0.17334682861072,0.165205941804026,0.171146271201304,0.136957361687457,0.175798675717753,-0.0296979334987419,-0.0275215804194492,-0.028397798002333,0.110944520214228,-0.223909622910794,-0.211082785990364,0.101620508090688,-0.0811298439173348,0.00702075489664698,-0.0112058889490355,0.0413634225842792,-0.0262210397189271,-0.00491204089067988,-0.114965853203332,-0.182461581013306,-0.0575364035005986,-0.00777515894215397,-0.16916131506272,-0.0582855605587016,0.0733434653308491,0.0232915655815738,0.141500040315561,0.195726295769982,-0.341875922244852,0.122673294486038,-0.247243635208095,0.271977833208492,-0.424934756923003,-0.208827877905625,-0.20553439256113,-0.154504939544921,-0.179144164424926,-0.462727817441559,-0.434272636169491,-0.333418389227433,-0.315098643067551,-0.218802961735067,-0.347789395145602,-0.298757410643206,-0.295181930101094,-0.390463570663585,-0.537159459683,-0.550897591843025,-0.196518521899708,-0.443733495705029,0.223073401685101,-0.218100857123199,-0.332229577899396
0.345761452771487,0.505874712736393,1,-0.148982714437751,-0.0499450164956351,0.302337572066853,0.386586143568196,0.52092955033093,-0.138155531142968,0.798047870376486,-0.281160242474371,0.0747523542928717,0.532498532764746,-0.153348795247521,-0.113698797343635,-0.0685219105952115,-0.330873109208207,-0.263488272941121,0.112037890543086,-0.0707898760847625,-0.456173623285366,-0.253626066807974,-0.111246660913178,-0.470267459439552,-0.630269058267783,0.678253937544345,0.0786234840529088,0.499591065617284,0.112870227052142,0.0526081395839828,0.438894836292623,-0.0993162686890644,-0.252237200523139,0.149910168532527,-0.0386531241518683,0.342887475050562,-0.117897674829885,-0.186571724649416,-0.237519380555875,-0.29959135875985,-0.0640343670988145,-0.0434980082349298,-0.0796262729994157,-0.203489236263742,-0.235681716647041,-0.552825189742115,-0.143540769007454,0.0844963670360148,-0.0247072372945016,0.0865954773182969,0.378169448760907,0.0520370739887313,0.364871674455538,0.275787351717939,0.0753924587851517,0.366942520442808,0.207476207561936,-0.309344564730988,-0.341038469044788,-0.311874825158594,-0.169570591642882,-0.111115851742429,-0.169117953832506,0.0159626395095143,-0.39750546993726,-0.191913796687427,0.0394211477284043,-0.0844580455115462,0.202468520302307,-0.283212781571411,-0.0125862291170958,-0.3691632499643,-0.103160896085032,-0.188642294522267,0.503274463068005,0.172976128724924,0.118550454284337,-0.0839604584628483,0.0210457374380555,-0.0171732915202609,-0.00329548543169752,0.133800500146491,-0.0766040367652293,0.255859760178433,0.571183994011535,0.0659829632131874,0.196537294134965,0.165645498581693,-0.15456521272566,-0.0835533740623185,-0.232341303060312,0.562595093420195,-0.172216993138198,0.388048095940666,0.0818865698937706,-0.103482641750657,-0.00317060407788441,-0.156240575380834,-0.106838742762347,0.132901500131087,0.157586273148883,-0.169368147511127,0.0753087648181335,-0.276437397168188,-0.360031406682334,0.0769223856920309,-0.157474960271646,-0.393696838944414,-0.458114154168641,-0.537514241171018,-0.338060517993598,0.263601759583626,-0.279604003305927,0.182211008243726,0.285501738084754,0.187099563136783,0.390802801050444,0.290960401095915,-0.277093544120788,-0.130858612310707,-0.0965920777659856,-0.389307508925021,-0.455409692086659,-0.14428189931064,0.0189305166732581,-0.246552453132181,-0.0726105226951577,-0.13647479351195,-0.32944052657294,-0.415943305203212,-0.425666586762908,-0.373778112413213,-0.0410957915676681,0.269843471740351,0.169766242273092,-0.134002423745397,0.110593360328598,0.161970825099522,0.101644800252194,0.239928269208435,-0.441105493907896,-0.0498027515951313,0.0699059672369511,-0.202332040248458,-0.294787010795325,-0.228868268603814,-0.316858609849731,0.266366433151192,-0.138520350546887,-0.565036862588936,-0.0596648765224198,-0.0612622929621152,-0.125006835964488,-0.215230075119079,-0.135865623541948,-0.228979773398024,-0.330776018606057,-0.0456232531736942,-0.272846759418087,-0.244643343883376,-0.233926112657682,-0.133402675347598,-0.0337131525458929,-0.0421598082682666,-0.29195900269758
0.421882404124015,0.316725056642654,-0.148982714437751,1,0.49097443237851,0.424119093212339,-0.102789713376589,-0.0184120080276755,0.805509309715874,-0.355316300319508,0.744787015178394,0.729412774205834,0.399737385334325,0.021675892767119,0.396441583388859,0.318763058132865,0.11742545727865,0.301014146918013,-0.0483032094326458,-0.0993201246947135,0.404359430581811,-0.132641911642123,0.211130315142771,0.00334061674955789,0.287644800085307,-0.252506445589857,0.0330135646146943,-0.0632717000889284,0.123928365275626,0.113528596234223,-0.0790296822150549,0.347019836089679,0.350671046995261,-0.317283464932717,0.115636628022956,-0.128043619098118,0.0676864621952297,0.408546250753441,-0.0879913127168805,0.263173696895966,0.456181189845621,0.235295915586993,0.213724856531699,0.277669449222754,0.296002080963962,0.660612414419849,-0.148459125543288,-0.0395622627017426,-0.496739879611165,-0.537630944364041,-0.184346415964391,0.0191717586785594,-0.325027673796838,-0.341725105962081,0.398327068382509,-0.241552179002734,-0.319218798421721,0.57897766779028,0.168299381408287,0.214581512385505,-0.348856918897249,-0.4763456409871,-0.489245463709194,-0.169421672455896,0.527181635012115,-0.360624734984287,-0.629945915638354,0.062579552650475,-0.350249309706086,-0.138979871697788,-0.353945864589566,0.0260271508214966,-0.491636367407064,0.191293598287804,-0.424853849337622,-0.107485830573998,-0.419900293783299,0.400757439914923,-0.385553267453445,-0.457237187655931,-0.289129204015799,-0.0430848648985413,-0.198784345393316,-0.0888310886644548,-0.00852685888873848,0.513857746541925,-0.438851997942301,0.431551244721744,0.669082303638042,0.732433967297141,0.761727022002378,-0.416524976134176,0.613669228900853,-0.0267651458091228,0.185588231480964,0.0684599378294844,0.280527848520665,0.276459949413226,0.0959370241319884,0.0292556538531076,-0.218017378565675,0.0967604530347182,0.00890102100379489,0.221574623376555,0.230723704404461,-0.130164414831918,0.0740267415839172,0.365654934693855,0.302637663222747,0.513788858412235,-0.00377404681405728,-0.359227491946798,0.295988978384751,0.0742152750665619,0.0180414613205076,0.122005031659181,-0.07459900761183,-0.343218170190192,0.418029808137385,0.26568966226215,0.305790245027686,0.14793223241545,0.287989078700487,0.480259269879261,-0.0655184793912219,0.507921169070989,0.347128094362631,0.463431639111614,0.435875170385316,0.344508069974941,0.526723226286922,0.10120644979164,0.0249587046093262,-0.25509305374071,-0.488045078562805,0.142862062587743,-0.141760907526448,-0.309734098195083,0.399919919923289,-0.300862779663236,0.360848512989881,0.487613726044324,-0.28684803106384,0.595528801809675,-0.0202892169749466,-0.0135732067685407,0.357310582802953,-0.293327224399248,0.0464080487057721,-0.00756193531225463,-0.519151549245855,-0.387017324685146,-0.342542671595477,-0.286071350959453,-0.445687685509996,-0.260048019485178,-0.12742277884792,-0.0432230275710749,-0.150587718758952,-0.378623194958458,0.100740220838315,-0.355897521130131,0.275801304777045,-0.35994122810724,-0.156879272902716
0.23062253738984,0.405031187943887,-0.0499450164956351,0.49097443237851,1,0.415378420298494,-0.0180613517247131,-0.0925710136639986,0.65947978677362,-0.197187127992281,0.550553329334374,0.637078401668965,0.192003748004462,0.0729964369072259,0.35167227392625,0.213732386042456,-0.243135492307227,0.0462088076927933,0.0153807945316817,-0.0238154403067699,0.197516566634051,-0.115637250785911,0.139530528547252,-0.0300799450153227,-0.0568546845287917,-0.0290232602905834,-0.131344774589142,0.0354681296965137,-0.0966627327262421,-0.0251442194952049,-0.0380165495573533,0.453085469760481,0.100660750889466,-0.324678675853895,0.0851878910983215,-0.153860855960449,-0.259132431123626,-0.0884404497975284,-0.196224019663815,-0.0634317271326164,0.339420455805256,-0.00500513389052018,-0.17501989202508,0.157033203093973,0.269822458137911,0.452723504245197,-0.168385090848207,-0.170235868016598,-0.553362182587398,-0.37813005709381,-0.0770520831353711,0.0404814656004321,-0.264458480476609,-0.164058555411398,0.0246131451878547,-0.153824055809593,-0.433906031106513,0.52655235260397,0.241259073218168,0.0344595105849228,-0.350355631362885,-0.306912666539032,-0.475872566832315,-0.296507489448392,0.223507302980279,-0.418546667331412,-0.493720871810547,0.306309185807127,0.025857135744718,-0.360647756046758,-0.335126359800719,-0.0091697863341133,-0.514465738737056,0.141213834677748,-0.196632273421278,-0.350163503063966,-0.395804029659532,0.737891816019885,-0.123508681098306,-0.308809834402922,-0.240630803535549,0.387896334536439,-0.160805110730827,0.20937731310482,0.151262345303967,0.711540864146957,-0.0646162719694694,0.257902642329424,0.656471994985257,0.721968885841915,0.645253996958904,-0.169090337493982,0.699356570794938,0.192533680603091,0.273117414893975,-0.241371574623824,0.248666104192086,0.412037112219065,-0.247544455763166,0.0157549273037582,-0.190447087019836,0.119458597168573,0.039328263562048,0.270001358285515,0.106622969446919,-0.212137270665864,0.0769961152983682,-0.0192384866656854,0.156207601256708,0.16653462542824,-0.234157187999439,-0.287792662621876,0.301380453918539,-0.0636101972017971,0.0863810907130206,0.173791303249836,0.00434427315814685,-0.35170837683502,0.439108472114275,0.385911186737479,0.103557479458501,0.152257726067871,0.182523335161825,0.210262592435111,-0.0219686754610238,0.319847746037278,-0.184632630055723,0.332344462407761,0.109477446917093,0.193448104502591,0.554268051934347,0.137396704107752,-0.208183968796862,-0.240142399271408,-0.328594818648821,0.166974092927149,-0.109412721590724,-0.104699881332181,0.0945591895545477,0.0184467583954764,0.331155978440768,0.394289816241845,-0.277547377907584,0.620783061585063,-0.188281406543332,-0.0687185935488046,0.335369391513077,-0.0133350929286944,0.198717740808134,-0.0415516596630518,-0.553958988533402,-0.0931888475395098,-0.37124567089168,-0.0732477316167292,-0.189306013087371,0.0219357288827057,-0.134587713846598,-0.120729817595415,-0.0476114955322225,-0.357474056706255,0.295951621150636,-0.452341365930651,0.55401944516512,-0.175228626560663,-0.204860499461327
0.431022622293605,0.585741807614238,0.302337572066853,0.424119093212339,0.415378420298494,1,-0.113875292598063,0.585441965207514,0.674125485499004,0.171650123932979,0.571872522331066,0.709505388542514,0.492732166425016,-0.205952032786061,0.0441079890758614,-0.0148046625504849,-0.0209481089289894,-0.0594383146243587,-0.0629837338266655,-0.132956976909602,0.0673414638466759,-0.265809443073474,0.147994710582273,0.0266011854516538,-0.18698744204117,0.20612432878022,-0.0272716357369259,0.270293115977323,0.0972407016298825,-0.0115158600200819,0.366618127453082,0.260023098575253,-0.0131510986855774,0.0400571197905555,0.23364044581533,0.220624783524328,-0.0549330305874468,0.069028446155645,0.0167003374836676,0.192562026325858,0.330563519467219,0.170158522941427,0.0422629958283564,0.0930953573432125,0.127764748635409,0.121696383415284,-0.105118056052972,-0.116479649988446,-0.317040355679767,-0.0757984766787106,0.254832523795675,0.134093008760527,0.12670285734791,-0.117007975404151,0.377750244255112,0.261499881593454,0.0836731170273136,0.264293501998069,-0.117984112781841,0.127713617039815,-0.381844597582828,-0.332449676056244,-0.265521420521317,-0.114456505955863,0.0935089863967116,-0.189939173588053,-0.363355002137261,-0.155274761141269,-0.0808995361047245,-0.307574620905032,-0.153335309176674,-0.159218595471332,-0.450849299659493,-0.0656250131843028,0.121426359125075,0.0878156464749473,-0.0387214457535686,0.275147674696085,-0.262070136688009,-0.208878675733253,-0.204158159546309,-0.149725701843258,-0.385588863322737,-0.174267730495164,0.199201954035139,0.439343979759454,-0.457727425294291,0.818670928204983,0.402876637808677,0.649847928069668,0.582654416832959,-0.17655479600312,0.49870915531426,0.00894445973104971,0.0879711621975347,-0.0209705768016345,0.0388114547200416,0.0447706507408747,0.0312298708606023,-0.0865607974654702,-0.15619072436254,-0.126387798130714,-0.0576428116116011,-0.123937666017284,-0.0253427516607646,-0.130541809443485,0.0429959373211376,0.0719055420624729,-0.0809272183985177,0.0141601717771806,-0.276706061545043,-0.313608231227871,-0.134821276240417,0.0588639395214058,0.115584877776374,0.0245071637977282,0.0231138192557367,-0.148950470529145,-0.0999282123012794,-0.0519996549714039,0.20906011880952,-0.259302909000678,-0.0641141271866713,0.148797807883378,-0.195716541506816,0.0555647618497683,0.0374453629158035,0.388363660227565,0.172785674912305,0.105796465598764,0.0231789135619792,-0.1715594850143,-0.00317435171181241,-0.105133597456685,-0.38825256233954,0.100534884308458,-0.169286986600303,-0.110527281100654,0.347116608115516,0.052982640241715,-0.115139597832655,0.267834901254556,-0.322965981470148,0.424443687964795,-0.294468400939469,-0.0722142741039223,0.00990396005838089,-0.0405865466662255,-0.293687247565119,-0.42246874143781,-0.55434691357653,-0.49671457488397,-0.503869358135535,-0.297978398593152,-0.386391958664767,-0.371602350096568,-0.309171105242105,-0.280739516273174,-0.243262259289198,-0.572065023346568,-0.154038565958624,-0.461925835360877,0.0324306479632071,-0.316031459630008,-0.442270891456018
-0.107239283608154,-0.0786413461302085,0.386586143568196,-0.102789713376589,-0.0180613517247131,-0.113875292598063,1,-0.0431502213073326,-0.0827395806489643,0.319952306582715,-0.136543333227295,-0.104952174757128,0.129546581643017,-0.213242072284569,0.0961354758745277,-0.0805083556462673,-0.340855696039597,-0.113295183571762,0.322600999068142,0.394082667686726,-0.304142120995632,0.00123786389675077,0.385480627152453,-0.393230285166618,-0.102068531251178,0.0208281609846168,0.280658630288555,0.338542577497346,0.150850535394075,0.210858149657614,0.197610579886818,-0.0429657651289683,0.17841901020094,0.139583834165769,-0.0514564961529459,0.188238316635872,0.146937613569599,-0.0408777320104499,-0.165257587780311,-0.390737148217262,0.100798902711414,-0.0659235611010421,0.117870356134076,0.10850921951329,-0.0240116165177568,-0.202416346815891,0.0236833085341136,0.212345988303261,-0.114080338422714,-0.118771780265192,0.141877404460032,-0.248281051547224,-0.161713120434397,-0.00321065101896239,-0.0502256208516429,0.0338931594709676,0.0720994521381529,-0.10160174229429,-0.0388832775616049,-0.430015894956723,-0.105308833386621,-0.105482248423304,-0.135043225125933,0.201158485485006,-0.0936555087312742,-0.18569113373343,-0.218201236937265,0.0959989772148969,0.0776344082769417,-0.297829877399196,-0.157529174351821,-0.113326526164311,-0.126117732616734,0.14625729673355,-0.0729812247491052,0.0805994051306,-0.104527822577801,-0.0695757550530087,0.0224374235891813,-0.0770301037956155,0.00403517540669765,0.0372409902186372,-0.142151921038114,0.0441335598257548,0.198920730467103,0.0443047320394342,0.242917771866599,0.0114514669003537,-0.0803084333445381,0.0121263523205992,-0.0300184155146548,0.565197878918749,-0.0502879091168991,0.487574527024629,0.153951986947119,-0.0899981432193964,0.156309037550009,-0.185849119204425,-0.182380857733716,0.300685671356568,0.322355364395786,0.180749695686316,0.0123523739059632,-0.00608522655639824,-0.290247807195792,0.163936719468279,-0.228838851041794,-0.42031987513711,-0.1803698280333,-0.0962875288938146,-0.00409762988469443,0.294487627071574,0.0551405760925824,0.0238712111588221,0.318849967502969,0.235436222058915,0.442448221627316,0.223109651570014,-0.0570784647550182,0.108743299482694,-0.216200305268191,-0.03981898879737,-0.169897712776009,-0.17258378541089,0.234047046783131,-0.228689660097796,-0.150898959732429,-0.0606257475301925,-0.340135372826773,-0.321092100489225,-0.0364000424475679,-0.0518755961319156,-0.107584622227797,0.15464594543445,-0.0519758560608042,0.0145216598381939,-0.176881809411355,-0.180354861742758,-0.103913432299274,-0.210901699046228,0.0746687074362239,0.0474310839015982,-0.15018531830716,-0.104100071201631,-0.0487979178455376,-0.354763524321916,0.109018809258655,0.00984388270996336,-0.0313430014493163,-0.330363442616947,-0.105005445519003,0.19266561629312,-0.186789777237938,0.0327646940020702,-0.147245119455506,0.116759124113716,-0.293888986394305,0.247075449462179,0.180348513725547,-0.117114693338889,-0.121133103653564,-0.193016742263628,-0.00506731191727032,-0.0270422747721898,0.0891225551274219
0.295992188146397,0.401503426280359,0.52092955033093,-0.0184120080276755,-0.0925710136639986,0.585441965207514,-0.0431502213073326,1,0.134211475361659,0.690426869501315,-0.0637252737913318,0.0411342294982768,0.517022917426572,-0.0625325908218173,-0.177881299190875,0.0690647722534233,0.0537156990987603,-0.122595203815853,0.166513358084087,-0.0406596185794235,-0.235711634051254,-0.336740671852704,-0.356444573472962,-0.119720783581378,-0.372101004811751,0.450573319271085,-0.0646250615936338,0.267765834987473,-0.158356366016077,-0.295951655346552,0.299071838224874,-0.0874207679451588,-0.426434720890579,0.300066729653143,0.00301521422893324,0.174329341396056,0.141270124193421,-0.159103501836357,-0.0569325144975838,0.110103760084337,-0.0588679789586463,0.00763559471332271,-0.101509534373894,-0.286092716230559,-0.12206278308507,-0.443863429560993,0.0746654240120904,0.0540057148570336,-0.0142127490407462,0.181558756840807,0.110777744431396,-0.0427238258244842,0.205249451673801,-0.095653368098047,-0.0646652284275352,0.223306522637156,0.387441384343659,-0.26528778203975,-0.278214013766405,-0.0625130329254439,0.0559291429964513,0.0180706256027004,0.183982386534015,0.263240248533737,-0.237362743367748,0.151724429794759,0.0980717144819101,-0.261170856419259,0.021422028984039,0.00679894728255608,0.0860550215997097,-0.123122625012339,0.0648056065868636,-0.126254326267743,0.201639638051116,0.0464624083749452,0.230556441162055,-0.189738720181833,0.0519881561902461,0.0181592349853289,0.123245756690966,-0.363357834291303,-0.199909726340176,-0.275385048351637,0.239123195075199,-0.248560733476845,-0.328277484022989,0.57763889216884,-0.236681461645829,-0.0510148341931648,-0.135012530838142,0.139177534989106,-0.262643836959537,-0.145066483434748,0.0118656014653627,-0.0521422881011462,-0.128104035587112,-0.124447754877304,0.0831067035184001,0.00496828946363398,0.223557255573347,-0.225538741899723,-0.180558929103795,-0.417443754010392,-0.28212862838729,-0.00412377058487469,-0.175532040366715,0.0153735418414945,-0.452767771844492,-0.2244197365314,-0.23329959186711,-0.254606790018369,-0.619259294425326,0.0228547136940671,-0.121978403678981,-0.264545312626489,-0.115897299208867,0.0110355811194848,-0.563753408559331,-0.34210483831924,-0.283459945596623,-0.470886148356357,-0.276318800392144,-0.295415973025961,-0.4166431283685,-0.187683926837707,0.044404925463202,-0.037923426135749,-0.0594506416906941,-0.210352662943168,-0.533014227904778,-0.327283181606742,-0.232852749938924,-0.109099205157022,-0.00631140350487661,0.0264168965746624,-0.14795323730556,0.0317465585496128,-0.106886923301985,0.0201349522396196,-0.358944340623245,-0.269728674073219,-0.11804964880588,-0.323520796062553,-0.0919917867004889,-0.0428800017722416,-0.204197196868407,0.0238665416419777,-0.617316195776978,-0.435861494504986,-0.0442794381711723,-0.156848564387297,-0.130257783484814,-0.0468881616881339,-0.155822834284301,-0.0748067964289505,-0.114930393959105,-0.131859319989664,-0.132239725380844,-0.0974541545654265,-0.261442255993907,0.0634968556768078,-0.382313804711059,-0.0319875142089142,-0.222455040096496
0.360631843699528,0.406134730040265,-0.138155531142968,0.805509309715874,0.65947978677362,0.674125485499004,-0.0827395806489643,0.134211475361659,1,-0.314893390437638,0.90842444025917,0.818554394627838,0.365758875648653,-0.139767955846918,0.258873320643499,0.203914041924443,0.0370980295037482,0.144250412674149,-0.0411538236745363,0.0558865591635293,0.336274231510977,-0.205957469932899,0.247750008171306,0.0902252777240574,0.127957058980676,-0.221207127839675,-0.0471414053312825,0.0809077324206099,0.0601976592662362,0.0281319952377956,0.122134781684266,0.508562049970843,0.321579060050238,-0.126105368251476,0.262393675834941,-0.00344941028839655,0.0827900224867782,0.278316396812592,0.0172506206809614,0.238748707286286,0.595169281935484,0.213638024034362,0.175443893587512,0.321873017624006,0.426004807522135,0.565696623837979,-0.00603690297968651,-0.0243935811073357,-0.548731083024114,-0.446253934219071,-0.0271674130161977,0.0631380567196888,-0.34057496293517,-0.423242702971763,0.399627488784962,-0.0623742177159549,-0.205878832188251,0.689617652471111,0.263292042894114,0.146024862208447,-0.40035937790661,-0.500652639002621,-0.397041527008269,-0.134232770710421,0.495948955123611,-0.302003634594787,-0.715785725461236,0.0892207891037296,-0.235143029861255,-0.244294842556949,-0.268745424582465,0.1084331975183,-0.556020625316856,0.289827260644925,-0.350752168008588,-0.121532707232462,-0.358343583006347,0.545682908206387,-0.399670985658979,-0.362091718733697,-0.230349896451779,-0.0613813600868511,-0.420932227171,-0.194832811433422,-0.0346860255017631,0.599694598623853,-0.559124791373002,0.679730483487511,0.666487124290969,0.898802370102148,0.867795057548671,-0.454719008692502,0.764664685208919,-0.0210054433327232,0.083400917134467,-0.128535826484618,0.24784461110653,0.149916763549539,0.0967674211879337,-0.0676810599050265,-0.234202143805574,0.0966159153431218,-0.0982964800383399,0.160487348167861,0.199147638046221,-0.282728643815252,-0.0438335148680949,0.191140122593887,0.187893894017666,0.361171526693952,-0.0558738951682111,-0.524754383092227,0.133458841785485,-0.0679035435268951,0.0267198457139238,0.08938225568447,-0.111274768215047,-0.396318065024129,0.251783872771697,0.286725045220345,0.236881849746901,-0.0172890123001219,0.172644871357573,0.302325486696327,-0.0917891916762384,0.243566131743817,0.141289460846902,0.547819610424712,0.441428707371152,0.367993274928099,0.427680628256077,0.110810296856259,-0.15594264409298,-0.366518123750691,-0.621012365493237,0.23201247555477,-0.386373979255432,-0.380010164680214,0.280894068233631,-0.30857798271273,0.385890256674715,0.459462251867522,-0.500891903760144,0.718727548364012,-0.0786026809185432,-0.0687257594219627,0.459216804239424,-0.304511739573348,-0.183836882555735,-0.172309591778593,-0.722135939640823,-0.413077135377931,-0.589006798255589,-0.269887528741523,-0.544446391797902,-0.201057009106592,-0.227670089308924,-0.0172868002692843,-0.027067381398673,-0.497169919445258,0.061019757960904,-0.536884201939288,0.24846834369446,-0.39473283780403,-0.210356883679703
0.127267426536777,0.285741711298797,0.798047870376486,-0.355316300319508,-0.197187127992281,0.171650123932979,0.319952306582715,0.690426869501315,-0.314893390437638,1,-0.505499066459044,-0.230875574258875,0.419555754085839,-0.0465474775864316,-0.313786329762326,-0.160647247149653,-0.24541404896231,-0.318467425022928,0.220916983491743,0.0313522267100565,-0.589090647571901,-0.2292562652337,-0.379988742259241,-0.464813617024853,-0.657040649180715,0.589697052309268,0.00683927771116535,0.353789668073581,-0.169945055512857,-0.272242688224411,0.300715609374425,-0.374079316964074,-0.558498056835863,0.230981518445563,-0.211694970741485,0.19156827961672,-0.0566114381727727,-0.384794160153004,-0.216787824219265,-0.315083007678906,-0.310989649187338,-0.250014489595798,-0.21048525729589,-0.427083944533124,-0.371954259195318,-0.733833211082143,-0.0184327345975979,0.138164930858719,0.102625482667491,0.277612478747625,0.20201577536463,-0.101310022142381,0.288382558023913,0.143409514306197,-0.281237365281793,0.225796668392735,0.305871590032204,-0.534248485491827,-0.435737323333901,-0.298002962733278,0.137667647858447,0.184771447675595,0.137908903707999,0.255280460172005,-0.57814329786094,0.0703424393780435,0.293150425112329,-0.169601715448374,0.172029887416121,-0.0607484909539262,0.0949067824794174,-0.239127930076038,0.179000251763766,-0.238707645745272,0.384003942957104,0.0236328006522261,0.211783250728578,-0.289000162644753,0.214618094778087,0.158076869587354,0.0931053477663491,-0.0967685860991819,0.0138445706749584,0.0343771449017491,0.455664899854176,-0.275065797970576,0.225881126884537,0.133358787928188,-0.371681321765125,-0.322665434504438,-0.450978918896295,0.678101499371952,-0.407491479000116,0.258858402710078,0.018952465306073,-0.166110692402633,-0.220937719179672,-0.210187212653993,-0.111296898260998,0.123698585148993,0.351826225548862,-0.273430236215889,-0.172401412049055,-0.363766876240199,-0.504963506844288,0.0635418551527159,-0.348268603371394,-0.407763808244025,-0.671103985252963,-0.547284412807668,-0.40723069116602,0.201956133071949,-0.483332329830494,-0.0244742649432366,0.0706189052457309,-0.138307707780043,0.217809128988491,0.32044319448403,-0.471452381607718,-0.296317539497417,-0.375162275801873,-0.416807938448923,-0.424865148978537,-0.476216038719126,-0.169765811976511,-0.321572666625022,-0.178819869976818,-0.325369511793218,-0.447734593338871,-0.59451381626292,-0.594771730834035,-0.350686731773473,-0.113381735882923,0.221967621180354,0.363015931168746,-0.0935327911781587,0.113113643240116,0.237532720554966,-0.145452264457257,0.238458854859185,-0.460259845532777,-0.345857379012199,0.211982372985712,-0.472454654265052,-0.167455073505588,-0.011685374927635,-0.361088177079681,0.306637518945223,-0.308963317772224,-0.421594005789199,0.224160471531347,0.159397748109727,0.105110762416697,0.0530227370472341,0.0962587040799465,0.027479134427473,-0.0926342335962893,0.00141625525153782,-0.113705852826778,0.0829693937572149,-0.21441756016333,0.205388900879154,-0.24360681735021,0.158558049194955,-0.161159673121181
0.227380359564588,0.282406369432704,-0.281160242474371,0.744787015178394,0.550553329334374,0.571872522331066,-0.136543333227295,-0.0637252737913318,0.90842444025917,-0.505499066459044,1,0.764304583468681,0.140336797062495,-0.185537166386751,0.224223999746462,0.187917064503759,0.175253317815595,0.286979166370214,-0.144137893222182,0.0755955131273122,0.509533892983675,-0.0677493503319433,0.339124323578106,0.194293319222665,0.308506170115922,-0.319110531515138,-0.00572302693547967,-0.0313250276350787,0.171231794826233,0.157960064586123,0.070985293925391,0.474082761822108,0.464694277637091,-0.192365878688061,0.311921583943447,0.0542252482716434,0.0448417837672472,0.449621484974328,0.0714718417547859,0.326282945046296,0.648390764995196,0.362332582001914,0.34098136373789,0.390734547912547,0.508439106961906,0.684107263747009,0.040646362178657,-0.140335449925401,-0.505287820729919,-0.471433372228945,-0.0548241150378024,0.0792252688677369,-0.364405107081876,-0.419934101873264,0.513054538563088,-0.0673289417810954,-0.221256419870749,0.723385923947862,0.270488075063264,0.281980948215579,-0.438750464066242,-0.456287949823988,-0.386606537131597,-0.219535550411553,0.601649251291933,-0.303482086823813,-0.680357652717471,0.0788177762842697,-0.183427417768722,-0.239976400243338,-0.262460938018064,0.188707180251789,-0.515302364657463,0.297956241385486,-0.358306786580298,-0.0684613741624309,-0.322520941576238,0.478209182802091,-0.423683601062184,-0.410827047800724,-0.290113295781388,-0.0787415420044957,-0.381893364152889,-0.272248711325674,-0.190747566759503,0.594118734831793,-0.550384069018054,0.55611318204779,0.706542488962543,0.860981318715553,0.900443046494283,-0.572287113601907,0.829350368302631,-0.139376310676683,-0.0239981229557798,-0.0527045322753065,0.309774361346996,0.182141351570835,0.214263857702288,-0.0908297704813803,-0.358850549339282,0.171116116442284,0.0175462491161561,0.249653841036268,0.393234033404973,-0.226183715529295,0.0675496639622023,0.302702683111905,0.380640381483686,0.440001324286009,0.122547768169776,-0.504247288387777,0.273689835047917,0.0588156076904768,-0.0016252349291846,0.147442149878742,-0.183034317896937,-0.472493665387713,0.315252678025175,0.267686257500147,0.389880330624086,0.0702546493091882,0.214321395725023,0.484163433627376,0.0579087862954593,0.294018246138917,0.173825051846868,0.634611732399408,0.60845784720667,0.551199075643713,0.457397794436177,0.225283793970717,-0.0915494031070684,-0.429664449219256,-0.683205277319468,0.267252295842283,-0.428337920740152,-0.477098050011167,0.364207493386627,-0.344808254610979,0.40744654761877,0.520914137075077,-0.50632272467894,0.77906019407193,-0.087844436816134,-0.0098597995598183,0.499279513213973,-0.317623274303901,-0.120543095034836,-0.088702070825137,-0.69736200977104,-0.490356657397281,-0.577249807919492,-0.233812965360789,-0.613587881073678,-0.261422562942561,-0.16764784875098,0.00398576583312401,0.00768367538210429,-0.447449535914237,0.0058579619719243,-0.54863011419193,0.224685022749114,-0.431622246641878,-0.213527039820293
0.495073511956507,0.587638318890153,0.0747523542928717,0.729412774205834,0.637078401668965,0.709505388542514,-0.104952174757128,0.0411342294982768,0.818554394627838,-0.230875574258875,0.764304583468681,1,0.477858192647876,-0.184968510313137,0.213847613291969,0.0782004997620791,-0.11299104197134,0.0883949260735362,-0.188154597431344,-0.153056952544577,0.293820315229276,-0.163037288499177,0.254195446701741,0.0156043241267771,0.0272478047745063,-0.0298609748452286,-0.0405826100126482,0.127280106170819,0.119451883408026,0.0980684953452687,0.143258305749193,0.418731861073936,0.269457393583492,-0.194367230112849,0.213159447277378,0.0474034911948951,-0.119346253586791,0.190473279195571,-0.0682703435112774,0.0446746787363181,0.478129183131082,0.142138269352981,0.110556960677104,0.252526501040605,0.305011359961209,0.500276847226828,-0.161184391490041,-0.197622672140939,-0.491685759958304,-0.335858443854626,0.0952188273733132,0.16677508475618,-0.0620108819710893,-0.153677230769022,0.42559215100474,0.0740760394668513,-0.235521239959198,0.584800108629099,0.0734568584942016,0.115093826483094,-0.490909370463277,-0.465907534114666,-0.47285030590542,-0.271990285432452,0.318672391674447,-0.368254923563597,-0.564835133097325,0.0799092939225624,-0.214901595528813,-0.303854999046008,-0.258652101778711,-0.140050133590593,-0.57012663571667,0.0411824275681917,-0.104211908583736,-0.0581632815812008,-0.2734688121949,0.534596118680692,-0.361964317183506,-0.377366251347494,-0.299603592771525,0.140511007151218,-0.283795873294409,-0.0164822095234689,0.214516748954244,0.798827272055929,-0.311884708870404,0.549921794169338,0.732391886953462,0.913733043575528,0.82346156713568,-0.276538784486997,0.837353818687652,0.113050152622042,0.0738304357492347,-0.0467092605789634,0.252787670216556,0.225761611539021,-0.0254453149352254,-0.128756558023232,-0.362333644337672,0.0865319410862203,0.0740148614584579,0.222837488442646,0.236200344919985,-0.0926745641664765,0.119844948248423,0.186605100897958,0.210701535928367,0.27926175940561,-0.135063508996341,-0.331456491731772,0.280921889958689,-0.0258523474418498,0.125702997091384,0.162912324899392,0.0368264643853125,-0.279685980592853,0.309887715228476,0.190404853197013,0.337928519166555,0.0395764915985449,0.141697523583604,0.389372949056498,-0.082627213097942,0.259080721292587,0.0583862705920227,0.4276048406593,0.275887233041722,0.300307133631292,0.42624819168176,0.0303716040770632,0.0346690802001175,-0.166155539044641,-0.501069063359006,-0.00152519503356469,-0.104806517544574,-0.21074118047058,0.38250483249783,-0.0330633884529226,0.132629796301861,0.488329304080644,-0.369136202933443,0.800006114564345,-0.329730182071897,-0.0797076195586404,0.168812746478889,-0.194457245861824,0.0489755570708981,-0.213836843581063,-0.637022353296586,-0.454448261295714,-0.45249182098152,-0.307726880047643,-0.423477128084592,-0.361018219633961,-0.249530708270767,-0.209182943815933,-0.303768197324062,-0.585969136072081,0.0137485140718361,-0.551649644061973,0.344780466207102,-0.363699367668754,-0.339362752078162
0.659329323705461,0.736373648478668,0.532498532764746,0.399737385334325,0.192003748004462,0.492732166425016,0.129546581643017,0.517022917426572,0.365758875648653,0.419555754085839,0.140336797062495,0.477858192647876,1,-0.182778484839942,-0.0539395669290414,0.0959125996727653,-0.212413518585485,-0.123416608122613,0.185810916832536,0.0478941292074349,-0.144057577978531,-0.213144688893773,-0.188957799618951,-0.299774205361697,-0.276761161339187,0.277466983238987,-0.0961704851984627,0.301600310611843,-0.177322560575276,-0.249373567600189,0.132676990781588,0.0969035507619387,-0.217674610008765,0.126400000099094,-0.0484525391049371,-0.0466578009232047,0.0828844036103281,-0.122782681424963,-0.0860615190993756,-0.142101672165583,0.0337800956232398,-0.12648632334346,-0.100979041323916,-0.0766854536369962,0.0325305665914213,-0.096990095590972,0.0830399396081509,0.123430598328928,-0.182627728401899,-0.050322087174179,0.0810331860188473,0.0674126586365495,0.261494518503393,-0.00466000792230446,0.113885860065681,0.190940514824818,0.0575849427342404,0.0718734269313497,-0.218979970920979,-0.311903787698366,-0.145837485418326,-0.224466906182787,-0.107151541460699,0.139996940835241,-0.0860116153470151,-0.0846956496019142,-0.182412951104323,-0.111673874394652,-0.293500750803088,0.00357471401490428,0.0321263164607706,-0.376959749610388,-0.200984092244552,-0.122271381403055,0.116838836447166,0.0391205405026571,-0.109812477261686,0.112257112688474,-0.220816577430068,-0.223435571883041,0.000303156664582935,-0.0397025402226997,-0.202055910266086,-0.0448405969031125,0.567439751340468,0.262475377208847,-0.302170591285433,0.508894694519454,0.174098747765926,0.320143790876599,0.192654373963888,0.08433143851946,0.106933305906511,0.203411018118968,-0.0756345711866972,-0.0845998302223706,0.106467394853451,-0.110787243158645,0.0101577792861244,0.149369026012963,0.25837307528179,-0.0880654123247138,-0.0832947753879762,0.045535887730739,-0.0840953096286246,0.103101657516044,-0.172646188980913,-0.0767024462937024,-0.277613358575629,-0.0464883620073752,-0.1632740732007,-0.229494326449069,-0.249578782369126,-0.0128982360502085,0.016736091742292,-0.106938324489615,0.145854508427919,-0.010475447624164,-0.0984540968426658,-0.125168176447602,-0.138716824258212,-0.18622938138055,-0.156406236323815,-0.126222168155375,-0.243589339024356,-0.0535139378543007,-0.0375493535866393,-0.135507739276664,-0.142613283032702,-0.165932174989345,-0.150481483186458,-0.103002454157442,-0.0564926136822409,-0.00732148036168807,-0.132248034061836,-0.145581684958473,0.0354584823489913,-0.0925756739692948,0.00523714490897665,-0.0385267543676497,-0.195770565278471,-0.0640786249573589,-0.212649609790908,0.113324258326766,-0.285198764997741,-0.306074281188744,-0.185298063088619,-0.24802922352836,-0.249143158886541,-0.34339976076588,-0.228585172217457,-0.133250515020356,-0.222969559831987,-0.187805699772431,-0.308135551607161,-0.155226455186442,-0.153423549571354,-0.192665164475924,-0.397391656048521,-0.346051464661859,-0.23884050641707,-0.192906863094019,-0.00600085994128121,-0.199527665701274,-0.206086095836474
