1,0.368057283303653,0.299894655337418,0.47608408209222,0.672098139183067,-0.119393617510602,0.424986343101451,-0.0642163099448041,0.699292541507611,0.557451041479281,0.640546293611219,0.431660424798426,0.554259808758047,0.0576744149023953,0.0980555999408559,0.150786664970557,0.309442634864102,0.0367891421055516,0.228325436203984,0.392312981547435,-0.00116603168113643,-0.15388450479291,-0.0995912745796065,0.0174681133271461,-0.217775151927698,0.183830908697362,0.206908558914837,0.514160254222141,0.0938537068480551,0.0110613162858943,0.204002802178801,0.0137132072906169,0.0403490418219941,0.0010391807263041,-0.109878255413796,0.0371274757732397,0.319581345052251,0.251038731713447,0.100724502371103,0.146426712706141,0.138009633294878,0.165606146614911,0.182585747930907,-0.314304414797281,0.16771359642871,0.433846852891992,0.216840824155502,0.00870315013593239,-0.369698816524775,-0.20701484436965,0.00349742991252717,-0.342984673933953,-0.298668784744863,-0.102289703501818,-0.0521576002995779,0.108639892016802,-0.173050337004519,0.482588427908977,-0.0345914497925769,0.0690359454618107,-0.426171008631555,-0.329904849585831,-0.295122081613625,0.037617508301406,0.264480242215089,-0.48307528841553,-0.344602569865409,-0.208846459384229,-0.122588404676689,-0.00821862941987042,-0.164747117419676,-0.216202398450444,-0.266614083423794,-0.258282766420686,-0.297507134259819,-0.153632840705249,-0.364088562839362,0.253363517751874,-0.206697603404196,-0.336758959147774,-0.16863046401773,0.0888378238038001,0.45388658676774,0.350843185390789,0.475993864638497,0.556233169326659,0.0477649066507559,-0.0649011708103822,0.76803786524351,0.606056651532264,0.650623735955269,0.411619614383724,0.600431925909863,0.572036575616237,0.0945738519162395,0.0233911699986274,-0.0240751306403162,0.197912124173215,0.295344127499928,0.167222891473663,0.28551534962,0.113468186465166,-0.141305572780446,0.387188280416373,-0.00994058091168513,-0.182202862608916,0.105548822233579,0.357534516188785,0.130981113729559,-0.136071228520309,-0.120629881550144,0.143815863341452,0.145194023609167,-0.0648997531598054,0.107911163766188,-0.0765192748345076,0.211647083842868,0.25958590586703,0.238998090554794,-0.198707170176305,0.256151831772132,0.22814744458261,0.188656823575616,0.219906796269358,0.245783249400496,0.261013077474413,0.0937059683020165,-0.00420390752064033,0.0831764245618432,0.178631663381941,0.510432959776481,0.33832117843426,0.17445193095531,-0.292846221511956,-0.287830623886559,-0.174432101733042,0.214927092750664,-0.00897271356228918,0.0821490857626028,0.27334077367656,-0.217317656938911,-0.0516300218032151,-0.21584854181643,0.5880016986447,-0.235135073540681,-0.151239449397137,-0.15983425892851,-0.162930247215311,0.0689463906511071,-0.0964926676338038,-0.421186028388411,-0.247922359892251,-0.284182126030645,-0.210241169930022,-0.172097523011376,-0.000882276809864005,0.0164924368196533,-0.192877498593703,-0.114028568887846,-0.267041303181476,-0.0776908273272005,-0.161618184334857,0.211481869077854,-0.234196760939742,-0.12178515243092
0.368057283303653,1,-0.0869535373716151,0.466434285041444,0.174372199649789,0.616639606833967,0.0986081878488408,0.622357693143123,0.459432390330926,0.482777919822372,0.65025857612474,0.725415089926394,0.656072201927341,0.308945672665357,0.489753603568883,0.0478755657681311,-0.0286626082183632,-0.106704416991718,0.170704569919284,0.158627395344099,-0.264981939826765,-0.0350647170695563,-0.154490207046068,-0.231363809389374,-0.330183960093641,-0.244197285133609,-0.419570900990566,0.115047657955845,-0.205719912749233,-0.194764084806349,-0.384570140946494,-0.496028494610265,-0.246505250157178,-0.400382868439085,-0.384852820068186,-0.529255956937052,-0.051076842828582,-0.1439879776173,-0.331038294081079,0.0561548461777573,-0.177746162090331,-0.185329407520905,-0.259702417364609,-0.292247074563143,-0.266362423891535,-0.0488409622880406,-0.162120026063393,0.171670019656541,-0.33019272142368,-0.454239107791243,-0.370226694041866,-0.258535475330053,-0.0482488390189537,0.325469106145353,-0.302813831022052,-0.36191660802204,-0.295795471122439,0.178726936312671,0.406546199466666,-0.367207669779604,-0.0591084480210806,0.0471057353322292,0.0218104885624214,-0.0726330472226209,-0.36335514486817,-0.197792459939168,-0.184918117511147,-0.192494942118896,0.104530389071113,0.14217561294713,-0.176568596666139,0.161922960255279,0.179708524886193,0.0650644688446924,-0.00749135842827935,-0.333664908425956,-0.206901520271449,0.137113864100035,0.0464814854146579,0.233001038726078,-0.207530205384954,-0.0851020035899317,-0.104203322180085,0.16654250661439,0.712082286792498,0.472006147972732,0.160312931518331,0.537670806426019,0.22814925914766,0.495882664310439,0.396907096555044,0.455322148424309,0.664035873164393,0.371724916038382,0.359805093465287,0.463787191657163,0.0485889600610369,0.0572650747447977,0.0391805734686557,0.141584439994633,0.254694924789011,-0.069617525800366,0.054612742103463,0.544436365719321,-0.336656474485496,0.084694682512842,-0.0913657116493666,0.279918184854863,-0.237893824457466,-0.0188207652642785,-0.137911629886491,-0.275987117449829,-0.446878944669533,-0.140967327518542,-0.257330641655826,-0.178217682276308,-0.200463355973269,0.0492823209466413,-0.305324047476592,-0.276344407168965,-0.213301051036521,-0.200948829144984,0.234425418795767,0.0625564613940437,-0.125924531883461,-0.101087769227199,0.165735200894533,-0.123284665355858,0.120076849777186,-0.170752120177848,0.0533553665976668,-0.0987013675148231,-0.20384620428005,-0.130804615207763,-0.255101602169089,0.352204168921695,0.117863987330287,0.410278222877024,-0.0251403921498606,-0.246538426410072,0.0676246269079762,-0.258552241131746,-0.0147488638334013,0.432530486986798,0.220185714339108,-0.400607534061674,0.073472287575411,0.0423508122303494,-0.188682143920112,-0.205685013083486,-0.1476612709467,-0.124962699809512,0.145598938546008,0.210376592288626,0.142297449801966,0.0910593391011146,0.254241263035778,0.173931584774863,0.0277949714386022,0.0565277771619612,-0.270639555470682,-0.0135688962867671,0.0950389984605056,-0.00841080068766858,-0.289289743332761
0.299894655337418,-0.0869535373716151,1,0.0471198175295178,0.170545979050436,-0.051369133718078,0.495682426488433,-0.199806441244817,0.231584083419841,0.20898640563756,0.0705724956437636,-0.0480312771888905,0.0954677352994032,-0.188310387562971,-0.181015685766674,-0.0306163179317763,0.0729901230137479,0.173484841430431,-0.0319315529649895,0.232567691347809,-0.00326574378569708,0.109561356748156,0.284685455094752,0.342946314252039,-0.101985662470884,0.680571940497304,0.599064577165558,0.687926203878305,0.500922532383507,0.598863781879028,0.718247058574569,0.254826135032006,0.326268297065907,0.498341084406463,0.10533413355721,0.473743785271314,0.130796248672261,0.350935880727499,0.247806597691956,-0.0167006406809264,0.0438953663520451,0.254837285082908,0.362809224513392,-0.203851125640563,0.192807804993204,0.282441940976096,0.210716770529022,-0.0278607271680838,-0.258749429375512,0.126867385354856,0.483635946500063,0.00135267314981329,-0.166376448941924,-0.159908396222604,0.387061519563261,0.521519903089946,0.302946322393395,0.17713236907549,-0.125200578965864,0.424005216640928,-0.388187697563518,-0.339954276126642,-0.220944893399901,-0.0135168143233021,0.398703902673619,-0.346560363999334,-0.266558772896766,0.0479590503983821,-0.122045069061622,-0.0468722515999884,-0.066347423274096,-0.127271796430039,-0.142657770359158,-0.0445464751215112,-0.179165787267104,0.0410711688726154,-0.214684330340475,-0.0795240151918754,-0.245724939903838,-0.312955190532878,-0.0479294723983491,0.129560651040446,0.391470681221711,0.0186192734460421,0.0532528491551275,-0.0427178392487579,0.599041983416354,-0.0861012254254608,0.0951128882400042,0.179039668271566,0.288243498443713,0.225935455063988,-0.0235504201958583,0.382046371108235,-0.172882990252487,-0.273549970726916,-0.20836118424302,-0.0291617863630336,0.0327643142953206,-0.0286106317869605,0.0349997997660375,0.135782895164881,-0.0434206114393629,-0.0470850427919922,0.317272856158197,0.0510545386440485,0.337545341761045,0.0593448959561166,0.448699750956338,-0.242923122465828,-0.110386819065239,0.639611263941803,0.344227004367083,0.173995455668368,0.553863594648703,0.286846091421341,0.529324443705905,0.683266865563795,0.46294709976544,-0.070249895991781,0.226233312390955,-0.156405546940787,-0.0163818253295199,0.20911185824828,0.353065435793191,0.145460883257219,-0.0624334276130936,-0.0602812676956371,-0.0869815493306634,0.138353178606078,0.169826883435484,0.178898384842212,0.288597352922764,-0.168618333590234,-0.230052204028962,-0.321629743623701,0.174402506858592,-0.24682227320638,0.105427186511564,0.465957103478063,-0.325829790395358,-0.0286072047214404,-0.476560713876428,0.00753914273653622,-0.20575438336577,0.280241300552088,-0.169519768203543,-0.320194501554048,-0.0466094222811362,-0.378367856287818,-0.47670516522408,-0.358117756283561,-0.467048757470962,-0.319258182951666,-0.438191907927107,-0.281208219770968,-0.28784145813282,-0.312601562383489,0.235145345545677,-0.321131608946392,-0.29222188425795,-0.371574467327503,-0.0748885010087561,-0.308272680571063,-0.0995770707096122
0.47608408209222,0.466434285041444,0.0471198175295178,1,0.576967891558177,0.0908830687960092,0.391803082728368,0.234805772147719,0.82292461572007,0.306617405406225,0.768215405573697,0.539147813233393,0.450299983078734,-0.0940127201479332,0.241496209690236,0.0705697929569532,0.327084773885457,-0.0184842412920893,0.319919457889419,0.471821372415751,-0.023401216756414,-0.113538046360559,-0.259989060115883,-0.287979647646336,-0.111792656489426,0.0122536702111321,0.0691117822407291,0.146174358398556,-0.0550302390410745,-0.181713166377625,-0.00472676459228177,-0.2833469517561,-0.0629676499767781,-0.258574534288927,-0.512640550159443,-0.118772354366289,0.157887473008583,0.233899345573654,0.0925285314689864,-0.115069659801217,-0.0117262740931874,0.159265583038079,0.195894421176751,-0.519676287739176,0.0606940942343973,0.344293151475064,0.00134376202951053,0.392609557202368,-0.257429080637192,-0.208283821621315,0.114917924183397,-0.204695433284899,-0.316786741917427,0.276680687357087,0.0286300252903466,-0.0427878865385159,-0.123111205917026,0.143560273306854,0.263830640861942,-0.162016344098656,-0.285298497282464,-0.18781456646415,0.0109371436193598,0.234104925028475,0.110869856909911,-0.320692791515462,-0.49487759272826,-0.213994144798414,-0.234768006873827,-0.126927180320361,-0.29310750282781,-0.134219761508228,-0.2071008687739,-0.11569884935206,-0.257576805569317,-0.37458391230777,-0.46724831960172,-0.0124168697058265,-0.337566979569399,0.0697120364242287,-0.344935146794884,-0.0230283878051039,0.186354468655823,0.0291669755037369,0.184933543275774,0.622533027735952,0.0222701058929722,0.201740659145693,0.491259995676114,0.660509333495168,0.610541644513804,0.14497591783164,0.700538936579242,0.0801843917527554,0.0754849056097097,0.16257329701712,0.00449319772736655,0.104890401509221,0.312668143736782,0.207832072378942,0.475081623546517,0.222845436084286,-0.2572037264346,0.65277731032634,-0.167377661764994,-0.324328167366429,-0.129289073452241,0.270389999635404,-0.113826451924739,0.0340775909623825,-0.00665850336980159,0.05319423201668,-0.0932983764812992,-0.155579621708758,0.0235743612712205,-0.232200007288764,0.0398045896411252,-0.00256579191568943,-0.202348793332606,-0.34183379596876,0.22178114078306,0.0668407692162919,0.147530628674432,0.191270533439441,0.242724337819112,0.339253286391095,-0.0459223365447566,0.20052853474054,0.0386408433749173,0.166525337824368,0.439495835948903,0.183282640432261,0.149369874956044,0.0501786411526244,-0.229497915109609,0.0210578181483296,0.11119724429634,0.217607489738385,0.127893093547372,0.264480206178119,-0.0876913307817072,-0.0225583715130516,-0.195428564748018,0.324664232827032,0.201831325959031,-0.124481227149893,-0.0235122402604744,-0.0693558913616629,-0.405823900457506,-0.239807184278508,-0.313401799734531,-0.106243699880727,-0.293582029772514,0.0599632867616578,0.0463053348506514,0.214671734451997,-0.0110934057527426,-0.0474602179091009,-0.120023029343276,-0.319191707953069,-0.306379879643978,-0.408735190847439,-0.0611677799977304,-0.333007365612337,-0.350995588291291
0.672098139183067,0.174372199649789,0.170545979050436,0.576967891558177,1,-0.0894166077212548,0.343752508739953,0.057226315833567,0.574782669949996,0.394371853896868,0.544335819331856,0.37566582660733,0.361285416030069,-0.298971064657932,-0.02484610440756,0.0836908126915375,0.21548355534896,-0.0532825669230133,0.156546039647643,0.234717035641805,-0.095778322960224,-0.196825736321963,-0.217668115912433,-0.18784133614348,-0.210236827590511,0.155503244241275,0.257088539419631,0.424773604936784,-0.0744405900801061,-0.193358728861613,0.0438531947577509,0.198059277421015,-0.15985683655802,-0.0222422128448545,0.0898763937030254,0.00292855816026605,0.0335031992042059,0.0942349863485602,-0.0420201607316111,-0.192562632457358,0.0789863216844625,0.0481009247864883,0.0910898120406985,-0.264910499204686,0.138590327399494,0.32277712766107,0.00985740423436859,0.296368203891481,-0.273793979369432,-0.113273037724723,-0.0112323229352401,-0.0788017534323206,-0.219244205161351,-0.0045401197974201,0.0540549919372516,0.125232331954091,-0.219342779558692,0.494178426193542,-0.24215497523597,0.0101467586535499,-0.334305527655406,-0.185047134860547,-0.27432742219136,-0.0342405727721326,0.373181573417377,-0.368985138342188,-0.0842463131903629,-0.113675926507194,0.0293123249338184,-0.0826889407316108,-0.275295336274309,-0.067281934251429,-0.0819648859218354,-0.125754907828331,-0.260065885450717,-0.275521232639072,-0.132601974725097,0.542150194109194,0.0599459875819999,-0.160530657356029,-0.000236272571070874,0.438979466457213,0.388993077450864,0.546354037667282,0.20101576283722,0.54384542577827,0.0484883728791378,0.110568538992017,0.76473496356154,0.546891789422067,0.521960217003014,0.19343356121545,0.47231364047163,0.317636017206601,-0.216444685887088,-0.169829288508101,-0.04906166412109,0.175533956836687,0.0722938676718025,0.0412768993686442,0.159307114247413,-0.00887657294640559,-0.19760766705077,0.24556028720956,-0.177976454127675,-0.304123568162839,-0.155995233215507,0.192171997118619,-0.101887637265508,-0.0992689637982219,-0.153651755071997,0.227835875925909,-0.00487196875293333,-0.166078136197123,-0.110023447944061,-0.20459915068511,0.0124554824785127,0.00642128206089393,0.0825017790003734,-0.0045484347076399,0.0802531316027819,0.0634485501436909,-0.148311633450836,0.010960808511119,0.0634514067187903,0.429380344689396,-0.180250851871033,-0.101187407658091,-0.316668008987715,-0.0870222735955196,0.350845057365277,0.175113844893722,-0.0546534409447874,-0.302170626581204,-0.135191645044797,-0.397898708184135,0.229523656767501,-0.132471169252385,-0.0511442375785009,0.391466655135607,-0.387508532664584,-0.217990957059491,-0.250121492939495,0.422554225211194,-0.145094528803241,-0.183591707255862,-0.222777651666289,-0.194503735625546,0.275208733955888,-0.177710843575769,-0.389369254862741,-0.0988272927736687,-0.128437824216396,-0.0818213505466616,-0.341253051678275,-0.137285657922702,-0.235903766837141,-0.0610024018894119,-0.057007728925035,-0.139206119121871,0.0261722095189646,0.00798725156595884,0.486646995854291,-0.00840293017262334,0.0945590368980214
-0.119393617510602,0.616639606833967,-0.051369133718078,0.0908830687960092,-0.0894166077212548,1,-0.143359983024598,0.737244691324939,0.0629398772882137,0.149094336825419,0.241566229319096,0.541094438865486,0.336038260711387,-0.0203260625541587,0.164498666207922,-0.120656743170633,-0.288460731727368,-0.125303644463708,-0.0683095417428962,-0.271553918371662,-0.183831477193848,0.129094274238639,0.00854784216642181,-0.0124225264690973,-0.22854676586988,-0.210041882522379,-0.309097905193808,0.0588035199816778,-0.218416403568869,-0.0997811881625504,-0.358085152870086,-0.108411171723534,-0.149256129571119,-0.197649052239792,0.000296465097172642,-0.428771406092352,-0.417763872434655,-0.284396116433005,-0.378986518005298,-0.27773789051922,-0.298567196649156,-0.269520434826972,-0.293374491336882,-0.182487756545696,-0.34827169181132,-0.170784938461499,-0.172801729912321,0.121182172377762,-0.202969160908644,-0.224811790563135,-0.30513708279714,-0.127125790555236,0.0135798044245158,0.436614451966206,-0.24998495388681,-0.241187827703107,-0.159865422866284,0.204108907916918,0.173180951547168,-0.259230921648689,0.0520356077510036,0.0289751358298684,-0.106273454803381,-0.272757585539028,-0.267465379258378,-0.0352282350741127,0.0140540511654114,-0.236124470148996,-0.00575168750424065,-0.00900482968364124,-0.199932868485643,0.15021991233813,0.294540634855406,0.0469874482140803,-0.00246555170298761,-0.21760415838291,-0.0391863883620114,0.121533460717436,0.177599668520693,0.197862885081327,0.0744907428795458,-0.0126134489817012,-0.174587986160136,0.0631613331329422,0.194207609772321,-0.00100452342255853,0.299690473880071,0.845217975095482,-0.181546797041173,0.166017010583167,0.102554492607372,0.126194335022086,0.285120564718039,0.144090190773545,0.0200303149102801,0.127755024557078,-0.0909127249295146,-0.153238426194036,-0.257521598899263,-0.0120724742719313,-0.0563498883977595,-0.0532295464361621,0.182970101372376,0.0533374070867883,-0.0578964266891151,0.319839807140917,0.00501516270773403,0.0662184134954588,-0.0139575810718076,-0.0389062733027784,-0.0432538389452149,-0.182115075703884,-0.291673233316346,-0.106545950899154,-0.211515064080389,-0.037473007190605,-0.107615426464713,0.0113515587298881,-0.155592609239381,0.0274550218361765,-0.291504154273579,-0.472508044503364,-0.12795117985525,-0.15168452178497,-0.290676898790672,-0.249038778510852,-0.169664145806121,-0.238486187396343,-0.116189660327986,-0.388990037053232,-0.211621677020105,-0.294811248790144,-0.276864839496308,-0.0545453815112812,-0.0758548920173416,0.12522922384217,0.123436333218248,0.341683459207553,-0.0519581746281748,-0.203172022388684,0.0690979580337469,-0.229980176705101,-0.0092514009005506,0.206510334074122,0.259210351712078,-0.228225969304275,-0.0341106360948095,0.0896934540450143,-0.0856577513484156,-0.249394877471426,-0.0228762749181008,-0.0432558014860427,0.15919855646356,0.0615132073007714,-0.0359643668177669,-0.243949017828215,0.0161323878691489,0.0766240567366954,0.150216679886395,0.0682515315615879,-0.201973837880167,0.0346209246504418,0.133041648439875,0.112613970265889,-0.0206433728428209
0.424986343101451,0.0986081878488408,0.495682426488433,0.391803082728368,0.343752508739953,-0.143359983024598,1,-0.0218146801962104,0.461809973845105,0.352701794917591,0.304741878539639,0.129402650871309,0.250719709365449,-0.0378234548406917,0.159639561245346,0.280598069487727,0.472104423426576,0.22127646917377,0.223775446852277,0.367665076298544,0.348738574571372,0.0603759468314831,0.107297944979169,0.149824541011115,0.0998781636729025,0.330414713384157,0.395401461749999,0.295141755821031,0.285606937284068,0.223549363776183,0.376978080269709,0.0775476568430827,0.282228381061336,0.100607465545277,-0.17451751506659,0.213131102047456,0.511066507064741,0.459821967733505,0.186005397226903,0.131716213508966,0.227207944784147,0.510996374335349,0.458789665131332,-0.292260441350144,0.370860701467104,0.51221375261388,0.35286992224296,-0.144275916366182,-0.274800060885104,-0.14935163167547,0.296204978767735,-0.187190231737482,-0.438185150405855,-0.19430053777177,0.293019308008827,0.205574573665266,-0.0343449852492816,0.121186729247687,0.0573197650506111,0.270597998294262,-0.388092762097177,-0.313225273009475,-0.277068798550585,0.225041089690483,0.335227727891292,-0.466944481069766,-0.407615004767511,-0.165987265676721,-0.196543085860377,-0.146654159312529,-0.151278798734761,-0.17293459285194,-0.31923498139317,-0.157565772596451,-0.359384826296455,-0.198851183764376,-0.447356964534395,0.0118727442731503,-0.299235431952163,-0.289242980608347,-0.24939292723939,0.116291395653741,0.431029151313922,-0.0533008915063008,0.162643834139999,0.32779455365851,0.395084569810241,-0.0163068712287237,0.40247777401088,0.26052965488425,0.404081241410024,0.499366946229963,0.203153589038289,0.278459836232518,0.0836225834846237,0.0849700716701888,0.0642447063439519,0.282391773928199,0.417928729120773,0.230125381399512,0.312649437805551,0.375106806719859,-0.173222031596388,0.309612908458173,0.351673570868224,-0.131358689620641,0.284592269595797,0.309083023567515,0.290887976062641,0.0909807043122777,0.201906991879963,0.386352255665414,0.355822485625808,0.083341170699958,0.304985707123562,0.153682394393815,0.334965965939298,0.288225626752471,0.346701942185438,-0.386823431728538,0.222200861480688,0.0990057577337883,0.388499472398415,0.448505595133751,0.340163119087086,0.279780253520366,-0.135014859815863,0.0623580723941414,0.100717414297178,0.349381926990625,0.425980159384874,0.247124174682129,0.322693464633052,-0.256028241863554,-0.365625506876705,-0.253890520347505,-0.0203529767083813,-0.204710819244804,0.141048759434758,0.341482440322953,-0.277992462697595,0.00518661298215215,-0.487410908016258,0.189056325650142,-0.128717625712014,0.270121303280212,-0.176228158722749,-0.450702676046117,-0.115570994027245,-0.374871559564918,-0.528983988152235,-0.212188895879706,-0.398139505784851,-0.247410830046279,-0.386414426508158,0.120126349521443,-0.385843484340394,-0.233461231781535,0.0372579816694821,-0.43353347157043,-0.209075250499023,-0.45352850976199,-0.0618162095274887,-0.343371919795868,-0.216938294323358
-0.0642163099448041,0.622357693143123,-0.199806441244817,0.234805772147719,0.057226315833567,0.737244691324939,-0.0218146801962104,1,0.0982978172446918,0.358897332712243,0.266125216005393,0.564377058593175,0.439212426606564,0.0276920474479564,0.366305322759454,0.103871155970349,-0.203299723102615,-0.240104169259194,-0.0803382060982077,-0.221266312674941,-0.212729578778134,-0.0644740781711143,-0.224250371024654,-0.312383951797103,-0.105807178387633,-0.299198603173321,-0.314332140288604,0.0421712481924802,-0.451604711514987,-0.40650489075362,-0.530540047367132,-0.228856367657861,-0.261359718139321,-0.471489227116294,-0.0945216984922387,-0.584407155533982,-0.299548505693306,-0.338625227979607,-0.470113553166325,-0.383520502510927,-0.493964955547914,-0.317415282513072,-0.422159314210683,-0.335457691196483,-0.474453597111407,-0.243152857790279,-0.441247474801334,0.0838923104221922,-0.189697674630801,-0.161076282781202,-0.372816787204604,-0.0193495743549133,0.0243146752108793,0.206278263565959,-0.309902940317733,-0.333364483995242,-0.29512858565738,0.110875382642453,0.0868732778663376,-0.524828555627393,0.247578444698961,0.106937808645503,-0.0324959356415349,-0.151089310199597,-0.335296576834451,-0.00951633737634493,0.13828898482476,-0.377302315329356,0.211506895497563,-0.162053486697218,-0.259449021226075,0.197784290105029,0.361698828926497,-0.0077611862458283,-0.0300628935670206,-0.300705237273648,-0.0308937893064168,0.219935892764253,0.277148076938297,0.247108436539512,0.0139946292779351,0.119055575134582,-0.158495767375277,0.0882026246565928,0.240426825398911,0.256513250168409,0.224739392231026,0.72638261562557,-0.034598623692943,0.209003247457758,0.0613500955255625,0.335445148207306,0.268170670927238,0.243233737020407,0.103226247385469,0.287642783819589,0.0984858315803491,0.0909699939707244,-0.239881497013476,-0.049128817681927,-0.0433573667968983,-0.0845114231147167,-0.00166786299645191,0.199998494594518,-0.156276866755377,0.14793154869196,-0.190694419271202,0.0455666305499389,-0.363007742276757,0.182446125068869,0.0970755103628276,-0.231962263995606,-0.477979328567578,-0.323139129908284,-0.339721939055176,-0.281434217394959,-0.350349082638597,-0.133455204426113,-0.41293799537223,-0.0635202531587518,-0.433607881142115,-0.41306856670751,-0.0316652490350056,-0.133460341598741,-0.384301506183954,-0.250833111471318,-0.308333564725586,-0.374374863828228,-0.277422082119991,-0.512890899779816,-0.165559604821477,-0.451201909130331,-0.36741434194011,-0.0133821641410568,0.0682923579483293,-0.0247495221209173,-0.0943930032952395,0.140003657854806,-0.173044715907249,-0.155167496961726,-0.130839955514312,-0.387415390336915,-0.0824006482848096,0.165885981441864,0.311273486524998,-0.308915593616315,-0.121028483013922,-0.0611237816559252,0.0272292432442567,-0.276948760631306,0.023615434962978,0.148736438923331,0.296218198463449,0.0862920461262031,-0.104974543435525,-0.184322522365349,-0.207302938878687,0.143919387120239,0.0670370761793098,0.154102259152883,-0.27335100434035,0.103330065191671,0.187547361299572,0.268301742871542,-0.0337105151718156
0.699292541507611,0.459432390330926,0.231584083419841,0.82292461572007,0.574782669949996,0.0629398772882137,0.461809973845105,0.0982978172446918,1,0.38765232857056,0.840157553227326,0.554852271078662,0.51446510917145,0.0155310643052869,0.204089464500584,-0.0418547647511242,0.359361555133327,-0.0596920673674705,0.351613573496184,0.539788927366526,0.023705986151918,-0.126809078523607,-0.255041355061383,-0.186870226829307,-0.196830671193565,0.060204913742011,0.135236799635031,0.302788760033088,0.0407532326377273,-0.0747332640870994,0.170833583372579,-0.18274041867195,-0.0234968618183712,-0.0874925290637872,-0.439476932372221,-0.0885121322751397,0.233963935367348,0.28513849664253,0.159602774603944,0.0549280579477497,0.123270788320608,0.13390275456632,0.271653510462742,-0.47445868766856,0.136554896821319,0.40852764431388,0.202675099002446,0.16506775602776,-0.360713942630371,-0.286100835677129,0.137169781318228,-0.389268400714011,-0.410444776636736,0.262693266847621,0.00930747725048098,0.0652006457829433,-0.0969276779428637,0.33853155251879,0.185382752947425,-0.0314227863840571,-0.534592796060039,-0.452323477799781,-0.0899847511459044,0.16400090067937,0.155050733093147,-0.469806423555001,-0.645691352496852,-0.264602249185319,-0.320386386425149,-0.0830089750479693,-0.250727243346235,-0.213782882079833,-0.334411299144054,-0.192397187166753,-0.337452085491837,-0.319085295489862,-0.556938016395971,0.0154743678396895,-0.373714843022646,-0.147244576671591,-0.339794977505764,-0.107481529929863,0.262735526342784,0.0580510996344136,0.280072157255199,0.646101049681034,0.0898915601788715,0.122489994966474,0.633684731645521,0.852311006065388,0.879351826592998,0.250958317213404,0.829519598711981,0.272943064630356,0.126862872032114,0.1279687350648,-0.0923819156306566,0.011195254225903,0.416470704542214,0.226951528726806,0.467821737355691,0.2440520890175,-0.237664986435019,0.708810246988488,-0.0714092952492782,-0.221011607687711,-0.0197116154808445,0.415638363717585,0.0664142824445551,-0.0204887420066606,-0.0154765109475931,0.129802831908393,0.0237504144233117,-0.149159636383792,0.165421967148057,-0.18779751108524,0.268978262774451,0.139204451433299,0.0819272937529328,-0.306348175000406,0.339765462137513,0.118539453311289,0.28654157835687,0.247862895215335,0.369081993745641,0.231393701026781,0.0244428938250583,0.26688580182774,0.226046813440638,0.29358464246451,0.577104200570808,0.377600277856037,0.271978616840272,-0.0603465935157282,-0.336392058392052,0.0553926971015431,0.182738170639509,0.278283958813531,0.26891464665143,0.291864721688744,-0.0381149945781032,0.0768808031649195,-0.244614007652159,0.544346584563508,0.0518698178834086,-0.0953213820835292,-0.0533344514924565,-0.105820841364227,-0.378091433898483,-0.263019270208841,-0.471437855526439,-0.353118148631096,-0.473392269051346,-0.176549831452248,0.0188597740557226,0.105161353756006,0.083741678045372,-0.126749843418577,-0.140070672741975,-0.414860555078821,-0.311659929425319,-0.496736048726766,-0.00970488312062905,-0.406252504246955,-0.303865445518425
0.557451041479281,0.482777919822372,0.20898640563756,0.306617405406225,0.394371853896868,0.149094336825419,0.352701794917591,0.358897332712243,0.38765232857056,1,0.518259367754003,0.545773623036794,0.792636773433406,0.0555131905472182,0.292596247635145,0.250566102149446,0.0752157532587838,-0.0886125892252786,-0.0179359826011767,0.307131839067519,-0.0364613910277363,-0.287229187897627,-0.188960575756694,-0.211643033583666,-0.208198832390802,-0.035640084036977,0.245201539243705,0.410960898639845,0.00784746533351909,-0.124485531493761,0.0492915057081746,-0.202351168191893,-0.125838207279396,-0.241727891947057,-0.196135593047123,0.0234579829325521,0.12289354715822,0.214628141239194,0.089961675568254,0.0591068202515413,-0.0747310042364114,-0.0607939712711969,0.0386764151055888,-0.309184736273264,-0.145908302611489,0.131127162775006,0.00671563101772568,0.0221093417961047,-0.100945256987642,-0.175250876874105,0.0853562999923229,-0.215859348956593,0.11410965265108,-0.0784309676560361,0.104887198472645,0.165422582270947,0.0997004291738948,0.304449446450247,-0.0752391254043678,-0.123786526235509,-0.13332842418708,-0.13134259990212,-0.119223150030508,0.0751191723493635,0.0490443450734723,-0.253625787917372,-0.140987499337611,-0.134826609723795,0.0475746600401811,-0.0491556113940302,-0.0309361302730695,-0.196426508843425,-0.0723735855535727,-0.246224795178714,-0.178268545437813,0.0716383273205098,-0.310107527957089,0.087411954521491,-0.155981679953495,-0.198590679142376,-0.308285221534563,0.134917332910003,-0.0125498614138913,0.215227354265756,0.490238207617323,0.619452224045408,0.281789472402359,0.287023675821327,0.371719615374287,0.502259857180743,0.361001995220725,0.622402746676684,0.478831822559075,0.65022706667601,0.076846473598132,0.185540942305224,0.201006036465309,0.130318402295797,0.182812441084253,-0.0401603441106345,0.110307534439626,0.144124806705535,-0.247468545299228,0.343742539655474,0.0113492643337442,-0.087129852891064,0.0537439197430985,0.185941755027524,-0.140962020894592,-0.0416364759930914,-0.0657421389461272,0.0813028611583217,-0.215700253672446,-0.146404737143097,0.029550724308249,-0.132309133064601,-0.0136543130893401,0.228558102123238,-0.109184183464087,-0.252687561436466,-0.0714466921774237,-0.144997117105106,0.073599364974881,0.292961026592278,0.167332478706555,0.222070049474608,-0.00342425375167533,-0.068310906672921,-0.0934496662766603,-0.0996486789062713,0.26707658375034,-0.0424657154063741,0.101260772767561,-0.168196969714263,-0.18543198003395,-0.240896262466405,0.220877870614884,-0.0823241886852304,0.182306009918592,0.166814417375881,-0.294978878220353,-0.245639862160501,-0.201193248419174,0.451305064344009,-0.223794859839073,-0.312189550531049,-0.249473238728998,-0.114254740152483,0.0456534770385722,-0.363560839224642,-0.251755084986201,-0.173115543880503,-0.01578890490933,-0.241024664377213,-0.221919627680561,-0.254105918584748,-0.169527651730495,-0.17022848215261,-0.208098296988943,-0.223198004971805,-0.38297736422129,-0.18387974232883,0.0940278948282553,-0.213919184123342,-0.213298641936101
0.640546293611219,0.65025857612474,0.0705724956437636,0.768215405573697,0.544335819331856,0.241566229319096,0.304741878539639,0.266125216005393,0.840157553227326,0.518259367754003,1,0.717496975520738,0.708752178495258,0.135647452833754,0.41801341570336,0.116516219908704,0.325534711769677,-0.057114101393839,0.309974220118592,0.587273749201592,-0.101452881678791,-0.258117615619471,-0.296915274926395,-0.304882192555038,-0.309187884222514,0.0160358426803534,0.05697348508179,0.28862961683426,0.0543507191823169,-0.15727329379982,-0.0156801319585513,-0.348673809768403,-0.156648521474139,-0.224392854650635,-0.451431395077914,-0.156360047930765,0.175232441222803,0.326509830884131,0.0915672626035908,0.197890539028193,-0.017466712860476,0.0825047790175338,0.207125724880538,-0.497021330823948,0.0301832785166514,0.288479632210201,0.183275990168415,0.221054213052499,-0.389960217703548,-0.408063234306379,0.0206167488689601,-0.332930101623637,-0.132047427099448,0.249243144897044,-0.00436071440097794,-0.0128808667072312,-0.111396829117011,0.36796130250803,0.19267644456103,-0.11776314948161,-0.326487462378299,-0.25868100724384,-0.0480670999180272,0.164738447276183,0.00592277345120605,-0.479773393033701,-0.539055973092511,-0.278478685162414,-0.191200976276427,-0.0579733418277516,-0.205269730112689,-0.227249805093171,-0.209532954568948,-0.222290113795676,-0.339515658563329,-0.278023649526846,-0.511899259499769,0.0638827470386016,-0.322909671928881,-0.0686635684801454,-0.423762687798877,-0.0958338652539421,0.0408093386474598,0.166634495152179,0.457229319115339,0.699473010376941,0.0847121972019627,0.340868421039097,0.564184372767522,0.760408041847869,0.748388560275545,0.317251701896037,0.913372431759731,0.349915427044596,0.276746639449616,0.337531149653083,0.130392407538131,0.0287862114822248,0.455196179999106,0.260366204263098,0.434269998750562,0.121339999955459,-0.258521287532233,0.779394059100436,-0.28428436651947,-0.274041247336101,-0.0392881605485053,0.42412869014562,-0.119631097858773,0.0609138920508097,-0.0361317319008993,0.0652907282790861,-0.213079263505916,-0.0417049068049809,0.00106828089538659,-0.211625414812015,0.0620570866378726,0.0690650705789914,-0.0951806411764536,-0.375009684610303,0.1516894654743,0.0617241632767327,0.282322517044409,0.356839042564624,0.258098974123767,0.275432895329346,0.121312713384997,0.0990521503796302,0.215912190159946,0.130319458567228,0.490476251233986,0.277739044167611,0.19241695467755,-0.154121109479727,-0.401334988325314,0.0587257628116423,0.328880177148094,0.255520698067717,0.196535307128956,0.130217564483197,-0.128539353856492,-0.0999813807486902,-0.206627249813882,0.594688128852388,-0.0138787116259372,-0.349411917680821,-0.151706592558659,-0.0838110574120455,-0.34574579696864,-0.360092293507329,-0.45054350786626,-0.278682393755529,-0.23288335916026,-0.037171074084256,0.0108154091288501,0.0645707556841586,0.134880740134274,-0.160710692269025,-0.162890583345083,-0.377968198578426,-0.343233254257791,-0.420258638782604,0.0516154683546634,-0.404121586754185,-0.386727956327023
0.431660424798426,0.725415089926394,-0.0480312771888905,0.539147813233393,0.37566582660733,0.541094438865486,0.129402650871309,0.564377058593175,0.554852271078662,0.545773623036794,0.717496975520738,1,0.827378898905014,0.0890226058735677,0.299626370974432,-0.0636315008854029,-0.0213466554036373,-0.283020034618536,0.0540089188855793,0.150320361325396,-0.253704386265643,-0.308996541615382,-0.354903094307547,-0.391286670511637,-0.320768650994182,-0.15114403255497,-0.0289704071099357,0.205113217001044,-0.230032344821841,-0.328379953875855,-0.147695617388977,-0.233291212881828,-0.293667345066039,-0.398609353427055,-0.37731318146545,-0.342452111606542,-0.0279653406262479,0.00589836629528469,0.031509341166666,0.0193995327908842,-0.0952391507598667,-0.111818135353843,-0.0564814248345688,-0.273213791486113,-0.222711498767575,0.130102938324312,-0.106021244772206,0.12897115940949,-0.0891208522999283,-0.273642472865964,-0.0195277749274179,-0.192370502174288,-0.0507977605992244,0.330166768608024,0.00992209339801394,-0.182423843641316,-0.0694798351063505,0.438405978419534,0.291578917382316,-0.135699921445378,-0.217994537989316,-0.183890796878649,0.0159552900311522,0.0483969380788165,-0.00467257963966419,-0.0848202275490855,-0.234412265785031,-0.203695418157513,-0.200845722883405,-0.0881343078291992,-0.148776233427675,-0.071545062945468,-0.0413431081661667,-0.0968770898497769,-0.107366003789041,-0.0276809604379335,-0.217865766188948,0.117241626367527,-0.0986070270144161,0.142543934604558,-0.136054150992916,-0.120904323438702,-0.12355122830147,0.175740190465653,0.436772696380727,0.606046959531114,0.132731265679805,0.568872015886576,0.327949515599654,0.644048237304103,0.432207548944467,0.271521332398652,0.777177236999747,0.391629489877538,0.152763124462809,0.280224740604173,-0.00334914929625859,-0.100434852247869,0.11416054513086,0.0267362753190069,0.151868303196976,0.127198105660024,-0.209373055812443,0.458977718696394,-0.340188789970485,-0.103270299090033,-0.217272231356148,0.191823643546134,-0.234685304091596,0.016301111364019,-0.119854682986302,-0.0870271743857044,-0.2715749646272,-0.271767303972168,-0.134765810780068,-0.3457564565888,-0.112997788848495,-0.0660154360465177,-0.307466176519568,-0.229585349914333,-0.0443692706049243,-0.15580250744547,0.181323918508034,0.0475985653087103,0.0440392057175922,0.128239462899663,0.0889052990135818,0.0239008829214785,0.0984398439808156,-0.138580930768023,0.29560639611055,0.0405396378542713,0.0967219353852596,-0.0264909444343753,-0.184550494091905,0.101003987892194,0.183657052851833,0.33104635887026,0.23907440308182,-0.0302144602766756,0.129025289831602,-0.0508621135036085,-0.0363908673904149,0.586832961332117,0.221212677841701,-0.451287790610292,-0.0245475749593306,0.0988366668153676,-0.199800548630251,-0.155598786672342,-0.163469179696578,-0.262972891447748,-0.192548056712299,-0.0477212657869741,0.0499686749216711,-0.050196877602665,0.0829996298406396,-0.0695107882521292,-0.143535827783104,-0.179809423478733,-0.266770415836254,-0.287867928741894,0.131342278884798,-0.190228652262178,-0.215396414277253
0.554259808758047,0.656072201927341,0.0954677352994032,0.450299983078734,0.361285416030069,0.336038260711387,0.250719709365449,0.439212426606564,0.51446510917145,0.792636773433406,0.708752178495258,0.827378898905014,1,0.117727674517527,0.325200500841284,0.165873392584557,0.0631576991128464,-0.222911065361926,0.0484782362751049,0.287625598508866,-0.142817345173952,-0.417678898412059,-0.336535969118111,-0.345349906450034,-0.217763033087952,-0.0672510895913968,0.133823986275708,0.357120003526188,-0.103593403921829,-0.267998364655925,0.00802432724162626,-0.243058967868837,-0.162788284827496,-0.329726634106204,-0.370215679587764,-0.117476688834362,0.171756090682896,0.191812575766726,0.155247321431502,0.134698057268836,-0.0732337137572391,-0.0845857036323776,0.0716183266665309,-0.352795418361153,-0.141854812692906,0.245323243544167,0.00936740004949108,0.0581200559015505,-0.114269636591888,-0.215212471272085,0.117562063928052,-0.330834948373924,0.0344936689517159,0.163564487775657,0.104700339241374,0.0599408035511875,0.0472822872725874,0.444327411978154,0.216897936427265,-0.121802349315128,-0.235023404859195,-0.189112015033686,-0.0311536419909179,0.164851373024091,0.0664359015947319,-0.200861111256025,-0.22267082151925,-0.16011878855828,-0.152239792383372,-0.0713128407212111,-0.0772954773641352,-0.262067032591051,-0.152715849348041,-0.253117890805791,-0.255531124150007,0.0745943460490171,-0.38323563154094,0.0532511024922902,-0.206410600096822,0.0266015429195399,-0.249935915254574,-0.00821822675347451,-0.171699885039806,0.189290342515417,0.527406968361831,0.690619610379196,0.14207235313809,0.426428002067261,0.419614634835657,0.63446537531012,0.444491130697422,0.477960608691753,0.70545657528174,0.638008692246172,0.105800249773469,0.240239881424879,0.150538772145248,-0.038702932842864,0.236509074621406,-0.0457953335691192,0.170823208512014,0.150234620135531,-0.330036380301656,0.493069010915652,-0.180449877271957,-0.169112506730892,-0.0255199015625702,0.246068569463383,-0.203066313990304,0.124958085904077,-0.0247942472208168,0.0651239442132145,-0.222605082752158,-0.23475502583741,0.0118331813042477,-0.281954620302174,-0.0560914427235316,0.158352372028443,-0.240101775151134,-0.31707023425361,0.00681643908423014,-0.0302646836275644,0.234403211114142,0.231344790800683,0.135648335709486,0.233650682824618,0.0831621098527296,0.00793740415807696,0.092145498447242,-0.0806077306827302,0.380580258254583,0.0902352363143701,0.17254713823623,-0.0411573351748227,-0.193666770468581,-0.0381485993507088,0.2458223119861,0.164523383254792,0.274942588098048,0.0975700194827006,-0.107718222092565,-0.108711512328561,-0.10342654433568,0.663670820223438,-0.0477918169448747,-0.34076238331714,-0.189949979036283,-0.0271392859538791,-0.106478844142679,-0.258771483001675,-0.237056049499721,-0.295569713168108,-0.194357349879107,-0.168294455065248,-0.0484627670179164,-0.0987727798289741,0.0127832929297919,-0.228107462199363,-0.20186868547934,-0.332394079879903,-0.346048536425944,-0.373959831935673,0.07280367569438,-0.283789868448024,-0.287482756117875
