1,0.738560732669728,0.26133365402299,0.822858070097153,0.785294595940412,0.521733896868531,0.258159471013064,-0.369614840388671,0.803976275287198,0.669900855304222,0.681171070539681,0.723020347508957,0.746697882322196,0.114829883869008,0.104446626268306,0.0799838124131476,-0.315923524137836,-0.072726946726935,-0.178640184213499,-0.229949083573743,0.179356269696448,-0.212508004018428,0.0256248997008457,-0.0049644093335074,-0.0778617858314808,0.412497275690363,0.0430060987225064,0.536726980522537,-0.117663721871628,-0.0178426619910127,0.672077793584801,0.120387855772537,-0.03026752849396,0.379398999139759,0.0272046340786972,-0.00419962645797172,-0.143792040629196,0.166288206614045,-0.23305472864017,0.0216698768301686,-0.146832842365933,-0.0949092382149506,-0.0281795794775503,-0.297536493336661,-0.162035024431223,0.491314096070055,-0.213993927257992,0.069498454543689,-0.151072377927788,-0.0241298860464978,0.0318136119890211,0.09750097282964,0.0119074376438923,-0.240740856875125,-0.119871697014676,-0.121540664125318,-0.187611481481045,-0.0633176327190137,-0.305157934569177,-0.116632413515749,-0.0691556801098495,-0.233264450829732,-0.315346448638501,-0.322968020606055,-0.193949857726427,-0.286971850130465,-0.387082794545815,-0.183834064420484,-0.356463561513239,-0.138364741742075,-0.170716196945405,-0.448986027182538,-0.295176354181249,-0.426147023895591,-0.248228359698427,-0.142914572097339,-0.386844006341786,0.215472325605793,-0.272720254527882,-0.389516565493163,-0.295945032431446,0.487682068472819,0.406017260950064,0.89788308173906,0.829397000713807,0.759345863224203,0.160131164541972,-0.0209332418777203,0.775849858754616,0.748466012897562,0.631978092259029,0.762543632903888,0.722710197506806,0.870166588884923,0.100527330184491,0.263476484036023,-0.199587490309523,0.115707471579842,-0.02768771436359,-0.289940202336105,-0.0947124465075553,0.246326984443842,-0.226727745491452,0.0517772859843145,0.0667854103765178,-0.454433035016656,-0.113129035418842,-0.250824885647517,-0.0874902687721921,-0.0808720699126316,-0.315813568517636,0.124652181951557,0.0756996960777359,-0.119625731082924,-0.0501721215428701,-0.11967659428491,0.23368337217336,0.264235075244685,0.325287238224907,0.229128322809192,0.0978590492643336,-0.0296845451425478,-0.191827601909777,0.142955545226461,-0.0328018025337971,0.205485570298193,0.201328682795971,0.044658363617672,0.13861826654676,0.158796737718568,0.366185249586934,0.0700473514277613,-0.195238249020657,-0.300160253394036,-0.204721293445444,-0.368418105919381,-0.129836199160961,-0.30056008122047,-0.241748278273911,-0.196087952407349,-0.112858039090967,-0.425282236194671,-0.502572298806462,0.305019148791837,-0.364046174821203,0.05766325275078,-0.236155148061751,-0.462190005867868,0.46971880003476,-0.512590469623771,-0.49913485583879,-0.331229571123223,-0.397900536028849,-0.303381974963871,-0.316811507279083,-0.286401810122838,-0.216343628328995,-0.416085454414254,-0.426322345067712,-0.519521438100215,-0.408252342665522,-0.40122569890594,0.338654281840367,-0.491156222138557,-0.3633878550289
0.738560732669728,1,0.404272610713581,0.656286510779704,0.619374558380714,0.777142333810939,0.319264465806711,-0.00460359082406675,0.653081081384781,0.75479879563041,0.431861035971783,0.596426093566487,0.734662700604789,0.242459021011647,0.266456571830747,0.116947330137611,-0.197172550264355,0.0348138450962178,-0.0675433746861213,-0.195847255628713,0.128152186916516,-0.160243081688623,-0.110191187733006,-0.0934428147398606,-0.078965565838379,0.356488500108736,0.00226371171144167,0.339512434873198,-0.134401497841348,-0.071840571888793,0.486944914115069,-0.0101300785591307,-0.171253116419263,0.243776476271452,-0.0820590325738657,-0.095681225727565,0.00428431169216665,0.107844223459932,-0.227747737629989,0.134126811762946,-0.0707422639745727,-0.0991762191338249,0.0340285495160213,-0.320186338890791,-0.23587854348864,0.280513055207455,-0.174019714767832,0.104814424141828,-0.167097536050713,-0.078174239697693,-0.0638725071693713,0.122145355988637,0.0723361916933873,-0.230042499073223,-0.120178670336076,-0.0603730221943704,-0.15126444436088,-0.0783025906807645,-0.188643409708318,-0.19130300678976,-0.209057540002833,-0.112279474542741,-0.23524777468333,-0.147293046379288,-0.164259372459989,-0.325077571217281,-0.365999691949132,-0.230731757636709,-0.265046121300478,-0.081195059982207,-0.206106111975668,-0.306911825532038,-0.204886657782657,-0.361527014061753,-0.0715863977217406,-0.131271879847835,-0.292518803423138,0.16307484221234,-0.276524592865153,-0.351951582443487,-0.313232153497975,0.371816844159135,0.343893738029772,0.602704983846728,0.859632894570795,0.604766319932486,0.388475687611605,0.362335700143408,0.507669454339428,0.597692608648133,0.43724063983789,0.603551296425804,0.524988508110586,0.706429223751525,0.31295840072396,0.388439952712744,-0.180455343657396,0.245929631156094,-0.032227075118356,-0.307230520754102,-0.0182932103349797,0.08509742474919,-0.251259711133528,0.035867522330648,0.0662983694212639,-0.388004712756386,-0.114902202630364,-0.29939241300032,-0.100161631199797,-0.155011644921897,-0.255310508375278,0.118679211128359,0.0747624050759727,-0.106577168715155,-0.139908213047895,-0.186670035310093,0.0570839752914665,0.0482449914321287,0.235383037180678,0.0323968386280896,-0.0105472702531226,0.00832614551901516,-0.0442685723848929,0.172790794783913,-0.0398927072934758,0.261903796337888,0.270382453094136,0.129377276500425,0.191236240721489,0.111827217406601,0.244774243786276,0.0337335746818293,-0.100734051449129,-0.222411401816164,-0.193430425681504,-0.239330752062579,-0.149597695100136,-0.281480196730885,-0.179799001538471,-0.0260824867146824,-0.188909501224472,-0.341248273541977,-0.398731786421856,0.272834058646747,-0.289703525141811,0.0890027869962337,-0.125037264880343,-0.264216007262286,0.319932325553159,-0.380060000950067,-0.455505183700213,-0.265780063247965,-0.23227769130947,-0.0957821879770386,-0.0554123723375257,0.0134137130615956,-0.116245780360737,-0.276733328135052,-0.203346022822675,-0.376949233890245,-0.343421245333382,-0.345229504543684,0.189696721865389,-0.394606746284258,-0.393587137732979
0.26133365402299,0.404272610713581,1,0.0337833296831356,-0.0372724817026684,0.020853974577956,0.263081822660064,0.348535541262792,0.0120367194508574,0.437792229141353,-0.150802450390488,-0.0521554624559124,0.368444432197129,-0.0870679349296315,-0.0285010544082428,-0.155360843362776,-0.10666985956759,-0.162349399424924,0.029074920293237,-0.0745366363476631,-0.156475319383271,-0.230052556175685,-0.179093618917229,-0.185260531956811,-0.00232315644271026,0.646540429053114,0.295797616613523,0.586657385298725,0.223226352292362,0.164214178686778,0.295380869834154,-0.110698604331325,-0.283169855002242,0.132311681218892,0.0426536664337685,0.379399120968215,-0.156117158477789,-0.100931925192687,0.0177903520596699,-0.000533928308070585,-0.161348497247981,-0.129256005446059,0.106605781724817,-0.161616870510852,-0.195657818559038,0.0130236316276498,-0.114057085595211,-0.164332035680815,-0.0532574954399129,0.207894247912665,0.257382021263912,0.342590619941412,0.173960687072142,-0.0834503775792617,0.128012556084669,0.0343875180661441,0.107459208021535,-0.0990520289852748,-0.04210333878968,-0.0749908036378551,-0.107581595893616,-0.343000248407964,-0.274648759174211,-0.175640854788753,-0.128313506485686,-0.170342864706195,-0.0441886067856617,-0.232708848953237,-0.295340554890573,-0.046098561030594,0.00549954049836362,-0.2240048465965,-0.186188953650803,-0.289846330011549,0.0464072834084434,-0.0370267647860442,0.0305119397555048,0.108134234486191,-0.142045790600649,-0.121508840204335,-0.0790057972624365,0.242173303081344,0.417744468077219,0.250128587521836,0.338734616576021,-0.0795845030121336,0.512330688255127,0.113041858553326,-0.0810582378899061,-0.0524402589320498,-0.157035144556193,0.377817917652194,-0.120456508972462,0.326890064567922,0.00680513133656201,-0.0844906731800496,-0.105134143527226,-0.158163350543128,0.137942154096951,-0.00995014588821295,0.192701417609934,-0.272127179034645,0.0707792672280841,-0.148521180345512,-0.100417799853161,-0.355799201102819,-0.26195109891651,-0.219040097345287,-0.404448132247241,-0.158692185763597,-0.0145847759509181,0.647854589789949,-0.0624678087586664,0.322276555200652,0.187196331231416,0.24538939958288,0.197213275230981,0.408305266907292,-0.192952526397562,0.265967805928586,0.375744083785887,0.0117618582551329,-0.181142469242063,-0.145735461450121,0.196316816319129,0.000575137818795634,0.00907734619466558,-0.101634664300697,-0.098341481550874,-0.100429263387045,-0.222294360049431,-0.356417981088159,-0.234657809464734,-0.125938133142392,0.244032184944258,-0.176705490700602,0.0679518269147985,-0.0814558584551435,0.045533674528373,0.125602827337654,-0.200457249144534,-0.100119563262457,-0.105487032958922,0.00700745295972166,-0.191052839679808,0.0750948995883216,-0.292545393728132,-0.109344120234631,0.207845022886551,-0.231009048401192,-0.1651850431307,-0.118448007091769,-0.106455656219596,-0.232044783167821,-0.0342352042625509,-0.067265344514757,-0.0578511876923737,-0.237400689823325,-0.28651094703833,-0.174283094262689,-0.100772554889575,0.028780415583825,0.128060146339305,-0.179164618986051,-0.0356957484640762
0.822858070097153,0.656286510779704,0.0337833296831356,1,0.83555404536939,0.701839940146708,0.171527246280139,-0.495273756554374,0.91639716720801,0.548205858139428,0.815425851402499,0.89607320453937,0.567875552988656,0.268986346377254,0.194306065390146,0.171781128694395,-0.0941469673655776,0.131770912306653,-0.111631684982081,-0.150886096248858,0.256621891757545,-0.0882965911317836,0.215252506944632,0.110997752363004,-0.119943645602207,0.119474808561558,-0.0422987618502554,0.232313716822821,-0.0813357058212674,-0.0180199901558635,0.434205010061182,-0.0020735908613998,-0.00408938123690392,0.210162691316897,0.0124835733420407,-0.0405113608579414,0.00296703914413882,0.342480406954254,-0.187897452938117,0.136013547355217,0.0281317917073648,0.0638179147345189,0.13827449347136,-0.373956402529626,0.0653306354824915,0.482139126736444,-0.046097413959658,0.149758726783401,-0.159194430804913,-0.157511691927687,0.0460801361688781,-0.0481453938951565,0.0143442320238662,-0.315297267843598,-0.0946898759396143,-0.058988273695317,-0.140966560122283,-0.0375887341267022,-0.297770585905513,0.0667067330165256,0.0612026898790504,-0.154561331083226,-0.188711513598439,-0.242280708606901,-0.130368152489344,-0.24597520967827,-0.476698481151431,-0.0366594197724064,-0.337935926116841,-0.0677045576214983,-0.047713788451883,-0.445486728621419,-0.266363089202966,-0.332056786776001,-0.197480767081036,-0.182263569139981,-0.542151543426738,0.108250152808652,-0.32023661375924,-0.439925953949487,-0.452808934506858,0.392567592416756,0.101288699649153,0.715539449605283,0.724057013381399,0.905449500191707,0.0713496070219981,0.0645870627948219,0.816017622457476,0.91411210396144,0.813750080157705,0.576210021546777,0.882868950069058,0.692694422566012,0.107906941500421,0.323502101800111,-0.149740080448432,0.316352254305646,0.0669491294231577,-0.159040269733757,-0.141400572971341,0.346537327851559,-0.217037140178453,0.0657181061583212,0.202154667531951,-0.298360357681319,0.162285488331478,-0.149800901166291,0.0699882379090253,-0.130964033378401,-0.289241150756778,-0.113145090862745,0.106615045068421,-0.149014846891156,-0.059653356566432,-0.154948115993701,0.195087370870992,0.0571451729091701,0.286469714809077,0.113725846311362,-0.0181231519600385,-0.129709208723038,-0.311984344977006,0.332354226287907,-0.133567017015765,0.308475938923921,0.389574428581835,0.202891077486123,0.275763935763174,0.283149975717629,0.445904319437774,0.197334759513621,-0.104923899209745,-0.169406821256898,-0.334603825545813,-0.237718761716158,-0.0911544963038605,-0.257445177830369,-0.170118638095692,-0.284500986087038,-0.0869115227958166,-0.371112412792702,-0.385286489826271,0.321776844208527,-0.391451048643968,0.0899634766314593,-0.098682879815798,-0.372072193717011,0.360445382392509,-0.517238258718673,-0.480412208005262,-0.315972979711595,-0.372090995254798,-0.287610086535363,-0.247343963372624,-0.262757244354011,-0.109612010204118,-0.344346656955182,-0.295901204527277,-0.530204218940254,-0.529054660958015,-0.595495902945901,0.206232907393254,-0.573413462262402,-0.528359245331243
0.785294595940412,0.619374558380714,-0.0372724817026684,0.83555404536939,1,0.606790249733909,0.196680818633024,-0.38426797585328,0.828267047299196,0.527663031878535,0.811919324144726,0.816442481924707,0.622645456230466,0.270213802894406,0.250252208939474,0.185107093330471,-0.119513107252813,0.118292656793482,-0.251863455262438,-0.370879557361499,0.163782183688957,-0.205005181775338,0.0534910851079956,0.0932268980197482,-0.100542916271724,0.141426119354775,-0.205547892564326,0.186300764202389,-0.147215162469852,-0.0854031616793866,0.330802552636024,0.269873269690242,-0.00178991462225974,0.018130790577108,0.168188255198588,-0.152071801117907,-0.137181521632764,0.310917553034085,-0.415625586372448,0.274080907368793,0.112981606183539,0.12989755269744,0.00203332559823171,-0.211304166319295,0.0300067778938887,0.531702919872836,-0.226598295763136,0.273149579865418,-0.205191074876823,-0.232210522311935,-0.14201912938159,-0.14183972674916,-0.12622058678098,-0.198296943646942,-0.202615840956578,-0.241419978555462,-0.371202304349637,0.154713788126771,-0.245892883014075,0.0864766815490182,-0.0784620197168311,-0.000628360060786799,-0.179841048458044,-0.29838603886952,0.00979027326164096,-0.264577343802052,-0.336330748276039,0.0361071508551155,-0.0956661176918379,-0.242482259113308,-0.298033467761826,-0.162106113020199,-0.206889218382994,-0.0823599080653721,-0.276630703262306,-0.208918771505926,-0.327255504153263,0.434266494872392,-0.177873667053755,-0.337293172420355,-0.263613853029599,0.552237098150442,0.185668438874985,0.749929539785589,0.689457335952576,0.865903950359602,-0.0569417572777669,0.104006800398104,0.852705220368142,0.846284209950971,0.750512118123846,0.530789948110234,0.831273050952072,0.665966952074695,0.12907096231015,0.20579817220707,-0.143819781608169,0.232186416989795,-0.0843372490577522,-0.17085366736648,-0.312661623311953,0.312013947194977,-0.289121416611442,-0.00544289113901905,0.108848573358812,-0.396021894215221,0.068905866691049,-0.258216636534472,-0.0068797791204155,-0.0888587684839445,-0.313656663971856,-0.129240387689605,0.187407805550269,-0.159558489828869,-0.104571847569145,-0.233081303605458,0.0739441581335145,-0.0187732632221056,0.227629485004986,0.0559477146217543,-0.0850353958173135,-0.153175661991544,-0.15999045195609,0.257866198135529,-0.302573590366962,0.36291609058911,0.362536127609028,0.211111744656308,0.28440066665864,0.31330959121943,0.468037804505298,0.0954147279712419,-0.121731593847693,-0.272222029863475,-0.400188055686468,-0.142035053416374,-0.292220841529144,-0.343995428632767,-0.314169430955745,-0.42381363184913,-0.0224924166911808,-0.470443683116119,-0.557859037852078,0.506174486263916,-0.292443294150178,0.181400367194451,0.128007236531292,-0.439560881297004,0.516621830990111,-0.358895739936772,-0.435915617693724,-0.245833822579372,-0.38534065853008,-0.139082041869059,-0.283848943324842,-0.268011252823574,-0.261751606952342,-0.118600372065087,-0.0959924125115527,-0.492421927589076,-0.405005246614246,-0.497288770466652,0.488444741445158,-0.347082544419624,-0.362652191875246
0.521733896868531,0.777142333810939,0.020853974577956,0.701839940146708,0.606790249733909,1,0.284824341792265,-0.122066133582368,0.67333954892324,0.608663633990535,0.484949568358769,0.733132369144492,0.542458680940389,0.36295789595359,0.38626993001395,0.220437023891424,0.0553446707789838,0.278584280515479,0.0503066521822542,-0.124443632268818,0.243413583518187,-0.00772221329070651,0.138104140985042,0.103873021209343,-0.0669999274628902,0.0599271090206867,-0.0417408960808691,0.0329234878192247,-0.0726125150515832,0.0189563086744306,0.270664330020269,-0.0355192252076826,-0.08489404454638,0.0436822708565448,-0.0303663417804315,-0.168724569434014,0.143584160837677,0.329185418528336,-0.219028036031637,0.186219130482051,0.162360809978833,0.151394656928084,0.124216309307867,-0.326436610494625,0.0274857843052591,0.26878744653108,-0.0360084045240426,0.245474687984752,-0.314411638214677,-0.252750221562786,-0.0787449343262859,-0.0255631606945493,0.0411247996326986,-0.309726994514968,-0.0784094925790956,-0.12701694410921,-0.199621410460179,-0.128993449154267,-0.18417040340628,-0.00838036870582715,-0.115278311802374,-0.0419618540712426,-0.208525338354362,-0.0262520811782932,-0.160026000977831,-0.400843014665344,-0.558498504892615,-0.0909360468048669,-0.245739420379341,-0.156043357567787,-0.159084663671682,-0.301670036422685,-0.298384349984013,-0.196748729694059,-0.132241548993576,-0.31234514297214,-0.519593326069344,-0.0137737342916883,-0.440674524009368,-0.470770710024974,-0.547717430888598,0.192042883829394,-0.00642128428629322,0.364240678727539,0.676099844591815,0.628961489248876,0.27105628850497,0.540167835506138,0.472080754212908,0.650191318442609,0.522589393970708,0.417611813280692,0.611822580014853,0.498994836528487,0.311564284011032,0.41056886595584,-0.111487886858381,0.400489057239022,0.0676703716111791,-0.144163339196518,-0.0691466759240842,0.162516906369493,-0.111912205588049,0.0901208306906617,0.256320955260729,-0.21852605124745,0.239020463669498,-0.0636107491774191,0.20423040044524,-0.130346887718409,-0.167202525146577,-0.178812273848848,0.227905217445502,-0.0759538525175897,-0.0410911478405924,-0.0888750246156456,0.104283894701706,-0.0418709108865578,0.34794306516216,0.0280644180070383,-0.0275846163015986,0.0326358547651822,-0.139180103006019,0.395827570944415,-0.0284403351958637,0.333089688353247,0.340267503558999,0.406514396062402,0.275466938955236,0.256140873260365,0.353057968042176,0.205298210534215,0.0329961780126455,-0.0469207195340512,-0.283899535080557,-0.121484042641905,-0.0236984273460319,-0.150213893112476,0.0021832698680605,-0.0763158937132979,-0.0286118860178284,-0.282020936381087,-0.238981526172635,0.229782286286587,-0.240646782904147,0.251499502836768,0.10287582542659,-0.123186099822753,0.255161812900632,-0.44476172674491,-0.478351007128412,-0.231021951306282,-0.329688377657693,-0.117115123896471,-0.0586073507333285,0.00035803175781948,0.0222175455698767,-0.156234152751028,0.0248016973567349,-0.36371725746222,-0.412140203659371,-0.487551454662684,0.00548399307507962,-0.495258009109536,-0.521245808859407
0.258159471013064,0.319264465806711,0.263081822660064,0.171527246280139,0.196680818633024,0.284824341792265,1,-0.146319890517151,0.257636000535663,0.59452769502275,0.157121658348097,0.304234440228909,0.409435045083458,0.371364706197264,0.440153055423931,0.272059330225558,0.241259509683824,0.111637261090566,0.487953413208532,-0.0297706661706209,0.286831767438796,0.437717510294827,0.0931794755499255,0.480285952585407,0.383171127510346,0.333854361421835,-0.0421618637594481,0.325521083356389,0.475390680349903,0.588899491699856,0.494723451055317,0.402385284125249,0.189437040581394,0.192646498663498,0.361072790976561,0.0465638950465446,0.190766066557895,0.374891136095915,-0.351255188362463,0.336481428892313,-0.15551465672003,0.363869056773616,0.140548558919945,-0.382940980480083,-0.0267254808646608,0.412797897430732,0.00455626975675523,-0.152514805280622,-0.610264938443995,-0.344748433842399,-0.0899232556735564,-0.294970977166289,-0.397615009636441,-0.519654408403294,-0.36075038184472,-0.566114471267364,-0.556073315318563,-0.0804730979238591,-0.0597937453149851,-0.0431014121845,-0.155745989485518,-0.194428401561111,-0.470884667790491,0.318665030907148,0.470592339802865,-0.577767744707696,-0.429778365512351,-0.180513218593183,-0.246462102958297,-0.505255261140731,-0.231533284455928,-0.346064170742946,-0.268563136866611,-0.324614721965043,-0.396632755287123,-0.633785089244424,-0.432991460787022,0.13034908380587,-0.348171854997765,-0.355038746645775,-0.303270324886749,0.265222090709623,-0.0796770685621573,0.25414999963623,0.279172117173575,0.204846321517806,0.598963673000354,0.20616937667579,0.237240056564846,0.183438745851753,0.188240621385455,0.284156797035066,0.202448939534832,0.345607900008491,0.255502779839075,0.149452884028808,0.142365014969221,0.156781491738001,0.318877499905224,0.238749425055229,0.394058125571567,0.166664686064844,0.506982914302572,0.265590948202641,0.360650166657567,0.0277518248800832,0.0244623388222482,0.316854228834944,0.368175987975442,0.240035300180358,0.179479577253244,0.325637065985267,0.849771769402738,0.418081078455263,0.0946042386655344,0.219506817775255,0.40698381215676,0.34520663680359,0.537842256643043,0.253403970666835,0.210585507098297,0.514599398829373,0.300206363216662,0.311149130704636,0.493972351307961,0.35439218104402,0.207653129527926,0.0972360306581012,0.222823424900137,0.134815774088971,0.329250330222503,0.290268901084618,0.16436307413306,-0.349221010959486,-0.195888043529308,-0.106186664676943,-0.312263985812894,-0.406278569290088,-0.237924267344713,0.115494753594627,0.00828353008085396,-0.428530252295226,-0.437237538468277,0.303452473352337,-0.032718057903795,0.227339497918106,-0.0263033221527718,-0.116583034850477,0.545857317483371,-0.133913089606992,-0.473643091395878,-0.0117837022624674,-0.261766450546441,0.0670599889104208,-0.179426672180211,0.110483877619812,0.168957137968588,-0.161843130466269,-0.140748936332524,-0.0954457332008979,-0.163243975752277,-0.251656545454562,0.288688475169045,-0.0874568170328687,0.123027513057666
-0.369614840388671,-0.00460359082406675,0.348535541262792,-0.495273756554374,-0.38426797585328,-0.122066133582368,-0.146319890517151,1,-0.493903832436649,-0.138294214739562,-0.500361369058418,-0.56856041003954,-0.1314439372614,-0.181643204893074,-0.000370791314719644,-0.125528128895319,-0.0306503935451699,0.163963261998865,-0.0884016239547958,0.0624822806522926,-0.375344161502232,-0.239381535503821,-0.234900517539585,-0.288678461195777,-0.00241003335997114,0.100010767318386,0.179919332051222,-0.0864858201172877,0.0255877571502186,0.00901859819468365,-0.36181168940785,-0.0798925365316557,-0.157125858039275,-0.253334011357556,-0.0979234334090546,0.0202399158070385,0.094782754944657,-0.202968476631329,0.173224055176867,-0.0707104999117595,-0.126981879429348,0.00850477231124332,-0.138962732949481,0.24570546911687,-0.237395312095339,-0.455613842287347,-0.0254715896271596,0.213005418163379,0.134087611834585,0.204242902858882,-0.0309517342101126,0.309354495849172,0.201517763799376,0.299828187618039,0.112209898000506,0.0854299339914577,0.204639122093673,-0.0125979245038956,0.0434523474138046,-0.206426369917356,-0.197246335658601,0.0573899494927509,0.142914616835263,0.122878346286911,0.0359200055872161,0.123426501293604,0.34367560384518,-0.0751321487797689,0.249292604476394,0.0574143685915603,-0.0891872346425069,0.353618612518776,0.193195240705461,0.173253337522344,0.151832863222409,0.187935165782407,0.486939180775342,0.120630298524616,0.23149651181043,0.168869599548933,0.292587147230282,-0.113992400109027,0.195282026635333,-0.364915579905888,-0.219385248465836,-0.511865503030099,0.0701023581419368,0.457780218880342,-0.48389623710392,-0.543439207642651,-0.528883656086693,-0.309321843116079,-0.55082919473576,-0.378383782006637,0.0226740920739268,0.00444752306826561,-0.0481229021100897,-0.081256349571859,-0.10238390459223,0.0266705797819522,-0.0553846117186547,-0.415454517522193,0.0459396076385469,-0.166934721999576,-0.23742325991502,-0.0702957135773852,-0.156587869256308,-0.119898922826028,-0.413358335843465,-0.146052870374639,0.0528088069600933,0.254404807795669,-0.195782766114184,0.135304680539508,0.0769534176107565,0.103667252217408,-0.220769817650903,-0.0639612648139665,-0.346019194119145,-0.160948936760851,0.0133624257086427,0.0055293284722576,0.15028814876016,-0.14516449233034,0.0434380363997524,-0.0461366014427388,-0.167504570193721,-0.271975668089089,-0.225357279139434,-0.285552627681068,-0.477960471283286,-0.358035631739923,-0.126696806465052,0.0643287287618187,0.299200600481226,0.0368248372655047,0.0710229482112425,0.101384866130973,0.111856872200494,0.106756848766211,-0.147247434529545,0.141988796533349,0.21987323835601,-0.14292275113547,0.00709514783952213,-0.0321503079147218,-0.0295636490850825,0.0373777551608915,-0.303160301202236,0.245728387899216,0.261734157501187,0.0614087723344888,0.286732839948354,0.207919432336755,0.174379248573288,0.218403221587513,-0.153619967168882,0.154376447505625,0.121094323047342,0.225092103449373,0.358553436359021,0.353448543615726,0.0289405524637264,0.340044585621456,0.136611999592696
0.803976275287198,0.653081081384781,0.0120367194508574,0.91639716720801,0.828267047299196,0.67333954892324,0.257636000535663,-0.493903832436649,1,0.570622408049929,0.882002535816289,0.92762745707014,0.675570694973784,0.334268560599224,0.264450797908822,0.150835646555503,-0.143046569249922,0.0530377990397878,-0.105084693177441,-0.118930415566589,0.394244919573583,-0.0590699784010911,0.181079144550116,0.249364086176976,0.0216131549017835,0.203274830721763,-0.119936627704011,0.260145094658913,-0.0524308091100808,-0.0210560731642062,0.502011713118484,0.132569515320544,0.0910805670304597,0.266741651854612,0.0826114756799984,-0.0892776450396619,0.00627563368471608,0.390918657134495,-0.223086585308224,0.240877591455193,0.0899633815475044,0.1053163442762,0.268292976125926,-0.340944265992803,0.109073973478115,0.622821161153257,-0.00455809141337907,0.0412183968415612,-0.266133058404437,-0.299036197415775,-0.072405556159812,-0.146130235082245,-0.155661987846174,-0.416611992969073,-0.224745314700618,-0.222518720109902,-0.267187624058894,-0.0962382186884965,-0.346435844816995,0.126652124462599,0.0275105643380914,-0.0626218164745793,-0.267330212496499,-0.206015645913362,-0.0601906859205793,-0.349719862959199,-0.56383188252556,-0.0993621263427889,-0.291476688106012,-0.113801207195187,-0.0576010362118055,-0.449449257198363,-0.233904232716515,-0.356872274338615,-0.296885254866091,-0.281437271275417,-0.579499409145792,0.0507666858986389,-0.408503061802637,-0.508291202064854,-0.498548643834791,0.355107131122508,0.148721636738662,0.714649229862377,0.710437025107693,0.875071532427742,0.044807509883614,-0.031255313924944,0.846910028813563,0.937469927170517,0.877569196953245,0.572246532413059,0.959601392540838,0.758578894430911,0.164443177859674,0.24019878431487,-0.123126221556986,0.257970850507772,0.116730459745168,-0.190892118583038,-0.145834174233562,0.50433971004923,-0.228129293870216,0.0992920097848763,0.277264633273981,-0.280190489413763,0.143424774663675,-0.127359789076183,0.176454769655434,0.00403991063870076,-0.193528915383182,-0.141028831075724,0.211319206151789,-0.096269188848026,-0.0826554235624309,-0.208683382926427,0.231953223168119,0.0562602967402546,0.408560267056907,0.119451690680266,0.0244350927258405,-0.0113342529287398,-0.192667889563035,0.408929888699803,-0.0776478571728038,0.308372040195643,0.294976615168127,0.242766916719305,0.436635234219534,0.447867063537282,0.607903023898336,0.323321382209057,0.0650767175123544,-0.264570027872043,-0.439157938389464,-0.203321255973888,-0.211261762590025,-0.404981777160325,-0.302688161449673,-0.33486218027116,-0.0188255273506247,-0.496473986278575,-0.519391748192224,0.358064849166047,-0.404973922763945,0.194936395131648,-0.0309565667906458,-0.399044207333517,0.48126651925905,-0.455677026747504,-0.516475605445437,-0.277964248320253,-0.422249539883401,-0.303457137945407,-0.32794585221659,-0.321900438226352,-0.00732814191792183,-0.335729620656838,-0.191629884066331,-0.489951193758076,-0.576865065427262,-0.651790828865617,0.207315638032325,-0.612198923051336,-0.476363492802377
0.669900855304222,0.75479879563041,0.437792229141353,0.548205858139428,0.527663031878535,0.608663633990535,0.59452769502275,-0.138294214739562,0.570622408049929,1,0.386026448023771,0.651916595408877,0.876695403562927,0.223032684232066,0.272838936704562,0.154189969267714,-0.116815732785279,0.00836285575456875,0.167451510899215,-0.044063468580463,0.166579971739358,0.0212099862206666,-0.134088189245467,0.0693448149589253,0.0762376574248347,0.333210661416899,-0.0683634431543194,0.429363917106077,-0.0495837106594292,0.0771227714135167,0.634786324795185,0.119589429510611,-0.171572639987683,0.361178816596483,0.0306641813737702,-0.166108787501404,0.0578711430209855,0.0965781781792554,-0.244379225004519,0.143427859746384,-0.0821739568576153,0.0367042553516002,0.0472253053333497,-0.361973007613517,-0.269657379862063,0.35202083224402,-0.0760113739905883,-0.00529901717538579,-0.262294382250414,-0.272409680861818,-0.176033701534866,-0.0400066746856673,-0.0743449926071296,-0.31559467195384,-0.286484619298867,-0.296242007462096,-0.316250170529486,-0.283150650924792,-0.337453547117424,-0.197260343719291,-0.0513954609669044,-0.131395049425624,-0.24773561907712,-0.0213964024522381,-0.0807658182458025,-0.39509267554581,-0.469046815683844,-0.114450004754146,-0.318454576012408,-0.16460981521198,-0.0761524591323644,-0.348394455119378,-0.244863682752531,-0.377504767247137,-0.280857660022511,-0.256678888123993,-0.446573604531045,0.0662912766681831,-0.433113896214626,-0.540826021016486,-0.4475257062494,0.397145757985869,0.184062008793722,0.615558225554856,0.822072781029807,0.567091156166976,0.55683433382922,0.257583857709397,0.468951554677112,0.542836363891639,0.401368245422594,0.798687692107923,0.46199839373447,0.820641413206974,0.180233577782823,0.187063012181806,-0.0673787268856821,0.202647266514111,0.0529466941840999,-0.0871667776944238,0.106236630953837,0.116723626605447,0.0391976281798615,0.202594628496285,0.174705045189901,-0.237908290064319,-0.148512876238441,-0.0981188232574038,0.0900878714771633,-0.0989827679447223,-0.204930004012748,0.20470126118515,0.364244591787036,-0.00195721850244622,-0.114683330492699,-0.0823112414532825,0.190662016199664,0.229546172634405,0.435825195528816,0.0896233097547309,0.0339940033207873,0.171571510393636,-0.0120218654661017,0.17803772380469,0.209356455635397,0.13592787453504,0.0936845793956953,0.125982405807419,0.232727638193217,0.0971744906982076,0.297847597346639,0.187216774013451,-0.000309035556302895,-0.269427433190923,-0.292703245171541,-0.116728725525534,-0.170361278793116,-0.377587210111249,-0.277069375765713,-0.111239310801257,-0.0769572147345942,-0.451844441268509,-0.466303079268035,0.145595930323437,-0.328398871200421,0.0223571594773141,-0.15949470441995,-0.291418828785239,0.52202241029758,-0.406161211013606,-0.561042189419823,-0.0941323761100385,-0.346975760679357,-0.177338523415344,-0.216457052651956,-0.0154432651676853,0.0149672681852454,-0.257856677894113,-0.159824179215514,-0.338896588476498,-0.453513248318666,-0.384223121322053,0.177027025937277,-0.475840138107454,-0.337855942280479
0.681171070539681,0.431861035971783,-0.150802450390488,0.815425851402499,0.811919324144726,0.484949568358769,0.157121658348097,-0.500361369058418,0.882002535816289,0.386026448023771,1,0.816353774288131,0.497970779484023,0.28110148299396,0.167625902400443,0.214988292331745,-0.0277235254761379,0.0560728508469918,-0.173771165762898,-0.171302207146309,0.263144827391877,-0.092123699015222,0.125164956490986,0.253596909403768,-0.0383603128469987,0.0670626225969636,-0.247986760566583,0.0775626880679106,-0.137292172452098,-0.0805402061575832,0.300144861444155,0.149264621381185,0.0360365730906093,0.134729628259535,0.107126485896262,-0.190788988975589,-0.0501592650486617,0.304579759544717,-0.332305050910991,0.273326539105265,0.141020617561659,0.163115957550815,0.15761816736657,-0.217021125025033,0.109852692304892,0.521314956538103,-0.000170740320036015,0.113908357245914,-0.19328033918335,-0.343271758377076,-0.230830305784576,-0.23929706700272,-0.190477414105045,-0.291681053479134,-0.306893598811037,-0.243699573741227,-0.327869683202513,-0.018764612957436,-0.433207137147553,0.163180931754533,0.0844424913512134,0.0247628521552103,-0.169960614560809,-0.249447010291045,0.0448049938119434,-0.211042163178397,-0.338753005886558,0.0845334212252919,-0.0437504258331023,-0.104799423507186,-0.062919997910149,-0.237386241276239,-0.077724093909805,-0.221623940823399,-0.286015509508141,-0.177923788040074,-0.369946928096637,0.23017037960062,-0.175693423246663,-0.441168261317005,-0.281453967192511,0.384675555468854,0.0428684394948335,0.650015259804601,0.532680628706574,0.791244533073561,-0.108867182162293,-0.115937341197279,0.864914121410378,0.814667101461379,0.864212892895764,0.355197109787127,0.917557890616583,0.576911387646837,0.0833278126448114,0.137364984552217,-0.0566068885281943,0.280321909088711,0.0833168080780244,-0.0776573010483892,-0.236497231180154,0.542948708502059,-0.27099514439583,0.0651348890817556,0.228932052118265,-0.203386709883429,-0.0235227438022938,-0.25285787371211,0.112892165300828,-0.0778170823628977,-0.227634544087202,-0.190346373455297,0.208239353408734,-0.118811857224682,-0.213964264736577,-0.313102320631429,0.0613798639800591,-0.0910559018390121,0.291627812733709,-0.0214078531764919,-0.0916326899181196,-0.0668688081513907,-0.0844816814385183,0.32854512746506,-0.207844906516099,0.307645959326874,0.372345114732265,0.211093342478069,0.398679620523865,0.405641872412324,0.47443705019478,0.298249364277633,-5.91257329470701e-05,-0.33589468791018,-0.504366609513029,-0.0289896110359952,-0.241557999132628,-0.404866492586245,-0.439460132137782,-0.321770891834224,-0.0780107395556003,-0.476162257714939,-0.550590431927964,0.305012364514812,-0.487742704017508,0.123143683114952,0.00782492713721952,-0.371517672434459,0.386933777338568,-0.228441272480783,-0.317131153317191,-0.0587401438869609,-0.207643253705899,-0.0949440131646343,-0.199898155661697,-0.309211768550771,-0.00736425480600293,-0.185020635292249,-0.129851665783475,-0.314741901726561,-0.371476142176278,-0.530585455551738,0.331183238003754,-0.415896315565136,-0.36524442523973
0.723020347508957,0.596426093566487,-0.0521554624559124,0.89607320453937,0.816442481924707,0.733132369144492,0.304234440228909,-0.56856041003954,0.92762745707014,0.651916595408877,0.816353774288131,1,0.681183168993881,0.364806372056693,0.271462306617138,0.135853346939831,-0.0729650583164406,0.0848232638302511,-0.0342461743139787,-0.110138875076604,0.344908237750537,-0.00936925241617405,0.211292259791519,0.261411501630709,-0.049830253700141,0.0827389783329324,-0.123600383325612,0.201185337201162,-0.0472588094129917,0.00917140471800099,0.471816760517898,0.122067061681297,0.0393669250578763,0.204126572885426,0.12788977326292,-0.14147457281931,0.0191340501090233,0.407714350100931,-0.206389955621343,0.252425580047684,0.208316391663711,0.138888750645229,0.258468729568798,-0.343688967340219,0.129139190715875,0.598976923331711,-0.0420871548099248,0.0454749904956209,-0.260464203848187,-0.343762500388347,-0.0687224583208572,-0.146260764813405,-0.0804628345773454,-0.403353423801584,-0.167727505713204,-0.198614447550757,-0.263556060122354,-0.110352626200415,-0.322470638779829,0.140584129706288,0.0618264496580302,-0.042203403054258,-0.18242880971829,-0.153326218313511,-0.0811263598013117,-0.368109197932965,-0.605600792807058,0.0120998733777258,-0.330580690544485,-0.118115232026008,-0.00848573592395699,-0.437516887916565,-0.296139319138477,-0.277135468021826,-0.263797654791138,-0.300843179671135,-0.644763143459222,-0.0116136048932691,-0.483873649602065,-0.526644297043367,-0.57545781906936,0.33048909629136,-0.0288041199417958,0.627317083513424,0.701144103019418,0.882664342038647,0.0688122066174575,0.0569063745994571,0.747544170882759,0.935468770703116,0.822702528266834,0.620490917912446,0.925289717155417,0.741135927187729,0.13956958455698,0.216037552535593,-0.149992169713124,0.294345217356722,0.0900046601754328,-0.135929118834763,-0.138753542097558,0.412638386782095,-0.155893702933021,0.151689845644665,0.283691100439926,-0.23986803146943,0.218314235857013,-0.0726667083559379,0.26556899247613,-0.083340369242452,-0.266369736754144,-0.253552850769635,0.286490357491559,-0.131474189748869,-0.0858547519560471,-0.198019456744026,0.232814418971828,0.0191295513912466,0.428186639113002,0.0927299448964085,-0.0383713840327099,0.00694507012069467,-0.237607832275472,0.418636576157995,-0.0891228905670289,0.24200024027246,0.288988778457057,0.363345486804933,0.458303874915721,0.423671988945744,0.592829177586571,0.364285008154592,0.112229863099656,-0.173996070355548,-0.48371850207754,-0.0996966265215437,-0.165367932809874,-0.344382247767921,-0.230003427718609,-0.366738608673869,0.0383566433331793,-0.464210755906823,-0.452050917718775,0.321685252429777,-0.344165211151988,0.152911136621994,0.0394329446883139,-0.317717663155073,0.516037902645331,-0.498276895823225,-0.563045826813893,-0.227468166032872,-0.485311258212921,-0.319605945494036,-0.305740042433271,-0.267984532257384,0.060530910644171,-0.284316532555304,-0.128090763605034,-0.514029684490336,-0.655132659071682,-0.703579125506389,0.112207048197915,-0.671284201916726,-0.535314039646253
0.746697882322196,0.734662700604789,0.368444432197129,0.567875552988656,0.622645456230466,0.542458680940389,0.409435045083458,-0.1314439372614,0.675570694973784,0.876695403562927,0.497970779484023,0.681183168993881,1,0.111147573707507,0.158462357486033,0.0367689541939752,-0.262369083798926,-0.0720868273067514,-0.0284029438346194,-0.101971336191421,0.221828372071316,-0.150696966757665,-0.133392885766276,0.0613583743527248,0.0612198670179888,0.377975911051998,-0.0690845302169343,0.497752748497823,-0.114058690068456,-0.0112074220915465,0.643003170334195,0.21372551140584,-0.143026161381641,0.377717467324001,0.078559267219173,-0.13119180360972,-0.100875953565697,0.0810510344811579,-0.21348052166865,0.113656753061453,-0.0210412896972183,0.00354791356570912,0.0605879808142845,-0.215695576539549,-0.200355477828503,0.419156869858899,-0.131908429850605,-0.0462606466329992,-0.203394374982232,-0.248093489014271,-0.161394854593236,-0.000166476750080445,-0.0544774991855403,-0.241858513285334,-0.250466901272836,-0.270500204537581,-0.285035923154515,-0.238374369084582,-0.366015050292505,-0.141549117932145,-0.0506550507442117,-0.142513247132211,-0.260223459411959,-0.215964807499445,-0.20797226505438,-0.359542037519136,-0.490174952821664,-0.168945414530717,-0.269028768869924,-0.163529519386352,-0.120172142473533,-0.301116583291039,-0.24163771552095,-0.328193354623591,-0.277198450408426,-0.226965115219386,-0.389089488638357,0.0918200924871876,-0.423371241619085,-0.54072934879268,-0.387789507339999,0.392174516957732,0.322987339618123,0.678872755962342,0.832304550952229,0.627200592588816,0.299947364433978,0.121747158318518,0.558808625907394,0.639610632610603,0.48334107987286,0.834122967031873,0.591525593218639,0.888267168247505,0.0848454045130273,0.0948227414765092,-0.148967174567937,0.0966949254001944,0.00705006596065951,-0.20733456193721,-0.0479022452338586,0.200302783284879,-0.0900507924453528,0.114988800115197,0.176397119369789,-0.373695581955942,-0.139679682542957,-0.177942281984502,0.0161891771969833,-0.0506376194827633,-0.197004584400852,0.147594954231616,0.196698179771562,-0.0482694201222746,-0.106667851691139,-0.145524505093591,0.18036258948476,0.224713564133402,0.412274474117351,0.116455536128162,0.0800596941611877,0.0871638993404799,-0.0608009660647715,0.167553204376944,0.120435514081841,0.0938658940467092,-0.00259149210699451,0.120600063672594,0.301917707676834,0.266442765760161,0.374896671539608,0.201929092332679,0.026319787189741,-0.298844043781912,-0.325145123899678,-0.16943616389712,-0.2128869329943,-0.423301986805655,-0.31246848946912,-0.255208375279798,-0.0256746529477092,-0.51203070724061,-0.539933183242199,0.183382860615955,-0.351952770576223,0.0767709946465457,-0.084309386525005,-0.381030413478843,0.54492789113048,-0.457767134563197,-0.565782130860379,-0.164869406840443,-0.446417471304031,-0.289246554713407,-0.314735816312168,-0.244471191968703,-0.0892474194940616,-0.26523337814981,-0.140867725748157,-0.4345166431636,-0.533477465730778,-0.456431111268405,0.217920304385841,-0.530681023778739,-0.38536143094719
