1,0.861914808570213,0.320443212743993,0.83327616777282,0.838038531474313,0.557227649368715,0.354220549490441,0.499174133458815,0.833236868896311,0.750847232201521,0.920223840571929,0.85596512115463,0.773193193069033,-0.0964214031281126,-0.103830581896163,-0.0931169526926811,0.0734653014487588,-0.174858137095574,0.14247961925521,0.241622466217085,-0.0475279253525864,-0.0811685284980257,-0.0308516308302302,-0.0763558014386706,-0.119171615342074,0.217778758313816,-0.27884298482761,0.693524178117393,-0.170100922240132,-0.359093161172284,0.523553190877207,0.306316845982042,0.0759653307007126,0.0626907602159193,-0.276083748752075,-0.133675310333471,0.0168662885004525,-0.0486820079389239,-0.185396153968375,-0.160499360237358,0.0691362342997067,0.0275535155095359,0.0898851946757329,0.259224184333406,0.175731080618468,0.500009531216033,-0.0227670187606786,-0.467471236210929,-0.321123186726799,-0.173106328706921,-0.348431831727362,-0.398597264629896,-0.267045676902522,0.162514964376584,-0.308326790088453,-0.0579964676306456,-0.13251285464053,0.579003378006626,-0.176257810604137,-0.26437944316596,-0.509160721950485,-0.425717019932235,-0.452219215284377,-0.252899987619054,-0.378013752172783,-0.477835410179821,-0.344125519099074,-0.67006093111287,-0.39856026030046,-0.482212559299002,-0.418441243452926,-0.234601851050549,-0.238925405595569,-0.205943305281381,-0.323055262984347,-0.323910524244215,-0.241098190535601,0.27030189021806,-0.203415140641679,-0.274305478366114,-0.0692282172268924,0.29444146634025,0.522654276015253,0.768270580775252,0.921883946722666,0.827426399928933,0.524611813342182,0.460558203072945,0.837940956095927,0.819266063365815,0.887362541552193,0.791736580591167,0.870114762948701,0.532503333874082,-0.0393564230084992,-0.125360010125779,0.065660361581138,-0.0372021694314125,0.0710957571288356,-0.0610251985245769,0.0215740573603992,0.444321790765011,-0.183871953512965,0.525233542272136,0.163769177993022,-0.225807553734496,-0.0728101128588632,0.190961974507734,0.151578678123638,-0.0409023162794772,-0.231983233673467,-0.0548875426514845,0.137377882996933,-0.0778711321925773,-0.385710538801995,-0.0791779114748475,-0.0207932608766699,0.0602006543312941,0.35678698299001,-0.309972681847975,-0.23768337211333,-0.228802681540908,0.188234483139053,-0.00489505179185495,0.00129927846999363,-0.339116910348895,-0.173857402747093,0.0854452825384559,0.0478338064848286,0.223737787635446,0.698853757560349,-0.127402216553058,-0.325770254761628,-0.616879593901658,-0.2843902203535,-0.24450653565094,-0.411319852918323,0.0451447462400371,-0.489010099823908,0.144036578400608,-0.00725315352980807,-0.274603038685438,-0.252953735561874,0.716803118156649,-0.263113594754273,-0.303876653256563,-0.30275756575063,-0.418340566443803,0.155283073078366,-0.493875476658604,-0.536353257377985,-0.448028569297869,-0.513678386841379,-0.34295666108402,-0.375041729110054,-0.0632031508419883,-0.290326518842698,-0.294556522124129,-0.196195728863368,-0.316325452012797,0.147588453066855,-0.310322205987293,0.356485355938825,-0.392038709376565,0.259013613269556
0.861914808570213,1,0.463636031427149,0.834904335513313,0.777691693433352,0.623018182195579,0.407448271310444,0.649201299702256,0.852181571070999,0.809076460691992,0.929333319335813,0.873570498045395,0.869717259430333,-0.21730769949611,-0.26185454886854,-0.281616142256103,-0.0423118896225416,-0.284170351467433,-0.053802362982347,0.207039634326321,-0.19316029816975,-0.266567295366169,0.0856172301807702,-0.0421736672428718,-0.192382800284191,0.188923087292287,-0.323854123696369,0.723929818255702,-0.0981157906842019,-0.295475735060679,0.573818709441428,0.33268119706642,0.0569068960031734,0.0986808700069246,-0.351956842971135,-0.180815445730419,-0.124697691110988,-0.0584309516168369,-0.148798439751502,-0.188852251638055,-0.013766064374527,-0.0461049035560882,0.0528973359496123,0.175944199807186,0.10162406929639,0.380763139199185,-0.0663473199948847,-0.539835420780336,-0.33564560041243,-0.207161324800878,-0.268080300688541,-0.504497340157964,-0.330485247532013,0.0591724104837565,-0.509195287058401,-0.212638705238424,-0.229985266647188,0.704139927667463,-0.126995840554701,-0.28439631309494,-0.582714473168589,-0.47019720535831,-0.473279521661558,-0.312075938778524,-0.43425059468583,-0.530320647301207,-0.383403993201813,-0.683915441115264,-0.516388952002373,-0.528562237698471,-0.507377384281997,-0.311986682420893,-0.394311652183609,-0.188144694534762,-0.419949192435486,-0.47881187915873,-0.35599981374999,0.259326108978317,-0.229771863347199,-0.331840603158717,-0.0367007606720066,0.163927889558422,0.419392108275992,0.620240057156809,0.910279736261152,0.851298257947888,0.685190502833462,0.510141899130481,0.726097059437441,0.867757007314006,0.87188980701224,0.835104116081897,0.911237444441176,0.601730567288803,-0.147072086884346,-0.289938464725536,-0.140984034983055,-0.139555947323447,-0.0201802801295568,-0.159772314079124,-0.0956120499394595,0.200221625189335,-0.129470868112692,0.520502350055321,0.0221940307622582,-0.240886625220285,-0.214398455906445,0.24136058190004,0.114918111796353,-0.192741152728839,-0.265797903572007,0.0928370900643988,0.143543399722618,-0.146190362752757,-0.269027093849101,-0.0483106486035657,0.121248600010731,0.173913960188871,0.460843284210388,-0.18265762571955,-0.161069273345455,-0.249709369528794,0.181017880339216,-0.0638834117488777,0.0820587820559394,-0.301128056340481,-0.232503735174982,0.0801689844979309,0.0449686323143888,0.167638617619655,0.576798126969097,-0.0406748272638619,-0.334783783143193,-0.53802879649784,-0.154180250456579,-0.16834747530893,-0.346166492956696,0.15253666714408,-0.562844383153512,0.140842962563564,0.0738445576996269,-0.230748377354411,-0.184613983295734,0.809885440125107,-0.214512379454718,-0.379126541554102,-0.25472620474678,-0.405875977929067,0.149516276415177,-0.494907699359308,-0.534863032224983,-0.437639136552615,-0.481514671063249,-0.370446302279113,-0.29964568339311,-0.151886622455711,-0.188691739211029,-0.306137962434139,-0.259579131423519,-0.34756163911963,0.29237480201177,-0.287204044895917,0.344245969660625,-0.310865936983696,0.353902435942545
0.320443212743993,0.463636031427149,1,0.266510959496065,0.272794860663283,0.0468866644697656,-0.0396645782827405,0.101301216095968,0.307439808016445,0.359458826014875,0.429515026287878,0.300542328484226,0.358134432586843,0.0162846195627705,-0.126499828572825,-0.106084737259486,0.00138661729966778,0.0715539340674441,-0.22129796469256,0.183960184388573,-0.273527865999495,-0.259555962050075,0.433605354478685,-0.0816552249580606,-0.244780959780796,0.686859922962927,0.223525397815038,0.68095930295012,0.253418941553381,0.295577596307257,0.709767147632183,0.183688053678942,0.0099685481442805,0.139297828726929,-0.0662682636292335,0.217022134265548,-0.0398501479071161,0.194497846343744,0.0685885942967688,0.0339286966688843,-3.3889966878953e-05,0.00630491255762139,-0.0140285751240999,0.0446079026547744,0.0705455924253559,0.184202539075362,-0.159884365890654,-0.131140847090269,0.0591957358323861,0.250453360108958,0.394800177865281,-0.109994908860597,-0.121125872997127,-0.0934404876558084,-0.12629575917608,0.141272813044279,0.313133540759454,0.255245373105697,-0.0285465931284491,-0.1164589993405,-0.358668708748557,-0.385487966734042,-0.284193843161619,-0.0886972253381891,-0.268460689514964,-0.407767779159454,-0.212704889150441,-0.384044355058872,-0.242387262750361,-0.303636608951069,-0.355800451617602,-0.409195324887989,-0.382442293463205,-0.270787791131551,-0.445053439097073,-0.0667170679031249,-0.298568288327097,-0.0254951624324492,-0.249289502282595,-0.191743079124198,-0.197598073063976,0.154922069754401,0.52834990682809,0.250835875136402,0.40729280908912,0.410296890010686,0.514298719140171,0.0664755685488253,0.281898701432752,0.430423457589393,0.409241854078292,0.450344516492746,0.419465874149144,0.394774861115721,0.0491997753653196,-0.0381607604200941,-0.0890973829265486,-0.0172129307745752,-0.0108121747782389,-0.105225165328936,-0.241899945874962,0.0374522374721419,0.0083077150228531,0.210228316565704,-0.0258618560307032,-0.0865863176158913,-0.327418589427114,0.0370721039149813,0.0884761689824429,-0.222887176750582,-0.179274287497708,0.404510710845643,-0.193420511804894,-0.00353454828058125,0.140688764055134,0.141770418063394,0.191490863087793,0.250344610538848,0.240034986326889,-0.0122986978387711,-0.187658006882936,-0.235790065887373,0.0910327315639744,0.127376071536462,0.322246228696463,0.0633501334744589,-0.0263169385786562,0.112402637537043,0.12295684167232,0.132777033078498,0.223905461702906,-0.266002938619939,-0.132211949576181,-0.0916277019517137,0.132280273513035,-0.181173996793817,-0.0561804967787233,0.146282047765554,-0.200011446667919,0.238629013278668,0.237503047311354,-0.0530112135001486,-0.000159434445127588,0.286490628948989,-0.187954605139472,-0.103176099225827,-0.273033368378676,-0.507139243216081,-0.0977335699133069,-0.391138671092033,-0.312369734453231,-0.398119170508592,-0.240155093798852,-0.497526735441345,-0.347380221578139,-0.223273686583782,-0.185830460556971,-0.314084823642179,-0.268068010922746,-0.353677868325807,0.2906144760992,-0.247086043374837,0.00506661053429705,-0.227609354616142,0.209659452001603
0.83327616777282,0.834904335513313,0.266510959496065,1,0.779120950145973,0.82243172282429,0.366836332820004,0.653347002490993,0.913153734547603,0.645506681944978,0.896261403185566,0.946923998091528,0.817529207881563,-0.047980192858908,-0.0542645728064607,-0.0699442923309215,0.0989075338067749,-0.114712429611005,-0.0159327947993035,0.158961233443648,-0.00412789813707093,-0.171178349322196,-0.0398620064150516,-0.0363789107701124,-0.127092298466657,0.202037095660744,-0.175549552874886,0.505245363666225,-0.0237479756346644,-0.418031638330529,0.419851555393842,0.197998940181546,0.172824403274298,-0.0200052564200447,-0.422481267167834,-0.0368815354880082,0.0576085830791722,0.0429255418462506,-0.036647465020452,0.00742467159559856,-0.0131050961458484,0.0835785994842656,0.0818711846981311,0.0676098800129102,0.179758098681187,0.427184717759357,-0.0463033807255201,-0.382488772525763,-0.386440023740589,-0.231920573908003,-0.306438107026245,-0.375556568230432,-0.200087079186606,-0.0633313428306509,-0.23388926570789,-0.0240003011119219,-0.22519132659629,0.538063969166995,-0.225679391860452,-0.146688691949538,-0.543833191203277,-0.537405381047839,-0.557687893196631,-0.395331645098254,-0.454222747919093,-0.513927063723132,-0.42769353257762,-0.594796668881386,-0.538171027335758,-0.503978231610026,-0.432172387373012,-0.314560354586755,-0.31120954126407,-0.222151915656027,-0.226792675043357,-0.419072884682308,-0.336687885760359,0.325985278315394,-0.249729543631078,-0.299302058755545,-0.188898390681519,0.278332672578734,0.345398209194841,0.556606802049527,0.923753259976769,0.942085655181106,0.548623167567794,0.687688677985291,0.725421499715644,0.878717557586025,0.789602909497666,0.762460901137453,0.875803005672275,0.435238889093552,0.0401952638373926,-0.144490133476178,0.098125629492042,-0.00735534435445778,0.164759099518798,-0.0482951635749475,-0.00761522967327141,0.356939104777368,-0.0142511385295094,0.3615736096703,0.172051487717366,-0.232615131291837,-0.00508717075971829,0.225055164816518,0.131125421582574,-0.00558647124625646,-0.154670301956281,-0.000798138054422786,0.102460109955675,0.0555943798821959,-0.249190045096994,0.0525489789448452,0.0353696134535451,-0.00529629673682162,0.245215003647013,-0.399970530225205,-0.167913726060867,-0.415189841038538,0.104558101334924,0.111923687570456,0.0808781406505081,-0.0600619065889142,-0.0259700286331544,0.103039125880551,0.129183258022837,0.23680112252681,0.561560844291253,-0.161142459161296,-0.139897129375431,-0.554018515154411,-0.317620403488275,-0.208495195295756,-0.270031719351918,-0.0928547389402657,-0.390372251443284,0.136314516150053,-0.0247844676342939,-0.180795088817554,-0.323686997640149,0.660519939475223,-0.258685792083775,-0.178065639251531,-0.264125342682116,-0.355987561238961,0.157288466114816,-0.511014911868615,-0.513774489936443,-0.49600695896355,-0.432495227035667,-0.440273991004427,-0.414365528840423,-0.141539138750473,-0.227151625026649,-0.390141296855409,-0.31521469503855,-0.327698916806642,-0.0131642748122698,-0.312619755977758,0.383668002246142,-0.374730941721546,0.0992697466332788
0.838038531474313,0.777691693433352,0.272794860663283,0.779120950145973,1,0.641270388450733,0.325282881086615,0.398241729141067,0.871103439241622,0.596644396295317,0.845638811574943,0.81024720884341,0.662824632256964,-0.339659033549382,-0.28063938428263,-0.178041442338424,-0.123272998877426,-0.283394003220668,0.0509533361341115,0.141332982184352,-0.0544977310661987,-0.0879848304796371,-0.0661593326174234,-0.0689910698069369,-0.0177646321104562,0.160793274872685,-0.298702102296415,0.585972560469315,-0.258366061230884,-0.403813999887888,0.389527485944765,0.365680412149619,-0.0452779046498391,0.180555557892237,-0.127081713030417,-0.182333958754189,-0.188227216413657,-0.195338021412551,-0.176986174531278,-0.239231062316562,0.00493359685825832,-0.116124202177888,-0.0195528928386806,0.16824589496759,0.123645468207693,0.328977915416547,-0.0300536201372388,-0.543787511947207,-0.219148956381654,-0.0210556070376794,-0.269003402868324,-0.288539276328209,-0.17905293123774,0.201337561762044,-0.250316293296728,-0.1380422742608,-0.0412379346559547,0.655774791922502,-0.181126951048696,-0.266075183780214,-0.342532170130898,-0.432850499926894,-0.363130380390398,-0.331614781721482,-0.319545632857187,-0.363562789957324,-0.102674265568447,-0.622876897262739,-0.330649321180168,-0.441203126005752,-0.350379531925998,-0.0989780687166309,-0.10661380732186,-0.168884927221109,-0.204253691120058,-0.253287360091534,-0.114049837085134,0.581266989564858,-0.0237650057563514,-0.0888285401344527,-0.0522095558834976,0.500757647600256,0.578510684289109,0.786120851487095,0.862106641782208,0.828288220206234,0.455955563342338,0.569207339425577,0.876822247619383,0.817798647070892,0.820667420732963,0.681054162823195,0.844380597094762,0.457444974874982,-0.206180292241393,-0.350985957334323,-0.0707216493666451,-0.180732004605865,-0.10506743702539,-0.260338062761947,-0.121184925095045,0.252755825631404,-0.349463846571266,0.375438718323138,0.0239669779920007,-0.28306650848721,-0.180358231795376,0.0433622297815949,-0.124257617156726,0.0393459328028424,-0.116017076932267,-0.0406766462204742,0.091557157322323,-0.263493315236985,-0.425355666590052,-0.239036708670439,-0.110413569837639,0.0016190075040071,0.364502652185379,-0.3157806044857,-0.357339292355428,-0.374142781088139,-0.0325727100558875,-0.207553880295391,-0.158628732214177,-0.296842708828625,-0.298824182241486,-0.0751560889309039,-0.139433767405823,0.118915125133667,0.490988627446294,-0.099090238077149,-0.402769417079496,-0.581137700044351,-0.189712073336945,-0.330654353206039,-0.433661678204946,-0.0270628451254556,-0.507765913659695,0.0113184081377109,-0.225102660564717,-0.369702467803876,-0.300062809219511,0.706759605506736,-0.268655303688638,-0.18270711965967,-0.379774899633865,-0.382683888711226,0.203104919382719,-0.41457448325816,-0.420975679424453,-0.323973255177354,-0.372137983994825,-0.39723528745369,-0.325430532374121,-0.128975654759999,-0.317378882107931,-0.310650275796376,-0.347866046800028,-0.261073549286346,-0.0259233574897187,-0.218556228421824,0.599299770890255,-0.227888860073483,0.127196740106983
0.557227649368715,0.623018182195579,0.0468866644697656,0.82243172282429,0.641270388450733,1,0.392954611090513,0.609505895841498,0.826922819954779,0.418627407319921,0.678213793855191,0.81165456072669,0.62142311308881,-0.0491551054154951,-0.0171864505698137,-0.0202777949833427,0.000914081321963856,-0.0560037770113628,0.0101818765746753,0.0738391637733742,0.0628724611913352,0.0179246800951955,0.000350058536447058,0.00825253539264451,0.0143173992598375,0.0655724267388687,-0.17208377938366,0.251689659807711,0.0484948947100392,-0.344282843372702,0.167313597728281,0.171948182385363,0.15168771399143,-0.0285195010144285,-0.377093790381581,-0.0404314940196612,-0.0561424249874927,0.0162914885440567,-0.0783273168471378,0.00472978712737067,-0.149332715993415,0.0237420781106513,-0.0433984166933563,-0.14864871950482,0.039929241647712,0.228648111862749,-0.170050793217979,-0.250523325627569,-0.391522875219107,-0.195221857721311,-0.301621506568001,-0.305538764239894,-0.117470207353915,-0.16864956815618,-0.1277447949983,-0.0714803920719142,-0.229102348790615,0.419604274201567,-0.250483295196945,-0.120347698835505,-0.475351636159084,-0.521285693139844,-0.506476963394646,-0.405237801799733,-0.428538443903283,-0.521671983377565,-0.360683687696862,-0.575216404528754,-0.498060285115976,-0.506765618762489,-0.461408995161299,-0.233915605825153,-0.209680750195729,-0.218503145135348,-0.136674465852476,-0.414260447159778,-0.236709071228952,0.534720785739199,-0.146487087128647,-0.252072673420712,-0.214249635863741,0.345288999307603,0.234316136443508,0.473845904068292,0.719812124314297,0.796690284468067,0.415268570028755,0.858659221043936,0.589693900026495,0.72866458353784,0.591742011819167,0.559381333892168,0.704391215864499,0.371656332667159,0.0179270156197882,-0.192211457141495,0.105262157728882,0.0115619719371166,0.0862551458098822,-0.0540866107927834,-0.0181538010319691,0.184564078591217,0.110433250040932,0.205911435967038,0.0910415671406111,-0.0737509581015243,0.0928019459059775,0.290314687605911,0.0285108892503683,0.125959865569753,-0.026465158957879,0.0104697857294045,0.268798741574845,0.0805485542004974,-0.16244733106198,0.0832008966471834,0.096805765123276,0.0156632720879072,0.178358611948448,-0.349133995576106,-0.292385367032306,-0.481011907712003,-0.074824986071985,0.0142172667999492,-0.0016912284258609,0.0441149852706098,0.00636772885810442,-0.0410043795800017,-0.00640897959050194,0.0796122840325475,0.346100665286492,-0.228592642420102,-0.122849240662449,-0.4457743319705,-0.218709614944813,-0.290343542356928,-0.2065266433164,-0.228770968129327,-0.343952110579364,0.00461301825502491,-0.201552024472003,-0.197285523218649,-0.40892319530662,0.499787964991778,-0.27513601494131,-0.0816138129320533,-0.275423178062888,-0.301019902349063,0.369262695449706,-0.45068298381031,-0.368534379758206,-0.448487827285363,-0.303962070030333,-0.353031109265327,-0.420372121722898,-0.142673127315965,-0.351625487235858,-0.386547275352668,-0.302322230983127,-0.195977595544946,-0.217676091746248,-0.136135271464672,0.564148751563032,-0.166674478430564,0.0728156552086082
0.354220549490441,0.407448271310444,-0.0396645782827405,0.366836332820004,0.325282881086615,0.392954611090513,1,0.594134801293036,0.321344526724874,0.548798511429989,0.349092463765888,0.441167484728832,0.547931899529932,-0.0451546816987179,0.047105622143829,0.0832861264111666,0.0356362079528291,-0.0725259178981655,0.298599195060862,-0.0613778257036514,-0.0401487919030521,0.178237651088666,0.143378562322084,0.141564578792621,0.359685497285081,-0.340373798715632,-0.446283441566351,0.0743084689034026,-0.103324490392805,-0.322065517271458,-0.130569107514543,0.0141804208919308,0.2637792298785,0.0933489576065119,-0.155718778024399,-0.478868106579038,-0.147930451496924,-0.227516839871875,-0.497377044334823,-0.267049774210797,-0.346274185984995,-0.0527340409513054,-0.101705789377998,0.00832971453211299,-0.13992959037515,-0.0208478629279167,-0.0427451929263011,-0.23677400114039,-0.410085868215131,-0.276765316276076,-0.648792593985331,0.00118341355288572,-0.269893651284657,0.0214221751223677,-0.374388676977508,-0.388408201576702,-0.366335331453449,0.34725538512118,-0.0820265698714251,-0.389777898077173,-0.144258823543535,-0.0912898693587727,-0.102264119240233,-0.00697991336416729,0.0100430488736625,-0.249766961350177,-0.179413029253326,-0.315093637770967,-0.0767998110446736,-0.217070438146756,-0.320592628067756,0.141081586301588,0.0383366607731822,-0.105649586615832,-0.285664187096632,-0.406395166786306,0.120594591079829,0.37590927837638,0.224010580340773,-0.286856899645911,0.120792757927335,0.0482715242363908,0.0138603716888124,0.247010934428069,0.396247381398181,0.3091767088942,0.605924743747112,0.265219863774466,0.300377852013674,0.277844848290217,0.261916273518716,0.535031970383876,0.425233192521198,0.407273696750778,-0.0445765779195904,-0.157699730147162,0.121237697623193,0.146997302445212,-0.0739740645939402,0.149650502027627,0.0445166074437179,-0.0666417560657174,0.035587541931955,0.0967041735572924,-0.114531493476441,0.0476066200407625,0.169843235951981,0.457899443420797,0.133037161180029,0.203987103971377,0.145313247974574,-0.0882363747703573,0.663342470138375,-0.120712210651249,-0.256873720817494,-0.00976280991295707,0.0572175557041598,0.128725340124329,0.135251406310576,-0.0657611420004708,-0.411236830156471,-0.0934559648950266,-0.0638802864750278,-0.264740105091672,-0.282796815618745,-0.213734083721659,-0.201327126671934,-0.436142759308189,-0.205968053254699,-0.255200487590444,-0.0223635536032669,0.0389948806696925,-0.487211290321059,-0.460460921446402,-0.199757813483838,-0.455426924120965,-0.37590616255608,-0.104460402910749,-0.532482456011766,-0.362168964922141,-0.325210931824074,-0.328104580616718,-0.345919482684178,0.36944454730612,-0.251073293767985,-0.372136930067611,-0.287666452190961,-0.268992748007819,0.270364132578517,-0.177141123610652,-0.173181270293842,-0.0537885741526898,-0.244856782508839,0.0687998803458144,-0.243726024476383,0.0697509727886324,-0.431453294439381,-0.0716625314198679,-0.000694739221784614,0.0806635642337572,-0.0801533238273596,0.151306375175676,0.370453490006209,0.14329298120206,0.178629230614572
0.499174133458815,0.649201299702256,0.101301216095968,0.653347002490993,0.398241729141067,0.609505895841498,0.594134801293036,1,0.551037465932215,0.667268410428464,0.532732581600604,0.721969128366625,0.769066918246323,0.104114896787551,-0.0106661635233757,0.0230450591632405,0.193934278042613,-0.109656133344202,0.209453168453474,0.266322391164775,0.0291145493659597,0.00167219956187144,0.225985916264351,0.349742340156229,0.0567399141323516,-0.173156224299507,-0.242826782652386,0.262272037154424,0.0807095913921291,-0.231582892939323,0.283119681454712,0.204527584325989,0.395706169630051,0.126832548802207,-0.449081892829415,-0.0611696016475509,0.16690350140653,0.102438439272096,-0.102441815668788,-0.00344851803605298,0.0557217090174552,0.22027693340819,0.311657266988032,0.222533818360719,0.25287960198411,0.269204095190487,0.218721363308447,-0.186328860593715,-0.463874685326222,-0.433462726415913,-0.352346178429794,-0.489501306772179,-0.400779814626855,-0.161094530047903,-0.503888228018479,-0.112048254887406,-0.338524575611553,0.434278119392738,-0.303644592132854,-0.24244531245868,-0.580485603455352,-0.286719120894895,-0.360209252807885,-0.0814590233456989,-0.30547738943517,-0.529170341029591,-0.62395332858427,-0.387275925663542,-0.630012597286652,-0.292200817977607,-0.276389915362591,-0.366477910319056,-0.54087497727567,-0.14121667007901,-0.465800494240895,-0.501201815243282,-0.408664162047679,0.14782241024941,-0.322063905681696,-0.666367215603288,-0.0325786201807565,0.0384542168615536,-0.0911334033596268,0.248343029192564,0.608349832641239,0.57062269544319,0.730945044887889,0.514525753769615,0.387533047935877,0.536006228466648,0.460498077117411,0.749415010904088,0.624216502538916,0.581161166885857,0.11188038580618,-0.0385828034265507,0.0690058308914821,0.0845938265866152,0.207882265110508,0.212259957771127,0.276185737441304,0.0619562453139231,0.327848559146021,0.372675509791588,0.222872458231495,0.0198055670869163,0.105228413008253,0.41081242413822,0.485193405071076,-0.0736428836946232,-0.0321838071517901,0.0715993222827929,0.34280252405793,0.150561951450363,-0.00827275212532058,0.262521578315392,0.397456866538665,0.290986357782587,0.377608235601612,-0.382310391665273,-0.0192057538059244,-0.13643896414129,0.279517330989427,0.0722627322699131,0.212441020612969,-0.0935712178624675,0.0675790060319348,0.147233358870435,0.192876970884756,0.284562856743613,0.272312726947068,0.137940537477866,-0.193134999171961,-0.572061306755186,-0.241176976330063,-0.173996875107153,-0.435471921471454,-0.162395319807995,-0.560206924077539,0.0104309025641761,0.022130906184459,-0.215226843634185,-0.501559572597605,0.569597261358377,-0.361016098273271,-0.386024852909217,-0.215335754934848,-0.42669907378228,0.335972093050845,-0.563069595141841,-0.635394593272954,-0.379639273360859,-0.591078825007493,-0.0630952168174673,-0.20475497948575,0.0985811681414787,-0.0216202794533925,-0.395930345631371,-0.143764312504085,-0.462766308841253,0.176201531781341,-0.416038056614108,0.236551970492286,-0.37432794879235,0.264877973399507
0.833236868896311,0.852181571070999,0.307439808016445,0.913153734547603,0.871103439241622,0.826922819954779,0.321344526724874,0.551037465932215,1,0.639059154702145,0.925016093220477,0.932999009334637,0.783558707494492,-0.279085744487039,-0.232718378350336,-0.261976549069947,-0.144748528283191,-0.269447386520181,-0.0758315752906514,0.0808897376078393,-0.102082525129676,-0.173678099304446,-0.0554108399095652,-0.121646446075766,-0.174237333497342,0.211772083378878,-0.188686882460531,0.617465736540107,-0.133814101744029,-0.388824148670601,0.435048077804467,0.365446527523729,-0.0156432631906781,0.085800731784509,-0.320211909555695,-0.14465812963344,-0.178984586194266,-0.127493198639925,-0.0902544390066228,-0.180549070699448,-0.102820722794419,-0.122197995820825,-0.0898121439870484,0.00908296933740278,0.0801924516861015,0.389530610164046,-0.162498856391486,-0.455645676590777,-0.310715917926557,-0.102155348782397,-0.241138797487404,-0.404553281960044,-0.211141455264983,-0.0365587522690139,-0.299191447648483,-0.098055705322982,-0.168902877608136,0.661789793563098,-0.160361407589013,-0.219864948780536,-0.46079314272912,-0.477255202844362,-0.478755203480807,-0.389829953919612,-0.377546184148924,-0.476162530344278,-0.258097363425219,-0.691103533286894,-0.515676855296516,-0.514301884058953,-0.469896807821318,-0.293081384582143,-0.260602835560653,-0.253857045395878,-0.258124269153044,-0.4029767436118,-0.29212755845652,0.495554624934692,-0.138583402156206,-0.160364074977626,-0.0439719178079815,0.383690946406036,0.470060960816109,0.698203653283335,0.91834215298421,0.947589600653613,0.503923857348977,0.763694706923445,0.82287710551024,0.94736980298978,0.888690342763692,0.744640009771365,0.922517352939629,0.522092555401473,-0.174302832158137,-0.33777341907176,-0.0983254550590829,-0.20821738167989,-0.107131709965826,-0.28111114260661,-0.169095504599603,0.249131801052183,-0.204021924121435,0.324273350682501,0.00771445135030346,-0.306626514533977,-0.221888573761747,0.114636188846998,-0.0318433370807906,-0.0921503666331311,-0.23436968803852,0.0755392676096766,0.131149558319509,-0.135474978680172,-0.241364884323416,-0.0577883576830202,0.0516366692332349,0.113165516426124,0.394502902362043,-0.301528066721356,-0.269305234949956,-0.411776391099568,0.0119599301147203,-0.102459274308176,0.050100362662128,-0.234869925504783,-0.227092913684567,-0.0184899402302511,-0.0912550115027773,0.146018213430522,0.569963741210092,-0.157932332424343,-0.252650243871806,-0.506743799606383,-0.152793379804694,-0.305725052779081,-0.344122700379599,-0.091748783124559,-0.45797395941563,0.146258030550135,-0.186115548698496,-0.311124132705155,-0.290062427719162,0.761372062301224,-0.231409915482367,-0.210524374618897,-0.344196670330807,-0.38760922598557,0.305859377281763,-0.483216617287584,-0.463048449090769,-0.420260326742006,-0.416049699522439,-0.464232460305638,-0.389925615879126,-0.203594016440633,-0.33188268344896,-0.425854163017187,-0.376797822239257,-0.328852586224899,-0.0167112634949965,-0.269694198334588,0.530396830054449,-0.255540052054368,0.255915683490219
0.750847232201521,0.809076460691992,0.359458826014875,0.645506681944978,0.596644396295317,0.418627407319921,0.548798511429989,0.667268410428464,0.639059154702145,1,0.732840416656774,0.739749744981286,0.892957026722122,-0.105612286184756,-0.146827284706286,-0.166771284225998,0.00749042977825084,-0.257484015376938,0.15493479533008,0.179088407532935,-0.156345662458867,-0.11978398439753,0.0525511330642068,0.0267516018627653,-0.0216498607094765,0.0384127997669028,-0.377138134696859,0.663435299783282,-0.153817885836022,-0.304560215268555,0.439580326265734,0.299793776428368,0.20766082424529,-0.0205153414983784,-0.434749733387503,-0.259756611847341,-0.0456711860522496,-0.0964840193078672,-0.287464535415072,-0.322358833890182,-0.0954235774571033,-0.0881675208023178,0.0538486002054822,0.207489726417645,0.00385782978631156,0.344334889476912,-0.0128372047776946,-0.380273004417136,-0.3940293156298,-0.322075745378589,-0.42016792219605,-0.455310204130324,-0.382073347289115,-0.00113862214891683,-0.568337807642467,-0.289063499109534,-0.294609585656859,0.545562167624316,-0.225370153809609,-0.447666461671904,-0.51122834829818,-0.290871573406034,-0.340088017818329,-0.158213110200043,-0.303150051663613,-0.454567203855217,-0.456048396383811,-0.555196045367092,-0.370098856101526,-0.360053328328265,-0.430858432506014,-0.245277451329241,-0.328351907071837,-0.218718868318666,-0.453343259655154,-0.536356987033801,-0.325818889862433,0.121222783644865,-0.195474689575387,-0.495461584249188,0.0582547303420755,0.0545642468721594,0.27338055366913,0.493511918363085,0.775711602083336,0.656943028331673,0.737588055782422,0.37233181217703,0.585238797022936,0.705511602550138,0.735151682535588,0.917400689039023,0.802841599433241,0.812947597356543,-0.14966713893447,-0.179187923142966,-0.0794166518990216,0.061095986065607,-0.0297768335680535,-0.030834058316708,-0.0064816173982198,0.122525619921097,-0.0660435775847456,0.370951982660101,0.0111165819349598,-0.270974831485572,-0.143684010503529,0.224659859936645,0.335062824700069,-0.0910804941241125,-0.230590579933672,0.0591341914820733,0.226369693616662,-0.135377282863204,-0.157107007671261,0.130821332014846,0.273054232297153,0.400873832117159,0.410271789886331,-0.226108481535148,-0.198350372257332,-0.131505252162691,0.225640946073723,-0.125802991345031,0.0767963948054555,-0.336819223377157,-0.23749150987922,-0.0448069067006468,-0.046276403634203,0.0853498690730671,0.481003586441047,0.0118089495592505,-0.401789523832024,-0.5640917277364,-0.146037562504781,-0.195312168201113,-0.487217598622339,0.0609756193413103,-0.584324332756417,0.00924596525115689,0.0192622918318933,-0.242963716696887,-0.275759419509499,0.729353939311851,-0.298475268414132,-0.435084794616242,-0.280279555539933,-0.39650367771158,0.272786782939542,-0.487374718807975,-0.510711237410917,-0.322577112448403,-0.602691974556498,-0.173523527900367,-0.273963283383281,0.0566841072314929,-0.256293824996643,-0.201633551432583,-0.168805408804586,-0.273926109294934,0.274545691436686,-0.27876693278776,0.210117517183817,-0.308883100324896,0.39259672234924
0.920223840571929,0.929333319335813,0.429515026287878,0.896261403185566,0.845638811574943,0.678213793855191,0.349092463765888,0.532732581600604,0.925016093220477,0.732840416656774,1,0.91078000705674,0.835301284661705,-0.20965936574405,-0.221636856900825,-0.235008593367313,-0.024890209892574,-0.248549700491364,-0.0616191257829816,0.143937874895457,-0.168467365915658,-0.208629968291147,-0.00781988975562037,-0.181867126699835,-0.206529258364046,0.279628970831813,-0.232222070603935,0.745895279728699,-0.137364587356687,-0.360554284441139,0.568969039629295,0.253688888166115,0.0303534572812951,0.0609051875912846,-0.347914193993651,-0.107478216310985,-0.0956289589713373,-0.0468085286499894,-0.106122281862299,-0.181268956820752,-0.0875700457896455,-0.0632444572017271,-0.0154831124165426,0.0421640269650111,0.0671763094231064,0.42026241075686,-0.150854303965768,-0.496512451571473,-0.282949386248907,-0.103511782240002,-0.260366803258541,-0.418018607021671,-0.225893647076402,0.00441910736154667,-0.317491088400541,-0.063176472229834,-0.161807743626837,0.615150497910411,-0.164569336740293,-0.271267810963528,-0.482270250430556,-0.452547449665553,-0.451785138778404,-0.312201383208448,-0.387011481396654,-0.490067439079802,-0.328465381681304,-0.705791541455873,-0.46470320245925,-0.499543791771929,-0.467670470276854,-0.324288451576072,-0.299486439164834,-0.316753567116449,-0.313861543757368,-0.386777621499021,-0.330418547365753,0.303464064173654,-0.203129916672013,-0.216576337795883,-0.115101412421403,0.256452025360764,0.511195742637729,0.692110656181301,0.936263073437596,0.907928254415088,0.550764593920483,0.602037170738303,0.84123076467975,0.92591945914213,0.938600332629689,0.795369943315799,0.929742561606537,0.563116768194271,-0.153899174228199,-0.253146188576346,-0.0732625603782738,-0.145623411933887,-0.0180047215154231,-0.184825334717901,-0.14344743431273,0.279781639128712,-0.200031971611857,0.460080770208356,0.0102403708481286,-0.273881004293037,-0.209120398492012,0.161896139581221,0.0522870723558113,-0.110887993293105,-0.28188617124177,0.0812697366142785,0.0977804648939536,-0.113881961706767,-0.264126609736008,-0.0543806614942111,0.067725404001335,0.130687988146603,0.399189543114579,-0.263384291074407,-0.186506016301273,-0.301356926640613,0.110370825057777,-0.0168238286869825,0.079258706022797,-0.274055962989124,-0.223004790519009,0.0151803964257308,-0.000617452341248833,0.131832503740122,0.660383545405562,-0.177562396614812,-0.261293323617073,-0.498135088964663,-0.155491481510363,-0.290268523272904,-0.285344695949488,-0.000630046044974656,-0.416625098610209,0.251166825512242,-0.0380208680029722,-0.28102221011163,-0.183430312527309,0.755608790152836,-0.247112962218188,-0.324983832514208,-0.352782441692592,-0.381572415026776,0.163881047068618,-0.460988796175871,-0.493422947670895,-0.416308850557342,-0.422927829587586,-0.444365792665067,-0.344982245973645,-0.189883271421953,-0.325432267492646,-0.372784327138745,-0.351493204109038,-0.321951164090326,0.0706405012399397,-0.295249828501908,0.364044899362126,-0.324824866485747,0.264862529587288
0.85596512115463,0.873570498045395,0.300542328484226,0.946923998091528,0.81024720884341,0.81165456072669,0.441167484728832,0.721969128366625,0.932999009334637,0.739749744981286,0.91078000705674,1,0.907270990108939,-0.146442411153186,-0.188340114510159,-0.164782996571295,0.0209529766378143,-0.235744016809606,0.010838223168149,0.122830183469117,-0.120479442760528,-0.192878168163672,-0.0377061087419262,-0.0404408611383221,-0.175348573626789,0.185447688430377,-0.228070308740853,0.610709633621488,-0.100341922448509,-0.461855290659257,0.457241307506531,0.278794031712702,0.132589300130583,0.0469856371503457,-0.424272286253786,-0.104248021320008,-0.0223123205350529,-0.0221632994757715,-0.10093249470425,-0.119502835038162,-0.0950572257401529,0.00464946786117039,0.0515012981567324,0.0800899077764722,0.10788363604693,0.380006881451211,-0.0596771168942593,-0.443242959039169,-0.377023271950599,-0.210443911648047,-0.358893328506941,-0.452561985024514,-0.262816976378186,-0.087096372143744,-0.327885477855672,-0.0682257388876685,-0.244708280230125,0.626987975265146,-0.223412984369,-0.298697588708566,-0.531241167046909,-0.484159301174511,-0.500081474264394,-0.336264601661436,-0.374845260563668,-0.512612427104488,-0.427053116990613,-0.663373996153284,-0.560391375128174,-0.48009835203976,-0.436482371920418,-0.377800326751101,-0.359890769327736,-0.322135727009772,-0.323016105739429,-0.459172099225861,-0.329417351363284,0.379291584714755,-0.189627162820516,-0.331636746361928,-0.0462197246638327,0.267021249414776,0.374003652988687,0.604359103293633,0.933418204391713,0.931681582912086,0.619408321554149,0.721067898049706,0.742205283219155,0.917908604969289,0.835199380632463,0.84236819574793,0.935605289565072,0.586639005382611,-0.0748095611002108,-0.243758664008031,-0.0246045352861636,-0.0891954792479287,0.0504194458631159,-0.119616437962701,-0.0395883884613325,0.253031750204458,-0.0799984531746022,0.337023254332685,0.0862047502365695,-0.258856077114,-0.0593899619691363,0.242712845562949,0.172840466839164,-0.0883630211372964,-0.250982003509696,0.0943739438389137,0.190605968425409,-0.0537566154291255,-0.230244785680085,0.0305769071431672,0.107928552153146,0.138243524630748,0.330622046496842,-0.35545593995858,-0.191976455686022,-0.311205377738384,0.169291887827929,0.00944239107824498,0.0848680787389407,-0.190810061764176,-0.147746484552445,0.0232907929980125,0.0164734737036454,0.185248368797652,0.511940318164414,-0.119505471484494,-0.247371752399835,-0.568470456880392,-0.203947383598691,-0.283027844988621,-0.362858266211278,-0.116771370647782,-0.461171657276123,0.147266604527997,-0.0499267010503969,-0.282737049715347,-0.353272924493289,0.76088023507571,-0.282400445632815,-0.283104337278084,-0.344670675538289,-0.382951457174393,0.286315076832335,-0.506628312513211,-0.550971952338867,-0.447445158093368,-0.490105888720082,-0.417740835099328,-0.376946196812502,-0.135901131502715,-0.285952393719819,-0.473247241960865,-0.354457815914339,-0.369464569068393,0.0151087727059862,-0.326987343358963,0.419906332986452,-0.321655782399145,0.222417846803472
0.773193193069033,0.869717259430333,0.358134432586843,0.817529207881563,0.662824632256964,0.62142311308881,0.547931899529932,0.769066918246323,0.783558707494492,0.892957026722122,0.835301284661705,0.907270990108939,1,-0.185378998565709,-0.262464347310918,-0.243373205828212,-0.00957435219184779,-0.308210853393427,0.021497445537697,0.0928572508374325,-0.219778708872705,-0.266573054509729,-0.00361246403757654,-0.0191191733568975,-0.131624694307076,0.115842842975003,-0.313185135963674,0.657929075617795,-0.140423536180237,-0.436693805660504,0.465068259499793,0.207309363725992,0.189566189496418,0.026594817760071,-0.45950519718829,-0.180752436485356,-0.0542046401685727,-0.0499095177617353,-0.163990350041966,-0.268900754046815,-0.182492501212884,-0.0833871257382634,0.0612502832853165,0.0809883926614526,-0.00165916372094912,0.29829564319313,-0.0108691745866462,-0.431632863524925,-0.350028306987916,-0.261405353248535,-0.420620957816504,-0.484972403103515,-0.307311114942539,-0.126906585166117,-0.469588799402909,-0.188131081227006,-0.317198134911405,0.601985821249959,-0.222265495812027,-0.442439674846761,-0.488502310602227,-0.345029511240173,-0.355738954504374,-0.194347971391262,-0.268783734506587,-0.430053125831051,-0.459504220475197,-0.592660820456788,-0.502305539182705,-0.354987236088937,-0.383798952279598,-0.404559099937845,-0.393983359494029,-0.385435320412935,-0.402375863916722,-0.522938039128997,-0.344017403217147,0.198139233372752,-0.16827609148321,-0.436363282078741,0.037854453091221,0.0628407546515161,0.238120371350263,0.443740259775986,0.846285311742818,0.804039967976776,0.728181678272967,0.578839421160621,0.596907419744134,0.840754268599204,0.778713337796587,0.905410690971973,0.886629114118626,0.719278446790504,-0.177671444544362,-0.268647499353192,-0.127982331056831,0.00497702732604599,-0.0139173057643393,-0.095158239868719,-0.0608823148911965,0.101516392772006,-0.0563331642429918,0.319853544290368,0.00573336765120085,-0.255501746132386,-0.0687377252730998,0.306255602665443,0.28764388657772,-0.109405757044275,-0.254907138992057,0.117798476867933,0.221143923249355,-0.119449380579812,-0.171621441343638,0.0862641265560001,0.200407782640408,0.276159624969303,0.350505122138455,-0.262417586830051,-0.127203732292398,-0.155769242070484,0.228410703156589,-0.0607182132936951,0.0829926387211519,-0.292842000156569,-0.240388957317683,-0.0653831860085921,-0.0382465408327152,0.0783074291202854,0.429263012539379,0.00142399305110899,-0.339177247704535,-0.527514365836811,-0.127768390105023,-0.264277467393305,-0.383452952277452,-0.0365423142569842,-0.483608557532221,0.0973781183939595,0.00202075739216642,-0.277734348056265,-0.267571647182813,0.750475950036061,-0.278653404504565,-0.479704548661857,-0.333798791548628,-0.340552602518313,0.226814265709926,-0.430130117862512,-0.526632759053332,-0.32131762297266,-0.513830629090912,-0.296960980207971,-0.241080950591962,-0.037140718166375,-0.251625658665671,-0.409574780664198,-0.339628093241933,-0.344716225498298,0.126700017976419,-0.307060328653167,0.233989791930993,-0.280038288397136,0.294620684765148
