1,0.755890210595871,0.448653003140544,0.718147675299359,0.691984557120346,0.570502828110133,-0.263113067332185,0.544845396905806,0.763451139240315,0.688225732174006,0.756673569276775,0.746205334260388,0.843115232103864,-0.0985875101810763,-0.0440074325517257,0.0275392882710389,0.188030902020125,-0.270127303142721,-0.237440117889663,-0.0558641482008941,-0.170635120794312,-0.0287000665977772,-0.332484352884699,-0.0787246116323212,-0.0779438126530036,0.529108455299982,-0.119900832229119,0.0691444374265398,-0.287100660394693,-0.286088964098367,-0.157865050698588,-0.069764834112403,-0.134375607059907,-0.101867889625714,0.0603585386425134,0.147793252543026,-0.102182377195293,-0.217186555490074,-0.0433978557002637,0.170584661618121,0.0677135061686962,0.13961611993474,0.00751596118041,-0.0111824803946544,0.194389663396561,0.225654584487533,-0.0449938373382632,-0.293853491026052,-0.0283146644569392,-0.231507307979465,-0.0104633767461302,-0.136471976093062,-0.166120039721963,-0.0500696940180221,0.24487800804013,-0.225109661194035,-0.0978618140046637,0.40080684161184,0.0077757413079749,-0.100709606190212,-0.496388977960855,-0.496917796042726,-0.522579731292769,-0.613417267201487,-0.531134501644225,-0.460769707035308,-0.370711597245526,-0.280027584826464,-0.0734423985506317,-0.443652886753979,-0.352812813276034,-0.219242722941076,-0.35571303263858,-0.0071874702556191,-0.3664383439805,-0.214029232911428,-0.27178155726738,0.277858086200769,-0.374917610578975,-0.0542312889112702,-0.484680855151403,0.340190920334804,0.33810843969128,0.737157057020577,0.778999642601991,0.542512497207986,0.2424300162644,0.486149702521666,0.616992958163424,0.584658217206846,0.574660378611084,0.446830492057955,0.654525892497308,0.659811668071105,0.366262397412853,0.0095352264178401,-0.23518434824644,-0.176976861236946,-0.0805539745306816,-0.149504653323335,-0.221422005541115,-0.273576263628776,0.0241754338221583,-0.0714961792897902,0.39909967866552,-0.094663511331734,-0.0170311250171151,-0.253253067780402,-0.138530168636061,-0.0998598977943151,-0.0388287367344377,-0.0396812429662005,-0.0415762679718919,0.3163280284384,-0.162297509691754,-0.373507162554953,0.0843515743212941,-0.353741982900039,0.177984112186588,0.180074149285879,0.263359306438918,-0.0415161138119617,0.0771278758875499,-0.410379697788167,-0.250162365759898,0.0089392526540339,-0.0343575041314135,0.0560390725854204,-0.125658308830033,0.110783820166721,0.0911495763574333,0.0181565498945461,0.213831745908506,0.0089111088596873,0.262779008789207,0.307120455732483,-0.116962082353203,-0.114356323675777,-0.200436657064206,-0.1266981717318,0.185601821452712,-0.223093876268949,0.0222980345648076,0.157352238171315,-0.359898896562158,0.0293072450603055,-0.299373995243403,-0.22093910905214,-0.254604711592114,-0.260351127320927,-0.340568006394656,-0.460343772124774,-0.210526756916575,-0.465076679139836,-0.254231247554103,-0.445021541375525,-0.649011499351723,-0.647485869811997,-0.364157526003308,-0.200431758751048,-0.184475870227198,-0.34413577625698,-0.327081193353696,-0.354887480130655,-0.0175864853602872,-0.491661187587636,-0.445726307466479
0.755890210595871,1,0.41900967693128,0.791044858300446,0.312567516994857,0.889916745308155,-0.439215488496844,0.679269109043329,0.815203402139102,0.610791309394016,0.596913881254705,0.611520675735368,0.61594635813705,0.0462406868749799,-0.0842199470052122,0.138357843166318,0.388608383584366,-0.293301419029799,-0.419283477888246,-0.104962824642462,-0.235956605255284,-0.113221859088994,-0.306412876987842,-0.0981685800387881,-0.228634602908991,0.499499760500846,-0.0813142941223362,0.119472002983932,-0.292023263052229,-0.339227081376969,-0.150715690885181,-0.0417981158027048,-0.0955365480149918,-0.144169137583463,0.13366951209955,0.0108139260336654,-0.0527105738912463,0.0145585192215487,0.0730041844445866,0.221937412714966,0.197824991224186,0.239063825466329,0.0408867672408248,-0.186574065899281,0.299870589955378,0.0866430302398297,-0.106182798572644,-0.308055223308063,-0.0648961674094993,-0.0062812934553327,0.168012925782611,-0.359730401896498,-0.209611260619192,-0.052312824327817,0.200339231898453,-0.0055047785075456,-0.0567160809762342,0.146348598406298,0.0472387081354172,-0.138972906826034,-0.644824882362928,-0.439063685086411,-0.389201112400216,-0.521201733374732,-0.548408255898258,-0.446502767829207,-0.313122298952529,-0.432502919594097,-0.267759878690527,-0.528729276978358,-0.408414950685349,-0.443165308910438,-0.573463402129918,-0.121791520515789,-0.344296434148892,-0.217618579585624,-0.311187296141944,0.073343821127719,-0.400296181693396,-0.2227953015541,-0.407366521009827,0.126981323634897,0.272790906314594,0.543246584109079,0.894980512021363,0.44502889426417,0.24492660586553,0.781485309296764,0.440972319026144,0.63645247076433,0.517084327023381,0.351464091425149,0.658647742534871,0.502655657363302,0.188382236886635,0.103654711876143,-0.275339118266965,-0.144817483874447,-0.0541261632335422,0.0839315252705666,-0.141368727932671,-0.423639416287491,0.0394021099872481,-0.221606091725166,0.243544383333974,-0.119000392558389,-0.0906997866460248,-0.230725047044441,-0.267828315000999,-0.128950775036585,0.0646317440057463,-0.0486849058072898,-0.0825518708615363,0.263337699052884,-0.360028345697016,-0.339837068477901,0.246422438205329,-0.38367537787619,0.153106918468084,0.240300953231258,0.306134234390597,0.120265834173529,0.0478167402412203,-0.422428273847748,-0.285585789478032,0.166653088572112,0.0639971772605975,2.9491515223726e-05,-0.0526909163039137,0.250754222651608,0.197388583999448,0.136603925778304,0.268922784643613,-0.0719227444172807,0.25975796005613,0.361122778687852,0.0897677385630336,-0.151592586751626,-0.360903165318,-0.0479048081401494,0.155031058046063,-0.0534785558002105,-0.0966585062920473,0.245362280496874,-0.296392501642478,0.032494520582503,-0.297580374729858,-0.188939102951327,-0.201364476450855,-0.424869073356364,-0.315998520760179,-0.43532800335977,-0.226804363982839,-0.557295892955885,-0.377705492759002,-0.465172049280179,-0.548922878385801,-0.621554591009726,-0.442293447392364,-0.304594188641991,-0.291309646402362,-0.566254002434993,-0.29586148901262,-0.352641524405792,-0.0254549377930106,-0.492700801906648,-0.284222659967744
0.448653003140544,0.41900967693128,1,0.356086477867945,0.355743160751669,0.336938316348332,0.0680453107332108,0.178888918037944,0.4798111263142,0.708291921680299,0.468158084996353,0.370390768276177,0.418108671119267,-0.203647675619073,-0.0948111539677495,-0.10046111830115,0.091777675541664,0.0173417762648876,-0.086425904433461,0.378140207898915,0.0212562982808209,-0.0708488776926987,0.0143600150508423,0.300879624252963,-0.0403911049773205,0.857910108184238,0.0709101269680979,0.367818924101,0.328333697272824,0.256743095172531,0.341716952021794,-0.109418322308712,0.192532198956659,-0.0176093357437773,0.0025872330182817,0.427907221402796,-0.0086964203751298,0.19608527540442,0.160147220325399,0.0481995692955176,-0.162538263236429,0.202245224872283,-0.0088837629620875,-0.234094276947351,0.118184635797423,0.19703890209188,0.164952960287914,0.0333569401521435,-0.0863902082128913,-0.266600508170415,0.310477907190297,0.0564886649854065,-0.168854138440138,-0.163677307109047,0.125580273306844,-0.113378467313367,-0.0398954122125637,0.143229750602056,-0.0983446280472514,-0.0323449237611656,-0.275097702419422,-0.226468182851916,-0.36078781049431,-0.367519511153332,-0.271705217692529,-0.44911908740381,-0.30409051285613,-0.480368367479412,-0.211072035419849,-0.369975086353351,-0.178001430621039,-0.326386011111544,-0.257660678078115,-0.451139222308422,-0.348856202055192,-0.289390977514174,-0.348902840767569,0.143116265821018,-0.209528913831005,-0.10913970455943,-0.333002586590421,0.33857787676367,0.399397016467518,0.477062713179636,0.479099709393464,0.330809393230153,0.668606167510711,0.314987550046947,0.515765133755575,0.435076137421671,0.459209593037207,0.545630802940512,0.358127737856107,0.373814481464717,0.389648783091804,-0.0902886402315282,-0.530076425322501,-0.130677682933426,-0.246278871061479,-0.124685678066232,-0.262581089329209,-0.0514048417775157,0.0358923535170097,0.0130883026801634,0.228222900875147,0.12146785012479,-0.122855648647543,-0.100813599723323,-0.0138019048469922,-0.0357634766430252,0.0885074359332496,0.0167352997566307,0.0266705164313438,0.629768385935119,0.106885577962665,-0.187624503871667,0.383706903326899,-0.10791957869405,0.339169593530995,0.294607930237805,0.31687683721755,-0.319436626018605,0.0513706302591927,-0.343021366302832,-0.350205762579319,0.0165580742675415,-0.0583909683155802,0.0982670331462929,-0.203007993467145,-0.0588967464623082,0.0107237175128535,-0.093169120960787,0.208575962025335,-0.214384972377075,0.16698453084562,0.244442453266814,-0.109313273545058,-0.463696104359774,-0.0945460227753818,-0.343299572461705,0.0134145348830643,-0.141733591772672,-0.223251683418827,-0.0081846488711495,-0.496621944462051,-0.208403942617789,-0.208270837252969,-0.0621514333345399,-0.538074441058834,-0.346079200617054,-0.176901383427503,-0.53664235425696,-0.327034998409325,-0.215492569580126,-0.0973389738880015,-0.310504105565845,-0.581340790324411,-0.494165988797045,-0.365716604957673,-0.272448315095614,-0.347897927242513,-0.336254715635003,-0.475443637306655,-0.297586288314071,-0.108596945633106,-0.350398042902751,-0.533236156413539
0.718147675299359,0.791044858300446,0.356086477867945,1,0.417039916419823,0.705017509815828,-0.42963859075637,0.56335828461052,0.841959238689555,0.47802502282962,0.697825811202579,0.597306177217269,0.598069113623335,0.0623511035296899,-0.146395684884483,-0.112402996627788,0.440158553806185,-0.437635286948266,-0.443248627794832,0.0783934274494942,-0.37254586023708,-0.354836071935408,-0.520545317659839,-0.247809534597841,-0.406026121982414,0.327715426382865,-0.0115505527731612,0.0226287170693386,-0.151460088299556,-0.249835841300053,0.0089613276761017,0.133359814266618,-0.307848285923013,0.0104007207284052,0.152851254105258,0.126072268047906,0.163213100161365,0.169060959515891,0.305016559839517,0.345321873672655,0.321554516363993,0.381854400892442,0.231939674407529,0.105721527019953,0.478404798434689,0.26947218647274,0.134776651328808,-0.223820488572207,0.15957752648547,-0.0502488696906007,0.313316605540573,-0.347015267578564,-0.178009074972148,-0.0356345644351434,0.273606639438913,-0.0457998195782559,0.0005337480794297,0.195280698523987,0.128294519019144,0.0616653243073677,-0.580684807507052,-0.457778812217442,-0.388609056153685,-0.433417790842096,-0.568813548804851,-0.372607421881134,-0.436791368399897,-0.268834957326869,-0.376424097986568,-0.419184477317174,-0.342434095013583,-0.427217234129334,-0.499156678678892,-0.11460009771081,-0.321202705440175,-0.338979162537212,-0.252177667900651,-0.0249136591458717,-0.488642728066843,-0.202108556426641,-0.371356019382283,0.0149544340431022,0.143267219309964,0.424571909424575,0.735412250671557,0.569459547207003,0.0941350380666756,0.657135569348612,0.478586428872656,0.603580052218685,0.540814834161902,0.293648321335888,0.554880914330486,0.666697604472263,0.142628502808006,-0.0418180378419724,-0.186656085428033,-0.243426704354703,-0.172168612676222,0.0276936284069202,-0.277422669206126,-0.437943324279732,0.0299442850507787,-0.330787408716809,0.182029325452273,-0.196080033552498,-0.288870956360768,-0.42236350709207,-0.416892008779224,-0.313034624178606,0.147534042233386,-0.255494014343723,-0.297100337060233,0.211283440731655,-0.269507945370043,-0.297210424504737,0.265429885366993,-0.392977249187634,0.225239411546776,0.299907347750672,0.40443705533812,0.171904567238275,0.139639032668633,-0.305282776878208,-0.11059312201567,0.317748633134025,0.119271550339079,0.0843934710504835,-0.0679840941990544,0.348293582867725,0.332456953526525,0.324038348934083,0.373855162915674,0.213242019175883,0.430455932816118,0.437586726791277,0.0232177342091854,-0.0307002559056464,-0.50946699823019,-0.172096288386872,0.0966669063715592,-0.108798462182811,0.0564050881040766,0.302973402651392,-0.323460381745888,0.255554510143054,-0.16244657399044,-0.112215259047088,-0.053654763352409,-0.277150129006723,-0.463782884094226,-0.331133520043995,-0.100548062703613,-0.492860728198127,-0.414371091017208,-0.494260414232463,-0.47738332453011,-0.424003625617954,-0.355999770789925,-0.427279465660775,-0.182167223042184,-0.469642981057572,-0.418243495334712,-0.554947573917786,-0.147056570795899,-0.603028442380698,-0.165685445000518
0.691984557120346,0.312567516994857,0.355743160751669,0.417039916419823,1,0.156428907034736,-0.0658835820242914,0.116645102862183,0.553760098948377,0.373142509061091,0.671075838729395,0.539238772147438,0.587665368707795,-0.19146435784119,0.098938578710051,0.0635870338877989,0.1299018822691,-0.0705965046421342,0.0210294529440876,0.199750870223621,0.04402169839765,0.0582997455381133,-0.164018745940146,0.0874536132504225,0.0301397225702479,0.430944168956721,-0.169440120765702,-0.0027928491090999,-0.163308303675337,-0.202542655041605,-0.0429660357910209,-0.0273708802701938,-0.0619388299049356,0.0330544293707326,0.0972225808517053,0.203765849156627,-0.0189891964510461,-0.202453594073979,-0.0955362028477378,-0.012144068792904,-0.0540893287477556,0.0469150193377668,0.0388506566659487,0.0237569351089994,0.0548819404023795,0.188954906430461,0.154832371950281,-0.062659774942246,-0.0475745417677808,-0.200456436140467,-0.117632801487706,0.15106067830114,-0.0429718342858061,-0.0513413602440567,0.188281236916113,-0.188612859418311,0.0568848449884559,0.463286319400364,0.167895918884767,-0.081955159233074,-0.180459307089533,-0.297034884940113,-0.339112596190283,-0.34157832529958,-0.241729901781238,-0.271912727661948,-0.194991667374735,-0.0797828408785366,0.144801067997932,-0.195041324944694,-0.125762979748899,0.0011285061295069,-0.0881491549183525,0.0173549503068825,-0.13445095335419,-0.100766894585691,-0.0938586386498299,0.45905797989742,-0.10937265194362,0.117915915134028,-0.243109487673155,0.325467656098348,0.292280759486369,0.537289532183571,0.435689545657662,0.557502032659465,0.261030120437715,0.0759485715515306,0.699305379298118,0.469307751688513,0.541058589053845,0.308373345448148,0.347232060307644,0.614235162528244,0.235451255188971,-0.0024344927089562,-0.201770384812656,0.0761971489035844,0.0982996251354086,-0.191692424785747,-0.199311091144703,0.0114759424467178,0.129400216737586,0.098718059159859,0.461955125779702,0.142813130014675,0.009690804115283,-0.102579213926163,0.0953700669170569,0.0317807889524917,0.0731729955306162,0.0967583182110571,0.0741540940303697,0.206766237764045,0.0237205350256642,-0.141439930315719,-0.053957031072685,-0.20540067656527,0.0269549489495314,0.0175157280633579,0.140366047188707,-0.257706684115301,7.73113143901248e-05,-0.256045711882201,-0.183134346750775,-0.0184260659377533,-0.095316534536339,0.229857723331652,-0.252425710131743,-0.0806243938770232,-0.0160137153679558,-0.103744077875091,0.0952261441170589,-0.0335882858581238,0.100878763078478,0.0957997175496973,-0.250873128663822,-0.221509352829823,-0.0313045690326387,-0.279451542232336,-0.0234427856869133,-0.251704906200079,-0.0830637201653939,-0.0862474325686557,-0.350874453104853,0.0960108317131234,-0.112880096503038,-0.188977638728572,-0.316276911906228,-0.154518654940699,-0.356398566873894,-0.350587416938813,-0.198304773240039,-0.179754374005897,-0.0680494593717597,-0.2278117124303,-0.517772336568368,-0.352979594398996,-0.247478781392084,-0.0530555597166805,-0.112812587835091,-0.163549821462915,-0.346867649882599,-0.225757576046892,0.0420590870522214,-0.282311336618924,-0.394288241887716
0.570502828110133,0.889916745308155,0.336938316348332,0.705017509815828,0.156428907034736,1,-0.538607833198788,0.737966872419764,0.807216663357775,0.474380658864692,0.458124770554083,0.577249441169119,0.442028953623882,0.204478838265599,0.0046246365006328,0.113085557550683,0.506699432666516,-0.255690971684075,-0.428173715664348,-0.0698289881341105,-0.270590594904791,-0.196951550863846,-0.293854468101093,-0.166789007700296,-0.270424468918223,0.447768515048021,0.0355338842748679,0.224118491738537,-0.180335093356142,-0.300447825797513,-0.0598138493161517,0.024184349687102,-0.113665831762961,-0.213276814929866,0.16282513512274,0.0619023311234852,0.0400083869879315,0.20166132327331,0.155531331920809,0.330538545205394,0.247880693138607,0.306325167988999,0.104496613404457,-0.261076717321204,0.299437024266805,0.019350179805697,-0.175926030260775,-0.277906792484572,-0.0371319712325677,0.100750774087234,0.298027100801934,-0.345569040727759,-0.178354907064073,-0.0714008323444681,0.296898025478405,0.0466883603755977,-0.0167303863660688,-0.0338231162754779,0.0074796175253762,-0.131597934153154,-0.692304701998917,-0.479673099640831,-0.428142283186885,-0.505883129030634,-0.590872150930628,-0.457960289984299,-0.293496659454026,-0.441056747219696,-0.313200929557047,-0.592337415589906,-0.402348145499326,-0.496326090025845,-0.642175686955747,-0.113577473796082,-0.298837361265544,-0.261679381520099,-0.372213989574697,0.0217159935312632,-0.396778591842916,-0.215862303399688,-0.410699417084017,-0.0213826986757143,0.134477826085423,0.340045863865524,0.797454147174904,0.457758483395972,0.0907357680359372,0.816615267573126,0.395382715598732,0.679295385129566,0.534615092464346,0.181977203369035,0.567447626441917,0.447810306763817,0.0413451273636544,0.157145159043652,-0.235220754673211,-0.0045856288273141,0.0360932768987196,0.264951071422576,-0.0305584567682535,-0.417866472295268,0.077101186441761,-0.300847171750654,0.185083126314359,-0.155118497483544,-0.102552300802074,-0.265381337021653,-0.354470902529539,-0.156927899818683,0.128871846315038,-0.122599641556749,-0.144632737307069,0.230568452199513,-0.409803393420641,-0.250815589148039,0.374832073177186,-0.365878806278948,0.227066240617972,0.3093809957499,0.346975861210626,0.20076446366663,0.112284654115027,-0.437800925504538,-0.235338929809217,0.306560259143639,0.183143498890222,0.100411344841351,0.103902072755709,0.3599125582644,0.300975540452394,0.210163915442282,0.256098953426785,-0.0701036705593292,0.26502989680413,0.440997797201568,0.192756365050648,-0.0625551131928215,-0.298206832316766,-0.0189645386275832,0.235805784066489,0.0752497882266727,-0.150094350141883,0.26325699895971,-0.220092317159583,-0.0056633244995909,-0.261324460384466,0.0068453034068114,-0.0821181955879648,-0.389233661856939,-0.267840788585401,-0.371178389101942,-0.208676598812114,-0.564731049289143,-0.423195288958272,-0.503994635735603,-0.517042359432633,-0.542450918885607,-0.371133767099148,-0.314923011978102,-0.263610944582685,-0.608336832070995,-0.291047688494693,-0.385658805358053,-0.0320335682886306,-0.469115822061092,-0.238785036657159
-0.263113067332185,-0.439215488496844,0.0680453107332108,-0.42963859075637,-0.0658835820242914,-0.538607833198788,1,-0.267644027453206,-0.560648575175239,0.0066072976204463,-0.123668282844563,-0.384157263996022,-0.148779720818958,-0.2720936079575,0.254947469028255,0.17718934070045,-0.377457672565624,0.450073154171706,0.325898331486944,0.279650697516498,0.409529029087185,0.252005536141283,0.493620468891059,0.451754708875609,0.26705469827521,-0.0883188189124885,0.0236825996971738,-0.143640679842085,0.148245174191823,0.438713389816574,-0.0314275772243165,-0.31027940516721,0.468814696111215,0.241283082232969,-0.0897755235612372,-0.190208610122972,0.0781921715832069,-0.273588804420252,-0.107626434511971,-0.380255897536488,-0.420137062714549,-0.26227604847554,-0.168084223792262,0.164225244339035,-0.226545133726375,0.0427295585536891,0.371644807861648,0.301187313113192,-0.0182376277838934,-0.173347336801918,-0.306292378767327,0.374758015198715,0.166908414527502,0.0375359812527725,-0.461661035847543,-0.144767724925514,0.0193167025527515,0.14612834813012,-0.0829158939218043,-0.212879039333423,0.61351792555164,0.620135473219571,0.433053207898652,0.56098776782948,0.599584932790524,0.461571227224592,0.384005878499182,0.212428165888438,0.44167659449152,0.521653382666397,0.408305275972188,0.547558412008927,0.639782509729648,0.0046792836032009,0.183813627079717,0.37290365606523,0.446493314551792,0.126663544687422,0.544110252096754,0.33081421757021,0.406249749907353,0.157794045737323,0.208878723512619,0.005858650033066,-0.368761114318074,-0.234705669970511,0.392142689797944,-0.447014451923752,-0.144048470141928,-0.465611508986323,-0.350091204058938,0.193575269104072,-0.211558409889963,-0.33051187578846,0.0946418480778697,-0.0173507385059209,0.0681323479482242,0.0998815303522609,0.125987410291306,-0.201794364210222,0.0395198499084388,0.291597090989295,0.117001929195418,0.495102393388359,0.0025308399017689,0.254385749833211,0.19487306099571,0.285779425085743,0.31965173706846,0.0362683679400964,-0.0624639867210156,0.225914183912991,0.255290777466042,-0.195235306467625,0.476516869049695,0.230448060688229,-0.377190631589309,0.54202177560268,-0.364610753314149,-0.48180154637545,-0.410749426307433,-0.607576751628971,-0.350218025215898,0.12804085225514,-0.0204601541934209,-0.354439306185024,-0.500256476612365,-0.192366125350755,-0.138524373874043,-0.495668126343772,-0.39011188999071,-0.323085480199246,-0.226626113674455,-0.0252361459602595,-0.448715860111321,-0.591649555413669,-0.543114412525662,-0.17240935936639,0.136336155883638,-0.261556230251874,-0.517086497688644,-0.501461541426427,-0.103237055548102,-0.366796821596223,-0.155766632742068,-0.29345272614948,0.0349816062026525,-0.214388357967246,-0.192673316719916,0.212050776203311,0.270719362774664,-0.0210337897488488,-0.165185350745117,0.510860436838434,0.523772674310678,0.62409778367237,0.262554864115618,0.323707220499662,0.0865933995940677,0.498258918736812,0.354223585416786,0.611698358203738,0.183989869459541,0.505456598461157,0.0260049961509049,0.4752030301403,-0.256240081164142
0.544845396905806,0.679269109043329,0.178888918037944,0.56335828461052,0.116645102862183,0.737966872419764,-0.267644027453206,1,0.595648180162276,0.617427629497414,0.408403697285965,0.672172035884663,0.5519841231906,0.113986048533887,0.0907796614410125,0.159752485272337,0.271823150910489,-0.14154523353271,-0.340234554586393,-0.109291097768401,-0.11637462430704,-0.183325792094584,-0.201128518442821,-0.117166576494108,-0.149791241958442,0.302488698721722,0.312857488900465,0.156353889633452,-0.204672994438594,-0.183553648075798,-0.0642841491227128,0.0445158928099317,0.0524428816677898,-0.14885857524887,0.170244455293924,0.0544820110485568,0.0477295807748078,0.009029403270753,0.112304357936975,0.247976707783249,0.0936257493308889,0.235656177134493,0.118231548600246,-0.0687153294191596,0.182757051069847,0.0671456885322933,-0.160664084134148,-0.349471010617932,0.157279019770765,0.0821492661481983,0.253239923505661,-0.260118816614123,-0.0013521906221196,-0.020191171338365,0.253593354496012,-0.0921769155088562,-0.0128768761648041,0.0146121253257189,-0.103643691330793,-0.103680686865002,-0.459024216783105,-0.360327743214982,-0.289740652644289,-0.348128522963053,-0.48758986122354,-0.255320762856612,-0.249811176443281,-0.345802425206283,-0.174156976665478,-0.421849676210214,-0.282015996458544,-0.361370028253747,-0.431042675471019,-0.0910934398269347,-0.287865781824918,-0.264878082421172,-0.271007938978077,-0.110863354698127,-0.344353465773385,-0.0824011881207655,-0.390778072222696,-0.0939025911151159,0.0112827204444091,0.301475500408602,0.631756321826114,0.395687593594526,-0.0987294588825087,0.575035983300743,0.322031402355135,0.531849554538731,0.409720793066697,0.209380419466862,0.656566136625211,0.431829498725045,0.109388223806787,0.146137132678682,-0.141254822074421,0.0124466063875988,0.0243478860430203,0.139850592626452,0.0620658213900905,-0.428132404957497,0.0413564340393599,-0.251687844198164,0.0154389822464345,-0.154833282274413,-0.183237177054198,-0.370780200515737,-0.386656094316737,-0.305476269225908,0.0323927154116275,-0.178551367702997,-0.160693922840981,0.155667520757833,-0.348183032573243,-0.287106763255663,0.292150571226791,-0.241649038842892,0.217293193183837,0.250436284238795,0.232674295273819,0.0974202096543796,-0.0035263207972825,-0.418950261893379,-0.28791161012719,0.207019262788812,0.0592206257740527,-0.0282445030517194,-0.0775936391758675,0.219154253893074,0.155865600764701,0.0709079359550022,0.142381649589842,-0.140336029799644,0.208154012290862,0.391543111838443,0.107859657443853,0.058990941914887,-0.235848600413764,-0.0830658268172707,0.266282365866439,-0.0525387619740661,-0.121500672016136,0.231681951108727,-0.218123285145628,-0.0237191822194102,-0.235200252127339,-0.043211531389067,-0.0765021961455154,-0.214860840595881,-0.196957516038298,-0.241609068707947,-0.120503975169937,-0.495741529523842,-0.331138497464089,-0.459905070769835,-0.352596091450583,-0.467723782808399,-0.387428703905242,-0.242868169788138,-0.188744745233212,-0.433148818573617,-0.257249433369291,-0.346037769043568,-0.122168095199883,-0.415602039363864,-0.200280678724465
0.763451139240315,0.815203402139102,0.4798111263142,0.841959238689555,0.553760098948377,0.807216663357775,-0.560648575175239,0.595648180162276,1,0.568463517424855,0.727702339992512,0.765599947311943,0.652982512003438,0.0590775728703967,-0.130085795947577,-0.0406876119666286,0.452041833632996,-0.34751120683286,-0.41016863638077,0.0682439311607804,-0.288444342162909,-0.308665364047204,-0.464503232574046,-0.16675738378721,-0.329389065725895,0.543112556117026,0.0110862532643132,0.176535327676242,-0.109347712204446,-0.27015985133857,0.0671995356961198,0.121973686520112,-0.24916276032726,-0.136908123165418,0.22854135769911,0.292149154333416,0.0696919834854276,0.157912074056537,0.21339772948587,0.365986956831813,0.235693189839617,0.378135661966904,0.193228431744971,-0.117633577419529,0.389004189503701,0.243281287099476,-0.0147547123582733,-0.253140047172167,0.0695074243919916,-0.0689548809648726,0.329220215301245,-0.259278844826409,-0.212251785771293,-0.147110786759502,0.396668551941957,-0.082827619613788,-0.0351655450338258,0.215848100525785,0.0906563502320574,0.03084719861715,-0.660793034923562,-0.591001988990947,-0.56989737982739,-0.617115436512138,-0.633386000159689,-0.494529273108424,-0.476879682051186,-0.422624191800653,-0.335524976253521,-0.587249951659541,-0.430699202741648,-0.495793799262915,-0.60582820902871,-0.138173811358115,-0.380108450817497,-0.410087008872865,-0.422096873417557,0.132939831407965,-0.540243990088493,-0.192636868556179,-0.496476464537602,0.131666491736392,0.172227080383455,0.517624699905045,0.826978597271511,0.693893424944302,0.162127356938349,0.635768729215553,0.706578802512213,0.833509560908887,0.786716068572408,0.341277636863767,0.624443549850195,0.775500400535255,0.247360255621413,-0.0156605752026303,-0.336814664903452,-0.0977931740332747,-0.106090874560452,0.0486739054468971,-0.253691855405948,-0.419532032339598,0.101133983367002,-0.310541111766243,0.281025047409813,-0.144853727190401,-0.252176523111346,-0.400975937404485,-0.339918378658577,-0.20968724681954,0.148571597862915,-0.233957871776695,-0.260081273006134,0.384557485897518,-0.246325471248295,-0.311424421105265,0.365754934225518,-0.41872849186202,0.351911676389474,0.383507796674205,0.481742258489418,0.167512883767193,0.214807652647223,-0.373145543373257,-0.200185642053336,0.291449754947315,0.201989915093268,0.163487482142604,-0.0641098425759182,0.368078354648274,0.300664053957226,0.230482348513896,0.347042285247593,0.0321908176570627,0.412504278329695,0.527868206278115,0.06644284726861,-0.114165214767802,-0.336120878091685,-0.182583420891998,0.22420126066282,-0.0092551905493192,-0.0902107837869768,0.254285168570851,-0.379314242595324,0.19724581792896,-0.240464670966687,0.0272010426146094,-0.200611313524247,-0.335397406823826,-0.497131887873476,-0.411559348055573,-0.202351167760743,-0.581349235029863,-0.482497416124827,-0.592075308242748,-0.656627886370277,-0.575057007286526,-0.404924427935245,-0.443814117960149,-0.357604571916467,-0.596393921486975,-0.483288647944985,-0.580578514944087,-0.0514621702508018,-0.639007103397969,-0.243458773118957
0.688225732174006,0.610791309394016,0.708291921680299,0.47802502282962,0.373142509061091,0.474380658864692,0.0066072976204463,0.617427629497414,0.568463517424855,1,0.509939507365752,0.688018511707844,0.731342457866953,-0.205078339478444,-0.0860375146223268,0.0525061894489836,0.0056144394206579,-0.122286232328892,-0.189499825856552,0.0301799415666349,-0.0137893910813237,-0.0418687693770774,-0.127721055944694,0.123629767549081,0.0178801497414641,0.751486962463257,0.0984628639518188,0.148264979744569,-0.0720972935006226,0.0199448085427948,0.0299453039284335,-0.122989633595935,0.121534228585691,-0.242384664118473,-0.0575426201948967,0.223664529121148,-0.0147206349035138,-0.12493823282677,0.0256455103407693,0.0904968658261003,-0.116484610245265,0.0902863275515383,-0.0069205653265925,-0.112137366654819,0.0988978463873863,0.225083755086836,-0.0831554763109764,-0.252267390179042,0.0565637034650986,-0.329004022687697,0.126460406993245,-0.0572296445668148,-0.182014461122327,-0.185609689075644,0.147289418119785,-0.370771738959913,-0.222257607930136,0.287312704730322,-0.148863172409684,-0.109091268563098,-0.366734766251066,-0.349551406451375,-0.445771076468661,-0.472585214989218,-0.468666190664079,-0.41068874903658,-0.345388506953446,-0.406813195786613,-0.101927748351014,-0.387648749379818,-0.270280934750386,-0.270899128700094,-0.312681163213948,-0.154833804992284,-0.430200262916749,-0.305543899466046,-0.344678046431082,0.0859077860860456,-0.349612942972546,-0.0226735122463015,-0.527771570747178,0.315230417230355,0.398346262372023,0.659022347087285,0.712432521769074,0.471462681112885,0.479055933133052,0.4074866654902,0.591636677952711,0.542719916185236,0.524220372879617,0.674100014869808,0.711616094139021,0.535623898682093,0.526141527413413,-0.108415843930837,-0.376004512076193,-0.152800228286454,-0.199258847069985,-0.204207034971377,-0.0984741678246203,-0.267053158946214,-0.0061291866967556,-0.0221518815323782,0.143370208883923,0.0465122569979306,-0.0716126202184958,-0.265589197552353,-0.105390373567862,-0.146980930698505,-0.0235888912162229,-0.0336963540283999,0.0307277271412909,0.525708963916531,0.0561585718854862,-0.380408318907599,0.207304846659427,-0.203191714445296,0.280276713435615,0.211677519861835,0.226511202715724,-0.210247682599705,0.0488551049660356,-0.360932537994919,-0.318549415972463,-0.0525919047261696,-0.0766343093538769,-0.0777240010168212,-0.271489081194849,0.0011498258780236,-0.0180150371948852,-0.0872721137728732,0.226411646534977,-0.209849536708162,0.201506042856874,0.279243726752531,-0.155985994042285,-0.202747513991424,-0.130153235951761,-0.262378461425978,0.187088450600355,-0.252825072573206,-0.0494619414632745,0.167192227271015,-0.459126334051956,-0.0602358994870034,-0.289135328255338,-0.134787855543152,-0.360896688154479,-0.240625453314666,-0.202089576956381,-0.477030197954861,-0.288893165966666,-0.369052149718719,-0.231605179282733,-0.388304182528193,-0.612348528016436,-0.535365674032974,-0.377676845053935,-0.191978999128055,-0.239626272371358,-0.293992455502268,-0.331190220110845,-0.312470795378831,-0.0806260221683018,-0.421038736024677,-0.471862121759474
0.756673569276775,0.596913881254705,0.468158084996353,0.697825811202579,0.671075838729395,0.458124770554083,-0.123668282844563,0.408403697285965,0.727702339992512,0.509939507365752,1,0.589258962855023,0.615321171939597,-0.170537640008905,-0.0032599015402908,0.107834153793254,0.202826150622623,-0.17869586257012,-0.105393906888919,0.234896052258918,0.0034103233278756,-0.0013191958648996,-0.125038912793515,0.170884971602959,0.0065714371120915,0.521917867371415,-0.109680898927582,0.15035110089567,-0.0219979530147961,-0.0688418370755379,0.040094342923413,-0.0528627722462237,0.0924766403397225,0.105189625856861,0.177801804448624,0.207048361350476,-0.0062344176400521,-0.0374363764904161,0.0113782094837292,-0.0166919341626462,-0.144178941129694,0.138712008581949,-0.0945051776901521,-0.0685981236724005,0.111149968570889,0.221124122913979,0.23917993327672,-0.12123816479752,-0.13620414101835,-0.10950501833839,0.062744744366253,-0.0724474441347428,-0.0192213929718303,0.0776006718496794,0.21480767487852,-0.10711862908753,0.0445996755980032,0.506217671941953,0.10150412781803,-0.118279798357199,-0.405187002526209,-0.205158250275879,-0.319994653864434,-0.404740007154407,-0.359459725343569,-0.365225144148862,-0.252068244903823,-0.3168022304522,0.0747092389654105,-0.367054842571138,-0.317938404430063,-0.115780834451987,-0.217542274899616,-0.134074317188822,-0.28771215976654,-0.135247947268853,-0.22679324172419,0.370450573214121,-0.109887417020364,0.0864830548467423,-0.220715319434955,0.409394147498368,0.395708179983126,0.592718490767177,0.624023901711057,0.458207441455637,0.271640309237636,0.4087655056103,0.576012697421569,0.452040680134992,0.501755607619748,0.345280707248582,0.481139553237734,0.63732170040151,0.193364804841906,0.0129407446368228,-0.254641807054126,-0.0509193462723273,-0.0197624534222807,-0.227553460831018,-0.141044191134171,-0.173970069653737,0.138533190991323,0.0218534781143107,0.390087425790467,0.0284399379313856,0.0622877422292486,-0.0943596160085726,-0.003718006936482,-0.032149418881987,0.045001499513975,0.0695719535003674,0.0644201408342343,0.133248526493845,-0.135711880136409,-0.13465593724155,0.0911238625450401,-0.11141613059464,0.0370645348461013,0.0191717898002922,0.142301667021197,-0.235458916785676,-0.165610527861076,-0.441444123405124,-0.268436362783525,-0.0062926196089288,-0.236629453708581,0.0589581066956909,-0.283073337631333,-0.0885217551920656,-0.0861878938638413,-0.121437978616337,0.110316923945306,-0.1252445820736,0.0509449663415072,0.0858283436255646,-0.231501519106914,-0.276643827054759,-0.21211428953301,-0.234801548742253,-0.1228988798213,-0.359242202059167,-0.286115130501478,-0.0986448236995646,-0.493394099079472,0.0205015015366383,-0.262171584276116,-0.178288729584077,-0.411642229906941,-0.359324809395913,-0.290281638891224,-0.507109227484178,-0.342803654436005,-0.368214179068593,-0.117830108955148,-0.223237859135267,-0.49558404420579,-0.482017816313149,-0.531145888254336,-0.0893860489080647,-0.141933415381861,-0.283973224095019,-0.312346554114444,-0.237832613621572,0.105335527392424,-0.297136515010934,-0.466371371389228
0.746205334260388,0.611520675735368,0.370390768276177,0.597306177217269,0.539238772147438,0.577249441169119,-0.384157263996022,0.672172035884663,0.765599947311943,0.688018511707844,0.589258962855023,1,0.844159446427268,0.0673667796410667,-0.0558693045460693,-0.0660147280242701,0.222279865947466,-0.294580086327662,-0.391504342570363,-0.100460700695678,-0.102807476209197,-0.204558973406235,-0.359836161661692,-0.179743586179196,-0.145119269103609,0.547080470339113,0.104066342615024,0.0392616558206577,-0.218671767029769,-0.312812123922461,-0.0438462886762174,0.28011565390622,-0.152998602508694,-0.325121236875651,0.0798837946172054,0.242132928313119,0.137642991438092,-0.0380123169420789,0.171710510039143,0.282274329079443,0.0753828996879543,0.260715226107548,0.188721039044667,0.0587915781057447,0.247499975294976,0.26909817043009,-0.138495665445082,-0.468815619352207,0.21322933479435,-0.249548710299898,0.162077932018485,-0.215466213645715,-0.224819364929424,-0.217074578021273,0.403438150864129,-0.276698823035765,-0.17955369941581,0.40895810774359,0.107628927163596,0.0016656503393371,-0.613735741569639,-0.61982104702708,-0.612083684619749,-0.544319865897256,-0.654661003910483,-0.470440931768368,-0.556158746202402,-0.398135307390748,-0.327905281377964,-0.512320328759656,-0.330237265551732,-0.466563102717977,-0.502732420663728,-0.156253906224646,-0.516377247334875,-0.515178209788748,-0.474512445447841,0.0536186127305419,-0.582919135563971,-0.168626298110246,-0.60854111469041,0.142864057452379,0.0043230771647353,0.429215999218508,0.734477111165817,0.685939113088235,0.0744206493813793,0.43312458395653,0.717726766969114,0.766395406569596,0.71438136965849,0.412704438782169,0.828123611699954,0.835118940244145,0.344968982283516,-0.132344741464186,-0.153996571121963,-0.0768175337054892,-0.0909983854504936,-0.0143484916396864,-0.180442235095217,-0.413247400842353,0.0633167139742206,-0.276821539647394,0.0922317508127851,-0.0538907718299679,-0.219207830653782,-0.401266503337186,-0.277290852495472,-0.202496403936087,0.175068176205049,-0.252898516110928,-0.131290496111039,0.426856178295936,-0.125830897143061,-0.413565952445654,0.24839416616144,-0.390836727267029,0.31200447825758,0.332010636860541,0.371693292346716,0.0827532784278907,0.235986431469342,-0.279894590397073,-0.0835329161843806,0.230888722042427,0.176863734305205,0.15027294102205,-0.127579237979986,0.243146670652504,0.254845338998244,0.102535926066574,0.341701356437785,-0.0397696391590461,0.430847297189125,0.49857519848943,-0.0455292179898387,-0.0357467860058623,-0.257173201762422,-0.22111586918198,0.353373421487509,-0.0772157707921819,0.124739596875123,0.384698801507338,-0.407513624120948,0.24856061475119,-0.104491495983962,0.0293696736252715,-0.216214574974529,-0.197842177441409,-0.463139410894035,-0.416478281675641,-0.194005678892429,-0.612613848224012,-0.523403751772615,-0.590330443382154,-0.681297873696571,-0.482576935993911,-0.356490913773858,-0.447106003116901,-0.342454183665733,-0.46270350682575,-0.492208993778503,-0.577596093514771,-0.169843948366602,-0.65245645492141,-0.204834847776987
