1,0.708673499156595,0.0864639855757856,0.320369940669982,0.3994230012676,0.565765263730982,0.342075842950548,0.514991247512135,0.38703527617439,0.673217165523474,0.374437110303381,0.472461850196498,0.716750105478703,-0.0874653972776946,-0.124544711898756,0.0827926569279044,-0.104787601856531,-0.00841988008883225,0.311462427280344,0.188997575538036,0.180513101015362,0.240608984534573,-0.0990999966625201,-0.134500603672713,0.176834206805056,0.242663044844537,-0.0627554478141773,0.365654877190868,-0.132860445560758,-0.24120694565956,-0.209660644918204,-0.231775376343504,0.00497382930948336,-0.0761460873285871,-0.260210540738741,0.116356263564603,-0.139713242689313,-0.183948731125982,-0.241829162820876,-0.075811579437256,0.0834738773256561,-0.074304354049614,-0.127231596308198,-0.314580606766164,0.0137089661695425,-0.00884119804719791,-0.0517785527834853,0.0443247520830877,-0.251593345453692,-0.122732557360086,-0.106340070043177,0.0211766637564054,-0.00985164753627736,-0.110983850104826,0.0776346879092952,0.076553340521743,0.0597601932993617,0.111636443067192,-0.445811868768315,0.0346010511409684,-0.247219307711843,-0.178000048184047,-0.230311734374394,-0.192910864027009,-0.199233027314672,-0.272945492536096,-0.156389796517458,-0.103097397996402,0.0418646984294444,0.0149849855575823,-0.172880859194666,-0.0761203262731738,-0.091960119461722,-0.122922497511933,0.00184418626080417,-0.022288552474709,-0.0570292699468327,0.168099179181092,-0.265309577068636,-0.169247501545134,-0.379228303541927,0.549410787109688,0.403687063316246,0.779443320906964,0.680153732755044,0.117976864286406,0.171666465805972,0.328088209397997,0.24193342045512,0.293972066706053,0.536554219590419,0.441065624906317,0.369874099231872,0.350918383954598,-0.0499823956616703,-0.134125606279368,0.0150416747715484,-0.0069039719551706,-0.0797479984326735,-0.136847795543341,0.238728512920933,-0.111129128275441,0.048384235174855,0.272209476929401,0.0656608733261584,0.211371801883071,-0.0726529859230685,0.0798472539920956,-0.0591071180413461,0.217624698670244,0.218209999605446,0.165123900386371,0.0912910839330522,0.0432892770760363,0.0682503201922341,-0.216859598198819,0.0471046006885621,0.41310424523918,0.471378823336816,0.140960005534017,0.134684022137676,-0.0775447056309571,-0.115386773680125,-0.0876411578824706,-0.113030936468016,-0.224583524056425,-0.126072564649838,0.0672744319634047,-0.0367386081578522,0.158312926509866,-0.00389175113649098,0.106852489623179,-0.0837675539543594,-0.157039905437759,-0.0787606034469991,-0.32336549759042,-0.0801794989506896,-0.198721096782552,0.175675397051233,0.0696577324854379,0.110299474679387,-0.14336919174643,-0.166415916907567,0.363265752408728,-0.45468561956026,0.0375976411266527,-0.272246233277406,-0.233160883672688,-0.03784089582052,-0.358482110653113,-0.221188232580818,-0.43666636619982,-0.21723172031467,-0.275305291335754,-0.49101226643692,-0.238431760047639,-0.289676288062578,-0.204451351300086,0.00051559630593745,-0.195132799986844,-0.204284798372746,-0.148644560238166,-0.0296479425293905,-0.277564877744744,-0.354995360706708
0.708673499156595,1,0.240111423854392,0.413024427015985,0.371837418466844,0.649285464243599,0.413842671110585,0.69211010210759,0.403943824914254,0.719372247189174,0.280179245857861,0.419702338906715,0.708172962415977,-0.134875158599609,-0.169054960190049,-0.128981770575465,-0.0912952964902166,0.0312464407554428,0.207940040356619,0.0885773905312822,0.0917243227260892,0.203411686565957,0.0154405215628371,-0.184941080593346,-0.0288160376393726,0.186342163984702,-0.0426996112972534,0.247097741039594,0.047645142909415,-0.0918459103517274,-0.170051630331173,-0.453973279036749,0.00946861375497584,-0.201934962299514,-0.358378263575858,0.119872751350733,-0.130456270905924,0.0230656869162904,-0.22730062173893,-0.0245341431380499,-0.164886928267948,-0.0773642072099406,-0.057955925044898,-0.312887894119518,-0.128119098980208,-0.208148017713222,-0.0696131577715151,0.0543123737873079,-0.365011763533937,-0.216638566240497,-0.100213028446909,0.00752527156145641,0.0406384687096087,-0.228115241390638,-0.051059197849845,-0.0130408727100037,-0.00795349490282661,-0.0289641686527607,-0.585694006752206,-0.031269597804129,-0.0479160825649033,-0.208180639549531,-0.117633719526037,-0.195349309744557,-0.194175341888488,-0.413068846846009,-0.134524119437227,-0.0732094490825305,0.0995426070158134,0.122329531068402,-0.0901311706574773,0.0214185481959648,0.0818196705506572,-0.193592229229446,0.0457198672722724,0.0577513269504765,-0.260292012572326,0.00146534018376965,-0.250426499026777,-0.0767705158109883,-0.470745146327091,0.371574193059327,0.560412825890996,0.606014420413142,0.659774038192134,0.152383850512693,0.318152836810473,0.558841200797781,0.310609620888798,0.269217442148693,0.42403387596016,0.47040613334281,0.315753843442553,0.307150524312143,-0.262349726511156,-0.217677079612027,-0.0590868146525135,-0.170862767652474,-0.0880247398689052,-0.0906800726619301,0.204650718249264,-0.0470277950828354,0.0152189364853496,0.177484285155744,0.0247073338504707,0.157714644119296,-0.0348283472545127,0.0607791608118805,-0.0369536901191137,-0.00681190177440624,0.0356184618219368,0.260120612930332,0.0854645373188746,0.240345447414673,0.128078661460921,-0.083956731531642,0.110448720543301,0.260370945898425,0.324564169473932,-0.085067775315033,0.262464400475057,-0.0863496369712454,-0.141891446865476,0.0912946914109986,0.077211554592958,-0.10343612630151,-0.138690755586776,-0.100506858224053,0.0116536080317425,0.108353223895873,-0.198231750170614,0.111892406291081,-0.0258065948203392,-0.18852433080088,-0.068493749412425,-0.308300041553785,0.0325618711399922,-0.252533607067217,0.179160365666679,0.0431935643516121,-0.00804300505713152,-0.0925149625961145,-0.0626090299558234,0.162580215814252,-0.573369271070951,0.116017192536852,-0.26328684597009,-0.115470144417001,-0.0545470140888563,-0.446867875905891,-0.0479166401709502,-0.352530453147138,-0.144914611543367,-0.352204538867207,-0.446245983490858,-0.234197989324507,-0.116169532514482,-0.0513857699351412,-0.306881275516452,0.049095279201464,-0.243497465468167,-0.228711027633817,-0.191748281878833,-0.302246607437024,-0.477464082326189
0.0864639855757856,0.240111423854392,1,0.135060154149493,0.0952775108907479,-0.0645372213296692,0.592397683638275,0.125021707286842,-0.000398778076048976,0.246473189617632,0.0861327169155092,-0.00237246640767671,0.147179083696157,0.293208463685212,0.299662234014339,0.133253918239784,0.117543457362724,0.374777931450945,0.076453246085413,0.0981113994422327,0.439452316012838,0.180951601683182,0.423375420280434,0.128444097671292,0.158490911687574,0.339938459956878,0.709429131819387,0.288971780374367,0.543226422703831,0.164589361415871,0.242894042957012,-0.216798057191719,0.482124099221249,-0.148632715135487,0.106949975772916,0.191445634796368,0.310704200302712,0.487972786164274,0.0240059333727968,0.413236113358414,-0.185382228429616,0.323484783157064,0.291718671790786,-0.187034327746605,0.296487640051056,0.222357615156435,0.241808098072452,0.388934822249483,-0.474478372120929,-0.517623210316227,0.0783459165613576,-0.568826900221137,-0.425785895927104,-0.565561192865943,-0.140877848573375,-0.24526209687054,-0.301406730288319,-0.290678123611935,-0.445631089711929,0.353292254483325,-0.105411986724632,-0.229505908655668,-0.276093914956565,0.116096366907379,-0.184646974220144,-0.250935898253519,-0.35808139155247,-0.26186633043313,0.0439025882368391,-0.313412282841974,-0.377930134343477,-0.0478641455880509,-0.191328893699146,-0.0712345775882935,-0.471092827584494,-0.422187514433405,-0.429961609637997,-0.132538505897197,-0.432577618016494,-0.321388378307106,-0.481208398033877,0.242728014789165,0.694951295524071,0.25459668496718,0.0304929572636559,0.0714848001072046,0.705226522908129,-0.158140427668921,0.327876249305806,-0.134234888164619,0.16172297720686,0.114868339334533,-0.0376275918422048,0.444403006898265,0.143334829651903,0.274795229790646,0.154219057481914,0.217520410016974,-0.126537814386629,-0.011591622265734,0.0369042901138792,0.417728024305466,0.331859229367351,0.218070946805458,0.381062116699038,0.200664215302028,0.570535991336842,0.456930493321752,0.558448616889908,0.228347462829843,0.253379164592824,0.798508059132008,0.415736116888756,0.462037921535579,0.571265404554065,0.374813757019935,0.709153392952673,0.301922812864483,0.265637270396019,0.32644448646586,0.643619172128982,0.159226893507542,0.240063427975238,0.677042828681904,0.517989169280142,0.210979602893872,0.332199424053302,-0.151836032185678,0.263877095273544,0.412287144334218,-0.0107473972376005,0.3681682161142,0.335871482416839,0.0118530986505012,-0.239008656988935,-0.211356062972627,-0.291610260154333,-0.347570723354342,0.249783130335374,-0.0395856438715196,0.125622526540857,-0.34890388863081,-0.23864732240208,-0.0597682618032726,-0.470672474950279,0.31858334084283,0.00378864850738536,-0.221939376910019,-0.00115455877290149,-0.372044692187816,-0.281564747437983,-0.212860972966162,-0.316326837839489,-0.0558349016109251,-0.263321237327943,0.144026824805388,0.0568900769642187,-0.0745222929794603,-0.0456009506657451,0.00802932871559221,-0.293563667621285,-0.320531555426806,-0.157403495309123,-0.355115041111558,-0.483191143211644
0.320369940669982,0.413024427015985,0.135060154149493,1,0.339594537409854,0.610684055088102,0.0843691110819799,0.0671613335189581,0.89774408025584,0.0237832836502488,0.881014670781391,0.827814438721072,0.31709191206766,0.246421214390271,0.19093101137417,0.181029549712251,0.322682947476343,0.491954316641297,0.270466192810004,0.236332716495843,0.497967808081681,0.16670423153108,0.308421840915126,0.236269735102706,0.22825860965143,-0.0772228720911372,0.166189379272512,-0.29122072187879,0.176996349731469,-0.0538678496179534,-0.0144108398165893,0.0391798141402522,0.376770394424775,-0.098446571352709,0.013339124869027,0.00926665549164741,0.283299620211516,0.349012187204573,0.305877913936802,0.39331493258083,0.102586052964802,0.360932342990037,0.414444861957523,-0.0472608636460542,0.407763883820247,0.295115465789906,0.398004844321243,0.0787274281783193,-0.389331738832201,-0.190963663217189,-0.019572267901404,-0.19911145602071,-0.109037695015476,-0.170947445048291,0.0547934492195586,-0.0848876486520687,-0.102308437700526,0.601769438419678,-0.0836537052443716,-0.0179239257009925,-0.197298360845802,-0.322802256559052,-0.237476522097119,0.0657347642832823,-0.304421417963735,-0.241863331005693,-0.395203155966193,-0.203828976672291,-0.312211792783632,-0.168725744051954,-0.0296250755846724,-0.307356798928616,-0.257327810911432,-0.101467412067192,-0.300524631843495,-0.300941035641417,-0.418241895841924,0.0251407542980248,-0.192765831958984,-0.30716855208375,-0.172256761082849,0.0390273510576008,0.128006970945611,0.243126767417974,0.162710127233547,0.804200997409708,-0.119683754802019,0.21314399105919,0.541479598912622,0.711553322092522,0.782891715704802,-0.104821720605321,0.820420758098818,0.270729072710558,0.16616149786896,0.196174363696065,0.291830488387906,0.245534465066887,0.276353331580764,0.267153033554437,0.242587487890289,0.457369740656008,-0.202281104025288,0.119928443943679,0.397061187900857,-0.275318180404594,0.300324834289779,0.124159920531619,0.206106796341078,0.151056735906068,0.280680676128349,-9.62077546468593e-05,-0.10411470717802,0.342130297462669,-0.0314782357047775,0.0817922838988003,-0.133143318996091,-0.228940652977882,0.074165700614679,0.0667952479738841,0.22792286545998,-0.0268050766568099,0.103116658492469,0.40676397088448,0.250243598410948,0.169147822304146,0.300392348278814,0.207204939866828,0.440253180401831,0.44447509046474,0.229299735811513,0.460424669814541,0.222957422508732,0.0455077805463174,-0.264891662020139,-0.143054937972521,-0.297327438414763,-0.0935275244335098,0.0402334296008823,-0.1349626964077,0.220754702838052,-0.200371621273598,-0.298187920536719,0.595162062310803,-0.151697729305353,0.0782450351022168,-0.13555878950215,-0.231037325615752,-0.225525925923276,-0.185376310374598,-0.335266505711782,-0.375402372458841,-0.488253020460728,0.00456014252431004,-0.248435307585708,0.0285963234608487,-0.0100316406556403,-0.404376252581948,-0.0129565010317748,-0.42021713683378,-0.247198480106346,-0.31790198507205,-0.100695347578825,-0.231712583015833,-0.0605118144785597
0.3994230012676,0.371837418466844,0.0952775108907479,0.339594537409854,1,0.256824039674265,0.29672686340388,0.248381978704763,0.264711727102913,0.260521029301871,0.195096606154714,0.172748034700238,0.282914760119709,-0.101414223856798,-0.0907990867057608,-0.11739851604072,-0.17998286956824,0.0202785366129591,0.0816360090967543,0.200364027790146,0.219021920175891,-0.0363896046152423,0.00762259479210213,-0.0146726453390769,0.0853194697750263,0.298306722097215,-0.191324541427981,-0.0304771596067265,0.110630239556855,-0.14400310122523,0.0218339024025849,0.018396858427975,0.100412570050919,-0.0414578161062127,0.00248536383829071,0.167623200772476,-0.180276844817243,-0.0500175250784973,-0.474373496192191,-0.259763162333729,0.331942999148009,-0.110579485534748,0.0242828502438431,-0.00389341886132871,0.148549016057652,-0.0692026740551367,0.0569527716339578,-0.141847921048469,-0.1952706559528,0.152883180053426,0.131828898921892,0.0501409720102532,-0.239804585460465,0.0716535639316619,0.167583357667733,0.00568758753078805,0.29715989556114,0.063775777830752,-0.242483256286278,0.0737061169211609,-0.264830599466949,0.121696798966145,0.0111384956669926,-0.125823470224329,-0.0680687285742453,-0.244632102535176,0.167688101750895,0.0487169047783608,0.35747617841144,0.00729311368679101,-0.070970866801718,0.309213950015718,0.107303641157357,0.258807948378496,0.198655961512522,0.063737342240403,0.247036649371314,0.651438155633628,0.213056591108422,0.191264535603094,0.0111381115579122,0.639771619700294,0.227155707424611,0.516780299431208,0.204025595620886,0.203012187164481,0.151817823143185,0.13782114857379,0.73662286748417,0.117920714186851,0.410440356128937,0.0325293353270942,0.10117811183018,-0.0163472975614026,0.0109668001636613,-0.144012581368439,0.118980726917097,0.080036160866095,-0.199230208077663,-0.119536613924628,-7.47083101054343e-06,-0.155585485913793,0.101593448713388,-0.112500363151275,0.113332776149043,-0.0689981911370996,0.115812762915293,0.113754464357117,0.0840522190903402,0.1309865769498,0.164298608617615,-0.0486032318914616,0.0613108841304779,0.108213746223033,0.0172039536934165,0.0230364041568348,0.0565941126256574,0.0678654813745108,-0.157121728189363,-0.131386445936942,-0.151165180074919,-0.22091543943433,-0.219193397907851,-0.0652784303392475,-0.313049076207458,-0.407982453582108,-0.245957763475587,-0.041475190030025,-0.224725875258352,-0.0867148266067087,-0.275547562291431,-0.143843809597457,-0.446769972241056,-0.509602339476157,0.206463771490665,-0.026045696881116,-0.15336362234088,-0.306135967028563,-0.238101952797269,-0.179330932656283,-0.301327854421202,-0.0683356990281111,-0.266561555906592,0.05261843466827,-0.320307603971622,0.20514250217799,-0.105655863133993,-0.240217236020675,0.331772075579509,-0.333596713670204,-0.0372860724663625,-0.438723114859219,-0.0386822727058716,-0.531932862818829,-0.45104053576977,-0.179900448833576,-0.506744088773666,0.0366358087262238,-0.0404411701686729,-0.227744576447033,-0.140301169262437,0.00594190549549097,0.486933040108216,0.168176157565446,-0.113357346220693
0.565765263730982,0.649285464243599,-0.0645372213296692,0.610684055088102,0.256824039674265,1,0.129003169425432,0.364696146671433,0.656005186274073,0.27373009220004,0.543934626174239,0.764957777946859,0.606588455641417,-0.0468613371899494,-0.0264010120482884,0.146763120273953,0.135098915227414,0.15389188528767,0.318806778784023,0.0886999955481273,0.1568211181769,0.0729880075417708,-0.0404652529153111,-0.027438414808093,0.254672889835995,-0.0486924194323854,-0.0811809673293242,-0.0386577686862834,-0.0416275518536355,-0.203458399874862,-0.225905240817831,-0.138550531372307,0.225836889987662,-0.303094192819416,-0.231146625024729,-0.0565120867485175,-0.064198271209951,0.0886340980989156,0.117130770749243,0.176101802546372,-0.153797808436303,0.190235652298535,0.0894012603134729,-0.0486923035351752,0.12202694330813,0.0550090872965186,0.081257000680451,-0.0234281096185389,-0.325264155615589,-0.221383852355126,-0.146614474742673,-0.058625569933031,-0.0818263485066175,-0.0786413571747979,-0.0749566530520996,-0.180511209099767,-0.139434108870404,0.370981164077467,-0.19517508273378,-0.0198305292545817,-0.158994473977687,-0.19899439504774,-0.190025887471314,-0.161082406116252,-0.175608340808876,-0.208108823213318,-0.253247056766211,-0.202445515317648,-0.0922051843807538,-0.140348208400299,-0.0803428048756687,-0.0485912476345053,-0.0826700472850281,-0.0576837780208328,-0.115132474701537,-0.134672539797387,-0.303961991552124,0.0492032825164821,-0.205722671890601,-0.284457748483426,-0.282538557654371,0.237186423900732,0.302362331052457,0.416711440847912,0.54314205296575,0.430337195635966,0.0363749374148117,0.433287649343599,0.283832959030422,0.589317542564074,0.595953689933688,0.25998890357327,0.64541531687128,0.320437296100355,-0.0650056849086488,-0.210102499003673,0.172448506434342,0.0284331385596144,0.158666320577053,0.03505128816669,0.222432627568605,0.178825865349895,-0.0827035605224941,-0.0274959480788426,0.243454775110968,-0.116741729981295,-0.0772005103552234,-0.0223308510065109,0.0356850248232553,0.202353609940538,0.269404245201927,0.029424796445112,0.0561019385736128,0.191346510018541,-0.0136206217265164,-0.0708197897007226,-0.155692821394869,0.044571423449731,0.209831268244236,0.0126264440038104,0.207167877003983,0.0280642764060945,-0.159593519716448,0.141456834519303,0.0424189350962801,-0.0117683065593022,0.108243553158738,0.0343484498938989,0.306930749903099,0.341095933310402,0.104128482622742,0.305128123363267,0.147015655021292,-0.0570604275630564,-0.342230184151921,-0.18853061414789,-0.249362462596894,-0.149788134683787,0.0513810453084501,-0.225826108807493,0.138234415101606,-0.297360666207728,-0.338825424178573,0.533086204047599,-0.241745936160935,0.123517228084168,-0.08560858309429,-0.184420113713446,-0.145875765811059,-0.273846686152587,-0.336369576249927,-0.271971288060824,-0.3812412559889,-0.143993333217795,-0.266554512814869,-0.0945776698309027,-0.127500794091575,-0.169046931916696,-0.0660254013915915,-0.236603719166839,-0.249895376870369,-0.352579789635515,-0.100896504491132,-0.330506757854903,-0.284866580587905
0.342075842950548,0.413842671110585,0.592397683638275,0.0843691110819799,0.29672686340388,0.129003169425432,1,0.373917971479669,0.04424687762627,0.507727511275114,-0.016983588840001,0.00739492363174866,0.436743378968622,0.0405953585157552,0.0984231565061491,0.258672300982502,0.0692751746549541,0.0141149717174907,0.317399075111858,0.132907713392003,0.402565584560065,0.262389653738194,0.208418563224706,0.0759903240864883,0.367864340447248,0.156952192207305,0.388588948307918,0.293366612308935,0.105963235268856,0.0276846206872731,-0.0451612854063356,-0.250721652978099,0.288803277820524,-0.0506498783550328,-0.186709798017061,-0.0144480948942258,-0.017760019906173,-0.0653516645108292,-0.409698574194129,0.0469583161594443,-0.194145445680723,0.0240120413614775,-0.123836823968181,-0.0660216945276021,0.15785416088044,-0.135779285948825,0.187749692883517,0.135244588410825,-0.278054915088506,-0.287982748570278,-0.138947105986445,-0.243009177248404,-0.246320232984074,-0.218623967470444,-0.216546457093183,-0.213406977905244,-0.000339040559982565,-0.301618537825754,-0.454206761056347,0.0399540813788971,0.0179146966338059,-0.0128677313005195,0.0195481060056413,0.0933342351070457,0.0122978882128975,-0.252089786788145,-0.0701947124605506,-0.0619257404528857,0.105618527301241,-0.0935228101270418,-0.162273960567017,0.042606307353369,0.122630481588648,0.0236121365420258,-0.175163422228323,-0.0265409227320822,-0.179134417475388,0.0740001951481797,-0.263507273267694,-0.176120831979582,-0.290528530339438,0.301580720494265,0.539355203630251,0.291867688300032,0.331762595786691,-0.00953409817312162,0.7823011462711,0.0794010336443189,0.355509805482431,-0.0697106831784683,0.2058355781345,0.313736650536094,-0.0422407261302254,0.3087049767772,-0.116904421922239,-0.115087716895677,0.280095935860056,0.0679294069018275,-0.1057249303975,-0.0915213186942804,0.204532083344476,-0.0154829715599381,0.400277902651815,0.0758232918841375,0.275825680956423,0.186745411020098,0.335322275966965,0.223098534608518,0.214313966406131,0.414583788559799,0.380644227997969,0.364279089236015,0.57922197955163,0.248273162601434,0.272646585313898,0.104925768520768,0.458476877052196,0.305264448223197,0.125200167857004,-0.104174522440963,0.250349065036771,0.178359467144857,-0.021786152883475,0.232833422378733,-0.0134854390932517,-0.176454677233761,-0.0523707989030334,-0.263064934880109,-0.0110914191883949,0.160036226538804,-0.203932381153886,0.0576092162640302,-0.119794984655873,-0.359467611750471,-0.15636859734003,-0.167694463325512,-0.252838761266933,-0.3191074930569,-0.0848954556021668,-0.228348524330289,-0.0533443533267812,-0.205138941167303,-0.2605094932084,-0.0388640906310814,-0.541236625033867,0.129620473316319,-0.0368109901727217,-0.307410117980695,0.0587806760910167,-0.426215440664446,-0.142486784577941,-0.116577009033612,-0.229855109326034,-0.299810276743544,-0.155130707910962,0.218238423950355,-0.238573425835375,-0.00918023750070121,-0.191627164129246,0.0778566076426143,-0.337217579735009,-0.213434984536893,0.0668271823788726,-0.278575318865866,-0.374566497425557
0.514991247512135,0.69211010210759,0.125021707286842,0.0671613335189581,0.248381978704763,0.364696146671433,0.373917971479669,1,0.123234082908694,0.780997522331376,-0.0541609291277166,0.207320156869018,0.589702933307788,-0.192146975200585,-0.118504259869611,-0.195835241442714,-0.191387329482946,-0.15588925605023,0.246026757760751,0.141430263947849,-0.0959118052769097,0.20535784343545,-0.218350378891512,-0.323312269219994,-0.122418117161089,0.0342928334113272,-0.241214498969271,0.212246269293376,-0.117946755116504,-0.137682643953877,-0.257844387874806,-0.550379608544044,-0.232034607726909,-0.147391966672281,-0.534360578762952,0.069077636469368,-0.357222992815912,-0.219584118504668,-0.402865425665683,-0.21172702416632,-0.13783191978917,-0.254906239016656,-0.209097326010227,-0.173804219845977,-0.129758160556325,-0.441763688412488,-0.145905132412144,-0.0717909504091478,-0.257615681332278,-0.227915185463035,-0.131153545095202,-0.0591452836970645,0.124143715097649,-0.21925390723786,-0.162368319240481,0.0253884243220583,0.0524582564147213,-0.285259459549429,-0.588685773779042,0.0100968409388259,0.0403868997603773,-0.0274669648750256,0.0294091126999913,-0.119326962115593,-0.0355907914528088,-0.271224577661423,-0.00740428786250595,0.0351124183446393,0.247830471081752,0.263203590601112,0.00755959313911365,0.178289265132726,0.223693538145653,-0.0430870282293617,0.2141946370822,0.148333383541183,-0.144735387126162,-0.0553988668288496,-0.138071353393225,-0.0072570275983653,-0.4040061928545,0.194319510233023,0.301957996295872,0.372480134868648,0.696938756274405,-0.202278887718524,0.324460849747503,0.60208101852452,0.00244436246457139,0.107571023415714,0.0547906950459451,0.545633337468912,0.0544928613696806,0.0323782658772599,-0.239791225634473,-0.268497196302704,-0.0306948892995157,-0.280128545634496,-0.173648708765917,-0.181761260919958,0.229650513807479,-0.284360668280387,0.138774538024868,0.20905548005545,-0.19669726617235,0.33381409325986,-0.269885287380736,0.107457352754966,-0.223705946041961,-0.0527878438123484,-0.0205042401952233,0.104199196798557,0.0417373050298963,0.0991771067605411,0.110103006766611,-0.202661998938305,0.0716659347390563,0.27924866429739,0.172276992991595,-0.319155732016437,0.10078574072854,-0.1713025454258,-0.358828548489203,-0.233095247079022,-0.125267540696624,-0.250555604073653,-0.229400895852513,-0.12015580314615,-0.133623837019421,-0.105755896174318,-0.412817173241138,-0.110024419744963,-0.202275586325558,-0.274415962286893,-0.0285577248631154,-0.203721323146021,0.0439781304042312,-0.248688935951268,0.105734906466365,0.0174611351412635,-0.0289184449606903,-0.0347714588745095,0.0248510472854167,-0.105886326958441,-0.622852424491973,0.21476968936665,-0.0552462933172127,0.0878338685139874,-0.0783862979114338,-0.362580926334161,0.0749387396616069,-0.0987129154979844,-0.0190590145957537,-0.434546070589892,-0.254431538758932,-0.131244739731323,-0.00913180932751698,0.147131312822781,-0.324738597836736,0.302686709443636,-0.11262754306468,-0.0841227496832685,-0.175857981280127,-0.218441754897758,-0.465620308788022
0.38703527617439,0.403943824914254,-0.000398778076048976,0.89774408025584,0.264711727102913,0.656005186274073,0.04424687762627,0.123234082908694,1,0.0515228962638546,0.871208107545382,0.862036566912227,0.286416697679179,0.211242160585866,0.133248960036593,0.24675649212661,0.393725626087338,0.395480192014712,0.308112571209478,0.0552079148745231,0.339321974519789,0.152767703833772,0.255565507197901,0.23056761937392,0.222447475792666,-0.133123491533933,0.038906311427804,-0.277049198717356,0.115817012578231,-0.0259537915509369,-0.0259405923441506,0.0853990759874533,0.291180039050897,-0.111152069962268,-0.0500977214922712,-0.0413428561719839,0.123129931789562,0.281944622099514,0.243867713679662,0.378321231451702,0.150778526202959,0.342755728208325,0.36718002939526,-0.0253210336667639,0.343948324467296,0.281932566255413,0.272411069071341,-0.0152351332857132,-0.312494114035595,-0.222812367985079,-0.114843877339944,-0.256837230328279,-0.140450402716997,-0.114675148787292,0.00946739271731527,-0.0882708136783073,-0.19464771410761,0.603840028003303,-0.0469899047161066,-0.0662014718531286,-0.195892892549806,-0.229122812888398,-0.223786016682596,-0.0990169216881678,-0.218789993395574,-0.101531434067816,-0.319000437092362,-0.166033692437277,-0.258878203630695,-0.141729435068078,-0.00876075416997709,-0.255441188965545,-0.268326357474972,-0.0559878377919568,-0.29066267335559,-0.315786251654279,-0.373763547320223,0.111839048579433,-0.125406688309667,-0.359322887596793,-0.119945531709891,0.064286320514642,0.0795605593809222,0.221270194029598,0.226502063670677,0.752882621705143,-0.238035429506664,0.21400479656601,0.421607244529957,0.825972526709152,0.725686251929925,-0.144273362848293,0.862619502140583,0.138573111575329,0.146154004107093,0.0710140647421998,0.332448385305052,0.151500889153881,0.334551683208843,0.321969699788419,0.271819264688111,0.369711922181319,-0.234697572666339,0.00865419126937091,0.302559249214047,-0.30265877379081,0.172915420296996,0.00533493306841138,0.178525411306543,0.134213281422184,0.221431614233527,-0.101373342381124,-0.125158456969268,0.332671181443819,-0.0536740186850194,0.0841121103212745,-0.188413837517324,-0.276649279361048,0.0121026324191259,-0.0254115366956426,0.198024059647349,-0.0344432831539256,-0.0488248017223704,0.302818232298087,0.0857722086110417,0.161606954270239,0.29123750481497,0.267626167917866,0.429698201051125,0.393385989639128,0.19211990683947,0.352556931613586,0.102812238716543,-0.0152503609680781,-0.286939109980953,-0.0170299281045495,-0.348303865004072,-0.0128311451915967,-0.0170156729853827,-0.105585522205778,0.169545625908634,-0.110167676433016,-0.322985349353976,0.596123682299959,-0.108847626935799,0.0521388616212672,-0.0635916497457565,-0.222158527693158,-0.250490956910074,-0.111176957799084,-0.356583221406983,-0.343320163843664,-0.421488541566392,0.0236304734600926,-0.235731016563897,-0.112330990564861,0.0352594304983279,-0.352480843169558,0.00377847542999007,-0.366369385730827,-0.221675025808573,-0.300545466726503,-0.0544900522995141,-0.217333904346482,-0.0397003604935564
0.673217165523474,0.719372247189174,0.246473189617632,0.0237832836502488,0.260521029301871,0.27373009220004,0.507727511275114,0.780997522331376,0.0515228962638546,1,-0.0645240965310388,0.122169279651964,0.754070829833267,-0.143285901633115,-0.117364021299029,-0.0625918237406866,-0.129170606723877,-0.11321300151743,0.202826262991902,0.216318005166821,0.00557052826668567,0.258234371144703,-0.189880775238967,-0.362017007984085,-0.11940122670183,0.0914415517260311,-0.133105677715951,0.465842222201973,-0.206390634706043,-0.151604184987572,-0.349939546200631,-0.536417848919074,-0.287962881222542,-0.142350776670457,-0.588742158044049,0.0490827234360175,-0.248126611019035,-0.338662537579597,-0.47271820637277,-0.251575703250041,-0.139040227187003,-0.286554049761707,-0.315739097326357,-0.274588681342496,-0.193304520919404,-0.393088601659238,-0.107777675670708,-0.0150027701986842,-0.172221784822565,-0.210064432802181,-0.209756191110922,0.0159094574287419,0.0919205763006635,-0.208380619839051,-0.206104047938982,-0.0113591998996032,0.0684474793914506,-0.335296603654448,-0.669557263016796,-0.103334351741524,0.0374064771234074,-0.0846676166619,-0.00962379301355358,-0.124018333977373,-0.102619481954774,-0.295667793829915,0.0180469017216161,-0.0417306788375994,0.164267071340434,0.129008825383723,-0.10398330774533,0.105468485325473,0.16630489182578,-0.104187688606304,0.151873384269288,0.200975592071348,-0.118702216877186,-0.0656024160580719,-0.235489372899084,-0.0188729092468665,-0.445385110720191,0.257650344241163,0.470828908570244,0.585191487857671,0.791642394039884,-0.21546595440347,0.521406152294574,0.489651789266851,0.111792611982741,0.028825172208734,0.176423689390316,0.763902127803362,0.0282073895306905,0.294869748882881,-0.1999633552454,-0.13860211675373,-0.0117735045205166,-0.187974263835905,-0.101243179441042,-0.167623239591809,0.174417601525323,-0.372769551093493,0.0876318160629368,0.361727217390377,-0.182231452346366,0.354729733348796,-0.194505534648066,0.0646039927564561,-0.271743456216993,-0.00436598014292509,-0.00709072139971784,0.248437265016599,0.209872812428327,0.013255417905622,0.0715348872465728,-0.285084694303811,0.139182591313676,0.566962411913758,0.404377424488551,-0.189967020769709,0.113840022429407,-0.115462806532213,-0.146243491317551,-0.189686890066097,-0.123370493032116,-0.337529055953484,-0.259846487275417,-0.143951587855624,-0.196425850729284,-0.109541163970495,-0.284471011106418,-0.105409598094037,-0.188245698881375,-0.213859012212728,0.178590018113564,-0.363881369645262,0.17121881964785,-0.241622578376785,0.0839119988464826,0.0952113773243157,-0.0668629008416278,0.0445550693899493,0.128423894333536,0.0010099449465472,-0.661881235174223,-0.00505298325045177,-0.204036887271447,-0.00116384691696203,0.0379196685865938,-0.329476665488423,0.164713700286276,-0.138467329384207,0.0820552668152692,-0.393072145378134,-0.318532053449695,-0.105125071813198,-0.163322815601594,0.0964209608674508,-0.260057408668282,0.272446144978861,-0.062593374127774,0.0121591361102991,-0.137838620869826,-0.190115768949174,-0.401319734809179
0.374437110303381,0.280179245857861,0.0861327169155092,0.881014670781391,0.195096606154714,0.543934626174239,-0.016983588840001,-0.0541609291277166,0.871208107545382,-0.0645240965310388,1,0.861340268586983,0.25840019521307,0.307552361439097,0.194584409545515,0.272907576787607,0.339528056519725,0.527619382730333,0.231237340546069,0.182725544100063,0.470977108649545,0.105559715241805,0.258686912692285,0.183238314542203,0.233016022339793,-0.0970901257320527,0.168120462244666,-0.277914142341256,0.112673539252351,-0.14236772050837,-0.0468111216058059,0.170456530750675,0.36548264696857,-0.10694452320113,0.0682853490905103,-0.00145872191186336,0.355560203488615,0.352065423652677,0.372449743140339,0.485431047538078,0.263205191490033,0.40860695194977,0.468459501037235,-0.0190537364721133,0.465189407494718,0.510266260686723,0.379118892382336,0.18219325700691,-0.388190975704443,-0.269968087196008,-0.118034703886896,-0.272356328953564,-0.116586133418555,-0.127165776977451,0.102457258815795,-0.0382685741943809,-0.206035596272449,0.654006840199786,-0.00326035988665778,0.0991453601600935,-0.382865333251443,-0.419769002493273,-0.411277031178596,-0.0204627700239097,-0.327946092102342,-0.181998563115843,-0.516662369812517,-0.184985279622929,-0.336146720625997,-0.278423927961661,-0.115265321797391,-0.356503477798588,-0.440285017834247,-0.0321730575645899,-0.397625595231144,-0.464030645126916,-0.389705203931356,0.0622722097949608,-0.279510181967973,-0.463582259812151,-0.186898333019868,0.117485043347931,0.0524755499912878,0.299552216091589,0.0977763363504584,0.797221501422086,-0.213540495954204,0.113097149213518,0.461116085156926,0.748973500753604,0.824424417242761,-0.171106134273385,0.882335031220715,0.315948920509617,0.252733991749703,0.253283138527916,0.24864575734317,0.2965179460162,0.289728489289189,0.242553691302367,0.196424558694171,0.464291445419469,-0.29962925381624,0.13362476483259,0.412359404299422,-0.299106067040709,0.267389775506263,0.133210080601585,0.179979307053487,0.200564841124091,0.286011938610203,0.000801611350068873,-0.102703582845432,0.245250441337885,-0.0677549587308174,0.0135897090914574,-0.174716879801601,-0.231396262489577,0.188059227942428,0.212821715017556,0.248934084308098,0.073940866610541,0.146227769800103,0.393672530855898,0.268223959903118,0.221327652369684,0.385940773678643,0.376485523209516,0.510761502802467,0.564299321865587,0.42121408377647,0.545406716710038,0.32062851704634,0.116112680515642,-0.347256594009621,-0.0568274391497535,-0.34186305571157,-0.00133624034553205,0.130153603884995,0.0211152785915523,0.381526165146288,-0.209534722094758,-0.326580499310398,0.712992377430486,-0.102663507446724,0.027405917001187,-0.0471778657900449,-0.226350781532444,-0.166244630571294,-0.101671400013869,-0.473902275191816,-0.435289029747395,-0.533700994769503,0.212974457340777,-0.267716552702904,-0.0472257853888948,0.0947699668625296,-0.432571953823303,0.160923049107021,-0.477616470535171,-0.212087490125224,-0.260349989251584,-0.0469369341936428,-0.279769325277931,-0.0439755078469702
0.472461850196498,0.419702338906715,-0.00237246640767671,0.827814438721072,0.172748034700238,0.764957777946859,0.00739492363174866,0.207320156869018,0.862036566912227,0.122169279651964,0.861340268586983,1,0.44242054705539,0.244552919008184,0.180844894411844,0.280233677556183,0.316885998958563,0.483016652607306,0.292718021388662,0.187956435189552,0.354719343085458,0.136203076743555,0.157002153421755,0.150953345686575,0.278211092396114,-0.166422805087266,0.0473310043996976,-0.263003614600353,0.0166246300585573,-0.160717390346722,-0.177612049707046,-0.0656600047059149,0.318498820811626,-0.250384858207391,-0.152529092831082,-0.0473065332837519,0.216460467650498,0.243270298754271,0.362752345591965,0.463560192799963,0.139436340283959,0.397738043426147,0.376866031157218,-0.060364487306627,0.395046362397707,0.335829085217584,0.285801394119855,0.146730326648907,-0.470971024705402,-0.343485427438526,-0.144605839851631,-0.248874414624599,-0.0501083642810183,-0.150001132420476,0.0462792514706678,-0.111554002088104,-0.23880038498799,0.552507926784008,-0.151221084549851,0.0789867067680838,-0.352603822505334,-0.442362269081785,-0.460241772910505,-0.113207840938485,-0.399116730441773,-0.228519783513526,-0.566313633610875,-0.233476498871474,-0.329921369044066,-0.248479722887346,-0.123216314205536,-0.342939983200699,-0.44688556691999,-0.0638331093872915,-0.334747442832993,-0.423027932074705,-0.472100068756299,-0.067491992676646,-0.363715335652193,-0.530747891265762,-0.356463911835749,0.0656662234738871,0.0569500889799264,0.325316651356253,0.337721441787774,0.729653404634059,-0.168920230798912,0.296838427916599,0.316211141704597,0.855022004395947,0.761721291766807,0.0223441153300101,0.908997444895426,0.303206423393348,0.230465137372716,0.158679870848485,0.265987800687728,0.258415096807114,0.26864567664791,0.197816588151243,0.217672189848368,0.404603652372557,-0.242668991725058,0.139831279436999,0.357422256388047,-0.252227634631377,0.147292702272408,0.0861366463396939,0.126018031374732,0.223462926065054,0.338721713535785,-0.0182882347444659,-0.112839140759917,0.246859061035009,-0.0375006097624418,-0.00731682547640951,-0.216515490287383,-0.138086773548188,0.209439463668069,0.144497517791444,0.257886172821776,-0.00151763823322651,0.0143150340906969,0.289292504186327,0.206246040296132,0.212713150833743,0.397603610634688,0.400757316247373,0.52920366988602,0.505584261346583,0.318797242247385,0.498747796965145,0.313703442111109,0.145921056270321,-0.405245588687851,-0.0475959091167736,-0.270546113339535,0.0415275979668914,0.189057482207248,-0.0542914175429006,0.419179806586666,-0.215795306590811,-0.273273136437279,0.710551394914757,-0.208140212448134,0.0644305611156967,0.0030290644533456,-0.109630077214435,-0.294357394009801,-0.166879697855112,-0.451163125386724,-0.362484603426358,-0.507604711624205,0.0804565933488546,-0.272846397825692,-0.052094405441672,0.118589038436142,-0.337032042049579,0.111862876777755,-0.399275276076074,-0.147904766082885,-0.272010057802864,-0.182757597737319,-0.391538613437818,-0.175592208988504
0.716750105478703,0.708172962415977,0.147179083696157,0.31709191206766,0.282914760119709,0.606588455641417,0.436743378968622,0.589702933307788,0.286416697679179,0.754070829833267,0.25840019521307,0.44242054705539,1,-0.112917951184477,-0.101928552224874,0.0783143428825716,-0.0872880464229387,-0.0432696957291093,0.202191423684723,0.19341060265874,0.0764066435217338,0.0462586892927545,-0.253632348411224,-0.390443908215206,0.126193957229917,-0.144720547748497,-0.0793182666798925,0.403153881976165,-0.384700614798822,-0.395635957812979,-0.524114095780817,-0.315563198819525,-0.0840340162789593,-0.320858525970598,-0.513097716475963,-0.212971764633885,-0.101089024722551,-0.350089357988481,-0.224793069059866,-0.13524146672266,-0.264446957047307,-0.140156275658467,-0.322575012598108,-0.0797841044774065,-0.1455238995776,-0.0952414963499048,-0.0437581728516042,0.0281118776374986,-0.217568831306908,-0.28556178907801,-0.360965223750828,0.045496094276894,0.0326261581882996,-0.133828099598187,-0.322142106739698,-0.272441581876531,-0.0707440502820006,0.0721798545476159,-0.503924968195967,-0.215440419294891,-0.0260814665234987,-0.198772498928449,-0.125045384401793,-0.0378973815581764,-0.164021164003925,-0.270655059640123,-0.114356791857369,-0.201334193451936,0.0103006682623223,-0.14373868790689,-0.229144529952059,0.0467561202241734,0.069370077178188,0.00618537620083344,-0.057755300684126,0.121214199730782,-0.18646159211083,-0.037837533937062,-0.279970950031342,-0.185104875987622,-0.353875575107094,0.251922974288289,0.365391724356672,0.618024874633314,0.80085412575897,0.0813299540573729,0.457869617807269,0.532543843689638,0.329877828623435,0.242252830988001,0.53494964316527,0.752895877424678,0.362687355416542,0.608947395223247,-0.175652606273206,-0.120485327540187,0.0527894685818269,-0.0125091138493198,0.0880944532779308,-0.187043666011911,0.0988861623237122,-0.114936354358314,-0.0294714228916567,0.290482160373347,0.0590166999547046,0.159700211226776,-0.102859561592702,0.0890352149509349,-0.222552414039363,0.198819614494022,0.199896531260317,0.109056075025118,0.347445877884857,-0.184662421282645,-0.159023359956652,-0.414637866490886,-0.0458632610137143,0.565120156834844,0.528747903225583,-0.0373406034485948,0.0262316060520178,0.13044387623752,0.026695715412107,-0.119455684873316,-0.00110102602240986,-0.361856533178175,-0.141706595123127,-0.181894182572924,0.0194366374211421,0.149113080007394,0.0577476762968809,0.187066205855431,0.0513832454936354,-0.0841270347727664,0.0302189445693912,-0.348637735678562,0.0444401600882902,-0.240888437788402,0.0161370958804918,-0.125018469790017,0.151716938039833,-0.140687390490711,-0.0146743699132829,0.430154529788239,-0.503259460877154,-0.10880204167609,-0.110429404611985,-0.104244502198566,0.0276028569350442,-0.226707827598468,0.0409945142478505,-0.0806862873665282,-0.109711406211405,-0.244036328804505,-0.180699504296046,0.0671482740314541,-0.179829962672322,0.0373782289151277,-0.0753321225575977,0.151875282732438,-0.0273379020471113,-0.0425491804421849,-0.0498854444010777,-0.220750112529319,-0.240656075525323
