1,0.358654115085243,0.444019595632676,0.672614640666961,0.604382494339319,0.0844881439777301,0.600915935474835,-0.0776888492012609,0.560102146362282,0.319412782328492,0.531951285760251,0.585708308935255,0.615646124257617,-0.18207742405897,-0.131488674222319,-0.317355246710816,-0.358240038184984,-0.401930195955937,-0.145386603199574,0.103534726954084,-0.300712419299358,-0.171815855793722,0.48679121452722,-0.171705577293801,-0.173258296053175,0.313691390259323,-0.117714977014805,0.808273037406568,-0.144565078716937,-0.135895911141049,0.18833027910606,0.285056907653853,0.163446050158281,0.221277542200756,0.205431760981865,-0.0118702526884705,-0.320166593734851,-0.437166723949488,-0.328319347657151,-0.34401898948712,-0.12857593277541,-0.397998352380047,-0.331510590229291,-0.195449506114945,-0.337356278102639,0.149124189591409,-0.358808177833949,-0.391175448777078,-0.36844779530286,-0.432739582761831,0.0455675524260825,-0.433429836799104,-0.341056711082584,-0.397761887645648,-0.18645182348491,-0.128048205374531,-0.0661695456869614,0.300163025673233,-0.136720087552783,-0.0288616500244857,-0.423868835193934,-0.11193886942911,-0.373472429193504,-0.222490005923339,-0.0761119629658218,-0.328708372259812,-0.00232506835609813,-0.379647961911134,-0.24250794267678,-0.214882490990723,-0.29158640294103,-0.219288850487339,-0.420111131314024,-0.239881421999295,-0.0534996187295381,-0.310137501043968,-0.146935947693607,0.47966144735476,0.0153832355975215,-0.409745473372952,-0.400951490290492,0.37880610195985,0.548184472531071,0.779811322692206,0.644516467863209,0.637907099124307,0.357592914897296,0.031530789473504,0.603766341078968,0.544537956555214,0.41835949137629,0.415240415340244,0.59785253762966,0.859034662902219,-0.258426503516879,-0.314743779830303,-0.327607548020489,-0.415379653347963,-0.184613701700752,-0.281414020657863,-0.0519204578873073,-0.188880619120096,-0.116003031253113,0.296832256324839,-0.268459413633729,-0.134731934655093,-0.077055825124371,-0.0076105656976717,-0.359026911143312,0.114760704232306,-0.13109337387728,0.319586857113544,0.0729214475374312,-0.192216959250881,-0.101699419616125,0.130873089691544,0.300296319033444,0.394923612881279,0.206658573862555,0.1826096730967,0.197166947139295,-0.14094905494526,-0.011069012731871,-0.286765746736182,0.353197327502757,-0.411960634657782,-0.282177550481905,-0.132464617804071,-0.338942369523465,-0.122849753889169,0.212072622792599,-0.284487305675597,-0.182919816472005,-0.265841549496975,0.299648480362968,-0.273083393255083,-0.211897876281684,-0.254806367486684,-0.327486391398971,0.234003209774594,-0.193883637972277,0.0272052494646323,0.0475560857719192,0.476825625221203,-0.397722573940178,-0.294850440098435,-0.417426968167541,-0.14112725785313,0.47637559962897,0.0273266760777777,-0.308143051635042,-0.4448378382034,-0.470236978949554,-0.0516134395254796,-0.212932931906559,-0.339630996878395,-0.254517316623748,-0.226746936226813,-0.189886942198549,-0.329049858253508,0.0690433277623533,0.217630020949627,0.673051889769667,-0.0607541392776049,-0.301322874268799
0.358654115085243,1,0.800093977440055,0.216817609182755,-0.0509283720796516,0.838112412267676,0.241862242413872,0.672815045960469,0.0868039526316638,0.882021361245464,-0.0775860686918219,0.417537270187278,0.864876205590225,-0.50805728082658,-0.375085562665615,-0.320691734121648,-0.361048863826254,-0.374321451958387,0.0616133726199055,0.00991814457652794,-0.277025755877811,-0.158643701334135,0.0414149797597766,-0.238382908507768,-0.103458511095933,-0.00226288372026252,-0.506498248544774,0.526209295434936,-0.346677360056376,-0.214874016777245,-0.0973720995747654,-0.0375429706681509,-0.21801559326641,-0.13013882352556,-0.0892239242008747,-0.262475358523584,-0.549056133661287,-0.64618627228236,-0.685230051093725,-0.593086070182666,-0.293562375148589,-0.581341968177604,-0.56122821520911,-0.106602848124115,-0.542365456697592,-0.37927438420244,-0.357952888458343,-0.517753476326635,-0.277094711759303,-0.182658852836372,-0.0139692445194086,-0.202487513893686,0.0377840503558121,0.155804026333083,-0.19321091040853,0.109972047717056,0.294527555565859,-0.256373544321451,-0.400866826096021,0.0955213500397052,0.0892093233418903,-0.109439294983594,0.0478397913367975,-0.0886741838689404,-0.589576499713833,-0.324043173011509,-0.207918563212364,-0.086715915050301,-0.0185738895035235,0.202150986504928,0.0465244421039994,0.0248170843319358,0.125188450213834,-0.140395259565575,0.121239270478297,0.145700290767256,0.0657012068484402,0.0124817394834087,-0.0206510238248789,-0.21672818692315,-0.0702175909473019,-0.206460250293412,0.238716237903505,0.290717903894733,0.809848024721856,0.057997051783314,0.666177636296091,0.777787063075776,-0.125066744501104,0.125737121268527,-0.0205373006583646,0.852597692789426,-0.0785255000224053,0.632681899480948,-0.166825676086018,-0.309490066548608,-0.278097575344022,-0.312507895060865,-0.328841477398673,-0.29939455278097,0.10754804075701,-0.426873387819467,-0.0682402590426684,0.0597043876307606,-0.260438889054971,0.0908676587764359,-0.411928991909075,-0.23558629818142,-0.478523969567397,-0.15467409212485,-0.0706067041286691,-0.0462988274112852,-0.374430223147829,-0.280209860231042,-0.33867992291479,-0.0481832775620834,-0.212035285452186,-0.0102755819939445,-0.112283084587241,-0.215049421944787,-0.268428244348616,-0.376647428252922,-0.219684247959468,-0.591912034630721,-0.0347577538786212,-0.56322612725021,-0.508180820133687,-0.35746554119758,-0.574542504649137,-0.508682560082588,-0.405949998913778,-0.315711548669802,-0.610375332696085,-0.256439446020395,-0.214930402038232,0.0776733270751243,0.127588287905002,-0.00644793460650121,-0.163096436357221,0.0290861353509582,-0.0353172382486887,0.0330877308127964,0.0531170549436144,-0.362570020490524,-0.4145696468896,-0.174066339749943,-0.151479081436551,0.121367385643342,-0.33579443517422,-0.380007748703692,-0.0713320180973591,-0.0917214275280356,0.0462329075159276,-0.0878615199197347,0.0979050835273396,-0.115603797242195,0.0821664236794208,0.0483099148100153,0.000454592635249799,0.18081301664125,0.0654101721656941,0.233386346427295,-0.0384307404305797,-0.0635119306066061,-0.162859001936596
0.444019595632676,0.800093977440055,1,0.061950780029536,-0.0303395910586523,0.52857908964831,0.526907351130848,0.60779897518085,-0.0528456534484614,0.848658060945488,-0.0924067006126856,0.206002988284077,0.706813205308679,-0.205152509290749,-0.100774273819954,-0.114574149475386,-0.143398095724562,-0.232624363688871,0.264893827006487,0.291045792906349,-0.386076340958519,-0.0534733576198094,0.257605455696192,-0.158427425772187,-0.0836481278702857,0.316742745389868,-0.367909769246888,0.68535388060505,-0.323916142780529,-0.221585197798158,-0.071834201040443,-0.282393839572337,-0.189244681039425,-0.0128141422896541,-0.13203047260687,-0.118272228707056,-0.309598101601178,-0.474225780815954,-0.65748216059513,-0.422323129488787,-0.290616801095474,-0.440534333028805,-0.433737200983146,-0.244869289595488,-0.370090231487963,-0.304855836333391,-0.21540330224406,-0.510320817650358,-0.496436560427123,-0.416812449041925,-0.0456012075189989,-0.136140110220223,-0.093597911143153,0.0231041056724493,-0.303059229964177,-0.0186459053588249,0.270941760090602,-0.136946641400671,-0.39515568853378,0.178295747836615,0.0225331457719488,-0.221301088992339,-0.0913186831270072,-0.0103731552544522,-0.339043568717081,-0.532984814574344,-0.257343174438894,-0.225700348871621,-0.0235232499396372,0.0479282750559159,-0.137098784083074,-0.0253955076418397,0.00405581234922699,-0.108133351167609,0.100898092030222,-0.017712242762965,-0.0705146085219574,0.133342856628442,0.0914761292780499,-0.301286582830403,-0.143379982879311,0.00540725011867778,0.489228563553779,0.516742679989211,0.706364573528915,-0.0384120896582806,0.72525139843462,0.534863086702316,-0.0279941144072049,-0.0920557538565489,-0.0590804760084568,0.826152688345029,-0.0752456290707111,0.639216836916892,-0.0657083248765227,-0.11425965814429,-0.0642299342923632,-0.20154070620748,-0.083931341617287,-0.0604838054131703,0.270145585594301,-0.433001903619145,-0.054361195736677,0.245384891797625,-0.150258719613785,0.215673601406287,-0.310265897244331,-0.0547555470341959,-0.342086427841273,-0.108316854694914,0.00195501439966163,0.265845838722223,-0.135721772402204,-0.1345102514881,-0.269420326890234,0.079861679750508,-0.0471540958169976,0.178706972130978,0.110792427936523,-0.103247749931746,-0.0656839033256594,-0.420337737124627,-0.0383457898420534,-0.373688311873905,0.180870933442967,-0.421362107952963,-0.259450269021754,-0.354224287211869,-0.435246718905097,-0.297895402597501,-0.215224588088058,-0.2660630599321,-0.547095515701746,-0.335543283786545,-0.0924522564597569,0.0594848427690953,0.200488205447915,-0.0973487721212082,-0.118391809783978,0.107731360371392,-0.123593693721486,0.0288630812129218,0.0437376196012005,-0.21566986513641,-0.433164371680573,0.0057758827289848,-0.175508144883356,0.0166830207056258,-0.151959798206549,-0.441286005976846,-0.179531540094415,-0.240894518879421,-0.0133127455855693,-0.13554375438887,-0.128076894968787,-0.263377729142432,-0.189680333882355,0.0158495857175514,0.0566420627117189,0.0172116181898914,0.00404414837349629,0.108280251317894,0.0474722500854695,-0.0127146358986916,-0.391531663511666
0.672614640666961,0.216817609182755,0.061950780029536,1,0.81602445009795,0.0951109259180194,0.395909831775771,-0.202323102086565,0.938891923031429,0.125814219106739,0.787953416091242,0.837483920757698,0.525135164933105,-0.0952123029440634,-0.144380095013562,-0.210402521969993,-0.294230515568131,-0.154265756566526,-0.259386133683862,-0.0870855969494787,-0.0527318322764399,0.00759969753932089,0.28427675460734,-0.0515153851160047,-0.308197544999889,-0.0220695802568575,-0.057595434119915,0.39697453520071,0.0643521377840475,0.00790038452472188,0.14471569944517,0.313860529814999,0.0595619137145953,0.0556843180304222,0.158746414298189,-0.0352328291615846,-0.304197690668962,-0.201823140699304,-0.13890618117641,-0.157836195393993,0.0618221608110868,-0.131000519558972,-0.220753768996392,-0.0850535106359964,-0.1808267331821,0.132649133874708,-0.239276739765922,-0.142556464148281,-0.302158957962653,-0.345996394076289,-0.0408313297225611,-0.359954243735687,-0.346126406372085,-0.214025861769371,-0.0600157715516026,-0.152044505781018,-0.190320919127609,0.377297067446594,0.0520801943064707,0.0441529359082987,-0.382591851955249,-0.128810544032095,-0.375346588705144,-0.30270215427963,-0.0515847749708746,-0.28493260995494,-0.277688010682678,-0.239248613593074,-0.278467190888391,-0.196771188795526,-0.205349580642985,-0.134287418402467,-0.351263653222266,0.0249574889091301,-0.0520140630615158,-0.306044666092708,-0.234875049353001,0.421249962619618,-0.156268803762574,-0.388679553744277,-0.462225842503695,0.0867214299952438,0.170629882065579,0.376268539698936,0.575642673700319,0.90780163618124,0.130362686193777,0.0919976982621949,0.785742356796784,0.904469955435885,0.767350084245221,0.222791112779373,0.837622781678935,0.631902620176171,-0.25322917125528,-0.267143543724604,-0.306626455202275,-0.319263963143979,-0.156374522593315,-0.165547991634196,-0.180079643739643,-0.0497607121660913,0.0767970900153226,0.134219474733341,-0.153898900004773,-0.307812682137137,0.0855709449547968,-0.024967812527873,-0.218052119905266,-0.0466876574848379,-0.248390124531084,0.0559539289692191,-0.0864601179929538,0.0164465245750091,0.0645581752317166,0.157955914420862,0.232620847987848,0.170730091492369,0.12359370727235,0.165553880820807,0.15821477104376,-0.158895876239874,-0.237317632953366,-0.125078826147928,0.18924002457581,-0.369269075975524,-0.250170214129503,0.0591024283264348,-0.0685835912025447,-0.0135100248551004,0.14282146824126,-0.110646597154001,-0.0263017952039811,-0.146858336592629,0.0495526233550756,-0.292789007023614,-0.397573033114387,-0.310061165815687,-0.204492598625426,0.125909924082137,-0.0807816594093166,0.0255298402668026,-0.10126041584892,0.452954912910133,-0.175869987741287,-0.271011328429119,-0.184696858475474,-0.0827639377819696,0.191121897859358,0.0204683048036552,-0.377433336308036,-0.353792438088724,-0.4808660100114,-0.129940815826943,-0.195707522000339,-0.244146555766074,-0.130806914807715,-0.180848947225084,-0.0956589223184661,-0.311264096540197,0.00568130110425252,0.0996486596381132,0.623791158543612,-0.197776530668813,-0.204185373991941
0.604382494339319,-0.0509283720796516,-0.0303395910586523,0.81602445009795,1,-0.133595261444844,0.515252579817717,-0.280802011638053,0.823619281953521,-0.0384655854764072,0.796871149886013,0.69464852678155,0.319361221903233,0.0233821026732302,-0.0850723269457457,0.0146812983889265,-0.0912265688217539,0.0231982109355598,-0.162258818678079,0.12883462680489,-0.0312999565789451,0.165762550565699,0.415974458947552,0.131093819826338,-0.16307157748096,0.0114332894363396,-0.0643668637029652,0.326006526778278,0.0718953722729729,0.0713911003263738,0.158709562385769,0.336638259591649,0.054170238245619,0.108857010986124,0.0881366480408874,0.0547188786162662,-0.206163538642967,-0.064986889176942,-0.139552570433173,-0.143295928485388,-0.0394079665396405,0.039075740708916,-0.122538621204852,-0.206944792307411,-0.0287184567382862,0.152554667725508,-0.032947351169278,-0.0961936604849469,-0.338262403892417,-0.258187896984484,-0.0706083833418127,-0.371323968424082,-0.290035808228376,-0.253542740178885,-0.172973121001024,-0.157893567710135,-0.157466282546495,0.582386465407925,0.175514240510782,-0.126633134957488,-0.349548072775299,-0.149706663178682,-0.354360501587487,-0.240665238398083,0.0950945823060927,-0.227507986112884,-0.0945612785117508,-0.313948597551116,-0.197717509907691,-0.271921154660776,-0.295216649964311,-0.146146702309951,-0.365120237733581,-0.0863112878529602,-0.144482067239875,-0.28748614551655,-0.188690038183303,0.648631237684667,0.13078235325383,-0.267091238630435,-0.217659822574355,0.336215933130555,0.117075389386697,0.42908733984425,0.390741175254944,0.82464726188473,-0.0528163936276537,-0.0748778375746727,0.917320505683815,0.700672215358955,0.765557380668836,0.0510928324849587,0.833086953412666,0.471776962390567,-0.217175900997109,-0.219771684349195,-0.053526702687574,-0.154474761434893,0.0439726976652317,-0.0396060159180463,-0.127861191232485,-0.0224420866366213,0.15249012237725,0.306077841606059,0.0155630620875219,-0.141085476193611,0.251259455364733,0.164142555607624,0.0467962783353941,0.0249823368763382,-0.173998359477314,0.0505798043631784,0.0587964204094916,0.0630757648766331,0.0298043755363807,0.201556982165922,0.274768918342789,0.195767255725013,0.265997722318612,0.147980928322527,0.149294232212725,-0.253535153649494,-0.246132044013625,-0.0141602221201187,0.285218446177448,-0.318162746589073,-0.160188895002277,0.00191867324559179,0.0212514218018795,0.150089716999713,0.199814938629171,-0.063551975708915,-0.0939200627625022,-0.267164481289435,0.154528189829316,-0.382452388824499,-0.417021767165036,-0.410604756396216,-0.279351604801762,0.075215717388948,-0.23694715422269,-0.0845904109100003,-0.162929108146989,0.600033066178072,-0.0574127868664099,-0.214465296227927,-0.264821183677615,-0.262254931463679,0.369519365830376,0.0210413770362871,-0.246166944156223,-0.411419360310046,-0.415567059993576,-0.140899769722173,-0.258210894715529,-0.393527362307301,-0.385793704249794,-0.205735887237191,-0.190604172259608,-0.41359538178616,-0.036759868045661,-0.0433351964480062,0.725014951036953,0.0597514110667304,-0.0657449711044636
0.0844881439777301,0.838112412267676,0.52857908964831,0.0951109259180194,-0.133595261444844,1,-0.0105306807781185,0.718691889124386,-0.00629679607545789,0.741432385180033,-0.226894902148638,0.389323659508417,0.718606540363438,-0.619126018295898,-0.508664133019873,-0.238075788461476,-0.312394097898773,-0.34256743299311,0.0577150875749151,-0.0352538782697862,-0.223161493969276,-0.218087870782278,-0.255763212493558,-0.272571928317444,0.057743447694891,-0.162005377583546,-0.479776760784254,0.228128946467396,-0.324139588115333,-0.214563158334339,-0.207571410423567,0.00604280255366904,-0.388534679827499,-0.264634400063097,-0.208889035592037,-0.13731831138481,-0.491615994792348,-0.608456143934331,-0.607342821383088,-0.546966680255294,-0.208410689121806,-0.535495604369832,-0.439091444781306,0.0129809301886614,-0.532502725141004,-0.455422203258206,-0.312624880627854,-0.291945066910169,-0.108196758799551,0.0885446704286685,0.0407637682456625,-0.158353597975329,0.30940549989828,0.359771398071721,-0.0224770845443516,0.348238077095134,0.438531088124651,-0.356490943245713,-0.423714720105526,0.0176768612298694,0.196083376943284,0.0104187427250024,0.215151469250202,0.0406513345200261,-0.588345771899328,-0.072499726577137,-0.0860330037683437,0.0520854806407211,0.0679298574219919,0.366671997652405,0.2682685654182,0.0857322606098554,0.297310674611408,-0.156457894646066,0.175838586818143,0.406502349802088,0.211063127285013,-0.0982929858775624,-0.0385596057734218,-0.105976540427545,0.0367248245632089,-0.248350602974725,0.00267388009663734,0.114661515555272,0.633946254169365,-0.0494111036162128,0.442484410452324,0.882700123998247,-0.283909122806986,0.0885954974438548,-0.136798402185253,0.763612722446859,-0.262498383554016,0.38874001194272,-0.174257750496022,-0.347713220084189,-0.241901265933798,-0.234899851793754,-0.331166412298315,-0.304743653383949,0.0857935841625463,-0.412470996147321,-0.158348593876925,-0.0801471913855098,-0.210724307492982,0.121559602229714,-0.470193602367274,-0.321541530578437,-0.405227632990899,-0.170264496009409,0.0504592195555208,-0.205025620775934,-0.454298060661088,-0.374793108426789,-0.344574197993141,-0.215442077152722,-0.347096961159963,-0.19144744518545,-0.337014357237905,-0.356566146772502,-0.462027036004145,-0.370841087000419,-0.336010603743104,-0.645158322205379,-0.130274636418757,-0.467885045063774,-0.572524483011814,-0.334616567635454,-0.583041758633546,-0.590116570539852,-0.546885519693247,-0.297999063570866,-0.59576247990698,-0.224704739210252,-0.246626353373717,0.0998353429943559,0.141107744344041,0.0481257142086853,-0.1144616748434,-0.024857193103034,-0.0286919831553567,0.0253556924237222,0.0150125381461213,-0.528160433118053,-0.342927954195341,-0.124957679205956,-0.0935377188678642,0.0981663792959776,-0.421422340853894,-0.359843312283707,0.0394423241810562,0.0341423204452711,0.194983743756163,-0.152992333553186,0.145685605760592,0.0067924546906557,0.14629591360464,0.0557532548623036,0.0254464470808236,0.227806311272647,-0.00509739610796379,0.124070209751342,-0.235169850872285,-0.0770828671765871,-0.0687513967729275
0.600915935474835,0.241862242413872,0.526907351130848,0.395909831775771,0.515252579817717,-0.0105306807781185,1,0.0469795599183691,0.354495924019645,0.424939516864392,0.465114099564912,0.396035449234463,0.42504965130195,0.214860693470676,0.223139654200848,0.123324562692221,0.197363586991031,0.0668675381065467,0.243567867156127,0.523003483721498,-0.153713106377892,0.151130146564574,0.527847522724824,0.140600594052906,-0.05375903106431,0.403832812607023,-0.0757086839729195,0.62165372184648,-0.148028290205577,-0.0746851171961318,0.0126363263523305,-0.0997412594551492,-0.0936089415370178,0.176703974565631,-0.053939668014598,0.0180791332348282,0.06038681898332,-0.0133438844425226,-0.226484497048297,-0.117091077751103,-0.233136292664186,0.0575640376064325,-0.0823149729337638,-0.312620906365166,0.0924420506698911,-0.0113295471819806,0.190392146632765,-0.348182367024694,-0.570981849054368,-0.44728715855358,-0.121845833062203,-0.235741964037227,-0.190155087603251,-0.316560596353083,-0.253611847217969,-0.259218340745859,-0.0538673271604867,0.304979915552324,-0.0367380868438446,0.0296130878154903,-0.30295658470839,-0.356576949221229,-0.429561770479993,-0.0410085929162086,0.317896868795001,-0.488969300805075,-0.234147978738768,-0.516947299565347,-0.172862855052017,-0.414523168851851,-0.394973495543009,-0.260134320701922,-0.363625985529162,-0.173738998329381,-0.0808698141082722,-0.262796224249858,-0.213745612178891,0.429896263453092,0.138302912795692,-0.298562521996686,-0.266904182552448,0.157887994627786,0.33035873746796,0.543074662373607,0.454429627940848,0.467039024958364,0.286390399510793,-0.0107577969595388,0.62883026828815,0.263527423258535,0.448408124882343,0.446170712859185,0.432572538184522,0.552095714860151,0.0481915817754029,0.0406329706333832,0.125579169656786,0.0246184622905952,0.285788280886655,0.182940207346383,0.221966198329805,-0.199460202218268,-0.0170434139342595,0.675891679927085,0.168851358272993,0.151219694433454,0.222929080052899,0.344010775220738,0.0725953290572083,-0.0606305832677825,-0.0866241427427306,0.209037799592357,0.251561748297376,0.0740098159108221,-0.169156341405464,0.155879723282937,0.263192906924107,0.11432561488258,0.386194991959604,0.0181080596147915,0.171787612902405,-0.233778670498628,0.116019065782513,0.0557144291509658,0.460148652277288,-0.290717793919943,0.00869520116541658,-0.181179045868631,0.0184971939402293,0.230682116703598,0.0688377275785208,0.0143615552096814,-0.221229321816649,-0.450744052965745,-0.0480286043460667,-0.271165337103799,-0.0736350035297475,-0.348452788264726,-0.221079729354193,0.0649190109788757,-0.409927189911564,-0.141923313545341,-0.217337142674948,0.319674511310937,-0.177572203947908,-0.106447570461658,-0.331382645392168,-0.299744269400288,0.263552873071146,-0.261899291470818,-0.377916412715085,-0.54335725828197,-0.288139351002025,-0.165625585066702,-0.391669619486764,-0.388792061595753,-0.603974479298925,-0.154788146345786,-0.016503361458724,-0.36780470010629,-0.142599986525482,-0.0954347583194922,0.490908149884968,0.0408639571836707,-0.261001302529956
-0.0776888492012609,0.672815045960469,0.60779897518085,-0.202323102086565,-0.280802011638053,0.718691889124386,0.0469795599183691,1,-0.21018562582382,0.78289574614478,-0.312441304990707,0.0784393097482075,0.479074146850479,-0.277251494101268,-0.145592399099608,0.0773494254501594,0.0407556658003913,-0.0240038551906148,0.380935264881287,0.220860303607947,0.00280891972002634,-0.0393362936778221,-0.0694592609756738,-0.122005707748803,-0.000704265903316443,-0.230882674753944,-0.554091966517296,0.1686269542629,-0.424861781697091,-0.328183805175648,-0.29285606779822,-0.398658546974135,-0.342738161453783,-0.221299223780707,-0.243274339996764,-0.210338828326558,-0.161820859550788,-0.384494234112962,-0.491659380307117,-0.350902715019713,-0.0826771549489323,-0.286943558661803,-0.254426577042195,-0.0759577099169093,-0.254467877430258,-0.480811691912998,-0.00631214627645971,-0.295172464507943,-0.198795147938229,-0.0419468056415616,-0.156413138162941,-0.0178012550293877,0.24765963946208,0.456607747339927,-0.220034253190374,0.217139173455578,0.482459248151723,-0.39919803773231,-0.419180391763952,0.0889617458134311,0.381095646722556,-0.0900600745775123,0.295187989323912,0.23708785174402,-0.427907578356508,-0.227503680094793,-0.249042883203476,0.0638036038712526,0.0072926250075062,0.437115982836994,0.356495063183593,0.087042206267331,0.375048547558926,-0.0588276775391725,0.232857370555107,0.335241763890801,0.0273662161670343,-0.232704855231296,-0.058442553679103,-0.0253076502926643,0.06789254875002,-0.419558531194393,-0.0972166147414237,0.022723126037495,0.403461689369524,-0.323918130835583,0.446203481530521,0.833317774353024,-0.340350167523254,-0.275479206171859,-0.229071771692774,0.709448740783003,-0.39259592590327,0.208940531497669,0.211567687403604,0.0767015596719208,0.109196515079184,0.0888980745932503,0.0333305121757933,0.0766158559835803,0.402994731968004,-0.27437799717768,-0.2174347988607,0.125711377044454,0.0256143638737719,0.347910928783441,-0.282007377189229,-0.13590369834003,-0.178834303913772,-0.159144016687706,0.0450148146949336,-0.283769500860806,-0.256738302151699,-0.290585313166053,-0.391420847405521,-0.230393396422845,-0.388231384024316,-0.251212312086854,-0.172132884734751,-0.352677770972562,-0.403590593062137,-0.330448362497491,-0.0984230362571815,-0.378426348293152,-0.0168929258446517,-0.264953900946098,-0.297587102017603,-0.203876780606152,-0.361774983701551,-0.329107603649468,-0.489859307192818,0.00537257811410581,-0.554280235210753,-0.193589485902199,-0.43705367690969,0.22607270179899,0.157898053300113,0.161333772660186,-0.0749892767549392,-0.162255685575157,-0.00321442273741514,-0.0232138508249866,0.0556033877082754,-0.578161996554657,-0.20375458063749,0.00886986923039413,0.00516520109451338,0.204409093133398,-0.457604538211894,-0.563314853040362,0.0534705026043531,0.0140648279237476,0.438513363357034,-0.100226595563888,0.195673273270179,0.114539416354636,0.190797905419556,0.18242385039589,0.17884998064231,0.316374171051715,-0.110444389811884,-0.0157292351173928,-0.400932036642298,-0.103277772104276,-0.200040184639379
0.560102146362282,0.0868039526316638,-0.0528456534484614,0.938891923031429,0.823619281953521,-0.00629679607545789,0.354495924019645,-0.21018562582382,1,0.0542575497942271,0.84772635696325,0.842920100439924,0.421678460298944,-0.00670190646238519,-0.131205705444263,-0.0719028158883839,-0.134489284537783,-0.0420424963069285,-0.18862256403851,0.0174179842479755,0.0758710909785334,0.0677974468242633,0.296197473235129,-0.0139525305783413,-0.24025968891347,-0.138761284582301,-0.108945633096806,0.265663927311808,0.0546136630368086,-0.00863077094255432,0.110190286608073,0.241510208226889,0.037444727537599,-0.00401142111594155,0.124327156601576,-0.0767297480715762,-0.249531672220428,-0.119902114716311,-0.0820283157300254,-0.102865251600863,0.112056588795581,0.00361656310009489,-0.128483836139669,-0.0465157537653786,-0.015853841221793,0.11524619809976,-0.107979871156997,-0.12300297314697,-0.253928259775584,-0.343514330290537,-0.143077890173657,-0.292653045948499,-0.350160454700906,-0.16959198710005,-0.124777584136985,-0.184935379141956,-0.19496206425986,0.43265978059713,0.124899840084944,-0.0228732685168894,-0.326123117993935,-0.146744053623819,-0.307177332503261,-0.238005828474582,0.0024424906373678,-0.250595954327852,-0.286413337533411,-0.218386148075877,-0.205827503653688,-0.166643190814043,-0.128271540891241,-0.039118262720079,-0.271190456104218,0.126305342117819,-0.0017692494101609,-0.30249623415662,-0.193348243729559,0.428488935541163,-0.0892598504224433,-0.311416447170218,-0.36917124515829,0.0154672830072878,0.01703572365229,0.22541549115046,0.468690790586724,0.88650068548921,0.0994689264079402,0.045542872259107,0.810619187546271,0.892771153457026,0.856754843227114,0.130700752779356,0.87517195265674,0.521038130941355,-0.104511932030208,-0.147851847094727,-0.118179159411338,-0.200522373883969,0.0179203345844042,-0.0291656163249379,-0.111412978675365,0.0470589182474567,0.0960444428943955,0.283661875641469,-0.0144168070376026,-0.231995863759283,0.21773165476679,0.0565760414695757,-0.116796570351014,-0.0307355445054828,-0.155627885426508,-0.0502418612224067,-0.0229532369436038,0.0579995917632599,0.01928057677267,0.123744709636323,0.166536310430138,0.0624622070492668,0.161998915379318,0.0915519175677892,0.107429367754155,-0.167859204122039,-0.230792546596631,-0.0198863103130199,0.186127962278319,-0.282892792007399,-0.143978549208669,0.0668691487018464,0.0525517972055271,0.0951344564754828,0.126063410586045,0.0263375562730113,0.000171338124796681,-0.179580985406829,-0.100203130429392,-0.344767569642629,-0.536636816901928,-0.387482248643906,-0.280917757643563,-0.0403026647167191,-0.0735380127056838,-0.114732511335954,-0.253068676815662,0.442879818810014,-0.0489686330589444,-0.288839864991644,-0.121228630130351,-0.102732025080307,0.145502083293508,-0.0480212788594832,-0.357253606830082,-0.322972983709238,-0.467018849111425,-0.118097746639123,-0.163834482471965,-0.201228728596261,-0.136111544228848,-0.124517594509576,-0.0287482777784244,-0.286949260406235,-0.0843823418164915,-0.037566871950333,0.599175162826812,-0.170522930743692,-0.167521721089989
0.319412782328492,0.882021361245464,0.848658060945488,0.125814219106739,-0.0384655854764072,0.741432385180033,0.424939516864392,0.78289574614478,0.0542575497942271,1,-0.0986078646698098,0.371442402567555,0.796695324713482,-0.247636598960089,-0.127999019975922,-0.074500761024122,-0.0554334068285066,-0.182836908733484,0.314439620089413,0.279133157729298,-0.179048806433567,-0.0426942390662308,0.0408057737201235,-0.180618113970791,-0.0475827724815442,-0.000727184454295235,-0.578390780371614,0.491846504767531,-0.440019285720777,-0.326716145464227,-0.200798692459795,-0.234249029178411,-0.368794191744244,-0.210393175873415,-0.234688540369344,-0.264799213594158,-0.28192329493637,-0.516805044185939,-0.600431394888236,-0.417232161518339,-0.179810603103812,-0.361771722042055,-0.403760887999645,-0.124873320035561,-0.282572860540449,-0.413236514565495,-0.0837070650928858,-0.473904509743934,-0.407097470101835,-0.25719105242299,-0.172870501271006,-0.206299412663285,0.0354500167329052,0.238185384147832,-0.278759862714468,0.0461281706751955,0.373010422367293,-0.224822313652713,-0.37708936828371,0.0817978254975547,0.12141439520425,-0.228749801952266,0.0466823228737633,0.114502856605626,-0.39012395866577,-0.446628745870832,-0.3872852905708,-0.18337067339894,-0.0973056640879171,0.195152697899016,0.103218739348617,-0.025812372596903,0.107992132439621,-0.058662298991592,0.198883331186436,0.143354458294249,-0.105178598034178,-0.0184259937675169,-0.0429540390788523,-0.233697144874042,-0.112635480433333,-0.26821333098029,0.161219738143021,0.297195703810286,0.722952304894076,0.00353940937876141,0.609178250762613,0.746891277321865,-0.0714718652199665,0.00709883048702447,0.00599099766682761,0.909857179989925,-0.106453820191847,0.551089439042549,0.0502119941014272,-0.0455779009191685,-0.0208117402805829,-0.0883488718426195,-0.0142021487294395,-0.0132719280156991,0.333732722408427,-0.348420769425566,-0.154312868976299,0.28025947393494,-0.0427429133638419,0.245479927022456,-0.338915760331741,-0.120386388398528,-0.302043380058111,-0.228820315975565,0.000836266603202034,-0.100624599171239,-0.219822224608354,-0.283481942828081,-0.372560558399378,-0.133678720114898,-0.227414712349685,-0.134218223249354,-0.0924092867506473,-0.275129703657902,-0.272288673725799,-0.35461512830703,-0.0272897959518015,-0.449879869108388,0.107349060652267,-0.42989622148031,-0.332332029012163,-0.276142609190503,-0.392851072118603,-0.285067689677179,-0.402363077929867,-0.0748741906484196,-0.578954378703918,-0.286226931223329,-0.340902244968188,0.105407989431922,0.0951852168109211,0.00590400493885527,-0.11091690970268,-0.0163951193347317,-0.105255482334097,0.00605047075376947,0.00872470552541931,-0.366869896503335,-0.354298090881595,-0.0834135644498867,-0.123294753075388,0.155966040802094,-0.341042806024798,-0.547233331071042,-0.114363358835947,-0.185177273391463,0.12724889517977,-0.126749747378092,0.0331253204540104,-0.05572259085806,-0.00441614950542862,0.0815044695740338,0.116023421839782,0.144223973954207,-0.0589742911959401,0.0913370106415866,-0.102750533362316,-0.111897738159829,-0.262870042184426
0.531951285760251,-0.0775860686918219,-0.0924067006126856,0.787953416091242,0.796871149886013,-0.226894902148638,0.465114099564912,-0.312441304990707,0.84772635696325,-0.0986078646698098,1,0.682510058658186,0.232511268930468,0.100067946572872,-0.0156673832348518,0.0221789803361273,-0.0641945076655326,0.0259281957514255,-0.212447168181362,0.143982006241529,0.0238700144681321,0.0510858506539012,0.433314733587566,0.0535766608002317,-0.203035144216444,0.0129312584761912,0.0030213907506272,0.256810654399369,0.0477667380984056,0.0545798938870315,0.170818907804145,0.259735381059136,0.105021747519545,0.123805661118668,0.128987138064947,0.0046197394310724,-0.0861550865293957,-0.0117479502331379,-0.0193329136442123,-0.0171991504653125,-0.0104715167768411,0.0123808911933198,-0.0945083788894522,-0.224555222642987,0.035228324047057,0.195899610222466,-0.0567875912139864,-0.127923335106796,-0.30848648536021,-0.232325614265515,-0.105266768326739,-0.319242220718116,-0.234951626546152,-0.260312776693614,-0.102789810015723,-0.166440944596356,-0.195313028357474,0.564090921348078,0.242837375368343,-0.0430359355980239,-0.407535400847541,-0.158551390681034,-0.388487473636065,-0.175901612550589,0.226071447317453,-0.250819745844485,-0.170266152746188,-0.378445250260503,-0.218060760181608,-0.285672109652788,-0.267420470756612,-0.175913358313438,-0.369670055078376,-0.0348291317331324,-0.0181703537363843,-0.241023020088041,-0.195332339435996,0.525245604719656,0.0438631185470645,-0.190052616066434,-0.254585709387632,0.0980584713931035,0.0152264055963548,0.245426484987238,0.293168834425064,0.861275505594956,0.00724339632439264,-0.175340839124941,0.858406521782192,0.773557564305248,0.831348573490585,-0.0167616810535118,0.905705709670986,0.411506981441587,0.013434960290102,-0.0650155832462414,-0.0238015068309489,-0.0696780845804146,0.103144478543699,0.0214735674942032,-0.142207415422885,0.0353816496205702,0.0950169109440321,0.386721074318623,0.0413871829298529,-0.144562974699013,0.44898664383774,0.286272367576873,0.013164466533789,0.0523673128122473,-0.117686418784236,0.0292970072195434,0.206051275655825,0.0888153129543539,0.0388392791525278,0.175749696552018,0.319080447313467,0.126237394074051,0.287457369507826,0.132445869406802,0.160146731431705,-0.054322703706598,-0.0920926776267846,0.133761752318292,0.295749662493041,-0.177692276110665,-0.0664868117889913,-0.0250514843739838,0.0851734331411537,0.191910236172218,0.268372247791841,0.0402168174445222,0.0789904971048414,-0.214015498075636,-0.00489971499938554,-0.434893249305041,-0.399671922979942,-0.317705945630657,-0.278243522419981,0.00310559118860012,-0.274057830916097,-0.106124508332803,-0.168286660825868,0.581339658417185,0.0500578139846954,-0.317362683959403,-0.276951250109656,-0.25239817831446,0.328579531557888,0.0189484465008144,-0.363207519808433,-0.410103703683741,-0.47288103702647,-0.108741076146534,-0.246854648126233,-0.221644487740147,-0.289264151516455,-0.218984228837456,-0.107832753255791,-0.394369817986656,-0.0700861536748579,-0.0394738392272288,0.735606745064121,-0.0753147141545166,-0.128746251729347
0.585708308935255,0.417537270187278,0.206002988284077,0.837483920757698,0.69464852678155,0.389323659508417,0.396035449234463,0.0784393097482075,0.842920100439924,0.371442402567555,0.682510058658186,1,0.702294668146123,-0.258046800437347,-0.356069409839193,-0.137875690012208,-0.236452487991721,-0.201163518706455,-0.132991393009603,0.0621197482470455,-0.0833511530429347,-0.0632907112952712,0.149031667096315,-0.11133982336481,-0.0951927662663086,-0.0795150248129353,-0.261234940947322,0.378457731283495,-0.0429267065645984,-0.0480043808996797,0.11882791271465,0.264433836616465,-0.145780237268906,-0.112003542413975,0.0164883515808624,-0.0343746753472222,-0.443005071673053,-0.353160805536855,-0.350951789194418,-0.316660769471602,-0.0437281122655427,-0.195037222838198,-0.2549687604283,-0.0841640511934968,-0.202643811644254,-0.0233080982205509,-0.225713045968466,-0.178427181255947,-0.359344907724317,-0.178706191397102,0.000762385737915722,-0.413102983470216,-0.144775229819215,-0.0368339535981735,-0.0437037979907602,0.0202985565868685,0.048855816262785,0.356260331459979,0.0283846451887207,-0.0752857219543057,-0.32341158860756,-0.165783317656096,-0.27398146258767,-0.172289872467696,-0.180435098377335,-0.314025902825991,-0.291069089608586,-0.331554453614024,-0.229025294842262,-0.0795427911628475,-0.050686525014592,-0.119440632038695,-0.243051334727083,-0.036603769672709,0.110908541209294,-0.0487361807479769,-0.157312386661078,0.421421143520745,-0.0348837759534038,-0.31169082212582,-0.322835339848173,0.0382190417422699,0.0211965471594708,0.297048821367743,0.666809781504353,0.794785963363546,0.252927079132659,0.366668684582852,0.597141303615105,0.818789242701011,0.686825385933294,0.426941573500337,0.691284747125299,0.621276442862524,-0.142289291724574,-0.293888939605305,-0.172915410691625,-0.261606557926702,-0.102105081794495,-0.147242200732292,-0.0509031234873992,-0.155749115109727,0.023173051352918,0.259407744171734,-0.0612279540020028,-0.166967639388322,0.0312314285050379,-0.0273695635925594,-0.237449944996847,-0.126759014264418,-0.105063047379481,-0.0493886952069695,-0.191589814709261,-0.120054802483064,-0.0680116347214589,0.0515020076306699,0.0946258907663061,0.0264750360396072,-0.00192823277923902,-0.0274004275951316,-0.03663015990542,-0.300997146544211,-0.2805750145474,-0.292129304638495,0.15010296780853,-0.458077442444132,-0.331698170927684,-0.172822975062591,-0.179071511789879,-0.120407509751666,-0.0855685544358997,-0.154728319429718,-0.253332666683316,-0.29929280348626,-0.10515462029808,-0.337129102550702,-0.395469964877459,-0.303797695962579,-0.250637105197349,0.0612240445105063,-0.148129685990252,0.000370816328948629,-0.182811449375527,0.222966040536862,-0.168172060637877,-0.338488737507008,-0.260682138673462,-0.0661116783902404,-0.00310362388424739,-0.196768837540722,-0.354517596240474,-0.403541882983351,-0.426981155773384,-0.209211864336285,-0.150223520641387,-0.195984812354393,-0.166321688336358,-0.170461578501023,-0.0635640680142188,-0.248391280334501,-0.0949268306560175,0.0360026848398599,0.494906588232315,-0.160280392677968,-0.210082078939402
