1,0.352312576683994,0.465600800890498,0.115111361430319,0.532370762564929,-0.50867076785315,0.252148550435177,-0.0937388533513343,-0.222053497699831,0.37087948280058,-0.03732933058999,-0.0938093651720786,0.152708279687832,-0.148750477880789,-0.211422517288606,-0.0936561859136258,-0.169069447361647,-0.0409076525901109,-0.107757519479639,-0.260003857164001,0.202781764403507,0.0296787519103904,0.360301289121359,0.260170815203481,0.223570310622073,0.409037249314604,0.0663396854067658,0.0305227727489186,0.185226960345966,0.373794642703596,-0.137109468095869,0.425485256883546,0.447520246681715,-0.217287008775085,-0.0354112021096841,-0.169150292032253,-0.360485165257479,0.0143038461331375,-0.129509335152191,-0.0777471706385285,-0.336195089296324,-0.057104509928386,-0.221188649314907,-0.0872338029004524,-0.135289944201401,0.539923776450233,-0.135363553389577,-0.106553074058409,-0.118021758324088,-0.251867099766947,-0.0732846869283333,0.16892062814163,-0.393215995599364,-0.265404505706523,-0.196724997283344,-0.300873060261213,-0.200430150218598,-0.0977321933473595,-0.149457077701882,0.114211112333224,0.301292019090674,0.269753151051089,-0.101052869003059,-0.292127408697107,-0.142209122530563,-0.0938193758213203,0.0343410461409327,0.101685548757077,0.229705151612823,-0.300601277355888,-0.371125661863798,0.245479647835909,0.234034050249824,0.0496856818558006,-0.338825584385999,-0.111850919799474,0.0578481001045836,0.337750904301333,0.166273564189944,0.144337369978517,0.153377839388023,0.658884011740958,0.624960256344964,0.794674154911645,0.504544549552533,0.200479087801441,0.20882652024683,-0.165337864934689,0.556627822033415,-0.46107505785664,0.0353147513133375,0.277638905284122,-0.0763941246022025,0.186484473034818,-0.264732134140558,-0.248376587997259,-0.109662204043568,-0.142138099809748,-0.143392291971502,-0.308266117780822,-0.126341034059628,0.151171461500438,0.0314912124016885,-0.270030646997241,0.016566791946641,-0.0912226937217317,0.11685640459932,0.326927691393284,-0.0592793902862057,0.295498924740892,0.264534321622902,0.0548254982367486,0.187083958512244,-0.110869618926645,-0.310417662723006,0.0875130086889059,-0.274441548332584,-0.0725532719737639,-0.209077940091302,0.198387821708297,-0.350230258532102,-0.087150652886776,-0.333602094024345,-0.150873604274642,-0.130621725434101,-0.166028606566972,-0.153873197638206,-0.348878828728213,-0.292075089383419,-0.0781646800952022,0.423122631191066,-0.159831006040443,-0.170337998219121,-0.281601607148492,-0.287023496171738,-0.242362000017489,-0.167369174023894,-0.092648173988929,-0.266402263055707,-0.315193060071389,-0.0619848688380158,-0.191597047048316,-0.159630998124848,0.0100231026471828,-0.0188091819696535,-0.0141844406471086,0.00799651253537367,0.0285078275118873,0.622936658572329,0.00579230358648426,0.0340216630593104,0.276720217953501,0.227609816220988,-0.0186912594806178,0.0572529805582353,-0.344370090571438,-0.261847397048611,0.170247639378167,0.168939895697689,0.239519581894519,0.325026731246426,0.41725832629269,0.446395260616498,0.230505676034008,0.214922459459192
0.352312576683994,1,0.480586920644535,0.396426393851137,-0.223828856062527,-0.252154605986125,-0.0463365752783634,0.405823144825854,-0.467745633251061,0.612545227814387,-0.177997856439487,0.572888898923168,0.549628619322989,-0.0982176118845647,-0.11730264495764,0.0022529460449991,-0.147115067223049,-0.0702752735377662,-0.145431814846541,-0.0692527750514608,0.29423118297854,0.180475829489391,0.299548022754959,0.131010978660973,0.466838375957058,0.0449479786942048,-0.216951248316449,0.0733032387396923,-0.241442051389904,0.287023192981946,-0.0641793507512611,0.00687921521412013,0.0740565200610509,-0.024110790464123,-0.28316476318133,-0.404134917253174,-0.103955702025022,-0.305655780028691,-0.126608437635932,-0.288539512507169,-0.260226739576778,-0.235560912272158,-0.12071687895318,0.448268927506523,-0.0280599498544036,-0.00289055507000325,0.0906051639299705,-0.391046561792966,0.252514861604818,-0.00703832778354916,-0.110618372404662,0.155990283605102,-0.0336434378780563,0.0637088723414565,-0.0790926351475583,-0.180778023625291,0.206268994880866,-0.259030870109391,-0.355995939717165,-0.498139388664184,0.374821577369604,0.254796826109773,0.224788073309249,0.20168987379056,-0.0901060795343163,0.26657853084855,0.221463728828333,0.20720216672215,0.195360658708701,0.302251403341335,0.240988902574099,0.114458950073901,0.349329384267107,0.0557851574292114,-0.00588497932426067,0.377368742323545,0.0749318192486475,-0.257561878757897,0.0268653079657362,0.0823564914201342,0.0335491667485132,-0.16545073942743,0.255532193444587,0.0500723766842221,0.82578000740894,0.478655421537176,0.598234572689502,0.204789726120581,-0.027299232764706,-0.248996971182815,-0.475099906715469,0.508955679792723,0.0670716617944073,-0.212610224330671,-0.0852762418972475,-0.157372164336917,-0.0586006387387248,-0.0649911258477594,-0.029213469872259,-0.251723522325717,-0.154153951830232,0.00734777283106345,0.289267869198981,-0.246067479191219,0.120216999671266,0.273930360298499,-0.0164511353197916,0.397499284119191,-0.323166778223591,0.206937277165568,0.391085136347469,-0.121829877792621,0.28743687168939,-0.275350530374773,-0.428035688947693,-0.140999466820264,-0.328906293626044,-0.216376385961359,-0.114862252647571,-0.224031822128827,-0.370295738572442,0.0186851550179645,0.178832042246204,-0.32087288838311,-0.367668695935143,-0.310761224226809,-0.154049818657071,-0.49646822219151,-0.148871681666214,-0.214097034601424,-0.0966758060626309,0.13535031803295,-0.145261343918338,-0.161714560365418,-0.242145228433766,-0.226063550067597,-0.0537224485149571,-0.000793110680053855,-0.357383395001909,-0.18595836201641,0.129254358958162,-0.0675504957355388,0.0649581279783353,-0.33535756731314,-0.326910151519192,-0.251682501107435,0.0689626662479433,0.180013387404052,0.0926093114900262,0.199724962543496,0.196018587064891,0.273371285715483,0.0739198568887972,-0.112828056166546,0.0107098868627908,0.189323399104179,0.206493833627765,-0.0878642275707832,-0.0338592917947925,0.155802225295217,0.230044097164032,0.242603958397972,-0.22051390337601,-0.029613683792658,0.0408310963380044
0.465600800890498,0.480586920644535,1,-0.124045022156963,-0.0372510425889513,-0.241292187546962,0.520433947167274,0.145454368362449,-0.269820884378871,0.580884779764998,-0.269145091102251,0.104130017756113,0.287379783864847,-0.224273653108519,-0.205701119755497,-0.00271613626228173,0.0338775130252883,0.0653054435306694,0.02023623780792,-0.0119705571302782,0.306617244879792,0.209995193669325,0.518222940116456,0.376485095141551,0.41024569286924,0.513527330785507,0.159941334359689,0.169373803031405,0.214430200864561,0.564690652534639,0.0195465836771535,0.153419418498602,0.315211365026974,-0.0397750982190664,-0.0853289264971069,-0.115348710549481,-0.0905034498465107,0.202592158717249,0.137964718909466,-0.103987170886104,-0.303468617382357,0.103289569315718,0.0579509649876379,0.24769859200524,-0.0169067498910632,0.299969612762461,0.131612357169641,-0.151148578916591,0.116805955183355,-0.147606241708071,0.0781806590040899,0.144344291308342,-0.216185445048106,-0.15336001681309,0.0205724160781186,-0.17362974350309,0.0310661895786145,-0.201314259934346,-0.251889825990986,-0.279312170485378,0.203876333133437,0.15054518132108,0.0815167622114319,-0.0176799264294802,0.138999196923083,0.137294040657039,0.0577735548659321,0.00312737017940603,0.00444341512124594,0.168389320013039,-0.00504459526759648,-0.131656000105348,0.200861617374807,-0.266410555292597,-0.373426645032507,0.164947956152905,-0.0465152104106479,-0.0282794908041924,-0.0643839224503346,-0.00462209670262725,-0.101400789626609,0.200271597853045,0.478841138479006,0.314950602310899,0.475867230357585,0.0653174762044725,0.496935482937907,0.0706888563822823,0.092527800331061,-0.302417798829367,-0.157162755487726,0.562027602474467,-0.1805814030978,0.128477381885897,-0.155532652871226,-0.0876259330192111,0.0320906813875163,0.0192460109373919,0.0841236997348513,-0.140666869041155,0.0378980742215663,0.0784868915716591,0.192328960535951,0.0411987947870048,0.156061084943371,0.133251364271686,0.246885772882353,0.313930935396139,0.0651917408324008,0.308283758051944,0.336077649642278,0.290664440664028,0.280707215157744,0.0788408473878601,-0.184094423837582,0.107177110551836,-0.199949863023476,-0.100788911849975,-0.154775539030942,-0.136214670710217,-0.242145748079186,0.048851880421573,0.0312661146144812,-0.0159724393468332,-0.110709825471959,-0.244120237611604,-0.0867611723953423,-0.463890611094638,-0.0322881018279566,-0.1313961747017,0.191033351835686,0.0421742024253645,0.0176393025488542,-0.140553650027151,-0.391651047197934,-0.410941844580699,-0.423030318092269,-0.414830408479996,-0.242619747364763,-0.248288225947873,-0.0507793196338664,-0.381851119683408,-0.219960851019305,-0.260516343013573,-0.271053167235405,0.0374668783474738,-0.198504828297307,-0.239669997612876,0.197664917246642,-0.0929985266345285,-0.218597418588278,0.115162694588261,-0.129834919088283,-0.0889965016975822,-0.0913246761608586,0.0309353455015204,-0.110557480105963,-0.252992024797386,-0.0236958779913802,-0.0335533081358355,0.0248675522789569,0.00307341680009406,0.0256429278298276,-0.124249287779517,-0.109631510513487
0.115111361430319,0.396426393851137,-0.124045022156963,1,0.0696374890178868,-0.106294108956645,-0.16123796443937,0.0911583959955661,0.0384135928830291,-0.00798094896013247,0.264110529664745,0.416723040564185,0.219369554924059,-0.00192434290876493,0.0357640902367496,0.00546450052549797,-0.162376762406505,-0.0126042528579532,-0.134483051198002,-0.0345386907715283,0.0164952482270118,0.0202593686203136,-0.126071216338077,-0.0606962464838287,0.0535872035838849,-0.186471927912066,-0.224096710412052,-0.0296447754126101,-0.257031433485097,-0.115088252580689,-0.0454285168484391,-0.11847002687933,-0.196141286950556,0.0950828391636226,-0.113050743346023,-0.0738278629194406,0.0600440619418502,-0.278761784948324,-0.130271403172711,0.00552393247851486,0.209520092683282,-0.236810086500224,-0.0205839445125763,0.115496485907432,0.179622201534963,-0.112294221674231,0.105129668833675,-0.137435518608377,0.0454770539026063,-0.0112784543191388,-0.0794320957183256,0.0161868481203317,0.133337089714631,0.147265410515965,-0.0255555095460105,0.0588841448659882,0.20627064817428,0.0272017811666568,-0.0788097504726678,-0.200555454993263,-0.0652436362402983,-0.187137171721533,-0.13635335836931,0.0802315610176394,-0.167341566600135,-0.0556417044361632,-0.120652799810429,0.147980136198225,0.0405502196257771,0.0998547859934085,0.206712618325598,0.178655535296953,-0.111233670647781,0.233838166423827,0.195295878598381,0.0977062995243044,-0.0601932810200028,-0.204208481527741,-0.106336400855708,-0.154105588323192,-0.0473426662795915,-0.171013020703383,-0.187646900660643,-0.0472722881487381,0.322866150271664,0.641189950187934,0.114685142995825,-0.0552783752185094,0.0915817640703095,0.0664755654412426,-0.0321005188696096,-0.00636012937925336,0.370372082807166,-0.122148416205113,0.059436956628927,-0.0705804385210925,0.0505805591221154,0.0136446593238772,-0.0725362519955731,-0.0402650665736794,-0.116720385885827,-0.078349965411303,0.198238314058173,-0.142366232052285,0.0849259190874558,0.111609124404925,-0.0578758027301757,0.301883337296033,-0.124894616646288,-0.0244944485827114,0.00677904803644738,-0.24567851121298,0.0348975253762467,-0.182325565872743,-0.02822717555716,0.00633743510697374,-0.00389314541795741,0.02760224001059,0.195237349177943,0.029561571158259,0.00744485761210364,-0.0914525976576061,0.113637408144194,-0.161373352716012,-0.0485823003331896,-0.00417055303637704,-0.0379931246317477,0.201515080653144,0.0180741936278156,0.114103156784261,-0.0916299415891495,0.201760701094318,-0.0634514366803647,0.0342481489795388,-0.0307121837272615,0.212754494266502,0.374476306580441,0.234272751412295,-0.00147732997208084,0.151990826536223,0.130229608235426,0.148914987497063,0.229598774742368,0.055959016925082,-0.144608823610851,-0.116700323348165,0.219221418890678,0.166731222385938,-0.0869246167732805,0.132851654223316,0.0924890759039494,-0.0979152510257543,-0.0648569395761274,-0.138022691085836,-0.0684818660735239,0.103221307908692,0.287330912189038,0.12671856426107,-0.292585078443612,-0.0769532554297094,0.0952655432583558,0.00269406608419739,-0.175837973116816,-0.121821916917075,0.010275855338669
0.532370762564929,-0.223828856062527,-0.0372510425889513,0.0696374890178868,1,-0.116817969030984,0.0529744374349455,-0.364942323893498,0.330702523981283,-0.202684661695967,0.108404013855926,-0.341862230564698,-0.265218545579261,-0.219313388330872,-0.268892438339289,-0.141094744700621,-0.25269593788067,-0.132703761203844,-0.188354769163992,-0.3494337452674,-0.136124091018218,-0.161824091003615,0.0350855119294081,-0.0501041625443866,-0.128811712362114,0.253133995908424,-0.0697701930292644,0.150295609755957,0.0611348040924637,0.159183467202608,0.0542151456092076,0.46909310006559,0.109966381765936,-0.11008632778709,0.213083375791379,0.0659903665945219,-0.445225259667954,-0.101009059595374,-0.450704336499634,-0.101441703400202,-0.233935111372853,-0.163489591070651,-0.346712510464481,-0.429885446855677,-0.196588094465579,0.230334848614167,-0.202572622491015,7.90576474717366e-05,-0.317223696126178,-0.00277194380891987,0.0446101045823211,0.0728856642158098,-0.201119101528238,-0.0104141999752557,-0.22572781280615,-0.0616174570124533,-0.374586484195669,0.307738116543235,0.302323503864157,0.28221617518372,0.246949407445083,0.199868119296841,-0.103708601501035,-0.324181346472655,-0.272579961996522,-0.16269121371565,0.186027794618395,-0.0421050010616346,0.291485438010221,-0.499555625889865,-0.38338338556521,0.259307453761448,0.105341040065599,0.0387147434013724,-0.146521762366987,-0.219975216877523,0.140453562690828,0.747168358892106,0.493314624797098,0.418387773751685,0.406647881384802,0.759690891062835,0.4113619249622,0.692635098893632,-0.0175973206788436,0.0974304704046026,-0.140148570014803,-0.11524084829864,0.728882163745772,-0.0450357356057851,0.432052382647184,-0.203882410619243,0.228036345913756,0.225985288154639,-0.177226982208209,-0.212009795871098,-0.172652340942527,-0.132941041586139,-0.27145532283232,-0.223630615781806,-0.195793554288215,-0.00708678334218909,-0.204058641063038,-0.269020881091846,-0.284298264476074,-0.344859490508659,0.0746116777953022,0.0568461512550721,-0.126169708262865,0.0403051500719137,-0.0335064903802586,-0.00867619014654675,-0.132686060674622,-0.135126810749038,-0.103331344090907,0.0671653279778919,-0.0338161587933161,0.116691908719368,-0.194271473236616,0.140470253210418,-0.267546815950775,-0.286059001848249,-0.590205222913081,-0.207551153392079,-0.207440853926068,-0.0979737641646379,-0.239878420740874,-0.0823303387390699,-0.371722230195263,-0.10818307658329,0.164033720503221,-0.351795710569995,-0.418508143651865,-0.375563178109952,0.171022686456469,0.0230928149377563,0.00389571566180208,0.160986321451757,-0.168742216523113,-0.271133381528044,-0.305030593032059,0.0415410496013239,-0.26638360678311,0.425287339115991,0.313702505411294,-0.0144034817671025,-0.0419235187269315,-0.0685538156279687,0.433174895893826,-0.252746352220282,0.0535124873176856,0.140706428759026,0.39528846604425,-0.0325975513943904,-0.0253365926584968,-0.456486268168629,-0.495374637320723,0.274297525712238,-0.0534939762297636,0.168008783633405,0.0959373686678921,0.339237989477494,0.654896234955299,0.50338072508741,0.352332410548181
-0.50867076785315,-0.252154605986125,-0.241292187546962,-0.106294108956645,-0.116817969030984,1,-0.053884962580151,0.337379756045567,0.555170749571684,-0.0410878500337534,0.276589165301706,0.270545541108777,0.0745037386609575,0.113377057667727,0.181861521331162,0.156359510145713,0.159243553081217,0.0206836458167556,0.206351744346956,0.311947128810705,-0.0222637498202338,0.0654779918260578,-0.00993538304423063,-0.181795351462463,0.214094703308055,-0.205853654291293,-0.203590127581626,-0.158582419798947,-0.113182335449253,-0.151415393015355,-0.00139094991199453,-0.163551921547799,0.00646123987124566,-0.0234781680203058,-0.180515211515925,0.0228353272014737,0.250412335390566,0.0327818239336526,-0.0522225950544218,0.0822972029932122,0.165329736052842,-0.0226825305378435,0.118209295220061,-0.123508906205146,0.00325080211717676,-0.355939046609737,0.312889548450197,0.223217296929889,-0.0748322781779772,-0.00567776547716707,-0.0508289460706782,-0.177562448550639,0.212074433208467,0.0491915513599027,-0.0586531838605232,0.0384530779877668,0.00691874295544508,0.0669268697795271,0.210631973171966,-0.229348644855126,-0.0128658783015352,-0.106315559217037,-0.0396102510284411,0.177347853904529,0.142670511476691,-0.0602056829071536,-0.0134439526342063,-0.0618016091656214,-0.116658796674848,0.246170931318719,0.220854227564007,-0.193806545933938,-0.124066432152706,-0.154620887414226,0.0778281211808562,-0.0593099490641001,-0.245902498962171,-0.121127672115669,0.0449342161909917,-0.0435908333551297,-0.0269905069774637,-0.306113845337126,-0.264414363589764,-0.370604637362985,-0.26701115919381,-0.130958556477822,0.0200166800759718,0.702567335180516,-0.11643465870184,0.726737652753712,0.20005642885771,-0.00928287366543737,0.202037613465326,-0.232031719615396,0.333580488021311,0.222526556256153,0.100964416024677,0.216246591910966,0.0286375545023305,0.186024598996242,0.173972222293084,-0.10758029579354,-0.133504429690578,0.218709443917497,0.057412088761697,0.129304715847039,0.0999957849298899,-0.186859335769935,-0.0380597678893306,0.185454029305711,0.166371788905645,0.0821275809881396,-0.172828561039818,0.00147527112745717,0.0202975391466986,-0.183337992923094,-0.00554519796231902,-0.162863505610319,-0.0566809342509382,-0.353845326870876,0.069567283553754,-0.0333990042397955,0.104747224600395,0.0181529261537539,-0.152846366277737,0.166486795651601,0.0588002559139392,0.224019657119323,0.184936854639306,0.0294154754832662,-0.237306465416929,0.143157143387216,-0.0694298665212225,-0.0534346964308386,0.100147763532998,0.192927404865318,0.0258502845049663,-0.109312425029221,-0.0799264039440958,0.0550469300351051,-0.10075098561938,-0.114132474722858,-0.168743247014351,-0.03834004640753,0.0900466652171235,-0.147268546512273,-0.0422246169952298,-0.0497824362338782,-0.332734829781209,-0.109457367548482,0.00336645002849716,0.021493880390985,0.0444694594836566,0.0178579596595158,-0.0319582098644454,0.28957254378703,0.123502746459472,-0.115318259240547,-0.121521082945094,-0.0691818448576275,-0.512016894274419,-0.40534696249144,-0.207544067041542,0.00397842625989134,-0.0499860189139554
0.252148550435177,-0.0463365752783634,0.520433947167274,-0.16123796443937,0.0529744374349455,-0.053884962580151,1,-0.100713253445842,-0.08508498745506,0.133839210353114,-0.171918383144144,-0.273118686455013,-0.0622063069686825,0.0896678601124753,0.168575473703661,0.1360748082833,0.311833190188561,0.345650149219445,0.107491760753243,0.17678127925174,0.268025200886195,0.153567785157545,0.288523825685946,0.45436148991662,0.155387458040447,0.69228479929145,0.333743633235968,0.277088196503806,0.751630559844453,0.491689206039647,0.254950541109308,0.188555104879609,0.264245651928263,-0.032222415404256,0.236236154686716,0.48470400740689,0.218639982735559,0.696268165351059,0.504421594196659,0.312376470623972,0.183856571024286,0.425468239110334,0.51172672582534,0.0103539207146189,0.330513464975705,0.358659542656041,0.152640792878785,0.2123886398718,0.0145998661471287,-0.136671630654367,0.497537189369578,0.259948366803338,-0.0393611386026229,-0.0822547831238394,0.353998326883594,0.166275558564419,0.0601298512259366,-0.0753664172418884,-0.0306481040437337,0.274092335007171,-0.321146433189025,-0.358119192614033,-0.544020152073853,-0.262485970214529,0.185843020849512,-0.424472430839942,-0.330098674815931,-0.349717969586265,-0.179710267620995,-0.0511553839329486,-0.146052798053205,-0.297974969164619,-0.291367955896706,-0.300954044595606,-0.491964181670142,-0.153496945173906,-0.0821628017140471,-0.0300178976635973,-0.28840562072585,-0.208826497835131,-0.335182924420115,0.30461167094749,0.186668718462696,0.25558776249893,0.0403750007806463,-0.208757198852984,0.136796629999256,0.0867018461938265,-0.0886118330046589,-0.255323459530571,0.0127312210961897,0.164999568027445,-0.255940535371003,0.531098559802598,0.148402721653191,0.113614915219797,0.110988399864936,0.167605970176714,0.211079567581931,0.153075749250286,0.146259823489863,0.117508618791514,0.0082068850915539,0.191464869009356,0.323864526808025,0.0226804010047345,0.265620458409338,0.0594767126865074,0.393928362806698,0.182434297932392,0.177340929218434,0.60347918873131,-0.139078702362448,0.390476655700882,0.381928004322319,0.410112194755379,0.182116362549767,0.158013022208229,0.0263282603848626,0.13821486661531,0.327292030795028,-0.193255140978166,-0.0621974872345619,0.318539096857206,0.409625624312347,0.131485120660958,0.222050998014321,0.0910800615133679,0.273313441417018,0.284337217756548,0.263981108995018,0.0322897265763933,0.320193354573895,0.133629167003511,-0.294018953126864,-0.412295648298603,-0.344706067087452,-0.410703266927257,0.274929939950107,-0.056674556300338,-0.16278772573815,-0.454329896865156,-0.340476164611646,-0.179826171671042,-0.181668911311522,0.406376499782147,-0.157560263334998,-0.546267225576451,0.0938460437567196,-0.43181525240817,-0.47255391232193,-0.349303712894297,-0.354649805916026,-0.203842788504343,-0.423042580894459,-0.207643587642849,-0.277381699375637,-0.257927470815435,0.0183360483367626,-0.422672015702351,-0.199184584778993,-0.335001103761848,-0.0657118676892668,-0.354045713333872,-0.313244920834717
-0.0937388533513343,0.405823144825854,0.145454368362449,0.0911583959955661,-0.364942323893498,0.337379756045567,-0.100713253445842,1,-0.115971720234194,0.694025317367995,0.0107381623611373,0.673982863617517,0.619938155511233,0.0810388028236091,0.184952986365595,0.173220812574518,0.229291477468999,0.0131505833529067,0.256521794285527,0.40289425652216,0.213607353955208,0.0958505448968703,0.186121087705907,-0.088217119244606,0.51820845243031,-0.309185689158719,-0.33173139899703,-0.315712379420008,-0.301036777889181,-0.179252572294983,-0.443144334188031,-0.468196078216635,0.183678125081807,-0.135545384835968,-0.410755539194059,-0.360887175607353,0.153973815012485,-0.193084587628978,-0.0565786878180972,0.0646640684361593,0.0267923094100424,-0.0193892360937335,0.088679607271657,0.311169498774692,0.133207705190247,-0.125198812063264,0.414562703124179,-0.228554303582071,0.0140839252468319,-0.191397442504071,-0.446346590071356,0.192884517693508,0.0978114352711223,-0.0886220264736822,-0.0911976871466881,-0.241580624732911,0.082062618400487,-0.58172927411268,-0.52242269171238,-0.461560738671484,0.112222099653771,-0.065665221097588,-0.0744885311606166,0.0746761404674939,0.0268928261959775,-0.0606117815691067,0.133986758201878,0.0379255369275749,0.250959554900453,0.350465471118501,0.256385853464127,0.0171942448887863,0.253126919228869,0.0782683833538343,0.046039963062548,0.111252325757703,-0.0251112147738178,-0.444845968081897,-0.110076098939771,-0.0952377170896435,-0.347508034847022,-0.336891914739825,-0.0273329878814413,-0.267566406984365,0.412230516637226,0.332133027596942,0.542170446678435,0.476029484667294,-0.219960484390526,0.30011890944358,-0.207100311559678,0.665244596471225,-0.123452668054622,-0.426750424433555,0.233005467333183,0.104172949148957,0.212306763741546,0.220776709686438,0.218889205439919,0.206838071175516,0.211335305178207,-0.0362824785771455,-0.0272923899025665,0.232294429082936,0.261676752278665,0.390670687871242,0.0199777782227441,0.128010434447205,-0.139802429538403,0.367730896151464,0.386367641230703,-0.0738907872624514,0.199179603086357,-0.0131878392764654,-0.414145106782569,-0.322218461645797,-0.481348433635472,-0.486121961024004,-0.10127866020709,-0.418163940421809,-0.108936644061505,-0.0629688746152602,0.214744628062593,0.0114230160350705,-0.25161613910358,-0.0440617563887733,0.00865850414091693,-0.0580463024383594,0.257703054118332,0.0422829141041085,-0.192900056345033,0.2791663875762,-0.02696318501741,-0.204232474358126,-0.337820358754102,0.0203568679187825,0.118845083876031,-0.0507057140423667,-0.261025939595042,-0.131198300348135,0.138009801716091,-0.23700310072279,-0.174445951133357,-0.618179000930465,-0.466869272229949,-0.216827887768484,0.132045946943446,0.00150317184634897,-0.0239741512149057,0.0285493366469862,0.16207855137793,0.0375791958239796,0.0475165862506025,-0.188099831647175,-0.173814761938839,0.228790402610217,0.187646088690683,-0.0104927945515237,0.0168139681538554,0.0797783881914097,-0.0410876194224143,-0.0163497682950389,-0.428318721416546,-0.13346330820231,-0.209829853435644
-0.222053497699831,-0.467745633251061,-0.269820884378871,0.0384135928830291,0.330702523981283,0.555170749571684,-0.08508498745506,-0.115971720234194,1,-0.370793683900276,0.666710858124734,0.039434447458025,-0.13446727264891,0.0134437728764317,0.183430881136647,0.232497560028676,0.205610085329358,0.0806262439446384,0.266805250023097,0.251669983623026,0.00423509918558234,0.133622418055344,-0.132719828401778,-0.0985176564952948,-0.00261680968090008,-0.192499852765679,-0.22130590320218,-0.139477036956492,-0.0517286486679588,-0.0943277489895613,-0.0182712350495808,-0.0175152828411758,-0.0849086586911659,0.0651633531001083,-0.0408585965123562,0.119665278100075,0.0770403465466358,0.042301501944634,-0.252020409528292,0.178955920377138,0.271552032130713,0.149307552867964,-0.0177322917100589,-0.523752143995818,0.1328019931556,-0.121999919351006,0.209388577158367,0.224038476594178,-0.416702954590202,-0.170434490668517,-0.0414282427134352,-0.232883497586295,-0.0374241619756072,-0.101925436575243,-0.261553556357811,0.0688584342461706,-0.301717277672663,0.244612605129797,0.321865074220194,0.0429535683382615,-0.020124058007395,-0.062560528416553,-0.162891286212194,0.0283542398672187,-0.0463538237159317,-0.227769034367867,-0.173862933776229,-0.0173900637911173,-0.0872225503993417,-0.0559997710429284,-0.0334368894594422,-0.0631969777204715,-0.209168818999319,-0.0760188657263395,-0.0130206544696119,-0.4452697703881,-0.298270198650356,0.281236252556854,0.134166247730009,-0.0615887272946428,0.0372376553774759,0.0191322605212076,-0.163776746296278,0.0284354320000407,-0.381439819148806,0.0657896324806412,-0.193767792789997,0.194771191437975,0.411203682717177,0.779042665297604,0.781458696739452,-0.216108195699232,0.472537422442193,-0.0400007361364561,0.377286509586913,0.349452377059695,0.241852679125625,0.258121515058548,0.189678890782151,0.346891274327417,0.280179680894626,0.0430761028173582,-0.0151282935374135,0.416893798755552,0.114765004065441,0.0543027125144449,0.186668483705227,0.0305592128580868,0.341158309546174,0.0827093258441483,-0.0269828720920025,-0.00715682007323522,-0.218906393960197,0.12366990360032,0.112519548423513,0.132573838344827,0.0474817478316246,-0.0173112393280593,0.110585085735589,-0.0742166251173144,0.0823047830122995,-0.0521495249710601,-0.184363633009499,0.0847649242455736,-0.00644802532215654,0.247483485712814,0.137385446230441,0.428962106662144,0.171829539908914,0.258264617077336,-0.0193253380261511,0.0695486952859739,-0.199259114208778,-0.200474660701295,0.0270667217918942,0.365143607750228,-0.0170600071985076,-0.115841718621837,-0.1172257735526,0.0762920976942285,-0.303718136345158,-0.143321726171102,-0.286601623032038,0.261487401091115,0.23988693234457,0.00233309570787747,-0.00491088442044333,-0.195587488332185,-0.214688715163865,-0.32940365621131,-0.316121588588932,-0.055637275895826,-0.0384624945815638,0.145360430793075,-0.0744141340676173,0.100220108885355,-0.105499175312852,0.0257019285160817,-0.140923447420989,-0.11636396939609,-0.440466216639391,-0.332201521876946,0.214498023935191,0.115356834918576,0.017848199672239
0.37087948280058,0.612545227814387,0.580884779764998,-0.00798094896013247,-0.202684661695967,-0.0410878500337534,0.133839210353114,0.694025317367995,-0.370793683900276,1,-0.216742535794653,0.53016069927098,0.644929818636954,-0.154695232722576,-0.170357504504894,-0.0409369686535729,0.0403765949378162,-0.0206970330101308,0.102992663437045,0.156933557112495,0.39816722224415,0.247358041128353,0.601161312243858,0.28649154747312,0.575548521057836,0.0304254164857148,-0.183402768237582,-0.25540366500855,-0.152096803449023,0.301413978252642,-0.466936514762531,-0.097951098530941,0.505425748251668,-0.163230807059732,-0.412895625883296,-0.512632415613916,-0.145114255342892,-0.152831939161639,-0.0526309754218692,-0.177088158726444,-0.318513991379626,-0.0219178356129543,-0.0747852586089931,0.435774537731174,0.0206430661426431,0.261409097678229,0.243202751860579,-0.39737337123235,0.0947773755324727,-0.295722096504219,-0.418271939884261,0.140939972202032,-0.167476612317233,-0.177998625307886,-0.223559768305321,-0.438183262877705,0.0525139404546663,-0.552823811982962,-0.53985126911933,-0.439881610298523,0.268953617001821,0.167784180362972,0.0385608722140115,0.0438510926275906,0.0668562499225606,0.110166164582144,0.212735756324743,0.0784270413190403,0.257170402237179,0.272016728842633,0.100697423087513,0.089828471011015,0.469986580484825,0.0258848319354407,-0.170915836828829,0.174389299029706,-0.00829326525376034,-0.258019038541154,-0.00479296206115325,0.00767467791414544,-0.108788309674739,-0.0227974425120457,0.375635392401143,0.154974698622685,0.608298115819781,0.190437471808818,0.634377054957628,0.285883879380292,0.0204104369517967,-0.100958161140717,-0.268200558203185,0.821969765386129,-0.217504826073574,-0.322774928074944,-0.122026268838236,-0.190973400129692,0.0223185626663443,-0.0107194606090013,0.0632660662454995,-0.122692210285858,0.0700114252666721,-0.0610725275553828,0.14489742619464,0.0500236926336223,0.211449784196963,0.286461445667364,0.214217757021076,0.270542648455595,-0.137548502902332,0.40521912479364,0.419726729019977,-0.0631172404780059,0.339083868893947,-0.0700427490411241,-0.555810440800236,-0.131404352047201,-0.595681027832112,-0.500213055850869,-0.226665519478879,-0.343188048282512,-0.44630527614606,0.0499685687661941,0.102690205747169,-0.131083187985648,-0.309429410649185,-0.291581488097651,-0.193864046559322,-0.457939096589683,0.0241644912111128,-0.13651687174921,0.143821858818894,0.184978534857697,-0.043787788660246,-0.306521329327598,-0.527809718970782,-0.267493005179014,-0.172765757992739,-0.13205154228239,-0.482094915998086,-0.384797683454519,0.179810604209737,-0.342563661927723,-0.239236501821058,-0.536954746704619,-0.392912261126192,-0.185048910006571,0.073884806340735,-0.0133279718707401,0.354682067260435,0.153607675717372,0.153667100962791,0.236187512504796,0.0789002632353332,-0.184466254833484,-0.0509094705510016,0.120326966002404,0.093067302614871,-0.0340753990638494,0.10262568966624,0.266584119737843,0.111488223524172,0.132651242330654,-0.142613311246331,0.0111323247419768,0.0140670969066369
-0.03732933058999,-0.177997856439487,-0.269145091102251,0.264110529664745,0.108404013855926,0.276589165301706,-0.171918383144144,0.0107381623611373,0.666710858124734,-0.216742535794653,1,0.201943986119092,0.17389636659329,0.184161892587835,0.331225171827565,0.240532802727256,0.0606382496897065,0.0162174205072309,0.186095555429107,0.120950927886548,-0.0447756097038126,0.0369452354952647,-0.12924990750744,-0.11458619976297,-0.0926467936837243,-0.254068573213558,-0.0822971935253247,-0.176749632844768,-0.192815787116903,-0.276127316321177,-0.0388539577736833,0.0904563310374025,-0.0188416495026297,0.00739767350700044,-0.158554111761632,-0.0925596879422185,0.187394512677577,-0.0938843715267698,-0.122183838579963,0.261496043554612,0.285126013210323,0.00997638909730431,-0.161702112747273,-0.370449463637715,0.00441959822401942,-0.101978589868561,0.0240018472914138,0.252245042201555,-0.369298332191669,-0.193121051661054,-0.160432530557129,-0.349877239553692,-0.119075909567422,-0.146686518099719,-0.216456850496722,-0.00149799855941893,-0.227855491384728,0.244118910733359,0.250997136326983,-0.0272072137275045,-0.0885768966196763,-0.0805230930199555,-0.189069201148465,-0.0292214561521262,-0.240434613700897,-0.305980749618879,-0.417957767963213,0.128374676633581,-0.228058131944726,-0.0875228415167137,-0.184087150662392,0.00562455326860269,-0.32557078166858,-0.0202518686696079,-0.038449862916424,-0.420739526395053,-0.459593198174494,0.0222431605104619,-0.0440700144338469,-0.333912470485767,-0.0374080549051209,-0.0820327229359241,-0.200147602199183,0.0111697681651737,-0.214878938739228,0.247890107031851,-0.242481831135383,-0.0260564317044982,0.227895528626939,0.508816394373583,0.496649607609356,-0.140745348961666,0.46398659104356,-0.0726935616134135,0.321201060957781,0.351999110587503,0.232347005993199,0.164243123610054,0.120813847783686,0.249126153684149,0.191388600729362,0.00323873368789619,-0.0646476907574978,0.226663161019496,0.00952940213382636,-0.00778672305914256,0.0240775626256491,0.0115387080279704,0.263805152018162,-0.00865091245704732,-0.159409400370858,-0.131987085298966,-0.0282056125639191,-0.084051437625778,0.0566683760328604,-0.130140230840461,0.073126444504677,0.0294600666421551,0.216676993182326,0.0961175931779581,0.0965244950803305,0.094395138207176,-0.0121810336660006,0.0891065973017711,0.0583914828633631,0.407337504296899,0.216597107288053,0.4483500531326,0.0715473575663936,0.188787063654869,0.098675062909838,0.125334813176679,-0.0103003659857425,-0.0300313116583861,-0.024682810103358,0.46589406099045,0.120476625252572,0.0540781966287402,0.0357755038241498,0.319076102944278,-0.00408070626646602,0.0488242607924857,0.0994392892344065,0.255840535670902,0.198762869876699,-0.149462055350174,0.183047200061007,0.0573955462313723,-0.103631119664364,-0.0334729539458187,-0.208704735886733,-0.0356529536421669,-0.107927316996567,0.271470632646075,0.12699393290755,0.0640002623150736,0.12397701224954,0.109200162163406,-0.0408275574525816,-0.0844149551060134,-0.179027941732658,-0.199876815757772,0.0373219718462792,-0.00574942052787865,0.0734819109091624
-0.0938093651720786,0.572888898923168,0.104130017756113,0.416723040564185,-0.341862230564698,0.270545541108777,-0.273118686455013,0.673982863617517,0.039434447458025,0.53016069927098,0.201943986119092,1,0.730107357954479,-0.0258746021319616,0.0509627765051719,0.0434204637833942,-0.0312776562906513,-0.0851578717414837,0.0106285528487385,0.168051581873976,0.0980025361846369,0.146357403283778,0.217363596797364,0.019607539973288,0.462313752724502,-0.369745852884667,-0.428642378169391,-0.326780165833932,-0.50059463055189,0.0210330419154979,-0.36667271982407,-0.269120383958969,0.0568552445194087,0.0490065531635655,-0.491393406485727,-0.472132964861847,0.0937150732807804,-0.451770924287445,-0.236512978829144,-0.180195555214545,0.0654515012100924,-0.210289445170952,-0.12682351867509,0.271068899065504,0.0853387224146811,-0.158018452448155,0.271213306780293,-0.207597650908783,0.0780120668267469,-0.250173472986061,-0.403016452131293,-0.10313564441678,0.040470830586505,-0.0964268579110112,-0.315268384440365,-0.261668523569026,0.117956655900278,-0.34594330751802,-0.402557099570302,-0.536288154297403,0.174544464010258,0.0475243044596037,0.100297183658081,0.355936646459104,0.0163649635880402,0.116796199408877,-0.0463298253983451,0.209381213565694,0.00911885065595161,0.419264748390307,0.307314136349163,0.0592208422100396,0.126574816442067,0.197484862404239,0.165539235135126,0.0546919545803961,-0.217196637611869,-0.46658750092493,-0.203924031598888,-0.22833089759366,-0.0828077112765923,-0.463444881100888,-0.0132092159403721,-0.276414798707767,0.412348578680574,0.540702996208819,0.559022748000925,0.366483312391199,-0.114700166059028,0.423547933837364,-0.193692213318334,0.437740580595995,0.254644289024265,-0.404589551937511,0.092210461558009,0.058025657099241,0.0842966263365356,0.0986561080938202,0.0864911557006295,-0.0277714128281182,-0.0402421889114562,-0.0114402398684944,0.23729801869842,0.0413903050577182,0.185288935953032,0.415332633204911,0.0902882534534401,0.32547379315223,-0.0862910925869867,0.293078396855434,0.32223974774229,-0.161792539572503,0.398061257149547,-0.286596888254061,-0.333540673137074,-0.177916026068015,-0.308661389057587,-0.273809372271804,0.143149061953998,-0.221587195464762,-0.255344725716078,0.241422106612289,0.415095547019084,-0.270295458167296,-0.302006759314709,-0.0754514552001823,-0.12011837694961,-0.0556952337993284,0.0672100969658798,-0.0169029890955871,-0.0542817635613675,0.405727935536342,-0.100747766461614,-0.0776876334206933,-0.262247119770709,0.165087008020383,0.237330093200471,0.091114613985496,-0.338316541742018,0.0115789223865869,0.314097124773303,-0.0224321226585689,0.133877547540159,-0.344244273203683,-0.34101798350628,-0.241155101237897,0.203335928378178,0.303197770407103,-0.105718359113465,0.342431921271446,0.189297278499787,0.233552512435971,0.00887255131751883,0.100375829252586,0.170614427808189,0.53022995098234,0.446320534063019,0.0593933641871148,-0.160469285706445,0.134420347239436,0.0536623580956626,-0.019980208019855,-0.369278063951042,-0.116926320537435,0.087923251805095
