1,0.66425243160554,0.59184435342047,0.717113519123687,0.499363657396186,0.114651796343216,0.331615328939045,0.310647308714491,0.381947727332369,0.725090679289378,0.592710295936532,0.680524081817932,0.811750539636479,-0.129226079538017,-0.169878482344249,-0.207356209486268,-0.085679174860934,-0.318640682087459,0.0425929628290918,0.172544491210667,-0.193874418476116,-0.0424889676810216,0.00615800661963972,0.143501650911175,-0.448026763134283,0.180645165976608,0.148395538517386,0.600925779956498,-0.0796618131036448,-0.124083501835815,-0.0434623621505962,0.217500397056038,0.183413029367805,0.695472612416461,0.0861161114298233,-0.0881017752530559,0.151847898833712,-0.0550596423892478,-0.0894385427165899,-0.023569930549406,0.137904294091687,-0.0445229652521465,0.114055195921108,0.0515556700414294,0.0894345913324432,-0.0931391335876663,-0.0371435391149732,-0.110407212336721,-0.364541362409595,-0.570814153760749,-0.130896881840466,-0.496611513950039,-0.408303253997665,-0.0960532688064247,-0.261843297263222,-0.327307292533918,-0.218205376481082,0.386061086776945,-0.370892050105244,-0.0227596127905796,-0.219965361153963,-0.304580143803421,-0.31429559992495,-0.0250087344692173,-0.246994642383412,-0.225983327404921,-0.458250189959624,-0.174465440384237,-0.174165655927398,-0.228248194482507,-0.138299297035874,-0.190027481994294,-0.328857393404247,0.0874603876372071,-0.548571866946472,-0.398789459910807,-0.401958950998371,-0.149624761544693,-0.387148992683269,-0.453965321150425,-0.295766059724256,0.157840856694133,0.458658131522296,0.674160984816614,0.775336817840151,0.703188954122728,0.353753234739539,0.105725355616721,0.345452200104879,0.310227371291875,0.51698813909235,0.75510120779443,0.730873016057922,0.683330116633977,-0.17479385789811,-0.103530299262651,-0.12063540790889,-0.29759063796296,-0.0389352060988169,-0.136845037081052,0.0634952639374796,-0.016630912609956,-0.194584700574563,0.404794621482757,-0.302698677789477,-0.0574637481484137,-0.00928008411911471,-0.153571664059347,-0.0740938490613744,-0.306638539987236,-0.416108320086354,0.381345670080958,0.465282636069051,-0.0815937884667859,-0.130153814960306,0.0291812120541288,0.0504562055903141,0.440382930785251,0.495539980230712,0.2823021211136,0.0776183604775999,-0.125119409108092,0.104012643651419,0.0148370546998078,0.169980871710606,-0.00224054044533771,-0.167527856402104,0.188213172169761,0.0161613450615268,0.170082157427818,0.361715763004458,-0.0135353171690723,-0.200613091736847,-0.355125861233703,-0.467017932267949,0.0536337672403651,-0.413024303779334,-0.202344411547339,-0.181331385831778,-0.252403928066509,0.0416619861067233,-0.279823803873682,-0.42938979116241,0.348785659312939,-0.371766709251243,-0.168234386904638,-0.169079247369503,-0.438231227154048,-0.299390380385443,-0.406850024946356,-0.571246611036572,-0.35978383377388,-0.402751930332944,-0.191695207571028,-0.377633838569523,-0.0410217542872995,-0.201208416301595,-0.250103784432384,-0.0843520572259417,-0.308673547787619,-0.395492689613143,-0.310533164693562,0.0761194727185335,-0.387732558636489,-0.276472497400354
0.66425243160554,1,0.373040661494781,0.550681525893991,0.253743146359294,0.574491681194883,0.256481304062487,0.763452129668273,0.508383139165118,0.728544234897943,0.32495525905861,0.663151646189345,0.757498074073196,-0.354432497896667,-0.333521532328431,-0.241047384766436,-0.374059788907772,-0.325953216520528,-0.285446321889459,-0.264552796549405,-0.473572179135736,-0.136405864286749,-0.183105360530946,-0.163472666883591,-0.422311318795868,0.00312855718492912,-0.118123719058002,0.436984794563399,-0.131486552368763,-0.0803271394164692,-0.130812537608902,0.202314051300971,-0.0598973623742565,0.337002765293472,-0.0886284407773526,-0.191455716504425,-0.201404432785817,-0.229897164918334,-0.23810703680333,-0.352191684108869,-0.192014829479817,-0.30459549936534,-0.213175315970422,-0.000265467371261634,-0.283191084877428,-0.464555149195392,-0.393606857047474,-0.0936633674112571,-0.13629878487237,-0.302137735126229,-0.114635548183654,-0.290514089307863,-0.163637830003548,-0.119070066388876,-0.318744945499823,-0.0696536125974566,-0.122996144760014,0.147149918354369,-0.478243523079448,-0.313932255268455,0.0206882837845687,-0.00767259663005417,-0.100768646763788,-0.0451427755288849,0.034421573408633,0.0136221363466922,-0.134293595580215,-0.222395446674825,-0.101170039717847,-0.0503164469674777,-0.141110218123131,0.0485763643552819,-0.0699316156210716,-0.155607274232481,-0.312897413405912,-0.0264203295627742,-0.1214033002068,-0.0258161876623163,-0.0609538523952637,-0.322816827420565,-0.0262807680304562,0.0125933364680169,0.367578433675138,0.32929387854182,0.891619244458868,0.680820349534597,0.2812287698058,0.622970741842417,0.176417932765166,0.575720591226302,0.44803590637764,0.684268343811148,0.643329207238015,0.495527462343878,-0.187440052862035,-0.227882298833314,-0.201038351677215,-0.344719546005884,-0.300817814296621,-0.316901256944918,-0.218406118674747,-0.296731557383147,-0.167908436940881,0.0805991323086448,-0.468452862800094,-0.147829420266516,-0.110147588107806,-0.280887717714364,-0.225856242024033,-0.275834032354505,-0.47363718418966,0.0155096542914309,0.0709868502570467,-0.22319653957609,-0.352694336523968,0.0258729678988249,-0.192482734611979,0.134610471657549,0.16099141569681,-0.0186294363264819,-0.238741954885525,-0.0360569821878427,0.134139858855482,-0.221730398675568,-0.168470411452652,-0.268806869884018,-0.383686861980179,-0.141915550767794,-0.29570220359195,-0.203537657678143,-0.0945867638386848,-0.284919163880811,-0.167243061645841,-0.381985930501825,-0.328020205341912,-0.144988373132724,-0.158764882847982,0.0404233572229104,-0.276539840617954,-0.23824570596217,-0.0256451580676275,-0.11896532247235,-0.0613455472314002,0.124573383763726,-0.475707283669133,-0.268303035293402,-0.279609058229811,-0.490193737756439,-0.152177075028132,-0.0122398921680485,-0.287282451074241,-0.127391790992075,-0.099743033662276,0.10684234996998,-0.124856797853841,-0.0727388050972203,-0.199283534426853,-0.194563880665546,-0.246252829004941,0.000908370001816577,-0.208950671958611,-0.0633882408064293,0.00175414535270956,-0.190655467110016,0.0100280803687395
0.59184435342047,0.373040661494781,1,0.480159487543829,0.309029596879027,-0.0812920491731455,0.187083399673034,0.263431262807424,0.0575001228419685,0.609653805339599,0.373012892713345,0.32963093482228,0.494682262198364,-0.174980146548563,-0.165033809120483,-0.31726179128971,-0.22350379453192,-0.236799217313833,-0.0696415125799608,-0.0302795846960243,-0.253423440861279,-0.330047960133647,0.0855904814264342,-0.147692572260462,-0.387349452173317,0.532006856686532,0.508534184896891,0.711951492716445,0.320924238050875,0.1392829419171,0.4083006122629,0.263248248087506,0.354364486805512,0.495370481597152,0.190111039851457,0.183873195586973,-0.0234131020927764,0.262615513839272,-0.0654705353144415,0.165586572581276,0.211841022021038,0.00672077833616664,0.310233418789621,0.11371710413445,0.00771455285855234,-0.0495857511810958,-0.102530243341547,-0.0904057581480074,-0.444121824302327,-0.462193590674743,0.26496891249352,-0.478200535989735,-0.36059739530294,-0.0931023435124392,-0.0530611842045064,-0.353339043040553,-0.310319455000352,0.354411610616417,-0.164400215659062,0.102317169549544,-0.287237740957075,-0.228242625197485,-0.332207639846054,-0.123381720635213,-0.211363069269727,-0.313811754194426,-0.44692673210245,-0.107038180969313,-0.128021521758462,-0.330816055844623,-0.115253978387057,-0.175074366581067,-0.335664242330355,0.0410312923769776,-0.561496297871483,-0.491440104207537,-0.426045598299914,-0.0890006244108297,-0.308870959450378,-0.461288653166672,-0.265863916999309,0.199507005626715,0.471543954765059,0.437936475956908,0.48496970673931,0.502111357124112,0.355839788413499,-0.099943582955646,0.204895758800174,0.0331824270663888,0.157228017460174,0.648351353996739,0.487610482510837,0.665991455113816,-0.333321748872421,-0.306533316686951,-0.187446634137233,-0.217719870308082,-0.277981443581276,-0.135031946198235,-0.0912802973399845,-0.167558961477294,0.188552180903917,0.0374945335570272,-0.281510220625504,0.0391179223695028,0.47754998354024,0.112649824876168,0.0421463782430048,-0.104246204164977,-0.330634464811449,0.753541780557063,0.35738541783754,0.246931275732298,0.132527419427501,0.421351530520329,0.341868056240531,0.520682282223063,0.510967331781417,0.236200534505121,0.345435776743226,-0.00753345187936333,0.099665653514791,0.181986340288171,0.150216858718253,0.155127508244454,-0.0527298590140047,0.174951423081026,0.0606990925597695,0.0886548682010302,0.119453967119471,-0.0329363393293595,0.0100715990583867,-0.341061491960018,-0.387698045785562,0.00686051003815746,-0.269066197351701,-0.181791829861543,-0.00899673045845377,-0.00813738495540992,-0.0278060080154315,-0.290670126173755,-0.370124973852551,0.362359449739485,-0.242296158695815,-0.0499654806668929,-0.303069259610732,-0.312281438077153,-0.15073700459347,-0.348516411064497,-0.640161705351104,-0.309640884607698,-0.373154748601866,0.0116691369695207,-0.236787038684823,-0.0880452965032582,-0.113575860607849,-0.326051575372428,-0.205155695176002,-0.225374295281469,-0.453994755018172,-0.355866233739635,0.167568958551342,-0.329749257411348,-0.182566683087843
0.717113519123687,0.550681525893991,0.480159487543829,1,0.649436808673688,0.289874321709696,0.205424550210079,0.250422987687161,0.691925920173963,0.445927439666866,0.790695470204261,0.821979113925796,0.73909064728425,-0.1770988057145,-0.19833054676829,-0.370224924793793,-0.16292685811212,-0.32252111700848,-0.0274967659820448,0.0652365620917453,-0.179453485995148,-0.0612374837681453,0.164647662411714,0.132484107028831,-0.399081077428563,-0.0183582716672033,0.225012628860372,0.52018491932603,0.0585940134280023,-0.0335256736068771,0.173756975467681,0.409785717858536,0.265519511817278,0.571457360145411,0.250710704063949,0.030353178855677,0.108356757829337,-0.00933760889978087,-0.262612622414468,-0.0534330671799705,0.116176662224707,-0.0648282673270011,0.0766264843082085,0.123248596965555,0.0207380342750415,0.016413178619492,-0.0269046068301424,-0.367117123082302,-0.587577820776902,-0.349552842644843,0.105076209401679,-0.492240757150808,-0.399517644803374,-0.0574634075432468,-0.0151126620878423,-0.578212816374378,-0.399126550425041,0.554982056004194,-0.126153136546938,0.0688670116594894,-0.460041547141587,-0.498408987694993,-0.530116834383666,-0.345934358156841,-0.397532050062154,-0.485608659063099,-0.478454116798144,-0.349071953656629,-0.0940474206219134,-0.445031015643925,-0.422752396303219,-0.361942698548659,-0.581492152986581,0.100363434673464,-0.686882140767585,-0.551009824952491,-0.262563420369569,0.0854962998224127,-0.265557606405596,-0.365676529149831,-0.286063830125063,0.210461176570941,0.18280128541004,0.404438347901366,0.544682483386946,0.753627452119041,0.177322038033455,0.250655158449231,0.519038264975818,0.519699124764655,0.698071616762312,0.515862813699446,0.899441925443458,0.540915719751933,-0.220274831319276,-0.0949158196264356,-0.273996986797452,-0.297022139500853,-0.112900199799221,-0.200912431836241,-0.0500510956652178,-0.120816566423848,-0.00337689355430417,0.309277171420931,-0.313328958533647,0.0196566850528594,0.256541482068286,0.0899779549530461,0.0383201326339241,-0.193838347703577,-0.312036851005766,0.418840238073435,0.340321545760761,0.0543931847052041,0.113911755593699,0.255145279567441,0.216474082889562,0.455033510143127,0.43351415150093,0.391096651702763,0.192378950098826,-0.207735971543254,-0.0276397673928282,0.0530804444032613,-0.019446418851103,-0.101665505953954,-0.223556081654671,0.212646191551251,-0.0513816581852485,0.102341863121537,0.335357742336527,-0.0134431781635202,-0.205103590807425,-0.232902863606586,-0.286845161885964,0.177411855934856,-0.356000563659198,0.0101502991819061,0.0981234487629215,-0.278907979843075,0.15345978480425,-0.131024604756748,-0.506751986936828,0.554786529025898,-0.196877051793741,0.00504743492849118,-0.0882189279121265,-0.433007901282303,-0.149037068912572,-0.515944433779451,-0.519016958408499,-0.523103733622469,-0.46519736934264,-0.29106687051758,-0.514412176144703,-0.283658424799517,-0.463372509631865,-0.210111591668664,0.0248180791600028,-0.502398568466466,-0.183592054057944,-0.207953748404373,0.252583412002455,-0.217336516591892,-0.173726337835391
0.499363657396186,0.253743146359294,0.309029596879027,0.649436808673688,1,0.0207738314694356,0.382022962325805,0.0248559484218649,0.424484283122083,0.229530543928952,0.667581304098795,0.391663068550643,0.386770513851109,-0.210965499569334,-0.346624262596849,-0.288009805095899,-0.463299558724159,-0.458947983071619,-0.0573531579089038,-0.0541835859317739,-0.266668696956446,-0.0577919579490415,-0.207663715481719,-0.186521091752833,-0.263229518748533,-0.0104806218600767,-0.0817525269270192,0.296384096421118,-0.290342540573965,-0.428604708871771,-0.13769669700573,0.259661561611279,-0.268235033085264,0.228516116429568,-0.0912267154356584,0.130252770102828,-0.279650423125954,-0.339116906126076,-0.492342590847679,-0.297150187334413,-0.0833276341817942,-0.423876531684132,-0.217870357288387,0.0295615451843883,-0.321837141778804,-0.0727941703192838,-0.301962594679431,-0.355652768094095,-0.299357985200131,-0.0269512262875633,-0.114067807179716,-0.257549276071019,-0.402840140257243,-0.0253850518046681,-0.075571290904647,-0.268469038132381,0.114144320750519,0.439456309882428,0.000629647114594576,-0.0919708315422046,-0.267544841131828,-0.168889182811023,-0.155002973969664,0.0332996174766449,-0.0376633743880339,-0.265295712298359,0.0346212708174969,-0.142792690619173,0.371387889253518,-0.407309931646087,-0.332530823085215,-0.0772878465322902,-0.339707864622123,0.0638636010633731,-0.393225062246676,-0.198973422043298,-0.000101690930403878,0.552657170627579,0.15631483356755,0.113432695670619,0.0856984474411944,0.604351198137751,0.361325351148962,0.516813786099792,0.258609584199093,0.466115443653055,0.30011084586977,-0.13868077299847,0.773560471988773,0.179375080644431,0.485003534172548,0.247037055154321,0.623238253155811,0.421730289388371,-0.156034231060314,-0.122814634275348,-0.139899379508684,-0.140959104275022,-0.317755282506365,-0.289849431933309,-0.13613766932613,-0.318685261203058,-0.108111492414813,-0.0531533749455049,-0.464019278233826,-0.0199117918845941,-0.0115816781153488,-0.170161681945862,-0.345611133961075,-0.0752592462233735,-0.204546844735609,0.301230899352307,0.250339470996208,-0.214866473914663,-0.00697389788686488,0.00516184957383307,0.086936618444424,0.155240311092696,-0.0754929620887893,0.156237737437755,-0.11029499148438,-0.222629280206541,-0.18788161843843,-0.424306027234733,-0.354896988049808,-0.188679679956497,-0.394530727465136,-0.0521309152406594,-0.396970969781734,-0.299619067671465,0.207733745488612,-0.415451777469773,-0.476408582346299,-0.0967310086006076,-0.0399763191545268,0.394593082612345,-0.154826067994509,0.2148771232615,-0.0786443292994205,0.0522690417433036,0.0474163837835949,0.186626594527684,-0.16916999355214,0.459903973460181,-0.11575069125509,-0.057855181770924,0.0883964841418382,-0.33196076371485,0.232527986079726,-0.160330745849068,-0.181077649936927,-0.129063824905531,-0.152599583425496,-0.0224717872786453,-0.202429114941738,-0.185229679425516,-0.486647662696703,0.154967818715156,0.0607327231262726,-0.26223457737987,0.130092241582449,0.126993289653824,0.581915246162906,0.22066320369935,0.105955763011369
0.114651796343216,0.574491681194883,-0.0812920491731455,0.289874321709696,0.0207738314694356,1,-0.171806012838075,0.692581930324523,0.703337166152585,0.217057806950578,0.0462215666997756,0.556301036838143,0.469933157120062,-0.310046821184185,-0.181089887434814,0.0157591006621105,-0.209971683093237,-0.0718977811023942,-0.00387502817028059,-0.179896182152213,-0.308880220020349,0.0294170655006042,-0.102777794437112,-0.0488187123832735,-0.202415537527154,-0.126379050869382,-0.0896763205291019,0.159975197651578,-0.000533007107883758,0.0551654106108747,0.0375650047766489,0.0944507328326028,-0.113612963215962,0.00847495469879084,-0.0145882575640059,0.0718889953921946,-0.281566614976435,-0.20322109344696,-0.196001201564221,-0.365732666612756,-0.310493410247177,-0.19141901714643,-0.174447401857871,-0.273571179292242,-0.312843987301298,-0.456155585324913,-0.31212520719577,-0.168545586401328,-0.0951514514883469,0.208202183338141,0.124561208870501,-0.319566656691626,0.027098474118587,-0.336342084283453,-0.104414492639404,-0.0300838643957654,-0.0877482026774177,0.0107558941361265,-0.0690800711623172,-0.117467546931557,0.00509917336525981,-0.0501975243113258,-0.187194764084665,-0.159440039727041,-0.0739887348857607,-0.106288487252315,-0.0286685097375534,-0.497137213945414,-0.245882002723447,-0.0285211103472593,-0.119503681463315,-0.252176426546286,-0.194847891418355,-0.455525439431652,-0.218105986176313,0.0743681620879371,0.160120169046362,0.107502562908893,0.00489349348012965,-0.175068255572804,-0.0890852444467773,0.103141094696123,0.075541322884273,0.0915091691535107,0.356704111486796,0.264521320550353,-0.250283677603571,0.924139077385994,0.0550460073944212,0.821144557983456,0.444164836674285,0.200779060404215,0.346884253616789,0.165190152303048,-0.0592214767816641,-0.201202526897021,-0.0501790898268114,-0.241318754231772,-0.129406151456969,-0.0867957477402295,0.0359673976814533,-0.441371913904192,-0.038893395652018,-0.079494713297556,-0.19428184315259,-0.167678010633468,-0.0363029414073997,-0.159253606244823,-0.0724848953332835,-0.191868047639933,-0.249755597607461,-0.0966212103138509,-0.311652636275954,-0.178179858505569,-0.0433785981566532,0.141111607273502,0.0496766752665037,0.0485979526024154,-0.0525341049496858,-0.00775159619026347,-0.0549390922031666,-0.173967505200815,-0.190738488093116,-0.259248684959191,-0.299603442737956,-0.197327993123233,-0.259683049455062,-0.257448924741849,-0.343416309652731,-0.243289243142626,-0.203687277997767,-0.360642103775222,-0.0184305549033054,0.110009349818152,0.21162572834116,-0.134876273942029,0.265138419000876,-0.0620230882107956,0.0720272183937494,0.100278678308863,-0.210565446457845,0.0512816706793813,0.192743063604571,0.00762908708487466,-0.155067564261989,0.0346034918690428,-0.298069453124236,-0.347377928083285,0.0868869863359376,0.0594814758242772,0.0854293373846189,-0.0691938849813477,0.149628996331436,-0.0234503312272705,0.0170148532811621,-0.380676887520724,-0.182266770110554,-0.308532735386133,-0.355904885311723,-0.138746433621386,0.232831985711048,0.169541818834174,0.178952524761665,-0.0402707724787267,-0.0206754326875382
0.331615328939045,0.256481304062487,0.187083399673034,0.205424550210079,0.382022962325805,-0.171806012838075,1,0.181305196848742,-0.122623859020752,0.495046178330648,0.145133261262043,0.155475345960904,0.293490355316667,-0.122314235794828,-0.349927616082412,-0.0580769338242311,-0.440642504103522,-0.404575620501126,-0.229817982889358,-0.167259837597847,-0.294580490346938,-0.0768273813809781,-0.246162514312328,-0.367934692771748,-0.139138432106494,0.0551806672929047,-0.413677097634957,0.237356208751069,-0.579295285825897,-0.623334697430245,-0.594596568031113,-0.042191974342088,-0.467191245044795,0.0595371262881208,-0.568295369372312,-0.404239817431654,-0.117417716408467,-0.552993153686066,-0.40701612931674,-0.435452476673364,-0.325050225573612,-0.52160250749169,-0.483969733329096,-0.0777835220340203,-0.420508248065339,-0.346152819030385,-0.376850258071592,0.321489949086733,0.0367530297770905,-0.237114481351116,-0.66393733806624,0.125442776738798,-0.335226516427872,-0.0322588519451812,-0.467547186726724,0.333595539531025,0.317198708597946,0.0510752199555409,-0.540239550463557,-0.511154281604815,0.374261651443312,0.484483436912328,0.479308583419451,0.472567062784277,0.627688112785839,0.473491296869869,0.294837111350857,0.234787222150449,0.378820406225696,0.109019625716595,0.0848887425153589,0.428391277001175,0.356665372514288,-0.0107847940122306,-0.0447654300127781,0.308471855266691,-0.094237045769312,0.282149067971453,0.47644051553513,0.24711072826532,0.483512918286616,0.138323632248083,0.428073392070533,0.163568059345398,0.328771057798446,0.277820091689551,0.706998991577447,-0.215833763437664,0.409291691111061,-0.18397842979746,0.00913350581830638,0.400536973668939,0.230660118315695,0.300911781704563,0.0025446342077809,0.185495514022283,-0.0777797832016764,-0.00818528948412925,-0.28193590215909,-0.363604551352246,-0.205347570942005,-0.0216792789231968,-0.247829872732164,0.0619607115136793,-0.452033569005073,0.264417659644646,-0.359492770155105,-0.261522112965198,-0.557327371417293,-0.00139223831080305,-0.133263941218297,-0.0866303106876629,0.605825204597563,-0.490671229314886,-0.602738910095632,-0.38491226592974,-0.447544362755331,-0.0847798868981201,-0.29755229462055,-0.397933540347139,-0.538503837370787,0.355272782766634,0.395476975184202,-0.501338629032335,-0.172666705666733,-0.210722316361267,-0.422780537334028,-0.376624862955848,-0.418285831176174,-0.380368303858167,-0.172015244477279,-0.27167118888351,-0.452705832953482,-0.566119730577143,-0.199689010047311,-0.0775683443481884,-0.178068397573754,-0.0660369301315514,-0.686947653076213,-0.022622993455277,-0.278699482227074,-0.151211107391088,0.123151102691879,-0.00377686721869822,-0.401114401356563,-0.489267713434152,-0.190182216056083,-0.307826262919423,0.213157961552935,0.261861728146929,-0.10489291863811,0.301698683406534,0.133959139954085,0.538126792595126,0.195163759789079,0.483249634518634,-0.0532965608164511,0.268500336282205,-0.0517011052579604,0.341645796172053,-0.178867890090317,-0.108009849238324,0.158461358709904,0.352431983901113,0.316140298004803
0.310647308714491,0.763452129668273,0.263431262807424,0.250422987687161,0.0248559484218649,0.692581930324523,0.181305196848742,1,0.389878886266142,0.675759665000772,0.0490528970649771,0.504724097399386,0.588468175777137,-0.366854175020457,-0.427700012527234,-0.139416941968221,-0.439721156891086,-0.340763540261842,-0.237643375954034,-0.389309765899829,-0.448808325134486,-0.12636516076222,-0.233724911623004,-0.249845173347863,-0.323668787717461,0.0996727012547172,-0.175892641174201,0.353254509847475,-0.166619168732215,-0.132053482766848,-0.162571757562669,-0.0101410733656519,-0.184779586891826,0.0255656392982327,-0.238703361930881,-0.22589273652381,-0.382488797018912,-0.302371339738392,-0.30593974839387,-0.420110471930925,-0.380655387341278,-0.367311297623253,-0.274016688352603,-0.183824931359731,-0.442908516643252,-0.65109598835922,-0.429039135632959,0.0482630383079168,-0.0406690111018197,-0.0813997719662311,-0.105107902483902,-0.151807782782725,-0.195424236890726,-0.266884000584139,-0.372053686574234,0.0754957564835805,-0.140742967539845,-0.0593179293319997,-0.349121501724633,-0.295683469520651,0.196561571357148,0.219506402088904,0.0229700423603219,0.0518701816001833,0.198155344956574,0.121896526722461,0.0631909780138985,-0.294912613319137,0.0240659108874059,-0.00298898613907153,-0.103805720685824,0.123748982349976,0.0668669416768101,-0.385435495930461,-0.250080584731142,0.153730991142691,0.0754108895759409,0.04180462638424,0.130614162373745,-0.140742143684603,0.0367887648985463,-0.0346477920702209,0.386108852258047,0.1090186237733,0.639240481941138,0.444054099305814,0.182986519962039,0.632368694215185,0.0448537983224938,0.548548410559243,0.257223631960047,0.541356345559528,0.41231452072084,0.389557187622672,-0.256123868365416,-0.228979978484219,-0.146561468877102,-0.304362896959953,-0.382412763615135,-0.334712743308707,-0.157359186957544,-0.344076625683766,-0.094100473503676,-0.109599634516871,-0.363241720241301,-0.0736236696561756,-0.160758171089351,-0.286796770725333,-0.187178655595364,-0.193284668789553,-0.352768254157042,-0.0263881750644654,-0.095652212655367,-0.342867795596568,-0.363872927494097,-0.0358191966148137,-0.154435515809718,0.0273937208858566,-0.0958444195871471,-0.215944296216771,-0.276704105969062,0.0046009924020767,0.0783510043226479,-0.377789770501286,-0.256423066054977,-0.156664493229824,-0.43936407529771,-0.414661710175981,-0.470163412788858,-0.371930701218131,-0.339480152470438,-0.400493795679519,-0.0714905969515299,-0.253668085449153,-0.0104917892464861,-0.371055183391405,0.148018421301795,-0.0675009060223481,-0.268996672809128,-0.0640387142254921,-0.248493644468997,-0.0904298775511897,0.223440415330285,-0.0655889133516716,-0.346909245883702,-0.145353002879134,-0.353589161895664,-0.482495888356716,0.121458566254036,0.247017147947797,0.0169201698205978,0.114190000913657,0.271911429915133,0.274748103089379,0.160219375640552,-0.113358281111115,-0.178214407487242,-0.0651589719546155,-0.309340406936072,0.15101441147947,0.00573808217699896,0.0809993359289612,0.0516238995390448,0.0443709562742539,0.0775600033567467
0.381947727332369,0.508383139165118,0.0575001228419685,0.691925920173963,0.424484283122083,0.703337166152585,-0.122623859020752,0.389878886266142,1,0.241183771544859,0.6051022754132,0.699704369844367,0.597187761569149,-0.299874222134789,-0.242689831039591,-0.229102698044472,-0.131777967941037,-0.213603977868132,-0.00103906387370937,0.0424230180094955,-0.245139467264004,-0.0163936906348202,-0.0158150607209897,0.128984219889043,-0.370150619753528,-0.153523548297505,0.0525781839486283,0.326962561568586,0.00961023215349376,-0.0266517859413472,0.115533915016655,0.318868197267944,0.0533756714865866,0.367666770842557,0.200077729157238,0.251305371911269,-0.143695541023427,-0.0925408810192881,-0.169854349448667,-0.188072325903492,-0.0506223236243695,-0.0977400005463661,0.0149940290433157,-0.145792291201783,-0.0583421787123505,-0.0905302184276768,-0.039438907131796,-0.365109290322901,-0.44765068029781,0.0528046624597982,0.148639243898897,-0.478479176419139,-0.178346003481969,-0.289763297683015,0.0406293483642808,-0.315646853810213,-0.203177908939616,0.383991566938184,0.106066802093622,0.162225178339438,-0.357659357874339,-0.371301384150524,-0.445871721199957,-0.39056310613346,-0.277635854461333,-0.390311798578944,-0.284797330621748,-0.505774392032489,-0.200673826956399,-0.287485706970356,-0.304889757545834,-0.468793785491726,-0.511982057998803,-0.220143807985318,-0.424319905792069,-0.297266503969321,-0.00239161556469448,0.212257986385317,-0.129231088471375,-0.277542340425801,-0.191649267465589,0.287459492552309,0.127732885538882,0.343260897411072,0.391292104473149,0.566176265464845,-0.287053485208726,0.615891987150141,0.408231602279337,0.902250076325752,0.871260658049072,0.290136385417512,0.694539646890427,0.408049771134003,-0.176863266511113,-0.261009746416733,-0.242185196122047,-0.414376167178109,-0.089383080205959,-0.156015692910572,-0.0075459501407262,-0.291049009847036,-0.135798276471327,0.191204354345329,-0.249479546042319,-0.262456208259532,0.0698747469995259,-0.0641954523386677,0.0243780865766171,-0.297824709714792,-0.326851319224625,0.167610291989292,-0.194723875858707,-0.0276262270649327,0.188912026304909,0.178207729417468,0.283267093813121,0.355943155437443,0.243531967694913,0.298439453848555,0.214492022781092,-0.342933876397428,-0.270052440914346,-0.083226772970257,-0.102479608119724,-0.182126448971667,-0.225161191050641,0.0887274546414551,-0.157399045625155,0.0549451021864782,0.268029490758696,-0.14283396887693,-0.10332275350322,0.0571229196743127,0.106083472330615,0.0995313574359686,-0.00433688146551571,0.0278993953725831,0.208168217246157,0.0147730506274217,0.0364782548593608,0.0351992564120509,-0.180939062624928,0.389537167713815,0.0383497488386516,0.154779732840962,-0.128105787799902,-0.281834965306024,0.00720437599337273,-0.327026446183299,-0.226640388800595,-0.382741555395973,-0.206669822314988,-0.327837575204445,-0.356969602980553,-0.493919896064845,-0.351947036957016,-0.308416890981345,-0.204332508478396,-0.45634032011382,0.138040662193111,0.026840442340339,0.435651167580403,-0.143346346359797,-0.0645044824227334
0.725090679289378,0.728544234897943,0.609653805339599,0.445927439666866,0.229530543928952,0.217057806950578,0.495046178330648,0.675759665000772,0.241183771544859,1,0.303987117291836,0.53648994765202,0.810380788329435,-0.318019336449504,-0.441753830400914,-0.176071925589845,-0.377137489549444,-0.481570846203318,-0.21840189280825,-0.17364016984876,-0.45607958170357,-0.215742113113573,-0.226744800792199,-0.184584005375626,-0.486103172165696,0.298365151971079,-0.0158546442233324,0.733299292075943,-0.278946791313272,-0.315018984818379,-0.204030010900767,0.0249803721887895,-0.0637269805542225,0.426328988056699,-0.181115646238496,-0.246623798539963,-0.117726821618239,-0.279627776065224,-0.218219668676478,-0.278742762581724,-0.117659083041198,-0.2997536206759,-0.0761977255534133,-0.0459492382071821,-0.192298173665216,-0.484664510082088,-0.234162199090185,0.116434780674294,-0.192760565065118,-0.448904184555134,-0.285722169935075,-0.296510695177138,-0.411154898348748,-0.177479539517769,-0.420263208084578,-0.0398466828127407,-0.153473487370453,0.138176549366079,-0.485968013140659,-0.224304151765891,0.120180322005938,0.0923564326701961,0.00709111751585808,0.104042258145952,0.122376689573272,0.0859832606541683,-0.179700794717978,-0.0845642803425406,0.000870183820839971,-0.0715222768162418,-0.0275103791040544,0.0766035361439114,-0.00175337899021052,-0.115932427602184,-0.400930844123491,-0.0893691718181429,-0.25747888660798,-0.125854583807442,-0.092870622207704,-0.301014383773569,-0.0680156778590083,-0.0629299755474794,0.601961459321838,0.431680224503263,0.814202422373263,0.649473549564569,0.493100594041062,0.174188540209156,0.165665423943659,0.331310200644099,0.332469916440828,0.889196128172381,0.572370813134815,0.770478500200613,-0.325856401061587,-0.195488347469607,-0.21919409522827,-0.330097681979588,-0.360149766963933,-0.401920446168121,-0.152093457753065,-0.133515986944473,-0.222024572651726,0.203894626234461,-0.437567700820547,0.0234363791872547,-0.178807217665423,-0.302922251959513,-0.215597394418695,-0.27220288029112,-0.46449469840567,0.283948457678669,0.383393320022149,-0.34308939341564,-0.333223731345111,-0.10184771136799,-0.0570069203659452,0.409885658596888,0.260109806685667,-0.0234164337561155,-0.116654902162351,0.0237624844958633,0.198344258584074,-0.249562860616444,0.121661742747943,-0.0800776832784513,-0.37156975589901,-0.131918637070051,-0.260755921035381,-0.0754892157673896,0.011637436097702,-0.159290552269196,-0.169193079783625,-0.45724646605324,-0.304987828763966,-0.254531796279959,-0.162782622246656,-0.226064711269246,-0.375044905269866,-0.112968702916938,-0.171353149419161,-0.291628505577595,-0.0962881313581946,0.150909544920219,-0.352157426033188,-0.343278245186229,-0.368151892386788,-0.486596122909385,-0.0529548965166804,-0.0470504078341571,-0.362503939361672,-0.0336960917467459,-0.0333564607378881,0.150720013423312,-0.0466015478679504,0.0631766521050374,-0.111516905091718,-0.122031431814831,-0.238566639835789,0.0408443972064196,-0.318133003026909,-0.230007891953424,0.0375579306429924,-0.154167182292524,-0.0698619658699769
0.592710295936532,0.32495525905861,0.373012892713345,0.790695470204261,0.667581304098795,0.0462215666997756,0.145133261262043,0.0490528970649771,0.6051022754132,0.303987117291836,1,0.590261585622574,0.496045999050526,-0.129353034148428,-0.241268163836708,-0.394249552381727,-0.0659504498001592,-0.366180271409886,0.0595043646384307,0.217580173090897,-0.0940101541985236,-0.105392972322621,0.0296134411089103,0.159797985489492,-0.344259978885332,-0.0236567986016483,0.159287795492378,0.396420605604105,-0.0454539950105406,-0.16624595759207,0.108819068413469,0.480079158665234,0.183150821388328,0.578728884132482,0.301779684517887,0.189849208465646,-0.00413683105632624,0.055861095808112,-0.157016149500555,0.114962202617876,0.259354612275762,0.0332512206922078,0.2109687510121,0.242345420193696,0.20320682809805,0.236446768215924,0.181672740255258,-0.341392439877608,-0.596758842196113,-0.299960465959249,0.0532252482214156,-0.455864292364839,-0.504630809846974,0.081749887688208,0.122653685828904,-0.466457605628353,-0.22916380833794,0.713248932626326,0.166059016282535,0.179117810248262,-0.538210882070953,-0.479136396675827,-0.437228944758405,-0.262599669719494,-0.326852617500412,-0.507331224621573,-0.444668247991445,-0.173083374589387,0.0726786422851688,-0.538540202492699,-0.364764432401059,-0.347213203052619,-0.558541411969812,0.243405613301358,-0.559302909956953,-0.57773997671005,-0.237539245625896,0.175552492218815,-0.244452642610966,-0.276362892380286,-0.220825191001094,0.288197265131219,0.173405591165451,0.382196891792785,0.33853810498114,0.608253251795761,0.0570960857643093,-0.0026196837896101,0.551761773108907,0.361219155960082,0.731180039234316,0.303970959037909,0.774747164601849,0.450551485189389,-0.215402350251373,-0.169624700317243,-0.317736048753997,-0.290479052533832,-0.0687703316487989,-0.173516222276046,0.0155185598978082,-0.0750615559204198,-0.15627671012964,0.284110652674757,-0.231258005460672,-0.131898045140541,0.0829481542759413,-0.00205814664241802,0.071555733953524,-0.218105391352428,-0.260300673951099,0.356626363625378,0.182167980332214,0.0126816022344201,0.185136566371736,0.0164300285505246,0.204718225236045,0.342673086424771,0.368676995700024,0.410834264232061,0.227471652406025,-0.148762095522427,-0.0573023537796873,0.0179028307040184,0.111910469612429,-0.0223677765314544,-0.151445650053957,0.313318145211243,0.0484791073761839,0.264734395626973,0.448627547621022,0.146569870015524,-0.200080274518849,-0.179529944243385,-0.27072896970794,0.19850301586072,-0.436130407693004,0.12802311048709,0.141709669760151,-0.241808715002213,0.295128618774191,-0.0092754902475207,-0.526939544786646,0.644991324355189,0.117263522059763,0.211177355304451,0.080144225264557,-0.168851299804291,-0.222651787062076,-0.538300406160201,-0.538189225101677,-0.500003907494979,-0.493937029097297,-0.268487866561697,-0.531761266444564,-0.177870040998708,-0.438316051841824,-0.082652447978595,0.151766461391684,-0.484421734918241,-0.133009540330139,-0.168362721388121,0.330210004709359,-0.184668441865354,-0.104797512236846
0.680524081817932,0.663151646189345,0.32963093482228,0.821979113925796,0.391663068550643,0.556301036838143,0.155475345960904,0.504724097399386,0.699704369844367,0.53648994765202,0.590261585622574,1,0.833763420305065,-0.215405456591519,-0.218724784787056,-0.282281572841455,-0.0856481033067405,-0.266035337582101,0.0373451169420848,0.0517933203681339,-0.237541863688018,-0.0137494524220247,0.085569287630459,0.160281108326954,-0.463447175956978,-0.0177851516417103,0.10168288437213,0.448667925729144,0.0362519801979754,-0.003258270091436,0.0883081405829868,0.291823240070055,0.169255722340331,0.481421557693788,0.17279322642109,-0.108450110324591,0.115058956822246,-0.0309310961188193,-0.162176617618146,-0.128536696971337,0.0328492678462083,-0.0290651357903146,0.0603036639640431,0.0259445578481084,-0.00341309835724463,-0.212324685335966,-0.092410293792014,-0.200491717990702,-0.443590691552217,-0.261218932810475,0.0246463297207077,-0.448707119740521,-0.305739786979353,-0.109192196342707,-0.107719621084866,-0.400243555895478,-0.332552038315793,0.487833309386261,-0.22237479096531,-0.0830953570502328,-0.297507174108274,-0.430897536523453,-0.417411713983534,-0.212142166237568,-0.335942761477122,-0.369659125314417,-0.430237279382413,-0.401289092378661,-0.269464058759081,-0.266502900279409,-0.288532957821751,-0.380438440114949,-0.479329157644233,-0.0656813559049369,-0.641906019731425,-0.385707500487859,-0.21866387751784,-0.142864479565805,-0.332253531214437,-0.37598961206293,-0.329839171038989,0.0266601014068695,0.149504633183157,0.255341958541521,0.599008734875317,0.739787191015897,0.156361986334324,0.498204201481712,0.249105335535662,0.679446792587438,0.648280234252969,0.505514359080934,0.867108135430849,0.445084300129546,-0.160693905901334,-0.0239235559572826,-0.208476910369493,-0.326419794037466,0.00186951475707638,-0.167472741402316,0.0755148780030835,-0.176607167313541,-0.10509365786417,0.339569034309044,-0.27514856840178,-0.0279405667828517,0.0633500964375552,-0.00016141486931797,0.0114176071474575,-0.345813511991091,-0.435078440366016,0.188645282210026,0.303893219813731,-0.0767618183171692,-0.0401177987066667,0.126791583014483,0.0219201092472432,0.315786227142054,0.349478561564796,0.25729371262038,0.0338353791577415,-0.0902433427856257,0.114341841045905,-0.0178765321654217,-0.00902555365732909,-0.0948429473673907,-0.268568836635407,0.097539162478166,-0.0993915386620507,0.0787295527081048,0.162252673046432,-0.0455228623593146,-0.0677448208833354,-0.185419560894285,-0.232768934977765,-0.0431300498922775,-0.234037003948986,-0.0563377458681584,0.0220517320288905,-0.311989650378605,0.0774148519704314,-0.130649410050943,-0.32363433261035,0.476168472052764,-0.239955114203355,-0.0930297779285724,-0.225356963118757,-0.498820160473858,-0.23678576615127,-0.358868846220176,-0.362248074540826,-0.444475433154903,-0.302404243001574,-0.203846935883251,-0.316932804913071,-0.189394714296673,-0.319009564643429,-0.313586857503252,-0.0803053324449174,-0.417394700562103,-0.188232927693542,-0.164507401879782,0.0280142869627867,-0.258992014401086,-0.241611840826793
