1,0.579797263522075,0.189176466663756,0.785489204572813,0.707130704443041,0.137657670950975,0.399306667054675,-0.0468666356013085,0.63298685911116,0.578134562247088,0.730778914646714,0.432708950793788,0.728740122149217,0.0515309264348747,-0.136959914983994,-0.129530403428428,0.0699614390554093,0.217981084596809,-0.350178860952097,0.16188145850175,-0.0300719606381151,-0.305229833855787,0.236971489217652,0.221158449669874,-0.342668614717136,-0.156388935636331,-0.083745618687728,0.452156600535585,-0.221379394743173,-0.23149516972844,0.0662203521066683,0.143310037328027,0.195979693770608,0.288831118752634,0.272208311120326,-0.284297008717713,-0.0401825218754021,-0.00294369757303957,-0.536570450673605,-0.156151183397474,-0.0655063435315768,0.0918952939792443,-0.134017995837978,-0.211892450858173,0.269418840806791,0.345952992900065,0.00952379267430191,0.069079688155271,-0.525843302838031,-0.226851798749037,-0.402248809130871,-0.233123749268538,-0.450625524885094,-0.249631359266417,-0.214587927011769,-0.105059663672332,-0.414160498635258,0.152049514035423,-0.00652635971129706,-0.221482837548699,-0.1415984187376,-0.0490324321707601,-0.366807306732278,-0.47691223501203,-0.248001356939339,-0.372439633164125,-0.164348504150883,-0.25947689276935,-0.0186538949402313,-0.149549619480208,-0.250571697190706,-0.0253541210005315,-0.319332395576426,-0.0891397263454576,-0.215770364009223,-0.263015276117928,0.00126344449224301,0.389276421379381,0.00605185285109551,-0.0696997481997538,-0.0413229261422252,0.193097913327749,0.26587785673686,0.649305949971648,0.657270107546769,0.771476352261361,0.185659627779407,0.175188176538471,0.686859296486092,0.563807477058216,0.792927174861593,0.243434578618325,0.718728419580543,0.506773804050553,-0.169723873682884,-0.170836920683781,-0.101457878598678,0.199689368411116,0.345825367658795,0.0949801767577216,-0.222205158451496,0.0671355085273487,-0.217875579624023,0.25015850669147,0.0920901403222269,-0.330054461797982,0.341026402553337,0.0170937756924514,0.325410659267873,-0.151688980789761,-0.331012845121731,-0.0920916931894292,0.177970181559424,-0.0140650795526081,-0.368084813629413,0.0698354154086149,-0.0141302929245828,0.547095867657053,0.33152392050476,-0.0627695272634419,-0.395652501479879,-0.302897852155658,-0.228505561838057,0.0903758018128112,-0.26745327017674,-0.147761379900729,-0.0908891517367975,-0.203428795544637,-0.0342388575416702,0.0868232447329293,0.432500819027547,-0.108101214223319,-0.468401393232185,-0.522720574148344,-0.167241862002386,-0.183309955717306,-0.419441914138308,-0.357375593819437,-0.330464507174202,-0.280022693169685,-0.414633428735943,-0.316527585657705,-0.445892156081266,0.338099696078675,-2.15263475378782e-07,-0.40509992749939,-0.356552360868158,-0.539472001147259,0.478018758722984,-0.285842103722555,-0.370495943951162,0.00643352297752651,-0.198129347224685,-0.0561914087176903,-0.319181914011351,-0.222009945490484,-0.394968413975061,-0.105878786040796,-0.0149613518788511,-0.339731584789731,-0.275320650312706,0.0261961703088066,0.380363620669868,0.0012350679786113,-0.0303498811235883
0.579797263522075,1,0.169805708807254,0.791714003952719,0.460425352921089,0.695622517925108,0.21713681089975,0.463431308459673,0.862807951775386,0.532114948183838,0.64224497311173,0.681144241841173,0.735888987907763,-0.287531373641688,0.0110744406508208,-0.162743684999582,0.0663720798157009,0.250603834454686,-0.317611598362607,0.214908694471005,-0.199832086337244,-0.242697776353355,-0.224232062579904,-0.191896505577655,-0.324617691656585,-0.267093761934487,-0.519312691505865,0.251088935880305,-0.341723906521045,-0.296512275138773,-0.141368110834939,-0.152848373598543,-0.192491698989253,-0.285648701385943,-0.379925761073338,-0.308042897537833,-0.034069784032049,-0.108377219656676,-0.355320566661438,-0.0695818838172807,-0.00957858933264366,0.197031363382664,-0.0423972350438647,-0.181869954222405,0.0535719895610114,-0.217640380043054,0.0338387570609001,-0.0646132557680348,-0.199784862938482,-0.160158840180486,-0.502872542302663,-0.0688529309405833,-0.286731011015347,-0.079822641708431,-0.140267618985904,-0.141046235186412,-0.0972770865416814,0.135770575196496,-0.16203927403704,-0.411906841477079,0.0414157257630301,0.0646017578968161,0.0600692750491912,-0.274118304840985,-0.222204324168715,-0.0984228904548017,-0.197358397120308,-0.0761677625055649,-0.0363887231735567,-0.173360629001858,-0.119876939605574,-0.0479629245206017,-0.14910719848262,0.0211390925585351,-0.154856461462081,-0.126539753164166,-0.274881610989909,0.176707751608763,0.0259013442197857,0.00991482457998667,0.0111172445767255,-0.167160955615561,0.0332703993399672,0.352127967457653,0.938709512842656,0.582796080106379,0.277909278148036,0.76488056434595,0.556278381570856,0.729909362957127,0.584497400197815,0.570355268736501,0.713138816094924,0.535589699451738,0.0357555776008655,-0.102107655934524,-0.118567208019656,0.0236432590349822,0.200140019345317,0.102577269335539,-0.187469120340873,-0.0414521729411372,-0.236289970681437,0.216232930860954,-0.142012455466561,-0.363032680944115,-0.0662884679504809,-0.135682343751163,-0.0891130733640592,-0.302344954562837,-0.329633333916393,-0.0631756263928221,-0.213850772199007,-0.10743440829175,-0.336530467355488,-0.281141120665177,0.0405517773241688,0.169348242422532,-0.000234848319023421,-0.50817033612673,-0.258708346097054,-0.571622076712741,-0.352292791503648,-0.115255280726946,-0.0454582426175059,0.0902800627489181,-0.0728465457629511,-0.0318692390918557,0.0920809978273263,-0.0539497708275915,-0.0645860854710516,-0.0456155768578467,-0.296670585088675,-0.176222409019086,-0.284314214701006,0.0375476842131673,-0.136020628222957,-0.0392943024043463,-0.202171215181448,-0.421700457827373,-0.042118846842582,0.0729906302300285,-0.22348725021709,0.293312835271161,0.0240129134186641,-0.0901702022702821,0.0451182325534086,-0.360529677312098,-0.110037529489764,-0.4418719199557,-0.50376288672812,-0.228227395351768,-0.409494432549094,-0.356992061888196,-0.26517086791503,-0.311987661034529,-0.361092806133567,-0.0530475648919673,-0.0561737761573982,-0.393383778195814,-0.366321678961464,-0.335275712046103,-0.0282802557674668,-0.11900788552243,-0.143056638866716
0.189176466663756,0.169805708807254,1,-0.00581078648348633,-0.0026924181579098,0.132816007269384,0.434952517968486,0.391222450068009,0.0267407322595848,0.598425405550563,0.00571449269450018,0.164602368479769,0.452286653626006,-0.158376795939162,0.219466909719734,0.0016930424791102,0.104909009973447,0.104941580573668,0.0138360880948871,0.1958915968361,0.0968123500527038,0.0989885001813663,-0.017956325115443,-0.105671795164567,0.0956563110575994,0.468846389482399,-0.152975258024462,0.684459865480897,0.0456953711469364,0.0260527169153789,0.477084866326836,-0.119976081661332,-0.0840994186489043,0.127979147880009,-0.0756826584166633,0.360095070837703,-0.250855244441742,-0.0362459982147705,-0.2661047032241,0.0530916429482424,-0.130310358915845,-0.0204077685517994,0.0614888900265698,-0.132074019895012,0.07309260066177,-0.166201655514111,0.187475455673571,0.297074474202783,-0.181174786419788,0.136133099224783,0.265379333564555,-0.243180163144582,-0.0915152119950789,-0.151086435041564,-0.120601017552401,-0.0613303654496551,-0.109308738838282,-0.0798806806251794,-0.223823481049324,-0.00256580806347657,-0.210468838228041,-0.415546964355981,-0.315044356565526,-0.314281204872674,-0.158641311034236,-0.2724868523144,-0.107823122296478,-0.272427360467574,-0.157054052411545,-0.324715594358764,-0.30701140141668,-0.177968392854399,-0.235334388177301,-0.125844646814629,-0.225036303914195,-0.169500458816738,-0.0524363810775408,-0.102698795137572,-0.0396714337279036,-0.268541345028755,-0.198700651754511,0.00550587475636854,0.121136287998681,0.239921248969076,0.159974724567167,0.0272440806289446,0.853275828736351,0.10423218775093,0.212360794240431,0.11656624384157,0.101626674889756,0.641424666430552,0.0323680540585377,0.705867361874706,0.095336741647586,0.119328646981379,0.164492661349008,-0.00436050615527561,-0.0523836912410928,-0.0188357950766257,0.0585981086832584,-0.238072461482312,0.156041946217129,0.0832527699154184,-0.225957325668994,0.127593444591713,-0.0494313471207564,0.162357347739454,-0.156962887809304,0.100179897576052,-0.0444720384102037,0.655206759594471,0.0304827243050514,0.0333323291503412,0.203593316701207,-0.067868678927407,0.607216401996809,0.302203752128068,0.523876952065987,0.0460539886604733,0.062817703979658,-0.265411372640067,-0.281217667193189,-0.133531063922104,0.104777487671571,-0.281739622270197,-0.234116600627836,-0.145945410641796,-0.162954593522648,0.051353777160786,-0.0561874188085714,0.0756363157851803,-0.0544737315146024,0.0890422569103557,-0.0624195983913812,0.00277847502066413,-0.146701732804904,-0.0636661459620076,-0.293233258071611,-0.278780735051661,-0.2670778351576,-0.00969093234037445,-0.250292035081036,-0.0295571233849352,-0.235484930689572,0.026860399738936,-0.0184908856860948,-0.297870114098261,0.17975079726789,-0.527680719345133,-0.399096376091071,-0.405302282619712,-0.208648923482724,-0.218261929111451,-0.26285474493781,-0.443758504392557,-0.455141669659418,0.087340120666391,-0.23046685201688,-0.203037004401516,-0.19103932142447,-0.259620616209616,-0.134636999046963,-0.147823989804736,-0.304380205559164
0.785489204572813,0.791714003952719,-0.00581078648348633,1,0.673782747211337,0.394837993723721,0.278060763268203,0.197870745753962,0.843046571948534,0.513328048756403,0.746659859046582,0.636661798505098,0.74204780105965,-0.0429512991943405,-0.0871520587890775,-0.127370290688796,0.128885842171825,0.28586297068363,-0.248872518692194,0.246419893851706,-0.037250513666695,-0.250092721174064,0.133076145441906,0.163260262020946,-0.370825793389147,-0.384164273386506,-0.208047269218678,0.182081838146723,-0.168127559559897,-0.198527102590533,-0.123773573662877,-0.0751018902467912,0.146108855264378,0.100511875700319,0.00429888841190526,-0.312425355838866,0.0481108023721979,0.097037958102345,-0.334908661526785,-0.0227959775848449,0.0602844236954618,0.24441902916915,0.0596025706779828,-0.16347516329288,0.241564043802235,0.0726426850208851,0.113739154727451,0.0549971143419608,-0.404934047058061,-0.332860655254044,-0.448390863261141,-0.172551002871151,-0.366381341958061,-0.218295620066229,-0.112153067325835,-0.0646551223432575,-0.190218087120708,0.101965441084108,-0.098639189490614,-0.304441236077196,-0.0349736582364402,-0.0235644857588015,-0.212300643782327,-0.326429196815767,-0.307273666950267,-0.329833569256596,-0.396864616247734,-0.107211445291268,-0.142383857466328,-0.0852902731395079,-0.129213433368293,-0.142926763359352,-0.366552027507607,0.0538069895928651,-0.13431088113515,-0.258408967055972,-0.239857958086622,0.183983080298198,-0.153154775593152,-0.174841473405098,-0.11098779534819,-0.116372747482337,0.0339430942851297,0.398194950858915,0.813424826882501,0.856915467421857,0.0460905769559128,0.450899553202737,0.717990355190025,0.762790196537978,0.842206174317516,0.299249485449707,0.865996826553593,0.353642238613797,-0.00990443260041129,-0.0736787632007141,-0.086863988159173,0.178676512076985,0.308166490245169,0.168914038949774,-0.184697622503879,0.193750434578165,-0.283012614454973,0.246140522989934,0.137258719473031,-0.424234649148357,0.247098455274495,-0.101204122951356,0.259573093890842,-0.16027485106396,-0.311621924436245,-0.266338691503755,-0.0202017928582768,-0.0031756564449853,-0.355739720895094,0.00465106316645702,-0.239482858321016,0.280675470968375,0.0981581021266189,-0.238697241195457,-0.323246077479737,-0.4454792019729,-0.167507330647335,0.128623587163363,-0.0982505718186995,0.0839775243456939,0.074066093659262,-0.0284230544088906,0.192203352286258,0.112883355320628,0.309493234607929,-0.0197168096605774,-0.269574446570717,-0.388631650004104,-0.37889770938297,-0.083439635610636,-0.306455143595295,-0.310164000763417,-0.254494273522013,-0.350305808043262,-0.17322369142367,-0.135614416868456,-0.384140629752526,0.312366709874427,-0.0366523555456819,-0.386646785901825,-0.123027435070536,-0.393582541240546,0.113941512343894,-0.404953410179887,-0.520247584814691,-0.072583609481212,-0.449586335492849,-0.196366896550059,-0.437748829558418,-0.289335140677602,-0.287367612079569,-0.141613876785376,0.0259406565211745,-0.503746381813928,-0.34604840674147,-0.210574475965817,0.126600639982562,-0.193232697661201,-0.140896486193124
0.707130704443041,0.460425352921089,-0.0026924181579098,0.673782747211337,1,0.257000714811449,-0.0357647577830949,0.0422784376712714,0.636870392135345,0.232041939396441,0.786500684143205,0.434835268102537,0.433160853745508,-0.0948897071150515,-0.322690710098512,-0.336529596921612,-0.107111337409822,0.0788410824667917,-0.453004933267651,0.0550311421657356,-0.247382024500462,-0.482809686653755,-0.037821430913025,-0.0257585867596023,-0.602264167167478,-0.226394526973741,-0.160388191606033,0.172437012016011,-0.370863053977123,-0.391300465197682,-0.0318722932269394,0.260698050636958,-0.0376770243765011,0.0892742454420061,0.235833419746638,-0.309803941122764,-0.281681671428127,-0.112095356655108,-0.438512106042106,-0.266329483290672,0.147718911278291,-0.0126476042993612,-0.21691129489868,-0.205081876881855,0.0647246450692902,0.42224210510997,-0.16789153379418,0.110444425663103,-0.382428746337485,-0.0130988235851247,-0.308012786173937,-0.0355979364644514,-0.406450616219842,-0.0297864262552914,-0.0112894998836206,0.00616277547142274,-0.416749841199494,0.394969590358019,0.16378587999469,-0.192580089887658,-0.291792413519376,0.0416671858256873,-0.385517993884572,-0.411885829274746,-0.504207882345713,-0.529065005870529,-0.113134043822753,-0.335800115030728,-0.0387542614526452,-0.175893565803802,-0.431976132425687,0.107094659190471,-0.399833361870658,-0.0591133401629571,-0.0876510491981024,-0.037834655012375,0.224399739295217,0.657551443361814,0.118576815227056,0.12846170748814,0.0487576798664153,0.291904163903557,0.0982998199309511,0.542837144672489,0.501157163443245,0.603085392233836,-0.0721477388528891,0.248079780724844,0.71694806789801,0.599480292450688,0.701016917867742,0.118524413963772,0.69865313867369,0.213162609645242,-0.288665041080731,-0.255232622410259,-0.401462741329484,-0.102045727680192,0.0992139623741399,-0.0405325845862659,-0.367453608369568,-0.00394479345761476,-0.368298588127489,0.116150024954143,-0.053286337062019,-0.331765038699751,0.00189306094303427,-0.325239142935996,0.042812511948092,-0.305960979479486,-0.630931363398239,-0.118898129050512,-0.167236306353383,-0.0681405256746326,-0.303145415848085,-0.162639735648726,-0.0776805359883058,0.296044179003435,0.0248866578170037,0.115616121693433,-0.219911696409122,-0.103277513673307,-0.150650454218161,-0.0966032928102758,-0.27895475979507,-0.15755259933203,-0.151864150536629,0.0210343817275171,-0.0846777800235178,-0.0863651285833384,0.407090142685293,-0.208762416099395,-0.367868141591185,-0.371811617305956,0.0642858331788676,-0.031607275301009,-0.391453013126807,-0.161373981751772,-0.208304511394242,-0.153018829557704,-0.154741853299202,-0.0899246495955316,-0.161851946275612,0.493465859413442,0.1175949709558,-0.205369198705031,-0.178495140148844,-0.370992130658918,0.0505335294747209,-0.00632134061598561,-0.135161379397621,-0.0845541182702846,-0.128610976467059,0.0197784028330843,-0.155157506713876,-0.206959095904654,-0.369929521113416,0.0770223170129165,0.0515907822439365,-0.223920658201843,0.064097147640372,0.288203052863983,0.545065617784268,0.158704132223508,0.16755235221701
0.137657670950975,0.695622517925108,0.132816007269384,0.394837993723721,0.257000714811449,1,-0.0548338788929637,0.63502611771297,0.649178991006422,0.204926919716762,0.389239383117782,0.803297641363279,0.40661466008194,-0.301910522748439,-0.00329009531511675,-0.261506411357856,-0.178251930932208,0.0190874788348503,-0.300639726619935,-0.0703037967369255,-0.378992779328066,-0.36269128273308,-0.421891170868882,-0.371699620016954,-0.315115047952123,-0.176536605289888,-0.419349301305536,-0.0063678340382932,-0.315941330284246,-0.267155229712193,-0.102866868634328,-0.0780817858398789,-0.339057284687888,-0.490145868663629,-0.410620792278445,-0.118671527766605,-0.106540529642521,-0.0705384610044465,-0.221083236926613,-0.0958128226983383,-0.0415236827018991,0.0389185783258386,-0.146527577816047,-0.186948935154249,-0.309407027406054,-0.377558870435846,-0.161795582378301,-0.000991176549576088,0.040349406045939,0.0136567114774713,-0.175433710051463,-0.0390270367030907,-0.112574810561358,0.0641904069618476,-0.0737457470740263,-0.0955831087154907,-0.00802081868479909,0.214210873618288,-0.0893706216156689,-0.340674930221233,0.14879324079219,0.184345299566143,0.069169469550523,-0.146241237128804,-0.315962176125114,0.036786969717561,-0.0808091273377298,-0.171942258583009,-0.122050498905688,-0.245524282581953,-0.249654639286845,-0.0828864985121722,-0.151987403345173,-0.0962010473389293,-0.119923540924243,0.0201019668633014,-0.247641539516485,0.153470744023485,0.1608996111331,0.0737541292673297,0.0939364424709851,-0.316602711472547,-0.196993043431532,0.101654502584897,0.693499811019918,0.302903089324798,0.277041291721667,0.959318291555158,0.169616226392293,0.705692706765006,0.196326895000467,0.589279881845781,0.392927057239676,0.347781294245946,0.0482905166276433,-0.108568266189559,-0.129793732209001,-0.223536071725414,-0.120749372048683,-0.0429324557651825,-0.378706434454768,-0.2308237687653,-0.244936366886804,-0.169403022922246,-0.328434058403472,-0.318352661192331,-0.389952869372886,-0.355909626279848,-0.399673838895158,-0.484531584108651,-0.366453731233818,0.213706476875318,-0.405026122601096,0.00424266129945697,-0.0130010329964863,-0.389957719870887,0.168293585397055,-0.140523231069666,-0.269023204655996,-0.354618369912917,0.0490264259113413,-0.428750344239697,-0.416726604673097,-0.209270339537023,-0.157745018462644,-0.0589949739663724,-0.110334041393587,0.0860674012643298,0.0235546712497234,-0.200187452417117,-0.31731178789863,-0.306611364356484,-0.0408604573205898,0.178072007241555,-0.116768168425915,0.13623959410839,-0.0844969383033065,0.102569831712288,-0.0782670374969031,-0.38016874993953,0.184164653086331,0.308647803884023,-0.0327608258204263,0.265563306615419,0.0320732595115709,0.150194242224596,0.124963099479842,-0.223716915412859,-0.331822896219362,-0.353239639605186,-0.365819742545413,-0.289673831313055,-0.311853661305027,-0.428832832843585,-0.189479977429596,-0.384125863454523,-0.372339636530295,0.00664356649605315,-0.106403119220385,-0.334651479366807,-0.233506630825877,-0.280163698943953,-0.0646000192852838,-0.021121753136129,-0.0860612599524303
0.399306667054675,0.21713681089975,0.434952517968486,0.278060763268203,-0.0357647577830949,-0.0548338788929637,1,0.0406480035113276,0.0352306738224976,0.770716003426009,-0.0573059560773836,0.171864059956707,0.603441414406718,0.376368236365689,0.204942500360254,0.210088942312147,0.220957798776379,0.103942905405239,0.275662149651739,0.267983657393917,0.302782204279904,0.274894057394346,0.441512447278078,0.231845120546513,0.324784234164275,0.125004683303038,0.133567026515454,0.500665223126552,0.271997920140695,0.273995353195233,0.179138163982329,-0.140004806807879,0.204601309295945,0.146833868120109,0.00970186743597667,-0.0144520779626817,0.138881599111025,0.145646979672789,-0.23164101349367,0.0416106444872653,-0.520689063806938,0.0482004177531813,0.145149258695376,0.00950391525034127,0.105641826173418,-0.110265852031287,0.234649988896328,-0.0650410862304491,-0.402862859274699,-0.410069844985477,-0.0752582588709773,-0.48372203512206,-0.367579024837007,-0.536050818127196,-0.463372650431183,-0.446614079562896,-0.319404425516453,-0.436458940534714,-0.426563053485238,-0.139074397967913,0.0899710065813978,-0.258818777800434,-0.339111710410945,-0.419357608833675,0.325085256099165,-0.0720096361852769,-0.241468857871129,-0.184928472294378,-0.155090972969233,-0.336256653897083,-0.151765376591526,-0.0719217377550526,-0.120682284472493,-0.0803991318285425,-0.515370902080462,-0.492488711827087,-0.133374896193424,-0.242556293956341,-0.110727932522387,-0.433532350142865,-0.200661711733108,0.00894275351079117,0.329441315055801,0.362449146013707,0.267268154824468,0.407343669319342,0.436947930689534,-0.0862854301432573,0.123633271490437,0.0821586916323428,0.293803678693009,0.120777973224435,0.148794672270163,0.540700575807483,0.146937981689019,0.123518007309846,0.279455264329646,0.304194512540321,0.206545305272052,0.151595847187204,0.209220519341273,-0.0327499661959968,0.281944150536228,0.240170126120148,0.178957227869337,0.12162850536974,0.444097324727693,0.471746396658787,0.233535122535362,0.286567820587295,0.323315636687465,0.28927602291896,0.659621452024564,0.187735136316538,0.174727064592139,0.415775179773622,0.0699726163361029,0.583362373521792,0.49679457750304,0.0443310967791173,-0.146390736672775,-0.309664078773483,-0.199532001471971,0.0464610680785953,0.161919677227137,-0.0925106600944644,-0.0564889561155019,-0.505951722081796,-0.0200370894291905,0.0514723751936196,0.136938354002543,0.195222256483682,-0.113364210143314,-0.112208804763044,-0.240975467003096,-0.155839063084632,-0.217407776880782,-0.391671582021647,-0.270222173534365,-0.332322534030405,-0.23919466433261,-0.261742845664432,-0.431868521007387,-0.219601274348375,-0.351079586467401,-0.38974495389795,-0.162432992518796,-0.26147548274628,0.685549891625498,-0.367184824676797,-0.340780083581234,0.0340551366077303,-0.126282093130267,-0.145067641612924,-0.253334655184652,-0.167086597007187,-0.257670570368982,-0.165112479936993,-0.0527775734946994,-0.0968982530544646,-0.203428159978369,-0.153724023279432,-0.127953507650067,-0.119135900006543,-0.217391729200712
-0.0468666356013085,0.463431308459673,0.391222450068009,0.197870745753962,0.0422784376712714,0.63502611771297,0.0406480035113276,1,0.375041660845809,0.331588663793075,0.0867775358655813,0.410973743257484,0.347650464842004,-0.407829556481623,0.0677887552305763,-0.169501984498442,-0.153193748605832,-0.15835147286887,-0.0530890220218729,0.134470855174813,-0.390903313123641,-0.23216420450939,-0.426959380419253,-0.392753663502613,-0.300915089817072,-0.0686676298678188,-0.415926492721256,0.1824657897475,-0.373841240428245,-0.281295706550667,0.0766746216276452,-0.0373296760526101,-0.279753591922598,-0.21256047764757,-0.310269013085343,-0.0961967153222195,-0.135078774874048,-0.332237686068304,0.00162967315257994,-0.109141346198677,0.11614403651812,-0.227603424211241,-0.177465924743833,-0.0518882709477443,-0.246417846118611,-0.341661381227551,0.0445996712745197,0.0188637258394996,0.146725622735916,0.156092212158051,-0.121613301632546,-0.0875249014307865,0.134883054624385,0.200901101629854,-0.0692122625578017,0.121545833871284,0.23468564771691,0.0159061636397644,-0.199344892306157,-0.37731736087044,0.0196188697574741,-0.076162876779698,0.145422360802616,-0.0452327773541707,-0.140443339653354,0.125745143490258,0.0471488766963089,-0.0793845818544686,-0.254861743437107,-0.0396396080993212,-0.0372415425951831,-0.354189380508884,-0.11414839022852,-0.132259226854794,0.126286023351647,0.20771049078924,-0.0808967635026428,0.0375039363962345,-0.0173837349945265,-0.0916183625831573,0.0322674770016219,-0.143502073395134,-0.0468768654431855,-0.0475550079704366,0.349625224629043,-0.0155294672968371,0.474816848141249,0.635375005782637,0.0282607151237289,0.317574310637376,0.0345383726600424,0.694268661176286,0.0846901175135403,0.392716319236981,0.187783652289073,0.0417052208197468,-0.0516169034016608,-0.0825493310117375,-0.127675788953936,-0.121631344869777,-0.163725482631067,-0.318532572245646,-0.313038116388154,-0.0466387534729921,-0.536357053476792,-0.331505030200613,-0.416003601518319,-0.291566010986983,-0.454341458401424,-0.400162328973268,-0.334787606664041,0.0906099904530073,-0.426647156670517,-0.369062041167596,-0.194888875337035,-0.438828966034788,0.287858246591808,-0.23428227690557,-0.111711324141191,-0.232443859552762,-0.0698539162274656,-0.314693967260272,-0.300031253220159,-0.353116856269068,-0.0323284544668877,-0.0911743446646122,-0.256111610432403,0.15858145256591,-0.21367780061541,-0.263258980366772,-0.364623030403586,-0.111038820176712,-0.0489818785851008,0.0933237488987151,-0.093925990589533,0.172711054439852,0.219961292106007,0.270965190841843,-0.231968298443616,-0.179735107974914,0.106205132357218,0.349476293467473,0.0412904508391504,0.00695570115927688,-0.187895260972989,0.0658954307041977,0.117234185452844,-0.0396525393489249,-0.381142811604931,-0.391557389962978,-0.29913275697773,-0.273589497224085,-0.402197620146954,-0.440866722065023,-0.175912347858557,-0.377098680360147,-0.216860518999248,-0.19491459137453,-0.385148283911525,-0.353221313691988,-0.178017384666693,-0.375666456040068,-0.186932357925834,-0.231933377445739,-0.181500183974162
0.63298685911116,0.862807951775386,0.0267407322595848,0.843046571948534,0.636870392135345,0.649178991006422,0.0352306738224976,0.375041660845809,1,0.371780713415491,0.815979648958449,0.737643121166087,0.588511022603688,-0.213753689219006,0.0383812499310887,-0.150711834231666,0.100537628863362,0.345772166277998,-0.276674833352532,0.261170498673112,-0.13998947398096,-0.267432970618902,-0.147684147201465,-0.0771259782678385,-0.405283638189248,-0.394594174136639,-0.43481529834357,0.113500316924452,-0.311277795139239,-0.370450144826236,-0.248553371405537,-0.141806772492313,-0.089952090680653,-0.202257538765821,-0.215714915345843,-0.294160550422966,0.0431984026901517,0.00522717988764156,-0.417421033423447,-0.0965793599078162,0.124574795736806,0.260724362163759,0.000519459299854997,-0.236975730610861,0.108184439157203,-0.0463872201916763,0.0157091027245646,0.10482299599093,-0.361445799493107,-0.274798522210074,-0.521158157998106,-0.088822544774396,-0.354701344242509,-0.167709143946305,-0.115478228810612,-0.132645973720341,-0.2771349743238,0.148770317650209,-0.128048131135988,-0.298633110032148,0.0388926413946218,0.130902816439338,-0.120139082205676,-0.317551564081078,-0.456593367443979,-0.250427230379777,-0.317824879096086,-0.0565150678986794,0.0797797897221103,-0.172509570181601,-0.196555013626024,0.0379088338239956,-0.208922883550817,0.140054831600191,-0.149215563135566,-0.236624651170182,-0.246887727547986,0.27242678405737,-0.0511187841514126,-0.0398522384992112,-0.102909898303607,-0.240305979548687,-0.0248844723046496,0.282809298417673,0.87225395160115,0.666145359569062,0.171436565327912,0.735596836061147,0.673708182287652,0.873336036937709,0.750275309315608,0.483131810511757,0.851641574016403,0.334977106000046,0.10907561168971,-0.116344530742611,-0.0609301660337389,0.0994656142578582,0.300486172711374,0.170902986694968,-0.202176627914343,0.160237980438929,-0.299979845667499,0.292417583809295,0.0225057511799687,-0.352103946072072,-0.0149486636642102,-0.200351513384373,0.0367913963344885,-0.336797551133099,-0.403166938150686,-0.16016929612025,-0.235801235444674,-0.0156099053550184,-0.381447561134448,-0.225893729406853,-0.163235390608355,0.0629225025979462,-0.0315155971189156,-0.415472644312524,-0.24846053348065,-0.521396672832993,-0.301480224537007,0.0505985120218759,-0.136676053388599,0.0792702138431605,0.0210582973037941,0.0812411705772399,0.199293026768829,0.0401767382632404,0.159304703243464,-0.114904211247922,-0.248823140000399,-0.33485190195374,-0.397379814209925,0.0580169924424858,-0.273648978722487,-0.161065849022548,-0.218676820649203,-0.431210934548109,-0.091228184966224,-0.109042715096861,-0.352058071275001,0.307327814686083,0.0579084818864485,-0.0845568101709401,0.0360034743283026,-0.412267224320978,-0.171523545049111,-0.392771522392795,-0.51322791549227,-0.124342063977721,-0.417340047385343,-0.316894614135055,-0.390415960674218,-0.406865899523565,-0.314942808589511,0.0876548504509819,0.111026353564858,-0.349684408154089,-0.311372198338491,-0.245369904197946,0.0960134978546518,-0.117764780756691,-0.179533016247299
0.578134562247088,0.532114948183838,0.598425405550563,0.513328048756403,0.232041939396441,0.204926919716762,0.770716003426009,0.331588663793075,0.371780713415491,1,0.304436729304184,0.435142646281125,0.838718601341667,0.0888699556056507,0.105563791134733,-0.00145229593661057,0.150862270861284,0.146656210237351,0.00012649697911086,0.291343364172089,0.0973006617855454,0.0419060920014676,0.215429501630114,0.0687656679437662,-0.048029632164444,-0.0563282328684718,-0.200329164604145,0.622332426657209,-0.0299660378167494,0.00748409739341806,0.181068941620515,-0.115875172719025,0.0956029579411705,0.0983176084448846,-0.0821100309867763,-0.169217392751805,-0.0416940084301898,-0.0213694148179407,-0.414631760846378,-0.0424964330022062,-0.267575549523185,0.0325847552497643,0.0347215356416317,-0.148213468809338,0.122475462976289,-0.0436742675055976,0.177591141062985,0.0600299722236685,-0.441226553959016,-0.277756912431608,-0.251074045950001,-0.494263520281469,-0.352384266256492,-0.339636333614772,-0.400532845682337,-0.302127317901457,-0.317987284478451,-0.129395785648518,-0.244686084307891,-0.184253967989708,0.0172541070473591,-0.298053093982913,-0.337767867168547,-0.527881137480812,0.00446316963212316,-0.219826924772563,-0.233373244576057,-0.203936738897102,-0.2594746876716,-0.249547602234976,-0.194592562576924,-0.0907176135907126,-0.237205837477642,-0.0521099931738118,-0.328078622120626,-0.377668223717292,-0.147360350641649,-0.0352636242889534,-0.062310022150062,-0.352297374561182,-0.135048044923191,-0.0339107166202364,0.256908043500759,0.439651225797565,0.528873826243344,0.523755860080795,0.627266276306307,0.190791316635599,0.396720746598814,0.388048737935613,0.529776099001562,0.533734490537467,0.456741167768645,0.747906775262954,0.0993608603743252,0.141471274812356,0.157287294660334,0.195087576140345,0.174749561606061,0.142547603058472,-0.0256682320158938,-0.0661275673477825,0.0544542678197035,0.255553371693363,-0.0167904295788485,-0.0105470518233689,0.283107481364004,0.264359896225122,0.122534703256785,0.114903230355049,-0.0731949531169031,0.237340280347096,0.265676030421402,-0.0226615333079034,-0.104945368214193,0.154136548964214,0.224706527308248,0.533261665159762,0.469207199718645,-0.124493235311211,-0.281106406583617,-0.493700343480075,-0.326499151944965,-0.0584019419203336,0.0052006026171369,-0.10074115413288,0.0107428922629053,-0.23405504826293,-0.0747510840832814,0.0340208712279592,0.184894410911679,0.0551466746986637,-0.319832884235327,-0.232691104878371,-0.220753783811324,0.011000449034927,-0.214203792244974,-0.202829574086207,-0.428257027533506,-0.364099877045709,-0.267423133954444,-0.182169336823747,-0.395269648908182,0.0940387672574583,-0.220433572243553,-0.419600363536042,-0.0974456382906156,-0.383735436289914,0.490448811690222,-0.523524341784478,-0.436308294381396,-0.129123312795416,-0.33276698715724,-0.184868937828826,-0.267569587024011,-0.378864574378924,-0.342465773726193,-0.139972663031711,-0.132764641299869,-0.308820045581723,-0.347313246106792,-0.243679720392488,-0.0147134501138358,-0.135653975109651,-0.200641482473994
0.730778914646714,0.64224497311173,0.00571449269450018,0.746659859046582,0.786500684143205,0.389239383117782,-0.0573059560773836,0.0867775358655813,0.815979648958449,0.304436729304184,1,0.543850140369722,0.483107725049838,-0.125416469321683,-0.231874282524692,-0.205648072763956,0.0822290901667859,0.311282386970927,-0.414256696667704,0.227368912937451,-0.169297854842922,-0.334229013809541,-0.0225723496236397,0.0452705021937512,-0.46121869608928,-0.341255045421336,-0.367138479416452,0.160894529947935,-0.37884161291562,-0.35643588115807,-0.137198571151745,0.200999355039343,0.0539292006709195,-0.0172217522982613,0.0470751476559265,-0.353578233606709,-0.116840752801764,-0.109440384798368,-0.598098038973303,-0.21500067248426,0.173759752924565,0.287419807471047,-0.0810979088750376,-0.194827271573422,0.217303068331028,0.287339739025558,0.0322544925134641,0.209887956223182,-0.398046239987828,-0.0552021777825453,-0.484061463678579,-0.0249856120543074,-0.391114591172893,0.00154746867232718,-0.0939387257676161,-0.0305372806373392,-0.344871219200466,0.536369066827597,0.298445731634378,-0.181302123994422,-0.00893311555845581,0.229674841499141,-0.193424440581283,-0.294228338588778,-0.387158802984687,-0.406553656197261,-0.119827244996811,-0.13610511534236,0.0151727960322617,-0.115171726607155,-0.284194196183531,0.160357780044596,-0.235621488025435,0.147444377976474,-0.0890281389431325,-0.117320952507569,0.00225489818648137,0.567620264899367,0.201392958330409,0.196044679011623,0.153940999335941,0.0225826245986138,0.0560743941657486,0.414025705390377,0.705162084690251,0.605571641567723,0.093298453015064,0.435089010874779,0.644568662563278,0.688368626678799,0.744729102169274,0.39096153873149,0.815294666448659,0.284071687089105,-0.198907335818433,-0.144098706887834,-0.150194089019836,0.0286057405806173,0.256540097111669,0.104969107317852,-0.288951537566581,0.0779126211885282,-0.339903786911654,0.27056369213731,0.0348552624185793,-0.279240184183651,0.116956387709027,-0.21303057673911,0.136020431438714,-0.253668895684767,-0.580410472775107,-0.216349863408853,-0.207384394432522,-0.104559851337768,-0.486015507190601,-0.16852512302644,-0.0508183590830985,0.205769465422305,0.0196386203504071,-0.267347053702982,-0.38726452153946,-0.39707829531503,-0.246247910697789,0.0397808952756221,-0.30853445061427,-0.117126426828475,0.0468242559968106,0.0633186667973417,0.0770569093517541,0.0644670756349495,0.359498119434534,-0.189716377190102,-0.521116121637807,-0.44139485849689,-0.0943508593467266,0.0213821013071709,-0.362807504792383,-0.157888083450094,-0.365624961055668,-0.354025448567712,-0.221213257085165,-0.128304524767158,-0.369202305671732,0.639635645317961,0.336828186986288,-0.157731295974684,-0.0859484870957219,-0.584150430714784,-0.00801125149788747,-0.259331450724283,-0.407178140140471,-0.169195870203398,-0.290937429764135,-0.0314436947987246,-0.17804462883487,-0.274237588050109,-0.460543728046327,0.0739056397374954,0.0419854013398129,-0.362496342895586,-0.315635348249967,-0.0452970385106241,0.400326063870472,0.134769079193255,0.130403615786595
0.432708950793788,0.681144241841173,0.164602368479769,0.636661798505098,0.434835268102537,0.803297641363279,0.171864059956707,0.410973743257484,0.737643121166087,0.435142646281125,0.543850140369722,1,0.562814603850315,-0.128596519014278,0.0131732802286214,-0.272689075185606,-0.0970388532067696,0.119175753053854,-0.331957532589476,-0.0023923033940117,-0.159452716792597,-0.299983307643726,-0.136516536788197,-0.102659738406308,-0.357100520096915,-0.226319268630219,-0.279589602070501,0.0205613870639402,-0.172989777246925,-0.232344706467749,-0.219857266815502,-0.197819032573915,-0.108961486696539,-0.299831513545032,-0.25987731475118,-0.165710832071359,0.000713931452439552,0.120537720791012,-0.35631467296187,-0.114876435656925,0.010847316976041,0.205142163234393,0.00655009505090406,-0.140287673790884,-0.151807844081833,-0.147483848397624,-0.0652782772187136,0.0951739741221061,-0.283670922044132,-0.28801989953978,-0.263505053661778,-0.222109863499116,-0.313909546395235,-0.202163055535392,-0.124939462505941,-0.228546286372056,-0.265928086629154,0.139366568352431,-0.0861587292706436,-0.188303187225323,0.080026891836797,-0.0305848868262067,-0.240830913869555,-0.379684810877957,-0.428105470703039,-0.190988492923171,-0.317755305300614,-0.157756883703658,-0.11048730061624,-0.295375210972257,-0.26832057210743,-0.00854636616140376,-0.287855320786834,0.0623348879223765,-0.203200399556353,-0.271039912506121,-0.270124239676975,0.135369122268848,0.0199008616622812,-0.112105715458735,-0.0738033002658553,-0.383535505793039,0.0311114283615246,0.24863533571733,0.744100696025203,0.642956644459097,0.33099952442003,0.77978957736349,0.471174632434155,0.86080539268896,0.497657725849133,0.452295378653073,0.664088978720121,0.343186183194736,0.0698757234803049,-0.0824784064689833,-0.0484273218395473,-0.0592654009545928,-0.0184081030615666,-0.00228621113331806,-0.390372440410601,0.00384563984307773,-0.172399076298866,-0.10603822617753,-0.0522408851187263,-0.305997507983849,-0.0682387736538631,-0.180378290557196,-0.0687387567719145,-0.340151758788731,-0.33585063308917,0.236792882827785,-0.134162263167595,0.186512088224451,0.0027419228866594,-0.124972120351555,-0.0323070864060174,-0.0434224310255809,-0.0163963112720779,-0.300134815589188,0.0176421429606633,-0.489436006373745,-0.418202487900363,0.0604992122212632,-0.140264677698495,-0.0863590201529865,0.042356492374891,0.0406149117852723,0.16417295100329,0.00787347246075765,0.0429094937435406,-0.245956968068925,-0.0433397047588532,-0.0479985517653892,-0.347991276589456,0.165550322147804,-0.326735180563016,-0.211871168915207,-0.135175047667295,-0.485524798640084,0.0514581725659618,-0.005993847670868,-0.314203763142271,0.29613347101485,0.0094263733987284,0.00659846912415519,0.07783757562724,-0.323750407932846,-0.0363520452358112,-0.45952387164431,-0.531879579634824,-0.270399425306553,-0.464599393883728,-0.418996310634686,-0.430075041776183,-0.501821296024012,-0.385373469325637,0.0895606153736884,0.059492987683349,-0.418674856980622,-0.205117111517298,-0.216141375249347,0.0142195772732692,-0.0772103334667931,-0.22231722762228
