1,0.387375327486596,-0.205137511126933,0.570381660615097,0.652311245866747,0.276500276264056,0.0602978449685406,-0.137056973582387,0.602499189342844,0.122025522449742,0.664361293737594,0.391337111154132,0.319726563900761,0.375448416714087,0.401826175249344,0.59315550190196,0.452478854311737,0.243141874406477,0.412133437324589,0.503794412410598,0.538452368285302,0.487057211895825,0.518883807400211,0.41685711016077,0.451116806722269,0.132393019603007,-0.249310628972147,-0.256787670664043,0.261183085231635,0.269374046302742,-0.175915358663876,-0.153349145927698,0.193303346751979,-0.0331935879178364,-0.157746634313659,-0.00791047644596391,0.309002026666723,0.124823119483642,-0.00187490873925463,0.157228046614999,-0.13369009287445,0.231599744122427,-0.0577248397931893,-0.0430651446529572,0.250511675782289,0.477922794209268,0.246773181265754,0.441076198888198,-0.40886689975752,-0.43345800669674,-0.0631476074610756,-0.0526287352211856,-0.401619908123139,-0.35528381263207,-0.0851365425147228,-0.172315146685793,-0.0554203575885515,-0.293897351462325,-0.333516779897606,-0.101547193935052,0.369854516505597,0.246606513727038,-0.0125622799330247,0.275005308175096,0.0823188108888187,0.012356243904075,-0.328267810341925,0.167716017919079,0.192480992395823,0.10299740591354,-0.0319816712160366,0.0635446365605394,0.174722528209493,0.137266248665555,-0.101891698819463,-0.283767429486526,-0.283057223967771,0.325070650104212,-0.124185661017098,-0.268027116381888,-0.462620030151167,0.434787942471022,0.604133380567152,0.657364623446063,0.775093491409242,0.698287529760697,0.24771070143273,0.174112853308557,0.762076847220198,0.521526695848488,0.708293316830075,0.190784231218216,0.800668830826064,-0.21543938630256,0.43291602810064,0.528589130566837,0.511115444642206,0.356441687350257,0.532819023207866,0.364555657338204,0.367392726445725,-0.0215612963285912,0.249697933434647,0.474562838348868,0.35523669778868,0.228700310577557,0.182245089480885,0.383332123086972,-0.00676104859680683,0.308028072254614,0.36984879297483,-0.00503900298977083,0.205762903405946,0.0285011699750734,-0.252544533049657,0.134922882961224,-0.199909938864295,0.145907764192273,-0.0978616789731443,-0.35955019113917,-0.164418825593717,0.407300042970824,0.52426310897927,0.117758793397423,-0.0479522282182118,0.259756300803993,0.186036703575405,-0.177290156947674,0.198759957439785,0.33534421636698,0.213327024547816,0.2645349557604,-0.239892483516696,-0.370211670023132,-0.306797262296258,-0.272589216402475,-0.107618592381389,-0.299814925788333,-0.200372323386828,-0.0798970678764828,-0.130682234250296,-0.147514127569203,-0.260279797734967,0.463095621392086,-0.3135014552656,-0.218515255622235,-0.152693527777364,-0.137053030142038,-0.235598831405722,-0.301587989988268,-0.319523399531685,0.325845107834945,-0.094741615957093,0.312062857828731,-0.156756668087428,0.314631113634411,-0.234001929517816,0.0568275629287635,0.273896924986402,0.166151761837142,-0.17007173832031,-0.247479136273592,0.356943656676668,-0.189739465033108,-0.381645790285547
0.387375327486596,1,0.265065752841011,0.578800590581328,0.312831661812679,0.661645718382436,0.23821767204355,0.648810355641575,0.324902910021434,0.0351441899955553,0.256949207761831,0.43240005825815,0.638843027361725,0.249199009956766,0.200089896136779,0.323374996912146,0.314315282655572,-0.16839159538046,0.312715728198484,0.257258785494526,0.206595323762111,0.172563819647635,0.176309743519941,-0.159627069406748,0.444444980808521,0.0522223377958667,-0.143752492806157,0.044100835747199,0.159190890417212,0.191038428681114,-0.127704381602839,-0.126995347659742,-0.218401956890168,0.146443381188706,-0.082708689346041,-0.162732594655598,-0.0598325112309339,0.0557195728756847,-0.195970083004458,-0.0239360323506279,-0.28810004121945,-0.0503119013333746,-0.0670691150087124,0.0159873459753757,0.0484049663542405,0.0668660119430977,0.107634636460898,0.170932238893617,-0.32411155657967,-0.316651169752489,-0.0714304062988991,-0.380086772968156,-0.541471771615548,-0.116554299613061,-0.283819800929902,0.0188932566116237,-0.0989252397008907,-0.0829059861550548,-0.0268012026539953,-0.104099554871222,0.427211941415213,0.434331450158934,0.209605352258838,0.361136559514993,0.231626114337326,0.139689567375388,-0.0841507395529422,-0.0513110085415187,0.185150295343772,0.00879695435045783,-0.186931239139411,0.125703741268339,0.261359561721466,0.095798118064376,-0.0026133681087055,-0.198557517826092,0.0649709850145238,0.284690233138247,0.254542668628509,0.0855010900522822,-0.0267184773506682,0.18892949505411,0.408199488122083,0.313441420230824,0.740518790730673,0.404000372709588,0.405564561985008,0.680924801165795,0.421095162720337,0.298367745489134,0.231111391269007,0.571960961159179,0.309067632548079,0.13771944104192,0.206351043854126,0.246917643742594,0.3565553130504,0.101984584180697,0.409385213329459,0.263773586109073,0.345330923532953,0.200755818116961,0.265891091422369,0.24105240698531,0.165724192130032,0.207255759292048,0.196087911920225,0.421420298146149,0.107087685981895,0.488566699304619,0.458987372287775,0.151357323044598,0.0810961257218759,0.103549284699619,-0.314682330782234,0.108242131111966,-0.136408650160008,0.452534209811685,-0.164892331211935,-0.463871404716076,-0.376985055188025,0.227370809825566,0.25480630705131,-0.223791935515908,-0.0273090754856427,0.05822539262064,0.11975058261222,-0.11002166439524,-0.186674225471918,0.0830157637770366,-0.035289475354063,0.188600819180516,-0.263035841110015,-0.483073848320552,-0.373366562128123,-0.385146162302143,-0.529464714132957,-0.46475357792072,-0.487994758520734,-0.237834712154608,-0.115860608362144,-0.208986131488612,-0.430712074573214,0.182299907618375,-0.124639088448037,-0.289151881327152,-0.266781990679914,-0.323117645800887,-0.309494603320202,-0.178265880605023,-0.309817862137261,0.24566205820843,-0.175173061161596,0.349774418589839,-0.206453961630808,0.495586133256605,-0.312404274582877,-0.084870279982542,0.0574260744481338,0.0450853168416653,-0.432594951323301,-0.392149673693683,0.236649826243494,0.0193363613942954,-0.279950891672964
-0.205137511126933,0.265065752841011,1,-0.083775536293109,-0.127582849110173,-0.06560387069797,0.538276979204058,0.4227935623681,-0.370277031251866,0.378821749373971,-0.411082254399873,-0.17248513650845,0.252773524347445,-0.147717193399499,-0.257745316392061,-0.194458006980389,0.0021821819513671,-0.033524053112622,-0.118604058544405,-0.187770089433355,-0.0680477026352862,-0.289290064903603,-0.152207713697905,-0.321192417292805,0.0207462942949223,0.170664346716131,0.384711522202477,0.202042687502661,0.127288270164208,0.120786605301944,0.354012288095164,0.223757063557764,0.0585950209350378,0.261055994609116,0.0330301043795272,0.256033050640278,-0.175719178410071,0.401341243595796,0.24041886975592,0.110337737170922,0.0928441856746354,0.0328039973289828,0.199978026216315,0.123980249990196,0.0568184794831079,-0.0264523246147016,-0.290142692328972,-0.167253988299841,0.153891511860912,0.035436947992753,0.122299172041251,-0.0509277917124535,-0.0636157782068915,0.0823485067279041,0.0264614989372157,0.107982941585985,0.099922052030096,0.100346145798856,0.22182354784355,-0.00470632988168185,0.0417972300867748,0.124115427495938,0.124891314348094,0.0267085573873149,0.26766425062147,0.183400413907185,0.0663428666392804,-0.0512324528025188,-0.0735767239124097,0.0168657546277481,-0.201923179946844,-0.112485481477481,-0.154430076014398,-0.0251686734797912,-0.0953921578351647,0.111767473072691,-0.0220111582043764,-0.176813831655072,0.153333089035635,-0.0486158285141065,0.273496972605114,0.0381553195615043,0.134925308518766,-0.227515961555242,-0.0240448549961338,-0.313189853144483,0.388806735925474,0.0504246472436301,-0.188222561697356,-0.352161657212811,-0.393148557032514,0.471684375314392,-0.375959417242633,0.444389039091958,-0.278218180168093,-0.128144049226915,-0.0896757274515134,-0.094605203283973,-0.131319487134223,-0.000950502644329603,-0.115586129070323,0.383431604202186,0.0140597941107115,-0.222623147228445,0.0595365183579878,-0.0267539917725706,0.0731603193454153,-0.0694720985439545,0.165030210950815,0.218130736948021,0.127863384814377,0.60261035204819,0.379671115546215,0.37050793794612,0.171606218107795,0.128577951893473,0.386478853507325,0.201523101998104,0.210169493918854,0.061808529801836,0.151923652162683,0.180696964757878,-0.0200485191194041,0.172325118247269,0.208878497035684,0.017852154711328,-0.00655356484470639,0.161466739177265,0.137968391546502,0.157810785931179,0.147132342763133,0.098538752529084,0.102715518004706,-0.0235656622273244,0.118391463309367,0.0691523277316823,-0.153377629713805,-0.107148019713868,0.0503332450367972,0.151267143531455,0.132752748665993,-0.0452035691199792,0.0912377090078441,-0.0416783835705847,0.202660402073979,0.0182632732352522,-0.0693262857328713,0.0386017144045806,0.129640433643121,0.282904863493806,0.00188775319957671,0.113767115032337,-0.0214082348411075,0.0598223357483058,0.129337453183354,-0.01413159204199,0.0391311191659118,-0.0862874651991027,-0.0173843950855347,0.0792876810948447,0.0291059432933891,0.0137746880123283,-0.0364508543895499,0.139096095905417,0.300181531834729
0.570381660615097,0.578800590581328,-0.083775536293109,1,0.508352431601282,0.648390570138475,0.196677484275127,0.254593814645347,0.687797939456412,0.0775803219984177,0.572367951808007,0.818336759373826,0.688297084052119,0.347087018448402,0.36305768582795,0.46127552715958,0.401774243156063,0.0290052180646192,0.393311260289147,0.355468675533009,0.29119443581491,0.433896712135153,0.411399612620969,0.17137414043961,0.474036019549157,-0.0909125757613938,-0.1564279517809,-0.102903797312129,0.12741076393692,0.228930407217706,-0.254936349274028,-0.10567368181464,0.030514670896711,-0.0226047788449811,0.00677433358502476,-0.21812133260751,0.14991525887615,-0.163120935975333,-0.304837368389306,0.0140006773364521,-0.179399579839348,0.02467035680299,-0.117785575636755,-0.0716897345464648,0.100870985365438,0.279256518911894,0.247867802717907,0.163057582131512,-0.487148881645521,-0.390042654984708,-0.0551706137084471,-0.26998098288409,-0.344385675816007,-0.0923307445635621,-0.133937664029513,-0.150399577630564,-0.241374969204701,-0.0981518516864553,-0.140265860253293,0.024459063819757,0.303147169185746,0.191093290084384,-0.0987296719084085,0.268036251133613,-0.0824035312203379,-0.30531561278957,-0.337580350435535,0.0451781157373626,0.378774357954151,-0.0550051561962152,-0.197754901279397,0.196998500033751,0.237860865645321,0.221875157915121,-0.0555971273361767,-0.231712554807416,0.0648800665080356,0.390624731086232,0.101571660423135,0.0766045198986181,-0.168454337110205,0.153912635525945,0.256361723117947,0.188461592329592,0.673247520117617,0.768609977766812,0.502894508538626,0.552592453214588,0.581043383659012,0.681780369253067,0.575298357848531,0.232644303591292,0.698280721669721,-0.0598990672677641,0.326544379759108,0.417708803236939,0.417864934308075,0.247441245765375,0.436160086229115,0.305017222000642,0.451923750351928,0.0662453976866725,0.261553752784826,0.314448504915226,0.196965486913619,0.234770133695898,0.230356050750895,0.415471842244351,0.0109516799194302,0.431725055258851,0.422498021212617,-0.114144548845821,0.340696102538716,-0.104003231193003,-0.388912043519747,0.0175661683543253,-0.403667783250657,0.398554505861117,-0.405950303047885,-0.543856073129438,-0.489668852620593,0.371652111367561,0.487729113507116,-0.275996655982429,-0.319648919223742,0.0955157897874849,0.120192535402248,-0.153918999576218,-0.116534374731296,0.10598937209626,0.0728163534682295,0.113715458478135,-0.427209868554547,-0.517372962040888,-0.488387604234258,-0.222455569451754,-0.314321181345888,-0.41068721504202,-0.410783887827025,-0.477581016866332,-0.249593935595819,-0.356615015375831,-0.577313168430147,0.25741438853883,-0.21404742258583,-0.227084075376846,-0.135035540050392,-0.472367073432001,-0.459013073949142,-0.558803238003984,-0.366354555839021,0.0381152622659443,-0.196822186314356,0.0505616382288006,-0.401002963028354,0.352181612219528,-0.397521272460901,0.0374251480953717,0.0915776830790189,0.0162765069679898,-0.48807567640518,-0.395606640695475,0.199493569034283,-0.187907038761133,-0.49305697400391
0.652311245866747,0.312831661812679,-0.127582849110173,0.508352431601282,1,0.325702428706118,0.243713106150145,-0.15027413269632,0.658112717518738,0.134242274704819,0.627652237260333,0.353524625385823,0.349242280552938,0.652765306809673,0.604216219703541,0.738908737445183,0.533597000173704,0.242821245746101,0.565306132348724,0.621621221720233,0.568132091449787,0.498893219796416,0.529341545472573,0.384282351375306,0.653659574947439,0.311423987242201,0.160244066610462,-0.181046637346382,0.181624818934627,0.108487445300095,-0.3627252085907,-0.0936421469448661,0.0740061419102272,0.0315635801054742,-0.141979091223976,-0.0995884788530174,0.472622573476006,0.0120635641761965,-0.0569147048055891,0.248035292230564,-0.140596732585632,0.132309246212946,-0.137317827164552,-0.295406238276218,0.141744238645187,0.578591283077866,0.382283577736282,0.539101031802523,-0.358574365054247,-0.344276611694679,-0.0602351637854238,-0.10532454422736,-0.346848300071495,-0.433917273920567,-0.0418833857036447,0.122317606236304,0.135753165306512,-0.383121668621982,-0.351822647997622,-0.0632082253493829,0.479681818141252,0.463682399171961,0.134560490984709,0.517640454699869,0.314037455790641,-0.0868811814775011,-0.370039802074928,0.177444311894965,0.542998310961561,0.17841411519138,0.0899333213550222,0.04668807949205,0.23687244228383,0.0796803626317931,-0.0235567804647408,-0.334533665744039,-0.000927503446871827,0.581210966120823,0.102754738435939,0.000657711675501038,-0.245900353294571,0.480139754947978,0.657865164302393,0.614970703036507,0.587785869955948,0.453822170854281,0.287668827376915,0.300734997304175,0.851096594568175,0.467505547022394,0.757830925693148,0.0768598128381798,0.685049344758425,-0.210304473176873,0.517880630030434,0.702762185828558,0.563000504007843,0.393588989301515,0.64852644098915,0.373063755994369,0.564461781721589,0.102277442955551,0.250348181730992,0.572241488042054,0.409047623125954,0.283112379418691,0.122681461598781,0.469094085570376,-0.103764751776188,0.528543579502469,0.503855907741245,0.0670215476862482,0.262874633341664,-0.134293297717065,-0.330819614728693,-0.148351484122492,-0.358715850226146,0.140503799149946,-0.207487215475626,-0.313538102378622,-0.233851550000445,0.476602062391816,0.555690724804731,-0.00365047639482374,-0.137730728180653,0.205511862170402,0.338205634822868,-0.25068809708997,-0.0522558747365696,0.21690473284459,0.26714921902162,0.203565686538866,-0.276613271595589,-0.39010334448535,-0.23481640637656,0.00768519685081386,-0.170036053703872,-0.483691802856925,-0.313449507024766,0.0359952456234615,-0.348034736249518,-0.352866448506246,-0.353827460895196,0.408033407089632,-0.315143913114646,-0.213446041813523,-0.226638478216192,-0.258541486099324,-0.0860320622527466,-0.278783957028408,-0.323159777312683,0.409618548177707,0.00957158250473975,0.467484556696917,-0.0835666383567244,0.487036969364877,-0.135954001694524,0.0436697580840585,0.223235723474943,0.262651662607693,-0.265438166392911,-0.219747426848634,0.591537626017911,0.0139937754028417,-0.398117322306745
0.276500276264056,0.661645718382436,-0.06560387069797,0.648390570138475,0.325702428706118,1,-0.0196325997299617,0.438952731134085,0.581170978533284,-0.0369755197254539,0.343274190770172,0.54972411352756,0.579905889249715,0.228955497032461,0.285024043269022,0.267210135457644,0.0907159329569434,-0.235776764069092,0.206009390550871,0.270227695635256,0.144654937773029,0.182821837749729,0.338119800548196,0.0158432090137746,0.440288486168619,0.0458842556467841,-0.11056165527943,0.267354650787126,0.0900831290497674,0.203223235866879,-0.00850581553109234,0.0620239237171986,-0.00531223150147781,0.205112632535424,0.142278147900468,-0.113786177956658,-0.0877863496179887,-0.154769074236778,-0.292143242543463,-0.103601553996389,-0.131654293645074,-0.165061509568618,-0.127019839507047,-0.122300494822721,0.0222231031882441,0.044727409973186,0.230476116208116,0.0880157265982822,-0.316207385613397,-0.0385445772142764,0.0943222468331684,-0.374188204591817,-0.451368882728285,-0.0378461028688215,-0.236038333118856,0.198098040337949,0.01964514221886,0.106429243294667,0.0384893677465612,0.13498293147086,0.318493487477772,0.293728686305963,0.157969945568,0.248774655608642,-0.0426464638416455,-0.100126857629609,-0.0408364085634046,-0.0268134396588685,0.348603121759917,0.0243230126482826,-0.0760715940937149,0.242724755390163,0.252421054677826,0.212806387921163,0.109667761900616,-0.0822727847727323,0.242814747263616,0.504157794972498,0.296066224822625,0.339469862998669,0.0947493422469023,0.172390811622961,0.145140745063385,0.219315001500386,0.521324875872455,0.520732514952646,0.136059352096439,0.888402114823669,0.331547542494368,0.71895486082675,0.393758327732469,0.212653083894902,0.358861004440725,0.20151081453259,0.414158557128718,0.323758455191272,0.296194584601468,0.129680280963572,0.261977496374929,0.0955837605324472,0.285009037664354,0.045204780290694,0.249221370217308,0.268666842556275,0.135409669504442,0.19099101335876,0.294211316381427,0.434917717873063,0.236108495415054,0.521713680436869,0.41058292479434,-0.0585432467020896,-0.049283011161715,-0.0543487610051219,-0.316158700316352,0.142415793199357,-0.265315334381193,0.353498730925955,-0.229274567349625,-0.2818077192492,-0.474114070724632,-0.0116894350352262,0.141864062032724,-0.392054673460627,-0.24011064032197,-0.0150026484332972,0.141279772198924,-0.00263765771413152,-0.251972645078723,-0.0947152497692981,-0.0739207374025746,0.0744696997540145,-0.363530652932795,-0.426360411896619,-0.247191378845568,-0.218427767654503,-0.369158737705295,-0.377396431980369,-0.534088221230631,-0.338640397094455,-0.276746933201631,-0.109714040069608,-0.365278067516664,0.161907561863001,-0.106447509321226,-0.0745033025205583,-0.0549544781686198,-0.36221760283075,-0.147380178051746,-0.347768426833486,-0.201572325523433,0.0880427932489641,0.00480150452633261,0.20610002980892,-0.191262368500806,0.456322900312012,-0.32822212092098,-0.0210236865643469,0.0131222471300975,-0.160832983498825,-0.361743373069565,-0.312953457721028,0.268993502060007,0.0285788416026449,-0.201285360119865
0.0602978449685406,0.23821767204355,0.538276979204058,0.196677484275127,0.243713106150145,-0.0196325997299617,1,0.0679792164104743,-0.012157075598877,0.652185378648879,0.0155917746442841,0.0183903109347404,0.416243772104169,0.175687331441419,-0.000955654243444326,0.158108738269549,0.292698599432558,-0.0815187168225558,0.0987277226663959,-0.000684515189198493,0.109271864598725,-0.109550455361936,0.0989033315642548,-0.0289720061112937,0.308364965211337,0.268580370481905,0.560111800189761,0.067353903296146,-0.110018081947548,-0.07312129586239,0.0148384293519659,0.424458272069498,0.231819066445828,0.229357850648303,-0.0615342075698529,-0.0200740459272327,-0.0877841916118682,0.291321207435541,0.309829716352227,0.378796741308064,0.0415686388021965,0.245103684340173,0.241085153028096,0.18455942064945,0.384902632907149,0.590788067227243,-0.0633540967205828,0.163951883066283,0.126807149407964,-0.0311237155536474,-0.125032909998508,0.116644439502831,0.039715878975843,-0.0175302104096042,0.236390043783213,0.129045069590192,0.137950930941547,0.141305840605049,0.121753281433497,0.186576045031143,0.141763481678889,0.10022820440028,0.141047044305273,-0.00380661607045511,0.343042338175103,0.181984282118856,-0.0957945161855596,-0.0543269007512935,0.127680027765997,0.161326983831438,-0.0589574541004988,-0.03578975692213,-0.0845474191685078,0.246230254126787,-0.00939952948199695,-0.0338439187855897,-0.0740425790424281,0.17167920950154,0.142956924356209,0.07114184850035,0.297075696484456,0.0746090684422642,0.325694695534821,-0.013263622656286,0.11078136621324,-0.0242034751415266,0.401362768944785,0.0449304841161498,0.132786676194269,-0.0351235806758907,0.00448870538349072,0.353801241933395,0.0263446073963402,-0.024469166763132,-0.100046001089453,0.0575440196294935,0.106915828365286,-0.0732809872700177,0.306731261939625,0.0393103043518547,0.0896174383531116,0.56280626244421,-0.0969059248680193,-0.0487202976787522,0.161044482735108,0.0293297555160882,-0.0596244099968291,0.0187822609650289,0.129614157859667,0.352600228413584,0.169165886799702,0.3495926319121,0.645286127753125,-0.0486169370377195,-0.209737067892315,-0.263627703104646,-0.167643633977499,0.0268959905227537,0.189561609970792,-0.0844416482751424,0.0018832516377151,0.381185396914645,0.168150547814861,0.2448876618059,-0.0558476445375209,-0.0892124995683354,0.0962319010960067,0.0976255223141235,0.119110549577058,0.435489499788193,0.483949660736967,0.227928459715019,0.185177806639484,-0.198505575640423,-0.14777498661082,0.0622031840930588,-0.206898045730588,-0.247858526658745,-0.00668829427004617,0.0108554493330844,0.190188472605441,-0.0454088635231213,-0.0299871822471207,0.391113110948402,0.0874996813750489,-0.0134413718727068,0.0697012133513851,0.0732335836216741,0.143677899609997,0.307525430906345,-0.25473433401836,0.114468531860331,-0.089869469865869,0.0978461513257299,0.0646753482903907,-0.0365743611523707,0.00109362131901212,0.00442980467355205,0.210845668224261,0.17998636323965,-0.110769920134256,-0.136534496696501,0.24470120787425,0.139744096722866,0.252812195095739
-0.137056973582387,0.648810355641575,0.4227935623681,0.254593814645347,-0.15027413269632,0.438952731134085,0.0679792164104743,1,-0.0733394912657125,-0.0136395984329622,-0.254807383492696,0.346613199745825,0.504403120372166,-0.0899559513419062,-0.0420279761892265,-0.0539639831632798,-0.00349867586860812,-0.344907486092432,-0.0598454222499679,-0.0407877812601186,-0.103791600496658,-0.0340975533924472,-0.0858201670647581,-0.339134239544325,-0.0179874932356577,-0.300365152637039,-0.320789661891775,0.0452806293118404,0.0945944759745381,0.2087773415773,0.104263479108815,-0.100002225111195,-0.192534858424915,0.0561015643257866,0.00858074491178568,-0.15791235787394,-0.259497127114238,-0.0274063759445991,-0.241248853276194,-0.0989983099716047,-0.16649336292833,-0.0345107631290486,0.0477326391095709,0.119425550031147,-0.096362370335372,-0.31815750677295,-0.0826523536948624,-0.234520654006444,-0.223173313822886,-0.161149276707823,-0.0110382387462596,-0.314255182809701,-0.384087311139748,0.202416589628939,-0.267818195216861,-0.0666714951334699,-0.260121671590875,0.0834972491727655,0.124305311533885,-0.0577458954939539,0.0993617216523361,0.172445087340861,-0.0660681119721308,0.139342582055293,0.00911220206724824,-0.0234784741107572,-0.0445824037638055,-0.241914263658537,-0.0339155131803741,-0.202876986546179,-0.251044415072852,0.168494179466535,0.0932463000651202,0.116005583199148,-0.0138279418605548,0.0146194303092485,0.0593462156430448,-0.0450155445128978,0.172131508168131,-0.0107498320911837,0.0405591294364894,-0.16887045038089,-0.0962124081908329,-0.0492274495971141,0.246913910850114,-0.0266273302160595,0.30909936999732,0.445716471607086,0.0045366105734569,-0.101934906997166,-0.205702175998422,0.695598441529353,-0.152148252576656,0.413565805815056,-0.0166126612780244,-0.0704081269634555,0.0318643520947243,-0.162669185892617,0.00652281000564138,0.0669528995281905,0.00931544134965635,0.0267915609999206,0.123059040429781,-0.0277859505114115,-0.180790544862657,-0.0170075972211764,0.159784871058504,0.144766035145661,0.130590114621784,0.31551441593295,0.144998695205602,0.054155541025798,0.0221014518074255,0.151197690335391,-0.102202807778072,0.22482587022441,0.113349370577638,0.528946414959858,-0.116444047324173,-0.314037490988828,-0.302987513724442,0.0189612180788269,-0.00703868819671754,-0.299462169706922,0.0163218521875642,-0.00351848727776009,-0.0703980094573941,0.0553081544234148,-0.168929161359845,-0.155111394308717,-0.0995193330146798,-0.0236357046453702,-0.153881039351936,-0.237838994774192,-0.216474641071395,-0.329605000714281,-0.453826593658091,-0.109903419481361,-0.317072141749533,-0.293564906305517,0.0639621045832097,-0.0950630317267232,-0.291132217968325,-0.109037447962454,0.12712282276953,-0.0812315934039862,-0.115539930028445,-0.307992922442958,-0.408411878233814,-0.172370318264493,-0.0799046262442805,-0.137625057861344,-0.283581625637059,-0.00748594037170666,-0.385142710532287,0.188655981544848,-0.366695732497951,-0.000901575322711527,0.0213938294902501,-0.163952381067953,-0.292080528543086,-0.245224437689438,-0.123925135606121,-0.0300354934899463,-0.0681686862373661
0.602499189342844,0.324902910021434,-0.370277031251866,0.687797939456412,0.658112717518738,0.581170978533284,-0.012157075598877,-0.0733394912657125,1,-0.0995185381631376,0.795156228669707,0.649368838651565,0.402894619776675,0.473778770328875,0.485745745049055,0.603965984399277,0.415879492193556,0.110176968234409,0.490761309115791,0.570565260586069,0.462808733227658,0.546566255582872,0.584862466278751,0.458669752299592,0.525781264094883,0.194571142923878,-0.10596332827813,-0.0345191469537707,0.213578007225035,0.250459675645942,-0.259324113491376,-0.196992135402969,0.14012067898274,0.0616948097985001,-0.0724485553628003,-0.138981365067884,0.231087552749513,-0.0863506506373383,-0.293451726556592,0.0550660119456442,-0.0799083686173012,0.17650680705093,-0.115768990736361,-0.238397637614339,0.219141266481295,0.3635575849065,0.502884806713286,0.368833926139573,-0.527897393910311,-0.232283791089687,-0.0375018047707823,-0.217083513110392,-0.390883461054109,-0.261116202372427,-0.0634898304129281,0.113778644185022,0.136393411760357,-0.198828995911502,-0.299279823898214,-0.0369319521154969,0.42036568634149,0.353368569787203,0.140430764741205,0.396124663231282,0.0768995710648158,-0.121812411723488,-0.206026309113019,0.215500674896316,0.348806928576275,0.246203413721072,0.149204757252612,0.135356199693653,0.291283490349477,0.200077938004977,0.0663311595423329,-0.240459634291233,0.0261298777343638,0.549378519147652,0.163175249256036,0.0930100707373598,-0.249263467012043,0.416499516162866,0.389656299757662,0.498898571147988,0.6297788930588,0.736368885958841,0.132043046739589,0.449189686857655,0.74655561724267,0.834905966946877,0.868897616683647,0.00810084116746707,0.820612622248235,-0.164306646818394,0.476777955456731,0.533556103663888,0.529805084071424,0.406183347646685,0.539667490812187,0.339624862446122,0.524003003772978,-0.0325574546175788,0.335608050363994,0.613643546730564,0.374528737174818,0.330423744546521,0.37195947810725,0.475801719664247,0.165619772520038,0.328961101343369,0.436823326416389,-0.174209368053968,0.0234105996544567,-0.171145475611724,-0.507310944727188,0.09893335367875,-0.391761692192681,0.35753935747873,-0.21344196975201,-0.433633861251977,-0.48315255355437,0.17596365950051,0.360922796350149,-0.241848344279838,-0.195347665216842,0.193095476007668,0.240179855621024,-0.108110754483786,-0.0529524916284984,0.226306890061046,-0.0228953610057393,0.273586682308664,-0.537353445680696,-0.582037295250208,-0.33188567267764,-0.0882518458972763,-0.279376470014769,-0.482444500839694,-0.505906897227856,-0.208541255052926,-0.378758286012438,-0.282043237752751,-0.491533840577042,0.406249821381499,-0.397460502970747,-0.225589578367833,-0.192997996071412,-0.343077004083453,-0.232724163030326,-0.45502896973708,-0.283459342248544,0.24169943507354,0.000795835767225118,0.28738520556202,-0.207149317217239,0.417151137350285,-0.223969809274092,-0.125711610962078,0.027837760682089,0.0386134670802606,-0.350214194129903,-0.361068196566593,0.466187043816163,-0.0523339870440289,-0.504962575200059
0.122025522449742,0.0351441899955553,0.378821749373971,0.0775803219984177,0.134242274704819,-0.0369755197254539,0.652185378648879,-0.0136395984329622,-0.0995185381631376,1,-0.0751903458071374,0.016658850845934,0.419622410213266,0.0216929293613568,-0.24005240024443,-0.000132914228742181,0.110395388583145,-0.252420227715949,0.0594089285452041,-0.0861256211015565,-0.0869608406722414,-0.122066064789527,0.058275927571111,0.0134934339800043,-0.03474059539819,0.301307436265639,0.298264698042431,0.250823215513985,-0.128960847560206,-0.0197066229635076,0.263894028128525,0.553289318018443,0.376238574833985,0.0384784573194677,0.0325730904336811,0.141583473431859,-0.254609947439486,0.388921756365086,0.571009397984154,0.496178848175391,0.272921090447821,0.27545190867917,0.4452685617707,0.273987899806242,0.344184582026051,0.469862773921309,-0.167276952412062,-0.0701101720414224,0.283289491405129,0.104567553769024,0.118646892374364,0.364235002830255,0.0650984619795531,-0.196332560157167,0.425301020429542,0.0504486420744552,0.0257481616060313,0.303417729045094,0.0630763928383557,0.321577102876468,-0.285044598709282,-0.285497627277702,-0.240350637124317,-0.370875027229667,-0.108002159572753,-0.076797628563715,-0.288294118535916,-0.367208740746222,-0.0108121844757302,-0.0793416116159312,-0.218605895417343,-0.152465912029961,-0.214751429691066,0.208318108083545,-0.235125263889347,0.0168144997195138,-0.182292830221004,0.170866963066697,-0.110407893138187,-0.0261545163583435,0.120552894903059,0.106184179262733,0.159401075560508,0.0443847294957421,-0.00207019661504469,-0.0691508419729043,-0.104743728942018,-0.0163301611834687,0.087913037712531,0.0112894831020281,-0.00920416152291458,0.422892192973481,-0.0630247817395827,0.178749843293218,-0.177589645421457,-0.148386670196222,-0.0229733107726376,-0.305428956050087,0.220768696673192,-0.113528874871926,-0.0111274275556838,0.468552598158436,-0.160068428046302,-0.138653985790291,-0.0344510623796364,-0.117174660909164,-0.22815684073314,-0.193095193352366,0.165895322881413,0.114864812433904,-0.142706295436239,0.119523340523274,0.342709080239715,0.0638405623121035,-0.00608473031440334,-0.210585622750701,-0.0155877247867673,-0.0724038485136852,0.176452871141785,0.0981468198663623,0.165616358244822,0.0827029694889388,-0.0459934665997591,0.346828059690643,-0.0418611786444298,-0.105533327336039,0.141672672080072,0.438879235014363,0.287363739626917,0.229491903157421,0.609118928548204,0.1181763266779,0.382656985148116,0.0661952860917272,0.0171946583363198,-0.0360253133082232,-0.00142982877231824,-0.0771058780375685,0.270708288495254,0.0324408488349465,0.326880650644116,0.209892604824377,0.110475290878054,0.278401439901413,0.109017707718361,0.0643891627574917,0.0962950287999381,-0.0284341200388889,0.275469315641268,0.199246780943003,-0.145132435080423,-0.260536945269758,-0.284057129515272,-0.175344919245698,-0.163053650590267,-0.300003672431437,-0.212242676100032,-0.0698757404541439,0.225598895544454,-0.0516571403343494,0.13775262627789,-0.0862154972595002,0.171691272508624,-0.0324117273112549,0.423407991602017
0.664361293737594,0.256949207761831,-0.411082254399873,0.572367951808007,0.627652237260333,0.343274190770172,0.0155917746442841,-0.254807383492696,0.795156228669707,-0.0751903458071374,1,0.527601025694146,0.278966313733179,0.499962027280213,0.528033072502903,0.596972833622398,0.404208893273906,0.17397913753151,0.411242505899823,0.450851436089125,0.438715583152487,0.498881802998536,0.539909013210105,0.459881213166749,0.473318743162107,0.0734040487440387,-0.143498754541133,-0.181755258617298,0.0876582717058829,0.109245869053555,-0.366489019755134,-0.244434097232919,0.136208998864268,-0.0863176574225833,-0.0766672112698778,-0.207615710682532,0.308376652577702,-0.119369326504119,-0.221132536388417,0.0689713213680355,-0.0322597215646339,0.197445386875167,-0.0514841907595092,-0.0953878200857388,0.282017572669953,0.515793465055272,0.351078045024174,0.409387126637391,-0.390161029395637,-0.19921036467825,-0.169058623183184,-0.0501159081670825,-0.288146664405096,-0.237147050597951,0.0143530588126394,-0.0262922768188675,-0.0150245781772172,-0.105509134471043,-0.24094956127975,-0.0549605678047826,0.347141712554484,0.281215610217277,0.100539459790652,0.35297080788732,0.0782365862535469,-0.0815404548871629,-0.158519740973536,0.283014698858454,0.349242575253776,0.276503629444984,0.165606861525908,0.234538612114231,0.349552125762282,0.287914121436803,0.141389497644018,-0.260035208387113,0.0594296898955589,0.473785300291739,0.1125278815407,0.110905482775174,-0.247848343519312,0.335491699940733,0.397485376605005,0.421037095821988,0.639326415768866,0.670217571814027,0.21693085088388,0.256742501415075,0.683141332946902,0.611738653607496,0.806927662693909,-0.0634161095858191,0.816126606934869,-0.424042907436977,0.512576739613199,0.625719338696081,0.438728985685681,0.387572870849044,0.524381919363662,0.292799133577836,0.414644061431075,-0.109387453850196,0.130728625086572,0.497272189784175,0.333912597157579,0.189457974725412,0.245923284563899,0.335623218965011,-0.0358576216203868,0.211191037690768,0.327260954926467,-0.26870640968895,0.176430970652126,-0.317718215177603,-0.567068096372005,-0.0735194330348949,-0.505340708363241,0.180573700224182,-0.195849876664223,-0.517451872597893,-0.272877771258278,0.346639512130022,0.577835489152884,-0.0320833576627061,-0.0963482616046089,0.264806624774623,0.214326356553615,-0.133408984143666,0.0495902140658259,0.303208960952653,0.00883747173321595,0.256123818538614,-0.3702747950936,-0.52277850795798,-0.443115233042022,-0.0841570235589578,-0.214294755135448,-0.461166514566627,-0.40226749653484,-0.217389828025249,-0.259537271047246,-0.281707903626625,-0.420112626971507,0.485185508829,-0.341916415787157,-0.188364330189713,-0.0702151316404932,-0.210937964992819,-0.320736870604832,-0.391442073573748,-0.396845894845591,0.263281544990556,-0.040231169150493,0.253561306427005,-0.109815989675802,0.444681357731086,-0.0777298488334658,0.0502863953981871,0.16143795604843,0.114831427916799,-0.337447698056537,-0.360994701509201,0.393480062118502,-0.116386249184312,-0.530634942693083
0.391337111154132,0.43240005825815,-0.17248513650845,0.818336759373826,0.353524625385823,0.54972411352756,0.0183903109347404,0.346613199745825,0.649368838651565,0.016658850845934,0.527601025694146,1,0.719482699381295,0.287307133044944,0.242327435288363,0.357964286148986,0.32766882668509,-0.116373543450816,0.346443983960274,0.333221637907822,0.157442104067142,0.417142467395216,0.478364640688523,0.261770808774491,0.299525614877693,-0.167865026630808,-0.258604699792516,-0.0351360631474648,0.0706431870532397,0.197545716424472,-0.226357948640102,-0.0595047604797083,0.08802129001135,-0.0214802504484373,0.107639739571098,-0.200235275944143,-0.000587382735064909,-0.198495330530398,-0.325989426793425,0.094055285688543,0.0593045648193172,0.149578748802864,0.0356644520573676,-0.034239117049558,0.247517109085916,0.188842978340753,0.349862624447676,0.0534511425915923,-0.457582363281037,-0.259287421519146,-0.0624810778771488,-0.197185148656069,-0.32930761008078,-0.0716416960599873,-0.0383722908695079,-0.0427405208383052,-0.170809891408028,0.0319048204442678,-0.110334929231705,0.0734195857936371,0.104469246750653,0.108573428847777,-0.145258390855842,0.266120115901186,-0.177404991623322,-0.31307448542634,-0.294696699329915,0.106027583660713,0.239532692715503,-0.00208506906548774,-0.0673381715883056,0.200630481155729,0.165942672196676,0.39346486897732,-0.0368626334674566,-0.162401445282,0.0575603803536056,0.299395328771468,0.0357058968589411,0.0786616588591697,-0.201543936328318,0.0703720776794385,0.000444827765026826,0.103344813588316,0.548313443611234,0.697943929090667,0.282436453406369,0.485710757669889,0.510491975876267,0.589704236092616,0.484035393971432,0.240036063066351,0.602241866345372,-0.0221361666534,0.271059032750749,0.304527749277661,0.338128929575043,0.168541398529399,0.442668066789296,0.214896057091347,0.390716750647322,-0.0256741922504175,0.202102892030327,0.345109776840815,0.116550545974573,0.131438035165897,0.291589952109314,0.354317800024968,0.193268219896715,0.377632110967859,0.272593232892728,-0.382250391644894,0.146809738540601,-0.171730308687734,-0.439236532853193,0.00129845685114401,-0.406171504439824,0.561331228085436,-0.355904090881524,-0.558881616427331,-0.508566751558634,0.21604987767501,0.363758633885795,-0.348423120841729,-0.251643151766964,0.178158560601317,0.185446697072394,0.0698129645469394,0.00522078183872484,0.124434795044302,0.0211119839350243,0.228778251184396,-0.411413698130226,-0.492641723828016,-0.469404497502035,-0.0975404678485487,-0.34886858253566,-0.37828051216255,-0.468516604778675,-0.507737533289656,-0.226494462979109,-0.286652757852956,-0.604798722660019,0.225350180858957,-0.180016532819531,-0.116194367560429,-0.0415676726218017,-0.471309287920386,-0.564243329553181,-0.584037349299554,-0.303672109424784,-0.118531807776206,-0.304677017549916,-0.0070930427145884,-0.455245783618775,0.315349676240735,-0.383948673969429,-0.0539895569896881,0.0759422450395267,-0.148637400989889,-0.532543035149798,-0.451667267906973,0.0434666551600779,-0.238922150589987,-0.465780880636565
0.319726563900761,0.638843027361725,0.252773524347445,0.688297084052119,0.349242280552938,0.579905889249715,0.416243772104169,0.504403120372166,0.402894619776675,0.419622410213266,0.278966313733179,0.719482699381295,1,0.217157689760963,0.17047158825623,0.339743152145627,0.312072996455633,-0.199414801342264,0.248374504448801,0.263153369662881,0.120350947419023,0.233734978346374,0.436036348255655,0.023738142415591,0.355591022635364,0.128572192728546,0.019053219662581,0.2211879174569,0.0267067608827038,0.195600330641223,-0.0807034592092388,0.0997233382237395,0.137864931837634,0.143534760732713,-0.0468118233625672,-0.193365142029763,-0.0488808484536851,-0.0390275486749985,-0.194848301048369,0.129830842397131,-0.0474488302203547,0.0702471368949627,0.0837074172671705,-0.0180986651651116,0.198726489728219,0.28598545569981,0.192807721827066,0.100231147301169,-0.380937398659396,-0.232546312612563,-0.142850778885775,-0.264331402521398,-0.416883828491099,-0.134092249690862,-0.0611537338287901,0.0750900649523179,0.0124383541689458,0.0470195147145689,-0.0294387743588694,0.0761490332122877,0.102937332184732,0.201852519313509,-0.0384376447689818,0.275756739806396,0.0820258189447343,-0.146640227419483,-0.303755341333921,-0.0846491359684684,0.218352316907536,-0.0426589412848957,-0.221592499339367,0.01919771576762,0.0623966059301275,0.245295394962762,-0.141140982957271,-0.230196922572309,0.0412302950939738,0.356463397158339,0.157605455356624,0.100050404372799,-0.0100150088123852,-0.00281656696223756,0.236574847882014,0.153553066968813,0.614132201027592,0.512275607544294,0.353141928832613,0.577525546400904,0.465651876170902,0.497211260124379,0.318836368980685,0.591202757955648,0.409874607846557,0.310632973494193,0.183454255819962,0.250151242902405,0.353891031035451,0.0902442533686999,0.485134015646587,0.188091275466568,0.285460996363511,0.268654744390112,0.209094723094499,0.224857983603037,0.152725718203538,0.196684506622256,0.285578134559552,0.400518444135396,0.223519116248054,0.546824336104065,0.29591186622705,0.0683024026242368,0.286993808053611,-0.0754684579509662,-0.452965211834769,0.021641979691656,-0.255507859309826,0.626753144664351,-0.218242322399353,-0.47095869242875,-0.375212246574528,0.35024054491335,0.354277204096726,-0.206024048209964,-0.165215425456685,0.10534884888729,0.0872589272837861,0.170697453857188,0.00856930480288597,0.155164493252429,0.220733678778205,0.242560399502401,-0.319583439718323,-0.536574148575852,-0.36397463825986,-0.146636546932075,-0.486002267656727,-0.397190594667925,-0.432193616195333,-0.254938221757644,-0.12211816842198,-0.239412252056097,-0.561173255016536,0.278324952076444,-0.103052082056637,-0.19909239607808,-0.175005795208589,-0.423508466924279,-0.344707903307331,-0.337394433445669,-0.352472464971779,-0.027788267520179,-0.267352681767652,0.130653495583898,-0.328461463720399,0.33669960229349,-0.344729775161525,-0.156465868885047,0.101781226297102,-0.057485321662103,-0.424693012391556,-0.402327248126676,0.203996394275108,-0.0795868572221704,-0.209945649871438
