1,0.549553979661561,0.291661432781173,0.676721975726598,0.488935761759999,0.312344704259547,0.062426095918411,0.381135645464626,0.644184653023347,0.320014081737836,0.710327078247925,0.645493202702322,0.591756062774823,-0.0790372076591413,0.0915535704245172,0.111108688749743,0.0656641272969158,-0.0709787697955857,-0.0674052766985232,-0.258591216113522,-0.0159838602035778,-0.176526089376109,-0.134742339716272,-0.309103843430532,-0.122208252306452,0.206202672074998,-0.198594244478919,0.183291079731399,0.0849350279329181,0.0739414224808988,0.0705587050312099,0.0043537928243755,-0.0819114462225693,-0.307685510767683,-0.0184408465834371,0.102064159112172,-0.0428852581017297,-0.177491734081507,-0.146527900512154,0.0660475204038207,0.149952718644834,0.270138221965986,-0.104786503684396,-0.0818566888706178,-0.119431908352266,0.0213566150865893,-0.111458094001713,-0.012536253862166,-0.0295335085544023,-0.0740828640876145,0.0629274374358654,0.0025137122064481,-0.0928000994813752,0.00798551728050715,0.134304680295078,-0.000809721021019268,-0.148556244610251,0.270373200178683,0.045468041104572,0.00358885581557025,0.0940788009341992,-0.0215077822613897,-0.024257715908756,0.0407121253956682,-0.0835078303678485,-0.0740120608638465,-0.0191478740364989,-0.201859216818037,0.0494631086413295,-0.204031268976111,-0.10186026256999,-0.0993003187748364,-0.127438012759042,-0.108856042771896,-0.148942960278921,-0.0695222905752648,-0.0858021057767431,0.455963400980165,-0.0557369695789563,-0.00301230421912739,-0.179198125925047,0.401483297794971,-0.0455256819428214,0.45307128961282,0.216702272217685,0.569406930969585,0.401031680851328,0.459511596786559,0.403326969377387,0.659704320159802,0.501394591393553,0.617564428730654,0.722166509595173,0.249045429640249,0.00929455137633304,0.0503837241467952,0.115482922498282,0.0273565109340482,0.0939186635716732,0.182106896879467,0.0026107104825329,-0.0999780745884391,-0.172494889095609,-0.0533225821443237,-0.0400389787347803,0.0643146494667763,-0.223990005195621,-0.160627628885343,-0.212292768047491,-0.104934908608731,0.0101328641516194,-0.0928908587035761,-0.278232424442334,0.0355921474627624,-0.106093000268422,-0.155503571817482,-0.0643693716576073,-0.0533772869675216,-0.11572707939446,-0.223183829239418,-0.0872616071271758,-0.237610064618893,-0.12828572745042,-0.0476682891756471,-0.0423324465614447,-0.109104418036698,-0.0713673573019071,0.0297136812116945,0.107811886800196,-0.0964880858822117,0.0436185710099841,-0.113562189223113,-0.130387746702065,-0.131982503626149,-0.156429965964144,-0.136397665552136,-0.362930395361374,-0.161156246086059,0.0322248528993352,-0.0739782567835452,-0.110189019171606,-0.130550567634189,-0.334904724569795,0.394046295391388,-0.0238585835083064,0.00803816210966798,-0.119720306384253,-0.323916834405684,-0.0313099601383413,-0.266286738188065,-0.113969033406559,-0.126178572110198,-0.0535037690337036,-0.0693671556858679,-0.325631406811058,-0.0829478328436778,-0.248056894893775,-0.187904531622211,-0.187629711725403,-0.341880962690605,-0.0793875696430408,-0.117906988779616,0.449425268311475,-0.0353933878515843,-0.0664808243630014
0.549553979661561,1,0.40540599859252,0.633125601129976,0.0604022357742805,0.676930262253316,0.192586650670171,0.68341956333727,0.468278965100039,0.0293211954363306,0.418606952486978,0.629878345113955,0.333376111659833,0.130114290924049,0.151655435532523,0.115788831109554,0.126480994699672,0.0668464781692732,0.023876636042794,-0.120076008186981,0.163480085859551,-0.0908335636194973,-0.0686524172355481,0.0115761680842778,0.0700889497545333,0.251449144675052,-0.00191344979735897,0.190531864308442,0.0596667721517216,0.138363573725731,0.243830212434991,-0.0366505299778673,0.0551552597611842,-0.0175004172191434,-0.0506765113404872,0.0203128212928716,0.200102113355776,-0.141320178770547,-0.00735044362812654,0.119296705221325,0.21482651567927,0.228127569214564,0.088885783032193,0.111933795979538,0.203718853293775,-0.203348630473499,0.188955388233292,0.0432550765530493,0.0759485469172511,0.237364632645473,0.265353083211045,-0.0351015346450171,0.02302237056367,0.0182939601763582,0.199328298955088,0.0677464210592769,-0.0842701327057292,0.188234500653262,0.21037240878742,-0.0393445041778461,0.276104575844678,0.167821098118885,0.285616069862841,0.218944339773353,-0.0239585638292625,0.0216626869015417,0.0465930463727537,-0.162167950201058,-0.0503877843387564,-0.0556784601792467,0.00466020892411741,-0.293658040433559,-0.18575559718828,-0.0562081989929938,-0.301737123563477,0.0827778440957171,0.0117269153390999,0.127608471728224,-0.0490454435855795,0.0610928747796154,0.0506095575395927,-0.0155398881804695,0.0940993360379558,-0.0799259197567996,0.481764148988267,0.300132404656478,0.372268563042183,0.647368400835316,0.0270238128292535,0.407770683702033,0.148797894420301,0.349788919099632,0.426531957572205,-0.051086800081104,0.186296615111527,0.123771552309152,0.059850557650782,0.246308904920982,0.0846552057947708,0.0731636841736732,-0.00506486547954879,-0.0979326328218758,0.0198061635616033,-0.237602651664958,0.00955673522157958,0.163084203339122,-0.0665584780972412,0.0209745261618452,-0.0743613748232366,-0.0202757180592554,0.0665043536059814,-0.0918385558191023,-0.279949845801554,-0.115502687966261,0.0455367168524262,-0.0455153181678817,-0.0290389621554757,-0.147360231755004,-0.195811635067376,-0.353873649073912,-0.0587413922266234,0.00764602645661894,-0.0233749101859307,-0.0458609691251508,-0.0608990116781415,-0.0226294489486399,0.147991848583654,0.108335460560211,0.0826124027349348,0.0314101629855884,-0.151058621096653,-0.0198671569612124,-0.122352549308172,-0.14717585549531,-0.0627519506233423,-0.275403173581112,-0.489350625094729,-0.276998322599061,0.0163432699008841,-0.125609685938658,-0.107031789988344,-0.256768070673521,-0.384839262138907,0.0937003490720054,-0.0192397312511753,-0.210141789198955,-0.227301605316406,-0.401158061771272,-0.322463760834352,-0.326687696231573,-0.156488392980135,-0.0536345371850667,-0.105513446021974,0.0518248624785902,-0.133997017441244,0.0910473784993009,-0.274476318271639,-0.457297904383327,-0.206293474930395,-0.445541107008021,-0.258168699871409,-0.159593695347838,-0.0353738172572154,-0.0855933516387369,0.00431258275390528
0.291661432781173,0.40540599859252,1,0.082568305993167,-0.162730001012045,0.260964381428125,0.210869121984119,0.124212257981795,0.104161608699346,0.141232101468451,0.146216157582765,0.0862289366925185,0.157325464208486,0.0168861836612063,0.0564400589996199,-0.0984642389845787,0.00821490983452975,0.0924279459784971,0.113859618317709,-0.00101745580428543,-0.218147366910864,-0.0693980101628296,-0.11704890353931,-0.0414526637745938,-0.259753833709726,0.567889001940999,0.544177660783802,0.667488630913393,0.558085364523756,0.575495052174394,0.64857659308222,0.257224598233847,0.32957895239754,0.0291294382485193,0.199569419476418,0.526588355532944,0.167522970228691,0.264400861474323,0.0932918747642396,0.0366130982735275,0.162826101082871,0.0912396934497365,0.399788025268174,0.0837494123383182,0.0177089308519972,-0.0498902385063412,-0.048645800475212,-0.22325752069805,0.160855402727895,0.39642089228554,0.614796017546227,0.154966094572346,0.214206724555848,0.176027793392436,0.560046985312193,0.435016214306445,0.219227866159511,0.219225999516462,0.187283150248549,0.400712010106961,-0.0254571522071827,-0.159797498518906,0.131525700183324,0.180306341049018,-0.193451714033838,-0.173526088068859,-0.158210335047601,-0.256026045638699,-0.319657529182965,-0.154932092180035,0.211284962024612,-0.319358073145599,-0.305361900040476,-0.238355656271814,-0.207077114797314,0.157455066828823,0.0856413800729678,-0.124625561425541,-0.156556830943887,-0.0696651882681797,-0.0770361570410498,0.124210540168811,-0.0317404461241732,0.140001966036214,0.16503000013613,-0.0463936804787256,0.180578676372574,0.308298625275946,-0.141384096470139,0.15147099658049,-0.0113081791616638,0.0295437171838661,0.142262533092771,0.179235119860952,0.0943012877993072,0.237257635007324,-0.013338337189733,-0.0618190049932448,0.0437598104280024,-0.0173345196592079,-0.0359210513827301,-0.328687641025628,-0.00463935795895225,-0.283088034756099,-0.332978041704328,0.0162516396081396,0.0700676554632138,0.123031736773188,-0.209634914220725,-0.271014785808741,-0.00443906055402184,0.343548872415782,-0.285438842093129,-0.0798627704689597,0.246126662598841,0.173241903091794,0.369601117932902,0.252788920127052,-0.166710818306198,-0.205078212750271,0.00337016826327714,0.0757006465733962,-0.109782388517836,-0.0498208072111482,0.0539510536539757,0.0491081661364634,0.0946927261438124,-0.0987191001422799,-0.195073013962328,-0.245912724459129,-0.0890986032556289,-0.323708549326634,-0.358299884957529,0.042541670564576,0.172098521941365,-0.102971208063239,-0.402462646405649,0.0416216552728181,0.262705946890816,0.29536222931687,-0.228541364562041,-0.00275907151290578,-0.297634726763528,0.13625896364794,-0.107297157991227,0.0640691249324136,-0.335260842116208,-0.425112306576615,-0.160150698684122,-0.444028486147277,-0.274560478956826,-0.403747337244295,-0.220896271627577,-0.16237919717235,-0.155153902848116,0.0498672720779974,-0.433447675555868,-0.473866907990813,-0.120056174252361,-0.534119974919257,-0.358637974735395,-0.165564415288217,0.0463111072937488,-0.297442778523389,-0.0664978064026227
0.676721975726598,0.633125601129976,0.082568305993167,1,0.559396240258457,0.441484417856163,0.301276519027483,0.440780157900868,0.821948306326422,0.0918645011794135,0.710858615647378,0.772137721533214,0.471046904519449,-0.0309155921440305,0.0496560565912146,0.182539493025265,0.125492159621133,-0.0330147859189952,-0.0304633361061367,-0.229503031685077,0.14134743234501,-0.063530203821159,-0.0381668990065134,-0.0834148098992147,0.0392841293255401,0.218377164049065,-0.135299995795695,0.155809375853057,-0.0737415652190647,0.00255207567671741,0.0733368040714575,-0.0835848621797939,-0.105780749573595,-0.0179096989906724,0.0277783361780001,0.0866964791697748,0.225397477557184,-0.248471747206077,-0.0144103738025034,0.0420892400280922,0.183291823567382,0.243871676505196,0.0149301826436409,-0.0544823263546509,-0.0149776498100316,-0.127367979787896,0.0273695978796159,0.10416390955964,0.177631444290197,0.185107031199272,0.150954744964417,0.099299250687117,0.120300451669748,0.125418038487934,0.190710627004808,0.177914695640088,-0.143912982217294,0.144432492451165,-0.0123328893395952,-0.202231976843947,0.17193706653914,0.263965698513359,0.263295928208955,0.220169454464293,0.151079431640967,0.0887720272507756,0.210638493062735,-0.244800719722659,0.191971393987875,-0.0725694617822332,0.063042441013289,-0.148212162451794,-0.0375068594148038,-0.170384744191174,-0.0211836079345302,0.0876786042830737,0.169270795759371,0.445681121140373,0.143811180324017,0.0915928372695378,-0.0413712931379353,0.308189524070983,0.00826822567224764,0.116541695252031,0.179920945692613,0.663526127844942,0.190516653681212,0.501322966423034,0.33317596181677,0.732174989432014,0.527262941476232,0.499248840142984,0.697489843460127,0.0849929434762457,0.0590771773729788,0.0241790922032643,0.104607774765348,0.202332554370986,0.0482157489661476,0.14263311189778,0.00311581319823355,-0.165906270677667,-0.0626036900001796,-0.0408080141579924,0.0591529837362336,0.212652847818148,-0.245613945597406,-0.0965960518097529,-0.145627001161641,0.0907218132240605,0.119234648373005,-0.344102049485006,-0.392008935904753,-0.0611990819069938,-0.130183839149694,-0.165990169522968,-0.202647561611882,-0.161174442745026,-0.111793197192251,-0.254127740763229,-0.0541798729760669,-0.217276577009029,-0.172022151212354,-0.0961570402332634,-0.166537599642691,-0.121174057635129,0.0576125920832778,0.0537202211591245,0.133824259998163,-0.0117306049761052,-0.198338052503792,-0.0958298049002352,-0.0918053879990357,-0.13065249752517,-0.136141929450241,-0.369453546085185,-0.286820211407667,-0.317245966008054,-0.0277434258293867,-0.208430032402964,-0.136946663535947,-0.28696711594314,-0.356025181100691,0.0478583228257421,-0.193779281567293,-0.142959436046466,-0.24020958574559,-0.359647503323259,-0.222496334571272,-0.274081970116338,-0.0607976891059398,-0.150027238105819,0.0238459529853963,0.144886096321012,-0.381998155586177,0.0305637286116843,-0.262097584335399,-0.367477309283525,-0.275082987897103,-0.34023283658557,-0.0631282433562251,0.00811854357659458,0.09165948251841,-0.0144139002819615,-0.210207880924178
0.488935761759999,0.0604022357742805,-0.162730001012045,0.559396240258457,1,0.0663593750945484,0.264620791367874,-0.0629298293108123,0.715400406886098,0.148841294526182,0.591308930766157,0.376538483848075,0.344008331979704,-0.0268586547864425,0.136409300809799,0.339326103233994,-0.0631388735668807,-0.139480370041135,-0.00736664560577559,-0.176234032213358,0.184783140502804,0.23062381737872,-0.0300613885691988,-0.127551264536868,0.177569140905928,0.12742403869822,-0.202077171323974,0.00956036853151277,-0.332661988549148,-0.243108720662909,-0.231034207513613,-0.242402673837295,-0.167982298000822,-0.118428856889555,-0.0866409731479366,0.0335176471060042,0.0748337092250875,-0.504576528416016,-0.119714967158628,-0.0631010442102788,-0.120776121639554,0.0998171250702552,-0.294180467431132,-0.453371487843432,-0.280317357851294,0.0564038173057881,-0.262844772401092,0.243861338364458,0.375825568706435,0.162297295418109,-0.13004507714635,0.158558111615848,0.288959314706098,0.256843520273327,-0.0800018048443439,0.137783131379103,-0.195160259500074,-0.175139568523645,-0.362517172610585,-0.109330762658259,0.0779673834973499,0.424893623335381,0.0981568068443997,0.136602655588544,0.377178243844493,0.307427053422149,0.523807846588744,-0.213256197079887,0.598542957899997,-0.0492110157058281,0.0470324470194022,0.212298156723102,0.234231538979348,-0.266219012795506,0.24579020165693,0.150048004122522,0.350222464634009,0.769395359398442,0.41665057807028,0.199225538079981,0.0237570351805817,0.709450102476479,0.234743413887229,0.489503002157653,0.0354792329770248,0.514095634369714,-0.0448801247209174,0.188732729484918,0.711220564743714,0.603510687067634,0.561303492095309,0.370279320104738,0.53197933254789,0.103852531983901,0.0180642704383755,0.0269092108128811,0.17255722937007,0.106983702180162,0.090144372925817,0.145994726799536,0.0429865548900647,-0.221315076431402,-0.188618081641633,0.145754310138548,0.187662641914981,0.304614361394108,-0.407509206462058,-0.262292039339713,-0.177567436434033,0.22038686542054,0.271621411854668,-0.35582667062286,-0.461753707633264,-0.18301067443671,-0.422294658963212,-0.383168960407207,-0.419634711957611,-0.184062672964408,-0.2443914228314,-0.103333281503445,-0.261891589310135,-0.4598243438207,-0.380421885381831,-0.321434082051756,-0.420716963675924,-0.184725328374507,-0.0134319914564303,-0.196427512802947,-0.125612690784733,-0.21549415570989,-0.261836951929087,-0.278248251401767,-0.319355467447682,-0.0143786825016618,-0.158540917312462,-0.370000651832531,0.0509348336362731,0.11062216744267,-0.25417255637715,-0.265048893947353,-0.410933954392129,-0.206260734158994,-0.3296044360957,-0.0696623725874196,-0.376751188096863,0.265331727794355,-0.291235395644511,-0.232067653539623,0.164099472914371,-0.128760551539004,0.253395784823125,-0.189313984859526,0.417904519799163,0.193644370880499,-0.502102732938027,-0.0674495722093929,-0.31131052641499,0.0524895918961303,-0.303473106501842,0.0854555824909733,0.319538375815287,0.218806789202063,0.439227663406003,0.266650798181198,-0.396148430664998
0.312344704259547,0.676930262253316,0.260964381428125,0.441484417856163,0.0663593750945484,1,-0.0624369424864974,0.514509931849536,0.481752550853303,-0.185484373175411,0.295381415216877,0.458011865983695,0.164759938769463,-0.16802836982856,-0.24619633558657,-0.197674658538072,-0.0514809513701112,0.0180438497308103,-0.0536445482110802,-0.0835484431605148,-0.0688400575969874,-0.000524018794338182,0.221694292873331,0.207594929038189,0.0644359406246151,0.146378297053956,-0.106744162519913,0.228920991739731,0.173465760965156,0.238762843283352,0.16507619743527,0.05524293815635,0.102219950578082,0.0299445266582654,0.237018520391299,0.0454480143743173,0.0646211469461025,-0.114419351841174,-0.0649932624805645,-0.0522592542423725,0.0885727525442026,0.0510933390497194,0.0716772178422758,0.149976727574641,0.175539285329751,-0.201456690777818,0.155699607151066,-0.037298726672549,0.103940770359145,0.151706544330679,0.213562912902378,0.104837574229677,0.0649678186969293,0.0888591082393967,0.18267559761727,0.0540765997424669,-0.110337480324362,0.123817104244052,0.0950736629221176,0.0372149447859695,0.180486928100667,0.0766812600405878,0.148030565112547,-0.0756698217506488,-0.0798300968466464,-0.0172404078315077,-0.0249843942765014,-0.158224440816973,-0.00143640584829862,-0.0846860261604074,0.0372337222852653,-0.199595330681439,-0.110210077050075,-0.093761781354574,-0.118100506212234,-0.0489531924061989,0.112529194234977,0.111105641848355,-0.0689069443398888,0.0101792950422775,-0.0587836528856829,-0.0738326380199232,0.206081066766535,-0.207494291803487,0.333745252726861,0.165295533531554,0.318102252845086,0.80418484798667,-0.0756845964865851,0.554930536851907,0.11832140452523,0.302882139691802,0.289909268839563,0.0312689779910147,-0.0683012948095211,-0.207287497752302,-0.175719451317129,0.0204137799776109,-0.0430089432547328,0.0847505781112062,-0.0811961924432442,-0.120031931174553,0.311142469298545,-0.0797996365824862,-0.17281417437816,0.389821785621656,0.245213568212535,0.277731147202007,0.113512566507556,-0.0685747683569928,0.0598240278161307,-0.0528972545696526,-0.294585347442927,-0.0543270736540933,-0.00144722904887597,0.215739513561757,-0.0699295132955368,-0.11082949634059,-0.029883967277539,-0.00682378113417904,-0.0713130221001942,-0.200780714605906,-0.0914480323584905,-0.0462081975259382,0.0215844135712116,-0.0303295414568459,-0.0484412959663613,0.0511244803503643,-0.0135864333862645,0.109485435921842,-0.121940526624617,0.0519863797889408,-0.154684264257756,-0.207618912285142,-0.109829204853331,-0.240116685812127,-0.312965827664203,-0.20498302607133,0.0283320232129759,-0.21544304463586,0.0237453637832506,-0.284757587300516,-0.328424880203286,0.00734500743359792,-0.120516668057816,-0.221303967089235,-0.249525999591604,-0.32031433672232,-0.285590060459175,-0.388282383858936,-0.273713311971163,0.0323552123109937,-0.18276728774624,-0.133314733846242,-0.289082798851818,0.0524360218406971,-0.185186584088711,-0.423163547369314,-0.253150300404496,-0.315855135045357,-0.166665420806011,-0.153971753540391,-0.0226660964428824,-0.21363451277354,-0.170636171862509
0.062426095918411,0.192586650670171,0.210869121984119,0.301276519027483,0.264620791367874,-0.0624369424864974,1,0.130957530427124,0.29460163335877,0.247242739629459,0.137519498444965,0.224518656763692,0.179623288339686,-0.0555930749965742,0.132707833053104,0.128050826236844,-0.149476475752637,-0.0929270459286958,-0.124178134410345,-0.109831180278808,0.185168841891031,0.18428840337977,-0.0623537726707656,0.0222558059945395,0.204601292323019,0.192605315301093,0.547790067569667,0.212943931472594,0.00215698369364521,0.0864227901394656,0.137141785586298,-0.0813648680405122,0.105637213043837,0.211431494421414,0.0101272649059771,0.291080940455821,0.137281528501043,-0.229984141213145,0.15607996093696,-0.195608775116812,-0.212983105067052,-0.145829073526142,0.0432962104704032,-0.135130379340237,-0.177286706791574,0.0799165644750235,-0.136207829417715,0.0492297838350889,0.444018957397707,0.52039429693764,0.368083484706575,0.346562462693337,0.448171288926666,0.515743547297658,0.33053885546186,0.483865128814172,0.0805283214386711,-0.22570907090954,-0.213015260231896,0.105306949271676,-0.0267595929903618,0.232117060153961,0.101263200690153,0.219000382259462,0.446739197911879,0.185256301271022,0.452273927464412,-0.370069622889439,0.295376168827059,-0.135837975864586,0.153466693545016,0.0996705726611345,0.161570426989027,-0.336225041656984,0.110146562098066,0.494955996914517,0.612119278987864,0.171059995169929,0.393010958414851,0.160982248941245,0.173319841202855,0.231243731365007,0.0375384979084539,-0.0421376174271362,0.111317176099805,0.134555752681615,-0.121744295908175,-0.0490851144771488,0.0737065206875252,0.148378083762686,-0.00936272607235348,0.0705350338406143,0.119402381653924,-0.0622827645554386,0.0287905626603809,0.214415130719998,-0.0396654492300879,-0.0122778433995154,-0.0443425716407466,-0.145999065130544,-0.14608681781208,-0.312609156029035,-0.144624931995009,-0.191706228965906,0.0241666453620115,0.156716008695463,-0.41500368268868,-0.317635868056475,-0.234461398694482,0.0655034541605301,0.176876575263508,-0.271567905007583,-0.207458960880516,-0.254141075045536,-0.0984452345554868,-0.261676516128202,-0.0813098903734578,-0.154851503442799,-0.249195053693937,-0.089071131404185,0.059482532188229,-0.0278139133957698,-0.148999435187918,-0.31561392164366,-0.327269583665863,-0.271649893688928,0.0710625838084303,-0.253752948580579,-0.287297618160609,-0.304527233736965,-0.462924960945253,-0.390303623763915,-0.0792445171658717,0.154948972217343,0.0110670287179029,-0.451191504573182,0.187078584018101,0.119379806149328,0.163149004460774,-0.0343401431749683,-0.388756828578953,-0.0971258765756278,-0.191216877639413,-0.462757078744969,-0.408242973030781,0.164769469833175,-0.376318480289372,-0.121674437623679,-0.0522640725441818,0.000375697626227834,0.168878722653212,-0.331947652198783,0.287464419363434,0.105794870781916,-0.142320556381002,0.207241362185543,-0.331358314358293,-0.0817076022553172,-0.317556241480874,-0.088013599327734,0.143009061118793,0.323220288857655,-0.214191048642986,-0.0170208835109568,-0.325143683407366
0.381135645464626,0.68341956333727,0.124212257981795,0.440780157900868,-0.0629298293108123,0.514509931849536,0.130957530427124,1,0.298307204915554,0.356120752598682,0.241566162275867,0.679091675852153,0.498376229611388,0.038902548796035,0.0771407137802635,0.0348713508292997,0.0890562961477152,-0.0390183967878331,-0.00875145245103293,-0.106473263317718,0.0751921353325234,0.045788449700526,-0.0100585356288866,-0.0733648219274002,0.122628983745572,-0.176452722786811,-0.0693669509293728,-0.100565463219861,-0.106374537944563,-0.178549434882615,-0.189754003236636,-0.207819951901588,-0.158590299810718,-0.0780414385801057,-0.177030830607482,-0.249302964074377,-0.159398619459636,-0.195371574077241,-0.0875226922387563,-0.0628832792905614,-0.140440730795233,0.0133041058559755,-0.223528800737063,-0.0158667707819467,-0.0422364847175888,-0.0548740522944609,-0.00388640798660613,-0.0791603433713475,-0.108759922462193,-0.0781085791720534,-0.111738898183313,-0.201748435092041,-0.0791111662804153,-0.100163929654216,-0.118735422399273,-0.238504636838606,-0.149882294278199,0.0020766762487659,-0.0521407615445523,-0.174732889909724,0.286634497677704,-0.0551841452177724,-0.0102250533192677,-0.0194645772596444,-0.0146694983850702,-0.060837679177058,-0.0239584431633136,-0.280889042703279,-0.0205051342738287,-0.103079914052155,-0.219563710425344,-0.240131788130731,-0.0139742185455095,-0.170136900313245,-0.310358470095945,0.0141339374990391,-0.126162963266403,0.0417971265707348,-0.0751648546457422,-0.103321589336782,-0.136136558396467,-0.20860124336958,-0.218518892742846,-0.121316700470834,0.223554142356078,0.170999280885619,0.474958665485774,0.368288037215775,-0.0362348072317149,0.230710658323911,-0.0295813583766298,0.494268101634969,0.239827853897201,0.128671275018476,-0.00575496138733399,-0.0613953395686685,0.042396688043099,0.0225883783185714,0.117986486995851,0.147882327693227,0.0175528460711513,0.0928582402277938,-0.0061048957900727,-0.0844524385972173,-0.146220354743317,0.166399014186425,-0.131908754544151,-0.137193930257526,-0.109674008713798,-0.0986017907360936,0.0397978217178927,-0.146183251790007,-0.0125268765166546,0.0192299719367101,-0.0768112995876434,-0.134906011716561,-0.0981093561480856,-0.204774788211713,-0.274273835749187,-0.126447389070933,-0.0810367783029672,-0.118247824473067,-0.123631656410231,-0.0255840733422857,-0.0945247267702521,-0.110622836111192,-0.0592504805665111,-0.0690701224045744,0.0454023095451355,-0.141389896898558,-0.092255398782484,-0.0735450566822399,0.0545063368407925,-0.0979635014752392,-0.0907858026745753,-0.314665675126433,-0.234054567594406,-0.186496525552891,-0.0728298970644775,-0.227729411549641,-0.118069131424745,-0.0988012035065357,-0.058954241486467,-0.0357200985329862,-0.0624344443151849,-0.169664208150622,-0.209258890275939,-0.0424607740783595,0.0210405321412923,-0.0440060117001909,-0.0251634030382611,0.108010005094918,-0.00250846208059588,-0.163917410588794,-0.207305960784852,-0.090218195452575,-0.0857692918741121,-0.134859275086119,-0.229287804806639,-0.0759283983553994,0.0681338558356342,0.00965845463804024,-0.0483910890064723,-0.03033876732549,-0.0408576214597164
0.644184653023347,0.468278965100039,0.104161608699346,0.821948306326422,0.715400406886098,0.481752550853303,0.29460163335877,0.298307204915554,1,0.190566427053995,0.768386637032752,0.70831571483517,0.520306485065203,-0.121494426639559,-0.00295563629646643,0.210673026186255,0.0432088273603312,-0.0330614460071022,0.0502949389507124,-0.152011419144905,0.0868623867599527,0.0846894618475476,-0.0390095250836178,-0.115176128163951,0.0337240200181089,0.23181453630568,-0.0444896666224608,0.228362553497044,-0.165103671958444,-0.0386611529038025,0.0311452090548371,-0.162923711969238,-0.206702522219735,0.0284924338749414,-0.0779414705996037,0.246579574479855,0.172070850731505,-0.344078841775413,-0.0306155407796367,-0.0416274218559508,0.0249171010557478,0.148837921979364,-0.11860902554837,-0.316608485001012,-0.177541698916683,-0.116962126438735,-0.221179936677992,0.0956612496517239,0.228414013150802,0.18238794668277,0.081482579333703,0.120425825920915,0.250695544792106,0.173095636414834,0.0869090560413209,0.290832037997352,-0.0936950612629008,0.0135503830199891,-0.200872279259574,-0.141986921555717,0.121352280320342,0.290149688288551,0.185880796027537,0.179108866709014,0.238326826171627,0.154550345046054,0.291961836432741,-0.346205951835471,0.298318161702681,-0.112680106257536,0.0901400696384635,-0.116043072707979,0.0236204429943845,-0.356849111817162,0.111868163989961,0.136379547751179,0.221933155738506,0.630171480565845,0.240675670697808,0.0821304643573575,-0.0444378681289317,0.53016174146669,0.044933140575069,0.304080532465766,0.0755593381367074,0.560593832485647,0.070268339537811,0.444388072982078,0.460866535289986,0.868990012963108,0.642539248784835,0.464502165565353,0.697460560997356,0.165691786212151,-0.0391680124772269,0.0178901140559614,0.114252699633408,0.0811376494768732,0.0721079604311878,0.254103865824812,0.0548656349667933,-0.316744435838146,-0.0526780638527755,0.0953980437453109,-0.0675968024649779,0.299443026691802,-0.265717037663574,-0.201487364015592,-0.270425044503048,-0.0962575973280502,0.0851817259673087,-0.365838892223003,-0.538330950349565,-0.03233813032162,-0.246942523719247,-0.188322684446967,-0.279545508747244,-0.231821656791389,-0.276227375250537,-0.237395790671898,-0.167136065617524,-0.38504814813642,-0.360716584199398,-0.201310192112943,-0.290562814119202,-0.101151745783682,0.0501789508609227,-0.0394488893260094,-0.0271950145179205,-0.161264252441361,-0.325410805337681,-0.315387091315184,-0.271861569559356,-0.03845656785378,-0.205768540646108,-0.307483201143724,-0.181543262964511,-0.142174483408378,-0.132402876571937,-0.196097322161383,-0.369661728017509,-0.24675086973921,-0.411136626821133,0.0102007725913161,-0.335368325434656,0.0468888854109961,-0.390950775802106,-0.363286206034585,-0.0472211445300226,-0.259793180061104,-0.0403465150377097,-0.225569014554671,0.0889827081316479,0.0307468602257144,-0.547752510992018,-0.130084971720672,-0.358481546977491,-0.263103258855934,-0.3520892786844,-0.206356518656275,0.0392673410810565,0.0713032500654719,0.293584644858104,-0.00447501807490076,-0.379178146257217
0.320014081737836,0.0293211954363306,0.141232101468451,0.0918645011794135,0.148841294526182,-0.185484373175411,0.247242739629459,0.356120752598682,0.190566427053995,1,0.207195952068156,0.319652747957666,0.741570570373506,-0.153266376495719,0.040418274493216,0.0933607703712796,-0.0987649596826433,0.043302857661435,-0.0330124669148838,0.0125751733413583,-0.221078670808812,0.050826165778086,0.0892474600194497,-0.239485046657922,-0.0147729372353035,-0.2531401646627,0.188385193818541,0.0249003931932319,-0.0502275192684227,-0.192840752020468,-0.184228826865621,0.0451593428371681,0.0674487270331636,0.0685534743948716,-0.235219168192145,-0.10460642412566,-0.392119785928568,-0.0777842845847749,-0.114340568307933,-0.153421263362923,-0.355220527467621,-0.228914004733134,-0.352990696178762,-0.323183153175415,-0.438969225466305,0.402680401069558,-0.347627851527781,-0.284807588950428,-0.0693104165122202,-0.129507009983582,-0.18945334061201,-0.199576184917844,-0.0268332231008964,-0.125204121904628,-0.22299537723359,-0.165239690805502,0.015987182577972,0.0824047143381704,-0.224151999162555,-0.167284929883773,-0.189662423599088,-0.346182137669474,-0.304273573484284,-0.140672819068973,-0.106851448995186,-0.192202078057558,-0.048197803921627,-0.386531071101739,-0.0585924167171349,-0.302174331917496,-0.218639360601896,-0.194300790770742,-0.130689315203001,-0.45328307710605,-0.222418832212859,-0.0223667362439082,-0.209262026981924,0.152917528324892,-0.0406113895984651,-0.240663245585073,-0.16666004244193,0.183809178063129,-0.495290867043195,0.406899170323089,-0.185215343748275,-0.0490037470208103,0.218050642414802,-0.211793655906769,0.229181998816527,0.0504257571597353,0.111508079440602,0.464663236749454,0.114142895665689,0.509906968979905,-0.341202380490754,0.0144939051831842,-0.03981018843948,-0.184418602893344,-0.0191901252389321,0.0573896939076925,-0.0877544476748445,-0.156837249170516,-0.255717380716231,-0.00774341482996067,-0.346878456713152,-0.137529771537324,-0.229281831075278,-0.306814959132078,-0.285655005578156,-0.218167249257181,-0.119265413442941,0.051368995619238,-0.0952043672456678,0.0576194303121135,-0.0442827690870155,-0.224783363332525,0.140376436273787,0.173065587703202,-0.296290086823004,0.078537967075854,-0.0290806339353287,-0.247382279757154,-0.305786819833639,-0.0894798893086371,-0.178211042199056,0.0592452792847886,-0.132110461512015,-0.24089154281351,-0.224975471923085,-0.528388463351646,0.0703079177535186,-0.345935114329312,0.0360700357397327,0.289500532968796,0.156340148682094,-0.105316710159053,0.0716103143011903,0.065572006523997,0.0204665204812133,0.0947615565008973,-0.206492103337444,0.351822857826873,0.132282015343743,0.09966254115894,-0.131151347003876,0.135141249501958,-0.212248935723105,0.241924899051633,0.480362836400628,0.133991873916862,0.181557189889772,-0.310686757074281,0.0716356086442842,-0.367565244049606,-0.313105389817007,-0.288149515624845,-0.0595440077229628,0.195281364659754,-0.239563579374712,0.135790267438797,0.27609077097124,0.251194013428788,0.29314000356418,0.0529791534782058,-0.0619387254763159
0.710327078247925,0.418606952486978,0.146216157582765,0.710858615647378,0.591308930766157,0.295381415216877,0.137519498444965,0.241566162275867,0.768386637032752,0.207195952068156,1,0.582746883938234,0.489699825975764,0.0212684229644306,0.15112499951857,0.174522927663344,0.0698797847525382,-0.0170993880847142,0.0148756035878931,-0.202578773251035,0.147833443900017,-0.0174555080264444,-0.0929101580565035,-0.101147759486863,0.0310812615810351,0.103636608009951,-0.0781998870851808,0.129053930326655,-0.0911751558222914,-0.0292062263689828,0.0475367057921311,0.0617312721891176,-0.0908647582413385,-0.0897272502779642,-0.0588062598157962,0.0208513807621947,0.0663162046100708,-0.264336633119526,-0.0612712745548791,0.0749217527201818,0.0992916529057029,0.206963135000592,-0.169646765263916,-0.181835158731602,-0.216606994751678,0.0254657494015056,-0.16257099918432,0.0044973945347491,0.0510077946185684,0.0441683577188522,-0.0114709163287686,0.0572179907223042,0.0398541446422562,0.0119890063206988,0.00623070731546989,0.0683661550107483,-0.0794249144208766,0.205312208219636,-0.103705107675034,-0.150643307766442,0.0909578666651377,0.124039515465962,0.0220023849054152,0.0970116707277013,0.0309964628913644,0.0860611736659364,0.11281155035454,-0.19822019927213,0.179385306957485,-0.151301503572886,-0.059709340169261,-0.0983901083397848,-0.0860140763325974,-0.174333631759565,-0.0668456019388451,0.0333958484766909,0.0408866244904994,0.618075265939414,0.154167532479335,0.0140323282606062,-0.0526872334881365,0.481067686910331,-0.0915124208910831,0.460227917128351,0.110346343455031,0.572035465305315,0.178470301780483,0.394770508783982,0.540453956235563,0.688117061922747,0.601279123486956,0.372784169327343,0.745709503531633,0.173749953721045,0.0360031497834073,0.0585699400744124,0.104149287763974,0.0834765694067927,0.0767541062555553,0.264308758636935,0.0597933039796,-0.165392858695501,-0.0656191529891287,0.144267765198529,0.0359765516609176,0.213429198326029,-0.229852160722677,-0.211483536406517,-0.112255818567169,-0.0387465089164954,0.0916783739815241,-0.250368475292543,-0.449306027630568,0.0859806519330299,-0.188314949403772,-0.11389771406833,-0.16622634947252,-0.0700351775969738,-0.163383878034565,-0.229502806778534,-0.147796805505589,-0.3253873375871,-0.242145699353332,-0.10072441972686,-0.165116316827318,-0.202963849240097,-0.00463699582234827,0.0113730497195025,0.0637127661930335,-0.103235784949301,-0.122874013548627,-0.155140505041452,-0.18267465931481,-0.145872182116961,-0.182705788940199,-0.245623527571941,-0.278239419887017,-0.317166066722504,-0.16887015439396,-0.177464440320471,-0.313542144446557,-0.205382552720679,-0.385412059739554,0.330280341032455,-0.171305342351821,-0.0251163839638563,-0.205148670945409,-0.343345495169166,-0.012011077262927,-0.306577690447332,-0.142328256237056,-0.21586020747456,-0.0894549823664266,-0.0497061406066594,-0.496874311106967,-0.228631420492652,-0.248352647383353,-0.171512659896425,-0.150561525757358,-0.345743836108808,-0.0567467646286186,-0.0583503015649582,0.515791937455006,0.0564720392693552,-0.154027746969294
0.645493202702322,0.629878345113955,0.0862289366925185,0.772137721533214,0.376538483848075,0.458011865983695,0.224518656763692,0.679091675852153,0.70831571483517,0.319652747957666,0.582746883938234,1,0.688696761967389,0.0683473936763714,0.103014796847538,0.209494301593,0.0849842423393542,-0.115043977706591,0.0533534133593045,-0.170976701795153,0.115964346470489,0.0363552556703435,-0.152520619740494,-0.25982390138549,0.0559624146361808,0.134725429501076,-0.158707876428248,0.138542127676432,-0.118152586162548,-0.0816816883299955,-0.0557895793282038,-0.279938263336335,-0.259152752649299,-0.0547875422106036,-0.247252394595713,0.017121313900001,0.103587069533329,-0.273775481122547,-0.0009164935154208,-0.0878521730256649,-0.0324204786115936,0.0957244308521823,-0.07687308394322,-0.186057452950518,-0.160159744606633,-0.206248124303778,-0.129118023164215,0.110704262229742,0.154868573562542,0.0840357059343897,0.0757370127388814,0.0284205739194476,0.138158761279809,0.018197748785843,0.0639341907009597,0.0883877511732099,-0.138362722277672,0.0144030377576135,-0.137712562712257,-0.256479489817221,0.285681498079455,0.141086763429264,0.216141870950196,0.199702981440316,0.138340064605856,0.0505623451614713,0.171578435077091,-0.309552549311909,0.127001647929236,-0.0287991061049169,0.032298752431103,-0.220018884587584,0.0106518781776869,-0.281552843831654,-0.070187418128093,0.127990170007778,0.0203381289425939,0.366368115358549,-0.005852138164171,-0.00194271972983579,-0.125373971657103,0.166864900132559,-0.172914523830071,0.0655322616056878,0.276711297230601,0.574507819569397,0.347398917398097,0.465008905780773,0.285274065235088,0.633430158608812,0.392510842592305,0.70462635973652,0.67732068773168,0.22904607118474,0.104625767836308,0.00737049004462384,0.141321331566775,0.121367016463087,0.124266311037073,0.182672812823689,0.110172907554521,-0.156183021026568,-0.100859540654264,0.085640963715539,-0.00581181714275686,0.294803214709789,-0.386137862971284,-0.221044233611086,-0.283030932562318,-0.0453107316382342,0.10399831704949,-0.226797266109713,-0.300845432776147,0.0489832810630321,-0.0960699598879771,-0.237231585094357,-0.220453539331556,-0.228514251567564,-0.275403321057195,-0.328563956766477,-0.0145910710931469,-0.213942229647316,-0.235358148268937,-0.0870639403062736,-0.157024317460642,-0.0933017066508559,-0.0285013872105235,-0.0542094705478747,0.0656563688734734,-0.173325691532177,-0.226062719246004,-0.179215477208045,-0.0622249561927544,0.025525016065641,-0.210920995735662,-0.258786979944325,-0.205129541831358,-0.170376760152716,-0.0771822051146004,-0.149834898853722,-0.221570027538745,-0.203750600225123,-0.240303726222869,-0.0183454486803785,-0.210671254981281,-0.160507281746958,-0.281220694622118,-0.196837315876871,-0.178950739992989,-0.152883695649413,-0.0202350172734562,-0.0751715972295719,0.0359336584398417,0.0285224250794392,-0.325391583078503,0.0128732470753146,-0.18230745538491,-0.267056936189828,-0.36475270255672,-0.152164557654857,-0.0147178980066209,0.0322453036928233,0.0369203123529402,-0.0880248900810593,-0.208100114644576
