1,0.508454243333048,0.107979533380823,0.47680660061493,0.559749184522948,0.111135356078687,0.16819004376432,0.185982062088879,0.312436040534131,0.569158725139023,0.548918097256056,0.495840765032636,0.577430069700199,0.351022434222499,0.251861179448803,0.173607362776631,0.299398695283738,0.308054065754618,0.445927790347378,0.380194595137687,0.207657407345347,0.225042954081341,0.0740290188168637,0.0925045705636705,0.257967690121446,0.0171600413366283,-0.340959566479199,-0.240885915171618,0.055452198645074,0.00752641331346705,-0.242236177316622,-0.15042337420663,0.0537142696214201,-0.0747344948741152,-0.484439753447962,0.0688964949901305,0.308999133116764,0.0752097567698476,-0.129611187879975,0.0184393227131681,-0.292788126237507,-0.0130236884347943,0.0920404194633798,-0.229184504709346,0.0843959006795769,-0.130507323557234,0.188165039138682,0.0120727628206576,-0.463309234371322,-0.429602687080878,-0.221045861753753,-0.242843891563702,-0.261294349181152,-0.2515107717596,-0.183220032549433,0.0295560204500894,-0.11633611666351,0.114086837072004,-0.025899846752237,-0.160308179464652,0.0501635294242646,0.0127589863081336,-0.144566250664238,0.033256459428984,-0.171424764441342,-0.360425015960523,-0.202723567780748,-0.0644856681594101,0.242024868871548,-0.0734419512356268,-0.0697302808144968,0.100007375613235,0.0111214339767594,0.155559454673886,-0.307921676877199,-0.296444252736885,-0.236918583329727,0.295874446011307,-0.0416104523543876,-0.0111576358711379,-0.0145306771161446,0.282479040740379,0.512832269153494,0.61831282540805,0.597636802658093,0.4351704966933,0.115304702176853,0.119062531240717,0.455104149571492,0.218539850434248,0.313860430679304,0.51361759430166,0.414328851257232,0.338320732723502,0.145243632589369,0.0347671004169105,0.141329384174555,0.219027966855026,0.300187967904796,0.239516631429379,0.425978529321765,0.12157023415132,0.0932479238395543,0.358539161397902,0.199175988940044,0.174333742029168,0.0976657279723604,0.0356653943114436,0.126132418837104,-0.297503982945318,0.121682410154948,0.260629832782707,-0.0748630141905934,0.255485294498831,-0.191750924611757,0.0616260472255267,-0.357238003223581,-0.207393801616269,0.172602132480527,-0.283448835514151,0.0943014714884893,-0.109019874823471,0.154102814362147,0.0392950314114204,0.0473768706744587,-0.365314976166451,-0.195571100025718,-0.193464800699129,0.0809927505622182,0.127716822071714,-0.157163836024131,0.0610469254678406,-0.171884664632979,-0.327905024368536,-0.30143988014406,-0.115859817302951,-0.392909144539577,-0.353629619906453,-0.0553069840648987,0.0228480939586769,-0.2269810535452,-0.208169927168016,-0.307096408030267,0.419520271005352,0.0658204514846306,-0.082841235151313,0.0204554731946693,-0.235850814850183,-0.133615038967532,-0.299866177851546,-0.258484982914482,-0.00942572017872512,-0.270645696134378,-0.0590216814661088,-0.131730329629641,0.0622719076993526,-0.211288712636831,0.0962865352908781,-0.174926215392248,0.0408356445099251,-0.255467883822737,-0.25739310550114,0.219061515696688,-0.126294799320471,-0.171311010091305
0.508454243333048,1,0.29592801196377,0.696012509650565,0.701223641852959,0.700931498641228,-0.254776671536948,0.604334929286739,0.730759243036922,0.719519933810471,0.719695173699578,0.76536423041911,0.799159041583851,0.409551490082304,0.205151225053814,0.224072726456383,0.50312284451057,0.214253975068907,0.371616329287506,0.48636506134422,0.228071206605489,-0.0309862107961975,0.158809984985474,0.0569569625541817,-0.295624138574139,0.409721115772324,-0.503584640552491,0.204215863354667,-0.0441498238579523,-0.0933868922578033,0.0593329163339319,0.068393643901391,0.30643628950847,0.0842818189223883,-0.412435691133249,0.182800001439544,0.308091716984971,0.108824676810895,0.101691005446341,0.239339171888006,0.0143686284633187,0.302397089127309,0.208558275426388,-0.0398202676471193,0.372993790636448,0.0519887443765126,0.388815830190238,0.167926381741813,-0.361603568687309,-0.268925233562731,0.0575387666292922,-0.56356085139543,-0.481254049647671,-0.441817844840985,-0.170317169226249,-0.208658918448066,-0.257299369087145,0.179350967287361,0.0177201621035378,0.13727405483474,-0.328750652452864,-0.235608962943114,-0.397215976111622,-0.270645926928944,-0.388026547462605,-0.322411840776832,-0.603599932381816,-0.205614040739532,-0.155305074267914,-0.386187326072032,-0.35735336996265,-0.28183102280139,-0.406638924249288,-0.0688778059929206,-0.523962333662246,-0.513308853972184,-0.60877564719533,0.077866003574394,-0.385948213421206,-0.437693665899964,-0.40916179159903,0.223583453822798,0.596997467880746,0.41715990376311,0.735391282388135,0.691465188055664,0.142120545229368,0.458176639559337,0.630375564321609,0.708621472583997,0.716279180968306,0.601066591006226,0.675955431837999,0.712197372911591,0.172385519476594,0.137172034605022,-0.0532545409581995,-0.153816315846794,0.520864322710181,0.315370479477087,0.421468289629544,0.181251718682143,0.088377664058063,0.40312746054196,0.250069974319916,-0.255138239390566,0.261755443596954,0.0950890608614412,0.0958659977544117,-0.181442357370071,-0.261730629121935,0.316797477554295,0.148115441648345,0.359113529077164,0.219901307664091,-0.0783721383919248,0.081014632298757,0.175892149664066,0.499143101807803,0.154928104046931,0.501478648785553,-0.069773539667792,0.371531065001422,0.3003205779948,0.333012803559512,0.0663380457249258,0.118267321216704,0.165222488934229,0.405249765695385,0.458625331779,0.111407697224506,0.341447714024817,0.214356848005607,-0.138933542582643,-0.180376667169141,0.113400338755718,-0.271024141181502,-0.204197159882776,0.127118461983972,0.0535482605670412,-0.0776188543527148,-0.335023432846873,-0.363825097092316,0.520867385030184,0.0034136375091711,0.25208762262045,0.16260032177993,-0.101359524876659,0.244353410108461,-0.443240040003179,-0.42487798471812,-0.389647544726609,-0.497392950859774,-0.0855577401723132,-0.453610274703507,-0.0179566677225502,-0.100058299441054,-0.302359745811726,0.0286849251803271,-0.368909432000378,-0.428462984600612,-0.439587272346261,0.213406227820993,-0.414614496847273,-0.288145167833953
0.107979533380823,0.29592801196377,1,0.494009148934415,0.142051853497173,0.192769178352509,-0.400952956410186,0.226445582232326,0.447560196149665,0.34561313182146,0.520401023057961,0.438282113215663,0.480017672683297,0.303528628396902,0.167570557293734,-0.013544160818578,0.360123725537726,0.127959826736884,-0.130111832703418,0.130035343507615,0.287847230456827,-0.206014337628239,0.353201695568971,0.336223697165297,-0.113051266617461,0.513823484262646,0.220733435315468,0.537982534073992,0.44924741339669,0.212787006293434,0.675021402475215,0.621067982158315,0.548697856052314,0.296621996977094,0.226374336659222,0.47788401554866,0.351587163084188,0.621437191772817,0.642530711584097,0.48543659679796,0.0618615613520728,0.474941907376662,0.310153803540745,0.191879586478437,0.390751212142131,0.495270694850496,0.313396120054305,0.298927031624793,0.103235649114595,0.0201677600107711,0.622810823820499,-0.261707005165082,-0.544256173837173,-0.404628983421105,0.0804630616223938,-0.542631015970756,-0.311337356696014,0.286224774688257,0.308462558031899,0.242754080189284,-0.551661693986274,-0.522283992161691,-0.454958801647278,-0.349349101531962,-0.34735557302976,0.253959213018048,-0.532848415608595,-0.50723357971255,-0.437953293544582,-0.566053047232935,-0.620352387619544,-0.630405302607493,-0.631672198656175,-0.386505026748847,-0.516529164649631,-0.53904367522443,-0.576691171305043,-0.230653418175228,-0.455273767156323,-0.434180825262804,-0.360177283264875,0.132151638469641,0.417825296532894,0.287134944457396,0.434664905687101,0.449918924955302,-0.124248856823369,0.323470856375711,0.195950982493215,0.497323130789794,0.477361989915634,0.0712415761335166,0.492024396567605,0.576545661970253,0.30309395852007,0.140921389106748,-0.189297602366923,-0.412225125902643,0.460827508428018,0.144024619435334,-0.20878108216811,0.220990608029455,0.172438865689449,0.0656315501138298,0.234621530055082,-0.334364149031311,0.332856637785739,0.395425277744224,0.211695056224851,0.268569725763972,-0.183375633995631,0.669877506059374,0.487869481839271,0.333987845270739,0.598888299853777,0.116569906621375,0.442643954879243,0.530447737727368,0.436322983728987,0.460237505393089,0.399876571508692,0.0891728038803871,0.367352378134356,0.533781367326986,0.276118259431026,0.0316398143628912,0.425388236012142,0.31869757461406,0.465644034807566,0.485907680446676,0.594703782156788,0.303581664226466,0.58584557484403,0.184282272424338,0.0486256584750221,0.0510465630543219,0.0476791640547541,0.0625816289941808,0.293811485223228,0.0241358840839762,0.320505867612509,-0.217060325338488,-0.201592971049745,0.46064893361437,0.377663243598755,0.524998065236943,0.126564033738634,-0.00690485961152456,0.29004463515849,-0.132384736927459,-0.206016336295138,-0.611188311342245,-0.272496453734754,0.153773582825214,-0.357872544352937,-0.00550482556067166,-0.0934672294142588,-0.528292341977708,-0.144082789479819,-0.597452808453534,-0.172751511244442,-0.321108069714209,0.131299287926218,-0.304381134594642,-0.00577416388108491
0.47680660061493,0.696012509650565,0.494009148934415,1,0.726953780092356,0.575190593578621,-0.302569777085337,0.316050037870378,0.83212318661188,0.574301652549227,0.822772029246235,0.855662140098205,0.786136738953778,0.402236478597163,0.322349546898158,0.171641088177849,0.546594401188806,0.351209667874434,0.243119978819429,0.597085020097343,0.438923300217969,0.0841997494180096,0.371496287592448,0.239718740227247,-0.306133680949811,0.435427664359797,-0.229542260285457,0.316444259743919,0.227573644805213,0.102343696033244,0.317745978978497,0.341098884769775,0.513101563680532,0.323944423599014,-0.231558729363611,0.386881624569284,0.45350736591531,0.378382336361662,0.379967706001312,0.376574272554429,-0.0190572349475613,0.450753390456882,0.359824222631491,-0.0680540620633023,0.50260424913633,0.309553978422656,0.519789445673366,0.0464685269584906,-0.269010078224269,-0.187981580317567,0.287956019628974,-0.560354321958389,-0.633245638663236,-0.638538805734986,-0.00100136197030523,-0.292937038901295,-0.241347581091562,0.272976981407664,0.141982936147094,0.23462479387542,-0.484277201640754,-0.43629525833402,-0.530945959441926,-0.333145392210772,-0.465506611037584,-0.105603274464498,-0.678108693103049,-0.445801777364435,-0.230971064977228,-0.448901160581689,-0.483159608290223,-0.363355886529106,-0.519161015691381,-0.247788823710402,-0.641461294245308,-0.688582447984365,-0.718580219610641,0.115014272480568,-0.392301468090334,-0.461815633940873,-0.439776087138414,0.387909770046438,0.620726988879318,0.510254892625343,0.723251617383827,0.774931120668268,0.112453537155542,0.397417801683815,0.747810069230836,0.779988012054231,0.78976243301095,0.538299283127702,0.785094500035583,0.686931645757479,0.305895863074021,0.181293617448939,0.010104784353037,-0.162478900391697,0.629840335653711,0.343652105392037,0.251522824888283,0.407438790505886,0.0131484924196766,0.416721480195817,0.356362721577672,-0.3843395385227,0.405396858356034,0.184410166229759,0.108163119743613,-0.0122129647763494,-0.38089744053324,0.404674701056234,0.375785119149287,0.388764051521967,0.336569818364172,-0.0356945199073881,0.149779851337222,0.269200981605688,0.586105195635305,0.174986032063846,0.523770566090297,-0.0589660582298837,0.509525893504569,0.550106466067478,0.401484985162946,0.0281051293054357,0.255436966897474,0.130017565793136,0.477449944329208,0.528479416476931,0.347627051746466,0.361816316879994,0.458206468551806,-0.236439055549246,-0.316147044893216,-0.161695890746804,-0.383041907867215,-0.351322561883387,0.257129816628951,-0.0191533295064263,-0.0567964145574875,-0.540093837850224,-0.527265179830301,0.574205673641258,0.193451730311074,0.376122735417071,0.0618669464571402,-0.238253592356949,0.335232907151898,-0.459434767935641,-0.48881852498641,-0.482584201189541,-0.537399356281208,-0.104949420373528,-0.542830288678063,-0.0889478793067651,-0.307064263762829,-0.376222710338948,0.0336800567801826,-0.523812406784319,-0.528071539507527,-0.543662338628558,0.351825284841455,-0.40656188632746,-0.182328903454983
0.559749184522948,0.701223641852959,0.142051853497173,0.726953780092356,1,0.565551343598394,-0.0511435199617209,0.441094952338892,0.720212848269384,0.567699349486349,0.681132667341213,0.73252276523364,0.684058554715255,0.314833089870375,0.22096030016889,0.141007033768968,0.383087742231823,0.266162255805315,0.438445721055261,0.55874125246046,0.217297808003247,0.0923938641883715,0.0562335689729203,-0.0364407074719172,-0.126353249002723,0.233774971770143,-0.406736480055067,0.0567104193680723,-0.0771414997479163,-0.122684599502127,-0.084854421247453,-0.0981465718487226,0.149524100149047,0.128821449336224,-0.404891640141932,0.242626455482224,0.248009772023513,0.0608316999463399,-0.04373947710513,0.146279051603079,-0.00370559097070696,0.120773446723505,0.169113881041316,-0.235949079694186,0.262438953257079,0.0022514539163949,0.28429292310964,0.108556300904385,-0.420229686421055,-0.262796266523803,-0.0893494408079144,-0.45326117528464,-0.462866868344389,-0.351441906536011,-0.0438702293956137,0.00168850580075766,-0.142186795013637,0.176894535857707,-0.0232318247905853,0.0488287666378588,-0.149525588116063,-0.0380671079740025,-0.310686399823113,-0.100429817047654,-0.299807979824221,-0.391828478105106,-0.413418836948763,-0.229650178562953,0.174638957806269,-0.181283742526225,-0.185991292562768,-0.00821220507975363,-0.197434310745371,0.0490011002345863,-0.438442633853316,-0.487941859103017,-0.419201290814542,0.287176654491339,-0.139186242133624,-0.192763779757578,-0.261800742031018,0.213413877864799,0.591917158954521,0.591116180858326,0.652493825288943,0.579067232381307,0.283690556926813,0.404034959931563,0.829441300050949,0.597310768860654,0.633915298443329,0.666007619091047,0.643278151230465,0.486608285554451,0.244537174648758,0.0856596720874939,0.162643156610306,0.0707762288070379,0.428597534981881,0.314008914558793,0.49321076751062,0.281620050884326,-0.00432074791925095,0.487173853620614,0.241544244925091,-0.0243335984479724,0.266140646916141,0.0412889385081109,0.041971383771836,-0.279603646926972,-0.173715683873264,0.257671066885232,0.0341888924964732,0.32214734338233,-0.031234645677525,-0.133541067340387,-0.192218959116847,-0.079520236110251,0.39669107065446,-0.113036148326388,0.326180605474362,-0.225343407469419,0.369062489073617,0.237570080014677,0.195247638142454,-0.185512166367998,-0.108971292179063,-0.0600023342748528,0.231134385792682,0.253096459468131,-0.0437829819253822,0.152106826665171,0.0486841919771506,-0.362836086697291,-0.412158623536296,-0.130203484557279,-0.507656705389879,-0.427386180460695,-0.00181672766198766,-0.0881505442098434,-0.280321511323529,-0.463335090940272,-0.488738778323135,0.425238464078589,-0.00577267732757922,0.207264460455584,0.0376121560160732,-0.299787074459936,-0.0096144574257133,-0.523190234856427,-0.492876230522756,-0.282508842207263,-0.509136343330696,-0.191662621680139,-0.473584756206508,-0.0611930797083793,-0.282762011347124,-0.0822331390851508,-0.0384551679214105,-0.260206703850919,-0.528912553300684,-0.490048895066768,0.24791456725548,-0.302536605224593,-0.358336015549939
0.111135356078687,0.700931498641228,0.192769178352509,0.575190593578621,0.565551343598394,1,-0.34224154036576,0.517134658860872,0.740726758790681,0.277841184664909,0.493896860773746,0.663671826158617,0.527321583490585,0.0734157417999914,-0.0257968525928323,0.108371968025818,0.25150294452128,0.129695675735083,0.144083675514823,0.293199570165578,0.104977547469284,-0.108186517325085,0.162003587090964,-0.0106112686044515,-0.418647009473695,0.424768858257296,-0.234578462707698,0.443259795139407,0.0416912296082282,-0.0146859730295595,0.248792212978309,0.125615832904621,0.247710794253282,0.211241248813256,-0.124708084431724,0.346693114083849,0.0459051143815901,0.0759182477637935,0.152853077784731,0.225659580934481,0.253041901524966,0.315633220621835,0.26443677772544,-0.0232794451748937,0.305963604734821,0.0966778193272519,0.190271152443249,0.00279669707221247,-0.0815316221371018,0.117302000823161,0.241664196829284,-0.304942085097602,-0.36796867048508,-0.38258437105624,0.180537895326144,-0.0821652143010888,-0.218841959175913,0.085779808731734,-0.0228561082803578,0.222443613692547,-0.424781153378956,-0.250972461882525,-0.359912188018377,-0.283139070757587,-0.294981473263933,-0.219343145888124,-0.570129538045252,-0.30861436667542,-0.274136135698524,-0.348946496735733,-0.30244275220546,-0.317322227144527,-0.449914460618622,-0.193370271207652,-0.338174771577709,-0.395733613351174,-0.483281520896847,0.079081536780783,-0.392880348386633,-0.452225271090729,-0.430559302518147,0.200530624779859,0.292856982564715,0.195032258167747,0.435546901332925,0.599099095676943,0.20547976319113,0.663130669177215,0.551000024264231,0.737942639172514,0.641146997018671,0.350396521554134,0.594935558169676,0.568280660104415,0.086407487484992,0.0194708926710071,-0.0554292625343433,-0.201545845539745,0.318126859493316,0.285450957183333,0.162363784483859,0.142787249759063,0.123593224948715,0.156354396587965,0.0509289967645052,-0.286488730689667,0.298965519446529,0.140907228752353,0.035829409167363,-0.125793154368507,-0.355490232449733,0.164175535278246,0.196812111774961,0.272355052553211,0.373152236403495,-0.0781268048258032,0.320371835649057,0.346934058347867,0.481622955676901,0.346618970942842,0.579894845788129,-0.0193331315121264,0.244567864579231,0.27435180224845,0.159701973445092,0.145654597154373,0.0941108880809865,0.284984337414856,0.321083204214705,0.32743801501708,0.167741194153349,0.173167242496604,0.301095354386644,-0.0143304338007522,-0.0434421708234979,-0.0551502149770401,-0.175173287315212,-0.0976857616550032,0.197755779244274,0.0721225977061455,0.0265713804445593,-0.287235602782324,-0.323097747286167,0.268565571843265,-0.0461969551581863,0.404288391394109,0.105653034335285,-0.0669362007954122,0.307169287601908,-0.428491434888269,-0.376345383525358,-0.509258607085159,-0.539608338015746,-0.14713210790259,-0.525310580159354,-0.102821570178067,-0.11012099489755,-0.330601375614695,0.175913700949708,-0.470958388987704,-0.398890373859488,-0.391327628033608,0.172209824220484,-0.426979853073989,-0.216833694338939
0.16819004376432,-0.254776671536948,-0.400952956410186,-0.302569777085337,-0.0511435199617209,-0.34224154036576,1,-0.17232026475523,-0.474327582399009,-0.105765309594063,-0.360119460974694,-0.408941572082181,-0.250819870277213,-0.318033764689229,-0.130485641758301,0.0838657650589487,-0.431518020353438,-0.0998197636963834,0.190513339586401,-0.170486216006969,-0.33380837456143,0.0807852348214919,-0.319317680809358,-0.329614058583505,0.455580831983784,-0.223785114054245,0.0890052540093861,-0.480357294529817,-0.287645695068758,-0.149869921404045,-0.577409934970589,-0.312420875089829,-0.471742456165727,-0.412542085188095,-0.365097644663964,-0.392341025816006,-0.284292747123666,-0.435305313927675,-0.478130905831325,-0.49834887019215,-0.456954332889088,-0.680962959323375,-0.509795119984151,-0.511524164935868,-0.542735787739134,-0.446119293271358,-0.320741660684421,-0.0937253866009746,-0.348324600353265,-0.0825824788627627,-0.617286545970764,0.170421632639159,0.38755656559415,0.115262502545601,-0.254278126900994,0.524008542638574,0.473135793837804,-0.0441573239173528,-0.0688524653612381,-0.420565862793937,0.609263294053571,0.605141318691123,0.512378613083292,0.625246962869787,0.623424640314132,-0.205776671812336,0.545109099351037,0.472240451948388,0.653554021055664,0.497007116917041,0.536260832104617,0.665775074742998,0.661848694155338,0.344435657963028,0.191288349764047,0.377627459157359,0.476272937030626,0.557759129772015,0.715364292039791,0.60455701138685,0.733354723635092,-0.0390778370471332,-0.304872941297359,0.0407122578800487,-0.211570291223402,-0.432672187807087,0.36985192918084,-0.214440888355018,-0.203153930715164,-0.572461505777272,-0.512619045915762,0.0286444032517884,-0.397412108976546,-0.380870086812313,-0.176195363857889,-0.213898673254439,0.334633340637926,0.463601918577944,-0.470856390344883,-0.300002633833674,0.185662407640265,-0.387976529825188,-0.158150482304977,-0.252836471540103,-0.354811580599525,0.331027986002467,-0.354425005836056,-0.323767988000148,-0.110237037079117,-0.203027926456413,0.360335183327841,-0.231428212943603,-0.193800262270788,-0.27825674877655,-0.561732410523339,-0.0620404908778894,-0.420709566199538,-0.462042249809883,-0.631359149465739,-0.64048544781674,-0.547327515012709,0.0387998686030535,-0.424837016503999,-0.360854304364259,-0.48515150073265,-0.409617439900486,-0.388441700428352,-0.696936669685652,-0.577627748367864,-0.660819342832237,-0.492862875766585,-0.59056374735801,-0.593284406738379,-0.304341668404331,0.034307630977667,-0.296442937080755,-0.265716468974431,-0.35010565863568,-0.452787645030063,-0.0726767489174866,-0.497566959050755,0.0857164846974432,-0.00970972096609546,-0.173526411304175,-0.0903221141470631,-0.568660280440252,-0.384324451916208,-0.365729129725161,-0.118180789164855,0.210028572009722,0.261631858818807,0.659783082005804,0.294158851101758,0.0405537668940337,0.300863944476241,0.0496064283394315,-0.0577022595164917,0.566424145862617,-0.104486713383216,0.593038300200126,0.028519194294658,0.331752871023772,0.327871247068381,0.590287649824351,0.399456185547906
0.185982062088879,0.604334929286739,0.226445582232326,0.316050037870378,0.441094952338892,0.517134658860872,-0.17232026475523,1,0.413087180248415,0.645817110426248,0.362862092604455,0.526913988698683,0.553394242138316,0.175198426400024,-0.00162264407868081,0.227884101034949,0.408123024607992,0.000374825625350342,0.190969028131389,0.197456425786854,-0.0103405999833848,-0.234304498334886,-0.0497676702729023,-0.189922310926553,0.00375086208064998,0.147274823627222,-0.437490097041097,0.111644669792353,-0.214592029927333,-0.302824461508767,-0.0827890369745012,-0.0433427364261611,0.108565591162452,-0.212367387533009,-0.298373723358755,-0.00831086274080336,0.102354044061738,-0.00595105215644538,0.0201418743216697,0.0868965845761026,0.049710378395456,0.149862941999777,0.0766901553174004,-0.13967176231419,0.153025017858298,0.00206675874263968,0.0873641622428,0.211832521194645,-0.186888010107065,-0.211067050189673,-0.00703227550002759,-0.221970080836406,-0.186237758613307,-0.183165469282167,-0.149870889595342,-0.168017932739216,-0.238529843509486,0.080513937298155,-0.0219393708517815,-0.0352181215729412,-0.184661296545435,-0.155406129228319,-0.230045342005037,-0.206377277556451,-0.286173589824972,-0.274721317542304,-0.289301645970454,-0.107788970677827,-0.0218931424704948,-0.26236210885875,-0.222415041186718,-0.138599855562034,-0.210592015327564,-0.0164752205381185,-0.248664301304025,-0.298012241482592,-0.288674458044239,0.124021502863209,-0.17964447907647,-0.279134775171542,-0.287502370715669,0.0837741351134318,0.262223427009958,0.168024389457819,0.432689241530412,0.459693081565147,0.186941432459404,0.424430886167373,0.392058690099443,0.492744819606894,0.415782151748452,0.365637127176765,0.398724776764481,0.448481806667407,-0.0418899334552194,0.196456798856386,0.0538365185438635,-0.0674750700190505,0.388660011442141,0.15905333356402,0.280505372927288,0.0956326883681578,0.00938292613030527,0.254080225674901,0.205982671170891,-0.122029504904928,0.164224381862674,0.0500095594150937,0.083255292916846,-0.100272742984403,-0.0171734402013978,0.143227917257239,0.0186979892872549,0.16754031083951,0.176705934912703,-0.220882314675384,0.134157776509197,0.0162114358683607,0.183453796834119,0.105469069432918,0.27107925881916,-0.255659946911902,0.100590453865811,0.208357262591873,0.114499473375201,-0.0595106197493015,0.0525399810373432,0.0979247554653289,0.234666839585789,0.210368052305864,0.0756458548337452,0.150194446696523,0.101037226147553,0.0239999712409884,-0.017096474034259,-0.0223986343286024,-0.0265851901329383,-0.0334893636304545,-0.0251795590113246,-0.103797188459679,-0.0464180213481068,-0.0481037909746505,-0.132212726131876,0.176381646501034,-0.110563335234954,0.291912363050808,0.0476734717049311,-0.0561412504680919,0.139668198240046,-0.362271591901326,-0.260362502435262,-0.393141004192836,-0.289341394821199,-0.256312715661577,-0.386836726198244,-0.0510970722306152,0.012914235135579,-0.123788950705489,-0.040258369477939,-0.203852368337309,-0.209530527751601,-0.268066635795878,0.210020061139475,-0.232580237107772,-0.176152646508643
0.312436040534131,0.730759243036922,0.447560196149665,0.83212318661188,0.720212848269384,0.740726758790681,-0.474327582399009,0.413087180248415,1,0.483252999528967,0.868651592554299,0.898969366564537,0.796872223395763,0.262148996018689,0.125540115583143,0.0564828222866421,0.492861182320953,0.289986081730318,0.211235389517796,0.556043471663633,0.364468293022962,0.0239601861578585,0.347336183904982,0.227086565409027,-0.434660503297715,0.504457762670062,-0.167275071126942,0.515956720541767,0.160817237234149,0.0873606648590463,0.384198569545878,0.271580208871708,0.461714243000972,0.412443734843396,-0.0897174998523239,0.445491268020199,0.275823578758017,0.320464001427115,0.278950766238195,0.328675440401397,0.244560851403388,0.492471718007687,0.384416995287245,0.0406854275851314,0.479945605038789,0.266054543720617,0.467814892590962,0.0385396923012934,-0.0877343574183175,-0.00815032812509156,0.337264001429343,-0.569496160100319,-0.578159181045259,-0.519539448710692,0.0569698464924343,-0.216546845575463,-0.301273048789907,0.163795294710547,0.0016224694391235,0.250182549749145,-0.560143929652115,-0.429033746397691,-0.492246022253639,-0.414513753329165,-0.417999363061955,-0.112501864940087,-0.73041071508383,-0.4761662201109,-0.351225944581644,-0.516061507035317,-0.456961075739051,-0.48767458157686,-0.652179043036003,-0.328313159590669,-0.505171973749389,-0.596391909164824,-0.715226977645227,-0.0756659453563487,-0.57302788586667,-0.572569704215636,-0.544190610829583,0.15686428079551,0.643069080451211,0.419638316701439,0.690491565744866,0.810738554449853,0.0182246380358459,0.551371103470781,0.717608992999846,0.938468602999645,0.943339151045789,0.515926777248103,0.908735281175973,0.776675549163862,0.298972652179113,0.0166799141887001,-0.108406226253936,-0.223884346433755,0.558337079205511,0.32205496728944,0.211027104234856,0.369938876327146,0.159993770481942,0.473763150006756,0.354992097813627,-0.26003337147856,0.488336320276807,0.244960035525138,0.219388434841846,-0.199095112399406,-0.421313496132596,0.41125847348118,0.345586915254748,0.396390375185755,0.438604131812291,0.0636086344439398,0.284333013500547,0.436126424147672,0.748298501225359,0.395139606370161,0.60467520459945,-0.0834952546621682,0.460042252910699,0.435859504322681,0.310379472457005,0.0377201753234162,0.159466680498001,0.315398102091402,0.444589199895927,0.571402497314258,0.308394391867343,0.349291140524497,0.444656586933743,-0.0882788102619489,-0.195718839479908,-0.0116816013838172,-0.28150793542806,-0.150152778097348,0.251574223267822,0.0322573655237853,0.0631149421021394,-0.402004628503648,-0.452690064095122,0.536035893347932,0.0466680008182255,0.468484034050449,0.101474281043002,-0.0953400928877449,0.297675656222867,-0.51740769473995,-0.50842502151132,-0.657359797467131,-0.599791134440925,-0.1947679076322,-0.599395919316428,-0.251730556826737,-0.236107347475293,-0.494291081701164,0.0954248100041028,-0.642258927694891,-0.466832674802703,-0.572606303522466,0.155916071498406,-0.569461641971615,-0.332675886167577
0.569158725139023,0.719519933810471,0.34561313182146,0.574301652549227,0.567699349486349,0.277841184664909,-0.105765309594063,0.645817110426248,0.483252999528967,1,0.650954741263487,0.669598275396334,0.806843425994118,0.331654289218093,0.189405437108015,0.263797719393993,0.525210977092573,0.168652837103628,0.325846274628285,0.490578904953507,0.215564969097815,0.0254692703043631,0.148611343467582,0.0169880508555211,0.0199128192142777,0.195053125043017,-0.492425694029193,-0.0588472146363216,-0.13442745093637,-0.213865447918059,-0.10339048420326,0.0186232865087046,0.300871959327654,-0.10521599309253,-0.454053993013662,0.00288091546432234,0.374978234295266,0.129692289029568,0.092213164103664,0.131994611404651,-0.14405114173582,0.211799540856542,0.097084341490912,-0.143641287432523,0.279672682212863,0.0388186060833842,0.352677573117353,0.156107738760421,-0.406197375243616,-0.528257104475357,-0.0964157887083607,-0.457115908721814,-0.459812514336704,-0.419758972760879,-0.350618281230528,-0.300068926410863,-0.208098345525518,0.0976133276951515,-0.0369514069465235,-0.0730771322618698,-0.16025699162571,-0.175082407741103,-0.325926158361481,-0.103387843580392,-0.412886561167214,-0.333385832387524,-0.410053477324435,-0.152328171619722,0.0470543870592294,-0.351523619133401,-0.340475887404775,-0.0850046020622544,-0.247501346269509,0.0305568777258297,-0.543067794858446,-0.493941471380015,-0.462743410335354,0.0898346383326691,-0.225216295316236,-0.325392785797863,-0.28757512007744,0.276590424014804,0.681250647145465,0.474073808280721,0.717160671094247,0.623514856257786,0.133545078932066,0.134343940858819,0.532408797195822,0.49289840840062,0.51696237544581,0.725257430723696,0.548876607639132,0.564618144855552,0.0884175777715187,0.212584666115112,0.0576519904600463,0.0254158571647344,0.519491126025649,0.324317060568611,0.383316476345319,0.28484042582132,-0.0561396623698662,0.467656321421615,0.395400034106161,-0.164479312670729,0.256763891353144,0.0734346514914317,0.12083688678409,-0.127554215827627,-0.100820168387729,0.296978810246365,0.0768306260827829,0.255119866415536,0.0275584437817617,-0.181986995822475,-0.137755663696895,-0.0590006722260925,0.290763488411215,-0.0843604962147021,0.218969317136128,-0.281040825976716,0.370223377505131,0.345215136042325,0.2924600860649,0.011590112864836,0.13554566169128,-0.00364631173708257,0.269603491179615,0.34295056885057,0.0830178031441818,0.267906517132938,0.136400396185382,-0.235637414700435,-0.275824653703289,0.0309923724919083,-0.239596338240126,-0.24749002494465,-0.0408626587589803,-0.169932428554921,-0.115211055790683,-0.238021669601526,-0.266324511463996,0.383795598364,-0.063245871665462,0.157339238475762,0.147594195490924,-0.199472989583513,0.0946795331191509,-0.396503976045675,-0.357703981979555,-0.281055932645791,-0.335683070674678,-0.154103918767132,-0.400063274622347,0.0163918767284669,-0.223346045509352,-0.0865367633738041,-0.0629385511164521,-0.209448045597635,-0.263043882835582,-0.323275778462539,0.200946607421125,-0.258649284255838,-0.224866439996746
0.548918097256056,0.719695173699578,0.520401023057961,0.822772029246235,0.681132667341213,0.493896860773746,-0.360119460974694,0.362862092604455,0.868651592554299,0.650954741263487,1,0.900019972378568,0.880945140211409,0.328924882515442,0.165720984581418,0.0500504980367051,0.55104824659063,0.253818130414031,0.234896442176403,0.609629741746835,0.4423061087163,0.102427371049089,0.324463903705611,0.27028750302457,-0.256519832924354,0.507722175103226,-0.149400091449813,0.412270388063822,0.163479219048042,0.0817986138882663,0.313202940464665,0.312715881471218,0.446051310504253,0.346236985822003,-0.179183561288199,0.439018483138053,0.368162097143104,0.338563976241125,0.289293091336008,0.320020777747133,0.0801728979582868,0.465924627077021,0.375410855979969,-0.0101863643585523,0.490460469744297,0.297673151641203,0.556920470494397,0.0287537209494431,-0.16366320427158,-0.0825225961014674,0.254767722727365,-0.595296768211187,-0.617251615570446,-0.511505197062674,0.0131538948581656,-0.189225071119979,-0.251696512558733,0.37608277933429,0.205686466496609,0.2320949135617,-0.470944413369761,-0.345472107669459,-0.435969079644875,-0.282311869626942,-0.389016000268424,-0.0956829976629522,-0.671659730781914,-0.461518254770484,-0.226893493237674,-0.454241194478896,-0.463874528858683,-0.429407322477203,-0.597324981129595,-0.197271453665618,-0.607815707777112,-0.636993737816059,-0.718464028088244,-0.00921976074628059,-0.479872409725572,-0.422519824882768,-0.387099944093221,0.227524094115858,0.678347292674913,0.504851465433853,0.78730235568782,0.786985195011038,-0.0680662146653501,0.437747382151222,0.616090190026617,0.796477479139786,0.881550495897161,0.558340698652944,0.917128537495354,0.798417176191315,0.266847910737371,0.0816509056983924,-0.168415572084514,-0.200067986225204,0.584405394442645,0.241479946026338,0.220919902401717,0.386794597550771,0.125012805440641,0.507186671595871,0.417418626376801,-0.185360334572639,0.388499131910882,0.196432402052407,0.180211680980705,-0.28607631444105,-0.382126918770552,0.456007947142677,0.288165945267032,0.344060235516783,0.334628174870866,0.0564550225995452,0.178778817064865,0.352104659863929,0.657195424821527,0.273857780111337,0.508589163786147,-0.0739335124067475,0.484946497297045,0.39893979315768,0.313478182572812,-0.0872902556455724,0.119646090969762,0.180088826308643,0.429201386927844,0.562442049897947,0.309176203644339,0.330267699027444,0.383952014140379,-0.113415024440043,-0.235260731697347,-0.0055416948541727,-0.392152132955374,-0.228502508798436,0.209004985639482,0.0209959291710249,0.0239921933587152,-0.443176296738769,-0.521907272421562,0.729306684307155,0.235483570657754,0.414870266420901,0.183454362494777,-0.232100146107555,0.212871918774109,-0.523081243132446,-0.51295891670478,-0.587521421916528,-0.599146427880556,-0.0971142402536134,-0.565924974433511,-0.136478355521967,-0.370468571589587,-0.412374122645151,-0.00204187789622124,-0.628614308138705,-0.466449317105285,-0.578344218981296,0.23055094724192,-0.470618337858128,-0.245975881831455
0.495840765032636,0.76536423041911,0.438282113215663,0.855662140098205,0.73252276523364,0.663671826158617,-0.408941572082181,0.526913988698683,0.898969366564537,0.669598275396334,0.900019972378568,1,0.886960104712963,0.383442974234213,0.193866346075855,0.14264504331255,0.618391308888592,0.270224095973842,0.297282969273359,0.633627109276263,0.382268995032717,-0.017375245387603,0.263062761028827,0.140433521527597,-0.305752049469395,0.459502015031264,-0.226054893462419,0.310180371431964,0.129304343484852,-0.00529252132528309,0.22362102348423,0.214626297005653,0.412444766876414,0.273739207352982,-0.248997043575388,0.440324368027158,0.350406944751071,0.339669081478653,0.297732484878503,0.3790983171094,0.16645627714848,0.496983528425115,0.428159655421702,-0.00513234134640683,0.491913221674999,0.266159496813889,0.53614577131424,0.0891722912826787,-0.167171350135319,-0.199349576840776,0.238153086237624,-0.52323497862213,-0.589017408000072,-0.548878192687399,0.079681107596169,-0.190803083775411,-0.249481187287119,0.156104878102323,0.00792832835404205,0.271636279668185,-0.501064079958638,-0.379453890010964,-0.492529605167666,-0.325073821105976,-0.459334835698957,-0.126795766414339,-0.726658617250214,-0.440193837589417,-0.301690339910237,-0.446823727305089,-0.457301894371643,-0.457724319694264,-0.589566005385621,-0.260975399153431,-0.5707910747093,-0.640241195324852,-0.734690611455807,0.00899841029559168,-0.554931644866326,-0.590154990663803,-0.519017061590836,0.350321568677217,0.642023144877954,0.512836338333831,0.760439116969696,0.865918939399314,0.0358619563467079,0.474434588504009,0.755874949135856,0.880922366703789,0.879429361788893,0.582925441469731,0.891572429403943,0.778838313406751,0.217705873265694,0.167837325047406,-0.0269200132643259,-0.169267107795614,0.663049735130265,0.444374942537582,0.337313235554289,0.410716625326624,0.127926323066588,0.543935010633588,0.375421805007698,-0.229525246944864,0.427365815930075,0.193917275828195,0.13126794975393,-0.207756816965724,-0.427330287984718,0.359353745479621,0.286813713578772,0.43386583026386,0.348489709894136,-0.0392976412369088,0.128226662982429,0.245074258688089,0.657508608914799,0.237160607974851,0.621042530972709,-0.0697619829494896,0.483154010368094,0.451902782514871,0.390175857987992,0.0649780493164624,0.151415923422975,0.285250757262239,0.479724775973854,0.544065110845511,0.274871266287854,0.386785203276567,0.420074072699473,-0.143165285989413,-0.288226757640836,-0.060229670448031,-0.292034056945552,-0.214191715803557,0.300054666268293,0.0777429894901973,0.0343524564998808,-0.420972668258408,-0.449488780239747,0.556019312567707,0.040534059818407,0.453641178665529,0.139108545525201,-0.130705928056734,0.254926121111511,-0.561152011837281,-0.553889453255601,-0.611830164322055,-0.602693585278692,-0.121354275253089,-0.588428525046785,-0.0547466137574499,-0.245495148285935,-0.459254429007604,-0.0316687559298445,-0.588796455768478,-0.480160902788029,-0.593059564958186,0.222792549288293,-0.588542963208003,-0.345545698196866
0.577430069700199,0.799159041583851,0.480017672683297,0.786136738953778,0.684058554715255,0.527321583490585,-0.250819870277213,0.553394242138316,0.796872223395763,0.806843425994118,0.880945140211409,0.886960104712963,1,0.337073976889593,0.136718433811095,0.139773018232334,0.55604331599397,0.282061236175448,0.263027945496847,0.557813364825415,0.383486831127554,0.0770190579285557,0.334125025617264,0.211470238217939,-0.192977900549524,0.427705416305915,-0.316171598354077,0.268397495474918,0.111606643362491,0.0531331858634029,0.194113686732483,0.229879600568191,0.454373097882791,0.225429465855255,-0.30633819321354,0.34129121201359,0.355706531626146,0.294542508769195,0.25546458557186,0.266626673425632,0.00741980816498005,0.416748146607862,0.354784096752375,-0.00376408612687522,0.470313744615315,0.244482975424902,0.506170614548786,0.0357547702774102,-0.24793619684791,-0.261468549074809,0.189234027884177,-0.553031203268491,-0.625340195981937,-0.528638691202291,-0.0599225151635712,-0.2219181554503,-0.270153087227204,0.215421775490238,0.034865536875109,0.130346037329511,-0.450005692990495,-0.342196727498073,-0.505495512622959,-0.312195114007538,-0.423545908430693,-0.168294335566127,-0.675032104843858,-0.32971883448788,-0.156255749532949,-0.486257425576056,-0.443315148912643,-0.312756156316591,-0.494424247496362,-0.0894477107210683,-0.638600899361152,-0.645538153233778,-0.666752350438263,0.0294294095010925,-0.41993073270464,-0.474726742448778,-0.390370927074711,0.29093729073672,0.737255912964445,0.515882521357987,0.819297678497599,0.796991998257835,0.167578388509917,0.425920665596625,0.615367535475087,0.758764626942691,0.785748950244779,0.718601440078144,0.813447275656039,0.792280214298721,0.106845424172966,0.0359263846672896,-0.0561267010820401,-0.074200832997015,0.595680835838235,0.339537251485687,0.288804190823128,0.39698192733879,0.177639372103783,0.530182290051452,0.459993622243043,-0.156163991945385,0.459826410483326,0.246067999356708,0.246999301515075,-0.248375029151597,-0.310085983147443,0.386581894541358,0.317240896794754,0.447642883414489,0.315022323702597,0.0541918428078317,0.0675945726425714,0.221436132287866,0.597080031003501,0.165662511729637,0.527500424418679,-0.110989594230301,0.465263632827993,0.454674119447481,0.391294912073417,0.00996098373544261,0.12999167152366,0.114835461895634,0.427669201978397,0.533945453669787,0.24060018243514,0.367522986827038,0.344422832517952,-0.248657272735635,-0.315005599636332,-0.0291479207847778,-0.417490635222712,-0.283642979869549,0.194341779632512,0.0150220822537078,-0.0417793319258733,-0.457447159208296,-0.507912396284495,0.539801685988241,0.0432981053107826,0.355252830705277,0.117919985287916,-0.241878250297035,0.188155272800306,-0.517012454821735,-0.55013268746424,-0.495587613330575,-0.624641463914125,-0.142835668674538,-0.600315710475054,-0.10851814436339,-0.35262589908736,-0.369218023232907,0.0935587436582423,-0.506817435352066,-0.460856511183561,-0.526358978946482,0.205190414278084,-0.470242139657411,-0.219044142562443
