1,0.67034250470771,0.497256006806207,0.584160138191047,0.029489458855639,0.565463824560479,0.294022527761146,0.525998109214081,0.592123777104703,0.464930487304176,0.646154215395605,0.793077600529707,0.833374273875418,-0.161160094512696,0.0730409037364131,-0.27831412837443,-0.0629288289143794,-0.360224002331499,-0.513270309810403,0.142459234155362,-0.352115882532325,-0.316146728830781,-0.181162503123891,-0.27905924331742,-0.434887616711669,0.0697929783651542,0.16371671623994,0.492232493513166,-0.189046845104538,-0.309492884954205,0.255635819763212,0.212563738043384,0.126427444352811,-0.213993246662587,0.111728011803756,0.0667501051917457,0.00771011431464319,-0.195278826831053,0.23676440189353,0.0833720031892504,-0.11838759764739,-0.125601141271233,0.119487834898643,0.113912054667905,0.0664777716915002,-0.0319058375663471,-0.00891441210220612,0.265148799428254,0.00640770076375785,-0.486614990400116,-0.0302817099549423,0.00773328542255719,-0.305614207286803,-0.284726409142872,-0.27654864449792,-0.40778437979348,-0.380860426447356,0.544167400951139,-0.132938670244648,-0.031896966267271,-0.140131150058338,-0.301603518603545,-0.308997215953142,0.0108001909266981,-0.0933318304732948,-0.168193843695429,-0.331627147471474,-0.0805187937256706,-0.265526446731616,-0.0236421697089521,-0.116053490718825,-0.0245117253166131,-0.164333480842013,0.0325223969958486,-0.352761311812786,-0.217109094961299,-0.174617093676074,-0.245913027953248,-0.411680475328469,-0.327837054066706,-0.178445686760239,-0.204639386889952,0.426579618788486,0.611230319335368,0.846173518770216,0.671379676598799,0.37093746921967,0.251827110634829,0.546278461857206,0.713832905776782,0.391124661385494,0.477282235194122,0.696610734003064,0.587673052960294,-0.0972771417938905,-0.16570957937429,-0.417095288450979,-0.213475321310395,-0.0676041879852579,-0.320616222076867,-0.339598446133502,0.0011373808656874,-0.279068416778574,0.0925075051979623,-0.210534295494573,-0.272384253217964,-0.215998385390904,-0.135362718825522,-0.0142681824272392,-0.337572730250446,-0.377109425749923,0.160226459417202,0.287085789950184,-0.351507872491879,0.0270606356939869,-0.177287821305942,0.534955734175176,0.269660236219965,0.0266078778574763,0.264948685858523,0.123998282774632,-0.023128431701007,0.201654614370713,-0.0258611976409351,0.101831416367298,0.145447232789963,0.0592534972983234,-0.0691819992066609,-0.0768325812340215,-0.0884489346255741,0.195510240916536,0.0217090148646179,0.293315770762229,0.0111588171191408,-0.172995128074553,-0.0689072685839537,-0.115391717700022,-0.104929992257151,-0.138070504707801,-0.0603214828773513,0.0372869537700258,-0.124387805076211,-0.139925819161655,0.261215732582607,-0.0400419290600825,-0.230262752843793,-0.0995244166303327,-0.244930627363637,-0.269902867682347,-0.192752865750395,-0.258206303214376,-0.234247154781461,-0.346405227851288,-0.0238341764222061,-0.356551545986005,-0.183570373657065,-0.0605891429415645,-0.0547646332307286,0.0405553969665106,-0.125005635610648,0.0320745859038883,-0.1591873856681,-0.241765140022428,-0.26676440299316,0.0084999062147815
0.67034250470771,1,0.627398549166066,0.277234239729084,0.107898850143464,0.801261306539787,0.223162635791404,0.599568487643078,0.521507576518549,0.390240088636318,0.305957225795504,0.484275311502493,0.538163275160211,-0.22133758648428,-0.0864285121485028,-0.20109246168015,-0.0446761140909663,-0.257112392156661,-0.310676247733185,0.133668214976588,-0.108199886428044,-0.157363641703798,-0.241722799247779,-0.220754400150445,-0.499548844677695,0.188879879657617,-0.078811352495408,0.300920414820398,-0.213515834737253,-0.210204683721908,0.0445515357013608,0.193543348585639,0.112295658277606,-0.294089036800022,0.0439752613154836,0.119239230469694,-0.334527321162343,-0.290202745566864,0.029765565867236,0.0485204092735988,0.060098993538653,-0.128290555224909,0.153388863968252,0.272693194841042,0.147438148354636,-0.195283912883079,0.11454681851197,0.0770450546423152,0.0510350631269307,-0.592654643638386,-0.0114097667911093,0.238537273284959,-0.487953367719421,-0.210224586162855,-0.304697766448534,-0.542148871329013,-0.389788887516804,0.212622072220011,-0.303776988447588,0.130098021228479,-0.0636654054183439,-0.288540653580439,-0.449957558751342,-0.249678222950151,-0.358326148030573,-0.175423537222016,-0.281844080298505,0.272549729670476,0.0791893200317011,0.174047405319188,-0.0657859866969214,0.379682070026124,0.120874019365393,0.42949995259517,-0.128916200153256,-0.18901846317591,0.0659073781225792,-0.0408029380743302,-0.309923988915664,-0.368366199950801,-0.224807730471337,-0.162989336536763,0.692595092781606,0.375890986669176,0.667828261189868,0.404972492064029,0.588886851378175,0.315772705750088,0.400561680313244,0.382142518210563,0.196987893567497,0.490870868278679,0.365320495572842,0.423891271841893,0.0846127918576764,-0.330034776940513,-0.260104692213445,-0.135635047292247,-0.125765841337781,-0.246395553220708,-0.0885670390816513,-0.0898286937834883,-0.0981095384782647,-0.0595712464618929,-0.155880816321921,-0.207398277434882,-0.212023795577907,-0.196222314338857,-0.0702935776286411,-0.26447984942064,-0.326318947539553,0.203650124062999,0.0127022528908213,-0.180693511143625,0.0298739420996179,-0.0645959949093868,0.339878998768393,0.188720580831257,-0.297756580180344,0.0301764607343541,-0.0611651705013996,-0.279724386466513,-0.0618139164465182,-0.28257513511039,0.0356670969907888,0.320761136311061,0.00939199526404047,-0.110896334175746,-0.0763445831464055,-0.118036515454745,-0.170195182926181,0.191524561215333,-0.0546146411636967,-0.17116669109719,-0.388572436060566,0.282053329643279,-0.305991912913337,-0.122141063436162,-0.404065782913846,-0.344513558351178,-0.0245475828895334,-0.38350990091927,-0.402560585653469,-0.0623802248147823,-0.182696438388444,0.0169720156452737,0.134941218591209,-0.213017199976665,-0.476695575613358,-0.230264662103349,-0.365720775428669,-0.144987402642168,-0.375418072376177,-0.0742277454726496,-0.579436491710699,-0.262485910109767,-0.0714295746688987,0.279125947708921,0.298411496817801,0.0500568422139496,0.0260341223458689,-0.100602033002025,-0.0871035409821252,-0.380313691963235,-0.0776478224396033
0.497256006806207,0.627398549166066,1,0.0891597211982837,0.115088764920305,0.227529812457082,0.580831262356293,0.314804898644007,0.250723722352603,0.808319519868674,0.323545568293908,0.330839843896301,0.413793775839557,-0.24553896378848,-0.10163890466631,-0.201759264201207,-0.0177229359722686,-0.32223957099953,0.0021952672595739,0.151381234268496,-0.290141359927996,-0.0772636284216769,-0.183161325410605,-0.213855384803174,-0.36639974016457,0.538003894252111,0.431739975927642,0.575651159143507,0.0671752338949502,-0.143659377870086,0.398871314179456,0.324500927140287,0.254771528642857,-0.17605542751445,0.0693642217794512,0.44112542976306,-0.166944753064642,-0.192636270329452,-0.0577567337725772,-0.147584133699832,0.132164492287413,-0.309424110199743,-0.0504146457419603,-0.141650797952988,-0.122252375496709,-0.296740384114467,-0.0527277296079449,-0.0424799854486383,-0.28020828396645,-0.484349408187209,0.0544789440195264,-0.149503473474461,-0.361401743166111,-0.553029178935319,-0.342304295194866,-0.286832816271349,-0.451740726636291,0.449750465332053,-0.243037234024859,0.0257400162831833,-0.133154427086606,-0.225306358976982,-0.359090762002049,-0.0783791738546178,-0.0284225850726072,-0.330063563387206,-0.43101902175796,0.0320179724498745,-0.0491760089868412,-0.0570582679636903,-0.185989297324897,0.0903217797620664,-0.213538518332617,0.137589592384238,-0.356833331111924,-0.443089499242678,-0.352480549748319,0.00714725184546414,-0.163040315472978,-0.299336841736212,-0.133503737597839,0.0829117686146743,0.681192609743832,0.349136072794289,0.406063490677409,0.208978143622752,0.844821982219369,0.122000979248216,0.259255202948753,0.144003823844681,0.240459253277991,0.768195465264482,0.2234719571138,0.708383188967024,-0.0836239298433934,-0.142860208285506,-0.184268467532575,-0.112969623192979,-0.0721111200455073,-0.298976271620578,0.159019259210639,-0.26322994528502,0.0856059438679702,0.0815775256479128,-0.267930501748288,-0.0982923365264423,-0.15241272164093,-0.00378780785361525,0.0395830980329706,-0.197560661832679,-0.360027205454717,0.674342360189774,0.404561506878846,0.00654709942329396,0.275178297109972,0.141005970855164,0.554356962203736,0.49288523706599,-0.0816142249838037,0.230138812729841,0.0673208981787217,-0.10021609824706,-0.0694400265175671,-0.301658141006254,0.468078696623302,0.197146493000506,-0.0802900212914972,-0.195325161232446,-0.360555296489716,-0.252615478966671,-0.227097338823083,-0.0765095202496444,-0.169017231564247,-0.168169088612073,-0.157559516849065,0.0913343007581026,-0.271480798190541,-0.393768028440698,-0.179262574729479,0.0806657699061566,-0.183783583263295,-0.19142063087512,-0.192465716131193,-0.00262967071724097,-0.209670023404671,-0.326128018434759,0.0248046583624384,-0.451797516448202,-0.244810465174724,-0.39858692969316,-0.478856439528244,-0.244625118073688,-0.544053860058487,-0.184409771895362,-0.42099738553324,-0.141143388124595,-0.239567115206361,0.149728174701724,0.0581164302274491,-0.109010111588544,-0.320243548147834,-0.209437814142857,-0.00185996742653084,-0.228998215787822,0.100729786613962
0.584160138191047,0.277234239729084,0.0891597211982837,1,-0.0968858683022841,0.583249452831913,0.114496375803344,0.598141613241094,0.632723694518316,0.173634903404156,0.317726973977814,0.702480363896714,0.717703808344907,-0.110563155589645,0.00903196206844728,-0.292010308045556,-0.164659396284164,-0.445806151121264,-0.506488154543364,-0.0814112140358597,-0.325029246329435,-0.539611152335063,-0.325700528564818,-0.365191923351906,-0.385535663726466,-0.197764426867708,0.180333347508713,0.332592036666249,-0.396627533729744,-0.454164527129121,0.157516732016738,-0.180053355342635,-0.168749624352889,-0.246185570075788,0.00483402085380356,-0.231339324436871,0.148093623569349,-0.311729320246151,0.177526220221962,0.0520088984288717,-0.113518077670742,-0.0388378391787261,0.00196395794495944,0.253822810410829,0.100145463720352,-0.0690093134198369,-0.131013002459864,0.0596747511242046,0.180850215765931,-0.108371462299203,0.0698362020644071,0.122432079751072,-0.118910764196578,-0.0536553856830109,-0.0435362631265261,-0.282956199118995,-0.0746124453736124,0.368964765231767,0.0106450507267613,-0.125416763085727,-0.0849486402923667,-0.384004801234927,-0.273930189281728,-0.112421397762278,-0.308309622821303,-0.108867676376426,-0.140848430754281,-0.235497517027438,-0.280227459564528,-0.103696610216279,-0.117979125302044,-0.095989225376638,-0.238781951826386,0.00824884924740271,-0.24376499317854,-0.0915488337656783,-0.0570719741030235,-0.364263696362716,-0.318973962039714,-0.156160239777277,-0.270852326670998,-0.276304312562801,-0.0779128908336312,0.14207263700997,0.726377275700169,0.920320743097065,-0.0143449306208963,0.534610201305956,0.375931756469202,0.888392664718733,-0.0150110579315451,0.128819800697283,0.46981055093411,0.240186144476534,-0.14576599998171,-0.0726195466885486,-0.338414706337884,-0.235522372313029,-0.119871380167807,-0.269728463423851,-0.498891937754021,0.0325815172079327,-0.522138539693138,-0.050659361675827,-0.273441768966026,-0.385945833656312,-0.422560745092812,-0.432215295717458,-0.224745183368234,-0.251103565376263,-0.32602328073448,-0.0389260080181715,-0.0383505012339929,-0.547308180416891,-0.184075239111985,-0.489162443665579,0.228004544029435,0.198285079128278,-0.0180703753508575,0.099823981361358,0.047653876333462,-0.199290043377023,0.156035189485407,0.0546187210086701,-0.0150220037526353,0.110565806859169,-0.0545672488014901,0.168575871013049,0.00684941229669041,0.0308709211886297,0.218708950532933,0.121856320158398,0.199336586074162,0.364319411697824,0.172525622546131,-0.0161911258603376,0.307706624414995,0.183156366168961,0.178034577553388,-0.00855202382881508,0.35527210658062,0.182083734139357,0.210561248381575,0.138310705448115,0.0592991001213437,-0.199172110260578,0.0509643181999847,0.0736757137816364,-0.103484556796085,0.0391277523007949,0.285098739896601,-0.246864503773533,-0.0700127266189085,-0.342627529503845,-0.0814674769865563,-0.30660057935584,0.0879454252214171,-0.139060489351259,0.0631619422199105,-0.150570780437104,0.46792800630232,0.0122099748492251,-0.370518753387391,-0.169227346820381,-0.157367488116479
0.029489458855639,0.107898850143464,0.115088764920305,-0.0968858683022841,1,-0.0112838813830374,-0.158102446672309,-0.252863059409401,0.304191128141097,-0.063180011969395,0.104074535092819,0.0536460075242342,-0.0871692585154704,-0.248554873914869,-0.303562466903547,-0.16444302476578,-0.0862465687549836,-0.256013485606995,0.163633085156992,0.225105921523906,-0.0676789589933166,-0.0109314187990653,-0.183484797527151,-0.0471079465008716,-0.174443244157293,-0.0873428112432477,0.00396226112291962,-0.0110357860847985,-0.232848976955219,-0.22738827760678,-0.113771390283184,0.278201093226091,-0.220706457050253,-0.00933204994875913,-0.065309522856901,-0.0362615836204464,-0.149271425886193,-0.32278212961792,-0.369625451498676,-0.194563280684998,-0.077913550197315,-0.155712722057615,-0.20682686880308,-0.281365375376253,0.0679099609807763,-0.195705701880616,0.12961923211305,0.0622763021738589,-0.478724435880419,-0.023252398318762,-0.313378095410124,-0.0483509365922117,-0.0659017427775882,-0.220720816050594,-0.152167922205701,0.0834294017789364,-0.203573151487371,0.0268449512164308,-0.253796817385771,0.107039573115207,0.284784204128843,0.406336299412424,0.129356722510963,0.113715597482085,0.142637035235905,-0.0515698982080974,0.0423603793073197,0.148285834043345,0.397961336306886,0.0120680977225991,-0.0142489337185746,0.20615467593253,0.306039069491498,0.136357639091881,0.0396223810917445,-0.03575299951817,0.0141272140900787,0.633685400674019,0.314475572570125,0.148643228179237,0.192333458867464,0.485279414073633,0.0985620663738016,0.296987869186876,-0.0950942567499264,-0.00797160983438751,-0.0433973400082048,0.123236685077235,0.607426167307717,-0.0659804590501086,0.453450109268514,-0.0588163397150462,0.00367268931009741,0.108778265417891,-0.0135881401886135,-0.268071061487054,0.069626464699568,-0.232489229397251,-0.0265749510660328,-0.00354326202483808,0.175567820777575,-0.0174551187110832,-0.105587219064805,0.0553968356141988,-0.0974351869439552,-0.0942028873459443,-0.310194679156812,-0.0406571228265979,0.00267935475171217,-0.125054792441511,-0.096727245898466,-0.159853504845939,-0.132984785916009,-0.0545199409016808,-0.344742539903441,-0.169068035895238,-0.270459639041165,-0.243653102414315,-0.245767499284096,-0.109793698319478,-0.300454246089017,-0.0157894457644242,-0.11159983652524,-0.343569351258857,-0.0178824884877803,-0.0113011297000289,-0.155274083111098,-0.1805603881612,-0.18917619296849,-0.073199523571795,-0.389935258899098,0.202603198990541,-0.399207868640818,-0.540096373753828,-0.163924936524752,-0.0178172367781463,-0.258192612456118,-0.238588684264738,-0.315413784982202,-0.0742398730438205,-0.482472604656705,-0.275622917056279,-0.26829471264683,-0.156663292136048,-0.278988102070375,0.0801048185197635,0.00425215595511873,-0.0600639054598499,0.111262826632953,-0.204935436804664,-0.345736454976104,0.218390806863667,-0.03286242641601,0.0756403139667218,0.00568591341695837,0.0299945853338184,-0.100808601447638,0.340821386791076,0.236694979372095,0.4962254825568,-0.11466906989229,0.0436292349393401,0.611656837736733,0.196787891315669,0.315145170737393
0.565463824560479,0.801261306539787,0.227529812457082,0.583249452831913,-0.0112838813830374,1,-0.0229624755328452,0.713793921906407,0.627056527999872,0.143058165077826,0.151731079454656,0.502230881437483,0.528066460895401,-0.148509358300694,-0.118508432597397,-0.248822515896491,-0.102447109995549,-0.357774995947453,-0.422344701003682,-0.030386070089839,-0.153624119505756,-0.357864371809235,-0.295236821167561,-0.259670272728192,-0.449541341212593,-0.0895066460631522,-0.206800852477831,0.171716803746754,-0.391973770007173,-0.300417130362563,-0.0521183180443205,0.00885472857675428,-0.0324754558021296,-0.28038155109366,0.0587499001742276,-0.127219072921509,-0.299732109090869,-0.387395470609616,0.0368375981651222,0.0995059060459856,-0.0199122017849197,-0.0239356963878472,0.12922442274039,0.398924064804208,0.239583336579859,-0.150456003986245,0.0355353820413389,0.081376655675817,0.217134599021226,-0.407208366190676,0.0410468142350817,0.393755161235598,-0.399377616190733,-0.0151346702721333,-0.164846166198677,-0.50675761653325,-0.267201910930175,0.106287128216275,-0.225798161269117,0.169780570969797,-0.0274316143936504,-0.308849629630086,-0.420802352679173,-0.383829354707071,-0.50944362230786,-0.111484088533962,-0.162973645330268,0.226044053935657,0.11285618792032,0.189147356904742,-0.0330444009820732,0.341016769807185,0.141006467535909,0.408630721125922,-0.0122400361573239,-0.0324869110751219,0.195926383096728,-0.1541940452836,-0.331656096797026,-0.254962794977061,-0.276239881684736,-0.26127808178098,0.329011991708861,0.188107583495231,0.70474562942077,0.592906704973079,0.221143164188293,0.532538602587794,0.300167786586967,0.588004935699898,-0.0208204397264858,0.258402882704004,0.334880095177038,0.194842971266956,0.115129414998538,-0.36199362648328,-0.238108300140322,-0.196711818246619,-0.161364084149117,-0.259536886386235,-0.29142331504373,-0.0184854062552177,-0.339082809689575,-0.151413799905605,-0.195692476197839,-0.279774965104769,-0.306519426508081,-0.388329502063804,-0.130666247665038,-0.175198649041584,-0.196259519486711,-0.0765894985655955,-0.265788695235239,-0.388164401643625,-0.106439751458988,-0.23690001897911,0.14680659840367,0.0793159463446159,-0.324092831424638,-0.0050259137117996,-0.168484510645474,-0.444005428246563,-0.12411329554952,-0.233895875965125,-0.15572342233207,0.30212199813246,0.00207258837547629,-0.00414546568029256,0.0429338711556692,-0.0605912726976994,-0.0854019091140775,0.249182335944284,-0.0225610032281421,-0.0165795744881717,-0.237666518890352,0.285474430052868,-0.05987664996684,0.0503312262090217,-0.274783711831395,-0.421438519575567,0.162874257243949,-0.258752488193074,-0.267811662485747,-0.108752135399143,-0.137806078040619,0.10588750199343,0.221937238779499,-0.00306973654226029,-0.415680911283675,-0.119616731513517,-0.0970747621427825,-0.116955857769437,-0.206658409287258,-0.183298315874957,-0.45504364515514,-0.353001902976384,0.0160085358060194,0.220390689492678,0.345534085667168,0.0547345521450218,0.273370435053735,-0.0321569886133435,-0.193016026218037,-0.347144684567205,-0.183901864330283
0.294022527761146,0.223162635791404,0.580831262356293,0.114496375803344,-0.158102446672309,-0.0229624755328452,1,0.414200823570278,-0.036516352825519,0.787286364121183,0.264322890899584,0.328529779545118,0.456014466039216,0.129925681433611,0.201045080696445,0.0248595267838736,0.130086926707201,0.00647957960549814,0.206420716318407,0.242631797819179,-0.165892390786619,0.341064236381268,0.0807125110978355,-0.0800515580808823,0.00785682285958064,0.414587388057608,0.477540095913743,0.489738591687016,0.337830846303353,0.0395530867722442,0.539028675264297,-0.122216267415996,0.361853056290986,-0.195178011558004,-0.071853154840971,0.358113262504722,0.0787265926304463,0.0925480668370553,0.101308294416119,-0.0413909537349142,0.26147680803055,-0.10472019658885,0.076777586835677,-0.0617755505487067,-0.166267865573431,-0.219372004075293,0.0209647419325769,-0.121773189843856,-0.13119711164991,-0.39795891572993,0.135471288871398,-0.179495231969279,-0.0579603371898225,-0.422492827974323,-0.206569707270121,-0.210376304704237,-0.251790633404171,0.323067706310565,-0.156056444889467,-0.366784282903123,-0.446539165057945,-0.515563603604953,-0.433549906649101,-0.073944715274398,-0.100475661731672,-0.442505754677938,-0.586726592717101,-0.306871976549016,-0.332080395965227,-0.131498100560274,-0.211266652262075,-0.286468982507195,-0.56171222639354,-0.0537708080235817,-0.382499027366343,-0.535520395285855,-0.578561770910311,-0.364043505659483,-0.497833700978287,-0.423130279069776,-0.479546897854312,-0.183276583386881,0.335853293163986,-0.0103828127195322,0.407769619504039,0.220539741708709,0.804824952517905,0.257998686579895,-0.137215262699359,0.109498133168434,0.00978011093921171,0.783018055402394,0.225256085839463,0.384506689196521,-0.0822827895164171,0.0975502366256789,-0.155844456254654,0.0146749584323997,-0.0208680172912012,-0.29674717818251,0.373271240857034,-0.274831134838046,0.360122735403787,0.320570613379678,-0.0392629398723184,0.259107003651832,0.111515941883108,0.257228881619491,0.0045030860935777,0.0636264817717911,-0.103333167535175,0.664844498017432,0.504388837943513,0.098860470748481,0.481654765891549,0.273215105753313,0.738412307050107,0.619606420627354,0.280860492564208,0.182660206020618,0.257947472976244,-0.0812956438015324,0.0630873937175911,0.0115501883191964,0.439734991462461,0.0208967063050233,-0.0210731398145872,-0.000355189189219923,-0.159496434990768,-0.152255976653263,-0.111008834496454,-0.183494810535245,0.0242892629709685,0.215717078632031,-0.0268010293254566,-0.0232761054263576,0.156411072264031,-0.120959748011454,0.111649795477194,0.168462743203741,0.00402818520711205,0.125396676092004,0.0752322824093874,-0.101397391579039,-0.201196105959636,-0.331380086839439,-0.0187906097776011,-0.506513725801229,-0.403094986067513,-0.41280026289749,-0.173746290436237,-0.531058553293056,-0.496463084230372,-0.314656111138726,-0.43055932855,-0.185301865853768,-0.117827416427131,-0.196186479972881,-0.00163369685211935,-0.500378983802746,-0.298060941042024,-0.371039661275455,-0.389404107529081,-0.472254043771968,-0.302602579204068
0.525998109214081,0.599568487643078,0.314804898644007,0.598141613241094,-0.252863059409401,0.713793921906407,0.414200823570278,1,0.313396833937721,0.439133128528768,0.233063499477202,0.613096504257427,0.750951226124825,0.229968881825512,0.230618587597613,-0.0886492245075941,0.139155113339986,-0.231149112624653,-0.235673286114239,0.279369117644544,-0.142610605919961,-0.131201647383164,-0.145741620484267,-0.27829421072754,-0.24079087263492,-0.0464604653463973,0.0129624391676372,0.369937790656833,-0.199116360937197,-0.296106817693715,0.220378665713555,-0.342429546845208,0.178269384863064,-0.435089280259845,-0.175033002305326,-0.109092745908846,0.125373697182593,-0.183985843682414,0.185729714822465,0.209250678024885,0.123762766807454,0.0327998143715302,0.305754323685625,0.46956028213881,0.182783785801907,-0.233914246368669,0.184030466046552,0.154012199988585,0.119012244460988,-0.537372352540677,0.0457113032644781,0.242676398877432,-0.339129750528985,-0.14556696487349,-0.207455360615514,-0.557331518444023,-0.333208877727843,0.15780246458395,-0.214339422607855,-0.215836082803537,-0.240761415549784,-0.559240447369806,-0.533689177497122,-0.12863855705718,-0.527606169602792,-0.264327102754705,-0.440844903078291,-0.0584900494185116,-0.282732837144929,0.104062766811204,-0.0318788272667858,0.000651413289521155,-0.215515681593073,0.284813441928189,-0.26663075024765,-0.298754213407453,-0.153244420663913,-0.456750611825859,-0.580562317432603,-0.493836750734562,-0.598094175490858,-0.510404543281929,0.26790700067617,0.014148800788065,0.799849122627556,0.642824702350829,0.468992737888809,0.497360166154004,0.125754262499861,0.520387836940671,-0.0732064192900274,0.504989573146076,0.45298862092124,0.279614085883045,0.205725588749516,0.0738569454633382,-0.127300672040601,-0.0381203143785465,0.0381111799819836,-0.236238326015506,-0.0822464102408928,-0.131002893127204,-0.0818991236163532,0.253030632336182,-0.00659338233862188,0.0880241835639271,-0.151257083318896,-0.0600451519331198,-0.250853382422187,-0.0631474223185352,-0.125816411376634,0.125906333928276,-0.0655286379113348,-0.295502334052169,0.0990944469598848,-0.214279632760625,0.544739451484867,0.409459020976784,-0.0448049425883455,-0.0406742424989726,0.169672681807781,-0.334093453438218,0.171367105563715,0.0511483032347615,0.0325252081366383,0.302760689792051,0.125638584842996,0.119258356420388,0.186335449174994,-0.0314465841955387,-0.0176297541633114,0.204329515740402,0.125109477702208,0.29030506606539,-0.147269520194633,0.15742524380698,0.126177689699761,0.148622997828011,-0.0663815047789423,-0.237534354921969,0.295678638237258,-0.0318706395226014,-0.115200977233281,-0.133609891461361,-0.185193678083427,-0.190548472202793,0.128174251947026,-0.167489341641657,-0.567759299146896,-0.207053904633653,-0.0288248385330271,-0.387701656560937,-0.34908326587935,-0.306048892015322,-0.495173619564568,-0.21582160699533,0.0877599066863969,-0.109836820390379,0.173977660935659,-0.271436029977102,0.258856103144379,-0.271296815811825,-0.485883050526576,-0.561205765685211,-0.389613298286666
0.592123777104703,0.521507576518549,0.250723722352603,0.632723694518316,0.304191128141097,0.627056527999872,-0.036516352825519,0.313396833937721,1,0.116306189145694,0.420626829044147,0.602014330284951,0.480183116304326,-0.432718482915985,-0.277198732659117,-0.366936179745862,-0.32554963067627,-0.533628797107372,-0.465434488766891,-0.0880205617629472,-0.28097643473193,-0.562540130986674,-0.431149082898456,-0.41539288276399,-0.63004722839397,-0.0984704917454703,-0.0121150317613112,0.302787462075562,-0.515877118275974,-0.542450267759046,0.0186881920804346,0.139381927458933,-0.274755709866588,-0.194949449495768,-0.00899929036034415,-0.0155553693023988,-0.174476015760161,-0.528319093550699,-0.167427534368111,-0.177723098394116,-0.0851430164512355,-0.255162146422251,-0.180627934298595,0.0224361307507665,0.0601755672627599,-0.140731287015456,-0.0539937254348005,0.00362454286987621,-0.139326550846719,-0.132693817967796,-0.142270103912416,0.0106892571552923,-0.256972302893789,-0.180027184722428,-0.134787238954126,-0.118596769041932,-0.246178764347292,0.440384878502487,-0.00508279817366576,0.231024498499119,0.0833201455619808,-0.00503554170014384,-0.126165147660187,-0.205664257600006,-0.222523422442004,-0.0402557203332564,-0.0616756934531931,0.119798049714299,0.210088738837334,-0.0232205275981595,-0.112260919987122,0.264581274890591,0.12212142409098,0.22020028009209,0.0198617846558872,0.0366409327213311,0.0626731016600161,0.201688943045165,0.0157005101181776,0.0761574310225572,0.0826816249222352,0.125901698136083,0.19130344835265,0.327507292261671,0.530259968759114,0.648623213286945,0.063216419719111,0.519650000127445,0.554798187795459,0.720389290345815,0.343823933499547,0.103484081647893,0.407429761321028,0.318584814381984,-0.0615727750885344,-0.318679432053926,-0.296539540125639,-0.21249384066543,-0.288426441370458,-0.284322693013881,-0.389263666259779,0.0489229445566298,-0.569431286939017,-0.140905993663213,-0.35766909160267,-0.489079960222754,-0.478304674109313,-0.566152986598148,-0.259053202780406,-0.377077367956216,-0.405647626983555,-0.0976603216353868,-0.187505902095913,-0.454899205528841,-0.277963952900565,-0.461438003247277,0.0431015348181801,0.034639933981809,-0.274100645647109,-0.0181126109800052,-0.231894168155897,-0.269529304403143,-0.0355538518426516,-0.283733158384055,0.0334407114532155,-0.0352012017154578,-0.243273186847077,0.0339785832109246,-0.232668559644525,-0.0568432968382397,-0.0453669280955129,0.197769436272322,-0.130493632404956,-0.147474959406411,-0.0481267293430986,0.134009976464605,-0.183482890383543,-0.0970926578795281,-0.181135281148959,-0.0943008988622792,0.10296110377515,-0.145995032709384,-0.141057812833167,0.209816490125658,0.0820369783885636,0.116738826806011,0.1662601906967,0.00102793861873229,-0.188483870523085,-0.168807913170999,-0.172517068745862,-0.061854445226231,-0.224772101155763,-0.187653170937414,-0.198173457223068,-0.261259092381364,-0.116233544148452,0.271380710795941,0.225403039991141,0.105933112757505,0.174394411761052,0.0372038016918887,0.0939700224744295,0.000659080182938996,0.0989295459093022
0.464930487304176,0.390240088636318,0.808319519868674,0.173634903404156,-0.063180011969395,0.143058165077826,0.787286364121183,0.439133128528768,0.116306189145694,1,0.353186568134549,0.447076430795505,0.52928281799424,0.0611092274199275,0.0973008929373189,-0.101571261926298,0.127475106089492,-0.250189721015258,0.0791294955719343,0.285029840647535,-0.338877106444891,0.0755762339954237,-0.00524468603641521,-0.155721839703969,-0.127838776957489,0.528260445713205,0.497047447984543,0.54086237895681,0.275108105006866,-0.0452855579852581,0.496692354249906,0.154780844894403,0.462072891354075,-0.220185090345089,0.0607333608055664,0.46143360660957,0.0105977243535849,0.00120979983831522,0.141374397988788,0.0355986065729079,0.272262083109165,-0.154464092767631,0.137221476008241,-0.0511764692637131,-0.039125842704109,-0.232545829775575,0.0146466272188709,0.012857437938138,-0.266227603625497,-0.606693330887926,0.101509641162147,-0.130210645765224,-0.324179776254313,-0.647252718234524,-0.340390422263051,-0.325630255370502,-0.483727851000408,0.460381872003008,-0.280940707220354,-0.226881582815606,-0.354890839811366,-0.412979618001332,-0.456439567644233,-0.011400923429972,-0.0287056412246822,-0.453503962722647,-0.675150377111036,-0.153614182466746,-0.214851086765029,-0.0362882907189846,-0.138265566880053,-0.130524085859794,-0.481212113118488,0.0493086324932165,-0.488251508913775,-0.666572463359464,-0.670398839450907,-0.288858214763853,-0.473837739400295,-0.539213593236735,-0.429128423080483,-0.172684151206716,0.491508263422951,0.132010401339838,0.473967018886663,0.270045972715126,0.820615835756918,0.206297608340126,0.0481457200603185,0.198243806546819,0.108592366069831,0.933496244268319,0.328725498395591,0.599686250863712,-0.0960583321793463,-0.0793324796407265,-0.129711630556281,-0.0961950944024498,0.0708544851863514,-0.336878494180192,0.256857033572151,-0.201156108767951,0.208004658353638,0.298426620087559,-0.195597641908999,0.139947372202261,-0.00134501371120486,0.147178700057622,0.126842450341372,-0.0705325524383473,-0.241115938006664,0.717637928042345,0.496452211250575,0.0237031099190097,0.478903102011213,0.276616007261599,0.756984972783029,0.621364702803598,0.123758018290177,0.250093968887974,0.309635925414352,-0.057765415532777,0.0240622400203185,-0.0886520643860192,0.472002117941086,0.220742516356098,0.0368491743567608,-0.0120937349942436,-0.175958572832319,-0.145638634266679,-0.0654079455287394,-0.0925302674810448,0.0685466122594798,-0.0113208639506888,-0.156607013032328,0.0549987038286962,-0.0225824587114491,-0.392724848670381,-0.0239115922656862,0.117921495905754,-0.0994058838091112,-0.0698864995323027,-0.115533817453512,-0.0749324316989626,-0.286827680833677,-0.435917414830055,0.00433344230653952,-0.549482759813646,-0.388179967952292,-0.527766081723766,-0.476268661220528,-0.462668257090124,-0.720076151771137,-0.239389007942742,-0.512223837279213,-0.190643651484786,-0.0786611469287302,-0.0327243795850689,0.134910082597282,-0.377262006221448,-0.373144273009492,-0.457908395297943,-0.292672442685964,-0.488585573813037,-0.178632240033051
0.646154215395605,0.305957225795504,0.323545568293908,0.317726973977814,0.104074535092819,0.151731079454656,0.264322890899584,0.233063499477202,0.420626829044147,0.353186568134549,1,0.797032908191935,0.632782362684116,-0.0903668815364833,0.0773038431294385,-0.250118551093424,-0.00601263033547215,-0.260663185636704,-0.322115381402389,0.326704736663818,-0.36196021796363,-0.220629662356355,-0.295490905868058,-0.426012619550696,-0.35850760180201,-0.084910867158257,0.0977992048313798,0.397899733521667,-0.247940874152683,-0.379670356762175,0.213018523225767,0.163715698708093,-0.101882124621711,-0.206023214631144,-0.0940994566278138,-0.146864008272807,0.00723243252388992,-0.161880683968363,0.0737468068859042,0.0238083964049043,-0.0595872733312523,-0.247364537903401,0.12799784592597,0.134561266733252,0.0828387217010271,-0.0657392643657354,0.153624290121197,0.117383948981109,-0.153623559199866,-0.259519925832758,-0.335170202268011,-0.159588329809303,-0.0619731708939338,-0.0667178962189428,-0.359906683668379,-0.214838173264358,-0.310519602368839,0.712406107950228,0.0657529851818974,-0.24599809133628,-0.0660135678652186,-0.147300794024314,0.00149195367525409,0.199905659232172,0.0895804284853571,0.141461247376773,-0.304846043535349,0.019429659855986,-0.158755967819736,0.122823566192284,0.0394136014512579,0.044323320630011,-0.169855885514021,0.197236862903173,-0.325897617903551,-0.207408581231274,-0.304076584187854,-0.0388804862350676,-0.11630336540488,-0.204760042607315,0.0524447268834406,-0.138270949508265,0.168560182255879,0.304854750203777,0.524307714124761,0.395793163534205,0.32243896643628,-0.0644203201131483,0.515331345464116,0.504019635548255,0.733834653401693,0.382595844006648,0.912304644795126,0.410884842188826,-0.15180614123283,-0.080235329238578,-0.296591979231233,-0.212921144495789,0.0989358491521461,-0.245235522035492,-0.198363004659421,0.0666809156183935,-0.239861007707458,0.282069646314405,-0.127177940617884,-0.00608132184170559,-0.213062610352616,-0.00421358191835258,-0.227352169151368,-0.376024201051049,-0.366160630521375,0.0742702276746179,0.164504609579865,-0.309972738510926,-0.0883098069286969,-0.26312907678513,0.451282039542776,0.229491652040148,0.0449838711870107,0.0555240556064108,0.150452546688153,-0.000969317237885858,0.282827702258586,0.024932940449843,0.00124119869210804,0.0993139680561841,-0.0495951812962499,-0.0222125098698676,-0.0114584054023952,-0.0827852943901512,0.211200221921169,0.220283383767113,0.223296507754516,-0.166140653070456,-0.176338526314657,0.0851027777630883,-0.164042586376737,0.031338992487648,-0.215062690805722,-0.123100024490439,0.0598311413554841,-0.120418834464657,-0.141177211335368,0.515039620592267,0.223297889622986,-0.26181600451351,0.00564636884046734,-0.229318551321595,-0.306199356029952,-0.0684811422334326,-0.270973293783143,-0.0459187060291537,-0.328075769848095,0.0650480961094594,-0.0761044432466968,0.0688183477444851,0.0981564875369768,0.0544406321979037,-0.0162683715631819,-0.116576171517598,-0.0568484171041563,-0.254110165077531,-0.0952981470965096,-0.173114550243856,0.0418203856885558
0.793077600529707,0.484275311502493,0.330839843896301,0.702480363896714,0.0536460075242342,0.502230881437483,0.328529779545118,0.613096504257427,0.602014330284951,0.447076430795505,0.797032908191935,1,0.888941010240653,-0.0482086879266356,0.0923304773118967,-0.25996262546846,-0.0333014136382714,-0.402608208437131,-0.437736883468564,0.327302098422249,-0.350476640781748,-0.349962240014117,-0.265239803594899,-0.426969087636213,-0.442344963232959,-0.122730433093704,0.137509700628627,0.43834945110737,-0.294517242696321,-0.473625249641225,0.219593336859018,0.0264926333937722,0.00589121428717187,-0.35868954026918,-0.0428956587977097,-0.157242414900604,0.136315317137736,-0.237334643577454,0.227176743113006,0.12752075868027,-0.0461620701482141,-0.147935936532455,0.198643755230165,0.268979106792602,0.123362091291622,-0.124293263326949,0.149839365580868,0.141709900867049,0.00350696296214117,-0.429398864110462,-0.169462532087848,0.0271372966763066,-0.204039421174211,-0.192804928733183,-0.281501724774581,-0.427710045865636,-0.331577708616022,0.653468496917216,-0.0724112168917245,-0.280635848479866,-0.164856845645851,-0.39102759516951,-0.284613168734666,0.0689752881100837,-0.18357096195362,-0.0606067908159769,-0.371945361309477,-0.0954399335270635,-0.261800212493322,0.0378796119330443,-0.0418829691967653,0.00695276735207321,-0.245386681604556,0.188778010013236,-0.393686038975245,-0.288994741977874,-0.254574941221281,-0.272271629829846,-0.392315907992494,-0.353239418489562,-0.248147869463759,-0.344666767118414,0.164491570754365,0.284712181213169,0.809176554817336,0.74319508458429,0.316474333688182,0.362733946558272,0.5267044840406,0.77638654974081,0.453751805071867,0.437607843842814,0.864638215075876,0.424155164270279,-0.151051795571179,-0.0949626741023764,-0.354347334002228,-0.260398404189908,0.0583268296425867,-0.326947773678994,-0.294332399400484,0.063799739332667,-0.319079960192621,0.243608662618852,-0.151977935716685,-0.127515388113272,-0.315314660550237,-0.169553520609831,-0.229564304676308,-0.419702502720316,-0.451192875294528,0.033215210561393,0.102414718534283,-0.420914092994316,-0.0685556028054185,-0.35377757641489,0.528345440548185,0.281438695573688,0.016190964537911,0.0758370336504442,0.187141693537981,-0.15659342176753,0.267182147295974,0.051251049960966,-0.00512374433742304,0.184926536695756,-0.00713852363647384,0.0963882547139936,0.0379903645544452,-0.0398156361451059,0.218601982694942,0.242442288990244,0.307280811941245,0.0810610464845876,-0.155048883430875,0.100682069527704,0.0360185034691228,0.0555898785983214,-0.11148762164669,-0.151934051630819,0.180923300466357,-0.0637902913753598,-0.0997027640655554,0.315481777788131,0.0702744973364176,-0.255076131594503,0.0339861510764912,-0.179477576298124,-0.399292956877871,-0.129749762741145,-0.13964283018758,-0.240043951058457,-0.394436837785117,-0.166249600845518,-0.272379449976248,-0.179052720513204,0.113048977738739,-0.0277518489646045,0.106631931365402,-0.173761123719977,0.204531406822986,-0.260118814148793,-0.324599808208882,-0.354047912120551,-0.131281508835696
