1,0.738560730623376,0.261333650835969,0.822858069210162,0.785294594127428,0.521733895948974,0.258159470991687,-0.369614842395398,0.803976274156585,0.669900852947899,0.681171068705621,0.723020347295563,0.746697880851654,0.114829883225954,0.104446623977314,0.0799838125748209,-0.31592352562106,-0.0727269481820548,-0.178640183900798,-0.229949083105582,0.179356271480658,-0.212508004430145,0.0256248958584854,-0.0049644086650292,-0.0778617866263849,0.412497273695194,0.0430060983261897,0.536726979529051,-0.117663724453002,-0.0178426649522749,0.672077792202947,0.120387854860263,-0.0302675297849724,0.379399001812386,0.0272046317773773,-0.0041996292927029,-0.14379203898272,0.166288204338277,-0.233054728555049,0.0216698773298749,-0.146832842517735,-0.094909239528708,-0.0281795798351213,-0.297536491347575,-0.162035025339151,0.491314096217114,-0.213993927921188,0.0694984541763438,-0.151072376365535,-0.0241298881028978,0.0318136093213319,0.0975009715792848,0.0119074386201697,-0.240740855554981,-0.119871698346529,-0.121540663732829,-0.187611481721166,-0.0633176340621804,-0.305157933711526,-0.116632413447848,-0.0691556757567982,-0.233264447877598,-0.31534644659737,-0.322968018803904,-0.193949857802617,-0.286971847875519,-0.387082793892114,-0.183834062536309,-0.356463560597246,-0.138364738983917,-0.170716195461176,-0.448986026891653,-0.295176352567273,-0.426147023662134,-0.248228358462963,-0.386844006245197,-0.270791169134201,0.215472321912486,-0.272720253635489,-0.389516565347386,-0.295945030616422,0.487682068589552,0.406017260277372,0.897883082371777,0.829396998357555,0.75934586196105,0.160131164651952,-0.0209332422545994,0.775849857360756,0.748466011589709,0.631978090780158,0.762543629858497,0.668320518807415,0.722710196088541,0.870166585738971,0.100527328293488,0.263476484814494,-0.199587491002858,0.11570747333689,-0.027687716209831,-0.289940204082154,-0.0947124474580522,0.24632698619104,-0.226727747683199,0.051777287519607,0.066785411802354,-0.45443303195896,-0.113129036668225,-0.274990031480807,-0.25082489131207,-0.0874902676339496,-0.0808720707749831,-0.315813565745062,0.124652180837511,0.0756996969204613,-0.119625734302092,-0.0501721244946612,-0.119676597880244,0.233683371541275,0.264235073517124,0.325287238352127,0.229128321404723,0.0978590466583219,-0.02968454310173,-0.191827600289755,0.142955544357902,-0.0328018033495716,0.205485568033913,0.201328685500004,0.0446583643852625,0.138618267327067,0.158796738935854,0.366185251165727,0.070047353014023,-0.195238246588101,-0.3001602542022,-0.204721295862486,-0.368418103808738,-0.129836198503605,-0.300560080111454,-0.241748281237108,-0.196087950674291,-0.112858038296778,-0.425282235253282,-0.502572299427288,0.305019145695269,-0.364046173587175,0.0576632500075567,-0.236155148749558,-0.462190005354246,0.469718798933481,-0.512590467920426,-0.4991348541071,-0.331229568514854,-0.397900533262532,-0.303381971828845,-0.316811504758761,-0.286401808926441,-0.216343625696475,-0.416085453429945,-0.426322346182603,-0.519521436114012,-0.408252341459337,-0.401225696351785,0.338654277684901,-0.491156222094816,-0.363387854310731
0.738560730623376,1,0.404272612068465,0.656286506855226,0.619374553517766,0.777142333958686,0.319264466653537,-0.0046035904965542,0.653081076987471,0.75479879733992,0.431861029957617,0.596426090748151,0.734662702018302,0.242459018319059,0.26645656969304,0.116947331967656,-0.197172548337848,0.0348138368733905,-0.0675433702584887,-0.19584725202869,0.128152188087792,-0.160243079719271,-0.11019120040326,-0.0934428198970148,-0.0789655625827532,0.356488498433067,0.0022637121500104,0.339512433389618,-0.134401501858585,-0.0718405783376297,0.486944915669217,-0.0101300858432569,-0.17125312533378,0.243776479593735,-0.0820590392145227,-0.0956812278400036,0.0042843137472758,0.107844215503336,-0.227747734981479,0.134126810517033,-0.0707422626528372,-0.0991762231154745,0.0340285501907984,-0.32018633876387,-0.235878548833466,0.280513051238708,-0.174019717227511,0.104814421134711,-0.167097533741289,-0.0781742422533112,-0.0638725112902471,0.122145357956399,0.0723361914381553,-0.230042498470697,-0.12017867146292,-0.0603730203755421,-0.151264444012424,-0.0783025991119878,-0.18864340770605,-0.191303005307068,-0.209057536595665,-0.11227947164958,-0.235247772756249,-0.147293039964039,-0.164259375408179,-0.325077570253761,-0.365999691602316,-0.230731756307599,-0.265046120831838,-0.0811950552187575,-0.206106107239825,-0.306911825997234,-0.204886656199276,-0.361527014812751,-0.0715863967212618,-0.292518800918595,-0.333714486994383,0.163074832024495,-0.276524594034267,-0.351951582405768,-0.313232153571316,0.371816840195275,0.343893736849083,0.602704982697947,0.859632894917174,0.604766315309503,0.388475693407703,0.362335699782873,0.507669448709966,0.597692604447796,0.437240635702694,0.603551298032226,0.628814201766638,0.52498850313179,0.70642922479921,0.312958401687598,0.388439954435056,-0.180455341986875,0.245929633664431,-0.0322270756840895,-0.307230520262457,-0.0182932057707595,0.0850974257811624,-0.251259711876955,0.0358675299196951,0.0662983711925725,-0.388004703684731,-0.11490221466748,-0.258836297108733,-0.299392419814786,-0.100161631932431,-0.155011642052994,-0.255310499533136,0.118679214765032,0.0747624054554811,-0.106577172217142,-0.139908217204729,-0.186670038993522,0.0570839732982892,0.0482449912073804,0.235383041416146,0.0323968367513413,-0.0105472686674645,0.0083261529169554,-0.0442685667225719,0.172790789743925,-0.0398927021721208,0.261903791677758,0.270382454559728,0.129377279572835,0.191236240971051,0.111827218839923,0.244774243828519,0.0337335803686428,-0.100734046498457,-0.222411401789908,-0.193430426666513,-0.239330747514831,-0.1495976928371,-0.281480193270339,-0.179799004062254,-0.0260824807894391,-0.188909498064309,-0.341248269985131,-0.398731784139677,0.272834048417819,-0.289703524206846,0.0890027851308696,-0.12503726650915,-0.264216004791175,0.31993232112087,-0.380059997385264,-0.455505181254889,-0.265780059051023,-0.232277685598825,-0.0957821821344034,-0.0554123668186505,0.0134137179609242,-0.116245772626589,-0.276733326663507,-0.203346018521827,-0.37694922833094,-0.343421240996123,-0.345229495840435,0.189696711351007,-0.394606746985351,-0.393587137448774
0.261333650835969,0.404272612068465,1,0.0337833228416163,-0.0372724904223504,0.0208539754635515,0.263081823437616,0.348535540895584,0.0120367127245136,0.437792234853451,-0.150802457892676,-0.052155465547812,0.368444436483502,-0.0870679377102004,-0.0285010581178421,-0.155360841470467,-0.106669858731163,-0.162349409728763,0.0290749247186484,-0.0745366320965376,-0.156475318175145,-0.230052555384874,-0.179093636338979,-0.185260539734399,-0.0023231542507078,0.64654042496805,0.295797616657018,0.586657381664618,0.223226345047694,0.164214166588181,0.295380874027469,-0.11069861278029,-0.283169868275836,0.132311685266183,0.0426536562340551,0.379399116550995,-0.15611715577749,-0.100931936469942,0.0177903557636447,-0.0005339320829494,-0.161348496386651,-0.129256013643637,0.10660578081611,-0.161616868999397,-0.195657828275615,0.0130236288188163,-0.114057092813852,-0.164332039705045,-0.0532574899659103,0.207894243737434,0.257382013276885,0.342590622502154,0.17396068892668,-0.0834503740850199,0.128012553280179,0.0343875209941838,0.107459208671847,-0.0990520405189058,-0.0421033359302434,-0.0749908007017926,-0.107581587864028,-0.343000243766882,-0.274648753937866,-0.175640843978223,-0.128313512150539,-0.170342860564809,-0.0441886056274203,-0.232708847470792,-0.29534055378112,-0.0460985519062745,0.0054995464407669,-0.224004845666167,-0.186188950208146,-0.289846331646668,0.0464072850984389,0.0305119434795694,-0.0299078508299332,0.108134219903442,-0.142045791210511,-0.121508838869881,-0.0790057956914491,0.242173298154612,0.417744465823883,0.250128587579204,0.338734618459209,-0.0795845111224947,0.512330696933103,0.113041858484074,-0.0810582457063118,-0.0524402661229868,-0.157035150691876,0.377817923303174,0.144273781425016,-0.120456515009429,0.326890069420407,0.0068051302040566,-0.0844906707964542,-0.105134141200324,-0.158163346977518,0.137942151734265,-0.0099501467216048,0.192701420924022,-0.272127176663994,0.0707792636536976,-0.148521169254804,-0.100417798274908,-0.355799188487019,-0.261951114742457,-0.169303777473909,-0.219040110861939,-0.404448132766128,-0.158692179170462,-0.0145847674267413,0.647854590621376,-0.0624678089620555,0.322276547933135,0.18719632367966,0.245389393532338,0.19721327113465,0.408305265283877,-0.192952519099098,0.26596780172462,0.375744083616016,0.0117618694032678,-0.181142459989705,-0.145735467755371,0.196316820761014,0.0005751319876411,0.0090773488695061,-0.101634661071986,-0.098341481304252,-0.100429261194901,-0.222294359511496,-0.356417972381991,-0.234657803566784,-0.125938133477755,0.244032182742198,-0.176705482197594,0.0679518303706965,-0.0814558535512352,0.045533669410005,0.125602835180336,-0.200457245180246,-0.100119558300839,-0.105487030199073,0.0070074412625702,-0.191052835866918,0.0750948953961657,-0.29254539627786,-0.109344118308018,0.207845016776203,-0.231009040090425,-0.165185037281251,-0.118447998507539,-0.106455644171895,-0.232044773990475,-0.0342351956648001,-0.0672653363136821,-0.057851177506712,-0.237400686491861,-0.286510937289177,-0.174283084728692,-0.100772549769217,0.0287804265791593,0.128060132564519,-0.179164618950244,-0.0356957465975451
0.822858069210162,0.656286506855226,0.0337833228416163,1,0.835554045088751,0.70183993895678,0.171527245810441,-0.495273759824255,0.916397167167103,0.548205853589433,0.815425851183586,0.896073205245151,0.567875549763802,0.268986346894096,0.194306064832696,0.171781128338147,-0.0941469693424324,0.131770913117427,-0.111631686262673,-0.150886098442175,0.256621893636966,-0.08829659225142,0.215252506630316,0.110997755935192,-0.119943648358519,0.119474803271828,-0.0422987635591755,0.23231371354575,-0.0813357085822181,-0.0180199908893538,0.434205006213095,-0.0020735866411074,-0.0040893787754265,0.210162692071965,0.012483573415143,-0.0405113654286364,0.0029670413916897,0.342480407534157,-0.187897454075845,0.136013548822067,0.0281317911288936,0.0638179149500468,0.138274492594697,-0.373956399369792,0.0653306362658421,0.482139128908195,-0.0460974126230379,0.149758727605874,-0.159194429520286,-0.157511694851759,0.0460801331855492,-0.0481453972831739,0.0143442317426586,-0.31529726561911,-0.0946898778838524,-0.0589882740113984,-0.140966561199122,-0.0375887319160065,-0.297770584415136,0.0667067310500229,0.0612026951515236,-0.154561326737343,-0.188711509917412,-0.242280708330791,-0.130368150049235,-0.245975207430967,-0.476698479914133,-0.0366594168965663,-0.337935923728037,-0.0677045558160175,-0.0477137885179764,-0.445486726306682,-0.266363086739695,-0.332056785060814,-0.197480764836528,-0.542151544661025,-0.292790819868768,0.108250152999917,-0.320236611561726,-0.439925953277083,-0.45280893190828,0.392567593901891,0.101288697652991,0.715539449347673,0.724057008714642,0.905449500257921,0.0713496038447383,0.0645870627209555,0.816017622976874,0.91411210396118,0.813750079887459,0.576210016156318,0.686407917932061,0.882868950062072,0.692694416701495,0.107906938293684,0.323502103229427,-0.149740080166956,0.316352256213856,0.0669491278642374,-0.159040271140433,-0.141400576006297,0.346537330469823,-0.21703714305524,0.0657181050106312,0.202154669864205,-0.298360357990466,0.162285488094387,-0.204234265161428,-0.149800904411953,0.0699882397775058,-0.130964036208677,-0.289241151522785,-0.113145096366188,0.106615047241454,-0.149014850369619,-0.0596533609180118,-0.154948121190855,0.195087369695595,0.0571451678399877,0.286469712867535,0.113725843453524,-0.0181231583125097,-0.129709209274918,-0.311984344679926,0.332354227941419,-0.133567021506909,0.308475938081943,0.389574431765305,0.202891077689798,0.275763936795041,0.283149977278275,0.445904322766438,0.197334759913996,-0.104923897438029,-0.169406822716581,-0.334603829766968,-0.23771875777175,-0.091154496052512,-0.257445178129323,-0.170118641528732,-0.284500985872232,-0.0869115230459237,-0.371112413088499,-0.385286491886296,0.321776844719242,-0.391451047228805,0.0899634733595234,-0.0986828787290388,-0.372072193539294,0.360445383510763,-0.517238256765359,-0.480412206534967,-0.315972977792351,-0.372090992945301,-0.287610085131914,-0.247343960875484,-0.262757244199049,-0.109612009811599,-0.34434665536646,-0.295901203815307,-0.530204217439209,-0.529054660846275,-0.595495902578073,0.206232907083901,-0.573413461079568,-0.528359244515115
0.785294594127428,0.619374553517766,-0.0372724904223504,0.835554045088751,1,0.606790248463749,0.19668081833679,-0.384267979960138,0.828267047545565,0.527663026750374,0.811919324235551,0.816442483347272,0.622645452170265,0.270213804082491,0.250252209658977,0.185107091806921,-0.119513110644938,0.118292658005047,-0.251863457842161,-0.370879560430404,0.163782187257113,-0.205005183225105,0.0534910885149553,0.0932269043194385,-0.100542919679424,0.141426113678355,-0.205547894494429,0.1863007600482,-0.147215165112861,-0.0854031621908017,0.3308025485042,0.269873274223964,-0.0017899109663297,0.0181307909543,0.16818825675058,-0.152071806810682,-0.137181518522979,0.310917555356804,-0.415625587685078,0.274080908915688,0.112981607052658,0.129897553072312,0.0020333264492673,-0.211304162327052,0.0300067810178193,0.531702924237807,-0.226598293685293,0.273149580366786,-0.205191074246325,-0.232210526279525,-0.142019132908668,-0.141839730481747,-0.126220586088779,-0.198296941804707,-0.202615842278081,-0.241419979279044,-0.3712023062634,0.154713790538209,-0.245892880743857,0.0864766811705825,-0.0784620156107145,-0.0006283550065775,-0.179841044814412,-0.298386038026953,0.0097902765286236,-0.264577342036513,-0.336330747113675,0.0361071542717863,-0.0956661141938431,-0.242482258548447,-0.298033468391232,-0.16210610962352,-0.206889216689795,-0.0823599059330223,-0.276630700390766,-0.327255506098483,-0.409140430357607,0.434266494460888,-0.177873665454291,-0.337293171506039,-0.263613849394271,0.552237100674055,0.185668435528846,0.749929539064748,0.689457329676614,0.865903949812367,-0.0569417605974568,0.104006800173714,0.852705220054302,0.846284209377414,0.75051211819691,0.530789941015212,0.683523957188552,0.83127305175986,0.665966945590294,0.129070959307268,0.205798173903142,-0.143819783177239,0.232186417939841,-0.0843372516614818,-0.170853669648819,-0.312661627759193,0.312013950376908,-0.289121420575849,-0.0054428933492966,0.108848577042901,-0.396021895597922,0.0689058702692929,-0.266363467163823,-0.258216640873147,-0.0068797758646254,-0.0888587718999518,-0.313656666010252,-0.129240395833334,0.187407808911688,-0.159558493607661,-0.104571851236638,-0.233081309249455,0.0739441578481716,-0.0187732690570798,0.227629483665354,0.0559477119526049,-0.0850354030410718,-0.153175662028286,-0.159990451009077,0.257866200549005,-0.30257359617376,0.362916090414811,0.362536131482764,0.211111746849199,0.284400668937269,0.31330959479985,0.468037809979283,0.0954147297985048,-0.121731590424894,-0.27222202937054,-0.40018806041807,-0.142035047833485,-0.292220841290194,-0.343995428444667,-0.314169434291878,-0.423813631711377,-0.0224924160198201,-0.470443683845488,-0.557859039951892,0.506174487858393,-0.292443292187819,0.18140036478526,0.128007239545071,-0.439560880554796,0.516621834746977,-0.358895737086744,-0.435915616118216,-0.245833820975452,-0.385340657053006,-0.139082040774906,-0.283848940348373,-0.268011253238863,-0.26175160673936,-0.118600368768016,-0.0959924099019969,-0.492421926388177,-0.405005247180524,-0.497288771808681,0.488444740704236,-0.347082543003656,-0.362652190180553
0.521733895948974,0.777142333958686,0.0208539754635515,0.70183993895678,0.606790248463749,1,0.284824342118495,-0.122066133077964,0.673339547292617,0.608663634008275,0.484949565818026,0.733132367664231,0.542458681801506,0.362957892967576,0.386269928503537,0.220437024710285,0.0553446728041276,0.278584275550007,0.05030665345936,-0.124443631260076,0.243413583544568,-0.0077222127800377,0.138104132079117,0.103873018754131,-0.0669999255029841,0.0599271076993982,-0.0417408961665357,0.0329234876366202,-0.0726125170362256,0.0189563064944072,0.270664330143692,-0.0355192278743922,-0.0848940482065244,0.0436822731243871,-0.03036634527721,-0.168724570270815,0.143584162051162,0.329185413695382,-0.219028035306232,0.186219130379628,0.1623608095261,0.151394655462858,0.124216310144911,-0.326436611509024,0.0274857813571594,0.268787444328649,-0.0360084031207329,0.24547468674174,-0.314411637872432,-0.252750222556728,-0.0787449355437841,-0.0255631596138626,0.0411247981622578,-0.309726995149404,-0.078409493199233,-0.12701694334927,-0.199621410170766,-0.128993452281072,-0.184170402450577,-0.0083803699568455,-0.115278311198003,-0.0419618538816476,-0.208525338018406,-0.0262520791277214,-0.160026001944794,-0.400843015627487,-0.558498504859125,-0.0909360469190218,-0.24573941960884,-0.156043356381342,-0.159084661456853,-0.301670036778495,-0.298384350022292,-0.196748730409613,-0.132241548723516,-0.519593325015033,-0.417403412300996,-0.013773737557168,-0.440674524464713,-0.470770710083232,-0.547717431045917,0.192042882370175,-0.0064212847393937,0.364240678406196,0.67609984476152,0.628961487761624,0.271056290362088,0.540167835357304,0.472080752211336,0.650191317201881,0.522589391899835,0.417611813468215,0.659011537059302,0.611822577550857,0.498994836271794,0.31156428448305,0.410568866377028,-0.11148788592705,0.400489058381883,0.067670371222838,-0.144163339310724,-0.0691466740455022,0.16251690705724,-0.111912205841664,0.0901208330716706,0.25632095658438,-0.218526047784638,0.239020453350812,-0.142753722539933,-0.0636107519928908,0.204230399575794,-0.130346888168521,-0.167202521409647,-0.178812270687985,0.22790521782078,-0.0759538534043724,-0.0410911491359443,-0.0888750260645801,0.104283894162612,-0.0418709105821386,0.347943066247948,0.0280644176122859,-0.0275846151023371,0.0326358570762215,-0.13918010121987,0.395827568294488,-0.0284403330348983,0.333089685427039,0.340267504111434,0.406514397099467,0.275466938280169,0.256140874163143,0.353057968536664,0.205298212827701,0.0329961799292248,-0.0469207197151729,-0.283899535320863,-0.121484040506495,-0.0236984268851548,-0.150213891869603,0.0021832684710737,-0.0763158907607292,-0.0286118853968169,-0.28202093498302,-0.238981525313096,0.229782281088576,-0.240646783401695,0.251499502812068,0.102875824472712,-0.123186098630648,0.255161811249051,-0.444761726306839,-0.478351006725064,-0.231021950358079,-0.329688376007774,-0.117115121653791,-0.0586073484428403,0.0003580331989024,0.0222175489070866,-0.156234152868562,0.0248016992418588,-0.363717255578,-0.412140201274781,-0.487551449475215,0.0054839892557676,-0.495258009228525,-0.521245809114774
0.258159470991687,0.319264466653537,0.263081823437616,0.171527245810441,0.19668081833679,0.284824342118495,1,-0.146319890561565,0.257635999664906,0.594527693589977,0.15712165719364,0.304234439480468,0.409435045744049,0.371364704670291,0.440153053873099,0.27205933170056,0.241259509868777,0.111637258572234,0.487953413297722,-0.0297706647596946,0.286831768481945,0.43771751000215,0.0931794692273738,0.480285947897829,0.383171129005602,0.333854362067929,-0.0421618633992444,0.325521084512878,0.475390680225621,0.588899489677375,0.494723450788934,0.402385279164838,0.189437036080672,0.192646502080133,0.361072788442898,0.0465638947222127,0.190766067180881,0.37489113148267,-0.351255186892315,0.336481428690625,-0.155514656073724,0.363869055429078,0.140548559333815,-0.3829409808724,-0.0267254818951304,0.412797895990157,0.0045562685860101,-0.152514805670107,-0.61026493831173,-0.34474843440152,-0.0899232563390718,-0.294970975128945,-0.397615010385838,-0.519654409733162,-0.360750381789407,-0.566114470448366,-0.556073314689392,-0.0804730995024308,-0.0597937453885447,-0.0431014133077801,-0.155745990041498,-0.194428401799611,-0.470884669318199,0.318665031794942,0.470592337971485,-0.577767745073083,-0.42977836561887,-0.180513219284188,-0.246462102482422,-0.505255260892505,-0.231533283345443,-0.346064171751224,-0.268563137329302,-0.324614722279861,-0.396632755386073,-0.432991459492468,-0.580852689048923,0.130349081216587,-0.348171854623304,-0.355038746321397,-0.303270324919545,0.265222089110386,-0.0796770665922265,0.254149999854258,0.279172117893043,0.204846320522607,0.598963669831516,0.206169376446225,0.237240056025062,0.183438745210798,0.18824062063751,0.284156797550919,0.308707930900023,0.202448938792683,0.345607900511109,0.255502781352907,0.149452883107706,0.14236501521201,0.156781493417546,0.318877500546102,0.238749424364045,0.394058126911774,0.166664687693896,0.506982914644886,0.26559094978444,0.360650166847652,0.0277518275376407,0.024462333719147,0.169002365083995,0.316854227165923,0.36817598722831,0.240035300711572,0.179479579364466,0.325637067929436,0.849771768906127,0.418081078887661,0.0946042376271358,0.219506817235921,0.406983811712678,0.345206637277172,0.537842256752605,0.253403971199108,0.210585508257538,0.514599398684415,0.300206363757707,0.311149128366508,0.493972350253808,0.354392178220585,0.207653130507718,0.097236030959566,0.222823424542329,0.13481577435445,0.329250330006538,0.29026890205741,0.164363074843434,-0.349221011607944,-0.195888043419598,-0.10618666508117,-0.312263986616205,-0.406278569501091,-0.237924269122632,0.115494755098671,0.0082835308006162,-0.428530251632942,-0.437237538103018,0.303452469148413,-0.0327180570195117,0.227339497485886,-0.0263033233835677,-0.116583035160643,0.545857315018408,-0.13391308912738,-0.473643091490975,-0.0117837014024786,-0.261766449838382,0.0670599911509059,-0.179426670982357,0.110483878608408,0.168957139361736,-0.161843131437685,-0.140748937820973,-0.09544573259753,-0.163243974494623,-0.251656541905117,0.288688471378509,-0.0874568173074564,0.123027513033854
-0.369614842395398,-0.0046035904965542,0.348535540895584,-0.495273759824255,-0.384267979960138,-0.122066133077964,-0.146319890561565,1,-0.493903835275112,-0.13829421164669,-0.500361371392912,-0.568560411274866,-0.131443935320063,-0.181643206473464,-0.0003707917206033,-0.125528127722548,-0.0306503917223324,0.163963256981852,-0.0884016223573775,0.0624822813665617,-0.375344160934152,-0.239381535956666,-0.234900521922436,-0.288678463080058,-0.0024100322451575,0.100010764797895,0.179919330864443,-0.0864858230974593,0.0255877532807611,0.009018592735603,-0.361811687222209,-0.0798925392381474,-0.157125863820804,-0.253334009766467,-0.0979234376097195,0.0202399120420886,0.0947827571494273,-0.202968480232088,0.173224055638774,-0.0707105024379458,-0.126981880235292,0.008504769226672,-0.138962733639322,0.245705470753134,-0.237395315801627,-0.455613843372244,-0.0254715920025908,0.213005416668802,0.134087614914618,0.20424290089341,-0.030951739192694,0.309354497700457,0.201517764890231,0.299828190282843,0.112209895956681,0.0854299345539644,0.204639121789626,-0.0125979294213387,0.0434523480764824,-0.206426368685427,-0.197246332552606,0.057389952499305,0.142914620471247,0.122878349677451,0.0359200033628079,0.123426503408718,0.343675604669846,-0.0751321468252154,0.249292606461843,0.0574143729539967,-0.0891872316646894,0.353618614741062,0.193195243193878,0.173253337292306,0.151832864283062,0.486939181931038,0.137328853848872,0.120630292762214,0.231496512051219,0.168869599856772,0.292587148602898,-0.113992401938733,0.195282024922884,-0.364915580537271,-0.219385247985626,-0.51186550682937,0.0701023623211236,0.457780218513473,-0.483896241172933,-0.543439211760476,-0.528883658558449,-0.309321839872707,-0.305416478169242,-0.550829197200413,-0.378383778803578,0.0226740921033641,0.0044475254763173,-0.0481229014996277,-0.0812563486043476,-0.10238390609256,0.0266705805139499,-0.0553846099156749,-0.415454517580317,0.0459396055715929,-0.166934718183263,-0.237423259020187,-0.0702957086587844,-0.156587874270746,-0.158221836691129,-0.119898928483499,-0.413358335900706,-0.146052868774666,0.0528088099442321,0.254404806375915,-0.195782766366048,0.135304677574907,0.076953413414675,0.103667249030285,-0.220769820575532,-0.0639612672780325,-0.346019190964774,-0.160948939945808,0.0133624243861076,0.0055293318367464,0.150288153437228,-0.145164494418931,0.043438037013726,-0.0461366021796219,-0.167504569810468,-0.271975667169222,-0.22535727903052,-0.285552626628351,-0.477960471361493,-0.358035626913109,-0.126696804966224,0.0643287288922562,0.299200599041695,0.0368248427765759,0.0710229505625516,0.101384868492203,0.111856869746532,0.106756851821499,-0.14724743320285,0.141988798466889,0.219873239442253,-0.142922755565807,0.0070951486601437,-0.0321503111000814,-0.0295636496648604,0.0373777563552857,-0.303160303147429,0.245728392687963,0.261734160933597,0.06140877554522,0.286732846418272,0.207919436063224,0.174379252807324,0.218403224366,-0.153619962456116,0.154376450266623,0.121094328458734,0.225092108725414,0.358553438330563,0.353448546076007,0.0289405473760302,0.340044586393227,0.136612000763204
0.803976274156585,0.653081076987471,0.0120367127245136,0.916397167167103,0.828267047545565,0.673339547292617,0.257635999664906,-0.493903835275112,1,0.570622403016278,0.882002535735725,0.92762745764545,0.675570691293874,0.334268560891886,0.264450797231001,0.150835645735711,-0.143046571373139,0.0530378003358014,-0.105084695352784,-0.118930417527779,0.394244921731462,-0.0590699801767753,0.181079144432961,0.249364088671766,0.0216131516131089,0.203274826488992,-0.119936629433371,0.260145091612779,-0.0524308115579634,-0.0210560743475251,0.502011708540741,0.132569518578497,0.0910805683520155,0.266741652488235,0.0826114755619115,-0.0892776493524266,0.0062756359810966,0.390918657098245,-0.223086586274147,0.240877592721545,0.0899633811290506,0.105316344569845,0.268292975801872,-0.340944262930088,0.109073974219675,0.622821162894168,-0.0045580893127593,0.0412183974054911,-0.266133057211329,-0.299036200193358,-0.0724055590069465,-0.146130238139409,-0.155661987901443,-0.416611990611921,-0.224745316107286,-0.222518720377821,-0.267187624900326,-0.0962382155308476,-0.346435843301282,0.126652123068207,0.0275105693862729,-0.0626218126173865,-0.267330209180737,-0.206015645957727,-0.0601906842075073,-0.349719860867895,-0.56383188112329,-0.0993621234779918,-0.291476685375825,-0.113801205632084,-0.0576010362792477,-0.449449254272454,-0.233904230679935,-0.356872272171133,-0.296885252631681,-0.579499410096986,-0.391851402393919,0.0507666870759649,-0.408503059476464,-0.508291201319179,-0.498548640987204,0.355107133056533,0.148721635064881,0.714649229288208,0.710437020071962,0.875071532088253,0.0448075062331239,-0.0312553146708621,0.846910028900494,0.9374699270973,0.877569196794121,0.572246526732837,0.718513068568646,0.959601392578926,0.758578888160024,0.16444317405726,0.240198784819031,-0.123126222292492,0.25797085218605,0.116730457457104,-0.190892120216648,-0.14583417797504,0.504339712590182,-0.228129296761016,0.0992920077730442,0.277264635553689,-0.280190489681253,0.14342477485084,-0.168640534382977,-0.127359791918032,0.17645477119952,0.0040399074062185,-0.193528916913983,-0.141028835813798,0.211319207862866,-0.0962691918564793,-0.0826554271648406,-0.208683387627777,0.231953222084829,0.0562602924068788,0.408560264249152,0.119451688005181,0.0244350866624347,-0.0113342546395472,-0.19266788960897,0.408929889486546,-0.0776478622923546,0.308372038897984,0.294976618239426,0.242766917162216,0.436635234381025,0.447867065284545,0.607903026808165,0.323321382313393,0.0650767187001968,-0.264570028712468,-0.43915794204217,-0.203321252237122,-0.211261761923333,-0.404981776906583,-0.302688164602111,-0.334862180487168,-0.0188255279732688,-0.496473986371765,-0.519391749746967,0.358064849522071,-0.404973921326945,0.194936392664751,-0.030956565502539,-0.399044207392243,0.481266520021615,-0.455677024887419,-0.516475603840464,-0.277964246645164,-0.422249538310326,-0.303457137395056,-0.32794585042237,-0.321900438807836,-0.0073281426450325,-0.335729618481831,-0.191629883957505,-0.489951192672308,-0.576865065223672,-0.65179082801087,0.207315638043253,-0.612198921596477,-0.476363491710273
0.669900852947899,0.75479879733992,0.437792234853451,0.548205853589433,0.527663026750374,0.608663634008275,0.594527693589977,-0.13829421164669,0.570622403016278,1,0.386026441092463,0.65191659042206,0.876695404388621,0.223032679208698,0.272838932217425,0.154189970836299,-0.116815730201251,0.0083628452120848,0.167451515309205,-0.0440634627444643,0.166579970719015,0.0212099883932544,-0.134088205727468,0.0693448051492279,0.0762376632570148,0.333210662959918,-0.0683634413055502,0.429363917368578,-0.0495837133154068,0.0771227641697683,0.634786326312031,0.119589416024548,-0.17157265167003,0.361178819306798,0.030664172285971,-0.166108786371542,0.057871142950869,0.0965781671074002,-0.244379220105377,0.143427857855431,-0.0821739538272447,0.0367042501680673,0.0472253066738533,-0.36197300941586,-0.269657385501818,0.35202082423063,-0.076011377834734,-0.0052990207503631,-0.26229437990487,-0.272409680986918,-0.17603370337498,-0.0400066688576831,-0.0743449930629254,-0.31559467270582,-0.286484618325882,-0.296242003473029,-0.316250167461385,-0.283150660165825,-0.337453546395345,-0.197260341084926,-0.0513954602313491,-0.131395049367663,-0.247735620084866,-0.0213963958289403,-0.0807658231763901,-0.395092674828254,-0.469046814955322,-0.114450005498101,-0.318454575865789,-0.1646098104995,-0.0761524531619102,-0.348394457453811,-0.244863681854068,-0.377504768853586,-0.280857659790466,-0.44657359871902,-0.334383443526359,0.0662912652756958,-0.433113897646332,-0.540826020402123,-0.44752570780419,0.39714575080107,0.184062010235609,0.615558224032603,0.822072783092919,0.567091150916383,0.556834339444159,0.257583857025881,0.4689515487029,0.542836359492327,0.401368240582647,0.798687693841579,0.814271812081046,0.461998387485741,0.820641414774268,0.180233581120492,0.187063011919096,-0.0673787248049081,0.202647268024965,0.052946694846549,-0.0871667774239759,0.106236638005036,0.116723626371196,0.0391976283583916,0.202594636069171,0.174705044105661,-0.237908278943671,-0.148512891343525,0.0357046673032426,-0.098118831090391,0.0900878681172748,-0.0989827626851923,-0.204929992117004,0.204701270445277,0.36424458901942,-0.0019572196998949,-0.114683331888944,-0.0823112425293791,0.190662013979876,0.229546175627424,0.435825198776632,0.0896233102031686,0.033994009784198,0.171571517793931,-0.01202186030161,0.178037715609315,0.209356462783705,0.135927868281517,0.0936845791547025,0.125982407567334,0.232727637212101,0.09717449068306,0.297847593711823,0.187216777884763,-0.0003090314677338,-0.26942743287428,-0.292703242903093,-0.116728723667295,-0.170361276534505,-0.377587205697955,-0.277069376105164,-0.111239303833152,-0.0769572109415205,-0.451844435930705,-0.466303074503326,0.145595917654417,-0.328398871355263,0.0223571600352973,-0.159494707707398,-0.291418826092042,0.522022401434456,-0.406161208202008,-0.561042186257041,-0.0941323717676672,-0.346975755306586,-0.177338517672346,-0.216457048525894,-0.0154432600561471,0.014967277319607,-0.25785667887239,-0.159824176039687,-0.338896582970437,-0.45351324184826,-0.384223109367089,0.177027013362933,-0.475840139364764,-0.337855942802664
0.681171068705621,0.431861029957617,-0.150802457892676,0.815425851183586,0.811919324235551,0.484949565818026,0.15712165719364,-0.500361371392912,0.882002535735725,0.386026441092463,1,0.816353774297359,0.497970773739831,0.28110148327838,0.167625901759625,0.214988290160984,-0.0277235283173729,0.056072854195128,-0.1737711684846,-0.171302210526862,0.263144828946751,-0.0921237015173741,0.125164962115989,0.253596914161765,-0.0383603167051884,0.0670626193636303,-0.247986762016779,0.0775626851850223,-0.137292173276487,-0.0805402044186224,0.300144855573507,0.14926462680383,0.0360365785677502,0.134729627756751,0.107126488233044,-0.190788992279823,-0.0501592630463567,0.304579761950768,-0.332305051784262,0.273326540453013,0.141020617409907,0.163115958819347,0.157618166970611,-0.217021121266746,0.109852696530622,0.521314959111612,-0.0001707369313336,0.11390835754149,-0.19328033912391,-0.343271760358534,-0.230830306982697,-0.239297070428751,-0.190477414211256,-0.291681050725853,-0.306893599044517,-0.243699574347042,-0.327869683871842,-0.0187646072791747,-0.433207135199717,0.163180930154839,0.0844424955230603,0.0247628547689321,-0.169960612353565,-0.249447011192595,0.0448049965219527,-0.211042161416918,-0.338753004560614,0.0845334244646813,-0.0437504224631402,-0.104799423668798,-0.0629199989744278,-0.237386237477933,-0.0777240923331612,-0.221623937446298,-0.286015506757453,-0.369946929776651,-0.278371818400623,0.230170382117956,-0.175693420864919,-0.441168260002786,-0.281453963858293,0.384675557807584,0.0428684384396066,0.650015257786847,0.532680621566872,0.791244532405168,-0.108867187684757,-0.115937342032721,0.864914121406161,0.814667100772495,0.864212892487559,0.355197102321416,0.547508757308924,0.917557890704626,0.576911379264984,0.0833278079004476,0.137364984159488,-0.056606889924958,0.280321909612829,0.083316805642147,-0.077657302794738,-0.236497235113725,0.542948711059162,-0.270995146435791,0.0651348844028379,0.228932054112733,-0.203386713445648,-0.0235227359773743,-0.168410124828761,-0.252857874099418,0.112892167431736,-0.0778170859106338,-0.227634545911501,-0.190346379094485,0.208239354983785,-0.11881185883873,-0.213964267064425,-0.313102323988107,0.0613798638084633,-0.0910559062713973,0.29162780828784,-0.0214078550593079,-0.0916326965085928,-0.0668688113498907,-0.0844816824825207,0.328545129085379,-0.207844912554145,0.307645959165503,0.372345116672857,0.211093342718596,0.398679620485912,0.405641873835154,0.474437052840705,0.298249362738407,-5.91254208785052e-05,-0.335894687837288,-0.50436661241513,-0.0289896066347249,-0.241557998249333,-0.404866492361511,-0.439460133291397,-0.321770892493112,-0.0780107404242817,-0.476162257914956,-0.55059043321209,0.305012367397588,-0.487742702252503,0.123143681466155,0.0078249300215213,-0.371517671550278,0.386933778985746,-0.228441271377363,-0.317131152174591,-0.0587401434469814,-0.20764325355201,-0.0949440136719332,-0.199898154301477,-0.309211770354143,-0.0073642574562276,-0.185020632883981,-0.129851665863255,-0.314741901560093,-0.371476142661991,-0.530585456777491,0.331183239592394,-0.415896313746983,-0.365244423351682
0.723020347295563,0.596426090748151,-0.052155465547812,0.896073205245151,0.816442483347272,0.733132367664231,0.304234439480468,-0.568560411274866,0.92762745764545,0.65191659042206,0.816353774297359,1,0.681183165901636,0.364806371540484,0.27146230607943,0.135853346289135,-0.0729650592675893,0.0848232651400159,-0.0342461754686121,-0.110138876118969,0.34490823850783,-0.0093692528321515,0.211292259636085,0.261411503281659,-0.0498302547142728,0.0827389761855892,-0.123600383938088,0.201185336471443,-0.0472588100908116,0.0091714059579563,0.471816756592472,0.122067063378516,0.0393669273348358,0.204126573197932,0.127889773498404,-0.141474574637778,0.019134050824547,0.407714349834362,-0.206389956062213,0.252425581567158,0.20831639131482,0.13888875215228,0.258468729652705,-0.343688966414687,0.129139191930703,0.598976923468361,-0.0420871521248192,0.0454749919674953,-0.260464203955383,-0.343762501183202,-0.0687224586283989,-0.14626076625899,-0.0804628354396555,-0.403353423577384,-0.167727506114012,-0.198614447759594,-0.26355606015816,-0.110352623286956,-0.322470638248477,0.140584128126007,0.0618264510192955,-0.0422034017798683,-0.182428809061024,-0.153326219742076,-0.0811263582147596,-0.368109197765454,-0.605600791802446,0.0120998735369478,-0.330580689335975,-0.118115232592955,-0.0084857365712049,-0.437516887261996,-0.296139318598319,-0.277135466669236,-0.263797653723429,-0.644763143564406,-0.389245471652431,-0.0116136027008955,-0.483873648243957,-0.526644296878981,-0.575457818108246,0.330489097047025,-0.0288041205575051,0.627317083128911,0.701144099706426,0.882664343129019,0.0688122031306834,0.0569063743257721,0.747544172194537,0.935468771966285,0.822702528629819,0.620490912672594,0.830440357821523,0.925289717182993,0.741135921669569,0.139569583181018,0.216037552050297,-0.149992169152992,0.294345217602302,0.0900046604461598,-0.135929119107704,-0.13875354355806,0.412638387936418,-0.155893703430531,0.15168984365064,0.283691102017459,-0.239868031896621,0.218314235076347,-0.0732180599240898,-0.0726667088842894,0.26556899274552,-0.0833403719463685,-0.266369737461955,-0.253552851740195,0.286490358319474,-0.131474190290211,-0.0858547530908641,-0.198019458843963,0.232814418749356,0.0191295497900395,0.428186636058064,0.0927299441559411,-0.038371386836433,0.0069450680458842,-0.23760783370655,0.418636576587346,-0.0891228932273284,0.242000238421879,0.288988779821376,0.363345485929238,0.458303874639379,0.423671989192188,0.592829178781472,0.364285006273799,0.112229863224793,-0.173996071448773,-0.483718503635855,-0.0996966260176455,-0.165367933125377,-0.344382248351555,-0.230003429058304,-0.366738609288146,0.0383566423644278,-0.464210756136237,-0.452050918658539,0.321685252623722,-0.344165211147674,0.152911135559502,0.0394329452067683,-0.31771766345741,0.516037902933551,-0.498276896432047,-0.563045826717748,-0.227468165649331,-0.485311259226637,-0.319605946314515,-0.305740042814506,-0.267984533451158,0.0605309096757578,-0.284316532829449,-0.128090765152661,-0.514029685220009,-0.655132658757105,-0.703579124115583,0.112207049325717,-0.671284201246253,-0.535314039487881
