1,0.627082902532051,0.315090514875473,0.664148604087985,0.707057209930004,0.529308615838286,0.0119814609015227,0.262257544339402,0.597088180090865,0.448137550410658,0.666762244330724,0.655826965160275,0.769449006497448,-0.206626435918383,-0.0911106161139613,-0.187604110565846,-0.371897613384396,0.0364265792470351,-0.256311935851629,0.124078379761479,-0.343636112921505,-0.271460041989954,-0.08070166388759,-0.310347213337195,-0.148569167981454,0.430164437035649,0.032838062098055,0.474989508063234,-0.182630017607346,-0.154528265063986,0.324704932065076,0.0855562150534267,-0.212494984000217,0.390983021854428,0.282609752105318,-0.20725550296914,0.0887007693344784,-0.207009240482756,-0.198354163015629,-0.234987028768138,0.0548817903982316,-0.340532488382345,-0.0973966542576596,-0.478277933418691,-0.0881099223790162,-0.354803993942328,-0.196068339076773,0.0799134662464775,-0.257417396504706,-0.11399507907457,0.0109288097381296,-0.0857037947394425,0.255515594124614,0.119382312283292,0.184068691064794,0.215617841567452,0.0886456013995963,0.213342220240307,-0.276564642331281,-0.0286051553092517,-0.140004109837154,-0.141141704399684,-0.215977885371417,-0.172433086377827,0.037102078908241,-0.248368439035467,-0.229637998456196,-0.218081034577275,-0.192529320930138,-0.0305105004425514,0.00876105216456032,-0.386053965776582,-0.259856984965682,-0.112557246141645,-0.171139352704227,-0.0230251708317248,-0.126811709029214,0.118937779574017,-0.318301104474139,-0.203078691533419,-0.18449593802545,0.418632592248658,0.465705234476246,0.763475958580674,0.561210921846559,0.549828098725537,0.261770289661968,0.25632345538965,0.499501763015165,0.419184358805244,0.635112742026009,0.545255942981367,0.573158168642748,0.723440889236204,-0.148727465395523,-0.206803587138229,-0.284009418652565,0.0921211300905895,-0.327131690693507,-0.257007096778888,-0.282244734754355,-0.042585372860746,-0.297173765694884,0.236712743431451,-0.288695145507243,-0.0150220854108378,0.0122438361585469,0.181957004444849,-0.4009512609585,0.0432039672904337,-0.0631199070237486,0.0593943723942149,-0.0489373593462341,-0.182143647015092,0.100862308726236,-0.0479047540397375,0.519042355843341,-0.00195081935146117,-0.00115407610171122,0.119467174995992,0.0405094088371446,-0.119737617190002,0.0344556816684205,-0.152359345802108,-0.00809588171016327,-0.303844320338526,-0.159789551608458,-0.161182365441716,-0.32090999680357,-0.287155153070762,-0.360464905140985,-0.0416990613372464,-0.267920416406087,-0.412204078732931,-0.217646345235782,0.013192554140842,-0.110332695727028,-0.215371665014719,0.0411632169728736,0.205459183138976,-0.274470423113013,-0.364738985291066,0.20111885869088,0.405027497625788,-0.317578873862046,0.0441071009023293,-0.385044183588782,-0.343574082605441,-0.121526457713748,-0.208787318187483,-0.298268686996467,-0.1628108677884,-0.148578745784048,-0.046712218540591,-0.249467778507024,-0.107428456171836,-0.126846988320454,-0.365669907396887,-0.0759105079984683,-0.359872138748429,-0.282348341738613,-0.183600798453981,0.0551655116306108,-0.244123457931273,0.0611424709423665
0.627082902532051,1,0.361660551513362,0.689291447318014,0.465767266259187,0.817807202046975,-0.169584933268823,0.763101319913035,0.639534402527984,0.639406510089045,0.408553965475747,0.748102391306328,0.774707494874252,-0.233973481072129,-0.207518322964491,-0.132940558290606,-0.316893908551896,-0.122522130819837,0.0704946843401365,0.265068614945098,-0.153708223672237,0.174559558221213,-0.0645112212054015,-0.204338487029738,0.103601074105042,0.529193831932006,-0.120273821732306,0.353958305541494,-0.111878312438196,-0.203065879829676,0.1616286480632,-0.143461587001599,-0.220484017470322,0.454306808476474,0.223902999805941,-0.181295887554927,-0.159232869879399,-0.341951451237036,-0.309422051480969,-0.405063799763564,0.113681633924077,-0.249378625861277,-0.0306086985350635,-0.297801672494252,0.0204772479248432,-0.284658974669777,0.0412997893326852,-0.261304475553465,-0.165042158659394,-0.217273051359239,-0.103946785296689,0.159931318529654,0.355580383145444,0.202212909092834,0.211808461182978,0.0935753053228249,0.119758295862017,-0.00373624180017057,-0.432534021351374,0.0481608144391205,-0.174884053253042,-0.252110426642258,-0.128164075428599,-0.236475968621221,-0.360412801009241,-0.2565144266374,-0.238617525924718,-0.201222250691325,-0.0420518330251505,0.119617760753921,-0.027169183741601,-0.274243617708774,-0.140277828132988,0.0323191902480731,-0.0736076182243868,0.00222807755323355,-0.0658855873478203,-0.0809359992984195,-0.440955065094036,-0.111472515390448,-0.479933418388305,0.0123577495389353,0.576197961613056,0.415911994652227,0.781394120675063,0.466770812231241,0.540782334788336,0.474983966067944,0.289950926782542,0.496783126106286,0.531883458228004,0.67774333916294,0.591306772830964,0.594094935241379,-0.204195546441859,-0.137504823186667,-0.121156232672912,-0.0150368937681931,-0.114135112363799,-0.277279446972487,0.125861798724889,-0.0479021554796193,-0.251436508761824,0.450020673283704,-0.0749570132584204,0.327737448237153,-0.105352933148001,0.0404426587339285,-0.173124249449765,-0.0526848744790515,0.202907687594338,-0.00304877351394422,-0.353108856563424,-0.125625759574583,-0.0984329832053806,-0.0918384610923864,0.543310231471493,-0.134067238200325,0.0595530424839735,0.0145462478334051,0.050951164891712,-0.484690190764607,-0.311170233051891,-0.319247267218836,0.0824913902741923,-0.380220689190843,-0.102682980935768,-0.213824332539756,-0.371104876888875,-0.129872399212491,-0.310195984145954,0.0854905356884505,-0.484302263448785,-0.46255018486563,-0.442457457205967,-0.103192668814594,-0.0645205730771661,-0.0577423239892028,0.0906835040062872,-0.0578163921849964,-0.147157874865929,-0.336757181391963,-0.0159043407666043,-0.0104662537684457,-0.46889631581228,0.0225079369645852,-0.25473566691598,-0.232571988276279,-0.559729325409219,-0.430821679355529,-0.363059088852722,-0.236643495758589,-0.203587455226395,-0.111679321840776,-0.324795567614331,-0.166192615824083,-0.257829884356312,-0.326279111147216,-0.163010744465032,-0.435137282293984,-0.36111102817684,-0.329314764372118,-0.241060611188474,-0.418541133759958,-0.356931116658038
0.315090514875473,0.361660551513362,1,0.259894089321941,0.264811019767112,0.0861243033672908,0.365122023735947,0.24416570686532,0.15751376350409,0.582166036873237,0.190197251264746,0.252373038026643,0.44874137521784,-0.223908819316503,-0.121123686613082,-0.0788713004961166,0.075387603144999,0.33718588220753,0.0830928149684217,0.424669630720768,0.29438555694313,0.327561344160936,0.531491759496663,0.289407565579843,-0.20279365220409,0.785402377617104,0.316565021131995,0.7635387167193,0.458887698983722,0.441928768268941,0.520099893833032,0.321450629906545,0.350343876582614,0.545334126869667,0.557233550345215,0.309601437266152,-0.243313551342721,0.4094639718017,-0.108817390429918,0.185034580965431,0.406369540641108,0.265398774837675,0.408369702348289,-0.311346453068963,0.234063504195265,0.000778606496513923,0.190742315026593,-0.0345142798020713,-0.38047577212306,-0.211934000903486,0.180561503355377,0.124104210310086,0.0140823288339223,-0.155374493319195,0.139526369130661,-0.0809856833295509,0.275934673524814,-0.0297238810771841,-0.535604326927447,0.246723485584625,-0.351840584746662,-0.553335417826218,-0.510493821406268,-0.581426337547347,-0.0588354231223978,-0.545939598420521,-0.433791216113079,-0.312474086779314,-0.361802495562001,-0.130713240631935,-0.0137506111315236,-0.527411988502512,-0.476072398158594,-0.121591748577918,-0.395604083775557,-0.225287066518685,-0.161325819165344,-0.211865132335109,-0.662035934918089,-0.392523703498887,-0.446796042787886,0.233272120292924,0.694861174726228,0.534528459539501,0.310145107384197,0.186362188012175,0.304890994616817,0.0492094587015911,0.118453113914648,0.12064207132538,0.239549646109851,0.392473347927734,0.0879197559378431,0.716879605854205,-0.225950536126948,-0.266169645017008,-0.143214085592602,-0.0170494858337768,0.114018346722363,0.0738449768160063,-0.00437404852617297,0.25632054925303,0.215564405485136,0.226754017869379,0.250789764755349,-0.0914993207955756,0.465230122548018,0.422303101479118,0.167379651531152,-0.0255619258814679,-0.189700296709945,0.54189111739259,0.332918352139101,0.416695314201318,0.231288272462624,0.484816387239979,0.603262866538836,0.475075514896818,0.543740016424161,0.599320850320321,0.47495873296133,-0.517339653930921,-0.235309331037655,0.292011859450038,0.313347776545547,-0.126822932753188,0.0536266220646202,0.323353074745705,-0.00665970526383503,0.230182880246467,0.111160811303035,0.0675971837648857,-0.0814004532672887,-0.341668007818721,-0.321098823902202,0.141675516182135,-0.144663851438639,-0.35405458973765,0.204630581892022,0.110620042893909,-0.0171038544305373,-0.335859313877073,-0.117606833472465,0.234473043043048,-0.487031507726006,0.275591592183629,-0.210722395004657,-0.34922669966586,-0.153920483808938,-0.426263809702978,-0.599891663010545,-0.354519332840884,-0.37208657961769,-0.352639310687424,-0.486710660799051,-0.451064310516037,-0.138078373164575,-0.46354166245663,-0.212005107553775,-0.541167558760098,-0.271787391799896,-0.360331171083771,-0.230437351926151,-0.623845556374784,-0.21303134364881
0.664148604087985,0.689291447318014,0.259894089321941,1,0.81150845287683,0.728116840031095,-0.0509957215768826,0.45213429042518,0.933892438019676,0.505783738737329,0.720160582800241,0.915778912858659,0.761618669339666,-0.258101472200032,-0.159120808674968,-0.120716517559003,-0.149224325162682,0.0323278595733812,0.12845714363124,0.347352142725224,-0.22626290908068,0.0072926247414144,0.0920495755843445,-0.0359422503932853,0.0342437143382761,0.248304871288055,-0.0942801187118062,0.444972638137679,0.00633908294410513,0.0160841580028858,0.261501100677999,0.0780324428820545,-0.0498318797235455,0.441656106845286,0.349869520316855,-0.075274762189927,-0.196979304153044,-0.308864363299294,-0.496374782276449,-0.230939845879104,0.0998317405228896,-0.121503144710443,-0.0572185725380888,-0.471998852828814,0.0276099919603544,-0.428810895262197,0.0648310796550785,0.0441701544565344,-0.40835407756482,-0.170537166946065,-0.148394960823279,-0.2135161374614,0.137650109203611,0.0355109068119019,0.00528709585302403,0.0178663941219059,-0.0700712439584244,0.148484022895684,-0.428869263821443,0.0454727891119762,-0.134062762439788,-0.2515090577881,-0.276253916074928,-0.315449855675304,-0.241042321203792,-0.318394190910361,-0.344577690050765,-0.30718089459575,-0.165218547717668,-0.0601942872355523,-0.113226621660453,-0.394226072677247,-0.269073798315185,-0.0661736202716711,-0.224623320730921,-0.202169390400642,-0.0660950877720102,0.0424706041755702,-0.41281966979503,-0.299456100358811,-0.317100543931727,0.116540129343633,0.323922872763895,0.429828319714001,0.582037393548438,0.590004353337094,0.161543866039381,0.622194816529399,0.637888753939805,0.751358588599158,0.81332535811273,0.475684755590181,0.801928358523151,0.561438325801966,-0.16001008923476,-0.346036330427632,-0.0223678466598365,-0.0777788568340112,0.0231412734895803,0.0453430391958898,0.185250094662123,-0.150850483755262,0.0280896210789407,0.388095865869111,-0.0706350718638844,0.180484729506916,0.0986820667618738,0.219882039042873,-0.00431623736854344,-0.173889310137526,-0.0412872983910242,-0.027531060097683,-0.173259472033095,0.104462793041794,-0.00568912551451944,0.0645748356490685,0.517083830074153,0.0232759045515102,0.217150888981469,0.224567268151635,0.142789805254937,-0.355559310879692,-0.270909937233143,-0.274254642575136,0.172981380904075,-0.377633648055323,-0.104357530999998,-0.153216987901477,-0.131984863947092,-0.0738792754457923,-0.381719700040547,0.124483007576039,-0.505409680228007,-0.524088464924615,-0.212802727073021,-0.098391972306582,-0.198081784934953,-0.241095187183918,-0.0162322819946429,0.0177440896288408,-0.314268143705575,-0.483453212034182,0.00296488968911027,0.205492709785866,-0.486882129267225,0.164664958622096,-0.33213294417531,-0.322481137328317,-0.31564678137339,-0.425341382471956,-0.377999669140298,-0.105938079252264,-0.189829280561118,-0.0822008477538378,-0.388511351539135,-0.284671834820965,-0.22811592472419,-0.356471685454685,-0.224635187297093,-0.429294867281075,-0.203205829862242,-0.160349330811156,0.0228905832684987,-0.311945503409496,-0.119210316642608
0.707057209930004,0.465767266259187,0.264811019767112,0.81150845287683,1,0.436808450309638,0.0501468581239679,0.191325547704893,0.78277140336853,0.461483793955442,0.752270365082984,0.717439444970894,0.631357446604181,-0.128466040567771,-0.121492349516365,-0.0133811830442365,-0.128933382003766,0.0547810168633039,0.00146480151108176,0.254075185814616,-0.300349303771994,-0.184541035894931,0.0287688594950868,-0.151670960930319,-0.0650674104385802,0.197798257225759,-0.0893997881090656,0.388975261207071,-0.0726581997764426,-0.0520511386546606,0.266444712469645,0.102202959808019,-0.0520232052255818,0.26968450178292,0.254137271106125,-0.0555443612313617,-0.0798181140658623,-0.250850409476207,-0.417704532891963,-0.151068910268045,-0.0452958656024128,-0.162940337162962,-0.129245057838633,-0.561986859343285,-0.0836772479066989,-0.448131517488296,-0.108853643269822,0.221546071717795,-0.257912723536404,-0.0984348253152847,-0.0975527773537995,-0.242937028964472,0.15188107770786,0.0746920965880679,-0.0730008770734319,-0.00434112053955108,-0.0653094118973807,0.170299433934866,-0.316539058571052,-0.0643788966581516,-0.0119832297021928,-0.110763082060415,-0.250993852806059,-0.245614151746389,-0.184109100343766,-0.217754342858864,-0.16870819100954,-0.30370619357707,-0.171211679287418,-0.193008757961167,-0.201228734977958,-0.428826073133122,-0.274717056276135,-0.257695086586441,-0.294940573452963,-0.102098216984542,0.00573110144438024,0.287271198899065,-0.213418359015711,-0.160787757608148,-0.12414675767483,0.31905156443332,0.251746506451155,0.540560725221677,0.402419261404242,0.604148334961949,0.0849322403241166,0.367137788807386,0.748743426927562,0.613694891122116,0.805141547278065,0.372486634330711,0.672200682385153,0.480856045415997,-0.104154958144019,-0.343819239714774,0.00836562722357217,0.00188635951988195,-0.06229670281552,0.0860549793255903,-0.042851368681556,-0.141587968029975,-0.0680269891995827,0.256958690582478,-0.190289407894605,0.0930313536889659,0.0702844347405221,0.250150038858682,-0.164560590016002,-0.159161031636174,-0.119693348752239,-0.128720183601367,-0.00537581401071661,0.0876074723290341,0.028739370945492,0.0678959453448938,0.419174525768966,0.0854917043326069,0.133498141018961,0.156793611137662,0.137257064906607,-0.245923122705329,-0.209307448891295,-0.204517472036789,0.0222653660749326,-0.341528157342862,-0.0592281760140879,-0.210453108269112,-0.148040276275378,-0.209376516207092,-0.366279350046778,-0.0508245796876117,-0.479231774640953,-0.346609782061906,0.0448779105867433,0.000571831369353331,-0.198935796134832,-0.246363744877818,-0.0156421801874484,-0.0362359388549214,-0.372366989036345,-0.401702934039909,0.0273687520257104,0.337419258450094,-0.342861895561277,0.0682232428532702,-0.366353813101419,-0.42740024850288,-0.191787845416237,-0.329610847204893,-0.171300238856983,-0.0533771802463474,-0.0550381344625765,-0.0824594905868162,-0.319208669025026,-0.337511942522483,-0.340214172720812,-0.206499851718497,-0.108013317372678,-0.328820355385859,-0.0405058915108875,0.0928578919043185,0.254448257540357,-0.0679960637744361,0.116381224799391
0.529308615838286,0.817807202046975,0.0861243033672908,0.728116840031095,0.436808450309638,1,-0.260112106743377,0.705774042780311,0.708267930241094,0.450537151162432,0.425257417572361,0.794587015065575,0.696099810511015,-0.186449228937418,-0.112795769464652,-0.24781051902603,-0.240567365285862,-0.218846712574251,0.111134692484229,0.187772236825387,-0.0966795759887685,0.170161878527716,-0.101195394654706,-0.141056792189662,0.103306698914298,0.215495869206554,-0.134028932118057,0.21442711950608,-0.149934738845374,-0.170449730294272,0.0329485543010208,-0.058634946606244,-0.209216273706898,0.421211136433478,0.217036921209478,-0.309172074493911,-0.0764914479644324,-0.385243464828999,-0.351451731880981,-0.427907994312055,0.127183439264249,-0.237772226058502,-0.0989140105468767,-0.233884034638004,0.0510568744268057,-0.322468107344479,0.064750344196945,-0.253541022559046,-0.327624335288827,-0.119693140931214,-0.165042707605507,-0.0185434363465322,0.170333247517347,0.113911123377531,0.141959824897059,0.168099606523059,-0.097149868288321,0.121066795674911,-0.332997924019552,0.142024889026486,-0.250830760351726,-0.221305189991322,-0.145160643780754,-0.130590545037643,-0.201993669063414,-0.262157022173773,-0.264195296563425,-0.210397377234967,-0.00309456733497599,0.0201800468257399,-0.0540041364123145,-0.156954081393554,-0.140064377246263,0.10031124955036,-0.110197591503686,-0.096940395837333,-0.0322529377197672,-0.0038420010284546,-0.38350654823519,-0.25458655164455,-0.306804979793708,-0.0650562130112635,0.311129480529746,0.363592491163783,0.702362737763792,0.555497096475613,0.397956351090566,0.54922514519921,0.359377000226631,0.618181107631283,0.538001351449611,0.625466021502405,0.693886604803915,0.434593318956997,-0.143707417656569,-0.0205184274334558,-0.014825353226215,-0.0585455653395064,-0.0281029999711997,-0.168301765207596,0.241397388940301,-0.20983286898224,-0.138022366636597,0.385075540233254,-0.0850907235914697,0.241597914640983,-0.117947450495264,-0.0486356849103331,-0.0526784153978208,-0.110662082780795,0.0971982190554398,-0.0521501058358183,-0.369292597192921,-0.0663002058858042,-0.0830313432371825,-0.0844587843631106,0.381736648063042,-0.286371077496889,0.0321266073760141,0.0390703104540315,0.0142581007639262,-0.313717979242901,-0.10027364483153,-0.288913081608207,0.149625553427492,-0.328288925991889,-0.156470309090437,-0.228335775543442,-0.237034405786532,-0.0647934686927434,-0.394617365710146,0.165596311265046,-0.455425077932915,-0.55585610726743,-0.444195290419884,-0.123799023430253,-0.255480513002273,-0.203795814561281,-0.0692168749964142,-0.00477381145108817,-0.218492551560818,-0.435095065872747,-0.128824446427226,-0.014700408301208,-0.449333326278528,0.0763115017239238,-0.227326896165399,-0.227147694355629,-0.399202479151808,-0.356974220959461,-0.404216442906393,-0.294318509815385,-0.311311744180457,-0.137654652703386,-0.328154383726843,-0.0725023106182542,-0.191302302407073,-0.236809965005937,-0.133058847546607,-0.437098980747387,-0.396135181019679,-0.385143317227824,-0.147108621710326,-0.397528765294809,-0.235760810324791
0.0119814609015227,-0.169584933268823,0.365122023735947,-0.0509957215768826,0.0501468581239679,-0.260112106743377,1,-0.276419521414858,-0.100786540154433,0.299520228353557,0.058103348089731,-0.102051156972391,0.0153823881700563,0.37085735968977,0.439332465104309,0.132768628996239,0.426487605720496,0.677402827266275,0.207471392621992,0.395882279231582,0.385766173075693,0.238039012904748,0.426758435249387,0.470862001467921,0.104583706631402,0.0918891761221485,-0.0291439950747119,0.159853862198345,0.0697899114435937,0.215912438029668,0.0608519702733283,0.25119071089821,0.508548082711418,0.102156727078059,0.089424557486827,0.42741669437495,0.35506511210895,0.421829277673818,0.0864195560549311,0.418359019507074,0.151154623872358,0.423699661581661,0.245136325548167,-0.0276690040397584,0.271429009843002,0.0151529624564653,0.359667857429375,0.0121464481272971,-0.213053229526393,-0.43343423208442,-0.178103522083131,-0.157961260731987,-0.330174653583959,-0.281750350748079,-0.159380039486094,-0.391790454994099,-0.0526282568489699,-0.0820886157274569,-0.244989210333386,-0.252654172652565,-0.0826396654231724,-0.198640189674686,-0.29751494975715,-0.168610379138681,0.31518643632662,-0.261724567390568,-0.289212989677364,-0.101091653839272,-0.39420010556956,0.0572028177694981,0.102003192649033,-0.432331727503067,-0.142976609132743,-0.216210370336169,-0.292226171980612,-0.228463842150551,-0.452799933799913,-0.272085048752554,-0.223890413413225,-0.322689571896254,-0.32578220133433,-0.0508781206351593,0.192425904497211,-0.0132990267490193,-0.1150166334203,-0.00632702354006375,0.191319426795288,-0.1679576620994,0.098297428461485,-0.134240135375213,-0.00921663162542693,0.156263951519909,-0.142654671699365,0.140845445512061,0.308811358960509,0.0946554011121193,0.0103018456714075,0.32513414205717,0.32615745758102,0.309386548391649,0.0856753338119388,0.238345436040541,0.324250214350094,0.149851031978804,0.329311006463313,-0.152528250538135,0.476893414243732,0.584362477700457,0.32743955381188,0.0957248804230893,-0.0826197175836013,0.344994120059745,0.56095167185477,0.314057977905065,-0.115675684263598,0.329258388924285,0.016228548041296,0.205897248716892,0.409805799664956,0.283292724757755,0.257493085811262,-0.107318884230453,0.0549371596976398,0.582408544140131,0.479651317635803,0.207987729608122,0.272714770283302,0.134609936793909,0.323428765577014,0.322488416073365,0.262230311721812,0.342773850252983,0.218846944435306,-0.21865838553237,-0.238501691334834,-0.143099617308101,-0.122633141922757,-0.417083321653441,-0.0933060274578325,-0.180321872215079,-0.120270467914103,-0.204161076459014,-0.0437132416855738,0.0842843509384878,-0.153189430502428,-0.333375832240317,-0.239772253677381,-0.319853815504933,0.0861834724749627,-0.249628863271272,-0.328290833226201,-0.161548349054795,-0.253156332763118,-0.266743694430838,-0.128212155277899,-0.136557865674738,0.123566678957728,-0.407348796398575,-0.254960282565227,-0.0869620792506961,-0.209254765423851,-0.254613622141316,-0.24066585870714,-0.270243217846675,-0.0730969628790576
0.262257544339402,0.763101319913035,0.24416570686532,0.45213429042518,0.191325547704893,0.705774042780311,-0.276419521414858,1,0.394002098443336,0.669393231696825,0.216722883689369,0.602321361840206,0.620734023298262,-0.256384507185256,-0.315749387544306,-0.237917129517928,-0.220583210952612,-0.138744189080367,0.22727387117721,0.27818537213334,-0.00449396576493419,0.297014447984453,-0.115325748831515,-0.10239597262923,-0.0425909471605713,0.388658640812739,-0.13621251025383,0.238487604716897,-0.0746075266844402,-0.237545893103385,0.00712300832345822,-0.246947546732613,-0.261578026830359,0.369577673284823,0.161444032894366,-0.0358143643352662,-0.225057421306648,-0.368633919782714,-0.349055118719402,-0.383108934728474,0.138337671814879,-0.135743550799337,0.0816160801547573,-0.215178793014248,0.13764739031008,-0.325130659601668,0.23741941487959,-0.234310825400879,-0.0832829325552791,-0.102606760343144,-0.149133723737957,0.0609447389629388,0.278481996989807,0.221646265745868,0.158031854087738,0.103008760643421,0.0852746668545788,-0.000502713940396971,-0.45015207090771,0.0741384285450986,-0.236039637033797,-0.256365499005501,-0.0286619199860162,-0.13510406836651,-0.419831880394444,-0.151606360135551,-0.197051696707508,-0.143741475793445,-0.00188893808714281,0.137940003730797,-0.000826604233177762,-0.0858354237395701,-0.140909069330898,0.0610880476954088,0.017586738948965,-0.0265156992666765,-0.039815953849099,-0.165467148755711,-0.482469747030149,-0.150438754716398,-0.469881362154228,-0.230505240325363,0.341231013560199,0.185778868723246,0.663180547630888,0.247437406175726,0.545710669527607,0.469202934318594,0.0852619553377341,0.281922185442315,0.333877600481374,0.594667726731746,0.35713415085877,0.374554624810787,-0.306373714726061,-0.131022156889637,-0.0828021857631718,-0.157095588747329,-0.0425639122492328,-0.256073520313163,0.299250463306479,-0.143909957461202,-0.232532501185179,0.430346596177017,0.0498895143715418,0.320012814706239,-0.205634265016747,-0.129071168440902,0.0403617526417672,-0.36361148336935,-0.00540061007365185,0.0828809646903085,-0.316607157969039,0.0127567603840204,-0.0896633782133639,-0.11390164725812,0.406033526748956,-0.147454789799671,0.012464420653006,0.0114427704782308,0.115458075928674,-0.483583727424422,-0.317526567925437,-0.311820278302426,0.170501753582853,-0.206780295713491,-0.158408267404236,-0.118973836378723,-0.291224468991694,-0.0294707016844349,-0.333569290655749,0.152953919209374,-0.393800855637629,-0.293892192456899,-0.365725030310471,0.000512143460217485,-0.0670984910818158,0.0637924287140826,0.113536534046651,0.014604200953064,-0.0942711901631738,-0.240968364788939,0.0288475639048472,-0.140862715217074,-0.482008348241512,0.0258244086714391,-0.0987035695489504,-0.0638854889141763,-0.498943501718654,-0.345124374180179,-0.237706235962407,-0.345221931439022,-0.153866942106917,-0.122706739333037,-0.274486825280858,-0.108164880347662,-0.190519733888895,-0.205654348007493,-0.161602261127251,-0.371258841178747,-0.279136513205358,-0.23932855272634,-0.283729014876463,-0.442696564845066,-0.416406261595844
0.597088180090865,0.639534402527984,0.15751376350409,0.933892438019676,0.78277140336853,0.708267930241094,-0.100786540154433,0.394002098443336,1,0.379560284975215,0.715333325323006,0.847838779847252,0.623957645869974,-0.268545118046883,-0.186634113183457,-0.148578915491635,-0.168426264653247,-0.0147654252516996,0.111952467846283,0.282973858911944,-0.208053821066131,0.0441064468345555,0.115159097033629,0.00390365390882776,0.085021818486842,0.143150428350155,-0.0862806040779158,0.29613030910301,-0.0290902727976489,0.0342982728730507,0.180083718530387,-0.00291950095542887,-0.0174750763063113,0.38211363599543,0.277503188899357,-0.118227729188743,-0.251313737507835,-0.344661824418991,-0.456400046393593,-0.294373591737694,0.0239276414770325,-0.148939485410005,-0.140927747879482,-0.449924042511128,-0.0501980782576697,-0.371485617153342,0.0270856323222269,-0.0157388860352079,-0.405403836897593,-0.221376303823715,-0.146830293320403,-0.266808016325895,0.167891293351469,-0.0259000767087908,-0.0543640741170235,-0.00790216171550164,-0.122005299884796,0.0886596315151437,-0.361729294251201,0.0520549711686707,-0.0831550328903995,-0.258921923836409,-0.262735365038141,-0.33161168481607,-0.281358913918825,-0.325490911426398,-0.342810330619178,-0.279204149163363,-0.142752258701993,-0.156072529739242,-0.19305280252518,-0.400474172059184,-0.26121770156038,-0.15538586000663,-0.223026728356911,-0.254441463909618,-0.100496916992598,0.0671254356287979,-0.335624331058411,-0.226828472160933,-0.329605195467439,0.102287293486119,0.278339276837712,0.348286511124531,0.524793202383557,0.666612977918426,0.0887562324255956,0.636529356229887,0.706386750921775,0.851624351302619,0.866770929144112,0.351203063753732,0.881227911202689,0.408947433699316,-0.202570800536045,-0.390943295037908,-0.0100904616686148,-0.117540016164234,-0.00921064722350939,-0.0297461042531884,0.174948726647534,-0.182678979366298,0.033124348048343,0.313716042265515,-0.113536188618128,0.163112451437993,0.0813537691347577,0.167641664644946,0.0109453374661482,-0.110063847730382,0.0554904244484432,-0.137686171151427,-0.205197165542695,0.0457348490733657,-0.0513527589275868,0.0586544670112639,0.382937806646272,-0.0142199554152785,0.169689282807928,0.174709474436995,0.0518273583327804,-0.300853161091717,-0.316938189773788,-0.342663222090713,0.0500025162904028,-0.386747427854345,-0.123885641875093,-0.208093281521942,-0.203186695478926,-0.131721794091339,-0.345199993764882,0.0754194437199675,-0.502911325148023,-0.443503277768477,-0.192316265907352,-0.0357517127195955,-0.100923835575957,-0.198668241983175,0.00664586254541542,-0.0125689426787557,-0.288876891566328,-0.415149233080693,-0.0507637895991211,0.138238438422846,-0.450229772934573,0.128337910644972,-0.304051074592859,-0.242705075222818,-0.331864315473397,-0.379066897376956,-0.314610380495016,-0.0553351810352115,-0.131360311594081,-0.077644799386283,-0.336187365439302,-0.300452661225848,-0.270354915081668,-0.283248714559003,-0.261250902940519,-0.322939033732851,-0.141087422203084,-0.100396538728157,0.0302310888335881,-0.227782294921096,-0.14012312203529
0.448137550410658,0.639406510089045,0.582166036873237,0.505783738737329,0.461483793955442,0.450537151162432,0.299520228353557,0.669393231696825,0.379560284975215,1,0.355567011323239,0.610616905303834,0.755769587374714,-0.0116564869064776,-0.0563336722714925,-0.0384936693178197,-0.0635401753784549,0.220862436879319,0.200024302852736,0.434949737892318,0.0237039227583709,0.291025826811954,0.111162282153662,-0.0356189938467811,0.0370177702065343,0.471415450277045,-0.303013575099295,0.466329509680968,-0.114860962567813,-0.155344481248881,0.159546482919779,0.00287203032916629,0.060530097798514,0.346487721998937,0.184791905367877,0.0753946558019842,0.0128653842645716,-0.163327792717508,-0.473226771024829,-0.211924979798791,0.14569361774137,-0.0266492600492008,0.0871823878658979,-0.344113570166308,0.113639414482255,-0.404588238898083,0.197776700209804,-0.00310884361067643,-0.268808049195843,-0.350137835363675,-0.35311011873481,-0.0182615510689822,-0.0138279538722148,0.148480956602284,-0.0653180104562554,-0.207224460617006,-0.0725449587061959,0.0635179298529772,-0.565161401995977,-0.167655806074638,-0.199561575937899,-0.232459163352903,-0.288986855258114,-0.271886636667119,-0.29392045123871,-0.333786342901922,-0.331447243919584,-0.224973719402106,-0.207292464929944,0.00980614065485871,-0.136591794351455,-0.407409682856699,-0.223995672180905,-0.205256667590978,-0.347290205165831,-0.181246688320922,-0.248810703885018,-0.0931680998850273,-0.485762265353128,-0.258324096797024,-0.545672558960553,-0.0681910580600502,0.531000814550912,0.425010802153781,0.56814036018551,0.297300504225952,0.673796854530678,0.239006022854858,0.296326338347142,0.226961553738298,0.402132311761461,0.777024539942903,0.309520762872303,0.628810926263512,-0.13497822099334,-0.146408840703634,-0.0510922417914128,0.126054609846674,0.079116726482332,-0.0587000721726179,0.175126604635199,0.0632972366584506,-0.0345464401458692,0.476297798552367,0.0908851569350659,0.223814225463701,0.171884147893423,0.339666595473074,0.0241854064888311,-0.219902305423046,-0.0406319055271831,0.183843750764515,0.0758311677156597,0.168126398552143,-0.0605340062263607,0.111656648612717,0.572449884047487,0.0639474920821826,0.242598168377023,0.197645380607876,0.283667660375691,-0.580389616883849,-0.257695912131527,-0.00363419453735992,0.348230690846293,-0.0960376731877604,0.0545765448980811,-0.105425274526451,-0.176944766167393,0.00490788373944918,-0.190527771338482,0.165492617893437,-0.358255268837601,-0.39801731793353,-0.334477800972222,-0.0883541864425083,-0.186736488178877,-0.155963280299953,0.0531505477326011,-0.14158438254632,-0.188549139356617,-0.399871916150015,0.023325169995709,0.129558432313773,-0.512771569845871,-0.214389986244085,-0.301783069447535,-0.390438172657909,-0.414471241884335,-0.529798747612127,-0.383273473572158,-0.356600930597432,-0.237838257552389,-0.224309983384783,-0.382332851874657,-0.310968584916398,-0.278609816411453,-0.388094958387802,-0.211495574151181,-0.428524730537198,-0.362237941582554,-0.217672193773076,-0.171398277634521,-0.444923034366991,-0.248048494675139
0.666762244330724,0.408553965475747,0.190197251264746,0.720160582800241,0.752270365082984,0.425257417572361,0.058103348089731,0.216722883689369,0.715333325323006,0.355567011323239,1,0.694700775898476,0.59463281662546,-0.190583490908722,-0.166131317822306,-0.131765476069808,-0.186285513731189,0.139396013587317,-0.0642837920821743,0.278064339183785,-0.195977615847722,-0.115293868742955,0.0946035555519363,-0.111069139165351,-0.124535459027661,0.169626770133455,0.0428686910948285,0.352187370833413,-0.0703754867039371,0.0207798936498673,0.288745141424748,0.0857729099896183,-0.115661836076294,0.375460656487532,0.207907263613354,0.0824787033697348,0.00201117233390245,-0.190013888322973,-0.365285173047244,-0.12564835095825,0.0697652922515792,-0.187361494879701,-0.0236219382183441,-0.509875760988316,-0.0639041476562691,-0.404074600549618,0.0165820605555326,0.187684787788693,-0.314719355347721,-0.0672061239584854,-0.00923365762536383,-0.329223353231933,0.234616086878112,-0.0493327496187525,-0.00229225928406621,0.215008354511472,0.11633682524438,0.375848784640163,-0.286401934413307,-0.0147408127731195,-0.0141757775368013,-0.0493237893155053,-0.135018515209014,-0.153665166163495,0.0181254238374847,-0.2190158687375,-0.239214225323625,-0.194707783150462,-0.174336096118484,-0.155152721582944,-0.000727686108955609,-0.290361706872368,-0.322541757243426,-0.150906029269003,-0.166397848501046,-0.217543267996197,-0.116959700387486,0.221021653503531,-0.264345484086627,-0.224248054258681,-0.153931756706096,0.354950214565351,0.223619617171519,0.489779559443107,0.25292034011243,0.709112038141708,0.0308603548174954,0.235784123662882,0.750567291627424,0.615528912273128,0.846140976409275,0.321543537783443,0.784958231755016,0.451146979908456,-0.154234236925531,-0.298506998145898,-0.15339019799425,0.158824417704302,-0.147871894469615,-0.0320375395600349,-0.0935609349852522,-0.150625031426024,-0.0168014834839845,0.323062063498093,-0.065783241788453,0.0966804641312701,0.158053672141634,0.29024868584003,-0.150840853565138,-0.222375953762348,-0.14075710642859,0.0814010738251749,0.0719755794765704,0.000442720876819581,0.0157729156691918,0.00556846439301604,0.257675389978764,-0.0649338111321054,0.0936755087990918,0.102087745427051,0.0986686127908609,-0.108382603824582,-0.0482820075978638,-0.169049176192619,0.0680470375105945,-0.201603910461531,-0.0690161645026654,-0.0780698551210694,-0.257052176537652,-0.209296056896439,-0.35347343365378,-0.00281741035240736,-0.353946969028868,-0.367856394349481,-0.111775633919135,0.136507283671723,-0.100563822610612,-0.286588430939162,0.0584540539902575,0.220603053737102,-0.424196781074295,-0.461892095899561,0.0340141030746929,0.500895217750796,-0.320601107225041,0.0908356043133925,-0.291200566198623,-0.222830664395221,-0.0495590631607794,-0.225198247520689,-0.266643444586649,-0.0271291962194272,-0.100848527199828,0.117858591106674,-0.211609926051573,-0.161896906711319,-0.0983645786649924,-0.308670188442951,-0.159149530623916,-0.290831403892762,-0.204630899692138,-0.148410534376395,0.172207742229375,-0.13088121195526,0.0524142484520117
0.655826965160275,0.748102391306328,0.252373038026643,0.915778912858659,0.717439444970894,0.794587015065575,-0.102051156972391,0.602321361840206,0.847838779847252,0.610616905303834,0.694700775898476,1,0.859034057115986,-0.198286923346778,-0.193999261000821,-0.182818918469888,-0.299063860258722,-0.0136753264903363,0.0741541562959973,0.230137032064897,-0.248202969047753,0.00511836343581585,-0.06594946357094,-0.178772570508492,-0.0188801111265954,0.318849982637814,-0.175994705081198,0.405573930706406,-0.0877819161553316,-0.125113151997776,0.162421374638163,0.1654848553704,-0.181843588041252,0.371197638988657,0.239677103629422,-0.0919126222278914,-0.0859387754412161,-0.373408516607435,-0.548149388612218,-0.309639248394906,0.123236422596559,-0.251203575520647,-0.0782290790794304,-0.447120479179079,-0.0492932159811834,-0.534887691492111,-0.0114871963449778,0.0866658130772964,-0.466223323430243,-0.184434110964384,-0.228423925278477,-0.259090896448287,0.126448078583223,0.0893576670078498,0.0597929338909005,0.135388373041692,-0.131585819853408,0.273704942557771,-0.476015784829173,0.072524519764165,-0.145261071804368,-0.185267926154601,-0.204363988189752,-0.18455626145697,-0.151541428215263,-0.300674662447099,-0.388774445669975,-0.239116083751051,-0.199928265856498,-0.0347190779673662,-0.0591766969514887,-0.384722180083359,-0.286485640666427,-0.0584614882580497,-0.229866776445745,-0.257847784614333,-0.146734428397026,-0.0060662455171275,-0.425319703798059,-0.410731577063392,-0.288003803276399,0.0814648397042998,0.422876079901073,0.466453492120468,0.644716704380445,0.66496557785508,0.283300219038154,0.54035087662387,0.618538330605974,0.720510599446959,0.790314072611564,0.578615321524292,0.840351150010936,0.565086527211378,-0.186380998941567,-0.267115677423183,-0.0505250963860722,-0.0201710697371612,-0.0986243938359217,-0.114597573980283,0.14251454054756,-0.213569669966265,-0.10031553642253,0.340339048068602,-0.18628885648358,0.179058390489129,-0.0354518190155234,0.109793462532764,-0.129819967869133,-0.210861705119362,-0.0594520270583804,0.0694500736945966,-0.131382945247616,0.0102019605382915,-0.0124164280504112,-0.040382119229684,0.492515114515515,-0.130673663528748,0.0312286336876326,0.121609394505489,0.0849791061585476,-0.319065940448356,-0.131340510127158,-0.300468200332602,0.129758623047283,-0.240026292001365,-0.0833307507982685,-0.184856403090565,-0.243936100657245,-0.194433607485428,-0.48770179120739,0.0939093265640291,-0.445028664714355,-0.520254584141112,-0.309810999054504,-0.0686632895810297,-0.249349075509809,-0.20702764525597,-0.00355481415663946,0.0945376793853037,-0.313094114758094,-0.459051703114903,-0.00348875959429015,0.261310586135439,-0.538920398904709,0.050458783431648,-0.303918116175362,-0.234129667403132,-0.249893421948173,-0.343701161485231,-0.420442085931553,-0.130275601900359,-0.276287543934646,-0.00317250206556832,-0.343991591749432,-0.115899333090124,-0.17364139963739,-0.446094474095739,-0.233740513258159,-0.427904192441471,-0.274999698707376,-0.240894997539592,-0.0300132383617633,-0.361100126277646,-0.0303456402229812
