1,0.81900195447632,0.364034735866222,0.743554797412109,0.545282612163317,0.698880572135812,0.656064802695604,0.498004153892001,0.684179342514381,0.646239414433744,0.662268160512144,0.771089628305442,0.832446744626407,-0.0553826449234998,0.119996881913847,0.102828044614882,0.017885618431851,0.210751603174987,0.0432811245284652,0.117235809772648,-0.0420140633431145,-0.262614601113074,-0.0743279212779178,0.0933300888345172,-0.238203422615189,0.197168035702319,0.0769512571506639,0.26296472602859,0.193614409322587,-0.0345872333935843,0.14998455871809,0.241161864770502,0.146170135721861,0.157855627755515,-0.0125813073788635,0.0536725120215669,0.0589402309439164,0.179249256511737,0.165229846488056,0.102106899695067,0.326894141994142,0.103351098914797,0.0541263388935547,0.0958058176564907,0.155426457202652,0.199003559755708,-0.072262488900883,-0.354001629092197,-0.114889483903759,-0.207110921076338,-0.0766598461001177,-0.404343682780107,-0.229620097037017,-0.159909688230236,-0.188976356020058,-0.0739253295344727,0.198728574475365,0.209290829606472,-0.224060168979194,0.0486428235490351,-0.258194226389762,-0.335326238557925,-0.131758423904306,-0.163978792759928,-0.0588889001863728,-0.0397791716363607,-0.358652461936853,0.106673374719292,-0.426386487135291,-0.2949072175287,-0.0372742572237882,-0.0911599445443853,-0.256296803083189,0.221610895954489,-0.0987429782456246,-0.201276855409916,-0.26301688432896,-0.0933256407032619,-0.268028311902687,-0.380161070375709,-0.227529830367927,0.0820258953573779,0.134938347659272,0.382276867117623,0.801490868453721,0.703363317852639,0.424875599642384,0.630122549800154,0.638854497036745,0.729150087627601,0.751132004969912,0.487089381777052,0.677654796330583,0.650527717476219,-0.0858975437653235,-0.151634415140867,0.0641928709411434,0.170985394951565,0.0310694423099281,0.0718953352522341,0.0250936113144625,0.076813030834737,0.202893269345241,0.13936731091314,-0.0903317868692024,-0.371606804289959,0.0339837021975195,-0.152189324233997,0.0804828482001873,-0.151617393111468,-0.263348765870837,0.114099031429469,0.368981509877918,0.271925828791446,0.0369243125964668,0.142454215558836,0.201433962267671,0.188983713471732,0.370788706548527,-0.158705917019493,0.328641369714112,0.199513508544855,0.0641550318624546,0.113950225605108,0.3294528448341,0.260235909348733,0.0818639294402687,0.35950128446258,0.170659603616057,0.149193731875897,0.189115327183227,0.135655352998084,0.164860778473215,-0.0738153258052211,-0.196850257153918,0.215222157339531,-0.20247674004378,-0.237912795471251,-0.013211484813557,0.026519923011264,0.1138866937955,-0.0472625947662618,-0.160112236946472,0.193403846276843,-0.117599814291122,-0.123850515862955,0.236597234120036,-0.11643129307598,-0.165842190177599,0.113324826140635,-0.206211301997123,-0.124313339681901,-0.32219009782499,-0.31708693530789,-0.108504027809039,0.0425234603032265,0.157765841151272,-0.0657254868246113,0.113529548469151,-0.165454751468944,-0.138862522509164,-0.175188464935581,-0.0762985374366113,-0.294842746357484,0.10002563038386
0.81900195447632,1,0.344243571057158,0.840325829672404,0.413280734645863,0.738112322960286,0.650549894391741,0.671089926931063,0.694898380759173,0.563651274210922,0.665103526956398,0.850261319942868,0.840990034143621,-0.106018359715928,-0.0249320268445434,0.0637710382886361,0.0594159089580127,0.139053149583573,0.168117467051743,0.151850025978716,0.00752200668303297,-0.245679871605034,-0.144705039141519,0.0897707342240146,-0.191792926381844,0.254059839284419,0.0401268593441208,0.174455834827315,0.022421602422593,-0.142418251374409,0.0748395401711882,0.121368381581401,0.0882168882803879,0.176388210095891,-0.132834128310637,-0.0897830239562383,-0.0235044629692586,0.0404060681489,0.101892622915223,0.0293463889116984,0.378208597584617,0.0832877895149138,0.0374839162036401,0.186486526018374,0.167469170417303,0.227968661857723,-0.033136329489473,-0.282307053500829,-0.0709422292776248,-0.195318950347131,-0.147816231242866,-0.487737191021016,-0.19200789077631,-0.117509165863322,-0.201402831497462,-0.180861711905197,0.142314001952696,0.196390856887072,-0.31264324498932,-0.0196991293406461,-0.161458204269751,-0.349648472434406,-0.083065051980179,-0.0258578248432546,-0.103565800695197,0.0353661155480686,-0.391517078959612,0.175796567397621,-0.53593779677782,-0.201555533296514,0.0320203526265064,-0.100722609669749,-0.321195403853487,0.270469008921919,-0.149964450563286,-0.178067380498276,-0.347926955880797,-0.282952540004185,-0.346620898168104,-0.526551882291906,-0.289284463471876,-0.227758666252867,0.229325410685778,0.0368919570281462,0.921829240454205,0.827573295303719,0.555666791985204,0.640187115178379,0.516904726523552,0.762246237355031,0.717166299583111,0.365733414393897,0.72201603638461,0.541039029862359,-0.202796488109127,-0.346645485237381,-0.0175943717903557,0.0999625781786225,0.0209865057917647,0.113534965310423,0.168762633616,0.222707951425168,0.191929096608681,0.193449991145099,0.000291354756030858,-0.269081277164136,-0.0168998301305607,-0.114386987600486,0.0998764950226209,-0.152233593091152,-0.180451028862179,0.0388351825995971,0.232301787366801,0.264183121505227,0.0825291447737872,0.0975850177322716,0.178071373254804,0.16865512366886,0.395356577418582,-0.206506432005903,0.340984264161571,0.145689956361028,-0.0528416692209679,0.0757607630968665,0.371395386702168,0.137677172806241,0.0343479393299599,0.456230400613667,0.205170765343905,0.208721075880708,0.184032814383405,0.237032629773008,0.14297323909786,0.0173373653954066,-0.225940733107318,0.338570138928739,-0.193570691992079,-0.195824031519803,-0.0178368642806802,0.0967299700165527,0.275429314496432,-0.0488230983765228,-0.128989005415518,0.200811410990059,-0.184252046463704,-0.191290527115243,0.351500605936819,-0.0515127612377236,-0.395486302470562,0.103536485447958,-0.172874443731817,-0.0697088986674845,-0.375350260437584,-0.324091489600937,-0.0431987659604174,0.242995667177222,0.246305885769948,-0.157686444367876,0.102674552113382,-0.265543633145464,-0.114308832026348,-0.307787095340958,-0.264702184718236,-0.426070241718463,0.0452033607851467
0.364034735866222,0.344243571057158,1,0.199506907164603,-0.100622913463599,0.186860946811889,0.753557649555527,0.383005986022181,0.164467665897512,0.732839522275813,0.197821706769873,0.187902910523068,0.438355342311421,0.0757648636851554,-0.00156815773244996,0.074332444934045,0.281937468129089,0.31352294578619,-0.0617652285309257,0.398058168044502,0.181487043752908,-0.189687498468911,0.326344937885791,0.42081721770564,-0.0702927392425218,0.727394613216444,0.637923208434635,0.696457196412105,0.509221923720418,0.234584332316139,0.613401943023207,0.302280761978858,0.587427442990699,0.473352173334562,0.219286716231606,0.473209230282938,0.358226386163288,0.543209340384075,0.563125082076703,0.493655905605091,0.538141251946839,0.297564925787236,0.599159882349754,0.184441678969262,0.394091063927546,0.334251736158658,0.310436720499506,-0.456476326446472,-0.304725831158931,-0.187067502482726,0.396234588494243,0.0195553463557242,-0.0950037116164855,-0.370958627470923,0.223664836083892,0.377107399953404,0.188915109726135,-0.0257561526002005,-0.371809304923233,-0.000944343561747175,-0.233269484120302,-0.487348538874846,-0.297113879571243,-0.0681277544354148,0.33340102571795,-0.341742357238481,-0.52129213657081,0.0641254568684198,-0.564036057427561,-0.0279417508179183,0.0580567279421383,-0.292579093444947,-0.401610232471234,0.169569806819914,-0.32670389394138,-0.364808469154894,-0.553902025332006,-0.512660550136247,-0.600637593871549,-0.631725169543353,-0.548694700278983,-0.0733604772707583,0.593311051169554,0.137731822297115,0.450688476723933,0.280328861782628,0.582321848861336,0.156251652224567,-0.0426143225426327,0.340872335980295,0.163749686597203,0.692140982871161,0.0367033398867863,0.666610761721483,-0.00947177151750643,-0.207946273841699,0.137202882683113,0.220183615826131,0.3578254163412,0.188195105639101,0.109152616579464,0.320143367676979,0.537191320719227,0.295344007764499,0.306333688070711,-0.0733958893367577,0.517789731742707,0.222737090485367,0.484357000226506,0.152938431961277,-0.0395214939181511,0.834436078716095,0.677433253635048,0.517331006824365,0.511652654323477,0.586617171425758,0.465582502812905,0.527141792934938,0.654804631553852,-0.374536283314434,0.645686821461747,0.475262133264573,0.0617784497764096,0.573850181058435,0.545418526145841,0.0655847733444025,0.418522548116799,0.511037961337849,0.515614863859839,0.440283933631945,0.217675516458708,0.472677687283755,0.62622216150007,-0.147849194954996,-0.40239258369024,0.00840883856969009,-0.478791571309313,-0.695793080372097,0.176839435722311,-0.337283636229007,0.165339005650805,-0.0705324359881679,-0.57618144504702,-0.0475559703732637,-0.405315060179108,-0.227826662094104,-0.00421187938935205,-0.536087782608753,-0.353394975365126,-0.333233955946447,-0.650802612573164,-0.403424809775145,-0.637048591642,-0.308212530405508,-0.573184723487533,-0.0999899574098912,-0.182740456192197,-0.527965825945508,-0.0480376626008856,-0.667570259297218,-0.510881484239391,-0.613157542002057,-0.482688150323398,-0.639984152796997,0.26802590333251
0.743554797412109,0.840325829672404,0.199506907164603,1,0.491109437940656,0.717673946831303,0.510480091805671,0.451316494291119,0.841428071333029,0.463367114636652,0.833198543978324,0.870853440240745,0.779535551676625,-0.0494250888248373,0.00110545483600275,0.0524978217068834,0.00442730623372552,0.183563188231691,0.0394841591872801,0.227919944167906,-0.0288202590959803,-0.147937002763336,-0.0644827267030105,0.0666656499897079,-0.282513055842091,0.0621481389476713,-0.048498776580875,0.0907590996024907,0.139792534800095,0.0220103490725375,0.102814578147059,0.163997042191221,0.0745306828130047,0.218892606651925,-0.15104933259817,-0.0180039804331215,0.0857737269823461,0.132461356241181,0.153927566399588,0.0885055829092019,0.389106380672358,0.107888866370207,0.0602352456318544,0.205824754134963,0.221333300521107,0.195693919070736,0.0447080596658697,-0.293154243969197,-0.13016407386082,-0.172125934513387,-0.132185626714134,-0.489661806025852,-0.147967926601104,0.00364473470682103,-0.178941819149296,-0.202394870106917,0.175864440593806,0.388770813991297,-0.144709407067771,-0.0621088279305172,-0.0728694937141992,-0.226080470837281,-0.0249715510394069,0.0367558434850872,-0.0325061673463327,0.0405782634051341,-0.304162421425789,0.214840803102918,-0.377281718109246,-0.0522146598381086,0.0653645035045345,0.113723547729783,-0.190370665942501,0.386519890557733,-0.1443293946883,-0.247278947231127,-0.264544022308975,-0.191854843988744,-0.161513062229066,-0.405007040946176,-0.172276970435481,-0.25339010190159,0.0792565788902164,-0.0433728545984037,0.813962068785535,0.840435531083003,0.372955129087149,0.579448369610005,0.612198728944355,0.72253677721885,0.799401129352555,0.324502353599382,0.856069972583861,0.41515278631262,-0.107586024054063,-0.276228125162197,-0.0478230218741602,0.156916260624621,-0.00363041277637356,0.0638311336733013,0.0132442654290817,0.189622103661725,0.248391125808866,0.0840474736329893,-0.0300158523922426,-0.266916811165568,0.0957382275617608,-0.0761306776433368,0.132673506082891,-0.2172477495767,-0.277821092208673,-0.120484099182995,0.247034508200423,0.272248434055328,0.0279196789689151,0.163246390606885,0.0707411990836147,-0.0680559374746636,0.36760402162641,-0.337448448390266,0.17129401096574,0.185720651997146,-0.0210573595103747,0.158712480793876,0.310022964628244,0.253871534115999,0.164693135833441,0.440766831758349,0.208868137661915,0.199233299777327,0.190091419271965,0.154842127763719,0.169909581846376,-0.169991015544538,-0.350487684404775,0.301460511829991,-0.304516537150805,-0.251202578998032,-0.128467059553617,-0.0969164756193606,0.253750286184621,-0.128793699696185,-0.237309678575257,0.292777354716264,-0.0307941000024516,-0.178410505168852,0.403552474062206,-0.160023857391721,-0.444192352407805,-0.0295458500246882,-0.258933017446666,-0.0422465737659644,-0.396909607634759,-0.289126649969215,-0.122642810961056,0.201389910095984,0.19524067828867,-0.0399067482597056,0.206725569393801,-0.272381260069441,-0.139720873498613,-0.329183991125506,-0.184861336964364,-0.357801851132509,0.0840026714309793
0.545282612163317,0.413280734645863,-0.100622913463599,0.491109437940656,1,0.426922474060226,0.135548033573418,0.314834884524086,0.552794122932433,0.106912026736175,0.52854866921678,0.489230081453248,0.371863286839934,0.101083649335866,0.135234031647698,-0.00446707406497383,-0.180352542450634,0.0630096154124882,-0.00532961639885751,0.0813525221752881,-0.0605914566931444,0.0149080515540014,-0.154994543547128,-0.120317099648459,-0.0405125947384085,-0.00920192435644424,-0.351119396582614,-0.172421158885475,-0.0796870147241899,-0.036828451909485,-0.292921487396085,0.0429062635050307,-0.144260643141108,0.0177381726543565,-0.214289177409467,-0.187744125582262,0.126101995424037,-0.0989790811460228,-0.311856675363736,-0.113468565994476,0.0256875362853623,0.0227534563853461,-0.320498319451571,-0.0656667966456469,0.044437254622465,0.00148737701271292,-0.116209215487685,0.0617581758816168,-0.266481711577463,-0.0675838449992422,-0.39255017532597,-0.335057424188661,-0.412839441454252,0.0020821362044008,-0.43125726833529,-0.235406076562683,0.0899732969294372,0.293934547822943,0.145977334202317,0.00941919415359957,-0.0344707157288335,0.213346811039077,0.175849966566483,0.174011864138868,-0.252421348227752,0.0616881428445778,-0.0393998549612016,0.267459199917242,0.150830479384855,-0.225842583935384,-0.179021998606594,0.242015803593477,-6.97981229995259e-05,0.259162822015106,-0.181112959487541,-0.207419931714212,0.181894347949569,0.462742841997854,0.332421795010276,0.167200823589097,0.242029145834751,0.353781525402951,0.0545878738034418,0.358070962356494,0.497916823738074,0.390645980069009,0.118490987367291,0.432415074869555,0.823480593176032,0.503665319284639,0.690362147543102,0.0275451830166557,0.585079118069574,0.168655572235542,-0.0369700682803281,-0.0769995868903213,0.0320504673583139,0.0668743281244515,-0.205694397461387,-0.0802481933202824,-0.154645903050015,-0.187590769877363,0.0548713085408697,-0.0568525489680509,-0.256985364865104,-0.177674144981538,-0.109254804296006,-0.0279590244709754,-0.139306338699341,-0.247662229013167,-0.284642821364877,-0.314161003553545,-0.0473227627509153,0.0579947174791511,-0.40219397480129,-0.114244985551956,-0.211360336425499,-0.205156796733416,-0.0552102684883038,0.000690102482866054,-0.244152819740301,-0.0933231915554007,-0.0144864864466077,-0.119870349983103,-0.194231472575727,0.226802084018903,-0.128147813335975,0.0509065423594211,-0.180819212846198,-0.130037317221006,-0.00503810904699636,-0.217723023063643,-0.252480043477801,-0.384269144382789,-0.0011233884113522,0.0689077037129382,-0.179568969956052,0.121155384370654,-0.476799654704383,0.0365563406823172,-0.208198534184008,-0.135827914419976,0.0203002026704477,0.243132089976135,0.256362773066424,-0.0747765814702333,0.21359943991717,-0.0815332681603962,0.0411852368764045,0.0517423968715032,0.0621267851799137,0.246238098174352,0.14269352039545,0.0488264154939292,0.185161893687847,0.195479772170744,-0.0391030156582996,0.334575092727323,0.166197267537911,0.152998287069549,0.202877061545614,0.24017030031838,0.335682606253022,0.221878095305548,-0.133113992457822
0.698880572135812,0.738112322960286,0.186860946811889,0.717673946831303,0.426922474060226,1,0.497867943064633,0.654587980866061,0.786136124855993,0.453531358595692,0.540401695740744,0.791701690581749,0.695629394024798,-0.286608883031716,-0.193893832383769,-0.0655475459033679,-0.183670726959631,0.0210095474518962,-0.00138869498274776,0.134068207817504,-0.0739533230280282,-0.282031502897582,-0.222528097966149,0.0840118227925606,-0.217091624181158,0.132286454130185,0.0653214194994329,0.216058214338452,-0.0232718120244464,-0.26595017338812,0.0195953646424887,0.221894188608711,-0.00148227227016248,0.231051868685838,-0.0592039997030269,0.0993386438957526,-0.0145109118048739,-0.0115000383245483,0.0144618667654502,-0.00844696790461191,0.320043656385541,0.0241759848718733,-0.0612164597253586,0.102132029837774,0.0847649668421149,0.210415316037549,-0.0513790885775951,-0.383793908357478,-0.124239843167144,0.0159115841547419,-0.196021577884372,-0.456928583247603,-0.206864799243995,-0.0442623315770014,-0.177882956543607,-0.0298971849432804,0.218463975555085,0.33970016442227,-0.0665785820902705,0.0590511880942612,-0.199620741773339,-0.169884165914301,0.0297108753324746,0.0774956775594071,-0.0149391408208862,0.080011671751749,-0.214423279814665,0.21341675186728,-0.318924482575523,-0.249301516216701,0.00867341581081946,-0.054468814806193,-0.248636982359928,0.173356677908187,-0.0942772045526383,-0.17908096796085,-0.150926512418882,-0.0445600305816232,-0.128534759056662,-0.289990758481778,-0.0684306818935955,-0.0614692839768515,0.0414487821360845,0.116680763230043,0.703200065525258,0.699813292027043,0.298724221285431,0.801646240581135,0.459276598956708,0.877034195177588,0.626294314307827,0.265275945197615,0.636758251460655,0.46753596829332,-0.382778551313311,-0.420928294589495,-0.186341169958779,0.0432535410390018,-0.199275670281411,-0.110720047039262,-0.0159401124308808,0.00492800063733783,-0.00251930173675998,-0.0290157264366237,-0.0273946643376967,-0.266289350926946,-0.0865845761887715,-0.204272901789371,0.119668384947347,-0.129227024808619,-0.15477293623692,-0.0352082155772308,0.23897638846641,0.0710269024859679,-0.0132347435290558,-0.021963140607447,0.0103115158035741,0.0616612045471503,0.324440902396732,-0.181801967631469,0.250258553242467,0.0523822802221935,-0.18827686659031,0.00706014029911714,0.261704696394001,0.186792885145618,-0.0281334376587898,0.350116747977141,0.0545229561305501,0.125594493146693,0.159567897943671,0.0937818274037492,0.11199173483597,-0.11277309992016,-0.115349844346085,0.328047919439436,-0.172676871712721,-0.172348953230573,-0.0966953830349441,0.0920939500518896,0.124993387557732,-0.0926250706314429,-0.149191544884377,0.298846200756815,-0.0503899063959382,-0.181664857212268,0.273360444581706,-0.123015623784147,-0.204624868106827,0.0656947952451621,-0.138929707656074,-0.0113232557799761,-0.271332179741424,-0.291745234631714,-0.0455284351197295,0.133034040927063,0.149337294492738,-0.0738627449933363,0.0463056976326497,-0.213223448074837,-0.133351273128291,-0.19935477584909,-0.0540913842717936,-0.267292346949469,0.109512257973748
0.656064802695604,0.650549894391741,0.753557649555527,0.510480091805671,0.135548033573418,0.497867943064633,1,0.589607174889756,0.396588124853925,0.81094766303211,0.490904974448463,0.581755712535288,0.731978145912516,0.122984730160872,0.21794286899037,0.349325758333836,0.304432226548551,0.468843456329335,0.100829219546847,0.234480188690326,0.0860339513674908,-0.1786078877175,0.16366362255675,0.291101268299166,-0.201754746009027,0.47169721795449,0.526296989874762,0.419492175224548,0.394540948040145,0.0921806744421493,0.378174419212109,0.261852726419075,0.423772552343711,0.207275411888547,-0.00363500149163563,0.162151511021855,0.335501716478324,0.464816698769783,0.496898991757901,0.38292193505981,0.403172336244598,0.266653968839738,0.356848910961599,0.0919736694313322,0.203882633741722,0.361972418975661,0.0634667461261714,-0.392379045346667,-0.196112897645892,-0.326391003325328,0.156386341050594,-0.205516734753132,-0.144468472014394,-0.385963937505945,0.00662861616417072,0.0548113843992191,-0.0170365478462223,0.0367553457738399,-0.3733777637476,-0.0351716762297469,-0.364888191124495,-0.564218660955637,-0.33477105881943,-0.233485658615088,0.22188930947474,-0.324619298414782,-0.521595075817086,-0.0357091375705176,-0.546052597737212,-0.2999400161291,-0.126517937894798,-0.321254913584025,-0.430532056919348,0.13658632505132,-0.24255436915493,-0.315181519685502,-0.539336020042672,-0.476556733273028,-0.558067630053476,-0.647224152270838,-0.516331532439226,-0.0761318649739509,0.327282995433971,0.121080994469628,0.716881166644857,0.559378424899247,0.713471175340817,0.458219141125031,0.249347598617417,0.584342537559371,0.440425337851022,0.647712416773885,0.443210373455459,0.715947124643314,0.0560637275562181,-0.158983565057051,0.290439912886045,0.260021672385817,0.328357833095828,0.321779760647163,0.189737942863415,0.29710684294085,0.387595447363501,0.23978862195601,0.0836269576100103,-0.180625199439788,0.203951360204623,-0.0983081771848239,0.258963172403296,0.00131888308585972,-0.152145157600465,0.522248908050306,0.731343307692771,0.516582356663043,0.337142503043184,0.348098218324311,0.364972871672868,0.366588888154763,0.56334242457179,-0.26211707957994,0.592522143094209,0.562701612554352,0.217598779854964,0.474263148276726,0.48524231303172,0.139278136649502,0.322859345886301,0.413461414563503,0.42244351885646,0.277450007149198,0.293922831726256,0.326317030464934,0.449361410943714,-0.00281927529158178,-0.293655542229375,0.0646785056257436,-0.295812384526738,-0.454197623282049,0.243338389357302,-0.106513860874274,0.205534077722907,-0.0738515869755157,-0.293243374210009,0.0842205030333864,-0.301210091570862,-0.161201187289639,0.10350114660857,-0.279544048485363,-0.304055714294136,-0.0191662828403263,-0.385943325445717,-0.381388343189003,-0.499367235610813,-0.307696970507745,-0.344481999260791,-0.0328683687477557,-0.0498890884966268,-0.359579139050215,0.0949117441159358,-0.428215587013206,-0.294077426540889,-0.39040423841541,-0.407213189887745,-0.510520405200975,0.187005949423812
0.498004153892001,0.671089926931063,0.383005986022181,0.451316494291119,0.314834884524086,0.654587980866061,0.589607174889756,1,0.511388517037122,0.404193792585241,0.339046058985826,0.632869551995569,0.610832254623033,-0.340420878323292,-0.310343229353812,-0.159814435860102,-0.186043472941251,-0.126649256715616,0.10961772389761,0.127913848872352,-0.0610700561718282,-0.345361950301621,-0.363089933404929,0.0399725078739278,-0.103794425741932,0.443948772740146,0.170837257775029,0.196881712151119,-0.271100878613357,-0.407559144026404,-0.00777586645632385,-0.00384632826064786,-0.0366859206898743,0.232841066849429,-0.123601282417482,0.0631140931801565,-0.114172817769028,-0.215353545037061,-0.169448901118766,-0.0882965935226602,0.30468515115982,-0.103684411228381,-0.133452610030771,0.0883251528698698,0.0114034206366187,0.0647030413697586,-0.0796700914536691,-0.303141459558715,-0.0490947361186168,0.134119120008666,-0.243396449559245,-0.400829901994262,-0.182960756050713,0.00683980199798813,-0.144777715220687,0.0136593733913478,0.265075605280431,0.149479007184702,-0.179283347314559,-0.0751261392022029,-0.140402067261518,-0.0912113760924417,0.198601231579693,0.261391278256445,-0.0326332167624693,0.13661037910774,-0.122147328692515,0.242742485387452,-0.327500740538159,-0.26856864017361,0.076429317355764,-0.111624891186756,-0.25778541332612,0.0926382818685742,-0.0679001483411992,-0.0605982156709579,-0.138943724343561,-0.180417546386222,-0.140619370011573,-0.346755504020505,-0.0630396729663152,-0.169358461213949,0.337576783617987,-0.0843665901646621,0.719424371344685,0.513426738153357,0.701702785183078,0.579799705440477,0.364166008128221,0.715017953942628,0.424486934539455,0.161533738072373,0.410553777970703,0.464095936044428,-0.46322199303269,-0.556610882179457,-0.181324414182102,-0.182148870594029,-0.215356215258639,-0.125178252788965,0.13517697265654,-0.0387625212618826,0.0215078067480076,0.0115909297091929,-0.0552055458964517,-0.111574583511654,-0.150369843627045,-0.213671488524751,0.0594989044499605,-0.100471016199276,-0.179035803899806,0.141145399481738,0.128962661419867,0.105714676990597,-0.0811556713874355,-0.0855774647706542,-0.0300341877449295,0.308979516460656,0.279751482076783,-0.154999148640187,0.232080001006192,0.0651703451871579,-0.279870467718292,-0.105340444421389,0.172928129151467,-0.132156371579963,-0.226008777712643,0.276440952276507,-0.0385521573819371,0.0403740318708674,-0.00422263167208936,0.115312306595666,-0.0180581482766892,-0.136180256394896,-0.0210450862891993,0.237026893383069,-0.142554392024907,-0.126354539874079,-0.163117210004238,0.185043036617428,0.0891750355919082,-0.203415058593734,-0.045344508359491,0.101209240353027,-0.186738256232177,-0.300196832643333,0.154181355948325,-0.0777292922519034,-0.362345813224804,0.0109980588635429,-0.0986765167663955,-0.0118485408937316,-0.24132610231222,-0.232033262871839,0.00842249886420946,0.231087657798358,0.0282201332480028,-0.212945680645269,-0.033280977143253,-0.223920506183828,-0.0822648165020094,-0.189800394206624,-0.287143919175282,-0.319566996519067,-0.0590369205313577
0.684179342514381,0.694898380759173,0.164467665897512,0.841428071333029,0.552794122932433,0.786136124855993,0.396588124853925,0.511388517037122,1,0.382474171766719,0.786922303015836,0.75329865509551,0.63784401822173,-0.296903199574454,-0.182095665074137,-0.218252526471993,-0.263322273516237,0.0397683299955689,-0.100660526886492,0.156084069945381,-0.108282398206545,-0.238506614109597,-0.137577354129583,-0.0203138623952163,-0.201932198317515,0.0920298081499885,-0.0649838377459663,0.0706887769064645,0.0107837027086565,-0.0609838168678465,0.0363315736866801,0.176976680325333,0.00942029861791509,0.239615319775259,-0.163433830091202,0.0362200922296453,0.0679596465544864,-0.00816570619310201,-0.00272683286570573,-0.0256968041332224,0.352102166141689,-0.0496059304610263,-0.0527466556997689,0.166850587216878,0.139058433533962,0.15873877839917,-0.0470534311735661,-0.370634530215417,-0.111295749085424,-0.0537996956220472,-0.1722374251446,-0.469658907950361,-0.114866441078577,0.120129783334847,-0.177587231843452,-0.14440743841644,0.294818618272399,0.382759939381434,-0.0862160444774681,-0.0421449720285702,-0.00549752907414827,-0.0905343984860693,0.14693167156164,0.2037409624997,0.000761212821977023,0.17185068928856,-0.178060047400168,0.360817078202573,-0.259411299038062,-0.0137611270135158,0.150023311324092,0.200442585391543,-0.0888003007901731,0.370529485278893,-0.0630270423096443,-0.204822417825072,-0.113996479547556,-0.063340214989679,-0.0199655420178097,-0.248002459754019,-0.0132998904106774,-0.191980120778056,0.121298348492907,-0.0332402445446646,0.708756390845289,0.744993310367577,0.309815665795946,0.607369362067368,0.704229089599998,0.867923449172604,0.858572692337993,0.184914412984243,0.787922780255923,0.35158004655079,-0.337749443331742,-0.421630925841883,-0.290042371793564,0.0344592376454596,-0.264760367007188,-0.184904977283088,-0.151595987541629,0.0111451545199491,0.123156845407924,-0.101585183721824,-0.099443927456058,-0.281397857548189,0.0818465165678131,-0.144787398518482,0.0736336621205649,-0.155213047715381,-0.198642639318159,-0.171604543756731,0.156115580134375,0.141129088416468,-0.137345242689449,0.0851875052349774,-0.068976499214335,-0.128797163617858,0.231594825438438,-0.344976109654733,0.0508161672996107,0.0978546970099252,-0.244634404447426,-0.00659340987410742,0.221750493776204,0.142049064356219,-0.0356849787755518,0.354670137004431,-0.00150797288169545,0.0899496582971335,0.125122353955608,0.0182348485979888,0.0495329447280183,-0.292128329250951,-0.322860540851735,0.415199998950055,-0.211489480895302,-0.189718252043101,-0.278931743049413,-0.0277290319168791,0.0849523311247847,-0.209804200779532,-0.182317179089516,0.214768049868842,-0.0566622445400229,-0.307242142543375,0.377035572980866,-0.0685836779943056,-0.401418808060079,0.0325814671501713,-0.178480019701152,0.136575201247353,-0.266113105250728,-0.27651328924191,-0.0480656186289845,0.147616847648591,0.285858057733083,0.0948608784821632,0.154986674146241,-0.153756667892645,-0.112009874823484,-0.23127721249288,-0.143559051615369,-0.272417959632771,0.0212792661578917
0.646239414433744,0.563651274210922,0.732839522275813,0.463367114636652,0.106912026736175,0.453531358595692,0.81094766303211,0.404193792585241,0.382474171766719,1,0.495192704155857,0.487922252733808,0.774165356959862,0.103656714839554,0.108494442278442,0.127116594783568,0.293683572586511,0.291501496942786,0.0357455639866588,0.302075530796461,0.127101599804933,-0.0752350139416848,0.329587295012715,0.378099596488633,-0.152975658760038,0.422956684993677,0.381501777522469,0.698824770996747,0.50377772309759,0.247858507487733,0.496601199098795,0.56075347993147,0.617212448576825,0.285918938353334,0.226421584664205,0.268871346342404,0.20390114522415,0.483685517066101,0.487482217907541,0.399729940549241,0.516338090897644,0.296370272205658,0.451949109303034,0.275924712998644,0.386136120689588,0.471231343906272,0.18082103042211,-0.505134935408734,-0.416009666214867,-0.332775310208126,0.265168463275163,-0.198945410745265,-0.303822295517629,-0.42981584624639,0.0454239494844521,0.1680817683434,0.0577754991381816,0.163033498685855,-0.33562272521385,0.156699627420752,-0.485489976670649,-0.671107238888128,-0.438306230334892,-0.293299662038497,-0.026723880743018,-0.407875731357,-0.682438699850822,0.0587915218503548,-0.635710243074238,-0.281316676069226,-0.183076499431999,-0.290388779875807,-0.469890676304783,0.29247470250677,-0.38692021143681,-0.514177157519876,-0.625415710987775,-0.431648774365959,-0.639204665142884,-0.653468880594737,-0.563593714663157,0.00365456678693747,0.415002377052619,0.341726218336048,0.594029929749161,0.556578360440729,0.502721065889447,0.379321037936297,0.171069549550742,0.512667470705587,0.411194197228407,0.888025088617385,0.342659632921407,0.800377357299111,-0.0169875745692055,-0.27352945683549,0.150525202580573,0.0884950471399048,0.299361095654198,0.184306796043905,0.0868072226749498,0.270998336807657,0.454824675958113,0.215366889874889,0.282958247083197,-0.0721133715012354,0.408039855865469,0.170284031923783,0.453647137502782,0.134575696628281,-0.0583709690885143,0.606318115941783,0.610309560027019,0.355239089427794,0.520046883270714,0.509441002515562,0.569299350234171,0.508079191520485,0.637070690953753,-0.20601563871993,0.630117786229703,0.228274923186611,-0.0409048557084212,0.407285800519647,0.573635273177922,0.198807422622699,0.320268481517668,0.569642420510902,0.522044815936719,0.465695111996522,0.480213391625542,0.392301907349738,0.572295827877788,0.0331953959847905,-0.31104486809748,0.0669757068692072,-0.474813216192695,-0.540942272936992,0.276474478634044,-0.198311846582441,0.332665640467558,0.1417610311139,-0.482907917419636,0.193549520082135,-0.214916248299205,-0.12426707587974,0.229818480497368,-0.470314011658412,-0.164556396506034,-0.155203480371661,-0.551692411013798,-0.417236808284536,-0.655722007600614,-0.413834384524956,-0.491548235582561,-0.115629858683923,-0.0794086605611109,-0.336145854684681,0.163682259453196,-0.525914318839086,-0.329888391339129,-0.489691194998155,-0.279554178693256,-0.529162879925448,0.405532315779546
0.662268160512144,0.665103526956398,0.197821706769873,0.833198543978324,0.52854866921678,0.540401695740744,0.490904974448463,0.339046058985826,0.786922303015836,0.495192704155857,1,0.771094878191233,0.720862277019456,0.0421318207326475,0.10850320872552,0.0688661148673146,0.0766490817986191,0.29451347660968,-0.0265237599645666,0.308241420673301,0.0514085291814572,0.0495543913732889,-0.0230232248459262,-0.00611393565435284,-0.265370547876398,0.0407544927037683,-0.073316583826866,0.0568093728401405,0.154791728012832,0.0922057948896393,0.0280868270745918,0.157337569305774,0.0843182407966483,0.098555535058783,-0.31661632419999,-0.0612458076800402,0.180249657765918,0.180831068703613,0.158099211527401,0.111509085242259,0.311686517919906,0.195697392959528,0.0556833778415482,0.171822942753244,0.254262329976147,0.223146736592545,0.0999627040251906,-0.317374149454013,-0.275271389519292,-0.250801070844233,-0.127517515585618,-0.4294097078479,-0.299556462451681,-0.0908267338247923,-0.241181115112239,-0.260925191878099,0.0923365139317514,0.485530955820886,-0.00366218639392284,-0.00865670118519904,-0.217411861333127,-0.297077295237441,-0.0872453804568244,-0.0117733966899449,-0.106699147506582,-0.0829133119199054,-0.397673667221647,0.16985024806839,-0.246631920621134,-0.14924042663364,-0.11614630577824,0.148204894210707,-0.21738264632859,0.490549633385289,-0.262549821269406,-0.394594580941137,-0.333436516446421,-0.0993227230551213,-0.120184857080718,-0.337383154522565,-0.191845607965391,-0.216159145640466,0.155507871121835,0.0116744331008534,0.683112622273447,0.76242510179734,0.323588784878754,0.396840532721864,0.675885321025034,0.626291696197183,0.842280149347654,0.337517734502869,0.887563473301143,0.431337891561262,-0.042691382529917,-0.254525704257411,-0.0213067160828081,0.128752417824777,0.0777474452362171,0.0442424084149998,-0.145884348454737,0.27835878763894,0.265302028978586,0.039696849000475,0.00699792756449881,-0.16987162170923,0.133576349291459,-0.0476386816790633,0.055700167161063,-0.173524673920287,-0.21926457640063,-0.0879722401687523,0.212416469312838,0.257747677077773,0.0647069406179121,0.202354204911596,0.145654657262386,-0.00193620595948582,0.319106004166991,-0.305872202122712,0.184644671916072,0.230209098871999,0.0103298499704115,0.168328251471266,0.295552756895923,0.261400637472501,0.154504708189016,0.395860531259808,0.266697124137013,0.221346211353342,0.278407501337247,0.122561160286058,0.157384900907115,-0.114869474396009,-0.260139204935499,0.269274495947927,-0.343520328858248,-0.195153108420142,-0.0311463402661535,-0.0373447072887182,0.2631719094947,-0.108169627492699,-0.210252195251698,0.3863978286005,0.130028606771833,-0.0557006683808985,0.467756892679234,-0.157702865954539,-0.34378645419009,0.0326352458806512,-0.247136458022179,-0.0925181748561571,-0.37183345024284,-0.16253100500433,-0.122759922138888,0.205639731886723,0.155256121273234,0.152659596200617,0.378883113679026,-0.173319857954174,-0.0377421269597303,-0.239639426874907,-0.0877171524080631,-0.22628639397714,0.0349988864881479
0.771089628305442,0.850261319942868,0.187902910523068,0.870853440240745,0.489230081453248,0.791701690581749,0.581755712535288,0.632869551995569,0.75329865509551,0.487922252733808,0.771094878191233,1,0.867606264454155,-0.108774104141219,-0.00240011374411241,0.100536166625785,0.00928503711816997,0.177711452062168,0.158660964921418,0.180058629279959,-0.0915855571431451,-0.173615125809486,-0.286385342684691,-0.0654016671670143,-0.335228319675552,0.126804902613666,0.0216881865350083,0.154019723575965,0.00813140934922651,-0.182692750573312,0.0690106559461811,-0.012255624358854,-0.101715149630665,0.131342733127713,-0.272999823758391,0.00536413652922922,-0.0201118101593363,0.0100405875586321,0.011619545583597,0.00480743198227928,0.273296680723776,0.0300205141435285,-0.104276751247124,0.0444705212550787,0.0317818131573439,0.0872023993692046,-0.0849318201522443,-0.30000442858706,-0.0747692753627665,-0.00351886146941752,-0.176029081290145,-0.453636521131156,-0.19631965463248,-0.046340172633068,-0.186666280462407,-0.147652309134418,0.178308952151358,0.42878473489674,-0.0487050937713304,-0.00179328785914109,-0.184922911300576,-0.262958036488801,0.00965024952010333,-0.00860600826515579,-0.136118014973204,0.0199385924582761,-0.23179688898734,0.103622917022203,-0.32309155132461,-0.305654603064772,-0.0397722337211854,0.00498198881848697,-0.278052520136786,0.242444404602989,-0.055878580744105,-0.137092381746976,-0.271401078652591,-0.160860637448632,-0.153110474310678,-0.401132427495921,-0.169212281852779,-0.25485770459167,0.0789287677741339,-0.0213794951429298,0.827661699710936,0.775013412214587,0.403830251549893,0.687352397544403,0.568779067191196,0.749978759461237,0.714607483657256,0.248878666937358,0.838709108571494,0.496796888241776,-0.185528638099703,-0.337378345908922,0.00696742986487618,0.0614031448785627,0.00328404731393815,0.111938687863769,0.117921577384604,0.166047061104789,0.184596575073158,0.0987771051275044,-0.147643840092443,-0.220404054556129,-0.135098101219693,-0.27641820529745,-0.0625839699022227,-0.325375611018052,-0.319749345906058,-0.0676300224914981,0.159445444501407,0.227813800045788,-0.00390480080687085,0.000775959021387286,0.0728050095498643,0.11030532677311,0.342903566785176,-0.214740336541641,0.243715784399652,0.174820553978345,0.0249230517197932,0.0477210021531265,0.221144422504996,0.168880975556758,0.0371470464056435,0.304122355944056,0.13035527036161,0.0649238504646368,0.090365987919453,0.0817083550247289,0.0300421278594526,-0.0436100073421403,-0.0556651808037004,0.246655319633788,-0.144831184267818,-0.0990563108542724,0.0198791003454382,0.166014015443738,0.192773406478099,-0.227600926318828,-0.0676983751597815,0.360639871415548,0.0303131190387025,-0.0173210552370723,0.319237687153868,-0.0714843584960078,-0.385410823502095,0.0163207612269539,-0.15010075417261,-0.125176780180643,-0.338321014583224,-0.305580816177432,-0.0326880588576444,0.246140589736505,0.172319333580373,-0.0421732115164948,0.169165586140787,-0.202087810596607,-0.118911473171951,-0.230779466333666,-0.161800085844131,-0.305344647907302,-0.0422687715054912
0.832446744626407,0.840990034143621,0.438355342311421,0.779535551676625,0.371863286839934,0.695629394024798,0.731978145912516,0.610832254623033,0.63784401822173,0.774165356959862,0.720862277019456,0.867606264454155,1,-0.0289524290293369,0.0395810452181547,0.130142105761835,0.166819957728673,0.220378790128841,0.19054599242992,0.275596816477194,0.0777830480176672,-0.101463510813598,-0.0661236578616787,0.14657648729077,-0.25674777624631,0.320101204319809,0.205220513067804,0.449558459288203,0.188426249647625,-0.0526208313700517,0.246751897511825,0.238917212744354,0.201047975581656,0.229370806081274,-0.0345725006431655,0.136726033556639,0.0504061244520386,0.172072026284548,0.206314426387589,0.149192724379389,0.425557723012946,0.170447058325115,0.153487984312523,0.152403735780106,0.191334490435137,0.264887359346149,0.0576726115378496,-0.407472118375536,-0.227977132594221,-0.110426006774315,-0.0123225394645245,-0.383836722283438,-0.260577610193929,-0.256073833728935,-0.0652921486586364,0.0395812350269808,0.188480033821974,0.338672106342904,-0.210519669633055,0.0254703331484654,-0.316831567437649,-0.461664293517704,-0.150184360736715,-0.098786093831522,-0.082757361805331,-0.156193882273993,-0.464329554761573,0.0918073862272189,-0.560078988865959,-0.302662415139932,-0.0623908675148792,-0.181303951746461,-0.428929494654521,0.24543051308427,-0.210933892436414,-0.305494491584864,-0.477444712932981,-0.307644135915224,-0.426322380412065,-0.590233625887429,-0.388186146946743,-0.158037793579216,0.245585213687066,0.203413615688801,0.84030302774861,0.779274070454094,0.496232129666757,0.604942778320084,0.430490367020687,0.707140698859354,0.679294533516904,0.58474111163387,0.697925829736536,0.749782067516134,-0.0974936302465493,-0.352703442098448,0.0822828244504539,0.0885795460137128,0.144651980891787,0.178860111398134,0.179295095034597,0.243412413516762,0.316402903163962,0.217953902492484,0.0827882025780843,-0.160878405062265,0.0553036525349837,-0.058758952179384,0.152017735558775,-0.111408132940279,-0.20646484946497,0.262235219568511,0.343525967205787,0.315114372053267,0.196349859761908,0.233523809880914,0.335900496208126,0.362408728899943,0.526571016192069,-0.230371324530257,0.472753447265333,0.187270960753144,-0.0043307621953059,0.174218626815663,0.398446186451393,0.20746251638222,0.105935358870229,0.424416490777756,0.309921985962405,0.245274702346479,0.255075142477786,0.243707143394679,0.265187496158158,-0.0335236047192734,-0.144727063847448,0.157562393559624,-0.302216381457572,-0.33537312773364,0.142843604619814,0.0583474071641866,0.242924996728465,-0.122560799590938,-0.304165508463552,0.309019751550843,-0.0940212465646971,-0.113052153844521,0.21606469887461,-0.29040612774204,-0.315708347429973,-0.0480201222241761,-0.391986716651784,-0.272468587911121,-0.555543680593315,-0.31571305338607,-0.237667950997517,0.164225767078728,0.0801427359463535,-0.275688325103288,0.116237672156869,-0.410582344402875,-0.266351110673672,-0.38375977402765,-0.209414029821457,-0.454332320715609,0.150573501294242
