1,0.665604190587122,0.160869463126069,0.434888272092579,0.455022593975727,0.356290057469377,0.101884532058677,0.358395119059762,0.777643264624006,0.483949667143253,0.789923153667411,0.829967940890954,0.76118640205794,-0.0159530780425979,-0.00559375418248556,0.133562392858743,0.197585974478641,-0.0667127176202016,0.363672823221728,-0.101314250040393,0.149186285058651,0.044218192512195,0.223762667755166,-0.0350569041939117,0.0484804306008179,0.0381932508515046,-0.316261734996235,0.160685281580781,-0.116626821480626,0.0068201436206194,0.349965980483699,0.320794693032348,0.465985728083439,-0.48488253381657,-0.355489254941598,-0.175900070510239,-0.241402035190996,-0.17265458573714,-0.206151679721434,0.0830483857181947,0.191877924508435,0.177210857587309,-0.102343483633603,0.0589220655922991,-0.286994949035609,0.185733459409597,-0.013926810311231,-0.105426151461563,-0.559432749245435,-0.441268071947959,-0.253909492154298,-0.437655898899427,-0.483859361041077,-0.557853759026531,-0.465403493938343,-0.0463465398476211,-0.592810148841599,0.181731128112161,-0.0859445655287543,-0.0252089627409322,-0.260933624018611,-0.462800438635669,-0.561399802749983,-0.419031757880515,-0.223415902120612,-0.307980441965413,-0.576675233704708,-0.184118544158032,-0.157872801860779,-0.150960576901684,-0.29168422738144,-0.0228749814297646,-0.494913569448286,-0.0385547969904926,-0.375223825208256,-0.166746544785311,-0.472027352685296,0.0083531681718168,-0.231454856698444,-0.409281299630052,-0.215001477584913,0.633373578267627,0.53400931265556,0.810527958455362,0.80944298220476,0.518268584030179,0.0472885721685887,0.242602789156319,0.489598045084953,0.568828304660299,0.749564045455732,0.428087684976143,0.762179213895106,0.379663309924179,0.0504911054481285,-0.372514178336695,0.319035218498217,0.063121806438124,0.208324545173311,0.116796708176884,0.242236591392662,0.283411837623677,0.248871306895341,0.405992730748382,0.350532195371968,0.203342892206281,0.170566093756988,0.200886278480907,-0.0365407871168351,0.20305793295648,0.0182706454023045,-0.0221473837828374,-0.0913602583355312,0.242507993499578,-0.19935293934404,0.0227970203408736,0.00525237124914676,0.459255844427444,0.275476694223353,-0.519025185476793,-0.0437610474855981,-0.297463820465964,0.136013232003461,-0.0893908686933371,0.0878785522286403,-0.069102352269401,-0.0301250301179181,0.244639872258307,0.352044926642567,0.207841821940989,0.278714651332027,-0.000516104227946308,-0.0688710633723392,-0.259143380976757,-0.432515991487719,0.0682914294924987,-0.405248675388038,-0.488420426645948,-0.313969609558109,-0.263438918239103,-0.247440806079184,-0.118607510516282,-0.345902228919171,0.329924626905598,-0.187636771590806,0.107799612421021,-0.0310680977541964,-0.30693053485961,0.0797513405212093,-0.302695629250449,-0.453507974180992,-0.246614946082147,-0.492598644733512,-0.345640193580749,-0.497906543588321,-0.295592211190715,-0.149315318276423,-0.0848442773871249,0.110130729361515,-0.247692285181625,-0.0392250749646547,-0.37084861710667,0.128180266265237,-0.206053707374295,0.0202354705552987
0.665604190587122,1,0.133704734151934,0.603206865931332,0.156828148162256,0.732637318462977,-0.017762536671391,0.650255007351449,0.757166521302945,0.527847769394379,0.587291634644612,0.737921635937499,0.741337290286519,0.132652059123194,0.139675332347979,0.19125236417203,0.25806061615377,0.148219566432748,0.369847429069941,-0.188648567167505,0.100133938025173,0.119170136393577,0.123269424896988,-0.0922211657390103,0.00623485457178843,0.00322319987160357,-0.329726876360429,-0.0506415403208352,-0.166374008683442,-0.0100738896229755,0.230071043960061,0.157498262784752,0.292931105297229,-0.523291418028497,-0.245307168009553,-0.342755094655791,-0.119122739114188,-0.0868700368661412,-0.0832610118882539,0.102091747722795,0.122876984877973,0.215086786681341,-0.0737163091128955,0.083111900848439,-0.434432968245666,0.0258042925358063,-0.0103450167884651,-0.232949500497572,-0.301968343917577,-0.432389193546208,-0.316989832873432,-0.320427099489861,-0.416194258837819,-0.40264802939426,-0.409686332547284,-0.102557746639592,-0.499084882692894,-0.0297343629570493,-0.209064331620158,-0.0985605136603453,-0.256661194565522,-0.492644849230273,-0.488494699691811,-0.335338333298518,-0.235429440564098,-0.117620401476807,-0.491063549317841,-0.223829916024648,-0.197934715495581,-0.191868746295784,-0.317430609412579,-0.135527929957007,-0.496443119050584,-0.136567006843342,-0.403511978406056,-0.0123539290507832,-0.419242111664096,-0.24008118476815,-0.469392205924175,-0.500223855584663,-0.322593601081184,0.359242179679968,0.375452824694753,0.540236282323698,0.871090190263214,0.414572012794364,-0.0133819054001102,0.670810322800597,0.210149940401402,0.481722423479558,0.470496641089323,0.303691371540077,0.59426006396842,0.232995433334694,0.297734306454653,-0.0692726640237535,0.31336103982891,0.138370407586576,0.28727949822448,0.235213566937212,0.261856585969185,0.26368802665952,0.225172113617251,0.43058881988196,0.27344745443126,0.246141856767548,0.103561835695115,0.165145045680338,-0.058332260336421,0.161317533207787,0.0280631409556841,-0.0579501154588415,-0.146236134710102,0.0396708036846894,-0.312712296509042,0.0311289145912704,-0.130147705712798,0.233486568184712,0.011411869489364,-0.415239723991437,-0.191944996118503,-0.168728612667663,0.195077029421123,0.0507761284074439,-0.0405709673354949,0.0706598352998383,0.0712712366715556,0.152345517941439,0.343904280831606,0.0134040872533592,0.156105955314617,0.0225881818468035,0.0453961753910921,-0.277775205051575,-0.429743599172284,-0.101691297889499,-0.258019628074523,-0.294026344654912,-0.221269518734019,-0.304696564280986,-0.172973244486821,-0.124751961388028,-0.226257480770517,0.11879154854166,-0.275019800242852,-0.234596437316786,-0.164420379663086,-0.2816204757816,-0.0655898219364467,-0.171920740744351,-0.321306827316525,-0.198011976152634,-0.339232464083145,-0.102334971154158,-0.357577932269604,-0.101854869732711,-0.0822214220649946,-0.131875668644872,0.0807421783361634,-0.194475563216376,0.0471558810738032,-0.286305685573821,-0.119712917043468,-0.306297321477697,-0.158274007574446
0.160869463126069,0.133704734151934,1,-0.341248793747162,-0.229180090391376,-0.252954455122072,-0.0511521611087095,0.262196798678605,-0.0707317772551195,0.730396718450144,0.0198919498213494,0.12638975428568,0.577991213125376,0.0787755058698612,0.012800725701324,-0.197752774857793,0.0624780965329602,0.0302933553740054,-0.0227785653341782,0.133487392317743,0.00858385233344301,-0.0277070090185662,0.154602183450234,-0.258214422442507,0.212984894551824,0.881809534537793,0.421138902058516,0.78546565951693,0.374718022701381,0.477622665234836,0.854965671966966,-0.0486833033055731,0.359170572514457,-0.331262767990687,-0.45016199413253,0.681524477232756,-0.243197733924168,0.14063669216484,0.0400981780537727,-0.0102438321425501,0.211984127230924,0.0787563555002863,-0.172104803355275,-0.403189451997285,-0.343209969815378,-0.381156598593628,-0.462753378955903,-0.212789151854942,-0.14995973922274,0.0627157544168069,0.590326799871835,0.231699844426555,-0.138928561637207,-0.554617481371622,0.110491360741908,0.6356107440907,-0.175108268504989,-0.201387974077701,-0.0416624676191615,0.35889445124267,-0.497485075685458,-0.234695515400386,-0.403077181017234,-0.277195722335876,-0.444295776605161,-0.541416895640469,-0.568376832491572,-0.530305484391593,-0.173141382191257,-0.399157612419048,-0.356623973700007,-0.440470043152134,-0.2938654102305,-0.425647685506947,-0.488149991297753,-0.299510323617209,-0.427574175167533,-0.0595081459696231,-0.420195578630309,-0.286748021520214,-0.270992460324618,0.363227454550561,0.547093255824005,0.368042799350137,0.173463359923542,-0.131587136154305,0.871861504831126,-0.269999102674841,0.00266101720552648,-0.14170662053176,-0.102242158426288,0.775380332556795,-0.0981140972899876,0.829395904285478,-0.0205456442978321,-0.156841242078999,0.116577497025642,0.0503831816653887,0.176375591257917,0.119681138687908,-0.0298787910755134,0.0360280451839529,0.559763582342685,0.0619347486704422,-0.0459715380881411,0.116616907050338,-0.0384997083375189,0.420040454534542,0.164807115776197,0.370385221387267,0.049429176893126,0.886112001785366,0.0908465082675519,0.447933015427334,0.58423065109442,0.400661432070034,0.77395524702764,0.75649953163624,0.654601205889271,-0.233848891256265,0.464148868166163,-0.442364610074577,-0.139543704295752,0.0557608863419789,0.259621759587227,-0.0748398808760404,-0.119503409961732,0.00554122687456032,0.087482146593456,0.100626610821736,-0.135191771996508,-0.47465105643403,-0.172555343929476,0.0367534402638747,0.398101583608805,-0.119455725553099,-0.166938976370059,-0.100401379112873,0.0707449277375901,0.380487929206751,-0.365674588065419,0.575883092213685,-0.0151679899800588,-0.0255071307515952,-0.206880019891139,0.255087147835565,-0.30351909933145,-0.543869921364152,0.241623423265383,-0.641787568072063,-0.495228828316785,-0.425376233123391,-0.269545390625368,-0.127197090756298,-0.433858834230276,-0.189704231141594,-0.319415911613568,-0.379102530562047,-0.28182242022321,-0.531489494962944,-0.0790930565975495,-0.420934935103969,-0.0210892151317311,-0.41078118713794,-0.214383403964739
0.434888272092579,0.603206865931332,-0.341248793747162,1,0.478965515660921,0.751820573014984,0.210241689506305,0.210441612216674,0.669824321450872,-0.0994808984494683,0.618565554159168,0.365732777399809,0.139330614109866,0.312666463887895,0.288899938691747,0.232199889514579,0.416763607289598,0.297199862111902,0.425684582558348,-0.0841492893645025,0.289684898808901,0.0112360887709027,0.327099006663492,0.234310566957755,-0.071240884665547,-0.396328529813106,-0.2998980979778,-0.345325734144774,-0.0943133898198439,0.0483740624783549,-0.207995222877962,0.30683942403053,0.334881478894605,-0.315975155581448,-0.0648070815748267,-0.487608658772029,0.171571594641114,0.148976551087564,0.0163466042004648,0.376517370062539,0.182921923670115,0.342978241119954,0.244124904808137,0.277857625899632,-0.209748893616528,0.344374799843503,0.216957378444566,-0.189895781255538,-0.39509920021926,-0.450772127105537,-0.501343996163722,-0.297449757847339,-0.485301782692374,-0.143156481262521,-0.487745820380096,-0.277686902679203,-0.493803408267259,0.107195760179754,-0.126706721327947,-0.0442276627929959,0.00993442562179375,-0.259328806074382,-0.35369312720309,-0.1098461985547,0.131072415070644,0.00790026329257895,-0.202486322022227,-0.0438183739261903,-0.0360627104446457,0.043343847415911,-0.218657020048549,0.0340941163901768,-0.3330573732537,0.0100127744324687,-0.260928900701291,0.152362669399947,-0.227159562244647,-0.0257779413300432,-0.136990832940616,-0.320964350784732,-0.0679364168901253,0.116139209632842,-0.0789025643191088,0.190361929053058,0.498151987632244,0.749237936868103,-0.424904116845402,0.694889743741882,0.406395818115259,0.681704787544626,0.609512200683313,-0.251453938019807,0.670570531831356,-0.256669858600678,0.417112280941326,0.0774271211414699,0.385440456446457,0.250501195014922,0.441945042654435,0.255282832786702,0.325069074236996,0.486610846355131,0.0329083713900368,0.51944958851965,0.312328563636337,0.0813818376379972,0.440581274147877,0.134451056048182,7.06676379243528e-05,0.174065571265369,0.151859326363685,-0.551130069695546,-0.00926011278482389,0.00712158500023804,-0.561964926730892,0.120885713429935,-0.422103648166325,-0.159213117753174,-0.14793382849198,-0.331972252427872,-0.341460598787956,0.0941196827410026,0.30148917449794,0.241941725763765,-0.109690879505213,0.149316488345279,0.255452584966483,0.108698757075212,0.415304132042177,-0.0224275531116,0.332952298416708,0.182853698203084,0.0786657349298284,-0.35978190912617,-0.566330362607313,-0.117931420158001,-0.197926796600229,-0.251096577839735,-0.349261584776751,-0.440018130272154,-0.0305131366939656,-0.406213137891529,-0.234241185088343,0.132524983678265,-0.166047067245287,-0.185878867724303,-0.0551276011442812,-0.131741802393763,-0.188437106881895,0.0486907233711824,-0.128574979772497,0.0756240364272111,-0.285673952629301,0.113532902029705,-0.234155431788978,0.0352110822827668,-0.0165035625890243,-0.0402237847884689,0.208196690897908,-0.00433726330573614,0.0313042772512978,-0.0905678259510594,0.00689729496201415,-0.0231155134260083,0.00954676625587116
0.455022593975727,0.156828148162256,-0.229180090391376,0.478965515660921,1,0.0894132387913566,0.0795450695761009,-0.134632358356324,0.465994498237398,-0.146012841088244,0.604739330586094,0.247924954067162,0.0101926401251005,0.0482839628666709,0.0752309008258541,0.305300461536974,0.276037589889559,0.0974817345069687,0.428836569152994,0.0125837382795842,0.297541997624653,-0.00278248983232175,0.213388498545396,0.0280851174860278,0.141723866746189,-0.209617615038895,-0.233656001286168,-0.0961154922298006,0.0111944081790057,0.0232006370394157,-0.152706523245033,0.258212291861778,0.276622233671189,-0.300943887925052,-0.0971612063548999,-0.178519701089942,-0.146181789066792,-0.052352391401778,-0.314805036023974,0.131593003411169,0.0426493904619288,0.331673671497519,-0.0354797673111273,0.00441466545517471,-0.0650595907775256,0.306440164351631,0.017526754541709,-0.128212277421935,-0.461608786864902,-0.208673542673684,-0.227174210091219,-0.378941443546784,-0.374344197380403,-0.206139273722664,-0.477796191983108,-0.225081786906019,-0.35396768448609,0.215436181750709,-0.0756822006044392,0.0504207801076744,-0.10799499036625,-0.168294920886837,-0.309546194474654,-0.158707617550832,0.117873108154684,-0.310572581700482,-0.0513673952601317,0.030230798769748,0.254202887508723,-0.0373150488413835,-0.201452600562686,0.205245664935775,-0.214882306463195,0.108761511774692,-0.167878677412872,-0.168379657239392,-0.123724477387548,0.359450496907707,0.153077568927218,-0.0101460137262996,0.0321706140301767,0.318793439212786,0.0844043314305768,0.268714339073513,0.277072339418576,0.582916375047842,-0.237907233328307,0.073340676847874,0.80529426892996,0.565546217431281,0.708725964230153,-0.114152687941455,0.63412997991686,-0.0721559968328474,0.214211457694879,-0.161365160203167,0.365142567687655,0.0463331509948734,0.248020152520485,0.294700538573427,0.39888949417699,0.343343283239781,0.119879707630042,0.397319097157371,0.210596506655379,0.215307706722992,0.301410344402611,0.11561648130542,0.0135044203259846,0.242002663881338,0.144833562891366,-0.30753787844243,0.163492475618262,0.286272458636488,-0.161220831931036,0.0764306608389782,-0.160511249783499,0.0244443529687466,-0.0456474946497272,-0.134562369108073,-0.193737598382272,-0.0445088319897376,0.0618206044548122,-0.0529728319678186,0.0644872067009962,0.184470344207256,0.0128096831518224,0.00497890668037399,0.219878846986663,0.172547044021974,0.2305828576365,0.0246330831639483,-0.238505198917093,-0.18850967041212,-0.229044360459087,0.130407777894246,-0.128643450888532,-0.150673116979227,-0.243438549188004,-0.14094059943009,-0.142072275746432,-0.189969867725245,-0.129540603739554,0.22086340702474,-0.132010565028538,0.270147272403917,0.190494769398517,-0.00178086926595386,0.129069467494254,0.0182696004229504,-0.0110338963992255,0.00210682825766287,-0.206064106023109,-0.110076761800774,-0.18871245878079,-0.1331274584437,-0.138711363652927,0.177245501754041,0.305468654711781,0.121617388125336,-0.0709052326955952,0.0469563362408127,0.3921591740872,0.232628395554779,0.196744380916012
0.356290057469377,0.732637318462977,-0.252954455122072,0.751820573014984,0.0894132387913566,1,0.0707457341750662,0.556983232091542,0.679384348178068,0.0725928795125854,0.354233629802048,0.482524228067796,0.316576797600336,0.286335350412233,0.198836286628273,0.222813844827125,0.214540581067083,0.189708648861702,0.34828279779779,0.0139811361793738,0.134986756105941,0.222514248839225,0.122883907787912,0.0457424179221044,-0.0361907479615174,-0.37934494034215,-0.339970081332108,-0.426977934889277,-0.180500865311847,-0.0746646110431036,-0.20700316417192,0.0276072327226348,0.0825340972918411,-0.336377453597646,-0.144470765264802,-0.504753762185166,0.164751189374096,0.0386947410238382,0.0264621045109935,0.199989750531791,-0.00638653534416432,0.198469745320298,0.206593844781068,0.100375914619549,-0.355127031201816,0.0928379743226348,0.182159257670958,-0.149941431494138,-0.203296546006097,-0.393727416796933,-0.517569767257551,-0.167203861509498,-0.243064601653611,-0.104494248261531,-0.289368167861594,-0.336892239254285,-0.389409000421632,-0.0788473084870891,-0.210349651813661,-0.0705439874933879,0.0391309484931421,-0.156531427314076,-0.182785591197552,-0.052864766240333,0.0374663722817336,0.0529458961237352,-0.180818493518569,-0.0460702120737902,-0.0620102266333459,0.0984070878226462,-0.13592458250297,-0.12887749535029,-0.240663595600135,-0.155560029930038,-0.178343442078244,0.0670717845432274,-0.219508390010355,-0.243145403715467,-0.237978433832728,-0.40241150196562,-0.192243015332949,0.0210317959902283,-0.00883791532388385,0.164623446525473,0.54564137560282,0.336889974131194,-0.321838173193651,0.876326008128299,0.073520235377453,0.362620655252297,0.316297491296301,-0.198872240374422,0.459199029822658,-0.250073475476075,0.358609926315444,0.15598034507129,0.258752136678385,0.220747227067684,0.320981519512382,0.217004648497649,0.253500421622591,0.268121137253927,0.0220119811661049,0.453779738776098,0.247747591757815,0.237999511697407,0.193349946312106,0.163747007130409,-0.195797629842516,0.0540551489493372,0.0797761319083434,-0.403573229599485,-0.134389154938429,-0.136659312633859,-0.513037279542718,-0.0777000477851332,-0.406076566645598,-0.202527305266069,-0.321196802379769,-0.323613057107314,-0.264680766110606,0.0863261596368047,0.183848407292912,0.164070087579353,-0.178823334412186,0.0140021088029093,0.267561849245979,-0.0168176689976085,0.297501204836908,-0.324769446716033,0.0959106893432537,0.0702094987568191,0.127763146837742,-0.279916987960678,-0.519978575447689,-0.286829290310271,-0.0975912053250097,-0.147898512001028,-0.104653618003984,-0.383794799597889,-0.0416624366708186,-0.37986892304019,-0.273171077711607,-0.0487972308089238,-0.217344366372973,-0.51792489977327,-0.232822625283642,-0.126443880363373,-0.354261471466862,0.0234790347460562,-0.125201553154951,-0.0242688261546857,-0.176838058204381,0.131395733362822,-0.107252524455942,0.0710283195726735,0.0280827040773784,-0.172052881973533,0.0300944578755951,-0.097601808072059,-0.128001312556228,-0.23112027555454,-0.239511833374397,-0.16392145852411,-0.235717889405561
0.101884532058677,-0.017762536671391,-0.0511521611087095,0.210241689506305,0.0795450695761009,0.0707457341750662,1,-0.0903449619405199,0.133306676183792,-0.16823988774685,0.319965579137951,0.165758369194795,0.000389537960716832,0.297181043062751,0.295266827438627,0.132378975196106,0.366238965439485,0.350219660972839,0.223167444307546,-0.0759092406879244,0.215201561183827,0.0217419419658944,0.481637166513722,0.413043047640127,0.0656070431492216,-0.111723938714836,0.364164974428606,0.0288217437745044,0.28851243107659,0.293244207794926,-0.0208764399175354,0.507054588592807,0.528895975464263,-0.275570093740497,-0.215685915661284,-0.034482117184547,0.392168550866387,0.509189641800415,0.46063470380575,0.635295346240329,0.51725147997201,0.294207885623848,0.231916788009253,0.123038651323333,-0.323817686940825,0.484643448332206,-0.169705314920474,-0.0743855740976311,-0.361461436598812,-0.402719865113051,-0.0709686733356436,-0.0982922703431697,-0.425363006684842,-0.363999036453821,-0.203324122875407,-0.0318036698683793,-0.366157132534205,0.222519044140168,0.0614785833021054,0.232934163872339,-0.0504872863306218,-0.0681206343199008,-0.309979864055637,-0.124401446719066,0.429627056431163,-0.0235774505342744,-0.219419225139063,-0.105053558809838,-0.194922981475456,-0.283179329226113,-0.316799817824976,-0.0309512216543317,-0.289908694004609,-0.0932213211643046,-0.305050778454248,0.144790686133924,-0.334884793936014,0.103689123902272,-0.0299411772468062,-0.404526889039641,0.141609619342216,0.0331027626903283,-0.0866624723688722,0.110526425274503,0.0106515167749835,0.403191235836912,-0.167809308759459,0.0517711334797979,0.253045610586176,0.326677609654606,0.299040369757712,-0.22628402912706,0.327906421516814,-0.176353117882169,0.208440784382341,-0.0353965495171663,0.118819641047496,0.124053002569702,0.378632434711761,0.141233289758152,0.133318586943086,0.547579197586014,0.104918492941631,0.400149142286449,0.239702372254883,0.0751401715410508,0.475497875257677,0.315741889925584,-0.00852969228288572,0.345077897273271,0.197305373207713,-0.246723320257242,0.570111138519658,0.0984880796968551,-0.178975893514694,0.220711629663634,-0.126348201929183,0.00309055026583546,0.327748439493052,-0.476610740577168,0.242528173457549,0.345756341024332,0.546131652024531,0.620881752578187,0.0894748078026913,0.20974482580326,0.312983916829836,0.152893123170464,0.535387957050298,0.0201569819676641,0.564903646310712,0.0209593424630622,0.393230048719249,-0.241984232293145,-0.287422967720496,-0.0278263187544864,-0.346005991360679,-0.430522267720947,-0.301510281352904,-0.185574526011275,-0.187319770358844,-0.184503904679557,-0.250495275219759,0.283116876266679,-0.12523803083382,-0.0244771146407215,-0.191571512033486,-0.309676686993185,0.168370254514241,0.039861196481978,-0.387545547201463,0.0268356190863638,-0.409254988829655,0.150655416084482,-0.272839255160003,-0.024637993238256,-0.131122959162379,-0.162586912768828,-0.0599699753313063,-0.273507261635409,-0.119786465361502,-0.321554306411302,0.227095169196397,-0.00990236969408672,0.286393176422883
0.358395119059762,0.650255007351449,0.262196798678605,0.210441612216674,-0.134632358356324,0.556983232091542,-0.0903449619405199,1,0.522958067538743,0.624208305688873,0.220197012786834,0.61233970214952,0.643611893163901,0.267671483149463,0.246663874256095,0.168560651770795,0.111460249662234,0.129503918589653,0.138335984214165,0.0241810459423591,-0.0202342511505786,0.288060884631313,-0.012779056928028,-0.194116696501286,0.270899459518634,0.229854814284761,-0.0690849108987869,0.00111681476768273,0.0791298727592093,0.103058292106619,0.25871142296888,-0.079885953586775,0.103023488647241,-0.392076556789656,-0.186719596386611,-0.0493422933501117,0.0461338627549171,0.0981995260975935,0.172137923799853,0.0661464968022599,0.171811149820472,0.19307498542311,0.0482094235034265,0.0022425182748914,-0.405018701037905,-0.0988333503781028,-0.0681225631629227,-0.0740775680394761,-0.106998608425655,-0.287120598996041,-0.104152752001286,0.0774821512834304,-0.305688532017458,-0.360186285700983,-0.089020582289724,0.0186943800773868,-0.314346690731439,-0.180216886800787,-0.244195890426764,0.114896466212709,-0.297236427038422,-0.294111780294454,-0.354306567706112,-0.175336428331301,-0.207858625282604,-0.108552253094952,-0.383267724625839,-0.283601178079904,-0.252336501257207,-0.169926029817961,-0.204065433383072,-0.310370018096335,-0.403104838374338,-0.302813418544501,-0.386126729712526,0.0365312355794657,-0.386357492610948,-0.319975300638644,-0.448132806372596,-0.51510197244113,-0.332957499612689,0.202378379921953,0.43585845444074,0.373402238406121,0.630226149687893,0.0102066964018737,0.170212158623345,0.641265805194593,0.0597397223591785,0.120050977788085,0.152046056866666,0.354377682327697,0.236935599002741,0.246924506618878,0.239348547993254,0.075102932826169,0.36458240460113,0.26718118270429,0.216192278821736,0.212919418660425,0.0477718277519314,0.0763641680659868,0.38397245037497,0.275526602496564,0.150749759527276,0.430153892487001,-0.0202322555375393,0.314256541864829,-0.300400513116998,0.236115358023377,0.115850407922308,0.139080833270533,-0.137399091169014,0.0154995929554008,-0.0654169664551792,0.0239291164838758,-0.00452858831538164,0.116387987120817,0.0502526965166634,-0.373201714832565,0.0456792987001193,-0.229288768570072,0.0148264306975173,0.111805473406906,-0.0964680656616312,0.0164947643180089,0.223781629991262,0.13287870670095,0.258774691248793,-0.222100612675693,0.0444588834656584,-0.234105776743931,0.0448109016039361,-0.168145686380359,-0.207864756435661,-0.234571334601993,-0.213364525614226,-0.206538813196905,-0.0729872531250102,-0.117668318852073,-0.186539855431168,0.017774817386313,-0.255476877098307,-0.0677933305028567,-0.293978451226909,-0.320517388614135,-0.357139640140689,-0.411414603219987,-0.100656019986873,-0.303030575547171,-0.346192419868521,-0.369637687503373,-0.359286673703377,0.0152559733738594,-0.365809486680142,-0.147848623403187,-0.152063211888747,-0.318708306706342,-0.142565191699553,-0.415108965846151,-0.0771093580412826,-0.337683605034557,-0.20201470018024,-0.37987474413679,-0.302700785577628
0.777643264624006,0.757166521302945,-0.0707317772551195,0.669824321450872,0.465994498237398,0.679384348178068,0.133306676183792,0.522958067538743,1,0.329555278564974,0.794890714821242,0.783103953616452,0.581297385299499,0.156540527625036,0.130876744308376,0.308120615041658,0.259434795452245,-0.00390490575068714,0.460770256823977,-0.155301624944448,0.0471459587105289,0.0545933450116275,0.166544098163532,0.0129772023222381,0.0977717479631164,-0.112624409528199,-0.276163000969313,-0.101360777095141,0.000812643334683883,-0.0328038338857566,0.0908930417311502,0.42883961779037,0.340190746873426,-0.473939936295575,-0.15375909235985,-0.303851761543445,-0.0892420035187565,-0.0127991824799461,-0.0263042665727011,0.223664208054552,0.188423518234752,0.247413023548963,-0.00336947698471913,0.0889852086628306,-0.393448526322402,0.342465535215617,0.0094877012159614,-0.0861830916964589,-0.451952203583735,-0.437979518288021,-0.340992650194654,-0.389042255307794,-0.560868037088431,-0.447499375395151,-0.478764987654624,-0.171736172815064,-0.533172232656553,0.221291295026882,-0.125019243665467,0.0710739713451355,-0.257457042044484,-0.446272214235853,-0.569605149545476,-0.393699798918992,0.0628594454084036,-0.11236116218896,-0.366482643688789,-0.131621894942738,-0.153502255869432,-0.192465764919936,-0.297134679677793,-0.0685789808113331,-0.547765242164413,-0.105921558812603,-0.459079486693989,-0.00570230277699976,-0.389865447604098,0.0730987179566421,-0.122207121686198,-0.444212184703606,-0.00120558444080927,0.523474348793678,0.356064678561138,0.611301682546218,0.80086556432227,0.536825145371993,-0.16472156698218,0.611868927733715,0.534276433510045,0.634623913944258,0.792841329048037,0.143185666721633,0.807199757826649,0.0659376226356382,0.310008296926501,-0.166908025887605,0.469874524824707,0.161883238061603,0.292822174078679,0.273955819956409,0.290436051091638,0.363402370587995,0.212891907790562,0.530160554008271,0.344458878726001,0.371809160082676,0.251913925670726,0.266622331047254,-0.176171344497088,0.215398161296631,0.06395963261278,-0.251141801957295,0.0379753917957006,0.0450128504732023,-0.394543557130216,-0.0505911794047249,-0.223575893159091,0.119075734318165,0.058590947459324,-0.529902521238504,-0.167216960568072,-0.0386676981969755,0.243256918774011,0.0478137593722495,-0.0132784585921073,0.115973725903016,0.206099271676382,0.178142026287364,0.386189307539775,-0.0409901520846966,0.32521752480474,-0.00179139128041794,0.0875895098494961,-0.356551395265408,-0.517741221250359,-0.0656514563731915,-0.479339000706824,-0.497086902156317,-0.39916234982603,-0.332041148678039,-0.271047201996402,-0.338164489926238,-0.33367710651818,0.335627996056829,-0.255498746613243,-0.108637271699358,-0.170405372047358,-0.341395910258691,0.00741605773976504,-0.065320763313067,-0.372842678792738,-0.239695315780684,-0.511445415706862,-0.0972644453880404,-0.430829724253479,-0.236347249301527,-0.215162451904206,-0.134381218336252,0.0539028259831253,-0.309449828036038,-0.156677121930423,-0.366095103940913,0.203817367739594,-0.0211752338335707,0.14078072301246
0.483949667143253,0.527847769394379,0.730396718450144,-0.0994808984494683,-0.146012841088244,0.0725928795125854,-0.16823988774685,0.624208305688873,0.329555278564974,1,0.237758105533046,0.485964007210546,0.842187690472625,-0.0301745046443669,-0.0296726190403541,-0.14974091902342,-0.0838576330680238,-0.160161965163646,0.0671356172639001,-0.0300519107109683,-0.16373180447586,-0.00524865282247545,-0.107225172625473,-0.42883231187809,0.123075406723417,0.745699349267249,0.11174822254881,0.609770065514989,0.03937971124938,0.0875841900514768,0.801647840154504,0.0752633677134928,0.212820752554689,-0.358073667027621,-0.373165375414462,0.407943527027665,-0.290905594309471,-0.120301511471991,-0.0623130418055786,-0.118501849993645,0.0945591655023452,-0.00280884640039432,-0.318882987989646,-0.293042534062519,-0.405030831364272,-0.332358633650401,-0.339710552197443,-0.192192169841261,-0.154965972615249,-0.0719903773130458,0.387389153167006,-0.0758785035463411,-0.28263401208226,-0.579734232828234,-0.0783694990675198,0.548609058825455,-0.238861788589609,-0.127351168719719,-0.18126311031662,0.215139149937866,-0.560258635126861,-0.385384122870609,-0.494116137672828,-0.360601954957337,-0.370197452952665,-0.385241966541364,-0.622217517982985,-0.486438849883435,-0.348964943819865,-0.33445348453039,-0.266775060945242,-0.43636373432964,-0.51329986059486,-0.397104250602978,-0.521594893626047,-0.291796764254522,-0.540303690250943,-0.158930138492675,-0.534300531864954,-0.444329626959496,-0.268179289042927,0.576131210290633,0.830408954860538,0.702724321805684,0.602129266000542,0.00406796528569035,0.656361255863413,0.062293395859328,0.0964251416083042,0.108535510775719,0.138026815296755,0.893139605670693,0.122528911125463,0.832005413633853,-0.0375340720962579,-0.211769369553975,0.15239554092626,0.0711215962232228,0.034828714036688,0.0343716077345067,-0.00798586100060211,-0.0669117659326394,0.423935440757163,0.0321533406136408,0.0239469453957398,0.117718578775951,-0.268802274836816,0.220397019589606,0.0564613901264891,0.267782794044881,-0.0413904748387592,0.660843558396265,-0.0330763241878552,0.201202327503605,0.370212557325156,0.0221321432972149,0.5877657561227,0.726701276152508,0.504779863039468,-0.227062941612545,0.314397687357894,-0.340686534428428,0.0111462005187142,-0.168034319238105,0.218431051152648,-0.187305910951613,-0.128351639295925,0.146466631700085,0.0172191207310473,0.155920529032739,-0.0631981423758306,-0.317017034652071,-0.120609535683486,0.0502151657368261,0.210620188172622,-0.053418588172364,-0.174039427561696,-0.141933830970848,0.0263884534128626,0.309712808051373,-0.319390426867223,0.463666611484827,0.0436871833397453,0.0726109151265966,-0.292265367760991,0.188883520906687,-0.237989393674066,-0.522296009398703,0.300687142088779,-0.453904884811903,-0.472265482696342,-0.464386407565108,-0.356892261611862,-0.175720053228636,-0.420751181021064,-0.195662161961387,-0.159450684817475,-0.344241751017406,-0.213723176782868,-0.493261546617205,-0.0216809212918083,-0.306151065374554,-0.0144134089000703,-0.42249211551182,-0.123272707495321
0.789923153667411,0.587291634644612,0.0198919498213494,0.618565554159168,0.604739330586094,0.354233629802048,0.319965579137951,0.220197012786834,0.794890714821242,0.237758105533046,1,0.709817516061293,0.515804510971158,0.164438582331873,0.139438468398567,0.187222614074058,0.456492772953706,0.124795950545984,0.469600178878197,-0.233301375185671,0.167074798398354,-0.00910748732524122,0.359941376145662,0.159304775327549,0.0199936160641981,-0.0448257163304136,-0.197255931471112,0.0719956634274829,0.0483948153342804,0.106858999874192,0.229184999871956,0.579297863737915,0.570607520920841,-0.503387133483571,-0.155956828570916,-0.260845400582425,-0.0826956572035682,0.0867622089511007,0.00460988175500375,0.339667134592164,0.368315498630326,0.251345968435324,-0.044542777300843,0.247521334646908,-0.300511035447468,0.493905775516808,-0.0571256416986456,-0.116046231897341,-0.573723279368178,-0.410229228907807,-0.245079263961897,-0.376335884803159,-0.711287272961997,-0.464138155435113,-0.573924309161188,-0.10763988981736,-0.601421274332168,0.420928532083709,0.0678263836340613,0.0492154645049681,-0.34223057395596,-0.550294481648105,-0.677045747700599,-0.463890850083392,-0.0325098861676108,-0.245358094470104,-0.440531960580793,-0.21393030804327,-0.169278985023493,-0.309064267204762,-0.476562369925915,0.0641050364369559,-0.589091364043288,0.050027565586042,-0.557711856203698,0.0754073361837435,-0.396871890344622,0.249273034580352,-0.0658740632412213,-0.375394933342904,0.0420909497751943,0.573569136088558,0.269586524744541,0.622323594351686,0.699526064113344,0.754743968440551,-0.0848670504019615,0.301176629426208,0.714934151067106,0.787567438968697,0.914807842639455,0.18932870144717,0.94649088490379,0.156416828313245,0.266765704644103,-0.304492296700288,0.37687369530898,0.0635046453681161,0.435325608476103,0.28397335035662,0.25881074943159,0.507753265497993,0.186797724581457,0.571114497072964,0.381333281431133,0.258576909335456,0.424157423951977,0.184192597416409,0.00670075366589129,0.259527916295966,0.0882058171168446,-0.217231482462303,0.114050874190442,0.211526108741306,-0.319782880950082,0.148624050865501,-0.148641273568146,0.297977639092015,0.302130198720577,-0.58127626655799,-0.176652406912916,-0.155170714900193,0.28683016062029,0.183270389184054,0.011339304728992,0.235752929548528,0.148843446945047,0.345788840925102,0.523837697850819,0.23956831263557,0.527583728369423,0.0320356346173197,0.0288541956880563,-0.383962725312552,-0.458510305276598,0.0544834411807204,-0.592859666838452,-0.601812046549335,-0.607351124191489,-0.466819118771182,-0.253063541421633,-0.24318695242701,-0.372382914264876,0.583472563846428,-0.116206987833287,0.121040386207895,-0.0260582332298165,-0.435176866539456,0.167188544131196,-0.205059692579474,-0.399621717719734,-0.302759132228154,-0.635742725013666,-0.190915001684532,-0.627960210084155,-0.344038509404612,-0.312375067752955,-0.0292499302075568,0.205877981262991,-0.289833309419936,0.045378349632937,-0.353517207778518,0.395195501069436,0.0293337942375565,0.309279422331945
0.829967940890954,0.737921635937499,0.12638975428568,0.365732777399809,0.247924954067162,0.482524228067796,0.165758369194795,0.61233970214952,0.783103953616452,0.485964007210546,0.709817516061293,1,0.789848163166158,0.0375427325176344,0.014895086874834,0.150417301517801,0.17826260697032,-0.0426700968756371,0.308171095693178,-0.0207702916982486,0.0757226224648978,0.171929975338427,0.0861423148394811,-0.101035957806364,0.0846674422238626,0.00253193363607164,-0.334166959846427,-0.0174328947477637,-0.127298294887481,-0.0469516329266872,0.244940153444412,0.32272099602937,0.335616199873979,-0.498072081145035,-0.292409485361351,-0.250631070471539,-0.0908650147267308,-0.131408879494125,-0.0431449695904083,0.0511763067350862,0.259658192008873,0.0687713294558647,0.0441482954796098,0.187119342721597,-0.278030623950546,0.215330747406732,0.109954147886744,-0.167291242717641,-0.470989426703462,-0.479335313432657,-0.347493224647828,-0.370254519811153,-0.48670534668933,-0.484320360023541,-0.396656618709595,-0.0802550790465368,-0.525748941682515,0.214437647576442,-0.0520517008348058,-0.0404923779735078,-0.200091040748698,-0.393661969010922,-0.481123672551732,-0.262198001759049,-0.170147266934536,-0.145498035518311,-0.502443909876579,-0.0805973566461583,-0.2185518479441,-0.0727752268536872,-0.196543332796259,0.00782829598153444,-0.47263991554296,-0.0225813162039412,-0.315381949914549,-0.0448488383224828,-0.423219407950068,-0.120574842494225,-0.201920066938749,-0.481030727874781,-0.132347566539148,0.438820001641273,0.443819652395636,0.653061515674118,0.848043366694375,0.363626115606368,-0.0221857579515348,0.452658383890493,0.357235978682331,0.494598752560205,0.596394441732943,0.364426139857752,0.728917965882463,0.257246429666507,0.0821786186453632,-0.276195206664914,0.26971142066037,0.032534819303237,0.181269824010928,0.103035910286864,0.173556113018679,0.236417423402075,0.223511542158172,0.439694591695956,0.42979017909261,0.367585141563356,0.102088147191432,0.213433847204046,-0.235866389854437,0.166159599917231,-0.0311684651284104,-0.0584079047895258,-0.107666615341993,0.0934056800712765,-0.291277532312762,-0.054613672052746,-0.156590720993363,0.262047307900068,0.114232219277869,-0.557006399929245,-0.01528533055181,-0.22269700035368,0.181044921272325,-0.0292905424409859,0.068036811899289,-0.0174764654958463,0.0129139793714523,0.255358128089024,0.367403571222721,0.0478296557454266,0.232445102567651,0.0739097550008778,0.0143373766525191,-0.358736045030016,-0.491025362894926,0.0102817312109759,-0.468366739381551,-0.514131149909848,-0.374214204864325,-0.344878992692959,-0.238926474552763,-0.219275590152364,-0.411956642887596,0.339105151633197,-0.18067084352724,-0.148838775899999,-0.121196377311271,-0.274270015899986,-0.0570216614873507,-0.276797985461732,-0.468372620601889,-0.224965219537764,-0.531784584739815,-0.237352019133348,-0.458784668393924,-0.20164404988076,-0.0668401966339887,-0.132931745121099,0.0708646902300737,-0.275956711587777,-0.0796650099415922,-0.45730564463983,0.0277824423606002,-0.182645854132076,0.020287842601284
0.76118640205794,0.741337290286519,0.577991213125376,0.139330614109866,0.0101926401251005,0.316576797600336,0.000389537960716832,0.643611893163901,0.581297385299499,0.842187690472625,0.515804510971158,0.789848163166158,1,-0.00776153654544751,-0.0259940626668282,-0.0281843303456556,0.0910136607980729,-0.0753396850488947,0.234985071921772,-0.0262359397603622,0.0167260652272057,0.145493961041796,0.0942498837630199,-0.273884219922389,0.187536386591182,0.457106850637978,-0.0904521204485644,0.423561132872437,-0.03605222251558,0.120658865468311,0.680620305322231,0.120883538445208,0.390832823223439,-0.554610001305738,-0.473468696539441,0.111081229782665,-0.293634458460335,-0.135065579310312,-0.119176751801644,-0.0117732123075337,0.165924294789396,0.0971215973578335,-0.213098298571188,-0.139259343231809,-0.468678454490617,-0.160353018018972,-0.222401836863276,-0.196746087564622,-0.392482405865319,-0.363992282969935,0.0535856035117175,-0.183314847602472,-0.359487055930509,-0.651693074955223,-0.255971972951199,0.251614451307291,-0.502474888282131,-0.0772043236309942,-0.165580715707475,0.053016020711325,-0.41880055561196,-0.460800932068501,-0.549623441059791,-0.411446365158377,-0.424479458637347,-0.399251836727385,-0.717395320863435,-0.411767773647565,-0.262184355936247,-0.294365586646269,-0.362448061162305,-0.268927119646537,-0.504491375668492,-0.292209923484735,-0.493002241837092,-0.269151783101098,-0.549849456737973,-0.224232145805188,-0.500189500496925,-0.559534661251701,-0.359290339494382,0.596847608704586,0.699188655893728,0.776323593172169,0.811743281682629,0.211880570659062,0.448286451541333,0.254929985962303,0.214249578633603,0.300211251071554,0.377205133542836,0.747362882419762,0.440954217767211,0.709014015523164,0.004328214007574,-0.284925304562391,0.244408405628363,0.0534877071256596,0.176846979322062,0.0938578194225485,0.135551677688968,0.124670109633041,0.425472725886022,0.3263412088953,0.240827864080462,0.309964515751236,-0.0532449082598742,0.315602567906252,-0.0532102270908973,0.296636521395017,0.0457741662077913,0.425313270302674,-0.121920688709133,0.254748062321429,0.102767769696689,0.0774115875914827,0.333372323597976,0.665076253551814,0.42748503924091,-0.477720421301439,0.1756355508366,-0.423167876299477,0.031773816227422,-0.0932089147545229,0.131662782506681,-0.0902589473572581,-0.101769590009035,0.138368188330033,0.251506999375884,0.0831750744098961,0.043815064582399,-0.244398785648617,-0.110875876966623,-0.170048426201646,-0.157547878073606,-0.0988767985175577,-0.337280518498746,-0.380460483354495,-0.155259297765742,-0.042498653632974,-0.379475511663211,0.182397997284064,-0.263018344190939,0.141599352675601,-0.314082609637321,0.0312548379630721,-0.264333551914283,-0.517120305535572,0.142362373159892,-0.518552282503848,-0.586017418052251,-0.389617720908708,-0.443498766802365,-0.274345838145886,-0.510530259867587,-0.241258831244023,-0.211684333301098,-0.289509007485615,-0.112586020056153,-0.452286262801758,-0.0816203936324364,-0.482842664343176,-0.0622656297078551,-0.446319584496734,-0.182914734929214
