1,0.576261832637868,0.160963024868118,0.664376972234191,0.136101755756949,0.676850696953606,-0.0823808889965758,0.509964784386631,0.619993881320707,0.402428698845321,0.595545628394355,0.847169437882256,0.78921510426925,0.0277696626029206,-0.0119674873729344,-0.228746159069567,0.029017088617317,-0.313490621418798,-0.295685616002144,0.325430120382991,0.0742337832859546,-0.0212966665536828,-0.209085122354012,-0.171083451299318,-0.42243639940881,0.406808484382167,-0.188484349907808,0.201906650047822,-0.197049184105225,-0.445509112338733,0.335117947920697,-0.0218241587359597,-0.19448929054726,0.0823019130891708,-0.206238641955075,0.245222648881519,-0.107081279556331,-0.160831135306666,-0.0123533920290826,-0.0657727094739253,0.165154836018329,-0.137944964815046,0.212960340947357,-0.154138331848422,-0.0180604410499228,-0.220822193715302,0.0742541039452855,0.114499541532569,-0.309799313709045,-0.175628736077981,-0.127800647674987,-0.264108300426731,-0.173677812787692,-0.314686467789324,-0.0174000439315035,0.119897144898761,0.0360565288614596,-0.0376706654593944,-0.123161216879912,0.0136624138671922,-0.201649000171851,-0.11480322422892,-0.27476101355787,-0.0631444951585903,-0.13162807046115,-0.144095129758614,-0.454762409380611,-0.166596978305855,-0.324883734546767,-0.109975181789903,-0.000973538218648597,-0.298555376738823,-0.316057508457325,-0.130384232243644,-0.0831915877504244,-0.208781516326208,-0.395759938414275,-0.347040892107965,-0.338425523669994,-0.268428556784132,-0.263742470572659,-0.0179368071330034,0.272747982998801,0.173010415451191,0.741617721020207,0.554624957591262,-0.289928084513697,0.502905727261668,0.259909816193168,0.421137714754163,0.27539641329959,0.179378552475574,0.487596199665256,0.578099729208112,-0.0196766478820622,-0.0599870161994409,-0.0413679768877955,-0.14234306854429,0.0192049364802953,0.0352642607818057,-0.252698676200194,0.27918674432497,-0.127785777320935,0.488343990687805,0.00307331840580067,0.146683424547442,-0.0426374219875335,-0.094925833321689,-0.094838232553566,-0.273167859875886,-0.254753776974993,0.183170200960176,-0.0704699284522897,-0.196873740802025,-0.127928871084177,-0.444099971449532,0.0433986066102687,0.131026604955898,0.197821501748634,0.0693124385321573,0.205372599100259,0.208388200869365,0.146685070287213,-0.122373365596194,0.543716334511768,0.222624823248442,0.0673132281113225,0.323478681523513,0.0732291619619989,0.096226990292385,-0.0930188624890429,0.36750065614682,0.0868357366074293,-0.15236252864816,-0.190016668202343,0.110076191968715,0.0308096898362264,0.00655331308930128,0.0286031278442349,0.259179765205496,0.0958149465512877,0.177816895352231,0.22302197101386,0.204234769492595,-0.0934716463648198,0.00913582190038051,0.0227960744221459,0.164840105125699,0.250119654216684,-0.0792073215261953,-0.323134877555578,-0.140912563861991,-0.313318998720342,-0.128680294256204,-0.250900473489861,0.0322561556356695,0.117046101002197,-0.139779168470684,0.00691382135877892,-0.0908856594717565,-0.132243270884471,-0.0686097092482565,-0.335050771244563,-0.304917191234708,-0.170391804037678
0.576261832637868,1,0.112272747281452,0.589656320481645,0.187455755467459,0.762409373142565,0.238306652387628,0.618992689210704,0.549709215413336,0.416952104203006,0.332727128758978,0.534269658991163,0.578778889356267,-0.0450321818377064,-0.230078864715406,-0.158019019688972,-0.190599509641369,-0.190176196055064,-0.277566216825279,0.0750739832330154,-0.0393849884753366,0.118827795999259,-0.165823965433516,-0.00238314500084551,-0.188583645538246,0.297385987700423,-0.36562925854668,-0.237918329573942,-0.231820147796404,-0.40515936365418,0.0179543720801241,0.132313288174292,0.0570692775509316,0.131412052020873,-0.0802486496684216,-0.311853957573091,-0.0722519570762861,-0.138112082011432,-0.152381529535826,-0.277834507366382,-0.131103872346213,-0.169803511348443,-0.335664315450489,-0.206842290267293,-0.246743624017192,-0.22433908257202,-0.0931876273974424,-0.14539522077877,-0.14997415049743,-0.18146796585323,-0.484820176741687,-0.368847541708916,0.0569159560788864,-0.207899740662271,-0.206264827468988,0.243045096851994,-0.0408190355722603,0.0110077501161764,-0.258331802127133,-0.322723342709037,0.0132803998532051,0.144385204992956,0.0118781517606749,0.0940367674384595,0.0673821896517504,0.0553193810642414,-0.0433423594700089,-0.134949864317347,-0.17198333516315,0.0678990061529774,0.0317217926894352,-0.392524779099413,-0.261782914472538,-0.437340665251347,-0.1560998146432,0.113638585671759,-0.27035695581858,-0.110244250695813,-0.0146731816449901,-0.297814624162603,-0.0537088139181433,0.0720611077757363,0.339024161323433,0.400778900244674,0.681355980423124,0.435342783360896,0.220192443361311,0.835884045095294,0.288291139416205,0.550701549877498,0.32054443136273,0.381646068325919,0.281469710148882,0.413009211742497,-0.196892915212584,-0.0953203883920752,-0.0219863875320268,-0.0910475782266565,-0.107861387199414,-0.136389165412523,-0.135343395348937,0.0949213220544658,0.0336542170298869,0.171183995503279,-0.076262954108892,0.0477951338288528,0.0658094622393539,0.0882598894145089,0.0393963596848077,-0.0340485443570106,-0.224089928067796,-0.000871485218565485,-0.0161723135033421,-0.112842539316149,-0.337348123477397,-0.292505101975604,-0.0887084095653731,-0.136266540560029,0.0520253856312571,0.0185817977158204,-0.240513360354186,-0.0602449660747177,0.0472432380138177,-0.0118726686473419,0.287789153141937,-0.283306654240152,-0.138553863077885,-0.176049386985412,-0.248776876933793,-0.10259915339063,-0.215719522418254,-0.0559557603600852,-0.155571173875049,-0.440343486873712,-0.249904549348395,-0.209433351524329,-0.0451342650434605,0.0883127869180008,-0.362349774859449,-0.0298908915105729,-0.243489952733554,-0.0329794495004774,0.118625369192197,0.0972788107138967,-0.349171133523726,-0.46886907812967,-0.496415119357928,-0.20609348473463,0.350712687775814,0.0095984116443919,0.00228009765106175,0.012875064883999,-0.117756193773002,-0.0884703364863811,-0.156157423200362,-0.082009064419023,-0.115680269251388,-0.456666899646133,-0.356873823107435,-0.0300335167392373,-0.222095584488713,-0.22977946565747,-0.0790125826494338,-0.0502597181485055,0.127524025794147
0.160963024868118,0.112272747281452,1,-0.0480889488912661,0.178893782295814,-0.0717906429940765,0.602935485070259,0.0919988509225777,0.0999434120563899,0.6850935707474,-0.14824552593694,-0.0556631880627412,0.357185203213944,-0.0825857629102698,0.104658662878744,0.0934081192128147,0.331753007786624,0.0110118628666207,0.303628168265379,0.588504249069378,-0.196613007425003,0.0665870977378335,0.0970256939704119,0.339756437664423,0.137264683839264,0.76508586464806,-0.0140150182743053,0.246033633458711,0.186941357847641,0.140739069002202,0.548490182562988,-0.0309834888415024,0.174161339175985,0.21153402467301,-0.131155841559125,0.314449574338646,0.254792694936513,0.12460166660687,-0.280759838514434,-0.164764408688172,-0.0957351010042439,-0.112887276394832,0.210918033847587,-0.2059076935004,-0.0906370278667633,-0.185151447231235,0.308852514041243,-0.103338249803862,-0.245567000375314,-0.0224720876316193,0.199891558142576,-0.00950728161498791,-0.0727783464090237,-0.0224532389079957,-0.138277414403999,-0.183792562072643,0.0503553641218992,-0.0405296334216084,-0.105219553617269,-0.199085832800397,-0.150855910490215,-0.191854600149306,-0.289156932170341,-0.33424461987667,-0.138873112144489,-0.173615861539468,-0.154323709490393,0.059938057839466,0.0589109206686452,-0.0535635556439982,-0.13185924595508,-0.0267467631611696,-0.0336773073189157,-0.0420036258111356,-0.188394042574393,-0.00294538692507186,-0.0352456212515052,-0.084437235520846,-0.0911495272528191,-1.37052103199549e-05,-0.0885441202898638,0.142217017583124,0.480672826685995,0.268664568439915,-0.0269821975751098,-0.157572386057365,0.570391221261116,-0.122472223618556,-0.0312635385876389,-0.199432685094609,-0.0054237066405428,0.611681987153526,-0.158640080482552,0.556876916892779,-0.116675500924574,-0.175958724267575,-0.00409584406169726,0.138695952425009,-0.0626605090519445,-0.00446046694654735,0.154368158170579,-0.232565954581191,0.0182105413275851,0.112119046607985,-0.251234225261611,0.00953034367232564,-0.0161286324871293,-0.0933246528191573,-0.287285029744935,0.130967383147856,0.0499589000351012,0.766407447114538,0.11565554250123,0.277177689570732,0.0300600775887731,0.205186141493995,-0.0764076962980759,0.134570876548196,0.0363194173868037,-0.126161066802295,-0.102816088231225,-0.249619452717353,-0.0125045031291429,0.0475884653855868,0.113867958954939,-0.205788079811931,-0.176430647849826,-0.0666368717766015,-0.185174419808585,-0.202750377596675,-0.238176350280295,-0.0792813736298426,-0.19884943235382,-0.277948780284876,-0.236966264913879,0.0650844831612989,-0.14966037313792,-0.105083312834763,-0.209656083551605,-0.139540953949911,-0.252064609086038,-0.194587361185606,0.157398770665527,-0.105431221835398,-0.0925473290971895,-0.0525891319140722,-0.136684482852575,-0.088722571685917,0.200502489546978,-0.142378918451346,-0.12506230852913,-0.141644751479197,-0.178164160838945,-0.286830335706841,-0.19938516520294,-0.282476269003178,-0.0878550435588442,-0.0647215514713193,-0.0458715801098986,-0.0249017314900828,-0.35135792122703,-0.186222254386186,-0.152373456702889,-0.0840026782946127,-0.170187977521875
0.664376972234191,0.589656320481645,-0.0480889488912661,1,0.410158753096219,0.502200827023397,0.0788565865866496,0.236048489441046,0.759025521580577,-0.0143944280620286,0.736244052571349,0.77066772824959,0.367057829342791,0.146877279158531,-0.0988238670318254,-0.135913930873392,0.0837590688348829,-0.0803605056016842,-0.202186607373806,0.192451566833904,0.00563309049681075,0.0750870976886156,0.13827717360201,-0.067381522339411,-0.382989253815224,0.0286163677246444,-0.105065552032047,0.119020699770402,0.0461457934837146,-0.16232413289106,0.232383706255372,0.320348192120405,0.0398701050620264,0.0698032559207016,0.229767927433534,-0.00240827435744833,-0.0870344025053927,0.127767377944959,0.185152598909872,0.0335350634817943,0.217379839596319,0.130922166739741,0.149897169454241,0.129279349589592,0.115181163172452,0.031841116046791,0.0710117317484347,-0.0625998051261187,-0.120585658917084,-0.0580482858210566,-0.0715845577015696,-0.235519490406924,0.0546749242276083,0.0449814133320218,0.110012424279952,0.0299561354970389,-0.0152294169945977,0.206498494703993,0.0532688395110738,0.0974199509254769,-0.321052703516206,-0.202115677319995,-0.204317323982204,-0.083409696859539,0.00626647932098625,-0.146627816944506,-0.0934474179770514,-0.335379086240756,-0.377809200607567,-0.215090080314343,-0.13684891054899,-0.364934751767238,-0.393328507372611,-0.111013761721087,-0.14148008927281,-0.0689388653109971,-0.104524008979351,-0.0956302026799827,-0.237819961315453,-0.310060666690622,-0.0331038901031281,0.00655983450948194,-0.0600758436673612,0.106412003914607,0.681770356584801,0.760509519280906,-0.315612663185011,0.614504664548524,0.501908973077403,0.70431516058663,0.579898515152239,-0.109726960871916,0.634438258274497,0.123277639177598,-0.0503398749093552,-0.201835670649336,0.123771128497553,0.0403676999655914,0.215819609948907,0.175939034246055,0.0322855122821106,0.263888572468208,0.138185327160602,0.433645532906902,0.0813910836578099,0.0917727807912726,0.184520938847994,0.170601463077419,0.192066713883589,-0.221678411643776,-0.323954425741914,-0.10281658778327,0.20285482710906,-0.00709851401808907,-0.136381547647003,-0.248021647597108,0.11195146440822,0.042942328596857,0.227023644458583,0.25200095570574,0.0521687594319832,0.149472018567569,0.0982073821134447,0.140170759708016,0.255019945647278,0.26025999485306,0.15254150125681,0.0307459448003906,0.199536683715811,0.165725011120122,0.138382529191441,0.165541560796604,0.124558775264776,-0.134071485039504,-0.0751542763976167,-0.180741154740527,-0.213204037134845,-0.0355119763364308,-0.0786227356653341,-0.163239506953981,0.0396419078640801,-0.0128735612367667,-0.180198438822519,0.350840571345339,-0.129629961675753,-0.100617454096629,-0.234496349944389,-0.218258889985771,0.288147726387942,-0.0997263672841029,-0.269870800133322,-0.292397710745934,-0.327796760622399,-0.233270441051184,-0.374140357418233,-0.0808264917119216,-0.222144538897382,-0.422590247362768,-0.133522163733917,-0.301025696051645,-0.120393108064833,-0.189367628286616,-0.0506554630906455,-0.255643646255823,0.0691502076140349
0.136101755756949,0.187455755467459,0.178893782295814,0.410158753096219,1,-0.0664217248477474,0.191353834441727,-0.21361922668363,0.54265371375833,-0.0368145007042928,0.0948798181410295,0.0398034836419456,-0.132790051491506,-0.167989793645535,-0.266053053415843,0.0588768009435967,0.0903075482431432,0.0470039577604676,0.321658371213273,0.0632350000317303,-0.336773493744347,0.100528856996508,0.151408946066781,-0.0064954738791608,-0.030990058952525,0.0307669882796374,0.0205378558185393,0.077744891427225,0.0665383340824205,0.0165910942248572,0.104475724759721,0.128703458964491,-0.0367488702137662,-0.250192148523032,0.0147937176086906,0.0292972806155956,-0.0600979405292418,0.00554353565691604,-0.340355590114324,-0.142082234590614,0.0292932858762466,-0.0264948029546978,-0.18852360520635,-0.197338097667109,-0.292923145293882,-0.195476562020939,-0.189307600214417,-0.159073363630489,-0.00553330906762384,0.309683170811812,0.0401336872850061,0.19442932961727,0.412160014782753,0.310964838998501,0.184962325705427,0.179454269767568,0.333051555714029,0.118895218604224,-0.104982627795835,-0.0956608370137904,-0.156530064500106,-0.239188814365787,-0.0398753490149859,-0.191969721637321,-0.100335938170745,-0.293410930657879,0.243983845814863,-0.242518984595698,0.0478871769136263,-0.120877007026269,-0.340164733171935,-0.261974764128968,-0.184286545086053,-0.19864276873477,0.090337548626003,0.166686838787857,0.267166511453952,0.549436356163394,0.0163969822989804,-0.0442051322251466,0.171085171636422,0.500400143373115,0.00280174997614657,0.37222181891205,-0.0235746053111085,0.237455104819292,0.0385045671206198,0.0348767972863168,0.666841803663036,0.293411460314261,0.508045030453744,-0.0430987650951622,0.0361161164716501,-0.0878071350719933,-0.319257094220654,-0.202684014479333,-0.0064126790198192,-0.0142958667066505,-0.121697911414958,-0.169384149157759,0.154002699787044,-0.319003232069718,0.187450279503694,-0.0703855804395127,-0.333698699199069,0.109177408960571,0.0709781871800402,0.104423550430496,-0.180736867186156,-0.0123979585435898,-0.27021848125675,0.110168739795857,-0.100652698819201,0.0934987556302887,0.0462916803294978,0.0538455214977944,0.0429012333297625,0.0969019476326417,-0.211339617046566,-0.0445469000989923,-0.188556907264029,-0.293558072472988,-0.353582944467517,-0.0463465397404605,0.152157891394684,-0.0868437448724632,-0.266653644897878,-0.0763631080709538,-0.289877749000478,-0.297637835679533,-0.0384936583320808,-0.385019045951739,-0.323093852559898,-0.0907585940169278,0.213282283889358,-0.265508752802678,0.179987188056745,0.0570886421521482,-0.0777132213725733,-0.16994156003193,-0.342039465305569,0.0613098428035776,0.0104287852711465,-0.0389639937501546,-0.215295243896507,-0.00884792764575493,-0.383137274791444,-0.382791519751985,0.0207782797181429,-0.233962524157447,0.164392249642448,-0.172917527047703,0.208610697541675,-0.153013300621687,-0.217694561020982,-0.357980080438717,-0.395978584672977,-0.301756636572414,-0.142375246383171,-0.198605972424161,-0.192620479737663,0.0448974978470572,0.343704161279147,0.0491212269508972,0.225498161319394
0.676850696953606,0.762409373142565,-0.0717906429940765,0.502200827023397,-0.0664217248477474,1,-0.13190584919812,0.65982039192648,0.454975109667772,0.254732712290262,0.382554214694145,0.612090049980259,0.611326302082097,-0.0478575029364136,-0.134057980963526,-0.194041043615369,-0.172019234023836,-0.226585552462657,-0.372287686484697,0.0976294458164185,0.219980287151269,0.15573784777946,-0.192174026501571,-0.0481643368917945,-0.194108329696223,0.175308752070718,-0.233383464789826,-0.175069664807626,-0.240909963953638,-0.352651890592682,0.0360789160827268,-0.0532115263245904,-0.037335800034545,0.031787929609243,-0.227587341724647,-0.0556502190203353,-0.0543667722347757,-0.234927760794854,0.0307551185984796,-0.119542497276595,-0.107146351149383,-0.179740339534444,-0.128306191531832,-0.22668656152276,-0.11357274812441,-0.168782080823406,-0.0814015921349384,-0.0185580707150336,-0.279507767413306,-0.275620427868191,-0.288215283188693,-0.141196982955442,-0.00431836554961196,-0.411045479099529,-0.0824838311917507,0.182150238893922,-0.0564725903853856,-0.279753496379478,-0.370585854615983,0.0133742798895249,-0.0637437940400256,-0.0262508283100586,-0.169848537289891,-0.00198526684803561,-0.14621700886726,-0.181312809045385,-0.290172567908253,-0.171871869038985,-0.133909860098547,0.0462972623520427,0.0528514122680265,-0.285243820658914,-0.243273421361781,-0.313476231424889,-0.0675949479410317,-0.119432318674274,-0.424475526526953,-0.328869966819596,-0.22017202528321,-0.300674573328654,-0.378514278220209,0.0103104676797153,0.222418389560143,0.263973780266809,0.636506020848923,0.383194501104582,-0.15423059642916,0.792560943378795,0.180990691209655,0.407924989125688,0.149791601599885,0.108124595631341,0.191191098119663,0.374298912771113,-0.0720444000401095,0.0869779597851406,0.0288393695748678,-0.0856444727453325,-0.0309251376754009,-0.0921296232861332,-0.200649783501008,0.27227817747144,-0.0129630160491529,0.318638001767142,0.258951662956743,0.236771973844166,0.136402757567095,0.138853161681937,0.13304361493914,-0.0901585428648657,-0.0952659921517253,-0.0427242281440726,-0.081413712926354,-0.203464396748175,-0.0689294210806865,-0.279110547665019,-0.0022814350815128,-0.0468796783065885,0.211411350288619,0.111604150342735,0.0973590032836157,0.0651279211753667,0.0697080935818934,-0.0708582063656145,0.460396109698441,-0.0137652242317612,-0.0100032940868327,0.0375061369623101,0.0183141477117608,0.113033453228445,-0.126985919112488,0.241372359734041,0.0371086864037603,-0.0695197545558134,-0.202839404251842,-0.187550572443814,0.241982968895904,0.0818877644885474,0.0605755704328733,0.213299813846111,0.0167329837375262,0.160793870858712,0.217353879074199,-0.0290262341818737,-0.322270074197758,-0.169260751222035,-0.201746369759349,0.0672522934410057,0.206845658735171,-0.138524364823164,-0.104690521484492,-0.0510231680322244,-0.087893825422226,-0.150175265506344,-0.169607860852161,0.0343413352142405,0.0773929847344317,-0.264097073692018,-0.29474719193448,-0.00398624331194689,-0.060885601815453,0.0191381885707753,-0.249787425168172,-0.212962786681836,-0.0727317152814371
-0.0823808889965758,0.238306652387628,0.602935485070259,0.0788565865866496,0.191353834441727,-0.13190584919812,1,0.0465082177746125,0.157831248376453,0.470175412475165,0.0487057912438419,-0.0512631575036926,0.171858928854379,0.284763214809039,0.180132194956688,0.431123955245299,0.323051043781758,0.304507267931315,0.386017150954202,0.353416780791973,0.101129405011287,0.306484607134355,0.391424039378624,0.468566158400456,0.375644849384986,0.330839198654187,-0.0839372438294932,-0.302393698155952,0.257171972567229,0.132585105884525,0.304837194593522,0.38368440457269,0.611377469112475,0.275292439267074,0.167667800410717,-0.17665116013368,0.404468865285638,0.401663071813821,0.109632064512736,0.0919950756815997,-0.116844238436136,0.224950278604677,0.00710589520899,0.0214682970826225,0.106798771822843,0.255698749829965,0.319293939861372,-0.181799379511403,-0.131660949322861,-0.356116750542052,-0.195152467109254,-0.238882556993204,-0.112172728373001,0.00749736151971545,-0.326162856579923,-0.218665412347134,-0.31710598770044,-0.149100102901633,-0.268447067936293,-0.292481483045066,-0.0985956321648982,-0.04391119673313,-0.0907844542177866,-0.179265054116003,0.268879721690569,0.0699152381655763,-0.00940551885170019,-0.0105542138015714,-0.00967718752853479,-0.0104957990093331,-0.077964991363195,-0.0967636758705664,-0.0717019396800039,-0.222858024675192,-0.251537780033609,-0.011783938375481,-0.0780330540863715,-0.103130977149436,-0.151319165862699,-0.376256921923775,-0.0828545700572278,-0.0613890844912245,0.309686238881485,0.323284796030997,0.0952026694706992,0.0586134113429796,0.741199344162122,0.102517637660567,0.211010941501037,0.177226274363306,0.354728901534559,0.587327178320039,-0.0326618740491759,0.291301573705883,0.130490904962137,-0.192614280950859,0.334270496930456,0.435136105021314,0.29010432358836,0.30170547133384,0.45917221896882,-0.0122496950044329,0.286636194521094,0.211978440553846,-0.0390436856951199,0.13331479135567,0.289964103340729,0.275382081540186,0.15952900317804,0.429357948181769,0.289741870461828,0.380978579676929,0.503330722777055,0.421157666331201,-0.0797509617042264,0.253058477847648,-0.114810987551032,-0.113318099495301,0.189885357497482,0.213102553589684,-0.235771144668752,-0.038307496653765,0.138525861251853,0.480185742849847,-0.0592928414280285,-0.222227369281893,0.101128423079316,-0.242948983654162,0.0313094337480396,0.108125422630229,0.17270265411839,-0.0239634855368338,0.138003329141856,-0.361816292688073,-0.365104807559542,-0.0718943321136654,-0.366528947893443,-0.0982443183702603,-0.420917482613127,-0.364463192319232,-0.177614321577587,-0.41435522814523,-0.217044842790748,0.0777144281296372,-0.386133282814544,-0.450886265597202,-0.355259140216037,-0.238685225698297,0.549927455070436,0.0575810142267015,-0.153060765711512,-0.154329466412083,-0.239309900266284,-0.222213966564314,-0.286930539292894,-0.342462537678155,-0.257655252983078,-0.327067665009819,-0.284660199405829,-0.106233095019576,-0.189608751839284,-0.405770742057454,-0.0109905426713128,-0.150797959353621,0.195031424032897
0.509964784386631,0.618992689210704,0.0919988509225777,0.236048489441046,-0.21361922668363,0.65982039192648,0.0465082177746125,1,0.254174328961039,0.570930667882492,0.16401315567277,0.428921849355539,0.700778668470073,-0.17089969881535,-0.294187460937954,-0.388084647760736,-0.274619802521731,-0.430739456104996,-0.403102031659448,0.109523847150085,0.1952221173335,0.0610177768101667,-0.429009807785722,-0.0707765406467246,-0.242610047856283,0.294867724453838,-0.325447952178519,-0.19292762685507,-0.421340866793818,-0.480473095145496,-0.0738134834455897,-0.120905377102359,-0.0658993987721689,0.20217854392046,-0.181282945163009,-0.200867625044165,-0.184041423607713,-0.395316395959862,-0.109396121485158,-0.381595291487207,-0.162154640713461,-0.345365324821535,-0.214426713109513,-0.147385874717203,-0.190807943647833,-0.285130802611914,0.0694845719285757,-0.0174185433186897,-0.00101098722716589,-0.224299139662879,-0.426070136642047,-0.357348227800909,-0.120652906333619,-0.372995887836009,-0.249155020083801,0.259203249855088,-0.0632123819851372,-0.0886472957765145,-0.258548250214645,-0.267557169049897,0.228629596619132,0.260552115613762,0.100976187226489,0.254268762719286,-0.0232482868962831,0.105349685409497,-0.196659995681356,0.144693545277917,-0.0129646158898518,0.262824793735472,0.336179743201597,-0.0651030542751044,0.0183397572949362,-0.213838412364216,0.00949907744612135,0.115864642595165,-0.289985869857296,-0.324728874698362,0.0232650746844839,-0.0870216489565493,-0.154552281634229,-0.133467380842714,0.404704842254659,0.107264938644992,0.528290827595074,0.109858161791184,0.100392899691885,0.611844720881498,-0.0531312738819703,0.100667198956803,-0.1211290726818,0.386570001559797,0.0919937473638147,0.524235057392447,-0.133492606096571,-0.0831724227981822,-0.187787943124586,-0.226826115587858,-0.210380189420215,-0.237277906541268,-0.363013450651972,0.0465568206419218,-0.177178410234418,0.137472221521115,0.061356391674881,0.120994487441503,-0.191077144028838,-0.186873866941382,-0.115492981125015,-0.0482800576042178,-0.0327017313460106,0.03694519602517,-0.19383426917808,-0.293445774283834,-0.348470950023478,-0.384012365128736,-0.23641346171122,-0.151016501658228,0.0393038921180424,-0.127987770752737,-0.162703828909271,0.0422491126294504,-0.00900198977078981,-0.250329334091395,0.125094068861478,-0.263483848881354,-0.236311175318049,-0.0568017474821156,-0.229500458475146,-0.0577228643366725,-0.29821748520427,0.205874786458828,-0.106743572853101,-0.2975552391375,-0.329957191786702,0.0363020732342099,-0.00353347573407288,0.184358478539324,-0.278142637037954,0.167848069972146,-0.0276359231068158,0.0836792754845821,0.335814048894561,-0.0620962673463329,-0.205572257797089,-0.309516970378795,-0.0983208097129555,0.232528350242033,0.133053104783785,0.0985556029997037,-0.0311483725124996,0.22967560710181,-0.0911807099819822,0.068582136344673,0.129007122055502,0.170963241702293,0.240341315385517,-0.0809596219684755,-0.206817648203229,0.238678182543319,-0.00784183780039862,-0.0740329323472242,-0.370503418214407,-0.0509808733290181,-0.09962456702904
0.619993881320707,0.549709215413336,0.0999434120563899,0.759025521580577,0.54265371375833,0.454975109667772,0.157831248376453,0.254174328961039,1,0.1366843360183,0.571972363920649,0.624334593442013,0.355756631444535,-0.0159329797275069,-0.190820388010595,-0.0625300463841209,0.112897158403902,-0.0318812362216304,-0.165755167451688,0.233693440577792,-0.156904646390813,0.01895527415522,0.00441010778410663,0.0560472038127603,-0.0903645660913731,0.105212195205392,-0.188845866767242,0.115760670213022,-0.0323747594118652,-0.305881321556473,0.222751288166671,0.306174408468373,0.12276071306758,0.0424401332735925,0.147933618295528,0.0675946440586508,0.0629475532125253,0.0493739016428629,0.0149762467379508,-0.119538488740055,0.159790170367215,0.105729125994423,0.0928413623416621,-0.035374146582013,0.0757297390717306,-0.0278073233662462,0.144920979179504,-0.0786659634124085,-0.211264741139632,-0.00931410297972158,-0.0847174396263497,-0.155326341201737,0.0908905301951327,-0.0145733446041493,0.0601979618696008,0.0975593889177126,0.116209586123507,0.124790995297116,-0.00649279975758147,-0.0456302868118878,-0.290853442166112,-0.233995260784159,-0.269909843644462,-0.110299007360893,-0.187608425579864,-0.2943219608633,-0.125197163776706,-0.443476079547322,-0.254281890653198,-0.256876281639133,-0.164710916314381,-0.467817067502605,-0.424890944162625,-0.24754217653547,-0.15195744601879,-0.0668860795853318,-0.06359717327814,0.1022831631286,-0.225097042966911,-0.227174806392326,-0.0639982521936702,0.185048309702828,0.00884415032459783,0.2570203308656,0.472814477246809,0.552633401222319,-0.157616725975512,0.555801786839178,0.642859380039945,0.646970531823392,0.703896031481024,0.0211641859528445,0.529632054811754,0.111065174522326,-0.0646129812518706,-0.141526574791052,0.181039212869362,0.104463528645475,0.119605724360316,0.0452977543472067,-0.0674073100238623,0.152898992021882,0.0229979369521494,0.286951510451301,0.0171197281044797,0.101436832176444,0.126127278425585,0.1603805899671,0.192575109152084,0.0332521596804234,-0.102682738700292,-0.0916377961627837,0.0371567803588046,-0.0275371638846234,-0.105077510771665,-0.277100923470912,0.0920127360046575,0.0908033693181919,0.104357789901805,0.261651117431772,-0.0360950875800135,-0.110233709566278,-0.0612776283974859,0.0904244399831994,0.307123641709333,0.0305376944279968,-0.00613212227233382,0.0683878225760702,-0.0193109250908686,0.117503211567959,0.181567282649564,0.0674117520605787,-0.0963087186041722,-0.0798854940310549,0.0622783318773519,-0.232943485833573,-0.0772677787905091,0.151806089692211,-0.111010197870224,-0.186515571286334,0.000751334900625912,0.0718996793357616,-0.0462965205808861,0.235058388136277,-0.137820431573121,-0.131110156341851,-0.26559894198967,-0.292835423535058,0.223805982397234,-0.200728383884134,-0.0717533928298607,-0.270503948797489,-0.0808617336397317,-0.224912770772771,-0.417662828314666,-0.321365925774371,-0.376256455927787,-0.388855726702213,-0.196623803811533,-0.299878491941439,-0.0544270925300778,0.0103144372162309,0.108575320821206,-0.19420064445496,0.169287521620869
0.402428698845321,0.416952104203006,0.6850935707474,-0.0143944280620286,-0.0368145007042928,0.254732712290262,0.470175412475165,0.570930667882492,0.1366843360183,1,-0.00369157024386871,0.239318506113094,0.779820570283426,-0.011231695310468,0.0923928113618157,-0.0920765454854365,0.142097686044668,-0.278060020547528,-0.0845354489793019,0.415209878840901,0.0458645307181948,0.145722060934512,-0.280648574912272,0.197182797770529,0.040136375683266,0.609893978838878,-0.399123643969142,-0.0976489589032962,-0.386497450086089,-0.379875883032992,0.226754122587382,-0.164175090957766,0.0646096253160333,0.136817217952847,-0.437055967412939,-0.078891088784647,0.127981129487571,-0.302196522226518,-0.32253939956284,-0.341175844126814,-0.283838839716354,-0.322425069247637,-0.0193080875096317,-0.391876702993043,-0.22284706563926,-0.277972970064671,0.258905548461187,0.0525760077331126,-0.262392971756949,-0.276733740824475,-0.360873054054677,-0.356328911543501,-0.251512662229654,-0.433922867647501,-0.47231368804067,0.00363115777795103,-0.143105644969704,-0.189221428301307,-0.302115372664691,-0.455972725870325,0.120930656384442,0.187906676950467,-0.0726184619824994,0.0445695013798632,-0.0806694199777727,0.0486536895294641,-0.358475451398028,0.172205102579124,0.121474902158381,0.115991577640406,0.19019434751967,-0.0267418345954989,0.0253272431741028,-0.256918549546743,-0.159370177316431,-0.0108289497894868,-0.35979652793403,-0.2539167221024,-0.0127642782090478,-0.0351514428114373,-0.221094085016321,-0.0058742937804927,0.684046234307998,0.314465558947559,0.360397738805721,-0.0266045750939834,0.568688569444699,0.184322113866133,-0.0272156729683123,-0.0396133778270918,-0.0450606878477264,0.854049604671819,-0.0473379988902926,0.811702060666155,0.0300238682243959,0.027682965447362,-0.0589470733891051,0.014997161981517,-0.17216441093069,-0.179909938019644,-0.230093384759555,0.0235467608030716,-0.119339721423441,0.194838595423236,-0.156045960935839,0.0783850977748531,-0.137117435916491,-0.0940198739378482,-0.318651198999065,0.153779180045176,0.148868016707245,0.541028888464457,-0.16518190119099,-0.183018922992227,-0.313807246968794,-0.217541476488759,-0.199071991075033,-0.0608032697239044,-0.095999473974155,-0.236338719217268,-0.296319428569636,-0.171056173001541,0.0120854034431835,-0.16592279794226,0.11018728720173,-0.343427474629965,-0.176376173359716,-0.0437394565502295,-0.333555326862091,-0.131427261807556,-0.27374718331148,0.146554289948656,-0.208355364501714,-0.418180340224316,-0.356899245933294,0.204865603256841,-0.0733370316569646,0.17533558825433,-0.403214965338779,0.00750584252672149,-0.118289439798173,0.00152654970297601,0.392044158442443,-0.121175553092422,-0.142338656908256,-0.3098541428882,-0.0519284308129814,0.192517423176719,0.26160956977319,0.0382495348050025,-0.00224888750374744,0.147854425098688,-0.0582253234146415,-0.0253805331788351,-0.004416833517645,-0.121041604280932,0.106253697515017,0.070495824801239,-0.0762982093630861,0.248777651149708,-0.146378755056302,-0.0874429933688881,-0.298779161790004,0.0285515783938587,-0.108002541715543
0.595545628394355,0.332727128758978,-0.14824552593694,0.736244052571349,0.0948798181410295,0.382554214694145,0.0487057912438419,0.16401315567277,0.571972363920649,-0.00369157024386871,1,0.791232018462449,0.42886748319612,0.386844480502428,0.141152198326841,-0.0427181345831696,0.259275901693397,-0.0519634797943644,-0.250450558482112,0.28628605162863,0.185202067539095,0.0643132616628347,0.120559733682304,0.00171070198842142,-0.231063934835424,0.0467925292659072,-0.16843438799886,0.0810387783716038,0.0293459062835372,-0.210633112359218,0.138934998813334,0.447796120542704,0.204006448965831,0.0803780113020376,0.205808567234457,-0.038929041540633,0.0811211318694374,0.231350081317201,0.426261396213745,0.281795487787007,0.174954261872595,0.296944363528575,0.374988911492423,0.268111508956318,0.414756332300279,0.30356920356555,0.35182351040021,0.214231807961946,-0.268601064648858,-0.321839775969076,-0.141887367173317,-0.409498839265439,-0.420773676415945,-0.176995900024377,-0.165156186630868,-0.286386201405129,-0.362919172470381,0.197485406480346,0.157482701087489,0.0850686804294419,-0.347280681737405,-0.0840854989155282,-0.22667310391812,-0.088472759912806,0.122075508478761,0.0365843575320532,-0.232885078753329,-0.351025092615719,-0.375958483715546,-0.438750423188249,-0.178153296414288,-0.210107902127333,-0.328873356566636,-0.0137018976964451,-0.390907495263152,-0.392806446759769,-0.300960153820968,-0.230636816417414,-0.206607479428027,-0.343902865522056,-0.0490972192435301,-0.1511052438191,-0.0959586315990309,-0.0497457075523464,0.670248178198927,0.73910351405551,-0.36131768486488,0.398180534278412,0.364906583580299,0.687158295018687,0.541602466401939,-0.113355029388177,0.786359069555858,0.156915106019421,0.197610428926301,-0.155004847634657,0.320292303932775,0.122249155550183,0.429503401915171,0.377388564779005,0.0535437943782049,0.46207055816294,0.0152263635686799,0.597437421324449,0.208111836965214,0.145948713181533,0.203718948251862,0.164380478653175,0.338273775968455,-0.108813540545625,-0.0445107159591157,-0.131995674135954,0.328241594533121,-0.03718053964232,-0.0904819521179113,-0.265513610335924,0.264788432612073,0.148802263913391,0.397159287120441,0.378293294237438,0.161803742784888,0.367346976550926,0.245417327114068,0.282165426093916,0.244030767893915,0.440387549620439,0.466090944132708,0.118153247523447,0.454885486400469,0.498768320736684,0.393199825295973,0.439106312082506,0.36750123981902,-0.0815550500930616,-0.0848004305698099,0.006679670666761,-0.364575108601409,-0.116958985638982,-0.0384377320546161,-0.123577279957824,0.334749335382388,-0.0283720323544069,-0.346694366005315,0.523541555768612,0.0925415823780161,-0.0492222680961483,0.0537696107013253,-0.117484822322688,0.376990080266816,0.0436765848526071,-0.342942143254208,-0.268762248581169,-0.417592237902321,-0.131835459442334,-0.390014185810105,-0.0112139815463319,-0.218117789897803,-0.183705603901774,0.0742655722180129,-0.242880056826837,0.085138653794458,-0.223958693942092,-0.113207082433982,-0.197046938316549,0.169891041832499
0.847169437882256,0.534269658991163,-0.0556631880627412,0.77066772824959,0.0398034836419456,0.612090049980259,-0.0512631575036926,0.428921849355539,0.624334593442013,0.239318506113094,0.791232018462449,1,0.700298549868279,0.260822364657027,0.083051106127136,-0.149415322648636,0.106128060376543,-0.148486268451996,-0.444045681786248,0.191683815504981,0.208590602505519,-0.0314303554366096,-0.0479947734099814,-0.136576867902438,-0.394391816857794,0.157718960012494,-0.209773558273378,0.135326560498913,-0.123984305641596,-0.388753074381107,0.273063012281531,0.198713151834544,-0.0150618217552111,0.10773376415725,-0.0447539479226058,0.0713543586630646,-0.0449810647599533,0.0208187597218729,0.295866749679786,0.143252487830892,0.177148734627732,0.0962005794107266,0.32201027037941,0.0603388895006691,0.184253535531607,0.0436386704872103,0.17316044998658,0.152800248729707,-0.265157260840924,-0.286216277439307,-0.161546795231562,-0.495402400209409,-0.296101222470969,-0.355628847952723,-0.0764862258594038,-0.0390206372908442,-0.218276212412794,0.107200119585991,0.0756174897948362,0.10799363425281,-0.256517391853725,-0.101940029126542,-0.231148025636632,0.0236303036069274,-0.0154089666619936,-0.00282914555982412,-0.484502957288811,-0.271812077701951,-0.513763442895393,-0.202134700496055,0.0135491819040786,-0.38771997839503,-0.444087247621767,-0.130993050886833,-0.203538465951084,-0.321304317613778,-0.488102112567151,-0.390246836351998,-0.386326974806089,-0.344851780550134,-0.26776663581024,-0.184294246712845,0.0515586683460325,0.0565108478633808,0.84494739633483,0.770090810232896,-0.389800926963209,0.599056166635165,0.339456100685583,0.639803731227916,0.454748913716632,0.0514871106487071,0.773031170593532,0.412087637461428,0.178259083132582,-0.0199844020120493,0.10950082934259,0.0395056296097074,0.300504669170422,0.245962711502834,-0.224585611984594,0.505355485292106,0.0182698031485026,0.611903007305625,0.191664241677966,0.158015222132043,0.141277584449652,0.0733799872814857,0.17011696675942,-0.270233036113289,-0.133855614131637,-0.0438868362431036,0.157489193566743,-0.150160938049737,-0.118738258783894,-0.425593581408558,0.231052782788454,0.183115354275398,0.317160408950293,0.275883224405033,0.23430009376236,0.317464586555036,0.29569058963113,0.110807654262662,0.409868113944683,0.361057543452634,0.340445373669779,0.269349587817325,0.320561573911384,0.353248702934655,0.209442713388014,0.503236530133659,0.297136377219912,-0.0117776647832167,-0.105940086685706,0.093582872910396,-0.192121881100031,0.0663326560433033,0.0585970770268353,0.0849034487040435,0.364747392065285,0.169451535959786,0.0548614150314302,0.492092839745078,0.0681390596161029,0.000186937768621664,0.091239816078072,0.115086592619446,0.34042694334802,-0.0171174629860305,-0.394963380451253,-0.22663536195309,-0.414010724140784,-0.113066125490921,-0.285975482170527,0.0501766031866478,0.0293104534298385,-0.199638808890421,-0.0236769868788847,-0.23186782194476,0.014978376695354,-0.100260859669197,-0.245686490410029,-0.322550518205892,-0.0859883041392172
