1,0.601992990080606,0.203628516815923,0.516521417769367,0.275727333636933,0.26222221866629,-0.16424225158171,0.241235022000078,0.299982720756454,0.363704037873908,0.379980734770702,0.482547542522279,0.520879226746741,0.168654940527316,0.147747459925205,0.358718418790702,-0.0938840279151295,0.0877814727593586,-0.0177569101282748,-0.0931524030752777,-0.189436110844219,0.0083614668232953,-0.294636337427585,-0.36456958380222,-0.0394611958325538,-0.0583701606033168,0.105025492028776,0.0584251671682633,-0.0455268655230998,-0.206764714897518,-0.330512361578606,0.0291390213757393,-0.219012483483347,-0.251667750576444,-0.255283651731718,-0.257796991818864,0.203149712467019,-0.159883977156577,0.080423434410984,-0.0513258071262801,-0.0707765355806657,-0.0825873241153774,-0.179303082873007,-0.127834935570278,-0.147371269213979,-0.241549191990754,-0.212287393148611,0.26345821741339,0.178991590104517,-0.10547033046103,-0.175340599927211,0.12324712735197,-0.0356958838720719,-0.174168046132663,-0.0852800379210963,-0.227364753261467,-0.147559276362623,-0.0517107697069688,-0.162273416965237,-0.289351842275589,0.0868023823628539,0.114282434554299,0.336477225805504,0.254500427177116,-0.145116501023843,0.31930011678326,0.0575266603122186,0.207045501468586,-0.16440623971208,0.262682559537271,0.151916803333236,-0.0541155932171799,0.129168311018113,-0.0104725373761425,0.123181503435646,-0.0604926930426505,0.174318404886618,-0.0434532874956705,-0.0797091309902272,-0.108102032346452,0.174542843025696,0.0456335904436778,-0.205596652240918,0.141586274814169,0.518694755207814,0.432543323671697,0.0717529207601512,0.182535172456132,-0.0427651550252371,0.339342477048064,0.178434218408214,0.33038421660997,0.48649743368708,0.545752131809451,0.373517550313098,0.118091865406203,0.359938495179144,0.273007682656398,0.206535002693369,-0.0261132724730298,-0.1026283111283,-0.0956721530348748,-0.0937327396579825,-0.13795251622553,-0.001282090046029,-0.197063789596182,0.131771023060239,-0.23039070789662,0.105895177775102,-0.123306758990514,-0.415656026294804,0.056272753581363,0.0920062367531024,-0.228975627029161,-0.235329288751293,-0.217321788928679,-0.15991251176091,-0.278241844921983,-0.141976396239887,-0.0951233599117066,-0.394000272213815,-0.243318459909563,-0.185473908483616,0.226099660810829,0.160034100795039,0.0993393640489886,-0.196924928285476,-0.0322859082780387,0.0380351271014816,0.102873836491755,-0.0527640795304703,-0.24058302724196,-0.0867820440031322,-0.239920223172221,0.261852899273911,0.0118604050374075,-0.115858805315802,0.192290347567347,0.0367863730417728,0.160568162874057,-0.0831410933712293,-0.357855175904003,0.0078772893673419,0.351012259156561,-0.0230563560675671,0.10634486276934,-0.102438737124484,-0.0503666471468274,0.025024176464399,-0.153087313188823,-0.194033531600102,0.250746344123175,0.0002216297664078,-0.0703408054182996,0.0050060907795602,-0.0580295317282915,0.314538350108945,0.251195267991649,0.14642628099558,-0.001871694857988,-0.0495512791964388,0.240092211207691,0.0003821978428503,-0.0451770842452177,-0.0718913694492427,0.0081273784388415,0.294464403665509
0.601992990080606,1,0.329526204905873,0.762461553047423,0.255916539711883,0.561391470274193,-0.01847888336211,0.601125213121672,0.467359203920274,0.64356712183049,0.613647651581415,0.690045398933254,0.775795154287631,0.0046765059034648,0.0313929349843954,0.243560314403368,-0.449210355881925,-0.318608341967493,-0.171657890159252,-0.333712657863652,-0.135282985785115,0.117663348699597,-0.440019249569307,-0.431304750301507,0.131550757811118,0.0857712979500497,0.0455212203788408,0.126363231358736,-0.284044944923899,-0.512698077006319,-0.284171653858434,-0.248674850065479,-0.330444022333058,-0.317517436767571,-0.420370590153112,-0.517081006106405,0.121996855898609,-0.388666511072543,-0.0368758278730718,-0.105460244321191,-0.186863893548878,-0.264745146942505,-0.422668412143541,-0.107319242008872,-0.410127595018794,-0.417995027889571,-0.347100582327308,0.139961531463337,0.456920911882548,0.11573269581382,-0.182472623693936,0.280728154253789,0.212890090163285,0.193160164521231,-0.0085600038303656,-0.0076547644717973,-0.137191703523556,-0.091207414239238,-0.317845130189314,-0.390352749194847,0.203291103002524,-0.0577788143678528,0.315065678664741,0.265373837112002,-0.299496315120923,0.348061010716544,0.305653117521025,0.119801279403657,-0.107027465251519,0.210483465212886,0.0160245131695839,-0.222531983490701,0.404551093112366,-0.241649555364962,0.376722376377872,0.0706456056907025,0.168469201815591,-0.0347152665955113,-0.18545533265928,-0.0275221077657739,-0.121905667477318,-0.0155037041687008,0.17375708814576,0.117040243652871,0.741241773342631,0.644725178629582,0.392772648726289,0.551116771815205,0.0735466306941379,0.497521533451581,0.16624888860123,0.434295032476376,0.754295549843673,0.537422619226945,0.389186896901957,-0.0691617737615916,0.22117766518936,0.244249540293215,0.177855514950563,-0.10964331680169,-0.389704638428017,-0.0955631442218513,-0.281994571443823,-0.40984962131569,0.0231699032201722,-0.305571827211734,0.215425961364658,-0.517479828876189,0.160424022044703,-0.298784345187616,-0.576632651693397,-0.121221270371115,0.141155513800891,-0.143487100605831,-0.176144588179028,-0.356066500144323,-0.212803710626041,-0.440900071415248,-0.150861391164794,-0.177317800658177,-0.593689569981986,-0.435482169777396,-0.237956558954456,0.153899668345756,0.10141802434476,-0.165557627573011,-0.427808862665132,-0.120813773823867,-0.124516994653722,0.0758970912805928,-0.239506505958741,-0.371632405163999,-0.339145262576083,-0.349332711751954,0.0907705846641053,0.0888767036529561,-0.0038516039582571,0.0890540314064012,0.147013487847311,0.335821033066745,0.0001034209860943,-0.168320203230175,-0.143799936063953,0.47454622426583,0.0680424646603353,0.112897814687427,-0.266615321132144,-0.101126519833327,-0.0073817465851571,0.0792068400515106,-0.441177865305103,0.154831338257236,0.134639379897275,0.0381572208327362,0.139229266779911,-0.229504679890321,0.345254443174384,0.153387300025591,0.0828464938212175,-0.226105744329209,-0.0916042595255507,0.352238614349542,-0.0979032366180208,-0.0131067735487906,-0.0292723766072275,-0.117323120857469,0.114683523045511
0.203628516815923,0.329526204905873,1,0.363209600782729,0.201124728053988,0.282499386698851,0.56012136115626,0.354346837778238,0.134565038370472,0.554419123599263,0.0068656140866822,0.226731014557602,0.352393747427468,0.03389429877204,0.144087716792159,0.119475871547386,-0.147480514627157,-0.0771898698886462,0.0707031084785702,-0.0126356502372885,-0.10914414278997,0.16604240507057,0.0744582438975113,0.0006171468893029,0.0972288468136839,0.302361691715453,0.422654359772845,0.578848670550028,0.226052565355401,0.20749769441217,0.177830903103797,-0.045792416209275,-0.006230735907348,0.150995226054824,0.0928944145145056,0.0837977833082258,0.0451866092171241,0.0388540513352507,0.148829461134814,-0.0502184999275318,-0.0461739149540727,-0.150969883241615,0.0604977590384484,0.0108603720062404,-0.108504805823038,-0.225012919302036,-0.0588111460975378,-0.113829653556351,0.0327156299501228,0.121471924123341,0.30559697955415,-0.127553508888229,0.22257905932446,0.0626345528437241,0.170627796217929,0.283940081168776,0.257727241086107,-0.22490285454683,-0.39391623860138,-0.0643308957867895,-0.23558754416255,-0.261546172245419,0.0902731044571084,0.20092557514999,0.016914353003214,-0.0090185412209603,-0.0458949255649575,-0.15264813514399,-0.249892824782471,-0.0229700916454401,0.110610911778789,-0.261914782861688,0.0962921379305957,-0.115431236919381,0.255670902154665,0.0326035469168138,0.029753521468471,-0.0061292568575738,-0.514276794408693,-0.157250523562888,-0.388203696674134,-0.146844871216073,-0.0362852573046673,-0.132914264863263,0.166693922394754,0.273239645060813,0.332369915046692,0.204004027734932,-0.0324189406247173,0.117731122827082,0.128366142205663,0.35341256918976,0.34744140255871,0.150446122854556,0.424033556998919,0.0338290148185435,0.0918416560621794,-0.0232648244921149,0.0538121000663489,-0.0596554735268961,-0.183185059389007,0.0949403672267351,-0.263989660642757,0.0081501482978284,-0.0084123000048478,-0.0902763726873212,0.292906303476413,-0.0453534880872479,0.138184182046712,0.0978001187032329,-0.111236349889962,0.0987556948482619,0.248413862412204,0.291975523518553,0.527971380026762,0.100770847532163,-0.0716687066151331,0.141731074729193,0.116318148103553,0.13602045055185,0.0084633882950557,-0.0396079963552175,0.0769770005376419,-0.110020608877618,-0.0225379726964538,-0.002595676141126,-0.0298195716817683,-0.130186336296567,0.0701166137854269,0.0260946977266129,0.0085327092059792,-0.156699351829612,-0.287624687164782,-0.0726148393339429,-0.127398271581939,-0.274929490864124,-0.103785989168218,-0.156176239928473,-0.291135915653693,-0.0340298667108834,-0.0272296504206218,-0.116373102893497,-0.126769105006221,0.11067568080603,-0.164118939166454,-0.0905781600101856,-0.417453219743585,0.207122886716815,-0.359532442700674,-0.132712050092629,-0.191552690504054,-0.270988089205558,-0.238481873540299,-0.195457516693989,-0.253855130156464,-0.252119834818001,-0.167113031973437,0.11822559513764,-0.0765177342818372,-0.490948305120547,-0.136210788381628,-0.0546337845799118,-0.220957106367914,-0.192535745990436,-0.0265946949443962,-0.444690126253542,-0.202659210920292
0.516521417769367,0.762461553047423,0.363209600782729,1,0.263517054109807,0.423562263046021,-0.0334416513607351,0.494197608349448,0.466673658796839,0.591571704784972,0.619595990141222,0.682077181486124,0.629328777698294,0.173399652923165,0.145702742439082,0.368225429370692,-0.320457585437111,-0.0657229895598031,-0.140263335807456,-0.16012340803557,-0.208104162541181,-0.0205727785171509,-0.367203589698504,-0.481363196989563,0.112089571090326,-0.0766638109002658,0.311330490197416,0.336922840257655,0.0970004193901723,-0.150954966519578,-0.0769572146168575,-0.199713793033929,-0.247136593099013,-0.164315411673085,-0.214369419819307,-0.18772856775813,0.210126565532968,-0.213666179285265,-0.0139521962456201,-0.179925038369619,-0.301999243416934,-0.248143107423098,-0.303111899064754,-0.230481213207283,-0.410716110122638,-0.43771632488708,-0.395753009365094,0.168124890788527,0.328774290971407,0.28834988718529,0.0120880363478108,0.0885789091820237,0.227450650049635,0.0351309488625279,0.0205683985985347,0.0508920158999729,0.076423967915059,-0.178412257846561,-0.348948668481898,-0.337922892735645,-0.0200026274711458,-0.0537654785966818,0.238986676841527,0.227127490582088,-0.358802154447811,0.176309804565233,0.202458222684228,-0.174520661844276,-0.198899813943363,0.0598257261387471,-0.0418234294257257,-0.42125490488735,0.153562576809472,-0.33519512377786,0.277285617432458,0.228821233886411,-0.063015901857695,-0.056566730596898,-0.242566457314481,-0.0099584059885536,-0.0187924905772194,0.0361037014648468,0.007366247463396,0.144212992264668,0.505202826652002,0.528072764097506,0.0158320752839664,0.436682623583463,0.0039979432814166,0.375478834067961,0.141494839808183,0.310138367039292,0.628927604405017,0.402230062825515,0.417008400701473,-0.0024063667891101,0.364983979434932,0.259355253785,0.319258443178212,-0.0612638930880599,-0.212378388215977,-0.04588909489632,-0.338495563340669,-0.0742550266809645,0.0494382897109178,-0.313890680446782,0.137007152604313,-0.33330818602874,0.113786084631375,-0.19394271758674,-0.483643722384625,0.0122540253187256,0.102227140677224,-0.181917479605775,0.0121029942793112,-0.0687133740504262,0.0356939572220284,-0.0860749490441755,0.135094654534245,0.130390832353821,-0.428106540744352,-0.129250047568943,-0.0984990157936124,0.097022091718545,0.041403587380401,0.0504052367250117,-0.302471468314379,-0.135682873352709,0.0068029325129996,-0.0137235851045324,-0.24652607446958,-0.341269284514675,-0.234955442046849,-0.335230484979314,0.0318868295826071,0.0289013208433628,0.182237524184918,-0.0413934748000281,-0.0799958504750357,0.277296578701368,-0.0006989586838106,-0.166351124757928,-0.08100071047424,0.280336527135363,0.128198860079023,0.0411509764965843,-0.295536875071445,-0.107150147137109,-0.27036143130232,-0.157348089238134,-0.272695432229784,0.0596460728095378,0.150616497312975,-0.197203117566578,0.055781632181771,-0.28462988059707,0.152839600617509,0.0238796288608247,-0.157529957077362,-0.283459432421199,-0.342685790127194,0.0836421135769214,0.114865167665289,0.226626083000345,0.0070255048809809,-0.0599950041032263,0.178235644538469
0.275727333636933,0.255916539711883,0.201124728053988,0.263517054109807,1,0.321786820813485,-0.146199640089332,0.0590421062454534,0.48015311372552,0.24807820996652,0.231169530108155,0.137724461153511,0.049587026147675,-0.182187519952535,-0.140974303169596,0.35070838250756,-0.461078240408429,-0.403764050967943,-0.0563467436571805,-0.427211703043549,-0.254244480945748,0.0105325501425777,-0.370948681793001,-0.368558945547779,0.206414024050389,-0.0208478540202918,0.190249828639774,0.0830796794796471,0.0319466611993727,-0.162140312376457,-0.289007382099802,-0.171734385805091,-0.218972531126515,-0.326432839472706,-0.0143699434249486,-0.343956295906255,-0.434572069194713,-0.302302020551222,-0.238862443073615,-0.190382776956171,-0.249444501552294,-0.338571383151072,-0.220770756424274,0.19451438007661,-0.340015176805902,-0.22217859467978,-0.463695863732969,0.178346110153186,0.0355843150642199,0.102467386970486,-0.0861060239006687,0.359387555208941,0.230791685379271,0.368326663386807,0.0699888781739422,0.0418562731639499,-0.270783786544522,-0.242517098833629,-0.188740063581334,-0.188452867753463,0.111449667712068,0.0187031650823044,-0.0672102821641564,-0.244369292378069,-0.349368576243705,-0.0953463158486702,0.311510598098946,0.186012263466917,0.0924730709418517,-0.0722778731968896,-0.154013597094076,0.0496173259794081,0.301748943411188,-0.128279497767626,0.241599605078736,0.50427681421232,-0.0508501819624844,0.623830857701146,0.112881519013901,0.0657587184715056,0.0580626393761369,0.581970104686428,0.179271972396445,0.523255851186736,0.176508594287331,0.438993178402975,0.013763981925974,0.337626573798769,0.592718543642886,0.634102067022638,0.648370524145951,0.0975176168100146,0.123144213210098,0.432528538816752,0.183161052984761,-0.0288179476698934,-0.0033580329145469,0.104738140251456,-0.09371769933196,-0.0644503108586069,-0.0982577770071361,0.15935729411443,-0.473237975234954,0.0063160408092071,-0.117022700034702,-0.402498183917732,0.282364677504971,-0.36045372838794,0.130185150223709,-0.3465984473066,-0.299510467970474,-0.0598274628934105,0.0774571192918223,-0.161625692405335,-0.142824939815803,-0.223073994939357,-0.248827713548052,-0.235737398858369,-0.180756075030074,-0.100167540682898,-0.283448158070058,-0.136350534489426,-0.243666072837279,-0.114051822616517,-0.229546459379261,-0.361815249881319,-0.404229076331083,-0.214687427745244,-0.186283087279895,-0.17665631188704,-0.372754116717159,-0.371073811915853,-0.304587167415131,-0.381055129192957,-0.208046945313769,-0.122223559113658,0.130903125410101,0.185213958184954,0.251745102916896,0.187956798381598,0.0256821472622135,-0.214241973578956,0.0737889817194451,0.0922529023074575,-0.180675541304833,0.0725023628962994,-0.293144697536909,0.0017584252651772,0.061456279193973,-0.0109883798666848,-0.239576992705246,-0.012646396479651,0.260030797825108,0.0923798017541001,0.193562695977193,-0.0495487432854383,-0.0064487389958662,-0.210842789073694,-0.112333858688078,0.0484374976684107,-0.0496946954135943,0.270229360274028,0.258482019819774,0.279834186750948,0.530896809624509,0.172894747427582,0.0920124749028904
0.26222221866629,0.561391470274193,0.282499386698851,0.423562263046021,0.321786820813485,1,-0.0739892120648515,0.469294814350219,0.491561085028242,0.341508188672205,0.275840834269153,0.507627524015658,0.514971177499034,-0.286724610549324,-0.272487650422343,0.0770278732662799,-0.537924051148069,-0.585119658820603,-0.012065371994419,-0.265782860007885,-0.26601494250426,0.17636993563614,-0.340343427922563,-0.222340633555636,-0.0049526860944567,0.0471456188711354,-0.0030214989008468,-0.0062301732611905,-0.284081734744866,-0.36635151724987,-0.31868263580937,-0.290125066425163,-0.287846761108481,-0.172523385066879,-0.332957867413414,-0.480680622084936,-0.305904042359877,-0.469813218839559,-0.11361748262974,-0.280433381915161,-0.271429421919584,-0.420123638563587,-0.411020454354965,0.0928174066455482,-0.351499475895969,-0.258603300957731,-0.299466082778629,-0.0181730722654586,0.500446175410583,-0.0222778791493654,-0.141492783359261,0.397520111224754,0.296377906695447,0.31812543663962,0.0187630196209551,0.0388090189725752,-0.221273567205183,-0.299416610947602,-0.356763323449363,-0.404726772139734,0.306223933900738,0.0643132334047083,0.292727637747509,0.213798142217738,-0.315598217915994,0.377375455207304,0.452709595243494,0.177700230897063,0.234446538381576,0.169687401274253,-0.0092801587518921,0.1616237065191,0.533876990413705,-0.152325485328458,0.554223594521673,0.22423855486779,0.279543226721853,0.240767404397417,-0.0879131571763044,0.158984026638795,-0.0975819245268403,0.102287497885602,0.142069387298823,0.0553266866319068,0.426281282891952,0.385855487516422,0.336075721648537,0.616750861724906,0.159968481083702,0.490754715641363,0.258404018125262,0.390229512907,0.467052702782663,0.539579022578675,0.111135176589867,-0.320403073660286,-0.185460719873326,-0.131114956678504,-0.204462750064559,-0.294301487849097,-0.424117278762354,0.0814964775381277,-0.347840921395032,-0.33736214493772,-0.0469923336248878,-0.317790266520438,0.093643241245225,-0.392871118965585,0.120746011632642,-0.359149320186069,-0.381251690720925,-0.0803931611222333,0.0849887023208717,-0.249259429315027,-0.373818348978635,-0.336661345437449,-0.319550989890898,-0.404548940602596,-0.132784220658572,-0.2081048750534,-0.388427591451919,-0.588878065634216,-0.395477479792978,0.0481390402101868,-0.238234541645677,-0.488554231477536,-0.411340745477915,-0.383985322316811,-0.349203038333957,-0.197983348849153,-0.441378648746006,-0.504106103854529,-0.530141062003299,-0.327096909130007,-0.0509203835796248,-0.0988383310500463,-0.0309166789077528,-0.102801088078093,0.112538930709843,0.0957572504359406,-0.0708030805565689,-0.290163964453623,-0.279811057011499,0.20191286373226,-0.158305974918973,-0.144075893814247,-0.529154758613529,-0.0158997606279406,-0.165978737869497,-0.0720879989663737,-0.535508218298443,-0.0833618686839028,0.189569680214945,0.207029560081645,0.187044453300853,-0.157862839886298,0.162993654135476,0.0667833929413622,0.0068184197488932,-0.186181606017798,-0.0801690312291188,0.295209578907176,-0.293994738933714,0.0014990492220708,0.153807566885523,-0.0365523260688986,-0.0875813966290694
-0.16424225158171,-0.01847888336211,0.56012136115626,-0.0334416513607351,-0.146199640089332,-0.0739892120648515,1,0.374161638866835,-0.253846284496459,0.530396952819258,-0.251464454296914,-0.0336057609026161,0.170240910152965,0.061802339986881,0.068296794830446,-0.0010905601831582,0.182417561354448,0.179458518730322,0.0717609470601964,0.12186172114357,0.275410204671015,0.180293250036708,0.367128283240058,0.46905931611349,0.239271322644616,0.533135073823636,-0.0707672581057777,0.238745963723568,-0.0502621764996169,0.287344719770048,0.214675251419978,0.126983517458851,0.102448795608349,0.445737734646909,0.102135711731398,0.376413131392752,0.233784714532974,0.217912950010342,0.241045868474461,0.118894830607578,0.0857418217271892,-0.0032626931966918,0.273996350783652,0.0867057585956697,0.292769923716363,0.144293009343279,0.471353696512326,0.0181887308288678,-0.215511079844124,-0.209962951025234,0.198558704779661,-0.352578588777121,-0.118256905752171,-0.104425131404896,0.128785426205897,0.180977316915126,0.354254703529666,0.155135521623969,-0.10390627629057,0.287739600841527,-0.205897693841045,-0.153213663726526,-0.0984120028165742,0.272409061968304,0.522001785319328,-0.046535877787069,-0.337953459313303,-0.096503200232286,-0.36410961392223,0.0824149055729113,0.305261001313566,-0.0553943169649456,-0.0485257594447992,0.124219374302314,-0.0332134492519013,-0.400201978166239,0.225954999011521,-0.12095394632354,-0.398131011552643,-0.355877133346669,-0.512320081039063,-0.290836130504958,0.235312863737521,-0.387728883505327,-0.0164656786456433,0.0063872181726603,0.573035618600176,-0.25651665072504,-0.287811703434515,-0.296734349353442,-0.191038788743687,0.317233387892583,0.151349795058219,-0.186355944312672,0.013740367552665,0.0455734548148516,-0.0397509841449964,0.0918560820106805,0.263329159477953,-0.0208659594127817,-0.0267612999360705,0.0809457931396076,0.201427358303954,0.213387014486989,0.046067301269403,0.347009194613425,0.294743733340316,0.372702737986782,0.192208064521759,0.475228236884281,0.370706044323329,0.305748122338165,0.495633635336549,0.485008809922528,0.615508366208899,-0.0233945531789037,-0.202376303505767,0.19994153086224,0.0206765553560722,-0.154874145894768,0.297992994388788,-0.0287319647621815,-0.0165301279207478,-0.0811190438412884,0.262649319982759,0.122662358001327,0.396136634143036,0.132535594157535,0.0792031890273552,0.0218468878030404,0.199260965280447,0.2360889255258,0.107860838362705,0.424181334423729,-0.0227670489210932,-0.335402741048923,-0.419474952464628,-0.336751816373766,-0.447887656282871,-0.200661230633875,-0.180426391739522,0.0994312744215109,-0.0192255779693207,-0.0015015030531493,0.088771856837185,0.0342981702149887,-0.0072717348308778,0.146238118976456,-0.367036260877785,-0.0617496422740664,0.110064375947698,-0.316166710791336,-0.577732210287636,-0.0994295755794747,-0.423983267337915,0.113045316054137,-0.0907560950890592,0.381287108100868,0.238266140746759,-0.469883492859084,0.175178591010147,-0.157072119749959,-0.372844705257037,-0.461475729559973,-0.143336973948056,-0.577660184189063,-0.380976061875851
0.241235022000078,0.601125213121672,0.354346837778238,0.494197608349448,0.0590421062454534,0.469294814350219,0.374161638866835,1,0.0782516793053381,0.692941479304501,0.17539362008205,0.456097965132497,0.669952261700612,-0.15781275558352,-0.198992715258972,-0.063149245061299,-0.389842977437567,-0.220448695224442,-0.345827193527856,-0.325824333473901,-0.184213939580162,0.115435099525776,-0.247202805381801,-0.120270286121356,0.106029789345078,0.0337396934842015,0.141145038871599,0.142769580894245,-0.233304249892625,-0.286852839299154,-0.167602807348411,-0.182999589631634,-0.309911980674819,-0.048671909924996,-0.191929943075612,-0.290660268086611,0.0178011460476008,-0.257183448962544,-0.0259264728275036,-0.385218440889602,-0.322063949248468,-0.356289670821772,-0.401001097484506,-0.143946247357349,-0.37149995786318,-0.351986303357523,-0.210232254958019,0.0963693843099099,0.49137988354125,0.154020507898513,-0.014975847907968,0.0693261842421601,0.307324482892273,0.212553242525176,-0.0191291025607679,0.0581991694309614,0.0245241835086828,-0.144143981419683,-0.457033667126716,-0.391261769485874,-0.0420568627559544,-0.129687742428905,0.0926171254502141,0.296032134599144,-0.161843152190599,0.237442829657599,0.358723904947169,-0.253569434604875,-0.177171524321159,-0.0798378460303775,-0.116234760900693,-0.226821225897703,0.223268698767374,-0.334821030052415,0.39960090245621,0.202297368183935,0.0871495893938982,0.0425408006342012,-0.252124439441527,0.0968843017820337,-0.149783278241709,-0.171528577493386,-0.007677370314805,-0.119719339027704,0.445185417134493,0.258520873336056,0.510916873388828,0.362577732857036,-0.0938485809489897,0.0568594444984661,-0.13991710266328,0.479888579623922,0.630661433358422,0.18418562887663,0.328455462914067,-0.349411107664363,-0.114067905899429,-0.0946450046172809,0.0865817681375687,-0.517452146960157,-0.406476118332954,-0.34688953879991,-0.337345838016995,-0.182659534481575,-0.216007428590752,-0.304145185427509,0.1265728160954,-0.341153635095505,0.157435064696557,-0.214020870367924,-0.234638330839466,0.0259188836309044,0.230388760736127,-0.104304817420762,0.0700955513414659,-0.322995940060422,0.0032799487176422,-0.293358730499913,-0.0554481388035403,-0.0175522149787268,-0.382976288205722,-0.437019163665918,-0.247234483258353,0.10290975806779,0.0027252896341097,-0.265156073789314,-0.351995711078145,-0.296265488608392,-0.392389438656791,-0.150550803975482,-0.320521269214417,-0.461124989783346,-0.431829727893077,-0.256707562913676,0.0015484990289795,0.163764753714832,0.104946276281414,-0.0171843977045897,-0.0063646619483672,0.364244761488435,0.145561505741879,-0.0094913009670288,-0.185510102108901,0.40658325532367,0.153778626475372,0.0407009841356527,-0.239520056120436,-0.101962506757489,-0.253290687146603,0.0995355325716889,-0.467085035089893,-0.0798305245781112,0.188746266184601,-0.129051233552659,-0.0016894709434085,-0.226073798845119,0.104084040817632,0.0806309924605229,-0.152429253217227,-0.414238107576374,-0.313064303820037,0.149158725200761,-0.0712915614668019,0.0360516032453167,0.0280366659641177,-0.119722220741383,0.0237290330763488
0.299982720756454,0.467359203920274,0.134565038370472,0.466673658796839,0.48015311372552,0.491561085028242,-0.253846284496459,0.0782516793053381,1,0.295102151382872,0.707280274542804,0.611267951047869,0.466628006356189,0.131000590739861,0.19395340022384,0.367940815253509,-0.234762163177843,-0.383065600085955,0.197153274375369,-0.125751854645847,-0.0531517695217306,0.0717849620926189,-0.29851702240972,-0.486497751810755,0.225782458337649,-0.0290813859698856,0.0917592698365878,0.110119532522084,-0.0088564230134059,-0.28232208237972,-0.0905266405248471,-0.0891242568475504,-0.040508764123951,-0.241484955047367,-0.252297455675498,-0.304946207361365,-0.0699913083767163,-0.197905876206771,-0.0205699541043704,0.144483635024517,-0.0219507510686083,-0.166287423159991,-0.0263883101304603,0.0757214595525213,-0.241475600366596,-0.113106464403596,-0.241189321310366,0.212289785946113,0.293825200853001,0.134988246788084,-0.0141755876561892,0.422987246545633,0.298020148010589,0.290314871477478,0.179167749127052,0.0665476524227855,-0.109361502020206,-0.0877948508157238,-0.079702478298226,-0.15307389674204,0.153436042011754,-0.115010116567319,0.144045862751461,-0.0059043036277193,-0.363973502548423,0.0753318579247774,0.135279146163658,0.171956477549984,-0.0293502839182285,0.176140189123465,0.0902115165170904,0.0524209077489051,0.359897549604138,0.0175417958775962,0.43679021343618,0.189311508430989,0.200405267954935,0.143127614009019,-0.111473058213574,0.0584994334241066,-0.0094395635398157,0.151955013760161,0.209848138586812,0.293305568292469,0.335995626361475,0.649245479165512,-0.0748610317193394,0.475917132708147,0.33383599685939,0.804763512907427,0.641796432267562,0.0262776039993421,0.397135749242598,0.694511951033355,0.206595669417702,0.110956907891049,0.0801010238234242,0.183469189232328,0.0355006464552054,0.0290782226923191,-0.105362262882567,0.251451619369804,-0.333782178842829,-0.371802826812189,0.0556770668952854,-0.381282496780624,0.0054412168244138,-0.455892623649154,-0.101910322563978,-0.370111262676388,-0.673137679337051,-0.103590114622556,-0.0311743462226832,-0.354968979583492,-0.355875769280307,-0.214054061658352,-0.315051742592595,-0.30647378907385,-0.15697119272622,-0.147885470353061,-0.544298568034582,-0.39924721479513,-0.108180578729659,-0.0837207248800338,-0.172834899066776,-0.233284287949824,-0.330667490119958,0.111129587372254,0.0456081800334745,0.0399293050270243,-0.113705357247936,-0.296514585211946,-0.32460359535509,-0.326188631267826,-0.133274977266513,-0.167372902913827,-0.040605698276685,0.177221085054536,0.0994428942800823,-0.0546806930612708,-0.057641099037775,-0.371841957852305,-0.249915387884938,0.0202521558034972,-0.410118361632332,0.0295846373775415,-0.27278966245365,0.0573080526601166,-0.0506279374389428,-0.109723642053995,-0.420100871202259,-0.0605523271386535,0.0818763356313672,0.0404218927811691,0.0756276987250623,-0.211445183644992,0.167726233136648,0.0292137527718419,0.0318402242040096,-0.0679350331838646,0.010027484506941,0.144255670249024,-0.208229779045751,-0.0188787841570349,0.0959376327769014,-0.0564515943258835,0.0301914761959152
0.363704037873908,0.64356712183049,0.554419123599263,0.591571704784972,0.24807820996652,0.341508188672205,0.530396952819258,0.692941479304501,0.295102151382872,1,0.334567900734068,0.545435364455546,0.719881224087134,0.10964933660609,0.151747051864144,0.286185468832582,-0.249084758884962,-0.147662123621048,-0.104941083916547,-0.183862438500279,-0.036296250922758,0.153550000881928,-0.000736685631967,-0.0368459004650696,0.322701143207578,0.218137636523017,0.0833194107324245,0.324766728391268,-0.0366511331249108,-0.058857311801539,-0.0647900436899228,0.0450871593296587,0.0414841264617163,0.105848573519432,-0.0724667780019285,-0.133916320477529,0.210815180205899,-0.0926402032756228,0.204245578467204,-0.0944974068013143,-0.266984770363261,-0.226422558250565,-0.136504612789549,0.122118542507512,-0.204904728863431,-0.11059997697653,-0.0391974630830414,0.110635308572092,0.274240313094085,-0.0359183517167072,0.0618309435853852,0.0469989099924453,0.101347976996971,0.092105341541482,0.090772327032179,0.0399534640318569,0.187869032149187,-0.0337604058741433,-0.254239610970527,-0.203434031147408,-0.0257141877527822,-0.134006846609448,0.263195440239046,0.343137783317013,-0.0210537236566907,0.263831493863077,0.0776200635069684,-0.0917672244949929,-0.388774493832425,0.130550147286419,0.132996165371067,-0.143224565419092,0.346902980123582,-0.0962449976944874,0.378971073804352,-0.0336777498719223,0.257459607012092,0.0338843661247996,-0.347310853565588,-0.175292836341581,-0.255384452280416,-0.0784401147403288,0.122811761831143,0.0827394556371592,0.574365110441981,0.573608905420833,0.469767796136258,0.414287769701261,-0.0560349004515468,0.312394592664576,0.196343402527683,0.636726075288826,0.733479015975662,0.366622065075938,0.376886424146831,-0.0052536073938521,0.139587674900145,0.242875719899281,0.206881123117791,-0.184658269468155,-0.182846440946082,-0.0171684762971704,-0.12558785908686,-0.0061311451883898,-0.0264233579326067,-0.147714463510399,0.291121745031028,-0.0385963827560975,0.185324830066804,0.0591434890169619,-0.184889710275872,0.263283446021043,0.416191301732888,-0.152767838571151,0.208229209893962,-0.166998303531281,-0.366659688808582,-0.0774405302028989,-0.0381024665590817,-0.11898195359754,-0.214782544387628,-0.228262870397251,-0.248095715688067,-0.0795371260696773,-0.07556077213935,-0.0513199121129911,-0.11558861910226,0.0076366327037168,0.0709209287885289,-0.0524476348002008,-0.147904646225806,-0.175795077578208,-0.106737192930434,-0.0358450172297697,-0.0528156600956727,-0.223608837609541,-0.276414281026355,-0.243507323746411,-0.242883012606226,-0.0073528429182834,-0.237148051846525,-0.302566451025035,-0.105715753917407,0.298333170241068,-0.0178858953549937,0.107188312617137,-0.231156164689941,-0.064399056981007,-0.393758634999728,-0.117732273070333,-0.309136215695132,-0.160866397604113,-0.233806722569421,-0.138637866491968,-0.186186222846214,-0.244545039713265,0.123866865420585,0.231439209069088,0.0386876686971049,-0.539513662861425,-0.135786121210196,0.10174086188755,-0.271284435040533,-0.236140788435109,0.0163531036607316,-0.414763903769513,-0.0824780637222585
0.379980734770702,0.613647651581415,0.0068656140866822,0.619595990141222,0.231169530108155,0.275840834269153,-0.251464454296914,0.17539362008205,0.707280274542804,0.334567900734068,1,0.719797436761273,0.534330987873472,0.341929826087259,0.394790074665186,0.22949670387777,-0.0434688922597008,-0.267000243506952,0.149168313021883,-0.0204342040226262,0.020197256853531,0.0482151864484436,-0.263683870178186,-0.42387525295748,0.124664929789468,-0.0207733254252625,0.16962021895136,0.0593561871668303,0.0176045449699967,-0.31352962527129,0.0212503551732014,-0.109168009460386,-0.105460926284851,-0.203528125327358,-0.241037425253808,-0.208739172404162,0.25357643184995,-0.0626754244935227,0.109803436260697,0.13039430010374,-0.0423464452598594,-0.0561295089305632,-0.0525396965311727,-0.0712952021368951,-0.214222530118644,-0.0738407175524549,-0.166721214386499,0.163241904985428,0.283546080591376,0.275628566482807,0.056921788521561,0.384208699975885,0.260057708809412,0.185807149193592,0.192606456568423,0.0092210067305614,-0.0294459683477529,0.133004165977662,0.0625184309684247,-0.11972204491155,0.0262179155174963,-0.159723943292246,0.0745602567059043,-0.0493473547897227,-0.248689007208702,0.0367479316864975,0.061538611386106,0.0615495490792168,-0.0915481767361097,0.170904163656333,0.0443014804198229,-0.183796618870658,0.154521846937963,0.0172487355905246,0.24357329917461,0.0777234320810614,0.0009921729057509,-0.133675704440877,-0.0866914380585779,0.108973277562571,0.0308105987078539,-0.0124532940048028,0.164949756432694,0.177203081295916,0.401093345198273,0.69154094936349,-0.102367552988043,0.300798015679864,0.0469988918655751,0.512006243458873,0.267781200919997,-0.0070792884176514,0.464056997951967,0.473477965150415,0.0830618905033393,0.177256300191541,0.318306820303456,0.106904046285167,0.14394554233059,0.14902086455907,-0.139729660217401,0.165134790169154,-0.184320449201422,-0.400643122458572,0.171340573780549,-0.155328678957093,-0.0353015767192572,-0.379731369062043,-0.0889235299304426,-0.288355839008954,-0.566008240350916,-0.157846093151882,-0.0646177012223979,-0.306615208951459,-0.247834904144863,-0.1573350891141,-0.108587177632244,-0.22047779909226,-0.107542884049172,-0.169967388301196,-0.472125508234953,-0.20510126935332,0.0478517406168299,0.108858903611454,0.0096936769952164,0.0714669570011782,-0.167047314726943,0.224371624371676,0.13772235094189,0.151440520072397,-0.0252018301154159,-0.130345767969635,-0.100354043889403,-0.20850383937213,0.127826067766943,0.110164163945793,-0.0020719236835496,0.0948727535969561,0.147093765272751,0.099685546501196,0.0473978103533995,-0.219354807970627,-0.100723696995835,0.0810925354798162,-0.0964179556665567,0.0830296803620682,-0.01090630821253,-0.0490052950947366,0.0303652420913772,-0.0608808132115916,-0.254684079725915,0.197143436269047,0.0850370251666564,-0.120445448362523,0.0457736066647781,-0.321501991514309,0.257710061327321,0.0234678795757382,0.0610362121202034,-0.0085631595083653,-0.0758633383782983,0.106383969236105,-0.0456941586498047,0.0198100539313148,-0.138593451690587,-0.0081432468508715,0.061156995872782
0.482547542522279,0.690045398933254,0.226731014557602,0.682077181486124,0.137724461153511,0.507627524015658,-0.0336057609026161,0.456097965132497,0.611267951047869,0.545435364455546,0.719797436761273,1,0.800650400918957,0.285566796589054,0.274022701813804,0.311198165014324,-0.139753131769678,-0.198585541766061,0.166917477170042,0.0030030982002613,-0.0286623316455084,0.0928140191341605,-0.304953458680858,-0.371522237762403,0.113972697585796,-0.0498180195697933,0.167419450178549,0.0243120913325813,-0.109730594389789,-0.328428877866826,-0.16666911488797,-0.159431417918601,-0.232823913667902,-0.141676873841373,-0.390871523845382,-0.211934713439062,0.241815891617545,-0.139972985527353,0.225173532917396,0.0273109222469407,-0.0129760453053525,-0.126937553599871,-0.0429558824749528,0.0377001193760818,-0.0670675106864657,-0.164376998755352,-0.0347775558692853,0.286057564631876,0.38591491209536,0.0127093439869403,0.0295664106115357,0.33951808541406,0.238460061901248,0.130262981734772,0.244133594454748,-0.076969204963267,-0.0747304599354097,0.0221198269047174,-0.260294942618979,-0.278845700748151,-0.0529564641150643,-0.261939250214144,0.217333360893316,0.175222431290117,-0.203482344885569,0.166499710150078,-0.0048193067625915,0.0094228215243589,-0.211905605162951,0.320299832795851,0.254131782944133,-0.0620840832251875,0.250374602434219,0.0056198968577466,0.436513804016792,-0.0772066054355481,0.27139221369502,-0.240985739140486,-0.465192545706133,-0.0250892748730693,-0.179637228481979,-0.271261603949436,-0.0281703069615115,-0.08242370288577,0.46913512195564,0.644430458362118,0.0897578770240402,0.308203783948353,-0.231966200190748,0.44663587177648,0.159973848025774,0.229029369128825,0.734577948109147,0.651904937669123,0.129675112547974,0.0279235012220007,0.307417479559959,0.0809554701239595,0.228505557342453,0.0072172586310916,-0.290092304008618,0.198628568742093,-0.124704266626304,-0.388937317138924,0.201526028031378,-0.0879036037460125,0.102189429094536,-0.334696844280714,0.0931925428704718,-0.141245878676069,-0.50166884651855,0.119566316220961,0.226680599715647,-0.308912980928736,-0.280693132286745,-0.238018348173242,-0.214436474929898,-0.255708194396651,-0.213700892919337,-0.260276299553329,-0.417366018956465,-0.344461954442684,-0.0246630362653175,0.191586242610698,0.0442474545487001,0.0767351764401149,-0.0356196408330441,0.078682573151515,0.0494480467167787,0.19149501227213,0.0212217749397758,-0.134106927254861,-0.105591506531248,0.0093607423400599,0.300689517379983,0.0061469861376587,-0.247357892263874,0.0193597195042797,0.0565614336375424,0.0477969087796862,0.0185412828427596,-0.30889057668841,-0.0301355493941928,0.224629208229141,-0.0695151408929731,-0.0761853833086979,-0.283454514591191,-0.0313880740070888,-0.191038656783149,-0.115312469635536,-0.419813862760355,0.087594324524327,-0.101398581630242,-0.227702448056144,-0.0975449843497863,-0.381776942825215,0.27819792914728,0.253275122965394,0.210281529026062,-0.274102674198532,-0.177151643348954,0.0662316649327697,-0.21283579364046,-0.125631620502336,-0.256181443477846,-0.346800988234431,-0.100718082784739
