1,0.838902679570035,0.152492355917237,0.728459644717054,0.136988150543241,0.481701548065067,0.0536214160424046,0.272483999445411,0.673826979715351,0.489870521587056,0.697277420947117,0.811121360305834,0.673283333338648,-0.07667491004742,0.12791583894925,-0.159194677280609,-0.139802006749977,-0.175526883714395,-0.0814656756584989,0.0356958687039452,-0.32850890699182,-0.197917548347252,-0.320602739651125,-0.306493436536402,-0.0820059887727254,0.0426834936171277,-0.000350249551471095,0.0478409371754232,-0.142028355206258,-0.245335398199535,0.0874367137898037,-0.0961226877269805,-0.252276998436675,-0.119468879654764,-0.331816612050191,-0.171072748173467,-0.105974636002867,-0.122673962752478,-0.130828368562159,0.00897642850258602,-0.218038965367278,-0.0795777894911911,-0.214450880371751,-0.305139834666849,-0.270443174861204,-0.0799340047450571,-0.307622826289149,-0.0380628905130493,-0.129901909785498,-0.164336459580515,-0.122292941656712,-0.0518162876728019,-0.270016873010856,-0.332161212481683,-0.335566821227563,-0.178490971009021,-0.31206236333512,0.0568779650428544,-0.109209475642378,0.120222160656838,0.0256768694713912,-0.188643920945317,-0.175953465135316,-0.241420108253371,-0.0922987375306114,-0.0706729677262455,-0.223868884946473,-0.0916658782388685,-0.0973587907168973,-0.0815363571600303,-0.236296664623895,-0.117211574456038,-0.185329660931612,-0.0360100891729513,-0.19981499206857,-0.312026544502468,-0.290832853032424,-0.003480255451109,-0.0910185068131146,0.0116956008128513,-0.185688290225484,0.187223372480432,0.136909672297915,0.491440429211135,0.8061177568417,0.759295964758953,0.112226004023894,0.331106074676404,0.441678773379226,0.670864880247119,0.656150744676454,0.438971233393528,0.614138518070572,0.131903530543584,0.0841647923514119,0.100471078399953,-0.0355554837360751,-0.140532464093943,-0.115762938776501,0.0247899615938269,-0.0705864979700562,-0.0246408001448702,-0.115942989858269,0.112909567316206,-0.313780727192264,-0.313850110704666,-0.290445580950476,0.0363764480949339,-0.245461306952124,-0.0113158500843124,-0.15085339115394,0.108204827766037,0.141677442179618,0.116279599445437,0.0734745163812185,-0.191237412455127,0.119980921934911,0.0850484445085043,0.0329882072704609,-0.0583412614932732,-0.0113179097666964,-0.0295801672528132,-0.0258996022111153,-0.00696213010974279,0.0485231178790479,0.141674653269569,-0.0947450797188576,-0.0934809351326877,-0.0674892352500487,-0.0482460146438848,0.0498826352428805,-0.0118467647874741,-0.121871469391653,0.0750989740779226,0.0365942549539529,-0.0504973943267317,0.120366407414195,-0.104072125637087,0.0826903043856519,0.00722880909794947,-0.026535469195721,0.010767993883246,0.0685641943732157,0.254199553255783,0.0176114846744575,-0.125380535883021,0.0977665471630908,-0.11663371355591,0.0286268516120373,-0.007585506234672,0.0441637211090223,0.0881376939598515,0.0858873316946899,-0.0594502372115605,-0.0206803365968858,-0.107103034241864,-0.0330556588234332,0.0838215913184116,0.031165228375317,0.0183852561791696,0.00652286875207511,-0.0576963486019617,0.00956169516282538,-0.0358446455036553,-0.031884788153559
0.838902679570035,1,0.265975538641479,0.544755011071971,0.127735045014221,0.604865572579415,0.0578366767138912,0.570430840754518,0.498021284975738,0.616706889978505,0.439464848610372,0.589877193145317,0.710076587096794,-0.26413290779479,-0.0466545567987616,-0.295824341357505,-0.34308289833305,-0.336883141082273,-0.21688208614551,-0.130828474088424,-0.401128350005742,-0.258947128855001,-0.425488429822848,-0.247989856916592,-0.0177346568356208,0.0686707461833745,-0.177727378148259,-0.0129608902578213,-0.142167680845884,-0.306005947510756,0.107371452505029,-0.211631466251798,-0.233070687162267,-0.163188755293917,-0.383912167897479,-0.246400601197981,-0.25275400304745,-0.344464848197003,-0.31678906185674,-0.226746686640404,-0.135975403264384,-0.226723706980745,-0.286457121662039,-0.180682624539275,-0.293495613207671,-0.284881999589694,-0.128956339237812,-0.232859599570703,-0.0538933985098776,-0.209118590327322,-0.0985783282788226,-0.0395087157869765,-0.131447015846362,-0.0609203540109638,-0.350847358388494,-0.236163306583032,-0.111724833445108,-0.123721980201475,-0.204192146102908,0.0661640853631189,0.153260472008007,-0.209292019590931,-0.112606886403716,-0.263576045837805,-0.197967307661863,-0.0413785259391342,-0.15318807433536,0.131793830983242,-0.032743443573299,0.132873242370043,-0.049921945190615,0.0542778060663438,-0.0541338359014772,0.131259727218405,-0.0185223007377402,-0.176199535542285,-0.203294422225072,-0.117346014208421,-0.0271991117648982,0.102543396119108,-0.135338221599821,0.0167971455126639,0.0978601175394796,0.349575239712594,0.859091423200365,0.68836151692111,0.203305075776995,0.596973836740227,0.231578198493666,0.608442739899824,0.476156070564624,0.537578842927316,0.358933565221721,0.179666554090084,-0.118120781542521,-0.099676079347912,-0.302346758225676,-0.298574917169373,-0.324984492303079,-0.223557303688179,-0.231694624880142,-0.235656413604391,-0.199271397842108,-0.0576144447421842,-0.469695882639581,-0.305256726837675,-0.343019745146839,-0.11552353847138,-0.288515088797994,0.0499800127299177,-0.174176074188984,0.137504721012311,0.0327747238366229,-0.126298621465231,0.0938600514750574,-0.165402482779816,0.13854691675745,0.121012806835361,0.0526159923444662,-0.0579709614478514,-0.0353939702728587,-0.181423239366191,-0.14920727401295,-0.148366641354406,0.0892357125599425,-0.134116421622985,-0.20318484355441,-0.0696078747024013,-0.282921814650374,-0.159026544791445,-0.166050555534094,-0.0740188454357535,-0.129945564337542,0.0675936796716971,0.00635367577358104,0.14646533287861,0.231166509956843,0.180368814747859,0.121521742108061,0.0420391659990218,0.177256067205169,-0.0235954232328599,0.175301872605962,0.0617942949083118,0.02749188355309,-0.196069189296689,0.261686731428001,0.0947545125437187,-0.0617362391217167,-0.00154440990473936,0.130718604871429,0.19071750155858,0.207221207020598,-0.174371067701145,-0.0266500473860575,-0.153260410217938,0.233685472267109,0.204613169967006,0.0548701053245664,0.134602782912419,0.036771225511075,-0.0492487165548876,-0.10424381639837,-0.0541026335195678,-0.128001275325158
0.152492355917237,0.265975538641479,1,-0.35557588773446,-0.28507681866479,-0.410867295005897,0.730793913022723,0.314826009380188,-0.420774230801931,0.71582168502699,-0.304199954632206,-0.248987684020632,0.695889113128004,-0.224991665234878,-0.0733428711711374,-0.163875413799262,-0.308304509121244,-0.341292694538695,-0.12791682108994,0.0141345805986111,-0.166809011573852,-0.251693383985582,-0.174260159348311,0.0936350881339118,0.159470457979754,0.563058768417757,0.330848418434688,0.449770113029245,0.429452026756299,0.169549271929334,0.681338469343356,-0.273454980332482,0.166672829626646,0.479286581070176,-0.474568505418166,0.0237284901956456,-0.0971998148565122,0.00148601030793207,-0.0486045945253337,-0.000858152718346101,0.128478638113004,-0.0390113509359478,-0.185880613628956,-0.303838151109639,-0.123427116199947,-0.224417325708524,0.0107472060325454,0.0943417310898999,-0.360475936638878,-0.238205423844517,0.285224564628783,0.0139220146395945,-0.142186236061551,0.0243255968114362,-0.262397862354243,-0.0136148197103188,0.00332222113630204,-0.52607250947322,-0.291580533376501,0.0376811609218914,0.244924959813361,0.126609841897844,0.0102814269434445,0.0175819980004308,-0.0460259627807004,-0.230473744000613,-0.166088505587782,0.319089861041942,0.0178506236401535,0.134872697102741,0.124328878007203,0.0844684049662107,-0.11937207847427,0.102879758888556,-0.0594052070200004,-0.266780045905758,-0.26353854455971,-0.397589887888989,-0.217481144556308,-0.207210003855854,-0.213467581224825,0.0582206975740086,0.740761191225349,0.404298733712041,0.170892542614223,-0.2507879682122,0.919194339545928,-0.201137406261023,-0.394829864711168,-0.388775311064959,-0.296720997806827,0.849072957389985,-0.400271444030115,0.691199783798727,-0.329904172869298,-0.407163061232051,-0.108031035488479,-0.335230507055354,-0.345831936480256,-0.255558521473976,-0.158178078790111,-0.0449235856349014,-0.0102361724957938,-0.143483367286652,-0.322139381034857,-0.295821381834154,-0.286087055385783,-0.248713796649277,-0.190241194486193,0.175784170535114,0.0540654516432979,0.650267733810575,0.282629680157736,-0.0330922449818236,0.525281600139084,0.18664402126889,0.561988737499665,0.508485254475687,0.487285119211656,-0.208246251105585,0.213802173752319,-0.325703982237426,-0.0948084217007559,0.127522347676197,0.206257318461386,0.171956403842255,-0.103494041629451,0.252974216374101,-0.144653463344794,-0.0960579488370939,-0.290384735224275,-0.0929373215011812,0.28257601105473,-0.0438006704065248,-0.0579704043306908,0.170266699973209,-0.0503118847757798,-0.154845207167315,0.174964305417108,0.17745242632659,-0.16747897448588,-0.423857949732238,-0.223945983737054,-0.175206332511191,-0.0195331227028375,0.308862877564466,0.04418888160191,0.0292370455745086,-0.0737460986242818,-0.231077826056687,-0.423136783840491,0.19505963004221,0.0106341839598774,-0.0920385473874796,-0.206496443113578,-0.154977992267461,0.187053712314757,-0.105791024089465,0.0886589269846285,-0.042973886051414,-0.411847720334076,-0.522737083446665,-0.288139286255744,-0.388263133203462,-0.363049435614974
0.728459644717054,0.544755011071971,-0.35557588773446,1,0.349574829959407,0.589541144206171,-0.29868291087589,-0.0909028295276621,0.881597768694584,0.0301417049843368,0.763705396640849,0.881827080186062,0.195770692729656,0.207065806977886,0.336595260328745,0.0234445440715959,0.109464993547913,0.119005434801096,-0.00505414453293793,0.18521701763235,-0.0641203671383251,0.0120473767898352,-0.122594596898935,-0.266995301279496,-0.0208325096814795,-0.0527935017976536,-0.164428705154976,0.0285875182862769,-0.167435537363023,-0.283746076844102,-0.168910987451525,-0.0159205768407096,-0.214689892896111,-0.205573113004221,0.0667671037053926,0.0206011824901561,0.101128798546662,0.0708237482484908,0.0310794678989236,0.173134651870546,-0.0702699995390203,0.0146908952850349,0.0576461063970233,-0.086867604064044,0.000862747817848514,0.190085313637232,-0.269915301758494,0.0278595342661563,-0.0220599950274202,0.0566361884033104,-0.0284649382045448,0.121163322522448,-0.164535938661772,-0.407919618013491,0.00459226045952323,0.0465992498915104,-0.274031874254668,0.22646326755229,0.0515855188676846,0.275111152553163,-0.278975577436787,-0.267891842242503,-0.237029340024818,-0.109247925216145,-0.234962450424042,-0.0832335765610707,-0.307490494387464,-0.31127938801444,-0.165948259465332,-0.2300183847613,-0.31999506201285,-0.249966787640143,-0.18633965839812,-0.151676665145596,-0.228450554947732,-0.121351181301104,-0.217233724959204,0.207222032231559,-0.120472441162101,-0.0818705804026466,-0.259223317146293,0.170913113708602,-0.159657613168584,0.17829204162872,0.5154789046413,0.863784550952402,-0.413630469369601,0.28719398212356,0.71532589854674,0.873660694941642,0.83459315154757,-0.083712772218821,0.826392194549717,-0.198350164661779,0.393383679289575,0.407437886050435,0.100331402203707,0.133607494170774,0.159373587855616,0.199513145521665,0.0499306544340414,0.160645189360923,-0.0914125758734534,0.252417038489725,0.0380162436073025,-0.0888459254403912,-0.104846653957426,0.230398889274854,-0.0258978463122912,0.0491277425647868,-0.0344733661548707,-0.200855779449753,-0.0757637974988524,0.186352469595492,-0.162848086300866,-0.293747247690189,-0.11274114312345,-0.115491304248373,-0.123629100631624,0.122992512518208,-0.000135060047543172,0.145448208709703,0.138616369783779,0.021201390074404,0.0146735343716014,0.113538858454836,0.183777206499136,-0.0358370444288972,0.167603589644515,0.196978066494609,0.224225796701697,0.080065109159117,-0.18667540292473,0.168638752864253,0.146957308140766,-0.0922479473993521,0.174754619485872,-0.056069440056387,-0.00408503831563711,0.0713792573801178,0.013210493289517,0.286440613414409,0.102393401489799,0.345210033647597,0.0343879229659451,-0.153468820903211,0.0328238495281138,-0.256056817239558,-0.0496520289945769,0.0532622566424819,0.0782081015069169,-0.248711879630398,-0.192331037139016,-0.0625197666828733,-0.0986081871488287,-0.0417075698996973,-0.245888684169079,-0.0129701143557853,-0.107748080793891,-0.22411519249676,0.0678911491279499,0.141438733520348,0.19969220553901,0.0104927287162515,0.0609022967851298
0.136988150543241,0.127735045014221,-0.28507681866479,0.349574829959407,1,0.415140754394533,-0.412462450012978,0.0247220177287564,0.443463187329646,-0.227516908908675,0.370006977744724,0.227927937036731,-0.088252536261445,0.0993603376606476,0.022739305425424,0.0672086811572043,-0.0109239620161943,-0.110687512089561,0.0820337943657867,-0.124083924205011,-0.118297374373892,0.00924330506919481,-0.175994549883147,-0.115507262002568,-0.24033900419259,-0.0734853093307159,-0.397535998027819,-0.0178915497865039,-0.260008934800742,-0.0453652481447946,-0.357353908753648,0.0596161967981847,-0.224250196971854,-0.065263351720216,0.451072626799638,-0.0238951948798949,-0.22824058168049,-0.220857603566427,-0.139717098558044,-0.134898191916831,-0.00562392824603413,-0.128556538412494,-0.181795640606605,0.0727638904478885,0.144770580804232,-0.0769233911449126,-0.100992337771978,-0.0474897545592989,-0.0567307388036602,-0.0177054628793971,-0.130896280546598,0.123993344470408,0.0996721816458117,0.0429384569256837,0.0903530773972122,0.0773827034451997,-0.0179350031320101,0.209615171886953,0.105566390716013,0.0410968875164664,-0.180131503392696,0.00985003800549555,-0.129234791548751,-0.340185620779141,-0.197969471564081,-0.280894869513305,0.134371989797999,-0.110325907089903,0.244252971518586,0.00275236884046673,-0.106805523960066,0.061930092582904,0.219370991307908,0.0788220012353762,0.188544643122937,0.0828988891038945,0.281848347103283,0.564568668011837,0.131627463138844,-0.00389830466119408,-0.0510151760446086,0.477441130892101,-0.245330813904059,0.154138749720844,0.0378190128856497,0.24029475038897,-0.393828271128893,0.236763919283922,0.49262722828662,0.343615035318247,0.414254375180801,-0.261889468719789,0.27465382954846,-0.334608786069227,0.205361356571746,0.207912550696816,0.143187783618684,0.166484408857521,-0.0745732195262411,0.15302714609465,0.0692890542292082,-0.117483347780977,-0.0507021853274073,-0.153869269219268,-0.12797590299572,0.0281001886328145,-0.0248505265834595,-0.162780945004126,-0.189665288707447,-0.212629238736232,-0.232574592873976,-0.294264570513562,-0.195767995925977,-0.233482604174945,-0.421213113890289,-0.152193660632089,-0.421367980208643,-0.266519848116004,-0.297427589843795,0.0918570893172267,-0.310344868808584,-0.149434378053938,-0.327486931526212,-0.289794366870648,-0.365507403983881,-0.131188641804798,0.0391979933261458,-0.0991652284581316,-0.212397829081297,-0.135042445498417,-0.140636596060295,-0.254363175748005,-0.363045491663799,-0.176736595882821,-0.0580689862142418,0.00768595956298636,0.135755312214779,0.149905822803434,-0.122406792071648,-0.0709553149596804,-0.0188883527076822,-0.0239510881348595,-0.0180049250263152,0.0359389697834063,-0.0442960960336197,-0.107174035241267,0.0132581763504175,0.111421995719781,0.278108910997571,-0.191807882408084,0.0526650025018469,-0.0244851753195081,0.0955976027928081,0.127471964294981,0.048657878614598,-0.108120900329332,-0.0392951512346951,0.233899526867454,0.248388602602901,0.14786025939771,0.0906480617821945,0.461112452733698,0.516541860918361,0.151998775604324,0.000306784452644534
0.481701548065067,0.604865572579415,-0.410867295005897,0.589541144206171,0.415140754394533,1,-0.527405657468915,0.476978406197618,0.682613402188258,-0.00915562094583276,0.481286767934479,0.582658868185188,0.149428828045672,-0.170821409086958,-0.0875244780299997,-0.223255091954381,-0.192948278769501,-0.155253257813484,-0.214575843158432,-0.214358459419517,-0.185816335009917,-0.0377574484678301,-0.246398886568105,-0.0873895533427472,-0.212855311350617,-0.361337050419657,-0.456621415866136,-0.347584508094134,-0.489261186157509,-0.278142690407003,-0.427090024575522,0.0713613912490646,-0.287459587504684,-0.43938565303965,0.0605262714710036,-0.302024901551902,-0.193520661057395,-0.378798874263331,-0.304544596553124,-0.363048348425157,-0.184869637810123,-0.29252220836821,-0.0512407644017184,0.192515167299207,-0.0229872530313494,-0.090209307416256,0.142052081520987,-0.258135685134441,0.188739087273142,-0.158322107437775,-0.363243212972165,0.0642449582744717,0.122454043743907,0.100389722941733,-0.083676618690857,-0.191314003695822,0.0566383912982111,0.153491455422748,-0.0850141623112746,-0.0206188964149642,0.13312477958087,-0.122957105553345,-0.0575992964620036,-0.156145260617162,-0.124207267078011,0.197837201868886,0.111909107480396,0.0813545067755348,0.188173425066157,0.216917223984286,0.112652756547262,0.210410762352528,0.255894825661751,0.22901788989848,0.267471357704958,0.0754274149604699,0.231991938907873,0.224482338398125,0.238226073861481,0.358511114856092,0.0724008723769801,0.0461023336143074,-0.49924666148607,-0.0413732284466073,0.591923240885123,0.682173358286306,-0.496118006210253,0.83729045002124,0.449789407800495,0.78851153445463,0.571032831447683,-0.177726644898699,0.470422637564718,-0.454581609786855,0.130901708397565,0.179407880601637,-0.284771613492175,0.0137718834017972,-0.200561623742307,-0.181036980794761,-0.258372404231447,-0.227371950183734,-0.267558339701917,-0.16976427574862,-0.195071469293785,0.0694672666876044,-0.0664735892977707,-0.0514857859384162,-0.193173381291645,-0.129674727375611,-0.276584788766771,-0.478293556352363,-0.290751577325321,-0.349239412966821,-0.455742287415837,-0.268246981649871,-0.462037859334716,-0.396361252177094,-0.458023191461796,-0.0949988801748289,-0.3391347819734,0.0109148696392352,-0.154777798265737,-0.34150583837992,-0.245814065320678,-0.412057110063283,-0.129891550786116,-0.297288517615301,-0.30949661287622,-0.145791604211774,0.0061348402108985,-0.123736987467168,-0.4189306628461,-0.137182861725326,-0.202355250288875,0.0699051524295882,0.125534232487654,0.237839352176783,-0.199837409547674,-0.247873183973087,0.167436373865766,0.0557282049412192,0.171488795908114,-0.0328843830457802,-0.0729844504011761,-0.413692729771208,0.234548502822585,0.137458729769712,-0.0447211134824242,0.0286982814170542,0.303076751053993,0.168115514065508,0.315732889303119,-0.0448200374985172,0.0793594724355038,-0.00748200332317374,0.203316635798658,0.415205950778878,0.231353593048246,0.343960556210184,0.292567177369743,0.370517211645958,0.127912717733258,0.210654187429141,-0.0354657240243286
0.0536214160424046,0.0578366767138912,0.730793913022723,-0.29868291087589,-0.412462450012978,-0.527405657468915,1,0.0833672267236539,-0.447856572754757,0.485352378741186,-0.280646408943988,-0.240902980821427,0.426955635723404,0.153097128712842,0.277806070958744,0.116854144810788,-0.0195035909026287,0.0295778267179335,0.0182128925881544,0.057280175035469,0.0553537783797036,0.0862234154332534,0.0877984384078956,0.107741831213307,0.330108132035186,0.400670992507232,0.523023490240603,0.302643954024875,0.420687502675635,0.322749239723694,0.636309623719023,-0.0404262040564628,0.220368055737117,0.323466644056118,-0.372964120530404,-0.0501909321711112,0.17006454607372,0.25826594338694,0.129553848112181,0.345608185941835,-0.166987323626574,0.203599336481233,-0.185923582856163,-0.189057010012041,-0.26965410896757,0.0862454898847669,-0.171457006080925,0.392328108006166,-0.395125310392829,-0.226787184668093,0.15085636526342,0.0419235424812847,-0.223618086050692,-0.0320173054677069,-0.196367497857208,-0.0907288918337457,-0.276203639304346,-0.318801013716683,-0.132912894722225,-0.0271899102873329,0.160573275989595,0.212390035092594,-0.104043215749523,0.152899593649394,0.216065071951581,-0.232674593485242,-0.0843134485093311,0.034870580797975,0.0602641237857378,-0.0848438455209562,-0.159849280913108,-0.0416929474945993,-0.0936133110016469,-0.147339071725734,-0.251922574126564,-0.268771700978794,-0.120153978192062,-0.28213105032462,-0.116470424036604,-0.237035517933192,-0.0544063802438993,0.0316487450309966,0.621971998195887,0.301589125675125,-0.0142771580928127,-0.309804024101866,0.72300125131014,-0.376984061395166,-0.466074434637879,-0.509704648379776,-0.37640382184829,0.609872806783361,-0.341280542467111,0.441833370082143,-0.0460243092143046,-0.0520147391862089,0.141764419521457,-0.0514122290478045,-0.0537785762955322,0.0161156459359848,0.0367482855250654,0.0890311550356343,0.256400571112365,0.0344367307866864,0.021045871541141,0.0251538501910042,-0.0292660551468627,0.155412160397584,0.0325345996889978,0.391232627192985,0.308469021479294,0.360229993238231,0.334655893852913,0.295267558102638,0.458546556610324,0.392316680829531,0.45487059040843,0.32337534078942,0.344764564722327,-0.287663368851798,0.0700421583773123,-0.0316952004936561,0.190791520609981,0.36595184620576,0.0731020241301637,0.347597679777821,0.136865364493552,-0.000609831843949665,0.0838737881161454,-0.11772059914717,-0.07064039014311,-0.0680036632375811,0.321339154772143,-0.189659965163455,-0.219419038558249,-0.179622967815544,-0.282712840555113,-0.351397677572676,-0.0701830984864975,-0.0961897630370441,-0.373756711853705,-0.422155326399089,-0.413718456842235,-0.142313860635698,-0.0822228911043014,0.280381852629271,-0.183211021026026,-0.328134415007353,-0.133185629999179,-0.225483417818319,-0.493542702142094,0.0949557439880966,-0.0893625792317344,0.108347429888006,-0.241720259373055,0.00844578830292633,-0.127041095062571,-0.118880516018425,-0.013139175335349,-0.0779784613433563,-0.338210141788102,-0.424132068299382,-0.221773118344763,-0.207183695562777,-0.17221552907991
0.272483999445411,0.570430840754518,0.314826009380188,-0.0909028295276621,0.0247220177287564,0.476978406197618,0.0833672267236539,1,-0.0441413820413667,0.576920292845461,-0.061892142785676,0.0212921879889725,0.540589154827092,-0.439355555247189,-0.346320720961934,-0.324243218969814,-0.424473356111696,-0.456380072207498,-0.22044393521603,-0.28242567212715,-0.361379422014313,-0.129715789153305,-0.434310301053775,0.0249832383333692,-0.204986490528453,-0.0838043426719492,-0.118699236755389,-0.207388294921413,-0.254867189546159,-0.142383918158743,0.0442151434106268,-0.305254883284471,-0.279496805699957,-0.188538339049052,-0.362711370622064,-0.22828773658523,-0.4495127091846,-0.573285372670511,-0.562369604621773,-0.566772015665109,-0.128473987689931,-0.374482442191811,-0.273999889355685,-0.0203113963318787,-0.228020851324943,-0.533532597488778,0.213905853295664,-0.230693328013967,0.0660670232583378,-0.279207265618512,-0.197009215812301,-0.18515525233053,0.200806412760432,0.346597761655204,-0.280567130866089,-0.23708358744616,0.245122241315099,-0.291508107337645,-0.213151076424839,-0.146540310581666,0.496552095939577,0.0537048834956862,0.209157913625997,-0.152522516998878,-0.145911517586597,0.213138666326032,0.191415178097994,0.447271084546113,0.225719238842049,0.50536721461511,0.345935819062471,0.37940395811417,0.280616042045264,0.374111278157094,0.393138405492964,0.0796355887476551,0.138615322444151,-0.234205489723352,0.178307673653947,0.364066988679987,0.129757806031774,-0.217453842406248,-0.0375829363751357,-0.0303059062532438,0.520937689625107,0.168823894819418,0.281590596076744,0.638064933254544,-0.168294532152598,0.129441199915236,-0.00556489519710225,0.440039555927638,-0.221622755865936,0.0302873527916567,-0.319652520470908,-0.329880553733363,-0.380156149524424,-0.379213050018762,-0.500787511512464,-0.436211727901653,-0.342159251453779,-0.528548998848117,-0.306603878963631,-0.315306783695153,-0.505865130690563,-0.0622368220019208,-0.336372380045006,-0.295234193469956,-0.454167694269656,-0.157911794146635,-0.337890806456629,0.0166352944834104,-0.143881276472691,-0.512433401505223,-0.0872531856345257,-0.0992835891609285,-0.0858921963708121,-0.0744500592363302,-0.146360878307129,-0.358050425950706,-0.194590878854838,-0.247778692907523,-0.289144581933746,-0.415333701186758,-0.0680151824495195,-0.453778039429444,-0.370385142476507,-0.217891554090279,-0.538787829914797,-0.3939717211049,-0.473955273833284,-0.190453163952567,-0.298952345986176,-0.201901470015056,-0.283211444437561,0.257542238196281,0.0547657166462345,0.212045194341583,-0.0207966512514587,-0.150858045837114,0.133999657080281,-0.29237494284834,0.0891439780085952,-0.363183810191608,-0.0568035677100104,-0.289407765690358,0.25277394218553,0.418903737998942,-0.186047892836058,-0.0851909277243027,0.0844492669910881,0.473506390676324,0.512826067681575,-0.0883857600215574,0.141515433271719,-0.0713383268975198,0.498381487128271,0.322942289336297,0.268836657486362,0.445583453370215,-0.0653750453719295,-0.0713261400644151,-0.305638581397077,0.00310856291253212,-0.313361963950981
0.673826979715351,0.498021284975738,-0.420774230801931,0.881597768694584,0.443463187329646,0.682613402188258,-0.447856572754757,-0.0441413820413667,1,-0.0984705008607651,0.846350186706526,0.879072077656648,0.132994444300166,0.00177456008583118,0.19802835251837,-0.119076818332989,-0.0514091624525459,-0.0178348373398191,-0.0325236228078936,0.012552886757344,-0.173525529489891,-0.0486508897255752,-0.179238975729518,-0.192064152442084,-0.0606899982418528,-0.115470580718192,-0.25511499067311,-0.0297500846492371,-0.240318308309718,-0.235839701677792,-0.249822159486035,0.179749616781531,-0.204092931967415,-0.142985341492253,0.164023035532363,-0.0954821259263455,-0.0177883323807855,-0.0506008141654948,0.0219370139281135,0.0113214167576966,-0.0287455306067735,-0.140011666586105,0.0700996048872222,0.0616917910181351,0.0944981690799899,0.206136387410264,-0.203612925288789,-0.171388436278532,0.0404103065786582,0.0153316510920545,-0.0957620173217246,0.179990688813404,-0.190939123658919,-0.361419437386511,-0.0521788114493874,-0.0512286253718695,-0.223707206901097,0.336483409435805,0.0812599946863214,0.229156859973141,-0.26046109998494,-0.312165761426301,-0.30480512888525,-0.222740392771861,-0.0935697811599891,-0.0290768372450814,-0.232466224776592,-0.242414213352372,-0.1237629293776,-0.204122134238653,-0.207313446727091,-0.129535940204772,-0.120625630933978,0.0166648993144315,-0.164408749393609,-0.140743665081099,-0.109124391102758,0.353764906784084,-0.0642592742458942,-0.00291515967059601,-0.170434303958535,0.298188835219133,-0.232987325810036,0.287500244203407,0.533533456343677,0.820601227358133,-0.502408322325202,0.392872282727097,0.780880732636973,0.917033087659323,0.90420742539309,-0.158588556538994,0.88655475393377,-0.218001068156584,0.318406765951223,0.326464596231396,-0.0178455138846452,0.104952668269725,0.00972755668613075,0.0774460879153075,-0.0228917789256163,0.0231603774191041,-0.149237825923146,0.100482080431574,-0.0705742062129907,-0.0646562214987488,-0.0738397296479838,0.14637442036552,0.0112356636506511,0.0199097454468543,-0.120187879283129,-0.246978589039146,-0.024082332918203,0.00784024686005343,-0.224179501097546,-0.321020498730937,-0.176842287628186,-0.112109060896361,-0.15278522155844,0.197391849936413,-0.0700908236867761,0.156235348033286,-0.0499129362342308,-0.105640883788463,-0.0452907508326809,-0.063734681266244,0.0665056517034646,-0.054447342323511,0.0221932083525002,0.16250060658787,0.287143873145177,0.0600895117072928,-0.21938025010064,0.125712251155322,0.123367968451445,0.00239044723422519,0.129865844038047,-0.00488806846222178,-0.0501625857339558,0.00870689490031893,0.0747397807559244,0.2889207179931,0.134976665165438,0.407771683489285,0.048685674553011,-0.165721967216022,0.139060939305671,-0.229545974471989,0.132928151760555,0.0844742760956013,0.182296149514197,-0.176216818122031,-0.127420632296725,-0.063576503501322,-0.111024465822704,-0.090397364527959,-0.148338791742729,0.0963898534602907,0.054370357051186,-0.103849465659901,0.303013642357867,0.295146193475859,0.367634139663812,0.0651354467093394,0.194362940210924
0.489870521587056,0.616706889978505,0.71582168502699,0.0301417049843368,-0.227516908908675,-0.00915562094583276,0.485352378741186,0.576920292845461,-0.0984705008607651,1,0.0603687953409351,0.161786775336763,0.841909240838841,-0.327864647063843,-0.112759068878758,-0.290521411077126,-0.320590902213743,-0.390770655117227,0.0155756973894434,0.110435810916226,-0.449729606400936,-0.167881640134888,-0.496048664254311,-0.247825344634292,-0.0665518752225805,0.340268206817941,0.270659782333888,0.136867533861378,0.130686187493234,-0.201488328284722,0.417917156365491,-0.507941289761753,-0.319305224126921,0.194535227611226,-0.585017849661047,-0.0917028345357205,-0.365198508614023,-0.333000833188658,-0.442475140532646,-0.201063172999301,-0.081722140122849,-0.227431672616134,-0.386357862237675,-0.393444535109106,-0.393177780068142,-0.436794907708093,-0.107680581377857,-0.0363480401992412,-0.191574261305007,-0.180791593199354,0.104192296640402,-0.237326665806506,-0.108134970050232,-0.00311508084283065,-0.359205376422667,-0.0813477394580587,-0.0489886194275068,-0.446412518061309,-0.284968638911116,0.0850910893833656,0.242549504507767,-0.0195371773438002,0.10167643559721,-0.0877911527860992,-0.195183116810044,-0.0693822113938836,-0.159164034964683,0.208034131737115,-0.0701073240891865,0.112357393097771,0.0575407676338454,0.0211379564858783,-0.148066482093007,0.0651087646192418,-0.0506795031468919,-0.193362198152736,-0.349914481494603,-0.465338398687657,-0.158733702555807,-0.0299351890945861,-0.146590134918583,-0.246737390232604,0.518387059485202,0.241345648905958,0.486693149068118,0.15917939908572,0.705493312609187,0.123204989674359,-0.1380582493944,0.0239869252641373,0.0188457645576318,0.861332079888636,-0.0668759456412582,0.512773588672505,-0.373156730652431,-0.368983304102047,-0.142988589668147,-0.539853953768023,-0.321603786158398,-0.237958959473283,-0.0235325947461041,-0.338004635227084,-0.169042336581225,0.0885980602739286,-0.507324256639164,-0.339478515861003,-0.554547539863372,-0.259201424849333,-0.378274830717012,-0.0577106251150647,-0.170694734837819,0.526540665063001,0.330886814814751,-0.0465906777689424,0.340078911375674,-0.130753462566901,0.453265681309676,0.29859583131536,0.387861021858993,-0.136786765114301,0.244365942263866,-0.103831630381496,-0.12060497929494,-0.166213777851737,0.312401426541996,0.00927410848447472,-0.236850070083002,0.0899506759828923,-0.230173552066062,-0.167472821275487,-0.356573602122678,0.124538497962089,-0.0768958347943116,0.0997866567773303,0.092852472727793,0.152986354823635,0.175836232609048,0.0886775537845206,0.337207378393126,0.265303457490261,0.114726923072119,-0.16210065410578,0.129257369722181,-0.076552889388594,-0.0351273253371755,0.0103719490215295,0.144493374527732,0.229693833001945,-0.162552891557225,0.00445881136299237,-0.0830380799430316,0.252535518649733,0.171038775608634,-0.113054282375884,0.0783737508289569,-0.0693638241062937,0.320078304395045,-0.0692296459792799,-0.0525601671629086,0.0355850581385621,-0.209733842025616,-0.343236487908683,-0.417996360873222,-0.234927503694436,-0.206078901664447
0.697277420947117,0.439464848610372,-0.304199954632206,0.763705396640849,0.370006977744724,0.481286767934479,-0.280646408943988,-0.061892142785676,0.846350186706526,0.0603687953409351,1,0.846492012172326,0.221043108768041,-0.0143678670897332,0.182831658009955,-0.152230952950524,-0.0250504251236097,-0.0131482176824396,0.0739875515606554,0.140697090424069,-0.284964264518443,-0.125051458935209,-0.242620882898491,-0.330608093760262,-0.124816333100452,-0.0678945613912189,-0.0743688166019297,-0.0468357417479581,-0.309115012991891,-0.295016979079286,-0.266493098722567,0.262976312786372,-0.312521517200669,-0.0206282530504888,0.0864013216199824,-0.177427816097352,-0.0824306848469347,-0.0930662139891107,-0.0988990947966863,-0.0228916115259803,-0.184514871097367,-0.178750296076135,-0.104571789480414,-0.0836016873435002,-0.101512393214034,0.213064771504032,-0.232132928959442,-0.116161920062966,-0.120200125732454,0.0115514697291426,-0.217565033383687,0.0666567515959634,-0.291261027300206,-0.364422794704001,-0.179525061515862,-0.0267469101197969,-0.296919040644288,0.485476476987597,0.183248369966354,0.209586073647922,-0.219714955815665,-0.161110303144182,-0.218321238922208,-0.114323897006508,0.073800836652331,-0.0294429927597999,-0.0482407345919432,-0.279638439880901,-0.0104607476237272,-0.277162495525858,-0.226780844253648,-0.0836736230598693,-0.0677247179410709,-0.0334047615554336,-0.18719138065287,-0.246382170887036,-0.0672863987125684,0.42838088143127,0.133708746660114,0.125276106590043,0.0690045675642357,0.326492202244987,-0.074963849071111,0.404674688084391,0.500758193878209,0.707996164384693,-0.310275571318904,0.226300542768159,0.757154761795156,0.717274395538783,0.852930662798678,-0.00747997887346094,0.903656739622782,-0.147687718534073,0.151941506200133,0.292675462435368,0.0619582886820838,0.040106356900442,0.0225271738010439,0.147803181290549,0.0640861288273186,0.074532384755888,-0.16927998958493,0.203771636777031,-0.217680986289317,-0.189468097327366,-0.116264004310846,0.135509894784243,-0.0887633602272823,-0.0116334855827508,-0.140533810184548,-0.159917893140165,0.257901214887015,0.0500740637887335,-0.20783775109684,-0.389512587094914,-0.127498771877717,-0.11664691861544,-0.0838369216579037,0.137452327456004,-0.0869811135936957,0.272800158964512,0.0131618494815617,-0.0914516346132268,-0.0788087684243928,0.0636842658239725,0.0677543460814486,-0.160133395087235,-0.00411456499017095,-0.0220584570984132,0.350514229870161,0.13589997101326,-0.257937841352053,0.000461909585797108,0.0843510242166911,-0.168480383856654,-0.035881573295928,-0.160157006069638,-0.0662347402145152,-0.0577136687957674,-0.046622873601109,0.126524447561999,0.027680437845771,0.49401300632878,0.0585524021305189,-0.16543488820069,0.00700222145439897,-0.221495870513601,0.263557795354918,0.0746354079903867,0.0788908771011926,-0.0774793427837374,-0.0731871157626978,0.132810361585782,-0.0134353554212901,0.0994649609118286,-0.201316190064369,0.101928654548332,0.0508144258006246,-0.00119278049990993,0.353134025431145,0.341745914559719,0.408056088505805,0.294860213962218,0.383846283118542
0.811121360305834,0.589877193145317,-0.248987684020632,0.881827080186062,0.227927937036731,0.582658868185188,-0.240902980821427,0.0212921879889725,0.879072077656648,0.161786775336763,0.846492012172326,1,0.389376360811184,0.0248893068659281,0.208249355899284,-0.171358744378699,0.020039943682191,0.0573018201305855,-0.0106658949028676,0.166390924629135,-0.223714887587063,-0.0626251733616289,-0.184194448282073,-0.355039227316641,-0.0356693231333418,-0.0137532449393357,-0.0339590834276868,0.0134672186990754,-0.164597258908624,-0.294532859507569,-0.134747921938341,0.0422687977461946,-0.239332175149783,-0.112765679015145,-0.0284729367330326,-0.0283269359309009,0.0449803217306596,0.0369155508928184,-0.0158970026910143,0.078308456303644,-0.122470882217389,-0.0863571993685945,0.0181191385460172,-0.136217777721888,-0.112252655416861,0.176237843930871,-0.34364165310048,-0.0162604078444887,0.0100269519042721,0.06596446424362,-0.100661467129634,0.0656241096637849,-0.19007386089166,-0.394824264807394,-0.0624666745716121,0.0182917765831553,-0.267770377625855,0.270652330497646,0.0740683163623926,0.231776982935063,-0.196128129798989,-0.272580919180813,-0.187877257589558,-0.117917410148579,-0.0995868272937545,0.0239569314277727,-0.270311497434387,-0.270976209517171,-0.188924520127662,-0.232852680707696,-0.267967765540261,-0.212746399853759,-0.211816991596478,-0.120621574265471,-0.243896658891476,-0.151206444976419,-0.231111862182878,0.129271695677694,-0.0906719291437795,-0.00192134264044278,-0.196353876143931,0.184361808808728,-0.0738674462877221,0.301417957080359,0.661242821431569,0.872966907324578,-0.302968223463977,0.33502213762565,0.67831479109502,0.867387587193481,0.853700925349473,0.0699237351035838,0.864106588534025,-0.0877839033095048,0.219562076548877,0.282421444898648,0.0252835732968227,-0.0161942298800112,0.077041321641554,0.120044321529381,0.0249695859042832,0.0912361303496165,-0.203628585047017,0.231752477184627,-0.100864873366435,-0.144919855808187,-0.14939694068546,0.186468029606783,-0.0639921888244641,0.0206830399442449,-0.0754083690910879,-0.108857926854632,0.121462997067152,0.151864880110675,-0.125769116599207,-0.376728173817293,-0.0282134575114299,-0.083713460151971,-0.0671223002853649,0.0851826330038219,0.012311497206992,0.209296055149387,0.123770733365712,0.0011287709412676,0.0460981237116464,0.0886001647244367,0.0386243251617419,-0.0579474802710992,0.0967200183099068,0.12095864498494,0.274186881963829,0.0872767307004117,-0.177626373955143,0.131535122550081,0.150635012846794,-0.0935044753713451,0.115925800156093,-0.0475909132412533,0.0310389164682554,0.0546137398989614,0.0112593290326943,0.238797095358631,0.132837630950989,0.415926186964104,0.0365205521759822,-0.14540488749763,0.0513914448902571,-0.239192830794494,-0.00660182662876131,0.119368835627829,0.138062086688386,-0.146629114953824,-0.0871422779789684,-0.0513357942741266,-0.0671617710532619,-0.0520751757305611,-0.224242879572538,0.00491799511577214,-0.0434234446729934,-0.168013038627764,0.184014361261292,0.135285804220066,0.134225272445153,0.0368001878202774,0.120685574486763
