1,0.667830649063605,0.429873325402206,0.771992881861538,0.602329537722031,0.361692425680142,-0.0232005337135069,0.394448998582244,0.713769879191331,0.70174880769181,0.849417727963484,0.408659450967332,0.795510820656932,0.100782416480179,0.173571782943257,0.0828561292927837,0.147814824542565,0.062576987712755,-0.0620758533573481,-0.0682519096887551,0.306703263980276,-0.278223122165067,0.202686145274581,0.344487162574814,0.134883231667386,0.257073210056631,0.074500071878288,0.288476606228023,0.179771962370718,-0.0841210866758503,-0.0921761088076547,0.282673560133016,0.312164062310867,0.274518042730328,0.397192172351931,0.124761124011091,-0.00967988114280566,0.35192764799601,0.184744010362389,0.254451636257948,0.461859333784837,0.407132478757772,0.343104277294319,-0.547316857365824,0.368803083934819,0.533648149462737,0.0380136646055909,-0.00653547296418098,-0.548952039931069,-0.628950462563119,-0.0253553853685507,-0.41514188555278,-0.515619490240779,-0.584852764683267,-0.0922662987002266,-0.403834473328025,-0.261152970751872,0.248696747014998,-0.103057704729547,-0.0336817573078646,-0.339130355686657,-0.390590123103236,-0.514260075803357,-0.365999142096004,-0.451196672766618,-0.548464957002413,-0.741052091109847,-0.152162792568131,-0.314473575830295,0.028041098400326,-0.104905894233705,-0.439674918097873,-0.609007852785123,-0.0126039256999565,-0.320158714018256,-0.612301746862913,-0.700447083216257,0.137660474168138,-0.485339358181212,-0.415447421879908,-0.509624587316827,0.284865051644098,0.47538523286522,0.738678958186536,0.854871883967873,0.827713097586971,0.56045895678871,0.482800554595487,0.783245359719632,0.642604526599166,0.839370094610593,0.689409551963579,0.804753615238314,0.769712952271717,0.177845712793884,-0.0669029534803016,0.100359595232373,0.310590352134174,0.187303620661505,0.238806118602159,-0.15234975760913,0.231697818171897,0.208985167123527,0.316807404391285,0.266151888025399,-0.109067727039173,0.253083610886332,0.272884686846203,0.416759984840172,0.324161008231222,-0.147584344040978,0.311009407140304,0.386318184347049,0.320559522510533,0.250168476470945,0.137614613011527,0.194763563414347,0.405276327078265,0.757672357517929,0.491740637559644,0.459921657475133,0.285307286468918,0.0914357886539351,0.402400554872616,0.284735715335177,-0.0304536639008579,0.216435216089841,0.448956140292603,0.481310998090006,0.489642293708649,0.548890807788518,0.500045944801604,0.28451272513729,-0.0554522406476904,-0.294563325053613,-0.0149418544228154,-0.285649483034902,-0.155148982376667,0.21182840698824,0.160829220251679,0.285416567141646,-0.215532324813896,-0.171287707208689,0.49642286773226,-0.124526311617379,-0.279591194805108,-0.106984117768006,-0.163008736341638,0.244881238629391,-0.35770961447597,-0.525980886502169,-0.351190368436109,-0.609052440115496,-0.274168547919756,-0.49161524734829,-0.257314569938479,0.117019675560542,-0.165219810511194,0.0781215117417274,-0.25969053739889,-0.183709387014159,-0.135769795118658,0.327203521417713,-0.140055249232134,-0.0678986260859827
0.667830649063605,1,0.363674103778211,0.57807252897814,0.115269147388284,0.670542064248344,0.0300066759189577,0.789756219399705,0.63919919679472,0.372559145976935,0.634829755594106,0.79961263787073,0.758369668688898,-0.108490748625252,0.0225522768280215,0.045964297745914,0.0685014571713018,-0.0157805095415725,-0.136053526051336,0.0564999499386557,0.213315761148014,-0.123931219126026,0.195711374768714,0.344574368563142,0.333118257751463,-0.0633693490299119,0.0369202122456102,-0.0666209347152735,0.018251613359823,-0.0599342103848487,-0.110703897901082,0.0014569153677563,0.296361547027553,0.191995193715164,0.259042020250406,0.173147289361534,0.0694371384551531,0.2380297611268,0.307569696495555,0.147519867649582,0.0809037382618307,0.193288215629448,0.320668480183233,-0.27733271382446,0.179340482523311,0.110523519446044,0.19314402571513,-0.231019240124963,-0.295298682308098,-0.601349914020202,-0.228106767989453,-0.452568513421924,-0.493250045256991,-0.409396144813961,-0.285227779885535,-0.209100896387808,0.00556852578441159,0.132091772348988,-0.119333776991515,-0.363707517070545,-0.0149321458453641,-0.0761153483761111,-0.199665535336219,-0.140124123034965,-0.0992225151241326,-0.220772270766923,-0.493208267263602,-0.0624842075229978,-0.360014230789427,-0.133588598223615,-0.0464433686783221,-0.360672339063596,-0.254911082222834,-0.166748965359257,-0.370892753295794,-0.24935749227346,-0.554447987482722,-0.221631120837437,-0.238501807164822,-0.557224943503553,-0.335859519298926,-0.157569115441544,0.00424284420594793,0.212801971265455,0.860410915762719,0.532837184413279,0.242174110859038,0.797113789613863,0.326414209149012,0.560007331236702,0.529276123163719,0.802858869162921,0.604455358826687,0.293067058800506,-0.0986573538108686,-0.16990233876616,0.101823117373226,0.228218942540354,0.101068116571639,0.166998077113806,-0.199588474719805,0.0272044849753347,0.0294111888110664,0.109161341236523,0.175103879352536,-0.163711587869285,0.23087405743496,0.225490736289936,0.284335148041188,0.402958772501039,0.197357916213046,0.0169808054964656,0.269566446159792,0.113792782666346,-0.095687971820699,-0.0171425961504395,-0.0455634794463088,0.0844939986593829,0.571103213219051,0.177592473897025,0.142998664743631,0.27898042039036,0.187709577530173,0.322686625747949,0.0736113403245143,0.0293250777940766,0.116851476236626,0.155614487545149,0.296073815705165,0.198376514600281,0.174836172163128,0.299664127272845,0.191788251016009,-0.186779162749732,-0.422387482031515,-0.291448655154854,-0.377662676434308,-0.127076711821451,-0.0251571123814339,-0.12795323912082,0.196980725753977,-0.138357433884198,-0.11551732816198,0.173544467402372,-0.0867116802321478,-0.512596686085226,-0.0735651547019947,-0.0927705859312571,-0.171121855182942,-0.0974978346814849,-0.279585834644622,-0.0703552039842332,-0.382625410115237,-0.0335430323584934,-0.260030059343525,-0.0665569039508253,-0.0514107842503585,-0.190624311601212,-0.129349185644948,-0.0855086430418518,-0.267233790247003,-0.182851484536527,-0.0957517135586219,-0.308466223392637,-0.128001837041236
0.429873325402206,0.363674103778211,1,0.380349128153796,0.159586784716855,0.0252608089457077,0.499132901129063,0.192971459396289,0.14840889364494,0.618762079871027,0.276141136658988,0.154499403788901,0.386030926055682,0.215282243081851,0.29971315102237,0.205110449029217,0.415567681488994,0.395698781664511,0.21159944329652,0.00557811089455499,0.360069340209021,0.145637340107865,0.633259859601558,0.406870272645902,0.341069764605864,0.477767436975877,0.603052191986836,0.141883662272671,0.429292485860933,0.362217613956158,-0.0646201208853401,0.145442610713949,0.505051764237683,-0.0149962950155023,0.339873140600094,0.222384529331094,0.133758956631494,0.445104281675075,0.112555453117588,0.457960725335062,0.12595240749145,0.550555539012259,0.386251716652042,-0.421699117628354,0.189643902036308,0.262753011222798,0.264688426118156,0.0533717267371986,-0.528469892925068,-0.56125435143394,-0.315523414793637,-0.246162491853001,-0.536498319025207,-0.584410597216213,-0.253299145297642,-0.452286236728395,-0.460901281405497,-0.0178537105538072,-0.128150627408195,0.124409209821098,-0.102332564505757,-0.142166196654238,-0.393483589613348,-0.314269997173337,-0.297374439290824,-0.513550422854087,-0.353760800125766,-0.191342511427757,0.0268390158395226,-0.421066945218616,-0.380827769750805,-0.329957695355868,-0.317400620434379,-0.222590132310093,-0.555936926741029,-0.579760855464542,-0.633511645484121,-0.00307113325412387,-0.0506506297945174,-0.26338212679241,-0.377418485152397,0.178184115385647,0.397669435327476,0.360671194293964,0.521087826820127,0.505757956718933,0.603225684571174,0.17833759323869,0.366017586542349,0.21665526575451,0.282762987964914,0.365717467606281,0.363423280060125,0.390539194629136,0.29628809064051,0.0249430387338949,0.3632779119559,0.461897758475238,0.303950803157083,0.547131602225525,-0.0444908586083542,0.2243029408746,0.45598530791803,-0.30409983394548,0.350871959937869,0.219800973123874,0.66817538910385,0.493716159800547,0.506714307241684,0.477362141922533,0.0237939161247811,0.638531163976612,0.584521140416343,0.562016467451682,-0.0116323142221632,0.55310207319073,0.036244089722017,0.262196202274249,0.287666215878626,0.151348401102833,0.387918320973726,0.360819350280929,0.11731621891699,0.447275226004319,0.0180636924128807,0.279578440077215,0.345293490513344,0.0787202073503753,0.493836152163457,0.218818058350549,0.257108574714677,0.23004949162351,-0.178618952325596,-0.485333459267688,-0.478122687593099,-0.463723677661145,-0.135564823234118,-0.415982557848871,-0.000128084710172796,-0.171288569560355,-0.0495106972947655,-0.420572751934994,-0.59365827640682,0.164781643043202,-0.218301192495315,-0.246046390065163,-0.395384231475452,-0.593427379185872,0.157784580707224,-0.497434731674671,-0.522103675796044,-0.146143940324117,-0.315784796809859,-0.263375443809317,-0.609779429555185,-0.275287138647992,-0.413466556634008,-0.150476327533253,0.03439206074775,-0.151784906449545,-0.294244692894217,-0.287417328929315,0.204009245941788,0.0126639850062934,-0.0699389849979202
0.771992881861538,0.57807252897814,0.380349128153796,1,0.582985890765312,0.552545279728153,-0.023597646326948,0.161495179647297,0.828804810451757,0.487645228847095,0.741033857881904,0.428216397568011,0.576247454295831,0.11673041061987,0.180289447568275,0.0474506923662022,0.158697735994045,0.0291378189825794,0.0119524127849093,-0.105948972615718,0.221575320721902,-0.341090566096898,0.10918666865902,0.251440495677296,0.00629012918348103,0.369706982856622,0.20979567496866,0.467891020857577,0.236189397889435,-0.146944198565999,-0.076075721503141,0.0270238440107062,0.215504792789682,0.220126055799141,0.296578163988834,0.244123802878748,0.0312361392126053,0.385541519080464,0.240783889331082,0.335880341278959,0.465808821517208,0.379504046799293,0.356963980733327,-0.564070102931547,0.324695794012176,0.302343550063193,-0.0284448193138493,-0.0475653195373819,-0.513626830960135,-0.48682368867581,0.0995780118424801,-0.423653414481516,-0.310928244987334,-0.581309979969796,0.118744034859473,-0.237673478789162,-0.14242446830929,0.00542756950292322,-0.187765855538991,-0.0373269811797438,-0.331839145436877,-0.367336129046796,-0.435173499203122,-0.185378333883286,-0.393021342775622,-0.576968810352001,-0.682112663723978,-0.0945014192670525,-0.27482054529101,0.101119903965842,0.123323665467652,-0.462831121198932,-0.548819663006681,-0.0936255353050546,-0.106342136399155,-0.553935627442292,-0.539432311478134,0.0810792939108716,-0.425258400207904,-0.434460204214512,-0.549674546674408,0.107939011937295,0.407774069499592,0.534409939333038,0.841806514648694,0.90739411970893,0.608598174919615,0.665759356572149,0.768165040952651,0.855821126531519,0.878102009724555,0.672862463223816,0.793610860342791,0.665201929843079,0.22302175746719,0.00365582222261304,0.12046422339583,0.266395984970437,0.271174538736505,0.271634934718473,0.0422293682327487,0.0731873545438244,0.247154062602354,0.383941154500664,0.238549217587625,-0.0638893381671827,0.275803512480009,0.306126972872643,0.327765899092992,0.326399641116509,-0.0762131414226714,0.464696495135577,0.338681515962829,0.367541383202461,0.328284466890574,0.0892354627767474,0.19534242429225,0.395162466575569,0.716424610714406,0.295296811378556,0.532458212115011,0.316646349793148,0.134607751739316,0.459620138166839,0.432804131503371,-0.0540501020180572,0.161183214295475,0.391672783085819,0.51079892111452,0.450241303664268,0.290079920084422,0.504203781940459,0.0496184189718379,-0.000150822570665757,-0.26195781086431,-0.00418643938269875,-0.138629474544005,-0.264061064476353,0.344020323324616,0.238315373782628,0.120061987830789,-0.295113095484239,-0.133190573796819,0.222327156944026,-0.262066547035864,-0.223727485516911,-0.158640284485742,-0.0584297218642009,0.0949118037476985,-0.551531572055898,-0.605144364002934,-0.460960270063776,-0.665626895716294,-0.292071902785639,-0.527540147746623,-0.17673467215174,0.157016380191081,-0.283908627978747,-0.0348787691407067,-0.372254534593449,-0.332085336833899,-0.177283729816685,0.177309728637128,-0.242067184621778,-0.275895861698093
0.602329537722031,0.115269147388284,0.159586784716855,0.582985890765312,1,0.223237336418366,-0.121053920955879,-0.106399149568241,0.551236236932515,0.475268041828692,0.574820121756217,0.10943833240943,0.444949511383751,0.0966039566992001,0.0498234704876698,-0.0916750371174706,-0.0311186362613321,-0.131123753691639,-0.159111150705771,-0.380573420320832,0.136170974753431,-0.432695494669985,0.0767133587869818,0.128749903563984,0.0604798989002428,0.291848236438792,0.0625314789722158,0.532603909760748,0.151763942255201,-0.0502420768877396,-0.0604459949764951,0.208597690635026,0.114287124663238,0.187301508578227,0.165731420043776,-0.114827358391961,-0.358437362415607,0.104244873725286,-0.23469081762065,0.0477095991578057,0.200347798517252,0.165346558787157,-0.127325132396108,-0.516011986303128,0.080531527742968,0.443768240620234,-0.364668264723416,0.16917452663821,-0.507619214651478,-0.219345687778826,0.309250496616165,-0.0750701984889316,-0.18700559878457,-0.415770451168784,0.0159178739798122,-0.416901566377088,-0.315134035370487,0.215595463471485,0.0460481922674125,0.209319318720967,-0.480894853345336,-0.572881065676087,-0.516674983267178,-0.459314867985132,-0.60285491400951,-0.540299685322611,-0.405050246109861,-0.250721218470066,0.171327962680598,-0.0786109672571346,-0.126833606963051,-0.143782261377878,-0.50799855625955,0.00969548354544656,0.0346782813234416,-0.496978906003835,-0.233052346991859,0.616841206799097,-0.279958380436031,0.167133324895057,-0.390640899697099,0.548324147265315,0.608524255146742,0.768640288587816,0.38160337689934,0.615084493389557,0.41758293616707,0.226436552747957,0.862339649256546,0.547833418071771,0.693112737220699,0.224994384241062,0.583420002451084,0.708794726575707,0.0779041232865703,-0.0934272668990775,-0.138605874541229,0.0323237645212354,0.08437238277822,-0.0657346622916164,-0.0984217324154172,0.164951047141361,0.111829124139546,0.327660210622169,0.14355930545979,-0.175919191668567,0.0462295412899539,0.178339346022288,0.0757408790384852,0.0657406327131933,-0.176513518643615,0.243367609077145,0.158936959380799,0.107246681475565,0.39381626595305,-0.0226877893119504,0.278614024518291,0.472048888916138,0.421805048751399,0.338311011801374,0.239313772652933,-0.0913882666292021,-0.238258204040237,0.0908699196761471,0.109713417890442,-0.314377031935771,-0.022469852328711,0.231425536371249,0.173062123206321,0.289675662602671,0.406036092855967,0.211416203354024,0.1192321988444,0.232692916300551,0.189417800936368,0.260317188950624,0.220558495069724,-0.0187186354060612,0.219839433053675,0.502584319385915,0.0823173825564779,-0.0135026902339504,0.0136521905597423,0.521423002280526,0.0106869487923843,0.0392913578866065,-0.101278718266866,-0.0750423116441381,0.443052485216002,-0.316803270341336,-0.291579065848686,-0.431036539047398,-0.35195240332393,-0.38267472702552,-0.317050358559097,-0.445869005129824,0.182701741069901,0.185707867191526,0.0725358844775515,-0.0636335846450949,0.0951600638631584,0.164119643164296,0.64204361045879,0.287856859737188,0.0548554732234782
0.361692425680142,0.670542064248344,0.0252608089457077,0.552545279728153,0.223237336418366,1,-0.24766251557996,0.53782885622813,0.808928804208969,0.163245615197459,0.418959127818535,0.741984548207923,0.457586294814363,-0.366677638433412,-0.314860853398842,-0.318595840826587,-0.238902790006504,-0.303594678510076,-0.16927562678322,0.0304951472986722,-0.152391174056236,-0.114038838791144,-0.106657051615628,0.0619297693098858,0.217097159298215,-0.0170007146121059,-0.154651745219433,0.226186099473343,-0.121096243411141,-0.116401498379446,-0.0474705751677827,-0.052788500756165,-0.00664918441307369,0.219023092124052,-0.154661454252878,0.0807253209790052,-0.158765105425851,-0.156494481286,-0.00195053930305552,-0.216842935347789,-0.094509950955455,-0.192140112087133,0.0159760243939057,-0.169528019869091,-0.0981448535667605,-0.300720356091964,0.0622110849726205,-0.335905678747442,-0.0875064457564689,-0.103634051242722,0.115454307328411,-0.339556854441002,-0.136648799189932,-0.128949916921877,-0.182780748880867,0.0217530430796108,0.196221892091553,0.0559884726497182,-0.0622865575506308,-0.454537825089385,-0.0596740073166599,-0.112718668234427,-0.034281259131756,-0.019286007380902,-0.0349474705924313,-0.0551301692893153,-0.121364684696069,0.132494875059455,-0.0900231029844178,0.0263714562755124,0.156554554255814,-0.106485322153029,-0.0430784364177461,-0.116120222732199,0.0567831619571657,0.0393292780218692,-0.0496742058351087,0.030776306470644,-0.0168243051565452,-0.222324322264928,-0.0927141442217197,-0.160282827361015,0.0409283832281412,0.118964587808492,0.566139915049943,0.395547407022055,0.0879994936092467,0.937871019418013,0.333875340027288,0.811961335185264,0.578034485115859,0.649281761472909,0.52415209937955,0.21938811088276,-0.411666895098543,-0.386601471196604,-0.275040230786108,-0.245868297513571,-0.177930740525097,-0.300723734816072,-0.125014079198248,-0.444454919461495,-0.322301544607088,0.161820049947397,-0.160616146851208,-0.384073408692915,-0.195025286722329,-0.0702916027830941,-0.186457730977082,0.0218671774823218,0.32128102523032,-0.0948845315196854,-0.19112566058146,-0.274379662728466,-0.0480940209324891,-0.322700098128069,-0.0202203640513262,0.218401616254745,0.360501649781572,-0.0789825105115952,-0.147704086853495,-0.147923953324728,-0.138268691691725,-0.145291138958192,0.219719990318635,-0.198552210150782,-0.327520342811388,-0.157119982250673,-0.152570255770366,-0.184114209595027,-0.236358603322523,-0.0338907335942701,-0.196169080773548,0.0396306935669404,-0.0043013655300155,-0.0754277262688484,-0.068599758186706,-0.0804000753892163,-0.176347967998491,0.0352802913936607,-0.109328755940335,-0.00918555049700382,0.11711340489607,0.0152952396100419,-0.0913047579033981,-0.373880123190768,-0.0148225982144943,0.0320347663940193,-0.238958498325741,-0.0853764269834184,-0.058492734817784,-0.0820067747164981,-0.174565141627153,-0.000841799351818728,-0.103169596734693,-0.154630517436013,0.00857789362946154,0.0105953232230649,-0.253611556716119,-0.0171123510069382,-0.170599740859793,0.039517802068696,-0.0647815769110724,-0.118285673335289,-0.145345398901038
-0.0232005337135069,0.0300066759189577,0.499132901129063,-0.023597646326948,-0.121053920955879,-0.24766251557996,1,0.00790878595481786,-0.311465528493304,0.19021336147705,-0.116896668184619,0.156376567484017,0.124177966818296,0.0529843989034892,0.212254341910302,0.194772677560716,0.245104724970153,0.326957972010837,-0.0575173463373504,-0.0317719121209468,0.253379327396611,0.195832192471535,0.345749240426756,0.0864870760727722,0.203413561586524,0.0755772009236758,0.284554002103622,-0.273855596446769,-0.109862325168527,0.0694218871991331,-0.294475295830935,-0.115432633868254,0.224397797119162,-0.332532774365307,-0.0674046417762584,0.022918440376386,0.320379020191772,0.222290511319481,0.105063496834079,0.233173500303382,-0.0990815179392601,0.198901023105889,0.0256533199376053,-0.078147915259539,-0.131678109484331,0.089206185157655,0.0876460068715441,0.00532429612440878,-0.0584637330589649,-0.276274624133669,-0.485012307416239,-0.0489283919467897,-0.124343672640835,-0.0812632337655085,-0.358994910604319,-0.0600787504746124,-0.146762110782992,-0.0669974829068238,-0.0883460259755353,-0.156621740337377,0.118273293777233,0.134665982104801,0.108622392455391,0.0970155947122238,0.177395682539373,0.0327585316657616,0.00297395582567509,-0.0560988331554765,-0.0856579352920844,-0.326249001677889,-0.253245337650168,-0.11415648054538,0.0350850540543311,-0.162963695895313,-0.388137419159753,-0.0828151275347905,-0.2712591028474,-0.183339000409206,0.16715973519762,-0.235261497132952,0.0149063325919703,-0.178889066546854,-0.0918474647212513,-0.182658886637545,0.0745248206775898,0.138671596078645,0.312928214288457,-0.192494797279602,-0.00456614700846034,-0.237992939291777,-0.193318208397478,-0.046228457019822,0.0934328236027634,-0.0554168384571631,0.111732230877066,0.257899707306097,0.122522402002458,0.259025903451095,0.19639480329346,0.276935907964335,-0.14988392355319,0.221591576523735,0.107430006691733,-0.358643304149424,0.033984576850432,0.043155809709883,0.356353825446059,0.128000031078818,0.172104074370794,0.280716338893465,0.0199003993395369,0.269769461407682,0.503206529274968,0.233262496637739,-0.163288365503295,0.16425498925304,-0.228803757596225,-0.191838007259107,-0.0748330977848991,-0.223079519414234,0.04200513983645,0.263714986115991,0.370845021419537,0.31909445982092,-0.119727189586857,0.268207856593672,0.192391518900911,0.128986427457499,0.206383275765365,0.0153338817656717,0.0208742404691412,-0.027333959438988,0.055110958407833,-0.24196154694943,-0.352572443383288,-0.286678090956094,-0.054786624629659,0.00021241541396885,-0.0406450833572562,-0.296028437118507,0.0725218095549434,-0.15306802109782,-0.256614961092034,0.0161881444431564,-0.0589543023001607,-0.306460601892752,-0.0497575531820783,-0.22248774537964,-0.157747823193587,0.0315088940151149,-0.071291608762913,0.0894710233944994,0.00299239289070121,0.0285859930922801,0.0320387024674033,0.275311480035137,-0.155902617983494,-0.0923015812364564,-0.00982293654094868,-0.0795359868731082,-0.232545935486573,-0.244824946851167,-0.10829092143509,-0.0237631854586857,0.0393105143211353
0.394448998582244,0.789756219399705,0.192971459396289,0.161495179647297,-0.106399149568241,0.53782885622813,0.00790878595481786,1,0.361260590043399,0.195129212714997,0.279840643058423,0.711487693217136,0.62905349561254,-0.305019486153549,-0.16469244723642,-0.0858995640663587,-0.0508382968435498,-0.164624480906726,-0.0734023016302129,0.282532245656058,-0.00888842028628496,0.0753673705094417,0.0735333395887877,0.161948325099241,0.292268559465782,-0.240937396767313,-0.269785635815183,-0.245260350007201,-0.231591263033064,-0.0925508828631739,-0.0977511942228864,0.031609877885035,0.13382030547348,0.0806327129555052,-0.0146308364185303,0.0754443107271305,0.0933195976970321,-0.101076125847876,0.125283912324802,-0.191031070340799,-0.17331338258388,-0.0524455201884892,0.082043510208829,-0.104693049046191,0.0292080266069695,-0.131905393461551,0.335505895450154,-0.238752180083049,-0.0824041035634791,-0.334338824938677,-0.367910588354052,-0.416488390881558,-0.371252396284615,-0.196447206257333,-0.494246711676052,-0.0110724514037035,0.146872364212103,0.288185233377024,0.0506563753449759,-0.482073693879524,0.227707685094566,0.158309762015229,0.0387668209823902,-0.0349716914839296,0.144142610891524,0.0964799923587698,-0.201448528233017,0.0346667211111196,-0.311496916630941,-0.0995091213130774,-0.0782199937403626,-0.169351150384036,-0.0146677098688847,-0.128829338588407,-0.322433569339761,0.0406160448519179,-0.331410686762857,-0.232895775913291,-0.0725637678576873,-0.402203602978149,0.0490781652678774,-0.258097042094121,-0.166358303730336,-0.0226212169276956,0.547406654996894,0.168697180903569,0.0437380964926367,0.580716471002433,0.0325411463241491,0.222452110668684,0.212002996465717,0.653719960264846,0.25251563598851,0.0348506203849866,-0.292747451187709,-0.294221488768331,0.00756844242266336,0.0835004439912506,-0.00228689695298676,-0.0252593303572871,-0.139516661947253,-0.093022234978375,-0.163243741129722,0.129984463325704,-0.00792024732016616,-0.153779749821632,0.115157228545384,0.0448710261098163,0.114597757772002,0.239346743491733,0.267675285693265,-0.24479029678185,0.0335842348894165,-0.133421441920127,-0.271821215425232,-0.136858921747205,-0.179240706506243,-0.00730624695509317,0.327701861278485,-0.0416595495694737,-0.190009984625139,0.00492980254012256,0.00336811681927816,0.0179865615250253,0.0066485093187545,0.122417664273877,-0.0262869420488659,-0.0424784116511158,0.00637344695311109,-0.0464873401777913,0.00985264493630481,0.0934369841013214,0.0750650443086881,-0.23827597122189,-0.306134437333996,-0.273416560105342,-0.386068745944502,-0.0835688851967168,-0.275073015604747,-0.284376380836248,0.160262031436629,-0.0610964713826514,-0.0876661436356075,0.171312507442962,0.0545905075497802,-0.484475303559225,0.0121579034025203,-0.116472121779332,-0.258334573368025,0.117359967753837,-0.0416218032875094,0.227863277640534,-0.126641238811933,0.0959335248593438,-0.056365384272512,0.00493425845590032,-0.113206312314673,-0.0689596219404764,-0.148792369905272,0.112041807803854,-0.212683639581292,-0.169360904001633,-0.158780204597745,-0.200942608856716,0.0903146935300359
0.713769879191331,0.63919919679472,0.14840889364494,0.828804810451757,0.551236236932515,0.808928804208969,-0.311465528493304,0.361260590043399,1,0.466346748946478,0.763935212208403,0.575294133695007,0.624862594597113,-0.117049660909582,-0.118646521230792,-0.226088413417943,-0.111120160581215,-0.251221864515965,-0.0844722446757324,-0.0380825659675798,-0.00867013242579826,-0.322721271723056,-0.0801694067803152,0.14680760798434,0.110830274640702,0.232018070523575,-0.0590562124012433,0.502320942996835,0.0772337512677048,-0.198032305358815,-0.0851151381834458,0.115772654120414,0.0635639427278143,0.31301056555224,0.133014513632537,0.153585488117043,-0.181529384044899,0.0721717336773469,0.0382653039914003,-0.0109624232443469,0.255732666454582,0.0529380269471591,0.205391113722845,-0.409889437226209,0.154236971584021,0.115334289568907,0.0121692787115818,-0.227628142982974,-0.414742529850769,-0.348839955108259,0.203261768948212,-0.400522261177222,-0.307618469630491,-0.395715722610727,0.0141179989958632,-0.209358323554734,-0.0644176331639601,0.122431757258902,-0.16738854771633,-0.239695478136852,-0.364499986763588,-0.425857310624789,-0.398181023975159,-0.259678812482824,-0.40204502522108,-0.446011686900429,-0.504238193234745,-0.0350982965266937,-0.169039912005839,0.0948640069923415,0.0901795544784421,-0.317183040982603,-0.440561619109745,-0.0643206589716341,-0.00448789056657008,-0.366487439154112,-0.312608880135506,0.248599254325998,-0.323566320029246,-0.25787601789029,-0.398934667521888,0.176039295953584,0.403065760268149,0.531984234265935,0.750790871320188,0.686157780507344,0.349554933996044,0.830454286568967,0.715901126215362,0.953545343567879,0.914074802153026,0.703312615527097,0.781744558014711,0.636203744280239,-0.157534214958125,-0.316761862687989,-0.173073820043672,-0.0517564397123514,-0.0935130819662099,-0.119447325971848,-0.0952240367238709,-0.245266063105082,-0.0713649724558914,0.366403858648549,0.0434566281869361,-0.242971015090184,-0.0280089427080543,0.135116612353407,0.0762001384229103,0.156463731037282,0.0936970817982742,0.169913006606695,-0.0239196226024851,0.0191834961792063,0.253629233015588,-0.137031988653239,0.193532592879465,0.440541953002718,0.667904540715036,0.293071172079345,0.215287097069811,0.001426828738367,-0.135208782899182,0.0820022235948938,0.389477747235313,-0.2600858742914,-0.168304540466381,0.112156110363249,0.115392911313731,0.155323219941273,0.164645785747048,0.262757398598296,-0.0335198179564636,0.120414696485404,-0.0487853169460765,0.0428495881139572,-0.111319403943668,-0.138045465578758,0.110408397212087,0.285146366473608,-0.00104208631251842,-0.0680977391022277,0.0523216316536782,0.301616642479927,-0.222859135315758,-0.269876676915768,-0.0687689937365414,-0.0085128366413404,0.109479102073599,-0.367927913987575,-0.370207389491018,-0.421441204311733,-0.535496781942159,-0.287184549053125,-0.38329674073896,-0.328302763632589,0.1412944137351,-0.0609635840994277,-0.102238567456748,-0.18739818584704,-0.0968222264315551,0.0866624086043433,0.270507278485503,-0.0817458502115149,-0.173769042322472
0.70174880769181,0.372559145976935,0.618762079871027,0.487645228847095,0.475268041828692,0.163245615197459,0.19021336147705,0.195129212714997,0.466346748946478,1,0.584085095908269,0.176467875094865,0.583658800100449,0.112430469589406,0.0686993880474268,-0.0447758683131786,0.123448538026741,0.138685893823053,-0.148445066980014,-0.210875961679412,0.218839075535204,-0.0410730401535889,0.402739127151242,0.318586468012283,0.14506014732918,0.358840266699487,0.274844243163958,0.356122747704538,0.245005759265824,0.125135114105923,-0.119216858129076,0.480690915348505,0.431968390611735,0.0915265623246955,0.37969784092886,-0.0668436693454641,-0.224131938605147,0.293594751787664,-0.121580693595684,0.301435113745522,0.264929621611684,0.404820398499166,0.196334907903453,-0.566994141049884,0.219126671215207,0.584642248758484,-0.00835982118273928,0.0304519443575033,-0.618211064063359,-0.506443691653044,-0.0348190567144978,-0.251511996108781,-0.484226983156355,-0.592799671645435,-0.188493132948617,-0.705121425284297,-0.629224151847687,0.274567656107143,-0.0650783583396755,0.118745302792016,-0.457471461397164,-0.58985614359511,-0.640520660876298,-0.587676616649885,-0.623879763266909,-0.649720418683813,-0.507987206833072,-0.334161916018797,-0.0646667994849975,-0.328195871726119,-0.508227299675839,-0.410120390385681,-0.608557329721351,-0.136680324778414,-0.417098687475288,-0.684716929466194,-0.583931544038853,0.286403726596725,-0.365721196459034,-0.15560389753779,-0.421989726264119,0.466096440567356,0.615630558406036,0.6840690060166,0.533997902225495,0.608980780840005,0.555292721962403,0.244252169291056,0.641580472809251,0.437834972018614,0.614962671259133,0.449853674360103,0.564232963308421,0.83023592086426,0.0492425335780711,-0.177770700671451,0.00522124395156854,0.246950193744747,-0.0246576537767752,0.167324879770764,-0.401607074736335,0.151574296724549,0.149629651852927,-0.0533767652267813,0.177940106876274,-0.191789012234588,0.343152469669689,0.214322383653746,0.448362865704944,0.308290185214439,-0.261558312223715,0.483894751893801,0.472008959529985,0.343781243323398,0.326345894412835,0.312798822657993,0.311652937193523,0.520191306027432,0.586291113976678,0.530645054988609,0.379696630501297,0.248904940414709,-0.029237341362292,0.336110563239704,0.140093708983854,-0.0914978001393924,0.102237766495295,0.267553036310775,0.329488950033938,0.386965943928742,0.58608118633867,0.371860891857296,0.191926124674209,-0.0346554556138771,-0.116487993606795,-0.00250858276123052,-0.060552727944537,-0.108390660866197,0.155009532265213,0.179579366668957,0.122009726606675,-0.0602286916014712,-0.228357066186675,0.598668353035015,-0.155134910148445,-0.239561498163417,-0.231233540785568,-0.398126642502066,0.546734390372606,-0.37854540258148,-0.375184961477423,-0.399392705872879,-0.430876225098753,-0.536773630082611,-0.501862315227541,-0.504623466260791,-0.0450946046074471,-0.0186342243685279,-0.0850753712784607,-0.181728262617518,0.0753136364557183,0.101104905268478,0.520810357601299,0.17619606128383,0.166767095784512
0.849417727963484,0.634829755594106,0.276141136658988,0.741033857881904,0.574820121756217,0.418959127818535,-0.116896668184619,0.279840643058423,0.763935212208403,0.584085095908269,1,0.455283215324772,0.730066780831204,0.200297718762857,0.213504338622178,0.119153848411334,0.131481396912748,0.0216428320510927,-0.130544488738579,-0.174169425889051,0.325063548529726,-0.290151828195224,0.17857782929851,0.379468836267669,0.252989364265,0.261508333739398,0.127820157062331,0.353848170512878,0.252919906662551,-0.0884901030926543,-0.137259045557065,0.157415777730477,0.330757545049321,0.295556194317465,0.47335436359053,0.174793963527178,-0.101488597994485,0.437552972227585,0.206349543706594,0.305477258416623,0.435311056755208,0.392154241393547,0.367960887589275,-0.497801843556645,0.285609347333057,0.534654326146465,-0.0848088031486223,0.0610851258330663,-0.528913544582958,-0.683406206788972,0.0938936959360769,-0.257711773474063,-0.453154378682557,-0.535989404075917,0.0543279027777929,-0.441778526356867,-0.268003001546256,0.0568557281539687,-0.2883571628175,-0.00911184705669742,-0.390890577749491,-0.479531734898188,-0.567968814643697,-0.37294423909855,-0.494150547099199,-0.565049933770959,-0.688299028121229,-0.253202049842447,-0.305588678360235,-0.0281046659891451,-0.104565375569785,-0.560661424964656,-0.623822432810608,-0.166058328319551,-0.219664721382583,-0.596129509030187,-0.557382139843746,0.144258160411783,-0.449045462357222,-0.386784071186462,-0.632066513590404,0.323561959820143,0.460642155128678,0.678904766205183,0.774454235840128,0.708510788648035,0.314957354729789,0.533739259654321,0.741683386709684,0.680948371005189,0.826398389168165,0.522402273258699,0.81853584170351,0.730391702112182,0.139097207437404,-0.0975912542468577,0.0750871954183828,0.268385773923998,0.0511430631719455,0.165432030652915,-0.231656640865116,0.124859378850681,0.191276636702256,0.253044230257391,0.294729735948239,-0.0845895154249876,0.220842631629637,0.324433873910234,0.389530144294576,0.394370372501025,-0.0326686709522701,0.232520403326587,0.290196984093286,0.325065248389282,0.280497160598107,0.074707490646056,0.168711856350227,0.296243276724729,0.765287856169852,0.537169102959827,0.524873739892912,0.335229246762543,0.0963149574407624,0.426226174698394,0.211710473067085,-0.169319236676039,0.206582885455214,0.41488020100049,0.434777109620032,0.477050943313414,0.539647210822209,0.49692354830487,0.333944068923641,0.0322263386756775,-0.261619643869565,0.00740468989771445,-0.132910532474601,-0.157031013081905,0.306057823507948,0.332293674633781,0.149749148365204,-0.122339080986333,-0.0782179823199165,0.400655637854632,-0.2641548197664,-0.306062954967013,-0.116783345732433,-0.0497020192248061,0.340804592384984,-0.327156605113516,-0.498188183351769,-0.444087731649016,-0.546005462715145,-0.337611987199528,-0.398889627851062,-0.292984353172471,0.197539209117433,-0.195641676877784,-0.0694097084261292,-0.220716762985394,-0.0762783498308399,-0.0242939184308522,0.326697347119235,-0.156374768115939,-0.200348304819251
0.408659450967332,0.79961263787073,0.154499403788901,0.428216397568011,0.10943833240943,0.741984548207923,0.156376567484017,0.711487693217136,0.575294133695007,0.176467875094865,0.455283215324772,1,0.650774742944936,-0.316664156318738,-0.175124747019234,-0.11283296333032,-0.0805753170340581,-0.166642796583726,-0.256054804915853,0.0375681480918047,0.0937720692554962,-0.0357882560273916,0.015217920626191,0.108204631714827,0.387816664148386,-0.185498412470944,-0.170574336640136,-0.141219585499067,-0.21543909061368,-0.137852870725799,-0.285093007432615,-0.105495017416114,0.0589938641835153,0.0141278195235968,-0.0945844418387842,0.0531019327117553,-0.00909906783020929,-0.0145158178793481,0.0794740678826652,-0.148884076515371,-0.115394656965436,-0.0478897430120302,0.0588442711272482,-0.10493643957429,-0.087212864915268,-0.147703185222488,0.127100409644731,-0.284930758716723,-0.135038006211347,-0.400315927605719,-0.260713153998075,-0.375357550214232,-0.318601162831156,-0.135788093953781,-0.447716114356187,-0.050599208204066,0.117128303146302,0.166289643212082,-0.0963819134901893,-0.575827814995783,0.0264533665534086,-0.0123903885345618,-0.0264131853252215,-0.060528980262369,0.0336070209824285,-0.0136820789530976,-0.203823425057998,-0.000411916586892432,-0.199100757525444,-0.167736774646304,-0.0508892065664678,-0.187466079696898,-0.079907201467054,-0.145938962185764,-0.227077854144081,0.00430271805811593,-0.268471328844073,-0.0714305668725677,-0.0320182288435036,-0.384412550873113,-0.111422775249335,-0.224303595769548,-0.0719448812008169,0.070151517827118,0.621575426373289,0.374459420728009,0.131501123683504,0.732040340881651,0.292987983041607,0.535955026997765,0.423431445496649,0.642327027481309,0.594841386753771,0.126480569446595,-0.331722303312084,-0.260798014621243,-0.171533408355418,-0.0526111373629526,-0.101434485269289,-0.113617637949539,-0.275561883722421,-0.153275852018042,-0.205432600301866,0.0818465427699094,-0.0111951071440161,-0.238483582905103,0.0383936619346149,0.0380038116969838,-0.0193821784493243,0.256359445517119,0.345755949362305,-0.176558765927423,0.0591886400373199,-0.136233334671155,-0.203263963962319,-0.231219343437361,-0.176531802799586,-0.0348066445963959,0.329735883675854,-0.0533249122438545,-0.161047719157999,-0.0541493284314112,0.032116554859215,0.0474714665133931,0.0450810588441975,-0.0783624738295225,-0.144154818374271,0.00369534862172897,-0.00600269257522621,-0.0821090243732469,-0.0476900945064374,-0.0141430676985618,0.0614929527295486,-0.117194015245098,-0.261154977219556,-0.22965235044235,-0.311251828716241,0.022333052249925,-0.233578718413825,-0.179579480331792,0.153412902565211,0.0442682945579198,0.0390195302799843,0.177105779990268,-0.0199787994959183,-0.490236642819024,0.0787832903897849,0.00340530825782984,-0.272786865016558,0.0877954502092578,-0.0410493291878703,0.000372675121510147,-0.189688875934555,0.044828121236106,-0.0547214982790845,0.00644879304201679,-0.0614417222975226,-0.0299682427661574,-0.154940004039969,0.0208541099035044,-0.138061621107868,-0.00655447812110628,-0.0751738680298705,-0.144925830535794,-0.0497958916459198
0.795510820656932,0.758369668688898,0.386030926055682,0.576247454295831,0.444949511383751,0.457586294814363,0.124177966818296,0.62905349561254,0.624862594597113,0.583658800100449,0.730066780831204,0.650774742944936,1,-0.0365515730384069,0.0407633613329334,-0.010220639251285,0.0623778890284212,-0.0906967287867307,-0.0808902957527676,0.0731356308973317,0.258219096426687,-0.147755285581314,0.172736563462447,0.294337274443443,0.416331313725494,0.0598173600163083,-0.0679136048088473,0.133272793248716,-0.07161298413688,-0.183582234725995,-0.244678253595121,0.143180958336368,0.269693884259459,0.0884091583873974,0.195590885046992,0.056305028342659,-0.00213775356003486,0.215633606054311,0.0603712430833063,0.0926000316159137,0.171383840929857,0.20591581218667,0.1694877238828,-0.494847149418997,0.0933997089348862,0.324264138422466,0.158646076693641,-0.0463411873350365,-0.528422762200011,-0.624925815349162,-0.25376250906426,-0.47122878638993,-0.584476965879059,-0.535375983646023,-0.390145609731316,-0.389502830947676,-0.236172893865544,0.245570106965486,-0.0834262750380424,-0.275603412889025,-0.20738795952329,-0.271610353073615,-0.430999841312511,-0.296072701751544,-0.305614430658268,-0.408141638452152,-0.544448320010965,-0.185227503128163,-0.183088830358163,-0.212432477902371,-0.27017292438374,-0.368122415569748,-0.408745943946541,-0.161036992252256,-0.435947140569204,-0.500913884084167,-0.63611157805132,0.0475481654704249,-0.238596230663479,-0.413743838596588,-0.345475902147699,0.0849214756340961,0.318543287991479,0.493748481767607,0.794272487306594,0.632512828007003,0.361820839082361,0.542439966899673,0.585844867487572,0.527921711641128,0.628428324175742,0.68564244898334,0.682189465683478,0.626558214956481,-0.0972501583172459,-0.193681902666484,0.00634737678767765,0.238059984435128,0.0181657975587454,0.0700680838048742,-0.219637595489415,0.124724572454479,0.0378134021002627,0.297439324253741,0.214655180283579,-0.125661536721633,0.245664701626153,0.2904407561116,0.308504066190897,0.457199323545007,0.148459941264104,0.134739517685848,0.336106217190781,0.173689859275769,0.110993562973605,-0.035248615372523,0.0645825168434177,0.316745279284249,0.650939571564888,0.253417031201721,0.243343548412939,0.187395530353492,0.0811858919098765,0.31779299500309,0.173568034381383,-0.0461569525533479,0.123120341002043,0.238968357427644,0.270317910321844,0.235139720915433,0.360543296520064,0.325587957827406,0.19943755723987,-0.0781193203703667,-0.266903062052854,-0.158155178575733,-0.240129691557577,-0.0969832051068841,0.0928600357990889,0.0492452393045602,0.172487931513686,-0.127279934768874,-0.163941571255886,0.417105351215521,-0.0486533973912367,-0.405295895929769,-0.122140458390627,-0.187071503421726,0.125937231457942,-0.240732288460183,-0.334036062610137,-0.234930834660162,-0.440349011824689,-0.27175279927102,-0.362090361001416,-0.219738598696171,0.0186240796655812,-0.0260039743906467,-0.00126746395172166,-0.0686563267068278,-0.151365164075861,-0.0944098629428985,0.194072150288569,-0.00843900254709618,0.0537573062470134
