1,0.55731975114963,0.351909629447285,0.73440157925152,0.770918124390929,0.275787313130292,0.278908010113229,0.298509032541958,0.691761523128868,0.457308574672803,0.734435995600082,0.840361239036504,0.77843772385871,0.0581250753221354,0.0470506739301639,-0.116812723377995,-0.090589508271094,-0.289157805518667,-0.339444247514106,0.107324172026203,-0.132846344995216,-0.32054920662429,0.284121707286821,-0.177863967193861,-0.206663849315362,0.130042295843197,-0.0789732926389857,-0.0943150925777403,-0.0542817209349638,-0.171724595177677,-0.243007839905593,0.512202490169549,0.536714488613444,-0.286211488589547,-0.346231165181161,-0.359347246955725,0.383722575411954,0.202431666429413,0.395322432554238,0.189416768030284,-0.576446381265536,0.0433161808528378,-0.196596262014525,-0.450211185695206,-0.129821713795776,0.181280548662547,-0.295522282070282,-0.323328371920312,-0.400122143283072,-0.671665443440027,-0.185891139112195,-0.30328038985992,-0.312797865835515,-0.420763578539716,-0.269324915305286,-0.51756006762122,-0.241765511339084,0.106754597855649,-0.316434287493602,0.034997858394691,-0.0653776246104819,-0.240147564693999,-0.428217447286652,-0.407200311620582,-0.164597883435225,-0.185825847268399,-0.451793960276291,-0.340208261262126,-0.0125554467870677,-0.0367773138900774,-0.448842813510921,-0.122064380555291,-0.110158157152574,-0.166184867838179,-0.22321479586203,-0.384302938902759,-0.228657936104828,-0.122322359182209,-0.22913888880841,-0.394514788008997,-0.146863903607096,0.596633268647017,0.626162820399292,0.671615071023621,0.769860523137362,0.742841067438905,0.259352285494906,0.34864595526439,0.730632012941524,0.599448701534982,0.688087506181654,0.404343362569173,0.649420773203399,0.581602626648908,0.46097952501953,-0.175520130271777,0.240366976621668,-0.349487512464488,-0.486039130722946,0.0375374904977831,-0.174180756184824,-0.215100204548966,0.239972075939779,-0.123859699749598,0.412897352919125,-0.0102248014262282,-0.0338570935410528,0.492579432852581,-0.0984737353075793,0.034488292074944,0.0900860402739412,-0.181485980592549,-0.302286765946959,0.270351929690834,0.459555909610139,-0.0390233654847151,-0.287535636199875,-0.200744904506942,-0.301847415086325,0.178019444949056,0.391706729297821,-0.0789024961268037,-0.234484012986735,-0.0035318759999364,0.476218673823126,0.40384539565798,0.373094635516434,0.0682880519049681,0.261216373726139,-0.327726709258579,0.0836331274313489,0.0923436432695132,0.342421770100722,0.0774496342684357,0.419327735318967,-0.539331588342672,-0.476042244730636,-0.266844092623727,-0.253296813304258,-0.439644423223112,0.0904080532636474,-0.23854239640951,-0.269137224323583,-0.279171814535708,-0.273852648294666,0.596666704870416,-0.346282906046123,0.100699197330836,-0.275626464970718,-0.375164956140762,0.484115819359085,0.0859108040500061,-0.36262324618097,-0.0233026643368771,-0.144567098658818,0.0677160504347487,-0.0571662748382981,-0.0357287699697565,-0.182620123721496,-0.0777090261676722,-0.0500497376850973,-0.0891325481562792,-0.302481905930467,-0.0953578556841996,0.0415707075091183,-0.445349899879675,0.0018095380685708
0.55731975114963,1,0.186448227435164,0.57740488909527,0.311416597025211,0.706991297232894,0.0177892720210423,0.697751566830296,0.489219842999498,0.325663684483952,0.550426898388735,0.518016183881493,0.466703623627661,-0.242140367626615,0.10401507119168,0.0931675219494275,-0.308837971358397,-0.0094099661819153,0.0286684038732568,-0.133099771979521,-0.389835295754768,-0.277148784744528,-0.14951625346202,-0.367998882619748,0.0297447707841404,0.448430693935226,-0.0396594712016129,0.0389844180694313,0.0922908689021373,-0.0967229902014461,-0.251566281876275,0.263094273402702,-0.0600677247197563,-0.349822182344143,-0.0761792091572687,-0.244773915248892,0.0325804245205849,0.0955084281053702,0.135594430154061,-0.0031683316226809,-0.37920074408949,-0.179728061800581,-0.361455873205928,-0.417163732060023,-0.415938867082281,-0.173185598904403,-0.459479312177435,-0.150356738354335,-0.26596439453934,-0.256725296758168,-0.22613880967366,-0.24821690004486,-0.122541663077818,-0.220010859185804,-0.0511994548508949,-0.259225559602625,-0.278482534453552,0.147474878671369,-0.210169934426933,-0.102722465182286,-0.139755321101745,-0.180890079426747,-0.274380856377131,-0.301613660191616,-0.121268910849101,-0.340710226560074,-0.162223096729715,-0.327434742631041,-0.0496592550008774,-0.0745064631868086,-0.382253335248482,-0.286491100658429,-0.112700484328414,-0.334412800506833,-0.211961294814325,-0.168605386621217,-0.160570246018958,0.18363998436368,0.0215242453695461,-0.213060688436401,-0.0258093936289298,0.533901406664051,0.53309503259906,0.446860840782665,0.770933290597698,0.2927696316999,-0.0836135921239546,0.549659445405586,0.224243423649199,0.439606939996213,0.325032194889878,0.255121331862186,0.628743978947838,0.498855400067609,0.239810490473418,-0.0757804224079698,0.243104515039251,-0.191360349278897,-0.367214046368302,-0.265598728449623,0.0029442201574628,0.039661470726391,-0.173971601572451,-0.273997992228632,-0.111006014431186,-0.410278672993261,-0.222019022759444,-0.0788487907636096,-0.141832204044221,-0.264891319438718,-0.204892619135055,0.0620326083964349,-0.0078105933009773,0.0247255705810198,0.025034828558549,-0.262143901255785,-0.305205300459616,-0.257339521581581,-0.235910363069869,-0.0913428287375328,-0.107249808627955,-0.153028684073299,-0.378117817558656,0.0151227992542401,-0.03597773207902,0.0703764234886432,-0.266036259546469,-0.0992891595008991,0.00984297567497,-0.334419836617484,-0.210783824836867,-0.30630716784512,0.0659004847398148,-0.45615473493124,0.0185249258878562,-0.324975566619328,-0.173465055496423,-0.395153153936352,-0.252267196278961,-0.324601670551025,-0.0967471089873893,-0.225315542916524,-0.319876913634465,-0.102334388234639,-0.301518185047025,0.311673507613982,-0.239731919462207,-0.0880164513710678,-0.427006674596405,-0.508828823757327,0.267081829272931,0.0572722086280861,-0.101256772412672,-0.026757807073573,-0.116257922087071,0.0484014078117459,-0.123222176155019,-0.017263928608838,-0.316542104489841,-0.262840621182838,-0.200577012543162,-0.1436970305118,-0.296857938987274,0.0511266431042294,0.226406209419095,-0.13005996119419,0.128146517715503
0.351909629447285,0.186448227435164,1,0.0263354065882151,0.251723808359715,-0.183736333615308,0.355348263288685,0.212403529576731,0.143194982164735,0.806252469297943,0.217707302275799,0.086933754360054,0.632008574328982,0.0242474335277925,0.0843167027270651,-0.149462805967628,-0.315926000188561,-0.218148281990655,-0.104614253605289,0.160532350440689,0.0117067535536129,0.0950827326532118,0.522865146628463,0.150799689791171,0.223604391199609,0.243236185810943,-0.198931983397414,0.151699151151465,0.182055827965215,0.305753815367379,0.430814390810436,-0.0029486480852753,0.556017118986885,0.126362793560232,-0.40709064737046,0.141384716786531,0.338237811462096,0.114050881268249,-0.0263581364168494,0.009523088826704,-0.329741076057976,-0.0396549756512739,-0.223454676561505,-0.161818584173084,-0.0657319558695024,0.0952244243146599,0.09328980115913,-0.133523338173166,-0.448765428552018,-0.457722416308301,0.267792860342833,-0.427738543888315,-0.436164023484238,-0.316429876804678,-0.534189123021463,-0.453479120634023,0.0585841150716419,-0.244842112926899,-0.208625440130183,-0.0855425426871744,0.049302263894786,-0.297572665194464,-0.149626929135795,0.181103374642296,-0.230706790750735,-0.189807225528749,-0.504784881008202,0.128274439550765,-0.0672322178846391,-0.347559705916766,-0.281316203342803,0.0118174968410269,-0.302263581311992,0.129897943295061,-0.464269236878457,-0.452643274602143,-0.167797304893674,-0.160241476864151,-0.393311251916148,-0.423998419483931,-0.30193660310724,0.238098088657475,0.496727295388086,0.499767888230283,0.368138382111389,0.242590298535044,0.755585053578772,-0.194164090780044,0.299595569221034,0.141763483852197,0.27900280201464,0.726062938226326,0.0212042782411515,-0.0320134120706721,0.785493619848889,-0.163815624571654,-0.060679533000462,-0.0181858348384291,-0.107290857911064,-0.28492535746399,-0.188978114936908,-0.0240241073865896,0.217980906119629,0.270498616339762,0.215516560804647,0.0971918812684721,0.245865952395472,0.643402624357408,0.350714447029206,0.37474302518528,0.0820287729446455,0.2179403462064,0.1243995674052,0.857492355535027,0.471413537622323,0.407764045332347,0.399759541195812,0.0815310492807468,0.195495071062678,0.486820248494585,0.490589969929886,-0.0362199278407492,0.224573023099205,-0.0959706332255232,0.32973674399757,0.117967956843347,0.275777592004209,-0.0358751637432389,-0.0515951051145789,-0.120347655985021,0.0398296345856729,0.149088454414839,0.0693636442655827,0.234702532102306,0.0735696289748578,-0.258807230224203,-0.378271275749533,0.0929292628790744,-0.325080514925179,-0.296521849364704,-0.0302254984525781,-0.148116565108902,-0.123135188838837,-0.331849476907124,-0.316283900234477,0.0421062399761035,-0.24760530914253,0.266429470721758,0.0455359382834764,-0.179941537426251,0.332757748663407,-0.24799638380216,-0.445588152345729,0.0742749315534742,-0.261675238261283,0.107992719844834,-0.193327095179355,0.0297918430388008,-0.304523902145052,0.106689303514504,0.0778846731861805,-0.112930294505689,-0.23821877102231,-0.217236878594568,-0.072320571565758,-0.373013154978031,-0.219048837587429
0.73440157925152,0.57740488909527,0.0263354065882151,1,0.683774232218551,0.544896992455224,-0.186775242053542,0.381375940936616,0.922589359849245,-0.005396995499072,0.885233804318343,0.878957342560496,0.53249898892263,0.0786908466026291,0.0130779651735689,-0.0395165509863768,-0.173359462345222,-0.169522277444859,-0.20956963761031,0.040615177504803,-0.26476813003963,-0.453224354326168,0.169701965804586,-0.158354899768881,-0.224820415943127,0.222807413062526,0.199434548451276,0.078722765804174,0.108400889610805,-0.113824943591478,-0.083719718265696,0.69565761376709,0.399842243253435,-0.132232456783238,-0.0170177942172157,-0.05848946596844,0.262153359252408,0.318337460213031,0.618135933310194,0.389751863668861,-0.393277327615255,0.129865064254943,-0.0141046281395495,-0.376144236560342,-0.123376397526764,0.259401976594745,-0.285734765764812,-0.330604229141576,-0.039857161236817,-0.283053336205087,0.0880899047962823,-0.252867844519378,-0.284289155541713,-0.498117166281151,0.127004180329511,-0.274265615926073,-0.24973591874619,0.294879611792913,-0.266390897671911,0.227978086472047,-0.252168078198359,-0.13853544472285,-0.386495091243371,-0.443798648892208,-0.101673796041944,-0.0265555193485606,-0.306096371692187,-0.460630552943256,-0.0676115762363584,-0.0691909964386578,-0.449866214503803,-0.22052830832067,-0.239405822976647,-0.317920854023257,-0.207214764018399,-0.326512867947469,-0.323756561409869,0.0554622700056071,-0.161516617556846,-0.230142128330723,-0.0925853568785581,0.426874294354758,0.290845564374129,0.326396013637607,0.619888936108813,0.653654458659532,-0.204937027941588,0.570067903789361,0.629187436612855,0.745300333959441,0.787762222054573,-0.0585809498147637,0.823881824740135,0.828340914026308,0.12304152527278,0.0650729978248916,0.320985306139014,-0.110133562511451,-0.334273275637843,0.0703879821749925,-0.0274896728063962,-0.158791159357675,0.0663948414579098,-0.0715342975281846,0.244668315085586,-0.104256129415569,-0.116999539082257,0.345092456732419,-0.176062352074458,0.0934537278262614,0.157141250433808,-0.197916191463151,-0.27044158291874,-0.153766622698584,0.276487382953446,-0.0389376389084623,-0.136248757765579,-0.0972863380375056,-0.122185850504389,0.0768653720881895,0.18814835730068,0.0983597889804563,-0.206732132631037,0.101209318635588,0.201154778565277,0.482482590657525,0.142419140689358,0.053355639640235,0.424757875506584,-0.333207522907259,0.11664452707784,0.0254884788010033,0.438423749963712,-0.16282278403586,0.487661899181105,-0.44155154090554,-0.305977868206968,-0.413921176939063,-0.455432960487739,-0.479675755561905,0.181478106239179,-0.202678946271261,-0.351404249021913,-0.242371025999816,-0.388391413615503,0.722016411370883,-0.329345382973171,0.068628634752639,-0.437817811665739,-0.607726531131328,0.429616519501765,0.130042572995758,-0.221556216901825,-0.183489864936086,-0.198264963669962,0.0643094417418141,-0.181052092625483,-0.0386031128074692,-0.382683020306957,-0.197460793110965,0.0030942319576527,-0.32242912742452,-0.429309493999847,-0.110802269776149,0.191758844551115,-0.391778029241049,0.189279680907803
0.770918124390929,0.311416597025211,0.251723808359715,0.683774232218551,1,0.171191095693285,0.159714039773896,0.215310240416862,0.622508910117955,0.256053320759347,0.676685531829939,0.701426428731881,0.555457434347215,0.0878997106331973,0.0776011221808797,-0.225969003158831,-0.126172457262176,-0.279161468286,-0.408854023432311,0.11920449251823,-0.0684450680655372,-0.247757800761586,0.330366774442268,-0.0503062387356673,-0.178353869062712,0.0734929886439546,-0.108130176290322,-0.116462482208476,0.0185282787880207,-0.0332309907064888,-0.113593680975777,0.510563040501896,0.521713344385261,-0.131009288595321,-0.267663786956853,-0.250759755755369,0.44266724592698,0.238181222739692,0.357940765450076,0.205755079805848,-0.426579788835547,0.0980165435572479,-0.136163214464405,-0.135239752060991,0.0322451472414782,0.359318345293559,-0.156579629803045,-0.433428339704497,-0.226873256159425,-0.524498705880448,-0.0126065497074466,-0.152344317614728,-0.398266662951331,-0.311840453048439,-0.222408222945312,-0.492092185023845,-0.18480666155621,0.187114069137555,-0.219409133944949,0.0293855087833736,-0.171889764247674,-0.071507859301988,-0.390698554417044,-0.244802555865879,-0.169899569022364,-0.106844448259841,-0.35010852468193,-0.363710254862519,0.242426723455983,-0.155964537715357,-0.38971774040802,0.133483975060312,-0.0900685925554935,0.100012566789069,-0.246827895842991,-0.209528225684558,-0.192911445720301,0.119393887777127,-0.134978834423006,-0.273403967768471,-0.0698454082957793,0.580045169537165,0.365509969891799,0.537756860041497,0.551249043271598,0.613060669301761,0.2801816762442,0.35195027536989,0.83272807041589,0.487707752228761,0.6757418923856,0.191056038337056,0.57040830048318,0.493303731782426,0.295378550999977,0.0483536429003611,0.406977902107442,-0.275969748706973,-0.314304318578183,0.0502124299963375,-0.278775829402485,-0.195543131919174,0.146387688025759,-0.113033209644145,0.357007781890864,0.0710973406147107,-0.0699187430318573,0.453612455414811,-0.0846444153339579,0.0983528449543124,0.119848136360848,-0.184568252541686,-0.235821817151001,0.246715360304912,0.347408300669807,-0.0330468241704358,-0.12131484940308,-0.0146439731413001,-0.212660061112824,0.135587420865549,0.335173077908438,-0.00089743748882,-0.127831407583747,0.0013820125516967,0.417735920123335,0.349798132676177,0.35405533258376,-0.0823759019676404,0.426569775583431,-0.354465536933031,0.0885367032288691,0.118832447139313,0.314521945943657,0.14870047272582,0.328509821642103,-0.438749873367508,-0.413208905256537,-0.108514029355522,-0.300971799579515,-0.29443673223554,0.130569394749248,-0.202572692916157,-0.110514318109658,-0.269090181564956,-0.287338338268311,0.552315459344637,-0.414885378065372,0.108671733258362,-0.139824394250322,-0.275192782027022,0.303344162514839,0.0986057814305093,-0.3286904699088,-0.0421606017103443,-0.1661384517101,0.200098167742392,-0.0375751696075988,0.164737099243659,-0.141470118546299,0.0875293817750644,0.170335463565132,-0.0924193700112243,-0.167543056920657,-0.0479690953104428,0.178321114053894,-0.3466027136109,0.0967962721999182
0.275787313130292,0.706991297232894,-0.183736333615308,0.544896992455224,0.171191095693285,1,-0.200393268617528,0.64187472638647,0.455603718926206,-0.141421917507973,0.441279028640286,0.43776093278676,0.096245313989739,-0.194866502730989,0.132865566358621,0.190797309167162,-0.152143419739134,0.118804165707492,0.0907653939848072,-0.168922847863971,-0.29861933363404,-0.250356547990481,-0.235314472142383,-0.288096148192305,-0.111562803208341,0.239693375892275,0.20779548455537,0.0836713359672348,0.0961562628689423,-0.0934337782918399,-0.139637950195175,0.321978928088289,-0.161242390030519,-0.228090096099826,0.275640365235305,-0.110906485408108,-0.013804728199986,0.153059927158646,0.326005147262068,0.121300858730704,-0.321855917883654,-0.227911666103027,-0.211455531441706,-0.362219595418813,-0.413563973882785,-0.106702139241046,-0.380210633562152,-0.189203157094017,0.0804418123394455,0.106348486131652,-0.0679971220456679,-0.0815060118470511,0.129465221831392,-0.151126218402748,0.276790864683657,-0.0009690275792531,-0.199166220681015,0.13468367927526,-0.139073936430231,-0.0725866870741664,-0.215509416166664,0.0449528702715164,-0.151366228792121,-0.313957275964208,0.0026993933565939,-0.153868070536922,0.160092316461072,-0.476648432326714,0.0616323523515269,0.0074860503601049,-0.250790176421286,-0.299462813357896,0.0378702086244786,-0.453490955593079,0.0104796488107442,0.0875435122189258,-0.0219735957897753,0.296716944688052,0.234869648110209,0.0241187641450905,0.0730737598613566,0.309913159123352,-0.0500204080167555,0.0396082477354728,0.396332339723286,0.204522946610252,-0.426657049322601,0.79322835431437,0.0117753634173506,0.517437765761224,0.177074041326175,-0.162256137383342,0.681908817170529,0.598080539205972,-0.173096515972524,0.0451394036673417,0.225051545351669,-0.124778671518155,-0.19896449277405,-0.112633787633387,0.0749496198369939,0.0318760090910736,-0.334611274880603,-0.230243850354827,-0.312937382186443,-0.43930287478268,-0.27753085488084,-0.180456662382893,-0.269573675245877,-0.278085382463542,-0.107049673064526,-0.1393746779117,-0.0746127054890185,-0.357384701868221,-0.226942857520238,-0.347585393794233,-0.241907424817656,-0.0634216463515342,-0.16519057953806,-0.185832933302154,-0.379081562776103,-0.0619859294482227,-0.452466178048631,-0.161753300025937,-0.3909993716707,0.154415397123477,-0.499085083348888,-0.128179327831204,0.0910114070353201,-0.375120436506406,-0.290423175560164,-0.446515583791763,0.0596454610557739,-0.672140953938805,-0.0577535146797876,-0.143823999227513,0.10618957799253,-0.559128444662955,-0.1621215598731,-0.23623400187639,-0.122895270084888,-0.335796471803366,-0.404000454992056,0.117362054068403,-0.164342449821113,0.180215919668389,-0.216051059697835,-0.194655755497255,-0.506464567741894,-0.547764023097213,0.154647527080225,0.116774073689202,0.162359867571906,-0.162747451894234,0.168665491283002,-0.127326731925784,-0.165528051735304,-0.197643232944409,-0.344282755313151,-0.276641817875145,-0.277395384969439,-0.101903938342204,-0.196442123168944,0.260776853368512,0.325911229421766,0.139380042453118,0.254603873977888
0.278908010113229,0.0177892720210423,0.355348263288685,-0.186775242053542,0.159714039773896,-0.200393268617528,1,-0.124333452570653,-0.29527979329565,0.596115258134312,-0.258523263052261,0.012540387189214,0.326447253022197,-0.0011730584156449,0.0933569515254948,-0.249915864748176,0.0496067497054206,-0.218945797895573,-0.342696830038557,-0.170789550846366,-0.128994895736079,-0.234911839748265,0.128561112143871,-0.264956533141089,-0.126507458428311,-0.0698820658622866,-0.06934800869616,-0.258436847042009,-0.28781834773022,-0.244800435546055,-0.337349809526166,0.0021477692735414,0.178502879397756,-0.374249751006195,-0.425660689372605,-0.424020137838788,0.187192363018363,-0.116902763929214,-0.184529299229464,-0.199094606483896,-0.320576799646575,-0.106250126678612,-0.341059185049137,0.0188383494156434,-0.0541845971395867,0.0197034217786562,-0.173812343337474,0.0316646542118668,-0.367428287826328,-0.514764556874099,-0.476724547591004,-0.234782989290208,-0.145470950581361,0.0551234783193873,-0.510712930673438,-0.337695967212984,-0.065741290749514,-0.0863401508540425,0.0773658177285991,-0.240924566314724,0.021562253804589,-0.0011347369917566,-0.122457367159675,0.135452180549704,0.148169714063585,-0.129977270004262,-0.0661873753171497,-0.0406196248857346,0.123629513230663,-0.117952056860918,-0.191741413645017,0.140032446085216,0.0863714484766695,0.26998714670099,-0.0743846953470855,0.0733650850509064,0.0627101860393087,0.0796730638488135,0.160093334565404,-0.0295771093658979,0.223917337875374,0.298146634356072,0.379377829404462,0.404620562186643,0.135400659571646,0.101296720903302,0.558440271187098,-0.175780611748641,0.127611854049733,-0.233460685701856,-0.233837616474322,0.599807091658959,-0.142253162136014,-0.341125755860593,0.446074557331052,-0.446550276144045,-0.112849667794698,-0.237541960133888,-0.360555689679821,-0.130316306184214,-0.309706615436051,-0.324763737387191,-0.0355887306248785,-0.329923721857519,-0.0784936761676966,-0.108512499429535,-0.18263839116673,0.0589832385180886,-0.249780753380684,-0.340138213316905,-0.296296325909269,-0.192284244413391,-0.233310071560159,0.538484574961819,0.335644950428238,-0.217459198417312,-0.284413642189644,-0.212769964692039,-0.321978470307128,0.0193032373828219,0.093074997068425,-0.223953778443367,-0.100047664573545,0.109485231531016,0.409935041949376,-0.0439080030656532,0.195001509423813,-0.0143950621578929,-0.0931931338751853,0.10591315860938,-0.0525091741174433,-0.0135829780224885,0.0923063321103352,0.124394134890104,-0.0682272122372128,-0.149508141474665,-0.188005163127115,0.190980920603021,-0.128169314390021,0.0600989951094469,-0.249853799887238,-0.0302700563447927,0.139990370926186,-0.0221025063921489,0.151286008720907,-0.103356875235712,0.0197561713539215,0.115512773876464,0.319745126427374,0.222614235311919,0.138118948424984,0.264738062559744,0.0201895999425241,0.225139490853101,0.0243066412861105,0.283221125383107,0.169869812111126,0.0743123973765988,0.0916445763327313,0.385500184363056,0.0413758157490977,0.313902623727661,0.373250357305821,0.350879872219371,0.0920175999176595,0.134573406825568,0.132266474944272
0.298509032541958,0.697751566830296,0.212403529576731,0.381375940936616,0.215310240416862,0.64187472638647,-0.124333452570653,1,0.345658990773183,0.246202017249098,0.420947683197302,0.281285908624951,0.268180793504769,-0.391591288123662,0.0710874192381585,0.0399756678838767,-0.304734014098528,0.005315892594665,0.0972476459908274,-0.0644547024590975,-0.321695174171144,-0.153816002383387,-0.0964511403533424,-0.277819567923892,0.0146764266194142,0.159333408590395,-0.23669278465027,-0.0847355539887732,0.158544420386182,0.100555124487013,0.0031499893072078,0.0645009329565299,-0.0805663016659823,-0.147579802131674,-0.0543684248621262,-0.153304060743813,-0.106148980504633,0.0533674055110806,-0.000394406689718,-0.144638150578232,-0.306557942943923,-0.381551849289024,-0.419582247089525,-0.298870932569095,-0.377878125959479,-0.271357782517835,-0.319691453258833,-0.0995872683435359,-0.31281652813,-0.124903009886407,-0.0059831419306204,-0.265066542517641,-0.123912368766778,-0.034405928353251,-0.205553171028922,-0.165847518192031,-0.0840622962591939,0.172779534126363,-0.0427279179086455,-0.219471275502498,-0.0619510112353169,-0.170015145979689,-0.102260586633174,-0.0526419789363182,-0.0672516480406024,-0.294053733567206,0.0072387005866685,-0.0438263354545703,0.0969958584137739,-0.150479609876236,-0.239009691485829,-0.0878938907063699,-0.023743993410501,-0.0928807783675792,-0.267246816724901,-0.0009780644623077,-0.0011409648681944,0.202358684997844,0.135324760944789,-0.0553986928207213,0.0307921423460639,0.216457129803456,0.222445710091868,0.142801240844369,0.606430676926448,0.0511112455370789,-0.0831432399399454,0.480958168884255,0.0442862258015026,0.323933892397366,0.183283168479887,0.22356157187924,0.63067439111576,0.33866400782468,0.144113095598936,-0.156699338149297,0.0083974106718053,-0.300449087985224,-0.352964732575686,-0.369294966059937,-0.0637754628399216,0.0813839881660695,-0.272312448090426,-0.204059944326095,-0.260071187267225,-0.477669345789004,-0.236940824100802,0.0014322057421748,-0.135590104885242,-0.173483221137009,-0.194665874744499,0.0073426813322062,-0.0454037712912726,-0.0192850194974278,-0.177234481664911,-0.174280217277064,-0.0886682219305716,-0.0474405897066727,-0.15342178750418,-0.0554657342192264,-0.195451773050561,-0.279918075427673,-0.419491378338795,-0.134595267479224,-0.191910278239143,-0.0384424256714656,-0.342010570505404,-0.246035584505141,-0.244057945144191,-0.289103510141075,-0.348398276595379,-0.374779437622715,-0.113683246871169,-0.451944132077993,-0.253022983885351,-0.169981975750249,-0.161878615431611,-0.138700432650098,-0.271912267375222,-0.159165306798032,-0.318845582413764,-0.21109685673606,-0.347270649240788,-0.0576387722555952,-0.202842193855181,0.161538874177816,-0.134401325690324,-0.17542562986464,-0.235043561934118,-0.448058030096385,0.0393394565108047,-0.0229146122897263,-0.147979571338059,0.0173190732268487,-0.0741741833581628,0.0042630680285111,-0.0105332630497701,0.0500865671263768,-0.255213594479822,-0.10176551093819,-0.219441929814408,-0.0054672537330978,-0.243702920715786,0.0738476609867909,0.222192514417218,0.0050868168397907,0.0882026569023887
0.691761523128868,0.489219842999498,0.143194982164735,0.922589359849245,0.622508910117955,0.455603718926206,-0.29527979329565,0.345658990773183,1,0.0468039567007788,0.938872666003908,0.852885753669117,0.552271294911227,0.0945119372012229,0.0195874699123336,-0.0332258249503034,-0.196084986515177,-0.171018534955067,-0.117780067567773,0.217187967043129,-0.148024231843012,-0.298479334501722,0.216631733534862,0.0012112674832612,-0.187900884634907,0.227628047310416,0.113316243766671,0.2397697556957,0.156385841489345,0.039533832685979,0.160693266881097,0.639187585587499,0.468207746895513,0.0357133029889375,0.0168448348791599,0.0757223549559945,0.244462908163199,0.310804087364244,0.62582107724398,0.432512068036293,-0.375653359582257,0.187208664837821,0.0623939791234842,-0.388157404665755,-0.0577908299995972,0.306057615681598,-0.150420254370976,-0.319707489651604,-0.0744027268819638,-0.219947707115039,0.273702065864396,-0.294560398507044,-0.339736827099773,-0.544049405111624,0.170958656336957,-0.308762603358825,-0.267129817420964,0.249206488942011,-0.264127624256379,0.303806505927905,-0.30203749737853,-0.28625968504897,-0.433798686816523,-0.463460623860159,-0.270970091037577,-0.0867732182350077,-0.426952461615075,-0.42776823394304,-0.145048169129027,-0.18899997457458,-0.463211241973991,-0.281745117076041,-0.357116934483032,-0.322726879527381,-0.323596301222868,-0.464903305673347,-0.424371668039366,-0.0188737651051288,-0.325745181084506,-0.309764221105321,-0.289123237056028,0.374894593182833,0.287226988680229,0.320059923654916,0.585714437521688,0.702983245585562,-0.151562981017806,0.478057627803079,0.69214180413688,0.863177691501358,0.913266781940363,-0.0412240593920562,0.756443243977036,0.904542939130565,0.19837449677826,0.149985709266271,0.21669363615627,-0.067695328723135,-0.233480488880234,0.0740163883401496,-0.0072046704258764,-0.0622891549637938,0.213370177084409,0.104440232790469,0.357476929676256,-0.0008440515392657,-0.0054595119973869,0.447309291355733,-0.009775303827577,0.259877964129479,0.266631478074759,-0.151718736151243,-0.226416034275964,-0.0912019341297433,0.371764261476348,0.0932993311309381,0.0738341226640542,0.013232644794778,0.0966845474709947,0.255580538274835,0.332119302180947,0.223073450080312,-0.0570593940842436,0.012357044832365,0.157149069962222,0.463057095165092,0.175394536414097,0.0995956153033334,0.350735439512417,-0.338859775376598,0.168138629127055,0.141670613041046,0.436379831629312,-0.0629621873624407,0.539506350420221,-0.382048618299111,-0.279033268089502,-0.416997242026101,-0.390237405103043,-0.53419350733789,0.293416756071891,-0.232932854278864,-0.366408422203799,-0.309127155908609,-0.486917360511702,0.751037485507403,-0.257612349670606,0.201393218435589,-0.430579550080551,-0.655380471171922,0.522122557875976,-0.0263546107226014,-0.280681150517242,-0.235366238777331,-0.257964612134968,-0.110927604363522,-0.301861604216217,-0.106136191374069,-0.446297198196907,-0.240205361155704,0.0381106401015216,-0.4415015124912,-0.55096145745621,-0.268993167150362,0.161847873885491,-0.467169723045246,0.0740680420669139
0.457308574672803,0.325663684483952,0.806252469297943,-0.005396995499072,0.256053320759347,-0.141421917507973,0.596115258134312,0.246202017249098,0.0468039567007788,1,0.151915806050514,0.158465706909796,0.705220240380136,-0.0403115222214374,0.121158804388765,-0.249288402585962,-0.236856164478744,-0.254718720010514,-0.220733014962907,0.06793896427918,-0.0604284855211371,0.0117584823088921,0.307845179116092,-0.084185453933348,0.0901174742463234,0.0906006398093468,-0.421134447744452,0.0689519920757863,-0.0574912419195439,0.0403871100054839,0.074499935098396,-0.0570201263332474,0.391415096169432,-0.121377910668121,-0.451883364260872,-0.190873329083601,0.180468213827478,-0.0717712543489347,-0.216461460487344,-0.146395564868226,-0.394494830067735,-0.0806981537003768,-0.331782095817136,-0.193159727838913,-0.0860702264376697,-0.0292637470632647,-0.094791225725148,-0.100392427507291,-0.580990739244031,-0.582364696215851,-0.105361633914476,-0.441482251408831,-0.379515855317902,-0.182012487320512,-0.598042941676975,-0.548182029223817,-0.137851935327372,-0.204176995518483,-0.143206717186288,-0.158000000044505,-0.0233800900334728,-0.441629088282994,-0.302284599971981,-0.004841906755637,-0.342256333331053,-0.459467541609127,-0.491979521800593,0.0539754076415986,-0.049638392075854,-0.377928240483917,-0.344207466428948,0.0257963735007807,-0.209263019886062,0.178843484807056,-0.450962908644644,-0.34978919039804,-0.197946451689277,-0.0965187543315217,-0.293417909843384,-0.367752247558883,-0.281158904448363,0.374566901886005,0.714839371239422,0.693072872740646,0.535562978520322,0.298511104335039,0.768940807151247,-0.168794653311899,0.328573543292644,0.129851011670376,0.203666505898825,0.92059902338861,0.0734842850793013,-0.0363209042181404,0.857049870756655,-0.297019630522932,-0.0972233611571181,-0.295767850569286,-0.340763201435747,-0.343393361215572,-0.264965874119231,-0.167469846659593,0.182836420745824,-0.0357596475544186,0.174132506450599,-0.0282222919115716,0.0666756570050338,0.400377859222571,0.132459177394467,0.0351650744682386,-0.1314142494873,0.0988982464355377,-0.0416219359896829,0.80968875949422,0.451013814235927,0.101043746077057,0.0722470906100545,-0.165005857746422,0.0004843285027763,0.405654557570308,0.447994895358415,-0.0697257476079862,0.0689866491606056,-0.141766404629052,0.352433336497473,-0.0526309402445362,0.233242654154929,-0.036301387185401,-0.16439698534443,-0.108966815378446,-0.007288488501551,0.114786216496627,0.0735577898478934,0.189778018538132,-0.0084038977204223,-0.23393977554994,-0.333083599296695,0.0878469353632553,-0.200581128030228,-0.148308264956223,-0.132016260574241,-0.195882266525881,-0.0010340295095698,-0.198690010226338,-0.16470154785301,0.0695081653839086,-0.106934602226438,0.188748291454338,0.168920741514375,-0.0758577737848495,0.410388227967873,-0.169498661006648,-0.313761037705817,0.102876936161031,-0.26187203140554,0.0191155596060376,-0.138404021814338,-0.0146644597626466,-0.223711526473156,0.219665457197565,0.115942695647612,0.0306673315767162,-0.011491744629704,-0.0429709942998809,-0.000738665826084,-0.279944446467986,-0.190679000899399
0.734435995600082,0.550426898388735,0.217707302275799,0.885233804318343,0.676685531829939,0.441279028640286,-0.258523263052261,0.420947683197302,0.938872666003908,0.151915806050514,1,0.81551938425193,0.570738093346653,0.032802745278948,0.0837188563408093,0.0315564078921372,-0.186542574749198,-0.0789984607898581,-0.15375651676033,0.159431757197225,-0.067429118289124,-0.243839266121006,0.30481786344991,0.0238518278255238,-0.191604410093434,0.251601283652334,-0.0506126796786512,0.12196907064822,0.231097470363444,0.156343562590856,0.121248039943271,0.613673263969494,0.459693728947895,-0.0636986061709498,-0.133719370890586,-0.0103551813871609,0.298858790727663,0.364916436038727,0.588441826641711,0.39415063584748,-0.473653175800421,0.194873624910937,-0.0520244646532708,-0.396298761968607,-0.068623008833107,0.314055612680215,-0.22928338228444,-0.296262142330531,-0.268813744714491,-0.348958666856043,0.229205240830916,-0.364656551906314,-0.433016543655993,-0.539052530632695,0.0118402148700879,-0.422438759279788,-0.36837971612476,0.316504328018454,-0.179007172957143,0.279471354061831,-0.20791326772708,-0.323113756980804,-0.511709218513289,-0.520501543652787,-0.305779235046935,-0.181071538719582,-0.458360057262331,-0.368039016063327,-0.0071814060781106,-0.205897042068893,-0.55922695359361,-0.163747842018649,-0.280968091682769,-0.23357813080529,-0.428002566077395,-0.499877931166764,-0.450832882095696,0.0906938820959694,-0.249328391270191,-0.281918411461742,-0.239834828249505,0.462638254287031,0.390359745662129,0.409602426648975,0.682905048143503,0.673744022229634,-0.0788907234841583,0.482119649631259,0.706107564227475,0.828972796217175,0.887189140023009,0.0407275740708124,0.756755622863856,0.893233315570033,0.253667062313764,0.104976523014425,0.257612601971553,-0.144789661667387,-0.179697462729598,0.0541127256135991,0.0424401023514492,-0.0609810144639551,0.235393506339612,0.165513672228423,0.384677982748018,0.0395757931252405,0.0309639941656355,0.472188820578759,0.0526257132748542,0.295073901096636,0.284743763812468,-0.142878629416521,-0.193513652641848,-0.0218545178142653,0.315343301075265,0.132368282390513,0.0355025963076161,0.106012808995528,-0.0244322824099535,0.170695042657733,0.354216000555116,0.105118275006718,-0.149302506891004,0.0426559103902396,0.185261268386531,0.465943029354845,0.172255303967504,0.0537112566816397,0.292882548476125,-0.428976392770997,0.162991244363666,0.177538878713479,0.417657027362456,-0.0272809219149373,0.459660637203957,-0.477811511038017,-0.385589815728733,-0.368498079987562,-0.39850496005801,-0.57334852576261,0.223164086685722,-0.222318134291446,-0.377279498203634,-0.404320242320563,-0.572619340376612,0.778575804406025,-0.249455675133493,0.218142105543271,-0.396398048038665,-0.675216112605048,0.505110870719032,-0.0030875048012284,-0.340798320465727,-0.101312557517762,-0.285703314276682,-0.0348270614386828,-0.2362627073542,-0.0105137077157749,-0.436964927642013,-0.186068777627716,0.0160765554091182,-0.317022386340784,-0.578109063399887,-0.241598569316973,0.27652585070423,-0.404930450876605,0.145670565809577
0.840361239036504,0.518016183881493,0.086933754360054,0.878957342560496,0.701426428731881,0.43776093278676,0.012540387189214,0.281285908624951,0.852885753669117,0.158465706909796,0.81551938425193,1,0.726803307632729,0.150402559552199,0.0296816096830876,-0.132179399487062,-0.121035561373389,-0.311383018019396,-0.195721309176224,0.180887452807101,-0.258392166948764,-0.395117330750794,0.167966339949608,-0.183057930845367,-0.160995508908074,0.151077557590583,0.118453029904768,0.188431842743536,-0.0916367395439232,-0.279433308346667,-0.130602991324652,0.676481928360254,0.489493538530541,-0.154193111168769,-0.010177250085181,-0.161911188839041,0.326698569218688,0.168724737470886,0.550470672490636,0.333552362544006,-0.491004846175767,0.109284025966891,-0.0062728419775697,-0.410220370097969,-0.12479164811071,0.244737024893758,-0.294578736851301,-0.297800691854204,-0.108614067633297,-0.404358957765332,-0.0031355681890559,-0.233225277429699,-0.252054284914734,-0.46381031033281,0.0657486368949702,-0.403225097554624,-0.331226632613037,0.0997702713099405,-0.417027524341892,0.19612284161898,-0.307567861383316,-0.235546657125698,-0.499842373500667,-0.47377355886876,-0.197316083319614,-0.179856344698664,-0.425648503019256,-0.531504376498935,-0.132629796154675,-0.114865538259958,-0.498267419198474,-0.28651800910021,-0.225109755886932,-0.366878930165839,-0.224352672749508,-0.355770775931388,-0.391801583980191,-0.0705763219403703,-0.281688071358047,-0.432264131057364,-0.249865173468632,0.496442330711632,0.418211691435384,0.502726763182464,0.633189375815176,0.831117170758702,-0.0548784627574722,0.54286491500056,0.761321481136203,0.796904327881754,0.806231342095615,0.120212411023065,0.805846239157692,0.802578718785574,0.317890799295762,0.0291352094937921,0.260743421750504,-0.222443016418811,-0.43602314447116,0.0692336805932767,-0.147163226327684,-0.138269866610207,0.149597901577386,-0.118210157046064,0.41983708407221,-0.0765008481417377,-0.0739775093627194,0.400326652978946,-0.148087959293237,0.0554625929482893,0.107537226536527,-0.141327872243268,-0.242457156410493,-0.0250436547796819,0.42189115106447,-0.081011560003204,-0.208776897057988,-0.236120847409716,-0.0823306485901028,0.286217792626963,0.384100222992247,0.186383837625823,-0.135489742083042,-0.0305492802725244,0.299447173241719,0.439012811170392,0.23666137483025,0.10812827175499,0.364293722967802,-0.293553799025896,0.116761579835385,0.0477581727053707,0.390417469641125,-0.104808088062617,0.506083700566494,-0.462116934183748,-0.202384997080443,-0.474460516618898,-0.255995586081844,-0.441492596490226,0.1727690471783,-0.278707372784364,-0.356337549786295,-0.167515756019245,-0.330489412573917,0.679309885304362,-0.380407670321645,0.0710308160094654,-0.45197831207546,-0.586247544509619,0.547120200993658,0.0625940204955207,-0.186178639722635,-0.276990026278109,-0.166823847816264,-0.0928243249443829,-0.290345585946436,-0.149355041031538,-0.374241401842381,-0.249303854995885,-0.0176162966938742,-0.348242989382862,-0.328936354604921,-0.0960135954065458,0.0673788634076954,-0.439894588359301,0.0811871629968974
