1,0.804208119602748,0.382871960326718,0.738619943107005,0.655802694574952,0.822593271307172,0.0910447743566585,0.614895271806718,0.806593038770445,0.704698063067414,0.664543211439829,0.809818633851703,0.717842768337419,0.0626173605669725,-0.277561253039333,-0.0935302742697643,-0.147783422044904,-0.169426044205922,-0.53159751867131,-0.512962823099645,-0.164453380462721,-0.275450667021077,0.00243683296647885,-0.0475970122474036,-0.355607814250461,0.141988546715796,-0.29386034409794,0.190564982832858,-0.249609746669756,0.057511183286842,-0.256695358671438,0.33951139080706,0.138101846156347,-0.166628782763259,-0.111947707537471,-0.339363829021622,-0.324458292332219,-0.27998760606801,-0.313269457373428,0.119509254970472,-0.205163703965032,0.239718373259411,-0.391053278610025,0.0189116002236516,0.0891435445196064,0.028067892900263,-0.233214435875174,0.264577910943327,-0.45768474215257,-0.343824888864152,-0.228242798752726,-0.459476890306354,-0.51436249217434,-0.298155690763433,-0.344482187792506,-0.364734910851651,-0.301967593525272,0.3187936612175,-0.0557378005998829,-0.244452453500824,-0.369849561848947,-0.40254571003054,-0.489751618807525,-0.548153785303333,-0.468590095817033,-0.55180111293651,-0.545937376258127,-0.524483142704557,-0.132439321375073,-0.492675178595406,-0.554882697937368,-0.196556296845331,-0.390031445327258,-0.24427057082121,-0.3931510489242,-0.409348060463339,-0.466590496959853,-0.0512578809102344,-0.255317163062919,-0.35356633880536,-0.120162688483885,0.181987060246575,0.664099571618963,0.586823243080608,0.663504045898416,0.79159603063752,0.687728408865062,0.531317008104864,0.56314589027551,0.804121942197809,0.458026053941204,0.758046334107652,0.483438641156403,0.803162205539892,-0.323252696185088,-0.417660992710105,-0.19173812534179,-0.0401909805839906,-0.0242010665357192,-0.0881249127280681,-0.438114496816146,-0.287147328035704,-0.132932510155548,-0.110062115249331,0.00306932992064851,-0.448622901454435,-0.0355267361131405,-0.391419493405901,-0.18462281969062,-0.161874105883238,-0.32033789160847,0.34579548705701,-0.0375074147368648,-0.178056300308787,-0.0897960511465671,0.0242629091096827,0.484834958475102,0.399831964073412,0.563712666896521,0.166513221568065,-0.182504980969621,-0.136921956811527,-0.283463979979216,-0.032926379982191,-0.194455653411264,0.155030721709773,-0.0347875824786443,-0.153237852343054,-0.122772577104032,0.377759447711068,0.0223122339500975,0.112651006349652,-0.101360319126571,-0.2083976661705,-0.398424763227555,-0.320520715528928,-0.46812014173125,-0.232550735401373,-0.161260896660095,0.00481042166332859,0.084962483190491,-0.356309047899684,-0.0585673853469051,0.494124102416721,-0.111413166208785,-0.146127080631984,0.143821311933529,-0.401138461550779,-0.114041704297497,-0.369688704196292,-0.469548817136825,-0.528796020586824,-0.423945363124682,-0.376562307351151,-0.509069031333095,-0.385353158804944,-0.577008243416454,-0.0771653228821258,-0.0857907757348908,-0.229724960770013,-0.284406758855675,-0.125251388372387,-0.128319731092062,-0.239118248560513,0.136835246497806
0.804208119602748,1,0.368762070556911,0.556609951828483,0.444272265394845,0.945220583923568,-0.280527852757099,0.890825181824941,0.584249146652246,0.807284224137483,0.248878619355105,0.734084179213702,0.952205827906637,-0.246244383945907,-0.434679221658548,-0.253441928217359,-0.308959381760492,-0.241085707877707,-0.530166759579324,-0.66940978226456,-0.28298312423252,-0.306484738393154,-0.0243979719158331,-0.0231876031648684,-0.260935325310182,0.174712225379289,-0.293309228636274,0.309089177679002,-0.167364819491643,0.0700762015046146,-0.0814830334858076,0.411956226652637,-0.0176429710310597,-0.0713744650824143,-0.00105035880683597,-0.262101160693954,-0.548989417592402,-0.41446649478215,-0.375579216111208,-0.156313186990906,-0.158930318493224,0.0608335175122973,-0.42116612456924,-0.116180289654207,-0.0969195937514907,-0.246216072501546,-0.439719907003816,0.148116580065381,-0.249029329672049,-0.165897069735303,-0.0539959583873402,-0.494274780416062,-0.430770825725668,-0.151942961820671,-0.239878668929907,-0.278427703632286,-0.157182774739294,0.369395974232819,0.0788208174232082,-0.410480646258663,-0.161183329711214,-0.419252473831739,-0.378633245400142,-0.566028950739881,-0.666479778317783,-0.432496360686153,-0.440721609822497,-0.522022495225551,-0.268918248050428,-0.376619629082779,-0.413349292828855,-0.193370489863154,-0.280873346495903,-0.288839386148505,-0.288454456864138,-0.197284112026181,-0.29479751239199,-0.0664631630610718,-0.212094706039084,-0.488935237204063,-0.291273463270404,-0.0748378845357308,0.593203854698708,0.329191871051292,0.936877214259315,0.53989736487547,0.835383184490134,0.834570206234367,0.26057563242025,0.561159611967682,0.173876622300467,0.905408416713157,0.0126363315081909,0.827792495719664,-0.524047396145089,-0.569792180110421,-0.351922904220006,-0.213613772549352,-0.212262428779339,-0.357838970911604,-0.32557187239988,-0.327474495545506,-0.15330455187996,-0.36092542998145,-0.161133491144581,-0.644551016252493,-0.262859193560645,-0.511878451533762,-0.304905999530449,-0.135807656129545,-0.217721284519891,0.0887963193243987,-0.339583550608834,-0.391198198955634,-0.0408123658868603,-0.0667308259235209,0.436100768300193,0.349568901462472,0.325536625119888,-0.0720706421391614,-0.370472065897394,-0.380620885932642,-0.512933427004944,-0.287656485893868,-0.361928528321444,-0.126627457454304,-0.331119576134899,-0.286764621819944,-0.398308047379803,0.115891608138488,-0.30075698485967,-0.17140421911869,-0.380008933738797,-0.23722339263006,-0.404994647640655,-0.261279014796379,-0.440996196957895,-0.324956972685777,-0.362510435994234,-0.256719176206122,-0.0756698139595294,-0.276454874090551,-0.0595126793045298,0.202158480571955,0.0173247173515514,-0.193810290465668,-0.113242452783144,-0.496316944883345,-0.413280339163735,-0.618462668436133,-0.332389774363348,-0.478392891265072,-0.331724384474214,-0.515912987207924,-0.567277570673382,-0.451411446828864,-0.598993654021167,-0.227763288730945,-0.186171924623872,-0.290805297630962,-0.339363218299775,-0.135388401848075,-0.182415366870829,-0.268651931962702,0.0280244822730302
0.382871960326718,0.368762070556911,1,0.0251917661055686,0.0334931876159783,0.212182279877158,0.221479418237128,0.331333669265285,0.0204104112829587,0.492079260197721,0.183536545114206,0.278195383671185,0.379365025538936,0.168961176099326,-0.125175709230215,-0.0633683707321262,-0.0249470829389218,0.218821037577009,-0.231246727379386,-0.0873298303922259,-0.155574333472036,0.00593914856308509,0.0138932093102858,-0.0107933393271474,0.122109249944449,0.704942076230521,0.16365761178494,0.444758576036495,0.381109429523604,0.141718807082112,0.177623461940597,0.0677863782944183,-0.0244153858221665,0.0940855593450354,0.0759093915242677,0.192777199462253,-0.0451996409226595,0.228371605411996,0.0748600999080259,-0.00558881992659342,-0.0774450741709698,0.105365362739944,0.0207356049387718,-0.216652042757037,-0.119684886656208,-0.126313024512713,-0.0285400247375755,0.147931729686702,-0.0188257292679523,0.0853660646919101,0.278907815855907,-0.00697421679859121,-0.0719973827115436,-0.177608674176334,-0.023147495683603,0.0177110675251308,0.174456520846015,0.237687079728894,0.155712437654579,-0.319292358557011,0.114345485928644,-0.172871258042085,-0.0759012266436386,-0.224457304474794,-0.233353539400533,-0.0650899927874662,-0.204150657890121,-0.184760004659522,-0.219347883541034,-0.0133313364965962,-0.0428898471584378,-0.330588691744711,0.011405978157201,-0.317589747618736,-0.0755986010525771,-0.15822807662667,-0.141599714131756,-0.0312185722778585,-0.130392834620632,-0.37213443870175,-0.258729475141856,0.0442438346747072,0.477610758375996,-0.0611968056434612,0.276744170642265,0.156141684711021,0.57914523005632,0.094428490414426,0.10971694831756,0.110950290888189,-0.0685940768485991,0.386035723283309,-0.0172427980450676,0.54392653089272,-0.226017642234668,-0.0676312281148892,-0.0402782739248842,0.12706677438493,0.121359516876351,0.0935665075832491,-0.293774669060324,-0.219688477782204,0.104832098399333,0.254452777282855,0.0684282969868692,-0.00219667877837546,0.0594850777848884,0.10112565038596,0.144710206287941,-0.243838259194887,-0.171840188822304,0.0289962467379796,-0.103789617439316,-0.0596965095648876,0.0362861733204922,0.0942203630163644,0.509451408234521,0.48438027813233,0.589185437271922,-0.341705991051238,-0.056843224848348,-0.156321185661282,-0.150727001050832,-0.0192069795272374,-0.266755534151515,-0.0400878370862916,-0.280032692155457,-0.234355088111689,-0.197157899778536,0.165786798993495,-0.296825670313253,0.114804250839714,-0.207006196903388,-0.302166881159901,-0.292381884739625,-0.0350537818121466,-0.155043205710251,-0.401928229272509,-0.299113805992705,0.228832306201779,-0.553814447516698,-0.385865167095813,-0.101936828717168,0.232794692738904,-0.0108341433488731,-0.3497336867382,-0.234927994881692,-0.28753515682398,-0.335330816832584,-0.178105384895586,-0.146739460310765,-0.272392026009206,-0.109631420887963,-0.212850524237487,-0.231667665512143,-0.178551147819089,-0.0545471922212078,-0.435593207740422,-0.183631417339829,-0.229325421716909,-0.401003035712104,-0.551184312958322,-0.220281238569952,-0.314932824594213,-0.327396603092021
0.738619943107005,0.556609951828483,0.0251917661055686,1,0.69413424835203,0.624457268690427,-0.0137395433109831,0.362013742447979,0.816229962866248,0.47433006116072,0.660003938879527,0.505877500807997,0.481156658961284,0.0273232502119061,-0.119148127463039,-0.0298360624047908,-0.171295789708926,-0.224338222375291,-0.431630861687759,-0.324392359279753,-0.167084962879305,-0.288176235661687,-0.0684601638131831,-0.113329413345256,-0.333224541126667,-0.0825794479883013,-0.168349203285621,0.211639398814274,-0.258512788533261,-0.0397518378871025,-0.12995143396803,0.342387374329519,0.00666896742097149,-0.0290331717883906,-0.10165739534765,-0.161336104958609,-0.276439510741733,-0.269153836758353,-0.174667334712911,0.116851253114316,0.148448029342288,0.226893713795353,-0.210038915749555,0.0627863208565028,0.278096852893082,0.059090222216439,-0.106745742177496,-0.0143752471656287,-0.228583617089759,-0.174605388421365,-0.143376972789172,-0.491193512737025,-0.318173202780963,-0.0136579136723576,-0.1308078331999,-0.108930720641134,-0.152201204554463,0.358185003580289,-0.0119555358843885,-0.0766960034906485,-0.492001531167206,-0.282909905211386,-0.221602247602701,-0.199942109199418,-0.43510897179693,-0.289054342990869,-0.534133522307188,-0.298308454677416,-0.220457797319312,-0.225222436374354,-0.264732004501037,0.045292883913687,-0.426353751548528,0.106719940775702,-0.0966288715849781,-0.293756113435472,-0.319295664288321,0.0465704145912613,-0.19265000437183,-0.198346571937275,0.0256646256669629,0.0773705810658739,0.258784328140724,0.497973320930945,0.486273451086,0.847546688170198,0.36447573972423,0.469687067208137,0.551420722203509,0.851933961431687,0.495516010977549,0.531927079744666,0.469980627321883,0.59519814909508,-0.264728545737766,-0.345579686482788,-0.0992062258827408,-0.194002923269488,-0.206657307601001,-0.120266150203421,-0.303865090505563,-0.186569935400575,-0.200379440702079,-0.151666471576991,-0.0267158438172154,-0.398253989800983,-0.157461464643922,-0.287823533002554,-0.27142210988089,0.0113090321453314,-0.239429615614811,0.128332068770725,-0.156277717655403,-0.277089567098287,0.0564349308712433,0.00220655939653454,0.340923238501824,0.287619726204122,0.255963330209582,0.208072491136933,-0.223243368316359,-0.114602497067159,-0.296859753597613,-0.164675511442171,-0.106584123927588,0.183960974384666,0.0854630092180666,0.223826444408617,-0.0543229291009265,0.241458012587669,0.100605234924353,0.0949113039045719,-0.1026217264127,-0.00996033775156594,-0.273435862133716,-0.0433808613184209,-0.335423721767071,0.0587373050817331,-0.00198677483931443,0.0682388919701915,0.228486984022782,-0.106665055741017,0.114605483331294,0.461011219747308,-0.105338225260926,-0.0979948867829839,0.332977451080956,-0.153942393094916,-0.187340020870488,-0.37162031027139,-0.365163705535757,-0.590975106270487,-0.473551815138046,-0.42818132106791,-0.446872162110564,-0.375766677297678,-0.287381779444938,0.128415989755692,0.0861020328120294,-0.25497289575837,-0.246913775452444,-0.0172328650024237,-0.0163482636518012,-0.182712226822381,0.259795883676388
0.655802694574952,0.444272265394845,0.0334931876159783,0.69413424835203,1,0.561028151827544,-0.0440313958604687,0.284104783961246,0.740205366147355,0.324100796667227,0.543184525527853,0.553443504795209,0.312034396340316,-0.0857383938843327,-0.37771969482622,-0.316819941267164,-0.354961203606533,-0.415856862307685,-0.427437917015433,-0.399451709302263,-0.256908587195015,-0.473095142703775,-0.269680799277399,-0.333151346096139,-0.290569187704058,0.0294837064175968,-0.235346252563118,0.256171330557517,-0.250079700573692,-0.19640084524988,-0.031784359445113,0.588723824202885,-0.219855675615657,-0.115406919378627,-0.115060471045153,-0.117009954926497,-0.42162964207044,-0.409234177273013,-0.305446061405014,-0.109430376667215,-0.134966945754071,-0.0340950927152331,-0.327379483429814,0.0654891658821015,0.088117365346436,-0.107426733370471,-0.297855033879268,0.129295331031529,-0.266965982679873,-0.0890226010972254,-0.0285647183783561,-0.494034005873486,-0.294301950609414,-0.0747057507970793,-0.100172249460107,-0.0874115882328243,-0.154078978756993,0.502228651208309,0.197903490728408,-0.129422531130619,-0.383959860785152,0.0113417045035317,-0.190966712270967,-0.278418250638476,-0.193011704782636,-0.303306788480872,-0.197969702735226,-0.311156465928623,0.100901636117154,-0.438450851748051,-0.489073081200211,-0.0712288526065237,-0.401588956278689,-0.00387139497701965,-0.223076072991655,-0.220313215258561,-0.0906016668125803,0.463980826119538,0.221946331134046,0.124417960147608,0.353396352627521,0.548406615459712,0.34950259721076,0.710007888626559,0.331279941727891,0.700304221331436,0.332146611933646,0.330595420516767,0.768765982999551,0.787038932096846,0.675953679283666,0.380832442290145,0.436226211616404,0.485263595016583,-0.426089482424578,-0.521257501255202,-0.359544313388011,-0.319451278320643,-0.329310373079505,-0.276862432924555,-0.368726926041297,-0.364474284098279,-0.385303211646304,-0.289704119420894,-0.285341318665424,-0.443617803479457,-0.186919427719495,-0.433413547801991,-0.350952828092305,-0.277137402477502,-0.227654172997829,0.21577820859169,-0.174398569048561,-0.294011492950646,0.0887309349223427,-0.0396116431162169,0.168210015545016,0.244656564520611,0.160375196086152,0.244582052134975,-0.376332174566502,-0.271680423834715,-0.326933179952927,-0.25232772464667,-0.22527353192254,0.085138260009201,-0.0676939391011825,0.0902073859084909,-0.15453692018779,0.066792170553935,0.121824325271694,-0.157418861025356,-0.111916801656652,0.0186268584980792,0.0842425205829286,-0.139491731476114,-0.325224397563014,0.125859792148244,-0.11131573531838,-0.0964852362951253,0.342437279428441,0.0429210560766799,0.0428448198261329,0.43958634175871,0.106714019131876,-0.0312275308688468,0.230665573485345,-0.211564811159123,0.139138309914373,-0.152842811332993,-0.128123650926626,-0.394533778100083,-0.24597479199262,-0.149347418160223,-0.0649985717873934,-0.317610922592048,-0.530884554055469,0.246501761769513,0.119149130607811,-0.109929935412948,0.00187178508058388,0.155481354974486,0.409353127022539,0.156201442217962,0.490744492118918
0.822593271307172,0.945220583923568,0.212182279877158,0.624457268690427,0.561028151827544,1,-0.25816414858747,0.853197914309476,0.723574021367054,0.737368733850693,0.302671252770593,0.786632273608118,0.892069057219929,-0.212110153088073,-0.447043445370683,-0.267277024320079,-0.325988740922902,-0.285463155298826,-0.604396775861742,-0.682025422254332,-0.316886917747002,-0.37744847586028,-0.0492690629805706,-0.0736863813284616,-0.323797575336255,0.0564671297701709,-0.401648340549561,0.231242187652828,-0.184759725835576,0.0481499723399667,-0.0909602092004149,0.469960890064457,-0.0164476939866044,-0.060886630361743,-0.00037100623793443,-0.283787899344933,-0.523647489343849,-0.417431522298392,-0.379227326758803,-0.0925814128458089,-0.156538206550638,0.117764928779398,-0.422663987836827,-0.040225947797002,-0.0151735558364013,-0.201027906065708,-0.454035387940724,0.238452661223485,-0.326422030630416,-0.253656538740253,-0.0844024520006224,-0.626806145433216,-0.48948935830377,-0.148234136438649,-0.274579285933593,-0.297865434872155,-0.243449581789709,0.390730542289286,0.0557560950424399,-0.341546094510134,-0.305377431031527,-0.407168203309529,-0.437789012374531,-0.536000337277172,-0.646974136781592,-0.478738298369602,-0.50258706356387,-0.513772414820449,-0.176985506003845,-0.481303270153301,-0.514545753157866,-0.116612748669967,-0.388993969766247,-0.182410253693577,-0.346408166106751,-0.270489421995781,-0.320763711065241,0.0226729576710652,-0.159994903673267,-0.351535943033288,-0.138268225849882,-0.00806760219905817,0.54508578705217,0.477675241687949,0.895326190625748,0.609448759434708,0.738979476430888,0.854294060185627,0.422095505189055,0.658564581953684,0.323071631860885,0.855462701874169,0.0996679706956155,0.741496594531387,-0.516007997214235,-0.598238387022567,-0.373876878306931,-0.20430273001652,-0.249550941304774,-0.371941292986491,-0.408137538317347,-0.318502251622151,-0.209910163391515,-0.471680107183845,-0.225034180668858,-0.70119457815228,-0.229229558692144,-0.500304100385598,-0.326932312007561,-0.154212999352219,-0.269812588729883,0.147596774536156,-0.310511927758044,-0.367989242417311,-0.0358595759701733,-0.0173379775452078,0.345350558829435,0.257486425969392,0.283042919781239,0.0878455564227236,-0.385768758004888,-0.357696560817534,-0.434023724322028,-0.25846129423809,-0.245883667821756,-0.0529183074727262,-0.2562711128296,-0.179444530330478,-0.322867481732933,0.126971262352806,-0.168625595722896,-0.166688755772514,-0.28931956769919,-0.20116906183849,-0.385772756914085,-0.204999108727071,-0.505019102881047,-0.210583325276026,-0.295820687296609,-0.273120369276236,0.114399400834898,-0.226249585543895,-0.0450853857482323,0.238650656601858,0.0663854975545909,-0.139120051133055,0.0455616345811166,-0.454015358389261,-0.305096934952432,-0.540109748205576,-0.375497846525099,-0.454443958827111,-0.423974061878259,-0.451545812177538,-0.529568752476128,-0.37475333669252,-0.654699475827457,-0.0414205654044147,-0.10749552328714,-0.249333454618475,-0.272206341052469,-0.00955147610793347,-0.0577916626839187,-0.177208653570757,0.183025951151571
0.0910447743566585,-0.280527852757099,0.221479418237128,-0.0137395433109831,-0.0440313958604687,-0.25816414858747,1,-0.319942078085578,0.11891467939151,0.151319558193133,0.31616334188156,0.223766891803357,-0.273843534833234,0.623782929239953,0.525022662853709,0.466208048682466,0.723554982153203,0.4073403724823,0.276730664449775,0.467490892556444,0.506273360103715,0.446016726343201,0.224295985483179,0.152035626518962,0.181387900748959,-0.144600840508561,-0.182146120516085,-0.525228209049498,-0.0615386785253031,0.180818140251971,-0.556028696672905,-0.285033614496669,0.300409452802169,-0.533619529892867,-0.361548971281734,-0.322206548794396,0.657522962911225,0.374413404914283,0.213193122796313,0.571236217352821,-0.287154300047102,0.503478309065081,0.0686154479018884,0.15031681022624,0.257542773039343,0.642794874157343,0.660435947601352,0.437677592278617,-0.398322378414326,-0.559292907676747,-0.426608060153618,0.303923866850748,-0.272381780458179,-0.485417755039303,-0.379427194740517,-0.457819812262469,-0.458662851148291,-0.432469013814652,-0.444707777490516,0.00252040325895058,-0.0235644920117426,-0.0287149764696631,-0.387067651341246,0.0534694201385809,0.272605745715529,-0.357449652108134,-0.100927835196847,-0.0244666979209569,0.24839858569801,-0.232094608611017,-0.143949123972013,-0.0783604937440078,-0.00233285107456957,-0.040791743180526,-0.3908763306182,-0.511393131895445,-0.395849699398098,-0.2720759598044,-0.172746286770729,0.136272049977782,0.0662617033708599,0.101888984488355,0.162875854224723,0.129752947349046,-0.408663195186725,0.135850458006461,0.0113671917927608,-0.467415289827739,0.254153756836087,0.0615604394318207,0.070619209430698,-0.0553217161540972,0.471430892734265,-0.0830601264324898,0.468494528700979,0.535642335517983,0.532553270808582,0.655521752192336,0.710641806288686,0.818792768246543,0.0701969648919456,0.493072694248557,0.451536066547817,0.75155832418422,0.501767378750141,0.641769149247828,0.417339226951494,0.464206465627301,0.352527246307825,0.0655541805562618,-0.0794715565074088,0.308399549076458,0.676173957304374,0.540672981720504,-0.448766878067926,-0.0566247337360442,-0.118520374700981,-0.212602178290724,0.310768986230323,0.020941782018088,0.512169372527611,0.494123504445134,0.549803826337723,0.632268556002441,0.301600073512257,0.411407084411516,0.528716370058829,-0.1414751290245,0.656332634738554,0.569822983970574,0.571981929025684,0.643059627251409,0.511391771052097,-0.250956160878348,-0.333734197695203,-0.362263351812765,-0.103317054606907,-0.356483154150886,0.0903909034988046,0.335359378914051,-0.137428584234995,-0.493713281485001,-0.531830444780573,0.102002392900195,-0.313038491964116,0.0659139802131495,0.216772987822048,-0.108830099909728,0.478245509015344,0.460724481386863,-0.347399438857917,0.201173111389398,-0.158019730766885,0.476423719080894,0.0764339943104853,0.149354450782685,0.0651702738828108,0.0112919214786492,0.304581289493153,0.254167884341413,0.0789927681376347,-0.395331564906778,-0.104174218908299,-0.0378210997818501,-0.247117527382988
0.614895271806718,0.890825181824941,0.331333669265285,0.362013742447979,0.284104783961246,0.853197914309476,-0.319942078085578,1,0.494854340308801,0.74808925517479,0.116877733426938,0.654936226137311,0.947874127993892,-0.279356743271738,-0.412280266617101,-0.333602586148478,-0.299401695777276,-0.165948846936934,-0.52729224174757,-0.6780296848758,-0.268040399365487,-0.235981181150591,0.0433055836699784,0.0558274201054994,-0.377728222395491,0.0920488919654747,-0.456342784634961,0.199657468075103,-0.0794423098324239,0.140154116080283,-0.0855151695812596,0.41882119198061,-0.00865995430645494,-0.0105756862382812,0.119173710832661,-0.300814435742633,-0.529752239141381,-0.326932649187507,-0.40592202413448,-0.145108945273697,-0.197808420782033,0.113805270666009,-0.384146686944573,-0.0845102878534948,-0.103371187301777,-0.233636330426799,-0.374666599921988,0.134592866247245,-0.333545705633913,-0.219707411190336,-0.109058357433637,-0.627920887860442,-0.516243709080586,-0.175851713045248,-0.341891835393436,-0.301015649584365,-0.228647730839328,0.343114943201673,0.120046856506444,-0.42684967178267,-0.126613702394124,-0.326816671345021,-0.41336740024313,-0.53365656944813,-0.53977601470991,-0.429564346953595,-0.362283297555831,-0.504571623592377,-0.205847413952671,-0.473632203728328,-0.476206142207843,-0.10102487669625,-0.314952200651489,-0.229909654921315,-0.378165730211032,-0.151580210413627,-0.275798812182455,0.0523033433606221,-0.0603456788881687,-0.318254793755375,-0.174132675396065,-0.105609611767729,0.554225490436993,0.300737282835706,0.898567979023097,0.316480334511316,0.742542619363732,0.858449550448339,0.245158372006053,0.375538407097973,0.225524589209761,0.838671492660287,-0.105191544807565,0.670278202352871,-0.521181575284603,-0.549537504405295,-0.312314600187871,-0.124372525329027,-0.162340465824742,-0.349998148081082,-0.301321843042525,-0.154705081524938,-0.041603683107021,-0.417493221556934,-0.107735149073118,-0.653006119875619,-0.210644676792087,-0.423126196491405,-0.175455597436417,-0.0941651394763323,-0.292086829883434,-0.0498781255287802,-0.32423147001098,-0.297742431824822,-0.183160443251493,-0.0576703201631097,0.305968826655311,0.188408825145475,0.270372361677924,-0.0565705149148807,-0.339128346919839,-0.401986147864003,-0.351384540371939,-0.221703929114638,-0.23395250391113,-0.189005173703008,-0.333681486825874,-0.328863493940125,-0.347968430220812,0.107393911100154,-0.223131384083457,-0.146669679173211,-0.343268139639797,-0.389888254105314,-0.388005116637131,-0.241516145866642,-0.572876771183871,-0.325042584749984,-0.406145272731492,-0.277145264972856,-0.0616203077682958,-0.264938794018408,-0.140543483265368,0.185729045728305,0.179990746320117,-0.128754152046172,-0.0909565189259821,-0.551931686056784,-0.351108840266016,-0.512331299015748,-0.343795077949407,-0.290113368681536,-0.325382098749068,-0.364920058289033,-0.536769242738665,-0.316707690848341,-0.587011270919237,-0.148524103219566,-0.0199617763052354,-0.198628281097262,-0.218534546992989,-0.0978930280138149,-0.0230105763369823,-0.093451811003121,0.118764462749504
0.806593038770445,0.584249146652246,0.0204104112829587,0.816229962866248,0.740205366147355,0.723574021367054,0.11891467939151,0.494854340308801,1,0.552832724498136,0.731481702577118,0.773557858868977,0.509940485741742,0.054693770139001,-0.236114838101595,-0.136633597944092,-0.124523642665334,-0.237393588260251,-0.503732528486268,-0.361711887419087,-0.205346919866963,-0.351688456827883,-0.0245089864118119,-0.120461870615154,-0.530617353365565,-0.107505137640363,-0.4888524995636,-0.0121512223204693,-0.297103784963429,-0.000593414184222944,-0.28594959796344,0.431719651209342,0.105742823088849,-0.187470096030932,-0.146288298547098,-0.333260655039927,-0.181936331596284,-0.22694181390113,-0.304136224153502,0.170537993415506,-0.10478505498071,0.286709020556234,-0.252483717984172,0.122469058499866,0.290658921038091,0.124960087003196,-0.113489854388901,0.238446694171276,-0.573710531161526,-0.475904276784818,-0.304058763558871,-0.633060852573698,-0.586019189024053,-0.320220348923755,-0.407233370730714,-0.394767424175754,-0.43418579164511,0.310542689171568,-0.104662632505876,-0.155952482758435,-0.549351422597843,-0.176225044996715,-0.482565059465928,-0.339266559970107,-0.267699626911699,-0.546232964875797,-0.527218387364452,-0.3804347751472,-0.0374704989639195,-0.584527645289488,-0.599911229703136,-0.00348928982704175,-0.542913150817583,-0.00854726611085353,-0.471864731810618,-0.507458044400495,-0.526767385351505,0.116033977465162,-0.0691738303911974,-0.0733956721226713,0.179699620557798,0.208871392751866,0.455546709663207,0.728412801639921,0.54704143342032,0.848061943426367,0.373337503331296,0.542019171199139,0.738464287682135,0.882841237695001,0.732247237847598,0.557423812560468,0.624631988609242,0.501236761749261,-0.314133156550124,-0.376654785507702,-0.176815907305544,-0.0515815355530705,-0.0588353735646588,-0.0677767595227463,-0.394387496915608,-0.146287576917998,-0.164331391406488,-0.183989817222519,-0.0487861947993732,-0.450316184737103,-0.0464560189813594,-0.295263558723669,-0.262828852298975,-0.132126424500717,-0.418875632413171,0.281651401701449,0.00431588762051755,-0.133674773680701,-0.211463399598144,-0.00691689970114507,0.176594545930822,0.071709173777257,0.296396028170705,0.321026132590306,-0.144909037211253,-0.0723222211269479,-0.0202180888792499,-0.00364201736592766,0.0231726705176814,0.234424012253383,0.109533839096351,0.0844501973595791,0.0464849703524104,0.332794561587138,0.286628778645432,0.161656522573261,0.0268216747848672,-0.301098054790443,-0.384565127897766,-0.255426603702055,-0.570430104477496,-0.104563610725359,-0.0930796396766256,-0.0220393122867292,0.307904441215857,-0.328375726512028,-0.178771741975585,0.526778322768204,-0.00826044462756629,0.00807526720151199,0.417041806367694,-0.335043694192803,0.0801511415303366,-0.215904697175326,-0.563986945544519,-0.403552623335575,-0.485629824802285,-0.117089557637008,-0.405041785999387,-0.164217221919513,-0.530958804283837,0.247614251537523,0.214920916990752,-0.108605006392088,-0.119215091364444,-0.0197733860877799,0.172060489372389,-0.00804879396427405,0.379734924769914
0.704698063067414,0.807284224137483,0.492079260197721,0.47433006116072,0.324100796667227,0.737368733850693,0.151319558193133,0.74808925517479,0.552832724498136,1,0.288526062979736,0.759096215838118,0.833012195411354,0.0193345712876459,-0.199926565685459,-0.0440936245409235,0.0821302422115935,-0.0531685069498503,-0.323465636028344,-0.368920292383908,-0.0788199611245356,-0.00920379924817088,0.0308114232220531,0.0402466043974673,-0.193188235905792,0.137743495526152,-0.286019163250917,0.102841928528434,-0.156348269827429,0.0963600089941903,-0.284224931090103,0.274923969859365,0.0791344536862374,-0.287846958384727,-0.165906582512521,-0.331555214806429,-0.218896882498944,-0.211605710282847,-0.180388250432039,0.12779283263225,-0.16411487251638,0.328490012728192,-0.264010637844335,-0.000610661368874827,0.0677621608389244,0.0724010367379902,-0.0608663629797629,0.239246008889098,-0.320853813124856,-0.317130937323808,-0.244876830727917,-0.338156406416061,-0.476694512397587,-0.35721115723664,-0.312813801613954,-0.409152360056655,-0.282057584481727,0.199181920717125,-0.101618398060597,-0.4212992465565,-0.110713226404821,-0.312452380802232,-0.417457844054432,-0.381619524002878,-0.541194750866147,-0.455555130655693,-0.484891965371923,-0.522657718324361,-0.264741587420603,-0.3812440500546,-0.342024834704584,-0.347972441038855,-0.306592763644541,-0.261527953011517,-0.401684113535341,-0.358959665467661,-0.421345254201333,-0.197155308374214,-0.309312942138199,-0.436118976030261,-0.252730603719909,-0.0612974909714561,0.604459469998537,0.310231410456834,0.747273794879351,0.48397470200737,0.879017709962289,0.626233254570602,0.305500955011183,0.429315880950782,0.147288042639,0.921955257838198,0.0927491427068264,0.774520237623237,-0.298260173560286,-0.308524517525372,0.00355239293332693,0.0679154982212527,0.179021297976717,0.0827538722018769,-0.200628718897592,-0.0425868027027366,0.101704981102536,0.0549713585644833,0.108432728834194,-0.29891769047724,-0.0712562062822535,-0.207499143427827,-0.133988724203584,-0.0311086795782413,-0.272870493610719,0.214442293966434,-0.0773239574832007,-0.0993204341407934,-0.207398240894613,-0.106893825650345,0.421060412672089,0.226059635628867,0.386987784436644,-0.151818508876769,-0.0500268218961408,-0.213929405479998,-0.223603368459372,0.0234025337112849,-0.141621286602943,0.0125673746081013,-0.0501556958613491,-0.285413889284352,-0.0404189044955494,0.364967575207786,-0.110614826901558,0.163773523477983,-0.13312896550762,-0.392091913163157,-0.609244909981664,-0.453452372542014,-0.480631162888867,-0.600588566056638,-0.292497326069101,-0.0573702206000724,-0.304004048306571,-0.566219016804113,-0.354713680034116,0.15381251133589,-0.177947282949817,-0.161913445692704,-0.0909077887906096,-0.623196684192395,-0.274271069624327,-0.46874626005265,-0.564025792523099,-0.380070287773413,-0.481653006132655,-0.303879650625233,-0.561753472305518,-0.396633878346246,-0.474181265680122,-0.404743938011113,-0.0884503478973207,-0.32161970150113,-0.412797027906916,-0.453073066133343,-0.240241908860109,-0.373567098433246,-0.192360990188702
0.664543211439829,0.248878619355105,0.183536545114206,0.660003938879527,0.543184525527853,0.302671252770593,0.31616334188156,0.116877733426938,0.731481702577118,0.288526062979736,1,0.513126426168664,0.158812804039868,0.218832253058662,-0.106507660475036,-0.116254219301735,-0.0970643452254803,-0.13202300366414,-0.468362436253019,-0.127344793195532,-0.169034525960787,-0.292713916266532,-0.103295621508496,-0.224467529919971,-0.490047428474455,0.143005521155171,-0.166738014622415,0.113722570863438,-0.211889764904256,-0.14183068961981,-0.193080242631682,0.217628944659781,0.169323582047742,-0.116197788193203,-0.227321289645528,-0.0690207310579779,0.0288207337271929,0.09001438890531,-0.0454166584517105,0.258937527135441,0.110878993846236,0.191975107668623,-0.0301590532643246,0.0968320812679439,0.309465952557997,0.218767003453814,0.0576265536357615,0.0688574588698063,-0.411286481485725,-0.277971137883216,-0.171530035689694,-0.305690933898883,-0.277730046781775,-0.277460107753321,-0.172015042197813,-0.178472215227566,-0.164413672267145,0.347460089101553,0.0125675798361145,0.131299504133805,-0.466581249240168,-0.14361618609487,-0.264946730800163,-0.206195542513139,-0.0633489605743296,-0.299468613423794,-0.486395682034485,-0.0984452806404457,-0.0698718610250412,-0.203243770072452,-0.284716525251915,-0.0217984003539168,-0.312040536492553,-0.0218111932798034,-0.183379508491625,-0.473033357205899,-0.54339137459119,0.0223104320256092,-0.207361236711672,-0.081888998072748,0.125452856736404,0.190831747996741,0.314483713962795,0.516348201521818,0.179401149201468,0.769992153263561,0.114390662495785,0.0788213559489771,0.665218932312232,0.763123962932061,0.648870905205452,0.223869310515709,0.870090074151794,0.361250237835182,-0.037597286031422,-0.123171771320957,-0.16187196228672,-0.0143590897578851,0.150414164312887,0.119605341885888,-0.523407580285764,-0.129254160837422,-0.203850549631024,0.187765589535325,0.0749685578419236,-0.13672626316153,0.15473452002841,-0.118231885143522,-0.168631343349036,-0.293679203350386,-0.44690430727461,0.359333592447705,0.24307622495599,0.0157428715805659,-0.0283389280382977,0.0493714087820679,0.389569212877676,0.255351353427711,0.50098179399976,0.266891134217693,0.205288791137501,0.249744791314394,0.158094473464875,0.196715811968945,0.12588122599455,0.345037553966303,0.217430729545584,0.251089301818476,0.199826561493144,0.409300231788582,0.341792109269053,0.434600921925775,0.228499865077236,-0.188939675029401,-0.2440798529169,-0.103231273335206,-0.231770768918699,-0.015340342220444,0.263147302686154,0.449936835539035,0.109559792168066,-0.37843267369164,0.0316940720666732,0.802754218291832,0.0257187591562947,0.160626987981001,0.403213758860041,-0.0443301141597316,0.120517805545184,-0.0151567500862834,-0.484014557160753,-0.440186671125525,-0.360479882825296,-0.0817570895880985,-0.291404751748473,0.0204171085204755,-0.0638070492448019,0.130575372944058,0.186614670512264,-0.078015493075561,-0.23938526851146,-0.231210350511688,-0.0134985708384404,-0.07713885851696,0.234366782083461
0.809818633851703,0.734084179213702,0.278195383671185,0.505877500807997,0.553443504795209,0.786632273608118,0.223766891803357,0.654936226137311,0.773557858868977,0.759096215838118,0.513126426168664,1,0.658031060773707,0.00838609512818203,-0.236163295835972,-0.142791157037435,-0.0445773975526126,-0.280405346791356,-0.514683914101341,-0.385429248818404,-0.166768027740114,-0.239126135554767,-0.130644384075022,-0.165545067911663,-0.333414426554508,0.0257208907151145,-0.453993744774671,-0.045881040297319,-0.357419747509314,-0.0885061795295602,-0.346919176185025,0.343277569557815,0.055549005105913,-0.395844659425629,-0.229742857106669,-0.366014873565474,-0.10526218017473,-0.26267206326413,-0.253457035895384,0.124158646076853,-0.226360518332596,0.213122766588722,-0.212432934990675,0.0883114794640735,0.21163248899629,0.0418717579269015,-0.182025062131026,0.424320773426295,-0.511223154047338,-0.523393658134249,-0.237702533041901,-0.435378038606472,-0.541230270801936,-0.383921654482723,-0.371529584691042,-0.532023805148471,-0.425345753403096,0.18953832482493,-0.184100491529315,-0.237332771379074,-0.395857538688136,-0.340695251017735,-0.592947698768345,-0.398441780464901,-0.41958906066297,-0.657506895604831,-0.506240970374232,-0.470141591205659,-0.0311037844884996,-0.591849046950033,-0.566529398209698,-0.135089624734729,-0.413778844484007,-0.145896768048083,-0.50422679806466,-0.525354372252455,-0.497108799732507,-0.132589074588626,-0.233802974060545,-0.2689731487701,-0.114405674555392,0.0677179225431458,0.607609149690531,0.547818520860241,0.634561632813697,0.671694289611788,0.666518334273131,0.567772295739084,0.52466092500506,0.670099281608553,0.404453859062363,0.726720151417559,0.449176232003118,0.570727409260175,-0.263650389053796,-0.226582694224663,-0.230700176752566,0.0737777721110337,0.11714399115879,0.0442489102410111,-0.439460115444068,-0.153380441567305,-0.0476776438608578,-0.0434157049856793,-0.0462362184495091,-0.337441633462405,-0.0265210981394359,-0.265820874053744,-0.278859102363609,-0.311959984513038,-0.318263315932867,0.35709255181926,-0.00197723914481136,-0.0829853477231162,-0.204664436981251,-0.0807278764381414,0.193668996630521,0.080792696655895,0.359582995530704,0.124766657806173,-0.0569317718523929,-0.0422162187220297,-0.00952860821810228,0.0697290393825937,-0.0414789944011397,0.151098541586233,0.0253985373114121,-0.141020926591113,0.0388015922162476,0.358145403613531,0.133143951941174,0.113126809408432,-0.00345124486643605,-0.325948099585634,-0.577406548782871,-0.402031070555953,-0.468251422610897,-0.360960424172,-0.150709793700815,-0.172365577689716,0.0748019977649729,-0.49141160342209,-0.291199094220679,0.25920674920529,-0.127731546379089,0.00593813650918023,0.215283441542637,-0.397287236604705,-0.00914762468087675,-0.328233354933346,-0.560366297983706,-0.348480468414855,-0.411448966941288,-0.175232064903168,-0.46475175201595,-0.285669207370587,-0.638212768842396,0.0183532706350473,0.111245301684017,-0.162735843736081,-0.284544477434461,-0.213683899390556,-0.0948261910736389,-0.223830795187105,-0.00124647406305391
0.717842768337419,0.952205827906637,0.379365025538936,0.481156658961284,0.312034396340316,0.892069057219929,-0.273843534833234,0.947874127993892,0.509940485741742,0.833012195411354,0.158812804039868,0.658031060773707,1,-0.237093038146026,-0.366781495809013,-0.229380180857787,-0.239045770389996,-0.143294503399699,-0.468793403775137,-0.643786247157073,-0.196496157149836,-0.186519777585173,0.0728152216401536,0.0909388019454401,-0.314162676253674,0.0988121081597811,-0.331979908366324,0.257170688855859,-0.118181779145262,0.176309278834819,-0.125303145962806,0.30254092164976,-0.00465295588018254,-0.0198580005657389,0.0116204127887534,-0.313623847813108,-0.54076604512677,-0.392229719023547,-0.414925997455155,-0.115809004201081,-0.188744349102629,0.152660345380334,-0.43197602002489,-0.15853388241463,-0.130127167459664,-0.229863484470075,-0.363943016593589,0.10310392953929,-0.299762375736781,-0.188265626774296,-0.14035271302011,-0.537201957499938,-0.487741584698122,-0.209644835806927,-0.324445451915223,-0.285727644754898,-0.186213384964807,0.281946288838874,0.0350089032622003,-0.437752969868126,-0.0767670373033693,-0.369625215826763,-0.379110049665222,-0.543940432300946,-0.637752335740568,-0.413886600606686,-0.41526504795773,-0.520433742482503,-0.264033927157115,-0.378389734504126,-0.409935909060654,-0.173488208267707,-0.245120487094917,-0.310320462545442,-0.317845122387971,-0.143951658661456,-0.327935455562868,-0.0731770911573497,-0.18299695802801,-0.488039474794829,-0.330511945734982,-0.127574671456733,0.583694201648835,0.299672327802557,0.931759521002778,0.419113438180245,0.836867395720166,0.846338485468356,0.209897806260563,0.443188156963814,0.144130183473477,0.930726937253909,-0.0818590269262392,0.821216628862942,-0.486763064861128,-0.543070480503489,-0.251804784475325,-0.145013373672057,-0.161868182933756,-0.310784197372168,-0.248660349626822,-0.224344728183766,-0.0386069912355544,-0.342027295037655,-0.0714929758467004,-0.61392640319588,-0.232028218039185,-0.458931861254513,-0.20266338960388,-0.0476669352196121,-0.217855243084956,-0.00819980169515692,-0.315495695365079,-0.308837444551436,-0.132743344509223,-0.0378458720427958,0.434508238895961,0.348899769946962,0.34402093747167,-0.115492545571,-0.339712958471647,-0.383013099739159,-0.476785687710893,-0.255580016557516,-0.292648150456484,-0.207342082433174,-0.309078267437437,-0.336401341997245,-0.373940351867183,0.144351285109929,-0.321204635637641,-0.130029806733377,-0.385979032963238,-0.324104317084709,-0.405341565640882,-0.282855566210322,-0.505132725263187,-0.391454752621784,-0.39899973998147,-0.201879028151564,-0.159830845629341,-0.285152355947283,-0.0892611704101547,0.163876065899663,-0.00381379322978551,-0.181987285585951,-0.168273701389532,-0.556613210714566,-0.418776251919494,-0.578353076994748,-0.34288447874985,-0.368094026944852,-0.323147167666217,-0.487342334116627,-0.563979505862085,-0.409178600076704,-0.550232555986884,-0.277002010333808,-0.183037191180398,-0.249128453985303,-0.27707849741452,-0.168323488129708,-0.166797338886888,-0.235491933093079,-0.00753537275966144
