1,0.371517377094957,0.298623910987946,0.623800198146795,0.526734445633112,0.00230136019765938,0.431707084445175,-0.0259695072121591,0.547113872123604,0.699121983284942,0.582480971056843,0.291709022160678,0.643944621862013,-0.175546422283593,-0.0992875474576176,-0.0938478183791032,-0.00600141300934879,0.0561681772554598,0.00443544377715633,0.403195489972996,0.208045184287524,-0.243781079274443,0.153427710294719,0.217884159447042,-0.0663702816642531,0.15037102099214,-0.0392166913623654,0.354132496041349,0.250937358826384,0.147018379543265,0.223440187220218,0.0319472033705528,0.264587414937562,0.173405948441232,-0.20031939804178,0.240992046896179,-0.0568136952529351,0.154356480060876,0.0936536119145989,0.114289587493018,0.439368938723847,0.286190707848108,0.258572592773124,-0.00526932303553129,0.300541855192468,0.33439903645468,0.394140930203968,-0.192726991135792,-0.267297783160508,-0.27811925084808,-0.00375175703267193,-0.17655109261436,-0.0197518532022013,0.0444915978752623,-0.074825452246289,-0.153647189707757,0.113491474370553,0.427668028717345,-0.0280492705789572,0.12842106136355,-0.338132271941836,-0.337592381198864,-0.311164198632076,-0.142227504084757,-0.0339822332613918,-0.309654213185495,-0.397883267145384,0.0764177323844951,-0.443719886374416,-0.135106995624331,0.115287082799929,-0.278569514505198,-0.380335402368871,0.059891269079726,-0.386698260175519,-0.357551277399251,-0.272631018429,-0.0376615471859412,-0.367481363155201,-0.544530187632329,-0.353673892797909,0.0723707754761196,0.435057137174208,0.494822697664029,0.731606856569423,0.73463626257313,0.518108917814354,0.0382185699269482,0.601533088828357,0.533336991876621,0.512530072205131,0.650597037780765,0.454650041674895,0.680590994273699,-0.0555955671184184,-0.298475035341209,-0.0860732630139582,-0.0392599187268537,0.237176755858221,-0.0824871889535558,0.152430135644043,0.0789826434878872,-0.336894573286802,0.237765518921021,0.216291751384248,-0.278217320557243,0.229602449096929,0.159327199678829,0.275156993651923,0.160451695575559,0.101039862734281,0.114302770319537,-0.007950373156361,0.0685891230448613,0.0851403210963947,0.0398294588908172,0.312881117593992,0.433407972877982,0.411440414195869,-0.0217246190813801,0.185612704066245,-0.156311591884171,0.00593394735751116,0.133400504509186,0.431459245488224,-0.226930875440239,0.0436289050862481,0.201338455306316,0.338826498507626,0.326899849674327,0.38271635660666,0.243013811899522,0.136214848959675,-0.246546750888241,-0.377715789053952,-0.0423955199936783,-0.176873787830114,0.0887577198946323,0.0519443475298389,-0.101852762815916,0.0108572132912563,0.0551257233012395,-0.181731176356677,0.62583064240834,-0.147493653295779,-0.0880184232583937,-0.117150147174935,-0.179416482352889,-0.248868055806384,-0.39085306811739,-0.565708310413785,-0.395311025228857,-0.458878922904025,-0.389134405620578,-0.357837138254193,-0.247634829726749,-0.0907510094967783,-0.268572454848948,-0.028973661753492,-0.436703718399065,-0.0149706444561221,-0.456245901235988,0.00793230323174242,-0.4008295685212,-0.109807134135964
0.371517377094957,1,0.107472976371479,0.372277214721286,-0.19669116539681,0.694467089524997,0.21001627828961,0.747773343964219,0.200991519826309,0.352404242784216,0.014113087645254,0.500192983258317,0.22772654629478,0.0289859707145096,-0.0961838038812521,0.042008347227613,-0.0199541872361575,0.0860473360942125,0.183801642611721,0.141036092636527,0.184872712264414,-0.0192727974034955,-0.0729160833717013,0.0775764913575184,0.18247609249088,0.0119801228228952,-0.316869793410805,0.0771524615834164,-0.0444515567516817,-0.0553277665782076,-0.15505338554154,-0.0516363430233731,-0.0155709660734958,0.0933794222288558,0.0918302857046873,-0.181578898971841,-0.104927481566559,-0.0905144098114437,-0.119468826048571,-0.0359400163376061,0.301753762371226,0.197846269536358,0.0860256601136427,0.136032009546293,0.269242798059178,0.019256256192691,0.256079794121273,-0.196767662001609,-0.256608143976084,-0.293528677473216,-0.346523909242726,-0.0936599563005716,-0.13630090655634,-0.0847130649693356,-0.410053893065059,-0.287293305217811,-0.108227857410966,-0.0852283681054727,-0.167369192979637,-0.11700080630798,-0.130498305103362,-0.167074220608583,-0.312670069004009,-0.256258044342048,-0.27815612466777,-0.428568631797264,-0.178289217270163,-0.252755372932199,-0.160501299944843,-0.207182338005385,-0.128674818514475,-0.200391103624481,-0.0724491078844585,-0.116116188049863,-0.314775676245248,-0.121460449108503,-0.0347247811885979,-0.0463628151630116,-0.0375293205991495,-0.397592222095588,-0.0402213614038687,-0.0635093171438586,0.274991035345584,0.169985599070186,0.660089226141978,0.464750065415844,0.506645590027068,0.616185876873914,0.00553667872004737,0.276916869726184,-0.0326184770350774,0.510111065117271,0.0699818336133298,0.328616055493212,-0.217295594400314,-0.13040401792394,0.102280577333503,0.0848929126476663,0.0482652150218491,0.27068722212626,0.11067356552457,-0.0733546444401289,-0.0603228409734862,0.163873920056646,0.195386993223391,-0.135650810023708,-0.367507375658131,-0.263992111371396,-0.149785340043679,0.129248059157705,0.199150136690171,-0.0050872842887949,0.0431153311744613,-0.0711189052691514,-0.190505375021886,-0.21154111441659,-0.109285501034427,-0.102937828853472,0.118138942970611,0.103351380252467,-0.072265889895528,0.0605956385386685,0.012841159929061,0.00314165451920511,-0.0110989200367853,-0.301120930487167,0.145945919067631,-0.00439685045595166,0.192363846685019,0.17531833777207,-0.142600379278058,0.185734362922091,-0.147669545007597,-0.192744212150205,-0.151399232460052,-0.153063426241325,-0.265669183023637,-0.0998758917453987,-0.192998974561028,-0.157576571718553,-0.0647574747276795,-0.0439685008591226,-0.0818167141495845,-0.0491117709463725,-0.249180845200168,-0.0680829519554164,-0.107610839376445,-0.16545306094695,-0.0206711006933359,-0.128562504699242,-0.196501489131227,-0.284634027382946,-0.0299694331587328,-0.134366442837364,-0.318631783015079,-0.212710758868579,-0.270367415565366,-0.270025659975465,-0.119749282026493,-0.120603743885007,0.0636348679693306,0.103215562001858,-0.0391410804756833,-0.0570219116094436,0.0372568519349685
0.298623910987946,0.107472976371479,1,0.156454324820082,0.250406890175088,0.125463856589627,0.485733346118956,-0.256643054263551,0.166232683207215,0.0473959613287392,0.0460343194032426,-0.187397309963306,0.169781864323047,-0.00137425307489484,0.194683947032748,-0.062947733664437,0.210945769877978,0.0248992406217795,0.284453191208015,0.248726958704288,-0.0469855850854225,0.0635509729543171,0.368111276616364,0.214294908900743,-0.34616567850355,0.688059235497916,0.715226387151282,0.71830946087316,0.662756915744182,0.789663812745361,0.812780386921659,0.547462031060212,0.222117070038415,0.407546393267581,0.328976265342542,0.402820277427334,0.0578365699652654,0.487675264556442,0.594810035764829,0.152635193093419,0.0142335515029045,0.384679476972764,0.254775144551839,-0.125976409510127,0.135039123027418,0.284142914641178,-0.165806709058626,-0.0984753337003875,0.096399962799072,0.165073558933914,0.565806693231076,0.0273527388173014,-0.262420196815932,0.207143982157523,0.312175794925543,-0.0852363244327672,0.138969839300163,0.507063997241493,-0.0777919832670698,0.361085052019559,-0.497810862672779,-0.507557502913787,-0.36225600810965,-0.179410028246676,0.562653119833543,-0.347897686449534,-0.396972634597624,-0.237138395245325,-0.580824505503882,-0.336183735328996,-0.271709611943657,-0.47005983301783,-0.60593263412148,-0.252932622674305,-0.629425985790632,0.277530784927652,-0.00163495192055837,-0.102075627080557,-0.503477863896409,-0.289257908837666,-0.129553494858335,0.130276742755023,0.356466240820846,0.286252681994242,0.195778429673294,0.116379484862153,0.457091667214943,0.170247837195567,0.158581322602196,0.097768816796973,0.252987687311722,0.0437514584386476,-0.0508950340990529,0.439021433325399,0.173099954149981,-0.0566675057900663,-0.193122767928576,-0.142436571751675,0.299032640106361,0.0171655739705695,0.222268291815594,0.386254602044648,-0.072274772540361,-0.050868374844252,-0.189860333673208,-0.228372731686031,0.293132490311169,0.117832481193004,0.342061910037049,-0.225757920707078,-0.325096151502456,0.648629035389875,0.60962467384768,0.285940701375754,0.505760182248326,0.445051788974935,0.687680968732509,0.622123048855937,0.631078960652907,0.267501478261035,0.237601686395322,0.0712349182296764,0.38919590429035,0.233091604245783,0.453534341173212,0.185568203593337,0.0464350290394988,0.00320281428253005,0.189685761593729,0.192137937514039,0.600985619150895,-0.175699663631452,0.667040080116896,0.000411400105761258,-0.080234815672025,-0.317625642759089,-0.190984269357307,0.146072649973754,0.299248822894972,0.14995135420492,0.0116539842664023,0.508896623891377,-0.287265581013776,0.329131438036603,-0.30479271863027,0.0719471038772537,-0.239541937805336,-0.27202585858149,0.0247069034363199,0.229071762616477,-0.375199667165018,-0.396240732726631,-0.56902802501598,-0.460368641945741,-0.169795471593953,-0.345506630814849,-0.264555552196645,-0.0433486422431084,-0.0652903707420461,-0.547570374202777,0.0246905668151243,-0.528377724751675,-0.00320365298658176,-0.521748294331264,0.223840143213367
0.623800198146795,0.372277214721286,0.156454324820082,1,0.478094643323357,0.0955028727433968,0.569952080113065,0.124707977053892,0.747393386205057,0.595778918046225,0.502137933035937,0.472740312989356,0.571213329016873,0.136338071519703,-0.127105683331051,0.129226887902219,0.271340797960974,0.186119539631346,0.0311139149316073,0.596602481403984,0.072584044365027,-0.0705915190880231,0.182106411986169,0.206235427957588,-0.0792212021375149,-0.00740999546575842,-0.0605936261305253,0.280676219000083,0.31323426996882,0.145666119009763,0.208452700157505,-0.108756191012025,0.166535426583436,0.237681565304251,-0.242853012747201,0.111719798359276,0.272860875398647,0.332584776326798,0.179894885702664,0.263685272938568,0.24734140209327,0.198288575396266,0.403982786134674,-0.128493038083301,0.196061848771426,0.500791426963246,0.344138197186366,-0.043925009650185,-0.0301025948767452,-0.180067455718459,0.0338773343979781,-0.0787610783302678,0.0826741529665325,0.19075252423215,0.0606939102908764,0.000552864518883605,0.182632340083866,0.108972624045792,0.082378617347413,0.328026505706239,-0.388643305819739,-0.451918736911877,-0.100841562157572,-0.112165792716662,-0.0565770068289489,-0.236090913354624,-0.394882516421043,0.222836350085592,-0.385290619072253,0.141525923607089,0.207804633761532,-0.240273653739765,-0.358586409937795,-0.0586909819434141,-0.377553877457529,-0.157187349419548,-0.178136399382593,-0.0863318469369632,-0.353352739208281,-0.257456713946905,-0.366697097969983,-0.270225914687975,0.0856203733376536,0.102758662562263,0.767354206411388,0.868696003255258,0.528191755419494,0.0116197548004877,0.721014524250203,0.671905287892141,0.63252963818135,0.654202219404121,0.446253194571702,0.361461918020647,0.170907774807911,0.0155636273164023,0.071683717922433,-0.0818753769992631,0.241454402848217,0.250940952880431,0.0827552552417681,0.165658096256933,-0.0738390552321434,0.584268570136948,0.054816911716592,-0.0662409910821812,0.330650420927971,0.264324123206333,0.140942768728752,0.0727935123143937,0.0600952696510273,0.139649860176082,0.25731241060121,0.115836810546222,0.0355349605611276,0.0509139413472818,0.214385284719309,0.153089927993305,0.31261938817929,-0.279337122168168,0.0693935810335259,-0.142207932168365,0.153125676126875,0.356121566944799,0.265445021923174,-0.307764599291654,0.220228767552105,0.255160188630256,0.236072284643661,0.133923768529207,0.221950391269643,0.165730654472255,0.180953310235334,-0.227731725285065,-0.522664709167195,0.0902284958230974,-0.0775029633081672,0.0601959404828552,0.0983989961210732,-0.0683299757885565,-0.105645983370083,-0.0230323974516671,-0.342652371371898,0.322166911734329,-0.159376908117298,0.0742262030984239,-0.113280967196869,-0.424543236207219,-0.455495506343067,-0.337536415239691,-0.526222581174417,-0.497723875073365,-0.353045614231594,-0.46788917831232,-0.401327868174837,0.0197759302468137,-0.0889120126435066,-0.346317209806843,0.0565907761834825,-0.427836446804407,-0.249731263286833,-0.460092030119182,-0.14973302895482,-0.427918598188541,-0.265420880112022
0.526734445633112,-0.19669116539681,0.250406890175088,0.478094643323357,1,-0.164230525432074,0.268929788998236,-0.44635804284111,0.650687235764855,0.234058034869691,0.629312481795981,0.108916637303392,0.285668479343219,-0.0145015059564147,-0.00888811009879203,0.0583220583005046,-0.0618565722861032,0.0835354118632129,-0.0282593008039871,0.21017034959829,0.0528490574132805,-0.213885775665566,0.0779497525113106,0.090900191515724,-0.0784733445239736,0.313960794820478,0.0916331879780035,0.308521917307686,0.289133814520318,0.186866750161803,0.227540116612523,0.167209552206197,0.181905279658001,-0.00865473012302688,-0.171139116004583,0.12588742931488,0.0518933199501774,0.139763064389384,0.0100667069618022,0.0116243801239918,0.0615070041881432,0.0454750757245721,0.00872574113358168,-0.332090753210394,0.0446906883468247,0.431338189084847,0.000782495153061612,-0.0473387935770634,-0.206543030428914,-0.099751655467044,0.124467283564049,-0.296155834723813,-0.00641343656912564,0.0717557351613525,0.0320539755187679,0.0136867527672805,0.0974664303265347,0.448106247214865,0.0731686723464521,0.311048593006098,-0.213946546974878,-0.276410498633301,-0.231036464534574,-0.185476383932348,0.0314409391374992,-0.119193777397935,-0.0949574460464751,0.363598339433148,-0.186144621686503,0.122650267703151,0.0505294854902796,-0.00444971708730154,-0.197438746913208,0.0232197511678029,-0.278300661575491,-0.242772246286421,-0.32363718607918,0.300254122283299,-0.175984637869115,-0.0836318640342194,-0.183919824162147,0.15076797903285,0.184782802456833,0.444910986714028,0.228352904540261,0.375327165726303,0.0958443551969971,-0.163875811629931,0.779695421170437,0.509100469799813,0.755473791084756,0.137474936151415,0.539217597693209,0.283635586147153,0.234276828048855,-0.0895637345640461,0.00754816304814178,-0.0326412217861405,-0.0106118589233589,-0.124138008337091,0.00862397013861613,0.183889098625058,-0.149040098931957,0.234039891906567,0.0304134365703791,0.0249589985425298,0.422831878659628,0.330948692077222,0.312883073270759,0.164285914725657,-0.0461203683934302,0.180172963834093,-0.0463671070228236,0.0663774211892988,0.118712950555471,0.091167853027056,0.224354412109922,0.340379719581836,0.248647694687224,-0.165817708463929,-0.115764815473668,-0.316613332512563,-0.0501429522871702,0.205778660928992,0.174941077091136,-0.201018409105612,0.0241847756526298,0.145300832847707,-0.026236631589906,0.0647261300723107,0.379549803782912,0.00412069262038436,0.108637023308773,-0.343634586799547,-0.221430153107282,0.171613388854491,0.101261300893108,0.111130722906412,-0.0722681078985442,0.120708210076071,-0.221969023900392,-0.0823149351065451,-0.251072921974545,0.533932431783386,-0.0712397616653971,0.0754660308326256,-0.123280278241597,-0.323870588643982,-0.0516199392905665,-0.288795030106861,-0.350172460392285,-0.266415889981201,-0.19850473389487,-0.307467485374219,-0.312679987884139,-0.222137782948255,0.0825848664999113,-0.0384720387362287,0.138859067369307,-0.18042603240105,-0.0929091407322716,-0.343484878441454,0.268509004640984,-0.216840005632132,-0.0347908111617358
0.00230136019765938,0.694467089524997,0.125463856589627,0.0955028727433968,-0.164230525432074,1,0.177455239029544,0.646794914368138,0.00584530268396977,0.00704251780355924,-0.186027700542104,0.456771298030014,0.0253037433679223,0.0474696299348903,-0.141157417926146,0.10671900543327,-0.0457583599634208,0.250166801130712,0.111042015277466,-0.161036416982515,0.228172061230213,0.0963756701418604,0.100332737958939,0.193461334729435,0.278200230404936,0.150402101692736,-0.253946888298672,-0.0343653776077327,0.0522762408702819,0.105879031798363,-0.158247504467372,0.060830965602548,0.0738105768568155,-0.0301241003607392,0.264562134413942,-0.225746541210989,-0.298932679960596,-0.0717978663522878,-0.177819435613101,-0.112409733049341,0.0545807064574577,0.200485620825595,-0.0821801006114617,-0.0245525718789344,0.20839046330557,-0.119488301008106,0.0592769978845324,-0.243287758220007,-0.352069924362145,-0.269141617479798,-0.322410494490681,-0.241710046798565,-0.292178125284832,-0.183766223131635,-0.471859779987762,-0.349719671171897,-0.208183704508506,-0.0957488624590254,-0.23779066666274,-0.148077849441512,-0.0294004234353375,-0.136178270310454,-0.394515510558011,-0.392654465103941,-0.25809751291487,-0.462281401643895,-0.0756942856269508,-0.246374628874924,0.00912659522720854,-0.255492078697776,-0.373831647248233,-0.0414573252650504,0.0512425579712391,-0.127680597919739,-0.283397585520551,-0.0103417512081621,-0.114121656980806,0.0895494964329459,0.0804680717943674,-0.236048006493684,0.0595115271778256,0.0891726465884602,0.185665689988144,0.211969458151015,0.268735867883033,0.0734142302809998,0.336417342755144,0.90425750367453,-0.131105093039569,0.0300098101576398,-0.14327529730024,0.224862718012476,-0.125385534013727,0.125979340735379,-0.133868277688926,-0.167487658021673,0.247268908354871,0.0326252815206402,-0.117979166023464,0.216297603291134,0.0152236927203882,0.0562376344656957,0.169957674328051,-0.122989036233846,0.250740934078681,-0.0631427208687756,-0.193070890538742,-0.355016345001355,0.101155784553075,0.164583564644678,0.234484417501036,0.102882473428637,0.188853197166795,0.0782356701496708,-0.0619778498426439,0.0587032984044536,-0.0605675341736085,-0.0908574405571592,0.151826113187876,0.198594707345092,-0.309104488995548,-0.159373680380608,-0.178461020558513,0.0296394602498905,-0.144681683170256,-0.300569109545891,0.0993005207831455,-0.141957736569165,0.0085474113566445,0.121860763549846,-0.26513457941591,0.0555116310893351,-0.155605449474717,-0.311900205681173,0.0127886447195767,-0.136655915571713,-0.330715692967777,-0.0535627597942916,-0.324866964691162,-0.18049394486434,-0.118601938959919,-0.0127862367105432,-0.0409561131120921,-0.198694321009454,-0.257758934454727,0.035252951726085,-0.0853643198752558,-0.249734805454946,0.112431761512866,-0.15550710071228,-0.0719799884113984,-0.169815798453251,0.136623622979151,-0.0188393546933242,-0.351051457917169,-0.349828566647698,-0.386447927601737,-0.177440132820232,-0.0674627601531132,0.0312200644819144,0.130898973764439,0.230204448269832,0.0662182791892961,0.067055812049673,0.140855198956916
0.431707084445175,0.21001627828961,0.485733346118956,0.569952080113065,0.268929788998236,0.177455239029544,1,-0.0588965377058248,0.25396215682276,0.380636272691006,0.235710193766029,0.0571869279373428,0.469953662612645,0.0925580768604694,0.158746184090319,0.0887929411868961,0.293146567655199,0.311807182542077,0.310676067842057,0.474598261494019,-0.0510258827356796,0.133604890472407,0.386683773895082,0.171724744295382,-0.398531748559625,0.160959672767791,0.244008013639743,0.303054505096595,0.568331095966426,0.394750675383376,0.39748904375402,-0.0451459214603409,0.145813276820873,0.0969804029955213,-0.110566565815801,0.190856223950205,0.284735477986431,0.530690795167262,0.296705686886427,0.484711404506603,0.0568429443825424,0.410040644377105,0.383689865422974,-0.207425009129724,0.0966656297394273,0.239417859791806,0.0581786982579325,-0.12677365927063,-0.140508602697442,-0.149294127897758,0.222785070227439,-0.0569850590685955,-0.0639373988995602,0.119524492896026,0.197950606700123,-0.182062558353901,-0.00978965342840653,0.193854323875488,0.167600358231287,0.306450822548027,-0.386819628551918,-0.34481804433452,-0.0795394618520648,0.0369291198484046,0.246337630766549,-0.303679370637807,-0.457339651396067,-0.0334993154489464,-0.407050336544743,0.00665542399619674,-0.105388426777834,-0.153057521100417,-0.322336480224457,0.084221932044233,-0.429329557721345,-0.0405312557332224,-0.191868701328654,-0.147114843035576,-0.346097260765351,-0.175099590059402,-0.40711267994543,-0.116548856611667,0.205090852991572,0.071202856964046,0.465367205168522,0.507376991021756,0.606436204521707,0.182236488834039,0.406666967603451,0.174251732810179,0.300057240005664,0.496774105487292,0.160245821286249,0.346659921661401,0.128089079698212,-0.00215353172258312,0.0417719209525409,0.14978630393563,0.340895927368935,0.33804415177026,0.338391582573299,0.130204122581023,0.105049705713021,0.25599557555111,-0.0345630477677194,0.0724039472666241,0.440373153013841,0.0971249073190487,0.215643533275031,-0.0670308266864187,-0.0637067326602144,0.254645202584707,0.540736230704076,0.308328207170495,0.110283845045698,0.222530201522762,0.374940039208943,0.3153744633736,0.370581491854124,-0.183281924798414,0.0383345843427472,0.0941583214450716,0.386424095593038,0.440989207347113,0.177981939952171,0.111099366126546,0.337376782771432,-0.0931832598280592,0.283834773060991,0.0944386584647018,0.250354214925511,-0.103748988661644,0.326442836387762,-0.221333907311055,-0.506246128670802,-0.156395868780054,-0.261182489980848,0.175509155039666,0.120855464654061,-0.22885012987714,-0.07918038685758,0.151683952932313,-0.423166956237663,0.310763871392058,0.0537446752686197,0.0276692289237565,-0.0230450509250817,-0.46687902378529,-0.350864555808802,-0.207292808189942,-0.557764571472644,-0.437878410242477,-0.386928831856803,-0.247131574358863,-0.300782239477765,-0.132718206621958,-0.189399151835222,-0.212234315312884,0.0710347152345774,-0.431337813816401,-0.200010330150222,-0.501521355409377,-0.168534381661913,-0.43535748761181,-0.169352688281344
-0.0259695072121591,0.747773343964219,-0.256643054263551,0.124707977053892,-0.44635804284111,0.646794914368138,-0.0588965377058248,1,-0.0498417488984381,0.264367812216965,-0.253967511985139,0.60911996870556,0.17490531596642,0.146132826466915,-0.211480468063908,0.0932517036612806,-0.0888660736062721,0.0667939441613632,-0.135418183845048,-0.0818056805678748,0.205600649853216,0.00520561629573916,-0.0827686427604395,0.107066851520724,0.422627339791368,-0.308657458287289,-0.498840909699755,-0.266353438111685,-0.184035008242214,-0.204633497977148,-0.410209385058504,-0.22848490627533,-0.0012490398940054,-0.156568202316062,-0.0542923733570918,-0.291559561254472,-0.139402231273588,-0.202086000543956,-0.278160667302844,-0.06100971766516,0.173092718119513,0.0245006652415266,-0.0260922922498058,0.190336965179649,0.17144578943358,-0.0379229168753245,0.221447295379854,-0.084612508743112,-0.214856828244756,-0.343614424820517,-0.509428793547615,-0.0392907380662988,-0.155132497151396,-0.238341443154658,-0.448407060774092,-0.32215021786447,-0.2804445149593,-0.413903151225096,-0.176267484755429,-0.116418551177928,0.147459720481679,0.00645547659642075,-0.178753985459453,-0.20272252572771,-0.460381891650644,-0.274778590269051,-0.0553053378200205,-0.155135097342564,0.132244650228148,-0.0633768154696068,-0.114797042833802,0.0933652049103326,0.172739146637596,0.0343212824261841,-0.0834918563353003,-0.221313981361017,-0.127054701805114,-0.126503800758722,0.120047918261972,-0.217952679900394,0.0154965213000988,-0.166150005238125,-0.0490515654972157,-0.0873834098894485,0.365058598355897,0.187829722512663,0.332586609049941,0.502430470970817,-0.175360757442297,0.0801835004766007,-0.237412442802675,0.383185587949627,-0.0884763639676869,0.103702442216051,-0.173629398413898,-0.000131361077213403,0.121754502546446,-0.0676021562442185,-0.14021396039163,0.166502951912095,-0.187954591752527,-0.0956167959844078,0.0124345778444054,0.0500584656619273,0.240947813559514,-0.170638789633574,-0.382312606682313,-0.289913933714757,-0.217427306229592,0.277392059752449,0.366023069247186,-0.199939209112218,-0.0826834221869848,-0.110318486375364,-0.261855614855363,-0.218596100528107,-0.307144218731911,-0.346377398585296,-0.209951823938382,-0.0315182061541898,-0.208016235737717,-0.103531248272047,-0.135547019308978,-0.111615716426132,-0.215685892927763,-0.332669155478667,0.115683985005042,0.0367337366169152,0.091343696032875,0.0698460022349681,-0.388446087688004,0.182781327090588,-0.292455300737,-0.109048053705433,-0.0662330515442306,0.104576563201105,-0.248330317811189,-0.176767840248812,-0.178061906171684,-0.321328354842422,0.0919247882136386,-0.127556074148362,-0.0398070638897876,-0.315925949685631,-0.126588730913899,0.0578744804361266,0.151477949083897,-0.0706813808916859,0.012702949960888,-0.109843464251993,0.0150664598739781,-0.0164469455268882,0.199723846638791,0.105436296237561,-0.180369781374814,0.0650506720322172,-0.229052053904936,-0.0865789265858888,0.0347238098738904,0.156323691722689,0.080420767842243,0.327150073788383,-0.118753987954859,0.15017618957884,-0.0460771881385561
0.547113872123604,0.200991519826309,0.166232683207215,0.747393386205057,0.650687235764855,0.00584530268396977,0.25396215682276,-0.0498417488984381,1,0.378030688577269,0.610765853321503,0.521289303152806,0.325837062255525,-0.0080212053551421,-0.134584384446868,0.0317331981059434,0.0919940685438265,0.0584032358271024,0.0858503513435064,0.453798542580393,0.0727093052727909,-0.0627648553219609,0.00908725707463256,0.150586018191559,-0.0403501338867257,0.160288671178854,-0.0379119072529459,0.316431127942977,0.205641814497906,0.141888986563662,0.221560148543338,0.110264203624599,0.051499792147531,0.330666161753206,-0.212607537005127,0.236824656505539,0.210074476478353,0.120281770689467,0.144347809273338,0.0563527987860956,0.324418516007328,0.128139244773181,0.366279156144377,-0.00911744660165944,0.27697471549705,0.566372712361931,0.350730660333477,0.0351080877513865,-0.0307495871597173,-0.0767508156908347,0.0628374449939195,-0.140948266183027,0.0482282267574585,0.204067341210014,-0.00605922044005352,0.0964743978615725,0.241082956412249,0.29066758242581,0.05138246035548,0.33310923723501,-0.292835453912254,-0.3598389800174,-0.104054266046523,-0.00790130771824332,0.019970659622497,-0.0860902198279919,-0.303470177149797,0.180796620342892,-0.498866457129453,0.0804587529138926,0.217962865599899,-0.311329859925617,-0.357317181897754,-0.0674500711049959,-0.323740225016085,-0.228917190417959,-0.172253567960812,0.0980198863896639,-0.363359700318064,-0.32747124171616,-0.170750647326528,-0.128826520624947,0.152915658220027,0.224036982544062,0.62116938632392,0.700474011966703,0.338159088238192,-0.0734479072939272,0.759824115555286,0.933284267587013,0.831336963956075,0.391350848924111,0.686410675343676,0.331755374917192,0.208370333788765,-0.121027167093619,0.0482430664585178,-0.100506402375273,0.122544160964727,0.131984457503901,0.103978926640266,0.292361479664851,-0.157778535135284,0.476221462714554,0.0728665920313966,-0.105513352459104,0.3038636136796,0.303046822964036,0.231199804551264,0.0873816683447916,0.0141264535891051,0.193698185996331,0.0664899266078575,0.0605887268603883,0.13419040493856,0.124094180700922,0.207381705717149,0.19480661875108,0.390580066385956,-0.13370937910282,0.128882226026924,-0.0894633556371336,0.117281911908808,0.230633230696621,0.308341177215102,-0.320656305172254,0.121369287071598,0.273400972432664,0.185182884916176,0.209804296837311,0.425375447676932,0.328682275305729,0.171380797444748,-0.133829862284904,-0.284483832150985,0.0856970513530291,0.033375440498396,-0.0257782265485287,-0.0257346157929011,0.0577031017155962,-0.0728303692307126,0.0442263124550912,-0.236306136439576,0.417200208222979,-0.242935763390773,0.143313897295314,-0.123774373320275,-0.265746360477599,-0.291003987533607,-0.133391713040137,-0.352044521363981,-0.359813491375872,-0.351942651605952,-0.43639856402194,-0.312371839248095,0.0168195861693197,-0.0771037215781066,-0.390418241772787,0.0225137154924988,-0.393908825456056,-0.0219993331434994,-0.407064610646393,0.0634689955860394,-0.397730290742732,-0.0776824128069478
0.699121983284942,0.352404242784216,0.0473959613287392,0.595778918046225,0.234058034869691,0.00704251780355924,0.380636272691006,0.264367812216965,0.378030688577269,1,0.467481804213123,0.360058374850614,0.816018260712392,-0.0749304790522756,-0.301053066935093,-0.0320681008716018,0.0579828583715314,0.124671275662408,-0.202161166519134,0.467814595051497,0.0919208272271073,-0.207461791354814,0.189345061715982,0.208478931520438,0.00576315161607686,-0.241243542242369,-0.192993157627448,0.0872312356837902,0.228583640957097,0.0519606755172513,0.0737086012996573,-0.372735620327734,0.207698722647487,0.0926766910309855,-0.359201747388784,0.24464767125201,-0.0483714493514951,0.196247733658932,0.0115649114117716,0.0727979895431272,0.365875336209003,0.145378879219663,0.243566182439918,0.118103035978822,0.107849751844038,0.267354083405465,0.51467931092529,-0.0772310069431505,-0.14782696205411,-0.401323857873036,-0.172599328230585,-0.0874018199126656,0.220903295810914,0.149981973854375,-0.0125710238929064,-0.166795950211872,0.0570290980848009,0.00291264391420188,-0.107872397182545,0.0173960027639562,-0.166803832632508,-0.306721514345649,-0.169465078903752,-0.172827637617082,-0.22160911606757,-0.200802807551914,-0.41712300264851,0.195625436397301,-0.290286769290822,-0.000326210688270535,0.315154464121107,-0.190880059722793,-0.243950689506598,0.084123137626184,-0.202932009797924,-0.324208971693106,-0.30512308330625,-0.442925295401191,-0.376427722683443,-0.452345025769723,-0.507041253921155,-0.356334229671973,-0.0514670556700402,0.0633896466319562,0.693619466173602,0.706968491040009,0.527041146620104,-0.0661661117157373,0.439089968709539,0.38917761408688,0.416120576192598,0.85008446013068,0.278368976559318,0.635775555316052,0.0117141835759425,-0.0398021662736588,-0.0740039472986651,-0.162405731931737,0.201751948546136,0.00105516878746492,-0.023918435449135,-0.0186201500258607,-0.201184972634665,0.362704148758809,0.11796568355831,-0.166097233663325,0.100430926015622,0.0936721250922892,0.0739130053695795,0.0885251295332828,0.233429933211412,-0.138533464686417,0.0233789429562362,0.0652482672512651,-0.164246336448533,-0.0625080853597176,0.166942444500308,0.190873107617221,0.208500200035666,-0.269296853905849,0.265570144352507,-0.303452376019863,-0.144202567926483,0.19644013887784,0.360265123269853,-0.256748101859143,0.0478521483536114,0.323545389624161,0.285107385868437,0.161048188000721,0.0817151739273942,0.354374987028268,0.091638705247726,-0.209326124866591,-0.588837166338231,0.16295718384356,-0.0740868990981433,0.183083088667238,0.202596068939079,-0.218589437898919,0.261827242253488,-0.0224805106092836,-0.0292215589746307,0.406910041263424,-0.276523659844184,-0.0747278819833983,0.062220493920175,-0.0265665504231761,-0.509970922150789,-0.494214423768084,-0.475073799188525,-0.302936484944139,-0.312260492337539,-0.284113474642728,-0.27166711051202,-0.113780415292308,0.018761113512497,-0.294160060890878,-0.0294621568148751,-0.319133382376194,-0.233666222572914,-0.341260682445501,-0.422960508711879,-0.444398361181985,-0.459489976175909
0.582480971056843,0.014113087645254,0.0460343194032426,0.502137933035937,0.629312481795981,-0.186027700542104,0.235710193766029,-0.253967511985139,0.610765853321503,0.467481804213123,1,0.343577344241715,0.500475054100717,-0.0582016141469298,-0.0271013228256426,-0.0560549154113405,-0.0312080959200979,0.060596151222439,0.066310130845093,0.337625087799979,-0.0526102599535959,-0.129593832116367,0.0422628599073337,0.0228623147055979,-0.112086603706124,-0.076190389062031,-0.148779286381691,0.096032930190745,0.228219935489378,0.0296668059549592,0.0457577055340902,-0.115961762978643,0.0617898734968457,0.0559156207906138,-0.278423333764576,0.0807843083271671,-0.096165120438881,0.107608261854013,-0.102276086127726,0.0661067462439088,0.223695808879603,0.0642722165134809,0.00273018120966087,-0.20093380568039,0.037254682443993,0.180162544667123,0.213916743545231,-0.228289019411104,-0.141923909381022,-0.246008713493184,-0.0187438599867021,-0.391738512427547,0.102084997454898,0.295433169109544,-0.0533603563104016,-0.0710579649740286,0.125255395350111,0.318093097657296,-0.0162541301776549,0.0990737314242574,-0.161099987561854,-0.143020164500778,-0.14557740502095,-0.20362975219517,-0.226127012950948,-0.0568330119612261,-0.190010479614766,0.231751710672526,-0.189435115199375,0.0840984164755041,0.263647933506001,-0.150105173694464,-0.13449791523066,0.0372112287450661,-0.169680707483801,-0.277595362070976,-0.228697865893659,0.0480540492148643,-0.181615016573648,-0.201010094157585,-0.351001755352264,-0.127890602169865,-0.0355848028681514,0.108015907475424,0.389766108208118,0.581521124160851,0.0448201465537211,-0.157084478225181,0.562144362979886,0.530610830290154,0.531398970059151,0.434575412471483,0.756066452224887,0.218792950160856,0.0876534088258721,-0.0931521485517072,-0.0165728401077532,0.0162201980795683,0.15198449950295,-0.141557255824825,0.143255174232413,0.060779429905147,-0.219619070625867,0.308749086381579,-0.0348754155381578,0.17912885337301,0.238264886919693,0.162848690944098,0.121334725482111,0.112918694084308,0.0141794783569119,-0.146307735352819,-0.201586162415942,0.122521319096382,-0.0264101458202461,-0.0138923252052138,0.150434141495518,0.20096110499151,0.131914395157978,-0.234974626081823,0.0243574325301098,-0.312126259314041,-0.168633114585011,0.213486776687727,0.222386591548274,-0.0965891343000324,0.0242029759360558,0.288929069279855,0.189667623032695,0.0368491159557557,0.228717942186596,0.107628217750448,0.00324743643673854,-0.257713132850969,-0.336627139567294,0.181511442232274,0.138174517076478,0.235833642331574,0.103171506290187,0.042644279730372,0.00238882140808394,-0.149701676795413,-0.0414527158107677,0.547607357466946,-0.0869423813153685,0.0743344325776405,-0.162345147113382,-0.0333259878319162,-0.348807303551695,-0.49191814894618,-0.267419944570914,-0.225137291472845,-0.183704932693099,-0.273480748994459,-0.10020044374378,-0.158844270925969,0.244779297989316,-0.234518252966607,-0.196615741585574,-0.234837173072663,-0.25967656644453,-0.404778834976263,-0.00545124074959216,-0.277997691640828,-0.298092353488364
0.291709022160678,0.500192983258317,-0.187397309963306,0.472740312989356,0.108916637303392,0.456771298030014,0.0571869279373428,0.60911996870556,0.521289303152806,0.360058374850614,0.343577344241715,1,0.398544252469063,0.127363283178215,-0.179628670060394,-0.0997059478931889,-0.144545093805119,0.0114838022149301,-0.163709444998783,0.0319579279892376,0.105140085563279,-0.0741573941288702,-0.122001923464593,0.0378180250788375,0.2666519646596,-0.181852300764286,-0.48379848296593,-0.157360374212908,-0.0452162626881895,-0.174447197678533,-0.307503816602469,-0.167937691532588,-0.098719282913278,-0.0868461950780464,-0.281584300336458,-0.189692730345354,-0.150459513897122,-0.162835125038842,-0.24564332942795,0.0666551022571781,0.33121044267528,0.0853325044567906,0.0904814430169836,-0.0340506626755868,0.238591629316301,0.0866714150290136,0.240715211924352,-0.277860945449947,-0.200312062357858,-0.326807288071631,-0.368397127276299,-0.13119733360169,-0.012312615366393,-0.0240396728024912,-0.345772076126713,-0.18466877784283,-0.0490343973864791,-0.103319598966713,-0.159156025354776,0.095440440585963,0.0128196104836553,-0.110511263956689,-0.210820715834283,-0.189332663199125,-0.474850766295506,-0.231108571444208,-0.125731080743035,-0.102022576440653,-0.0840361547629475,-0.00866890664923196,0.106123678786108,-0.0542806537451581,0.0517751192658637,0.0360621677466379,-0.170211375676334,-0.340087587596222,-0.200974569929633,0.0519275158242233,0.00547458432290985,-0.317335246268644,-0.0884098268888407,-0.174405012576064,-0.0345255258480385,-0.0775297961855049,0.516346667684732,0.539189163255852,0.334080189676276,0.332271835010372,0.27051527850241,0.622219624432617,0.271299740564893,0.464353014973601,0.521417256451331,0.120715107711486,-0.0171544891696597,-0.194194416849087,0.00833806844784669,-0.161142884196889,-0.0359177782480979,-0.0417711107962651,-0.166212659147315,0.0372815478476077,-0.063971208576801,0.123730908594448,0.192361755946504,-0.131345034830426,-0.0922799117426104,-0.0917238068026377,-0.0296385172033192,0.356020922921419,0.273073144587795,-0.178734851225407,-0.150173697629026,0.0854327377436224,-0.0663569625654959,0.0515065655312329,-0.140175272172879,-0.19411107194986,-0.0608037722159753,-0.149805409308082,-0.13820954501546,-0.243529658699672,-0.108892484804703,-0.00940140160674464,-0.0467851918444546,-0.467380250171808,0.209973966963284,0.185915655119668,0.303252246386086,0.120541601178736,-0.146260628714153,0.237218279940194,-0.219548503904749,-0.196179305439423,-0.186363095146161,0.104161519573967,-0.0601174506587344,-0.127561759462283,-0.117716948466596,-0.188859707131041,-0.0160109085143631,-0.157069438792603,-0.0966550951291397,0.0244932675439863,-0.179894575861286,0.190977475683715,-0.0329586808352785,-0.151951617940308,-0.17679692082697,-0.297813250480749,-0.165769303111575,-0.111942164212067,0.0475088043770079,-0.122541681287362,-0.284025568577222,-0.0502113440474439,-0.131962319523064,-0.330754613628621,-0.109494009879154,-0.0292679101594711,0.0123592696621374,-0.00962946587732883,0.0123895696328694,-0.0196139262919667,-0.139580111020909
0.643944621862013,0.22772654629478,0.169781864323047,0.571213329016873,0.285668479343219,0.0253037433679223,0.469953662612645,0.17490531596642,0.325837062255525,0.816018260712392,0.500475054100717,0.398544252469063,1,0.067814884951339,-0.116279647278869,-0.147334218251929,-0.0157369108619881,0.0321265947670494,-0.197404795755696,0.280986934181516,0.0483695789795795,-0.23335805419052,0.466201314958369,0.377685900366883,-0.0241080346145853,-0.245656467796983,-0.0654061466597256,0.197938477903716,0.26441901657177,0.244439865859591,0.181470866876704,-0.153944809066727,0.420029796272804,0.114677453588912,-0.184398086038131,0.138004446138789,-0.106304177002742,0.20330001842331,0.0298953090471943,0.216040098322816,0.209319584149879,0.0539600223643791,0.140849755745669,0.0279385752417388,0.0104300747941528,0.251357881731558,0.232167433168383,-0.202020562448508,-0.0786647616396,-0.361968743714018,-0.0709340690249907,-0.100634847250963,0.0904855866722953,0.263213089943198,0.0986961053105109,-0.217817764864927,0.0844991073115524,0.210428056664371,-0.119496598719874,0.0532378231505664,-0.207530047902724,-0.300261376720652,-0.198846832740279,-0.264214658594647,-0.206736503501648,-0.183626785665329,-0.390812811278666,0.0744850195656108,-0.262170603326113,0.0147332651594118,0.142324220804475,-0.124508426186066,-0.259295550951079,0.0491103030570168,-0.350599524880551,-0.270269537579092,-0.150064529426556,-0.286864362511497,-0.273251239012232,-0.266611817097608,-0.454531358861821,-0.241611487622508,-0.0450952134675201,0.0729821168946822,0.586263553321502,0.62415961999401,0.503207078902512,0.0391985414325338,0.43299097361662,0.325681424659853,0.330403025961559,0.769248262403913,0.354962929317265,0.644845346951754,0.0277675141692926,-0.0338812865465956,-0.222295529885122,-0.235281605896155,0.107514507518158,-0.117834667202115,-0.108751877786545,-0.022500125829508,-0.232843026580814,0.158422456636106,-0.00274157188802349,-0.172870190963674,0.267252024845187,0.093799319712417,0.201584564899626,0.149289366482659,0.104395680554568,-0.0948521515022309,0.0709008824836406,0.0186826913362688,-0.081736901521868,0.0801534013850285,0.312780119536196,0.374883653780857,0.18626981049683,-0.196790021650331,0.0594740601327112,-0.402631681742119,-0.0986888732936449,0.0959773335719128,0.259580819358665,-0.252824556000324,0.123531953220186,0.224369185080257,0.254240721796906,0.00435322160670528,0.117486580906306,-0.0146545938151866,0.100076106325707,-0.20052437574547,-0.459220903310655,0.0989424669954636,-0.139637260602193,0.223551283156931,0.236543889075649,-0.282523084955729,0.20924000786168,0.0230987445763036,-0.154670138044553,0.526558687670659,-0.180042517780507,-0.107443960526674,-0.038754382188663,-0.263259295640962,-0.436023782319372,-0.491405677952049,-0.428331308987851,-0.285514086923416,-0.345141942513498,-0.283376194324337,-0.216319162198683,-0.17974296035162,-0.0236640242274183,-0.169106909186981,-0.0469664025557416,-0.319284738360056,-0.236964862292182,-0.42720579922088,-0.284451518094663,-0.371125403077407,-0.355885173250239
