1,0.542731230372697,0.19248796837859,0.578713065640978,0.659168240586554,0.48336307490946,0.248827373622276,0.375252572649424,0.677362202042479,0.734726871598473,0.582422628363381,0.728712738283985,0.726726399996977,-0.0298611262285422,-0.110144558099108,-0.105040511547062,0.030948430182817,-0.126003639434013,0.273865061611346,0.299436464593694,-0.239068682497344,0.0523363104646954,-0.492265798215789,-0.135034883039552,-0.584056596212362,0.404554212318851,-0.292503155234723,0.241358875948216,-0.347025235388757,-0.453894288214654,-0.222274774660392,-0.0861120651432615,-0.355317836816356,-0.143747081791497,-0.297608712276459,-0.010993237410964,0.0558960343011078,-0.205444458370956,-0.123584902330986,-0.231230581194763,-0.0218985248806493,-0.106144114921161,-0.159627184469143,-0.173304983182112,-0.0310200854434898,0.00111440605976953,0.0856162600149911,-0.0301804182582587,-0.284930671093358,-0.408847684380129,-0.365068301698571,-0.354018558644738,-0.235875308865669,-0.376451020417221,-0.302086895659775,-0.0477810214467496,0.117922415283676,0.21487382379275,-0.226349573486743,-0.107710047182689,-0.0576050576008004,0.102574209643085,-0.0589656908744658,0.0093010872288181,-0.0391380089720163,-0.145969287322136,-0.227407890387409,-0.105632881340314,-0.0724365373643529,-0.0664144201700855,-0.128217699638016,-0.0332201775200885,-0.0759151409712812,-0.12827580766902,-0.0305760967278979,-0.139772048491322,-0.27416955043244,0.153582909785271,-0.1598618707747,-0.224008770190863,-0.223580085913912,0.377527978773242,0.79454567882469,0.711529300649747,0.696823303906508,0.587777011339454,0.322882566788543,0.386901414376197,0.580364574476405,0.637812737824428,0.605455272590208,0.611125100751061,0.628095970877686,0.638311809269762,-0.062900292986737,-0.139335552559645,-0.0969627075798372,-0.178017492498319,0.0468743580616511,0.029696562012493,0.253783912338318,-0.00646491159921993,-0.280565077370773,0.404432821601924,-0.434665801645266,-0.125606359373417,-0.422959358805777,-0.37308980053064,-0.245413425380628,-0.304705733333607,-0.569155257104777,0.195981911358282,0.0839863344870779,-0.0393445561790943,-0.318579738842295,-0.323967391516954,-0.297447820738437,0.0569565567560016,0.254682825769889,-0.093524750753079,0.0269325174591217,0.0635048196790446,0.218207079819616,-0.0834680358026503,0.343109550312684,-0.0172068985311514,-0.242946280767214,0.0723660546898856,0.00226883187385175,0.0231087122621876,0.172092769479221,0.0963252981431519,-0.0933501870061761,-0.179390988641475,-0.169036010013078,-0.086324307903081,-0.243898641993224,-0.243404178431027,-0.189251529498878,0.290304104500993,-0.211023219955639,-0.209685596613188,-0.0758927718790852,0.225084382504617,-0.289429739898939,-0.120361396858054,-0.0465068380301961,-0.102668997337405,0.176862974353701,-0.170198655386909,-0.228641151070515,-0.100770590379195,-0.147632984923165,0.0400696629742306,-0.0465632586156282,-0.0772713296924806,-0.00823621868795207,-0.0380392093018232,-0.235541736532178,-0.0264675867056388,-0.11577236805233,0.12791111845182,0.407968622116818,-0.14445758264823,-0.0849138078772266
0.542731230372697,1,0.41522807627595,0.358447080362795,0.418353036573539,0.81865793773789,0.100647793874722,0.792757435478366,0.491684996230626,0.572948737665906,0.344970298990168,0.459120935908653,0.53980213492955,-0.11454915984454,-0.0200467119035968,-0.281824372665539,-0.0730662581072292,-0.168014587500603,0.0771730357108515,0.186207163753148,-0.329399346672421,-0.147777806811146,-0.423799093832705,-0.429555623279713,-0.317304034227648,0.45280289155092,0.0173429422055684,0.193076601175564,-0.0435982775927277,-0.246101858942325,-0.0689160514784005,-0.202893565013175,-0.461636604968853,-0.161863648561273,-0.0249709332062229,0.14911964593114,0.0804135148639471,0.0405481596040021,-0.102542129422301,-0.114077159940915,-0.115004529910251,-0.0857961053920014,-0.00842415623185539,-0.294158543054694,-0.140670434874409,-0.269812530658447,-0.190648594933376,-0.107551618045659,-0.313810288640734,-0.292524098536212,-0.0190926247276612,0.0857438297175503,-0.0891663814657528,-0.317707047406069,0.0350328021590016,0.0447426576424781,-0.0577026235503058,0.0382148620390279,-0.249446864661471,0.0785991848671765,-0.354276027882078,-0.253222839779756,-0.366449138354122,-0.169917091182366,-0.173381333100724,-0.380377391288102,-0.178173431281192,-0.181255462570907,0.0583629640305664,-0.199941383397668,-0.190436561506308,-0.0111273584831384,0.00155434861769411,-0.0283927764352419,-0.038258449764254,-0.0855037252913665,-0.0726149656266004,0.0385983590570177,-0.203950147590347,-0.253198108725774,-0.351218831779067,0.193216446297721,0.68214835889613,0.395445987399415,0.645976789613635,0.277385500401791,0.439291731259329,0.739353960164544,0.361985225230605,0.411921213984447,0.385071693468337,0.507631017896308,0.476205104952856,0.377945411177216,0.166216827723569,0.0320434875986312,-0.19535772747285,-0.135328813815313,-0.0343037534832527,0.215771150979197,0.103326403364202,-0.166476393822103,-0.11860793801221,0.248755937493847,-0.417054796612141,-0.120544257425862,-0.440592602479477,-0.361638984506673,-0.298100453943686,-0.211430966300836,-0.503790380897966,0.298268740790477,-0.118804225275205,0.0678550032122904,-0.024809819312337,-0.238810541427528,-0.150021627213015,0.102059869571684,0.167962771748411,-0.0358314953540764,0.227198701522166,-0.217104835536526,0.0487663775570434,-0.0154591617888696,0.275169944978794,-0.0098301247356725,-0.132307996133555,-0.00160869773337216,0.00542589916964902,-0.10435088583853,-0.0544769935142252,-0.167518824181226,-0.0291139212600894,-0.0945655943322395,-0.0151664837140877,-0.107593689249967,-0.160216805230143,-0.310507521092228,0.214215623559978,0.245666558948948,-0.213682081308375,0.0312884059767511,-0.225333028950756,0.0131948993488592,-0.377965704143889,0.105854829606507,-0.0602334978761073,-0.0556473649853387,0.133356502989039,-0.384476314202073,-0.313918166680337,-0.344122279456656,-0.290993181325822,-0.295659033957413,-0.380050738356662,-0.13522226567149,-0.136319786322856,0.0182043899992429,-0.10829671896872,-0.0538905006416443,-0.20189406018558,0.0108671127559807,0.164934007287654,-0.202378809798252,-0.297785742506157
0.19248796837859,0.41522807627595,1,0.135478798448758,0.0912039515514422,0.216418635851029,0.19803688562152,0.191642314964716,0.104468375474923,0.158663470565838,0.148803500917362,-0.00340141980699047,-0.0381661709831098,-0.180914177168978,-0.042458004565809,-0.287330592682465,-0.1929635776027,-0.162296743292402,0.0973083417641997,0.0684365806382799,-0.127182540622968,-0.109205515147262,0.204667316901637,-0.00460048666638556,0.0521216170753255,0.498479618756724,0.355018859241821,0.48446423199862,0.551237989474421,0.452782604512262,0.450155681365095,0.0180150201712123,0.117618159431525,-0.0647593192981318,0.225461346647068,0.235832078140372,-0.114794562610684,0.123281757990797,0.00198525175269272,-0.0779149160523841,-0.103232234505721,0.0992144622562184,-0.124479646444753,-0.341943100940484,-0.20057850349602,-0.0746949714741214,-0.322186407867097,-0.212243150809698,-0.208529985067814,-0.0269198791192574,0.505947269894437,0.174132094915296,-0.0161006832878917,-0.259415266855878,0.12574880121738,-0.0761542101567277,-0.433461640840264,-0.0510531088424743,-0.170394204596276,0.301568319007617,-0.33546977306584,-0.362034330456366,-0.418391439708534,-0.387247262436894,-0.32322410268554,-0.395485977561735,-0.110773875284915,-0.259183119262568,-0.0724279981364242,-0.384619202666772,-0.366421045087615,-0.26150747164194,-0.0944513036769455,-0.298232735557443,-0.0884726726397889,-0.0281634783327291,-0.0573729946073228,-0.0546616274081987,-0.139122416826185,-0.29731358600561,-0.338029836008404,0.357178582184285,0.296008845792724,0.315700982124722,0.0346392451258193,0.1198306347712,0.562961840745388,0.204117966899174,0.144188387515631,0.059591502756798,0.120476641013721,0.341909012069216,0.1477478053287,0.102663321449083,-0.0485838485319185,-0.10142027126444,-0.282135944615916,-0.0923204675463315,-0.163474801783878,-0.158642910678408,0.0724540120874981,-0.123019362897592,0.22063346138284,-0.155277423872987,-0.0939966212795178,-0.285595760991376,-0.299622758384172,-0.316488621422286,0.185666714216277,0.0451466574187867,0.0129111736801844,0.712047441013347,-0.0278772207218031,0.0705865674829773,0.451618050339133,0.242626613266538,0.394632844468371,0.423213886728573,0.172797962665024,0.323169997610163,0.125448750580019,-0.265400094500316,-0.293433074744315,-0.0558725743984902,-0.0836451956161258,-0.283712523856665,-0.269920273160899,-0.083986754778688,-0.271540555478502,-0.0670077383150226,-0.126488203915614,-0.401205160213239,0.00460985660580485,0.0500757629256788,0.385971620314679,-0.240164103854015,0.296679393562075,0.0878991888881849,0.209725891987897,0.0863360109104682,-0.076694249705945,0.126749627453695,-0.0296222680730957,0.0473600456853376,-0.217988962218667,0.187545010265139,-0.30241505547277,0.0595222934441888,0.273088338743788,-0.0885545687415951,0.04527382251931,-0.146031323205765,0.0626515197730682,-0.425348752820642,-0.260312883201487,-0.411389287119486,-0.0509785522697272,-0.189993011277464,-0.247525081458182,0.0123585207115549,-0.161018624400043,-0.0312738466279541,0.101464987678592,-0.035431539815665,-0.0745444541944369
0.578713065640978,0.358447080362795,0.135478798448758,1,0.725419029576542,0.523983995525986,0.0898445088254354,0.0936798418063967,0.889262108063604,0.318662521187991,0.906965763703162,0.746634871040828,0.569583014064789,0.037564746736462,0.177095384515557,-0.0556578685950678,0.0601212833002856,-0.00155043640883357,0.38053822049335,0.425894244253656,-0.199980768195131,0.167584450771701,-0.166993505448607,-0.0843805407594269,-0.40320283080269,0.148296575098436,-0.0528764721397739,0.351312653496276,-0.0478702658868737,-0.187199060722447,0.00124229294265572,0.0218281708659998,-0.119324415780902,-0.144858408294058,-0.382257039052779,0.0926123008935492,0.136108776601661,-0.0340680130569552,0.048793943778554,0.0500290263328216,0.220299241208986,-0.044106927632256,0.0592308157534445,-0.0751570342500293,0.156364395197492,0.128868856764314,0.0302728507079597,-0.0221058079002647,-0.270323010847988,-0.44897692190553,-0.0568873616180717,-0.517331974570845,-0.343213889021911,-0.56625039518644,-0.165412348081169,-0.202552542817009,-0.0503453005398789,0.304119199389421,-0.387982737212453,-0.069866946203444,-0.231678091596634,-0.167161997729313,-0.118788075298327,-0.0898435819666217,-0.21839356294308,-0.18124483805359,-0.425196383966055,-0.051170187158517,-0.345650512272977,-0.252153752013381,-0.258745980641236,-0.201676146589529,-0.378793399151985,-0.000668411479986364,-0.150314608104698,-0.39692414611736,-0.551104811803459,-0.0202878222202075,-0.254695631224133,-0.461657705770837,-0.290359871710263,0.143273167877382,0.4561781177075,0.26576888942764,0.374921915781941,0.870299320944371,-0.0337757083578233,0.432027833053348,0.885412815672376,0.886255166520967,0.903601216626326,0.239438194182835,0.866120459357291,0.576690436071316,0.274893257412494,0.0628469889988033,0.0651951330566735,0.0449089984446886,0.0296243215755729,0.125851244666399,0.281419088944765,-0.0174033144110587,-0.357786926544447,0.45857378224303,-0.337101406812748,-0.0466424040629564,-0.202056149539773,-0.28990300912645,-0.00221658711401862,-0.0237290873055232,-0.407272419030819,0.112895112104744,-0.250310939243141,0.14150601952179,0.070603379283651,-0.170348178213818,0.0515004223628949,0.371759917445753,0.445496468525017,0.211695116164622,0.234321469515441,-0.0452636039819645,0.105371148127335,0.0660069105540807,0.260099197315584,0.0870030383624911,0.00176961980190061,0.238303499924544,0.130955625231384,0.256876120707038,0.377880105067284,0.119649749742653,0.0953711808269861,0.164088819037176,0.128268954229593,0.0623353842188479,0.00920381548604362,-0.0175129448517926,0.0679237005981448,0.0719600363825286,0.0760155692131798,0.149671989852896,0.0428312334720411,0.529484299064899,-0.293227772986693,0.0514279926456307,0.0972084993564953,-0.103850625413469,-0.00153579578536953,-0.178229712321981,-0.123613216655096,-0.260382182354087,-0.226194966910039,-0.0734585252029853,-0.177316207489554,-0.210665978678377,-0.123321347139512,-0.0443669819938292,-0.0296326636591739,-0.358707495729242,0.165267517132097,0.177409349381763,0.402236433134709,-0.220904438306797,0.0779801472840418
0.659168240586554,0.418353036573539,0.0912039515514422,0.725419029576542,1,0.517834626269215,-0.0579675510093032,0.225523704245202,0.808191854673613,0.433534320511772,0.763421870145604,0.559646723731655,0.501576589115759,-0.27564662935855,-0.127648109399019,-0.136752220963036,-0.246530017391279,-0.293034969591854,0.281486745323439,0.0926416239161381,-0.457730193803174,0.154986374837126,-0.494070822703949,-0.267647322872986,-0.503389008074245,0.3120559903664,-0.352574973168689,0.149058367914592,-0.36956673648747,-0.415902050553012,-0.317640418537712,-0.133045124060916,-0.329925472371208,-0.231149253445035,-0.203829702839349,-0.147836956978511,-0.147172900400342,-0.428047294865084,-0.370020334397183,-0.312306587498721,-0.0691230087295363,-0.270733944061979,-0.338450787378761,-0.242475979879839,0.0351730409758576,-0.146671220041307,-0.0902625220175475,0.163539838236152,-0.329396733497171,-0.314475545379517,-0.231758534983432,-0.377875100402516,-0.333707236667657,-0.262846880280006,-0.384440028378751,-0.067419778028195,-0.0656499000721724,0.164199716385236,-0.326931000841877,-0.0407645120416754,-0.165954999558452,0.139015772673366,-0.210807580367223,-0.195838385144405,-0.171058949427286,-0.133730211816443,-0.0403328634419298,-0.0579635588919887,0.148039145956564,-0.180791873253838,-0.257990031339495,0.160360684864055,0.103638833708386,0.10154252016041,0.0507592167637157,-0.126642906737353,-0.141198246747607,0.400149873768116,0.0508631563255075,-0.0643417571661537,-0.158677234827667,0.462508899332368,0.603807615228241,0.515142722211492,0.529405227326421,0.633741416466966,0.117205825113293,0.452002342797226,0.847644863084848,0.713652623158872,0.791122364246997,0.300427327321103,0.623718215395274,0.436665972184962,0.00698182696323176,-0.187931732947502,-0.0462539465427877,-0.102923780293489,-0.255049994174622,-0.0438089083664185,0.230879463844646,-0.201115912811438,-0.312831535952936,0.374032648578266,-0.463199092642059,0.0258178630335096,-0.335392903619581,-0.343187133193738,-0.244711109357588,-0.276417763051526,-0.476412271168858,0.0697053117930835,-0.0266632327303564,-0.193225074936106,-0.281095521479495,-0.262508976955753,-0.339415876005222,0.0215274007355322,0.0430542623681426,0.00732735451585051,-0.102824795919669,-0.0735411425475167,-0.0415641718230943,-0.377748759589918,-0.0184786443010583,-0.176915715253723,-0.345283738928713,-0.00681330052171386,-0.242933050014523,-0.000806890567331723,0.0594209863455923,-0.0299218976247384,-0.352844391146911,-0.273766574566624,-0.050790295219705,-0.00684130567271256,-0.169444432551934,-0.181459299536904,-0.236835019044609,0.0908503271253372,-0.160418397753318,-0.191615542524304,-0.0335006414656158,0.0642863163849643,-0.368842429451215,0.0747478185897412,0.0862481034665323,-0.0771956084951501,0.380062248519135,-0.0867359023700464,-0.139594011223356,-0.191908899371501,-0.0430647958699222,-0.0350124476902165,-0.229106857578438,-0.260370041269464,-0.214901042476293,0.141238458433211,0.0928617392845676,0.050385508732101,-0.153220457430378,0.273192893051277,0.630037648973984,0.0611764233203084,-0.0531157280719514
0.48336307490946,0.81865793773789,0.216418635851029,0.523983995525986,0.517834626269215,1,-0.0336169419392723,0.671286984114427,0.708152417720123,0.517508160640317,0.57866148819083,0.623812154637097,0.649460145544381,-0.151918425390678,0.0744069359121591,-0.165628480129241,-0.205664773433035,-0.233427263682833,0.0748504729588781,0.148035513424573,-0.375248155494755,0.0475091482383097,-0.446232147003467,-0.371818253175955,-0.270185585364203,0.241941993384571,-0.201013697389316,0.117652042077833,-0.238168464145144,-0.320979633140283,-0.233067303450192,-0.235029064692421,-0.434672537860757,-0.243778554087648,-0.198765908864344,-0.0446848137837465,0.0391839426754671,-0.192093496010673,-0.253321753717688,-0.135744753231662,-0.0328626549286305,-0.256781820306237,-0.12455112209702,-0.236860376292144,-0.0341141534984322,-0.244144623593334,-0.110649325704699,-0.0839341438735196,-0.391602160258633,-0.404047381915734,-0.15517291607012,-0.122823455240232,-0.367806159346946,-0.351582062747901,-0.189492778325999,-0.178304264398514,-0.0691404086171996,0.156590702238542,-0.198237708961654,0.0215835828335513,-0.263114838912296,-0.130148857723287,-0.25431140040951,-0.223858729016595,-0.235871266605613,-0.22583413486038,-0.139626453158123,-0.0505427751392449,0.102932420912141,-0.232011049245199,-0.192118695779089,0.157946353209494,0.0545458944561958,0.179176834159821,-0.00167006542469781,-0.249551184419358,-0.13978599408773,0.131219182187547,-0.071209800795331,-0.182467074675703,-0.278443348747879,0.164146128611981,0.591211806198286,0.369764978661485,0.670741434858954,0.493654816880927,0.25707107186967,0.813930618199053,0.600552573452884,0.661977905702861,0.611813058559713,0.449293305976142,0.661698226080983,0.463881094786947,0.228125416059782,0.0297564491675906,-0.155634754727271,-0.0818786263685997,-0.126934492002555,0.0941674979942139,0.110807547236614,-0.213489781713014,-0.187623663203692,0.358057703128429,-0.367736041143417,-0.027546063878156,-0.356769351796642,-0.245063254180265,-0.251804092249978,-0.130885482474885,-0.441411780496538,0.180784721081117,-0.146710525370773,-0.102250592869784,-0.0412785336457783,-0.306868542760921,-0.163751729511833,0.181214379404778,0.247412037840748,-0.00873930120403655,0.159112716876079,-0.22808612050891,0.00650785768395922,-0.11722481508524,0.27327317033737,-0.0255605842188719,-0.156367444120187,0.0410927459512192,0.0253026272843468,0.0249892824306593,0.0231701702917217,0.0204288990193823,-0.124484470472851,-0.088627221226854,-0.0591537921295203,0.0248487175460615,-0.21669533658273,-0.329240755619113,0.0806644509786236,0.129050843672077,-0.101001627335858,0.0366775818071725,-0.16765143878173,0.165704746086408,-0.304558037860982,0.191935272226602,0.162306908526717,-0.059487935809049,0.15051315212991,-0.27473933921297,-0.279951513417182,-0.305288802611778,-0.30131186707318,-0.240871747554628,-0.338591005813074,-0.0652836572862868,-0.22573401890339,0.177977705501886,0.15087158778376,-0.0672319907729766,-0.0531848388231605,0.120388575648051,0.284821433343988,-0.0887554547638543,-0.20853869850343
0.248827373622276,0.100647793874722,0.19803688562152,0.0898445088254354,-0.0579675510093032,-0.0336169419392723,1,0.0786893095607971,-0.051733251557356,0.286772472498331,-0.00241132740068534,0.149456411844649,0.222324632708027,0.36812287389278,0.282878592865696,-0.0227343673970961,0.410761826546838,0.254714563049202,0.267323456091449,0.31658244072447,0.299226936707925,0.0130600533890876,0.150616956050977,0.377650106790047,-0.0113125508990603,0.407461704260931,0.465788123144468,0.585431104687453,0.281722134900036,-0.00320334634058144,0.446447395417511,0.272629533858605,0.221297566551776,0.29095014935546,0.285211524972976,0.24006065619768,0.355955623739912,0.317572781875922,0.45862892750439,0.133380842915167,-0.0920643567537204,0.349802698171037,0.358156081657616,-0.119509508897873,-0.0605180937876733,0.333824252192914,-0.0169144481340398,-0.0424893375992116,-0.0121424111529174,0.124169276072503,0.181788981753585,0.179803739756589,0.199856962768724,-0.222226919348054,0.29955446632107,0.273832242811098,0.0840759438432231,0.0274156837351135,0.010919078835687,0.0431981170699385,-0.295873483459783,-0.240527247212135,-0.22625811157866,0.0685206186073795,0.368114964451143,-0.376338878988226,-0.28853522764565,-0.446535783432319,-0.339627678527408,-0.105801368137047,-0.214243879811492,-0.554255873021647,-0.384088979258797,-0.575676476163157,-0.40245668535757,0.069974461993458,-0.126532039325186,-0.306417906898013,-0.388464804665121,-0.408881187476563,-0.0485099160098282,0.0243626733613463,0.180433620933013,0.175884617246445,0.103679275852444,0.0161020024477776,0.377015221547407,-0.00658626963184815,-0.0624991315294906,0.0324947303327765,-0.0304914809730093,0.329141082679084,0.0799845114081699,0.260015871865926,0.138341833287945,0.154173539187591,0.0308724673150702,-0.0371728084829516,0.335903183763738,0.05857373552244,0.222396953168251,0.294861514141318,-0.16532786981569,0.0679358232673434,0.00905625600990773,-0.0245219111742497,-0.207788578543425,-0.212483601768159,0.188430163313684,0.192759614597782,-0.0974307761422429,0.331784741525994,0.272302399187519,0.288460071526375,0.0629139335802873,-0.0900667536016378,0.207372122155935,0.277686417437907,0.468253689950586,0.194012376851586,0.297375573640617,0.0171581006548012,0.229571082753677,0.40016638530784,0.368656074675723,0.235397586885527,0.0599324798083239,-0.106333605608992,0.209102560970663,0.117150483146037,0.291766538808843,-0.0795229120250753,0.385527911249856,0.139641723090981,0.251480635675801,-0.555964416838247,-0.111471987437474,-0.076583655034273,0.227785514197632,0.219002149532268,-0.278342873589232,0.0756918228518242,-0.127951200403519,0.141152615380537,-0.168369142152965,0.0860375069749509,-0.435123088719031,-0.31231465960594,0.0164385768171459,-0.289078630698268,-0.159512508693126,-0.27945550175696,-0.209565087255524,-0.23356963494897,-0.226045883304431,-0.103968145738225,-0.245423883489922,-0.535458163163452,-0.336513206632267,-0.301900947468963,0.0992585665073497,-0.0384882020285878,-0.123690103366194,-0.265487858168074,0.180464963168583
0.375252572649424,0.792757435478366,0.191642314964716,0.0936798418063967,0.225523704245202,0.671286984114427,0.0786893095607971,1,0.262230471112727,0.527858650470111,0.124624361714835,0.37605996805239,0.551682459932987,-0.169828423441748,-0.110525305257897,-0.181217269750504,-0.126350576328766,-0.107672027554519,0.0580361414633649,0.0203849715026811,-0.258295533620382,-0.170932436033409,-0.42263424553683,-0.358557630276432,-0.159285211768829,0.315698142536443,-0.120129019154831,0.0101829422441571,-0.177704283301392,-0.25195477975202,-0.238995150654374,-0.219471943710157,-0.415675499884823,-0.197365352044115,-0.0983911906162782,-0.0112019639754121,0.0190681639755124,-0.101164013350385,-0.176342326300302,-0.136279392974066,-0.207800704986662,-0.207344295106357,-0.0530154394249112,-0.27435380069062,-0.124694164280419,-0.35958975569621,-0.0679912961083288,-0.27206716274476,-0.470419613966731,-0.331857116860206,-0.261633631942482,0.156672592644314,-0.110129155596885,-0.181980964674569,-0.0592438336042475,0.0465505563790857,0.0975438864522848,-0.0219257242741146,-0.18933741814807,-0.132679891840089,-0.00934471243031357,0.0949182354253427,-0.141487029413238,-0.050339896915696,0.0373307422351634,-0.189052818012889,0.0379366579406643,0.12606549031715,0.294817623518576,0.0635763883361109,0.00909935183033554,0.190933637005194,0.268031247633139,0.0272148057650389,-0.0120950752889948,-0.063161292196857,0.0669317776494294,0.0783726616832739,0.045639637329564,-0.114662538517326,-0.195222532708354,0.0505177441399652,0.548274981689714,0.305704664289024,0.577471355527684,0.0835021447105137,0.2837362641619,0.487944223151749,0.070945916678769,0.220724093904622,0.176681434555959,0.419735507338467,0.245029083479851,0.218487519176156,0.0632507001156471,-0.0302362926957199,-0.168085370343759,-0.188605964418245,-0.0359586179562121,0.265944040331264,0.180877932113267,-0.266630200277126,0.00123794388555742,0.220146054805139,-0.341218391528494,0.0358750801123611,-0.418460145151348,-0.236549003273493,-0.355161279272921,-0.276769409884952,-0.426389176464596,0.14097410452107,0.179215689771276,-0.0305405182478885,-0.156671495769571,-0.189101843163459,-0.297144712046576,-0.104698284257187,-0.0451794234135656,-0.384640645165316,0.137530521959631,0.0180916660993856,0.161051463968537,-0.0653130386053169,0.305871702348533,-0.0071453495041859,-0.199840271101498,-0.150583080760608,0.0422571179166389,-0.180542960682414,-0.248194637239183,0.0348396986644073,-0.0748488615000323,-0.330290976679277,-0.307356770652869,-0.151810771164842,-0.3820870126659,-0.547312791952906,0.0299688409485836,0.273439934896972,-0.442030787436167,-0.252611700403744,-0.410921518144932,-0.208845226710643,-0.328534162316594,-0.085842879561697,-0.0990894879946914,-0.151499015040154,0.0175559935973435,-0.355843785788593,-0.437428161932798,0.0097329476353392,-0.256498617903023,-0.172291239312767,-0.294575155557879,0.0540999048187418,0.00211374788769771,-0.00889610349070201,-0.100704442347049,0.159892500877524,-0.372565777638938,-0.267738240570288,0.0200654673102249,-0.119941139544562,-0.420868292406875
0.677362202042479,0.491684996230626,0.104468375474923,0.889262108063604,0.808191854673613,0.708152417720123,-0.051733251557356,0.262230471112727,1,0.50004958325542,0.931060445653387,0.819241717669189,0.688703402151391,-0.151764946412763,0.00120469634957684,-0.129299410950647,-0.148159913832416,-0.179331460082562,0.267075343964124,0.236171336587518,-0.474305307241604,0.0988083815986665,-0.448096226117844,-0.321028738541681,-0.487789598900686,0.228749350855197,-0.333844058917311,0.142769277655731,-0.335839737468643,-0.404446000794757,-0.287394771130159,-0.231993185428339,-0.370814670060813,-0.293372113100841,-0.422815635167678,-0.0611082428095481,-0.00319299019419913,-0.31636457797357,-0.253639568287592,-0.189152682485609,0.0669377728288506,-0.250000986053625,-0.169191522101738,-0.219504645336026,0.0149964668638753,-0.11901331907009,-0.0569551582694644,-0.0230111272877009,-0.308508642583261,-0.434161206127891,-0.255987240886884,-0.435447046578739,-0.401027742819397,-0.468682517469492,-0.342030888216017,-0.177913586215039,0.00231852935457831,0.268887071493202,-0.358055336229288,-0.127981066627094,-0.0978566918752297,0.0430149281021492,-0.0848829764222991,-0.134365381779242,-0.164306505947084,-0.0577221834547209,-0.196010409921911,-0.0028855595104419,-0.060714644924061,-0.193488936413535,-0.181227863916002,0.0523902895785222,-0.0741679406200642,0.084871064085129,0.0390403337659522,-0.291370508556889,-0.387222581541029,0.136251039007535,-0.0823276182167492,-0.244975914943474,-0.29884635624377,0.240123494394549,0.631818660283705,0.441245462223282,0.591073980919072,0.850866797276913,0.0188588136335455,0.608364693129308,0.915898631761692,0.963678890597905,0.955341069947159,0.343550394267737,0.893677454509467,0.597093837379509,0.139524325178106,-0.0767152920871338,-0.0119297213640235,-0.0169693739231679,-0.0977545088619435,0.0161650070080633,0.22534032585967,-0.161466761703472,-0.301666520684341,0.506421606859109,-0.458284574447775,-0.049158972973227,-0.303845670122364,-0.295017147756648,-0.243457963495832,-0.206156904157059,-0.507498845833352,0.0281355406171928,-0.149608709252195,-0.102056092074685,-0.186595907822456,-0.32308478745196,-0.219151346843646,0.194379684958095,0.25998045485552,0.00999661451380054,0.0451082469658397,-0.0715191349638116,0.0321528554021382,-0.160601872326375,0.186966977414589,-0.0657871859947509,-0.1831480940924,0.112842771205304,-0.0182897722977715,0.100646439653741,0.161926943708049,0.0844031946929608,-0.195080694407491,-0.0877048781437062,-0.0677467013762983,0.058928176523082,-0.096235083823075,-0.152444052175856,-0.105276480138027,0.127953802605674,-0.0590875448418122,-0.0400656505761691,-0.0213953513224861,0.337542343208907,-0.341873269259382,0.0405323815819159,0.120652984715191,-0.0371504229535175,0.169400080671673,-0.12816322595621,-0.127468163248262,-0.160989213831019,-0.126618684115432,-0.0268036816049763,-0.148530514130798,-0.203319054916819,-0.114054890295104,0.114388441020902,0.074731786538849,-0.096483387252593,-0.0395788927190118,0.155723297131982,0.493038035323575,-0.0737981146142326,-0.0652387249874475
0.734726871598473,0.572948737665906,0.158663470565838,0.318662521187991,0.433534320511772,0.517508160640317,0.286772472498331,0.527858650470111,0.50004958325542,1,0.340118037223771,0.633065444258995,0.771250956629747,0.0491676348729217,-0.0303706970608292,-0.121757425103859,0.108520974663781,-0.117280725797435,0.181122917274104,0.361654826196421,-0.296743643852335,0.0990407639944768,-0.595694605352055,-0.262409583034038,-0.417626253172095,0.286551419169906,-0.273350959063113,0.0914297190236087,-0.37673932705357,-0.485079215418712,-0.328141207302779,-0.477037674890333,-0.493603056301325,-0.111384063978385,-0.254274717021137,0.0458356625631723,0.107780037813207,-0.16481717308447,-0.281032520006554,-0.348387328344537,-0.182551732370889,-0.179536225393217,-0.109417367398771,-0.39621528363052,-0.283296241602859,-0.277483958735874,-0.110718362684117,0.0157197690547805,-0.315346069121479,-0.234672007655258,-0.377333670420101,-0.104951917207781,-0.0512238581504484,-0.252852751075968,-0.231553059094944,0.044942356074005,0.164253533877466,-0.0736981462090689,-0.379752257699793,-0.183206739905755,-0.0482035807875958,0.147398320822843,-0.111577374634721,0.0307095536314516,0.149918049750017,-0.205583717884285,-0.0559508959752038,-0.178825693230414,0.0579072641662124,-0.0583102776829476,-0.116814594057502,-0.0471253483007008,0.0388800433382488,-0.283033143431873,-0.0119180910004315,-0.0514114991250483,-0.172428513238025,-0.0736519688462716,-0.21298725666139,-0.208958446478844,-0.483657933648554,0.12155406223834,0.639298040783757,0.521126344915622,0.798002250823023,0.394622726108254,0.456775943526581,0.519353045879525,0.335631057086665,0.504882551892849,0.448031022137358,0.830499258374925,0.486403674248868,0.611832039587748,0.0330965485268956,0.09294516885166,-0.189920614374473,-0.142154353418021,0.135218544267154,0.231171969892429,0.187326746780014,-0.135837316923565,-0.200995156022304,0.597433704096828,-0.337967065657932,0.13659070773592,-0.462513677118503,-0.237124073165112,-0.359623370654561,-0.212331610025706,-0.470176693754973,0.0412353914184792,0.205888376697764,-0.0266469829308611,-0.40100234020909,-0.405167976030143,-0.455336524559142,0.0810611135082839,0.195460394849505,-0.228778894712059,0.063764669931072,-0.0472560014735186,0.12729238747112,-0.0690112197692942,0.379014884976225,-0.0613615968263336,-0.127842761546659,0.0197968169615102,-0.0103380825048421,-0.138774207567662,-0.0895265114692452,-0.0546131352166577,-0.265894569311729,-0.269927122176319,-0.326665559429,-0.194198742504798,-0.16752844238467,-0.219826657337804,-0.150623829161515,0.291077528436668,-0.319334833223015,-0.221228324065486,-0.141335072623771,-0.0805967104027435,-0.459794533426997,-0.131597406441317,-0.165895134313568,-0.0704268026791617,0.0571907761341392,-0.199555494846063,-0.178865255114763,-0.112182770207833,-0.0611528000897812,0.0916934390910616,-0.0159517102948009,-0.0281969586072896,0.0289486091604343,-0.0367753905922543,-0.255514389605682,0.07942955480735,-0.298858805898799,-0.0685304167394325,0.0417908593861494,-0.148074800892676,-0.356658457643287
0.582422628363381,0.344970298990168,0.148803500917362,0.906965763703162,0.763421870145604,0.57866148819083,-0.00241132740068534,0.124624361714835,0.931060445653387,0.340118037223771,1,0.750619630027848,0.55654133048334,-0.128758373143858,0.109471851239948,-0.0883196215918228,-0.100069492451747,-0.0910897516849247,0.342039494505518,0.221622613230528,-0.365201819035564,0.100396458641162,-0.272806856069629,-0.171303240422439,-0.417825071483667,0.190515720082066,-0.224553934207794,0.273866561958304,-0.185141904704369,-0.278972246621897,-0.141618658796129,-0.00508790873686808,-0.140907556755002,-0.328188439767397,-0.356051170062271,-0.0877518016109345,0.051305527336571,-0.24233656180744,-0.138677084800715,-0.107141056690144,0.162785892245427,-0.139527228831451,-0.125636876015855,-0.122524770191054,0.0937173348323967,0.0787513722051978,-0.0036540999423023,-0.0335468661461219,-0.315247531648864,-0.408676949517584,-0.159921945061157,-0.476450010952793,-0.386341520166403,-0.424130863906079,-0.324409108395315,-0.268087963997135,-0.1103006125004,0.39928078542735,-0.289011288372421,-0.0814844478724672,-0.194921509190154,-0.078803560461635,-0.162139114963921,-0.187189883220131,-0.246678592451159,-0.115990678248468,-0.264404572102182,-0.0699525296014748,-0.172477946657809,-0.264033126496843,-0.31410355677388,-0.0649873067686654,-0.18462196536439,0.0312649413563977,-0.0498017670982969,-0.328134235830142,-0.409603443657815,0.135350695912741,-0.0683293271484356,-0.312268346367367,-0.1403536283409,0.239583259888646,0.540949148400062,0.41006313962922,0.427024925467143,0.864090226570697,-0.022293216533415,0.484266629801824,0.920581691595306,0.903113079655331,0.926423328356883,0.249426532102278,0.866700832013609,0.576230219954958,0.172767323151101,-0.0846940725696101,0.0285068469033146,0.0197224247058727,-0.112873025543472,-0.0410097796171215,0.248734942371328,-0.0595944154961329,-0.346455631540631,0.428734820294853,-0.348432502156071,-0.0943095499778147,-0.246217058850065,-0.267864065903001,-0.0755022188910722,-0.0976452900990665,-0.457464306573871,0.0905847191698831,-0.185469016920284,-0.0316511496689648,-0.0412501690188588,-0.247050849974951,-0.0533938224550268,0.282356116529952,0.310094396726388,0.161727774714785,0.0526942523479282,-0.0658992582985047,0.0266939859559259,-0.102812377752112,0.12505907733815,-0.0647072222744346,-0.182024502019178,0.151413245484874,-0.0126824483358871,0.221317878310076,0.291589853037569,0.0952629115806684,-0.10209404093301,-0.0192804611497855,0.0843299480698786,0.0740855845026812,0.0132697351942888,-0.0374600536043433,-0.0996194258261333,0.0535698764727555,0.0189783221204354,0.0317939944452063,0.022130117629069,0.480347739426911,-0.247212748454966,0.124991651791047,0.130209118600176,-0.0261299588398364,0.184020912327233,-0.0571027462251974,-0.0580878189327681,-0.188123789110438,-0.138326201495502,-0.0856651133498189,-0.198185755029839,-0.273321931122592,-0.136626201086361,0.0413710138585403,0.0865474108419185,-0.166034896438284,0.1059226135901,0.230098626786835,0.550832416297236,-0.0235690003890045,0.128310594522874
0.728712738283985,0.459120935908653,-0.00340141980699047,0.746634871040828,0.559646723731655,0.623812154637097,0.149456411844649,0.37605996805239,0.819241717669189,0.633065444258995,0.750619630027848,1,0.89521819856359,0.0695456744909651,0.0806573838172642,0.0234933963901513,0.0977234963567685,0.0370166295186094,0.237039325386922,0.3819299108199,-0.224639064870112,0.0331467165828851,-0.367086535000158,-0.143450438311245,-0.438697640723695,0.140797151213285,-0.257964163481726,0.223167630421893,-0.324045467885455,-0.431754233429236,-0.273205511700878,-0.161605633187125,-0.285401205432454,-0.237996112618554,-0.498468952773725,0.0185342169821152,0.178445437514606,-0.116564059116352,-0.0495697254697363,-0.0988433546957079,0.162356578260254,-0.130583382877875,0.060879769321923,-0.0634896881710436,0.100254229453003,0.0446837044899836,0.104312402739775,-0.199678450813592,-0.29771914771239,-0.54858864554184,-0.381604171737298,-0.385086487147237,-0.336838531248638,-0.500814130693296,-0.213771032697121,-0.160295569525815,0.179545777759136,0.268396977759226,-0.349614602940864,-0.252286997765043,-0.013163042269647,0.0592697656887756,0.0347696112257823,0.0389302122390211,-0.0340308035081629,-0.0544820396131522,-0.316669680170277,0.0775682365477802,-0.143551578501185,0.00457027035967422,-0.0108533349432322,0.0268187375824111,-0.150408134006855,0.0542537922437644,-0.0446799531460102,-0.343664012177576,-0.448819491206628,-0.00610038011155301,-0.212222125503273,-0.321311187385484,-0.295307672338338,0.0701887724740633,0.649568818791141,0.44855655907614,0.681987987827795,0.812872611170939,0.102978347602872,0.490290738056689,0.686324016114159,0.850536773803738,0.776239415996817,0.512960752457299,0.903193012394517,0.778505725851942,0.158205566742842,0.0225377223960386,0.0264955729359793,0.0418474246121974,0.150065862536846,0.130120152342337,0.217609144392632,0.0268293738125603,-0.353820466919624,0.581156531069362,-0.276306189004357,-0.096618452856466,-0.174136496146757,-0.16672007052561,-0.169420706061052,-0.128415294757513,-0.499557783699718,-0.0107460056176737,-0.0392495357358232,0.0273300767033525,-0.183208410232343,-0.350549728164211,-0.209210537569777,0.169352994443918,0.357200164013415,-0.210445914615525,0.166178451706074,0.0502526222016369,0.284645520283793,0.121403979462013,0.501098496782258,-0.00586923870264173,-0.0115279353475103,0.163502838160216,0.264340776023773,0.190101689079971,0.309861828699208,0.254597030534335,0.0280783531885987,-0.0930624500428097,-0.288750816463659,0.0442206787696139,-0.328790930801164,-0.419415530813638,-0.103671204486397,0.230607280712664,-0.139699330232261,-0.126528154205584,-0.279184357550236,0.355467522718666,-0.362616025632612,-0.0350445557456458,0.0767994864631879,-0.222601984861023,-0.105934883107724,-0.327153158035211,-0.411577183234154,-0.125393624782877,-0.360060962542291,0.032743073026468,-0.138422526298803,-0.0339655616111951,-0.0471067928903083,-0.00328889292562342,-0.0467336202544994,-0.20043955245394,-0.0090741476866336,-0.0570971459162607,0.293625891426714,-0.301496614560878,-0.182545615716601
