1,0.731855640839473,0.295807884186371,0.72951745196684,0.532080548379969,0.416547483671592,0.426648753975458,0.41987416285005,0.451033921122785,0.442069394426338,0.55073459011794,0.589746742402917,0.756867384226773,-0.0152526800026761,0.140684342196381,0.289932396033765,0.178201535304038,0.198583788867541,0.00912507662746933,0.152506222623248,0.245647415076093,0.145219274310686,0.202595670664669,0.0619185854738209,0.0535814787689277,-0.189972632040854,-0.345081916518515,-0.205959178975929,-0.10276112302887,-0.158143225202269,-0.0644727664484792,0.0939867481710539,0.199816009341432,-0.048822646559623,-0.0612805104221603,-0.489989137860609,0.271657418246855,0.266669512949762,-0.076645432638751,0.173674396917441,-0.409844124012574,0.316849241921385,-0.489139242425016,-0.0689514024955229,0.0281755870740191,0.144667730659248,-0.0204253551960232,0.314933015186165,-0.457394389834925,-0.512896162403748,-0.578578190284516,-0.386343811063345,-0.295534279087964,-0.348784302355581,-0.357837642681155,-0.331462099123556,-0.159445729286359,0.468105549449773,-0.191387577638519,-0.528778902203323,-0.0513762250704214,0.134999853843101,-0.28174984090438,-0.181341294002348,-0.00414609588721774,-0.209138158471253,-0.232883716764356,-0.293377655174426,-0.163974427131283,-0.343152959794002,-0.451793565975713,-0.240185107006556,-0.302336019618738,-0.292990335825967,-0.438279786505676,-0.0208409275327846,-0.154013053866573,0.471785037156737,-0.0628197473256034,-0.16045170057468,-0.0484862065373449,0.290891189729164,0.0536383302513792,0.645817230696034,0.757800954593292,0.605109762849758,0.357218166934299,0.450017527074135,0.66731486454274,0.338615263933111,0.513062301076725,0.472339269616444,0.473471309639581,0.510583270731116,-0.0260860704843373,0.0508204343290538,0.137451595302912,0.125430239886472,0.309574416163249,0.0387784245604875,0.0164507039982369,0.147828533964852,0.0150039309332137,0.0640548932480975,0.0904543251832532,0.0236890532390048,0.0877092930161431,0.181252132430783,-0.00769147636228595,0.0265053489520761,0.0102506327628811,0.202092645791426,0.379315729520203,0.132717075618674,-0.350162596273884,0.124216613996709,-0.0847249632347722,-0.0332292680661623,0.185420024169392,0.0464828367113681,-0.439265943050135,-0.208739320836251,0.0621837833266139,0.369639379570184,0.0519499683919095,0.106916661296468,0.0499708188016796,-0.474630728194706,0.10159585229143,0.123631360605674,0.254634190871753,-0.0735960617155055,-0.247116811736818,-0.504239736182886,-0.311520422552108,-0.261860984768133,-0.453057862836136,-0.176744187919126,-0.472392100241992,-0.376821138994831,-0.0287723972465574,0.0831101587198418,-0.355265970509634,0.239617507587408,-0.215877851317204,-0.561252970453645,-0.30031304613276,-0.567434464513588,0.0891606388881288,-0.335146320939683,-0.306804570230947,-0.182026602264067,-0.102428126780775,-0.164993735114694,-0.362535798590134,-0.24070606230585,-0.405967963286287,-0.167374133094163,-0.285231380058591,-0.291898432766571,-0.0520291711436438,-0.131519971202288,0.544541043031972,0.0387947925011316,0.205724020141123
0.731855640839473,1,0.457677352847567,0.751689385868396,0.318584653637213,0.827497942169624,0.451340022704957,0.705329698408436,0.522321547081199,0.65108976394612,0.568331564846356,0.757946832774066,0.894233136919304,-0.101640850965009,0.132818485705818,0.299935620970912,0.103792280744232,0.191705821658578,0.0743262774808642,0.250015336860123,0.317697525378184,0.269789155117392,0.304059207300579,0.153794280602612,0.268283297775895,-0.0823984150396018,-0.208427301812838,-0.125227371749459,-0.00942034593935286,0.025092129150552,0.0651511001599779,0.112105475701746,0.202799152651142,-0.0578602734047762,-0.122112198059358,-0.463552041365583,0.24752816019805,0.203961336475855,-0.0911591751206974,0.024959108556597,-0.416646608874128,0.151531520249619,-0.525244525299124,-0.107018187843743,0.0121932601452976,0.165919570089237,-0.0155338789509922,0.0199560932168493,-0.339330271829957,-0.434543198296692,-0.405239994571285,-0.433085829138243,-0.378685811783518,-0.214381328775034,-0.357621876504293,-0.34768744676778,-0.259416277613767,0.521173368993873,-0.130378491640789,-0.315876305498769,-0.232666523952263,-0.0847470208873499,-0.295684769168885,-0.236474271339535,-0.15727350161968,-0.245710999395019,-0.251568344212665,-0.284242808429809,-0.231812652471068,-0.48559441587045,-0.519530416460663,-0.224170698790032,-0.320141447341123,-0.113239637352348,-0.368158512015306,-0.174793157302742,-0.187099610671727,0.210948372078244,-0.0703295056426064,-0.125143720533486,-0.072551069761582,0.0290480422891843,-0.0299976870260287,0.275491017469706,0.844217439312087,0.707688313127135,0.38845896280229,0.858857752139112,0.60615382890983,0.508623197027779,0.525491605750303,0.587882846580142,0.568297146150687,0.525981370033673,-0.057005872043713,-0.006322923943301,0.0973397931863977,0.169532764277985,0.225878510101749,-0.00153070486342597,0.0502368305417876,0.216043117064277,0.193114681142097,0.200049834122766,0.174706456278791,0.209814899435308,0.218457430838895,0.366347439680953,-0.0108839557002307,0.118704131286418,0.158388318031013,0.196123192839643,0.234840912691103,0.239879177950579,-0.0463364651738277,0.295939914209816,0.0591407738356702,0.0541999161602332,0.0587471899524813,0.0428610147649387,-0.404197984682245,-0.339160584667962,-0.0942192374485039,0.286521515547978,-0.0246892949669134,0.0802318859678102,-0.0763837603519547,-0.285860349264149,0.0564489858449377,0.0704249932309535,0.225813114006954,-0.0943604924871628,-0.0702098449658759,-0.228318049501759,-0.219353769756274,-0.120378805470179,-0.424754509204555,-0.168909870267577,-0.292506415222266,-0.334228454116979,-0.0577349970632576,0.0359484792224069,-0.274614352786973,0.356248398460925,-0.11047223056237,-0.26742982420572,-0.0783232230065196,-0.508722450852393,-0.211902889333794,-0.29956973485056,-0.231300479454545,-0.376621979215231,-0.228627698270402,-0.279336512258714,-0.351376790438198,-0.301326990385646,-0.419328702635431,-0.198127935474146,-0.0956800702008598,-0.401192163544124,-0.204953298603681,-0.23357440393108,0.332300167537975,-0.00451766462019556,-0.00609937423336749
0.295807884186371,0.457677352847567,1,0.345294697673249,0.191549224939511,0.327550264355952,0.564191032814217,0.662245708560819,0.217512252271724,0.860651596947529,0.409553580795448,0.380163685790572,0.479460340266209,0.0624794196890353,0.148092289984797,0.358019220069415,0.267053316944804,0.311613431853405,0.298284570235669,0.392079515295952,0.33057666728119,0.332337833726528,0.348630624917853,0.232169885492732,0.318032158308885,0.520994586159649,-0.00195739833298181,0.171221985726206,0.411461365056709,0.343601407000287,0.479291704890321,-0.130880218676144,0.256698957986675,0.213193889874339,-0.0559777068090113,-0.366383062779334,0.312671931547833,0.097185626503826,-0.160559904614077,-0.0705675530872546,-0.431036452741551,0.122047135731525,-0.368206541810142,-0.0514342005657142,0.0179986805232125,0.179797198130617,0.0122240160742383,-0.00760094914223244,-0.343167589475186,-0.437121710200117,-0.190419762988281,-0.271674561270781,-0.423132246775431,-0.220047273436071,-0.505572653826125,-0.41514648607008,-0.267927187153537,0.175471881264253,-0.291180993119597,-0.184331004506297,-0.0524361354934228,0.130785688551678,-0.135427981720672,0.112167208380692,-0.00283469311277919,0.0741989507614801,-0.279909880977103,-0.123592036013291,-0.0280617042544234,-0.287616197679779,-0.264456335989991,-0.0487485948622022,-0.155996690445444,-0.00216021690045564,-0.41540659012279,-0.171467972784197,-0.25024310860969,0.0754819464403792,-0.146072352190912,-0.128938617636536,-0.319155719223692,0.158662955765583,0.283132855648463,0.310484647052221,0.608920027255851,0.506833532990856,0.68221539491443,0.411256522397962,0.346629600813062,0.302328065140327,0.352987640470262,0.839277981223305,0.339498415302842,0.650008359945147,-0.0849532234870786,-0.0736661002728131,0.219761237999977,0.167002128847854,0.25884566786786,0.0634156358556105,0.188988752186818,0.099078394896339,0.330637524108687,0.232268683678473,0.173082168991169,0.219437467277598,0.211047442364138,0.356430359361355,-0.00386278679330923,0.216551696332316,0.264917338293346,0.677226855373677,0.0582743132912147,0.443528369388127,0.141372784765507,0.57564563697549,0.378641765286507,0.0782400155578759,0.213315759589824,-0.130782149987137,-0.154635382311618,-0.249251760096678,-0.0272988067064963,0.112076729473113,-0.171188338363881,0.24050862629703,-0.152236005683145,-0.292888308438512,-0.0836925740793453,-0.178234399739385,0.0871216065126876,-0.311757189612343,-0.223590746161445,-0.305498248295462,-0.273776815609329,-0.192233608504767,-0.365158949991067,-0.323111048024192,-0.323722631611849,-0.388538908686797,-0.280136119823837,-0.166872212360387,-0.399629822102778,0.0124397885327796,-0.206161341208254,-0.0874280849822636,-0.119039715831952,-0.447722654442648,-0.192372384797188,-0.356901739115911,-0.363822912045348,-0.200130234869846,-0.106620294051086,-0.0296169970526003,-0.310814076621688,-0.045630309114744,-0.396969474587363,-0.0769413686760484,0.0328500701670969,-0.31960034848206,-0.299791951920784,-0.328909448959349,0.142993498168092,-0.0802735675120243,-0.225588065923512
0.72951745196684,0.751689385868396,0.345294697673249,1,0.630567707225365,0.543560718717698,0.572901191820087,0.4249155752483,0.665697784616528,0.480913176325235,0.702931853745155,0.739947107575857,0.800052053371186,0.0154839558624458,0.234228517072729,0.430152089127203,0.347978177943612,0.408734561605118,0.2988467646914,0.37010776124965,0.54429285555615,0.505602641599089,0.448861122868152,0.299980905145066,0.522836167173041,0.0384961693264801,-0.131060312641652,-0.115097538029802,0.232873342968428,0.164823683667217,0.172098636820058,-0.020595979604787,0.323016647059681,0.124044751136418,-0.0568112559076719,-0.4800133266163,0.369167389420462,0.32316208607778,-0.0172859999682201,0.0863576899467267,-0.394250267964668,0.251219303114581,-0.380375752723974,-0.158432008353858,0.0911082192894577,0.351146819472385,0.11781269607103,0.201654393134914,-0.448582687524358,-0.475389693150564,-0.326553179374461,-0.602413747188095,-0.298208611683099,-0.507827157093851,-0.428344614586654,-0.375130169999021,-0.266713423120721,0.388797263132571,-0.36434435356075,-0.456001821608181,-0.347152439864518,-0.00940547938218903,-0.341703577688421,-0.0324509899103955,-0.0170702807941584,-0.247798110776722,-0.494483111216602,-0.546534318443729,-0.356754722671624,-0.425745387835136,-0.440771689550935,-0.455308913021686,-0.577464185139237,-0.430583932121969,-0.556135025070269,-0.328609740410038,-0.29105423035737,0.232979415264682,-0.370777364845042,-0.47179715381855,-0.3875264387331,0.0947533332982218,0.0550682456658684,0.466548778086351,0.726912624208541,0.873980431067695,0.383069780232543,0.582210308204461,0.796380929652897,0.521058825537917,0.768455561361472,0.435154604111628,0.704509069588377,0.465233936868517,-0.0254085739849261,0.116331438725628,0.297497282622419,0.328747304616373,0.41702487400174,0.173290320147008,0.251721423412536,0.181148833311699,0.43115374959826,0.406216693625701,0.43562854300921,0.456427521747926,0.457767933331058,0.558494509951367,0.217419135494256,0.269516779505427,0.447539292029533,0.264564331769985,0.383197057625061,0.243358425297861,-0.104343382766453,0.441717220889854,0.00929366508812569,0.0100159166081495,0.123214847492794,0.141415527373612,-0.334974474982198,-0.194537392313833,0.112388163237274,0.32197523897162,-0.0441377997967332,0.16795984918252,-0.0848693420960465,-0.426013536750818,0.0212296638005044,0.0803381193954956,0.233873768288805,-0.166003197957891,-0.16075837337734,-0.319018283290875,-0.232642080652801,-0.332443534995599,-0.432790548546747,-0.20383197964476,-0.393480810152911,-0.30384832446434,-0.199375439079016,-0.029714029057403,-0.335123376511889,0.170286609571095,-0.368842662438647,-0.388922474130454,-0.344509438252407,-0.676373506241659,-0.179021008579228,-0.353252191118173,-0.375121337461035,-0.292114303115706,-0.294536747723897,-0.0407739778947469,-0.31687930662537,-0.106583173891687,-0.467204594406182,-0.388949650158638,-0.203885659926722,-0.512222808548772,-0.221661468323229,-0.2830293605962,0.342370548809231,-0.274488095431972,-0.000851549348339349
0.532080548379969,0.318584653637213,0.191549224939511,0.630567707225365,1,0.157523030964462,0.452858472953238,0.285691009718054,0.349263703459189,0.348753599073452,0.578199204332879,0.462382387252283,0.482707219833942,0.333370584789805,0.310723239654494,0.548510340379854,0.410983043027371,0.38060661224547,0.29323506511507,0.305262713686449,0.473688593601372,0.37744969727998,0.323976996783731,0.0911717167150056,0.299685690776482,0.153080873328451,-0.134235573661422,-0.274224153983282,0.0469485967365244,-0.123078210269541,-0.0459274525365728,-0.278687415305634,0.312839080822092,-0.0170910749367127,-0.268539946574154,-0.400419145580679,0.487163545634064,0.424512192520857,0.0546433474414662,0.306820172398207,-0.144694565114376,0.346477730837324,-0.241881887648993,-0.211465550801168,0.280879015733969,0.360766261501382,0.172951328663674,0.322347950152779,-0.499300698258011,-0.461501435302908,-0.347363601251904,-0.334991770241466,-0.152163290943688,-0.658513405504399,-0.372849262669232,-0.349650263403851,-0.249208721920625,0.25831467756198,-0.285421047647007,-0.30430668988897,-0.185311000837499,0.11687443513781,-0.262052973596107,0.17560654326994,0.0774140047579404,-0.263128858360815,-0.44498559782529,-0.366860544219681,-0.14709736936436,-0.0984130480989754,-0.154352726436681,-0.26434376570609,-0.403922325869818,-0.295033116199298,-0.382551154411857,-0.349996448502985,-0.308010644449077,0.497475759369611,-0.200920296941012,-0.310741076801783,-0.450562915906907,0.366006800369469,0.148310734821115,0.603459637412755,0.434942591902209,0.654985533461589,0.423252738251921,0.144914961282149,0.799470408724207,0.262559110497984,0.732179025285553,0.350035899445768,0.506566571420389,0.243937345060195,0.283290451987578,0.288539271168756,0.429924177686711,0.440704265961408,0.41100219233288,0.339352038700199,0.266410332332189,0.195138632500388,0.354772301041792,0.34632711726113,0.327864270377222,0.305654166824194,0.331878870056467,0.415177502067757,0.145251864808635,0.296123809206479,0.283220215307695,0.150106135241015,0.381976683217998,0.141394735750437,-0.284297472378451,0.167647293823211,-0.159340263110645,-0.26643332635428,0.0873747842395807,-0.100918457328097,-0.281178987834118,-0.143471534509607,0.304858394970132,0.399041322772584,-0.100759154096335,0.306614964394947,0.274321081955499,-0.277004291734292,0.184491338208768,0.290309529218091,0.301596663546323,-0.0718674520996694,-0.141175549956994,-0.399711132027103,-0.352773080458455,-0.258021400692997,-0.361039493877206,-0.333725463150436,-0.354005709374632,-0.354042271167608,-0.204795693737419,-0.0983535201664243,-0.442734994915074,-0.00228210866264243,-0.284367129657249,-0.350989129916981,-0.263527930941621,-0.602072231525828,-0.153301086404341,-0.445737744345535,-0.522907001733923,-0.125965311983894,-0.311070865426721,0.115576010271292,-0.356185664133253,-0.0262650735216861,-0.394284727659748,-0.232644708223784,-0.218103667242428,-0.414789131434174,-0.200993848419098,-0.35052075891228,0.460697440935752,-0.260340439187957,-0.209780744568221
0.416547483671592,0.827497942169624,0.327550264355952,0.543560718717698,0.157523030964462,1,0.151518883909323,0.753623709949638,0.630992568592727,0.458777006256467,0.557829914162424,0.795092029626657,0.776646350069189,-0.13105440035412,0.115227612250269,0.189378548464803,-0.12024667174158,0.0266190489092247,-0.000130092156498126,0.159306817030632,0.129840955626151,0.131915966926543,0.183136403203923,0.0314718436809194,0.157555299155608,-0.0425882654015095,-0.0312093253272642,-0.0278303736514469,-0.0371887593346549,0.0217018705517084,0.105225763984335,0.200621472595051,0.121031783145664,-0.100395397433988,-0.0397308239165326,-0.270199948738821,0.115246530703287,0.0749804500575826,-0.0318980785071219,-0.0456635025629238,-0.184820702327629,-0.030850916248278,-0.399450703309341,-0.086773883202033,0.0172953263768703,0.190190841349664,-0.077255600942853,-0.0810430802961922,-0.223345856816873,-0.248969523294637,-0.235202250294715,-0.296227180285769,-0.343085986254743,-0.129168200671432,-0.301125048993088,-0.26152505263824,-0.203280193431144,0.611039803399922,0.11498772501572,0.0190175427867628,-0.182612853612137,-0.146511196993959,-0.232424507545074,-0.283953890110314,-0.017630861312935,-0.184892465709773,-0.169027833402601,-0.0513350269102761,-0.0830802359763857,-0.351419391081081,-0.305286287930326,-0.026849844250828,-0.201057721574844,0.15810520980433,-0.176314356435817,-0.175456583281605,-0.152181127161691,0.0974017602428865,0.0212627705773865,0.0477688207807636,0.0479425554271284,-0.0604183557058363,-0.216741302158346,0.0485417489364864,0.615502736958975,0.591194969976891,0.0607722527467506,0.953635989204011,0.45231078357491,0.692291918086794,0.502092179845977,0.45742714353181,0.607119756445922,0.399455805722981,-0.00478496557724091,-0.0603726796414308,-0.017162714250307,0.103683109967831,0.00594893768330004,-0.0642098657027298,-0.0419039141874504,0.222430787960994,0.134245992643622,0.141250432979871,0.0383569546808621,0.139245815741207,0.169570732601961,0.280024970237505,0.00167676894439986,0.101300573033175,0.0375222378284119,-0.00104006862281495,-0.0441703310407946,0.186401960672363,0.0814788247561966,0.186208702866321,0.194536519575207,0.0694552006790431,0.0410365626402435,-0.0146197866040101,-0.225259025067717,-0.289969585374012,-0.125356248006259,0.180351820456141,0.0411555857009937,-0.0120549947928036,-0.100481961515762,-0.0455708374612338,0.00511609069576733,0.0381793576197269,0.224600241013473,-0.0123470940215629,0.0411207332809736,-0.0888894787250302,-0.157168004152604,0.0418325549365806,-0.296506885304991,-0.23293152102216,-0.159495190956018,-0.265027598606186,-0.121368510160211,-0.0435436966864104,-0.205396485030851,0.471447269882109,0.115595061285719,0.170535418310378,0.156797128077231,-0.347925468287914,-0.189341682797653,-0.217062521310986,-0.178616078833165,-0.412108498581075,-0.189807326384941,-0.247496122990645,-0.265772913890631,-0.266236987669151,-0.170357322346411,-0.0183806013669122,0.113009046657643,-0.283921610523651,-0.225455998143538,-0.250909118095125,0.18612154026734,0.0656597464634422,-0.0272585130691041
0.426648753975458,0.451340022704957,0.564191032814217,0.572901191820087,0.452858472953238,0.151518883909323,1,0.349664092173271,-0.02337003299212,0.570193430017555,0.246521296567407,0.27492532469567,0.46105282751828,0.120095383349261,0.140379612084045,0.518020898756336,0.507454178827606,0.590673400375244,0.548457237245959,0.371286397682528,0.698562027725118,0.607661341121326,0.650450162828247,0.532082401093552,0.579010617975708,0.336630245561617,-0.0651341276174306,-0.0623322379853261,0.433500740132614,0.355496525446145,0.318699869881269,-0.263940614996881,0.446631843505565,0.394083166850813,-0.151800012431286,-0.433733110174469,0.433114054810644,0.351261194998531,-0.0391118397687471,0.13525800398851,-0.209030185161315,0.248217274585651,-0.252672403822401,-0.148738571076436,0.0780714827566136,0.280211735027549,0.186110314867031,0.383475538234853,-0.320831204561688,-0.45399947242839,-0.218849085057684,-0.376243314346552,-0.237602623270169,-0.447192717272696,-0.384261388464829,-0.318571878023732,-0.177767560159399,-0.0329690706176101,-0.535467682806116,-0.395242035841783,-0.0598210860190042,0.193143276263001,-0.0744619178628249,0.405053843442584,0.175116202726422,0.0449317221052303,-0.411139511885846,-0.329298298309323,-0.17312357432767,-0.0531349662172857,-0.128150925737057,-0.306040102180659,-0.354674268075247,-0.402809108463124,-0.405251967043654,-0.283807967449862,-0.334380056630436,0.1388624632236,-0.312261990202647,-0.384367905646474,-0.445864115331528,0.195391197193689,0.417307225550678,0.388759682093545,0.546197123438921,0.554219777940365,0.770559689343635,0.252022668438947,0.489269709372945,-0.0804590824512485,0.356372562796727,0.472810176156524,0.182313201412986,0.249899481915301,0.00184851955396043,0.0381517854447769,0.509903878418334,0.356431318306401,0.540599080483552,0.420761173879466,0.541441837973938,0.100704775695055,0.616596241536382,0.523836011209088,0.501804514032758,0.503289747382217,0.462816713945064,0.572181835305681,0.185233730860329,0.476515817500034,0.570038833626963,0.465727526838772,0.629855846024174,0.435223901441291,-0.186808107730796,0.595465305073772,-0.119378957983357,-0.250289545629868,0.0876463789660224,-0.21956940411803,-0.284428114285228,0.0363301120260928,0.235451639543361,0.207330186885968,-0.211056607614733,0.169780438493721,-0.0412882663792636,-0.280955818539603,0.0377490516676722,-0.0196317700872868,-0.00889217042159959,-0.302639017160742,-0.159431153264349,-0.387480777917568,-0.353081359778662,-0.302324818169522,-0.481009368844416,-0.236969768996882,-0.470752905115488,-0.339139075091918,-0.315333505726071,-0.172422358829877,-0.488644182649087,-0.217409294341906,-0.573790739972747,-0.392545949247205,-0.410398889134517,-0.541467793403555,-0.344951696028577,-0.337847844769823,-0.462954595722739,0.0981708255282814,-0.308884568622473,0.210258060852955,-0.219663910712805,0.241919589643774,-0.357083380460965,-0.323668253369145,-0.385977797358084,-0.454952674004061,-0.422867070566419,-0.444402769673844,0.199215117990124,-0.373183166600243,-0.207971083740042
0.41987416285005,0.705329698408436,0.662245708560819,0.4249155752483,0.285691009718054,0.753623709949638,0.349664092173271,1,0.409809717736333,0.797776500796994,0.559159180436173,0.692504859955707,0.753050772347776,0.040083520842129,0.210450218070746,0.37371352035937,0.0531467329404415,0.21557528204333,0.169909447771615,0.399986321833473,0.276976301432031,0.22724880134768,0.335691947141114,0.214158057535076,0.227042663233902,0.258098248328445,-0.17434127444997,0.0143325634710262,0.0375597337389236,0.112797697057984,0.333113974311821,-0.0152955282963962,0.306179116490993,0.00923858716522062,-0.145330661020079,-0.431461684188846,0.321582478908117,0.122133564517282,-0.139879700907644,-0.0395309353592679,-0.368753762299171,0.0268979426014674,-0.55580309195706,-0.0926702718821785,0.0604097411122755,0.223915437643662,0.0125559532252443,0.0477732028036411,-0.44740075749791,-0.493121556342716,-0.389846006681995,-0.231077924720843,-0.499581515860049,-0.249692171437721,-0.557038767368128,-0.490406895540661,-0.347305115469984,0.509935834945687,-0.00782146453501562,-0.00114390185839372,-0.0918338973191224,0.0194727214990664,-0.312037361091582,-0.110297939761791,-0.0675462959228751,-0.191625541212733,-0.308652680466657,-0.0841243257844411,0.0135379264982235,-0.333657978408084,-0.342411255991329,0.0432690018724844,-0.197693889739451,0.124588140413437,-0.374283682525478,-0.234861571116802,-0.302891232848925,0.267792096778771,0.014350400041824,0.0195089842081207,-0.192450666305007,0.172929143425388,0.078635380900346,0.264282009534705,0.6983540938119,0.597460752608979,0.472027461387458,0.755219745908621,0.484811349516708,0.507438893517617,0.479494696747036,0.837330040957307,0.487555928619726,0.607025633351101,0.0565140787174895,0.00400917198839304,0.13576345843618,0.218378885308581,0.191143610835519,0.0473485996306228,0.0899705686592446,0.234778291933358,0.225737198104115,0.22113529345678,0.132924773418358,0.156547638725965,0.187432052858871,0.35084676829256,0.0407510783189132,0.288662335397751,0.144247988451421,0.320641671820115,0.0648729452370996,0.350902509660919,0.069045290920986,0.375806162881259,0.346382471544378,0.0189179598144619,0.271116601299286,-0.19132066434991,-0.213161858631396,-0.360538447837131,-0.0439275231244891,0.239071600123931,-0.00255528966277691,0.0782752103009179,-0.0407920417970365,-0.157302472088002,-0.0154839995333228,0.00411414108683428,0.260292127318181,-0.119443787124177,-0.0890085440189928,-0.301513306483293,-0.352744501611986,-0.0908993643615403,-0.361406608934144,-0.316537399152038,-0.2458602550892,-0.441426564996343,-0.189109755685776,-0.118446542073564,-0.441827359667412,0.286775213415255,0.0638911209989074,0.0843246254839291,0.0494556838288243,-0.497192600444424,-0.283674880452781,-0.472512878771482,-0.424938513864362,-0.373198084537001,-0.219646269339445,-0.192507327189982,-0.459918566730451,-0.247144170257306,-0.293822386710325,0.060963210278544,0.17478492777822,-0.345414910572116,-0.348598247606138,-0.417942029493436,0.330389336399783,0.0304588662913972,-0.285748268593639
0.451033921122785,0.522321547081199,0.217512252271724,0.665697784616528,0.349263703459189,0.630992568592727,-0.02337003299212,0.409809717736333,1,0.254354559285795,0.821011793194163,0.814301276996606,0.616773407794374,0.048018916378247,0.331151600025115,0.227613027844967,0.0230901982378315,0.0455708229320501,-0.0639662919218021,0.279249128792871,0.17466567764625,0.174172653103044,0.114886439562128,-0.00926103931962978,0.213518224652652,-0.0168348749169353,0.0614180941287596,-0.0673897979839024,0.0892931641683223,0.00221884575162448,0.151524035385662,0.206368528699029,0.133739552539931,-0.106242924972045,0.0460375416211165,-0.301700396195033,0.271326065760628,0.159510802758498,0.0394322518136232,0.127045242799923,-0.334656043286997,0.214122436519933,-0.311275628618839,-0.0854820434504504,0.167866934308959,0.393389126650833,-0.0277832334380307,-0.0344808317105784,-0.446975544846247,-0.330033646897216,-0.238961363288184,-0.494881749919101,-0.327853431065787,-0.330475406998705,-0.429213290106529,-0.348332604325449,-0.353951614134655,0.672830738623737,0.0946071677028698,-0.0411120037683253,-0.337843657576507,-0.136580057850988,-0.425285482247236,-0.303143729677292,0.0571101051215404,-0.321476639985392,-0.409587190236445,-0.296170884224769,-0.158065172784017,-0.512559860044985,-0.424498788807833,-0.192187637780944,-0.418873945833037,-0.0565868617502445,-0.421538005766044,-0.331969788227172,-0.275764920140341,0.133934066875286,-0.178097807644013,-0.164200648320461,-0.118361266560332,0.109422854996008,-0.221190841792542,0.276833463958509,0.430667758934248,0.652937035049627,-0.135591789361053,0.53808285583808,0.533614606486949,0.939025036594166,0.753734118903763,0.303061599020086,0.878072221303759,0.448450455339414,0.110661373803745,0.166240411778625,0.020789389816847,0.200669712768038,0.0427196331671899,-0.105438257006746,-0.161782388488085,0.247785150718709,0.0742265438304794,0.119881187512441,0.124082562203643,0.136005682086399,0.234161050966257,0.296237189431347,0.167935227137029,0.0394447726061701,0.129417167197077,0.0843755173049023,-0.177017507746312,0.0589683512205553,0.184155081181517,0.182827664972754,0.359798999964484,0.265406376907181,0.205680421018281,0.222379307156704,-0.0329271966666313,-0.256026807412828,0.0371222121930431,0.310804454801331,0.188434292540733,0.203465660337267,-0.00765718504643701,-0.176237472760761,0.0533957068355691,0.14479384280079,0.388611071831755,-0.0242193489178263,-0.0727077815077128,-0.0927344093611698,-0.0606429872594309,-0.0676014239845642,-0.142671374358139,-0.187808780118664,-0.0548359409717546,-0.160986118400103,-0.10274967223384,-0.03428986574246,-0.192095417209723,0.539246824431282,0.164229047507994,0.055655018924577,0.038161203449085,-0.459512096693981,-0.00460104776427168,-0.288486946861193,-0.228268010863056,-0.440650475261237,-0.129856746964711,-0.0757344365299821,-0.29889866453541,-0.209477968831115,-0.213984744592522,-0.0784730523573195,0.113569713821155,-0.314447028658555,-0.0904558078758421,-0.209755206585808,0.253280698340972,0.0333555741921509,0.103833885986038
0.442069394426338,0.65108976394612,0.860651596947529,0.480913176325235,0.348753599073452,0.458777006256467,0.570193430017555,0.797776500796994,0.254354559285795,1,0.490437829990901,0.477886934038221,0.630143796528365,0.0926961895758642,0.188990180424226,0.456578686181729,0.303482433696231,0.362948265445988,0.299887888947779,0.510684347117845,0.415438463830136,0.381944870316553,0.362068973648096,0.266330469696182,0.354770632939857,0.407575006942202,-0.246245136546196,-0.0413759610799207,0.133534012786517,0.171079249010558,0.310552132970481,-0.238047989702001,0.266561068195311,0.0661565068631058,-0.243231944911171,-0.476783609314974,0.377010402982429,0.118053840249194,-0.252452778787503,-0.0736489151524219,-0.491648151859471,0.117755874539472,-0.538480368108134,-0.146273633393846,0.0480574557521047,0.162109513532305,0.0765012918706219,-0.00194828266879699,-0.428635273360724,-0.5309884517841,-0.342511738206406,-0.324907856315278,-0.46441141921004,-0.257302655033425,-0.522241574875636,-0.491014067470543,-0.334438840023156,0.223290933974882,-0.304266625061835,-0.260693970487862,-0.0933960261008855,0.126754327870616,-0.187874269756697,0.0803965527065917,-0.243558609706256,-0.114366418983362,-0.331638318263406,-0.230201309747735,-0.0399726007939333,-0.377943348196613,-0.378189344598275,-0.0600134863251589,-0.212861773567145,-0.048273430537473,-0.446046547143851,-0.217475242556684,-0.267200377099245,0.198554921257354,-0.0885623865127731,-0.130149728829366,-0.368788691013419,0.173817015658508,0.313486225512472,0.328571360338681,0.770488425633602,0.606964676039675,0.780355399620105,0.536138049215945,0.471807555551149,0.299966754914159,0.454505359177052,0.921645525626292,0.389389046400047,0.656717359069292,-0.0521653485119669,0.0478696893706827,0.247575891134104,0.279319874208046,0.346803721581792,0.102403743960543,0.205750605893645,0.145059180845418,0.331542957194318,0.288081082191213,0.250379218269555,0.265330124749331,0.25551604086876,0.45770093338165,0.0636120413182505,0.271155030967225,0.301000608540541,0.511097610860473,0.164666334075329,0.351260517141204,0.0281798502434799,0.452507709273158,0.253360670486214,0.0482522286503476,0.233402465240887,-0.129614520138242,-0.306003340708062,-0.385784050623434,-0.0574421099512921,0.184056511169767,-0.127370373798051,0.247919975610249,-0.0990615170390699,-0.314034490724628,-0.0181676422166157,-0.0704716459944316,0.136974857338739,-0.218224995987486,-0.231559625399395,-0.305204352998697,-0.311663752372061,-0.217363604084739,-0.410486383859398,-0.261396615923904,-0.324095496618635,-0.424332737408014,-0.181720893681174,-0.108192700899159,-0.411012516557199,0.0466221541631076,-0.187856780098793,-0.239692431406442,-0.0996347867887474,-0.53770642800572,-0.338878107071571,-0.459668976536904,-0.395990183272528,-0.276998116241046,-0.173485328792808,-0.108465412977392,-0.381555212162545,-0.155412261915213,-0.514053421952236,-0.0753846760576381,0.057297966687584,-0.356229605758771,-0.256568764234113,-0.316814289937208,0.264818013382622,-0.0770942830891442,-0.315214631396289
0.55073459011794,0.568331564846356,0.409553580795448,0.702931853745155,0.578199204332879,0.557829914162424,0.246521296567407,0.559159180436173,0.821011793194163,0.490437829990901,1,0.819277123200259,0.704670614784271,0.161252472780782,0.353754859752832,0.365546247734847,0.139551175097081,0.198643180825659,0.0389737974217623,0.356126407133,0.317427046519517,0.218116148524996,0.204436588756265,0.0399233537174488,0.225866801179162,0.130574036335625,-0.0730229268634201,-0.248233820667211,0.0552479856810628,-0.122719331963756,0.116385244883363,0.0726603541150645,0.208884643540396,-0.120287852442693,-0.0934652216848478,-0.583249156423685,0.4503183014294,0.269183033128128,-0.00186737220980329,0.211102825064857,-0.527411949940923,0.302945756813897,-0.548108171976122,-0.0905089425647626,0.223605403320637,0.434994743669347,0.0210185071792232,0.0679570762854774,-0.72354492270409,-0.639217443070513,-0.535914487969334,-0.538655801253187,-0.570786347133332,-0.525958422969034,-0.675882784159688,-0.600131489560202,-0.517797360720802,0.704961076598019,-0.020264280909661,-0.188737222259545,-0.263251604670675,0.0478410746567958,-0.53683790683346,-0.204855513173031,0.0625285601731614,-0.381668577400975,-0.493623267368221,-0.311534373328355,0.0549531556459646,-0.595021772758878,-0.549296305687096,-0.0506012315053849,-0.377311590110093,-0.021209954873391,-0.627043683042851,-0.346855750066377,-0.31025074991346,0.484797735541403,-0.0247941956348539,-0.105174020127505,-0.21865065949138,0.430389468924605,-0.0212649300003208,0.501904236080496,0.596972079285773,0.787734151473466,0.179039705141057,0.492956237670591,0.700191313446899,0.803897856669939,0.86078488676218,0.536881666778027,0.91837101088803,0.521872131946355,0.12482233790508,0.242215204304235,0.13779936396322,0.281164821799798,0.181906584117816,0.0118246927800354,-0.0549911330540988,0.354577049558726,0.144658392401713,0.152796673940795,0.180149569114873,0.143597873778928,0.273540125874451,0.340610710501884,0.123059315236162,0.148210791416965,0.160999497209241,0.231466609161126,0.063480251996213,0.165662784916051,-0.0460998272740018,0.273765327458643,0.26781345098506,0.0596884677809505,0.283141164064796,0.0365712689326847,-0.174742056296764,-0.214737370372843,0.209340314035699,0.452718174365725,0.123058346392858,0.387755476273992,0.152042515505687,-0.314393310560855,0.154293324573441,0.16051551605141,0.459069903188433,-0.0782313847002865,-0.127854417941548,-0.380317799742571,-0.360079059574341,-0.168281782744092,-0.396309375758674,-0.332667939364595,-0.223210951639278,-0.423365947839734,-0.095236409491005,0.0103873217120284,-0.448274815701529,0.442568528004327,0.0652518358424787,-0.0730369896885448,0.0145779447325084,-0.621433000537449,-0.0233139971238636,-0.462331780967136,-0.488136844663452,-0.362429500321685,-0.182579969370904,0.00729058532767457,-0.481767617477714,-0.122199311133878,-0.359885883311321,0.0650355947935357,0.119576898700062,-0.361343839997551,-0.159278441014621,-0.326384280378511,0.545893646242596,0.064781829877309,-0.027479529897671
0.589746742402917,0.757946832774066,0.380163685790572,0.739947107575857,0.462382387252283,0.795092029626657,0.27492532469567,0.692504859955707,0.814301276996606,0.477886934038221,0.819277123200259,1,0.903715470517441,0.140994940488012,0.431666538327752,0.458569015920149,0.174452154914977,0.232977404948067,0.0998710152812763,0.332671386970897,0.387108318348872,0.311610157111537,0.361271261306882,0.10328582562702,0.296853574649249,-0.0835851833502748,0.00758794279819598,-0.164772917975428,0.0812755375730345,0.0101488913611136,0.172849356890407,0.156357121266108,0.371060360515234,-0.123883012463295,-0.0987014688650026,-0.459464186983032,0.470653638929706,0.341829135692956,0.0912682929171811,0.241778956689171,-0.35854971917552,0.345669494562202,-0.503191128172703,-0.111450212264914,0.255489354649299,0.50011916937231,0.0214975685869945,0.154189011811366,-0.585748457341139,-0.543268748712432,-0.466232586933828,-0.471639007361936,-0.413526649693141,-0.448238975938506,-0.552811710753409,-0.454480676174111,-0.471839313029224,0.765949468373696,-0.0197140610091736,-0.103603177541213,-0.419845201547273,-0.191546768735255,-0.523190190792896,-0.288818519107289,0.107315890099671,-0.384283332845565,-0.490907101007062,-0.270159925677792,-0.111839611472395,-0.495581862541879,-0.463372447756472,-0.176974104910789,-0.417622122741852,-0.019074565694651,-0.456626550605959,-0.442849107702472,-0.371330312824822,0.209032494255387,-0.14563483721694,-0.141154974184058,-0.178721997299072,0.162718923566783,-0.25847010398832,0.370103791120664,0.629271296934435,0.783703482957187,0.173615024315653,0.722662497290088,0.66330478344988,0.830408838739214,0.719248666384367,0.547352101148528,0.861148802977981,0.533374723545147,0.198453896101791,0.181293969933675,0.19926508053704,0.313731440020661,0.22415573650916,0.0562838294746095,0.0438822537815332,0.407689413797572,0.226461619797585,0.257250187738688,0.226855237348949,0.179901524875429,0.330005680767671,0.424693489197295,0.130414807071919,0.25627198055174,0.20486872071481,0.122044138320981,0.0725258281894155,0.267043807711371,0.0565044888663734,0.323742020114546,0.265453268661565,0.0731660217417875,0.224630860805535,0.0598986189919212,-0.209450519350396,-0.309629135160722,0.13874968304245,0.479627533136197,0.1200582369166,0.222392876521131,0.0850046021802759,-0.176292418611779,0.151606050431107,0.257211840217825,0.497196138768332,-0.070182355780512,0.00188473423654506,-0.27809099752784,-0.273941357697329,-0.0833861107290092,-0.342806103204278,-0.330242206290564,-0.233667174576435,-0.373101701623576,-0.179321205293977,-0.0412093690327277,-0.436052526051085,0.526180346848571,0.0884711360127,-0.0300808165987299,0.0287331329429845,-0.643480789622322,-0.144599653199031,-0.397393795987991,-0.412449768968697,-0.479758303811591,-0.291452154073745,-0.0842354667646365,-0.485743968781397,-0.212596234489099,-0.346349563041458,-0.0692128344858929,0.0687217371865502,-0.46338866028234,-0.297865832107371,-0.467092555012096,0.339312658595674,-0.0138007841781445,-0.013138291593379
0.756867384226773,0.894233136919304,0.479460340266209,0.800052053371186,0.482707219833942,0.776646350069189,0.46105282751828,0.753050772347776,0.616773407794374,0.630143796528365,0.704670614784271,0.903715470517441,1,0.0490116053877532,0.29676250573575,0.452892197247375,0.237134763715949,0.320221447878475,0.204412353926895,0.324057600204658,0.422005878502913,0.339181764210981,0.421281075957763,0.1908400548775,0.324245692834795,-0.0649655852318903,-0.173600088015843,-0.1187075426426,0.0610523565660177,0.0476772858853655,0.145265140678571,0.0482261946312148,0.375052498463451,-0.0285242183227117,-0.121233716754978,-0.515232681266763,0.408254165139847,0.328583207053841,-0.0254577449573656,0.108706183318622,-0.462043381138129,0.269211723370859,-0.550096054533446,-0.11618112002957,0.10999459255553,0.322528019395343,0.0504112611088535,0.157029274815007,-0.522980917019841,-0.553961041304423,-0.510138770709594,-0.419226992863361,-0.395434943804374,-0.39060838058274,-0.488089102193454,-0.448660005821603,-0.358579287846746,0.600355157611982,-0.193260503342156,-0.314270176715903,-0.319165582570558,-0.107329566280538,-0.439298743752138,-0.204628618197606,-0.0382547863426036,-0.320402516787797,-0.406980905515286,-0.342647395703858,-0.182700016310139,-0.462494384883438,-0.473458539624059,-0.233302208176235,-0.382692318300849,-0.158051388346603,-0.471614101187279,-0.294442325654131,-0.274184133385752,0.288827606495972,-0.134527604688183,-0.186178096470285,-0.228424968953594,0.141545665940501,-0.0884444892916913,0.468280303261956,0.837241179602113,0.813238190967033,0.40861179860253,0.787495735950327,0.726697149773298,0.608037859796911,0.650117993624536,0.668988400391457,0.685098556794361,0.634633481892765,0.0624696966002524,0.0825308116290931,0.221182773794585,0.277415160153447,0.358940232061892,0.110786084614593,0.1779051374877,0.270875831536875,0.281188995929213,0.289251294024597,0.282578528761206,0.244116232876388,0.327942438864303,0.437032116093121,0.0981816411045267,0.257491170605641,0.22539430550469,0.248624729510095,0.218642933563676,0.344405705099795,-0.0843518674735215,0.382621788742603,0.130362969837044,-0.0131435498706881,0.212034019600337,0.00993478961819131,-0.419625949488951,-0.391744376420079,-0.00119611391584793,0.420517288812076,-0.0391848220378335,0.1139655713799,0.0158504187053995,-0.369575789672595,0.0814812562338112,0.138665013604645,0.352574222349738,-0.144832420671947,-0.093737041922617,-0.403861109378415,-0.369583110328008,-0.236254433970618,-0.451412550059553,-0.312912806324092,-0.388863028441511,-0.473750604799234,-0.194243699548126,-0.0232367469499761,-0.480221040508952,0.321333006910811,-0.133152874535144,-0.265835570035984,-0.155914925938987,-0.679014952672287,-0.198486521385246,-0.457407455851973,-0.43372561262321,-0.452025601158636,-0.294677792224938,-0.220094585415899,-0.505825328022834,-0.324456908959087,-0.495053838625015,-0.174551307558394,-0.0714664809432862,-0.472292018845589,-0.288722720188202,-0.412934892041425,0.373977925418303,-0.0801171283302432,-0.0884296565518785
