1,0.398284242510486,0.345907419709021,0.57735635551901,0.665013841326455,0.16916901071067,0.133130692601256,0.476652065580011,0.477192143659844,0.633309886558454,0.716959520453901,0.583835150983335,0.713384185702927,-0.154133611516123,-0.378580384642767,-0.231479756610838,-0.102634069377871,-0.275134727634273,-0.214041237541007,0.298323690317465,-0.262324069289744,-0.0532279415461677,-0.248901664229483,-0.36558343920565,-0.472465611002613,0.415757833016566,-0.158048719939938,0.220410543760479,-0.262122138072662,-0.21498147575996,0.0330975878600119,-0.00685176838262,-0.194552409363938,0.0354323086390389,-0.259663204704032,0.0469488958671716,-0.268936883688322,-0.178578263071793,-0.276623871217873,-0.125840510749647,-0.117414266601729,-0.0405539475284175,-0.138602944661073,-0.173057276729884,-0.163473531886998,-0.0585621582558937,-0.288473871369905,0.0745381476548076,-0.35143454181918,-0.316976711175757,-0.22066693557773,-0.413789692995851,-0.297776487021438,-0.381420979184633,-0.32760880853075,-0.204958742090534,-0.277624615710523,0.547744071674056,0.02993014307236,-0.0378830046134702,-0.0126274914859826,0.0384530665036425,-0.326542822766819,-0.264075180068266,0.24861497100933,0.0271440809471221,-0.289769362029763,-0.178182938454051,-0.196753143224508,-0.0257539377164414,-0.287940087835085,-0.308245291784119,-0.0214322752280155,-0.379428533864539,-0.494900848991062,-0.33279393243477,-0.286221931989199,0.213279714029587,-0.287788820028961,-0.359373453766988,-0.251659986501624,0.507377286894486,0.451889707894381,0.735826451359943,0.42789808953281,0.620830754246979,0.115156533966084,0.0209542322511418,0.657172798049189,0.47588311982073,0.604185973911461,0.418830191722382,0.611734807128639,0.662567342408759,0.3937709926852,-0.264487146432016,-0.436267862386006,-0.028535816765107,-0.26221780173236,-0.195960746841677,-0.340481599315499,-0.217688098999552,0.124571247226592,-0.347104884935462,0.358922748476724,-0.421191680746665,-0.388323078704732,-0.356826297996854,-0.262957089675989,-0.306932541338616,-0.523372844761634,-0.458962939408295,-0.490196992663513,0.104904663159848,0.111821849061225,-0.354590067053283,-0.258165068774272,-0.386930103417218,0.427666193396104,0.214320903462902,0.469682636943422,-0.11315893651412,0.0347706102211794,0.141103288481135,0.168830195617495,-0.318228726103052,-0.243474122624507,-0.0167787424416539,-0.0578956293359459,-0.0434351431873665,-0.0875531635931207,-0.103766104891448,0.136367563444047,-0.285850042596344,0.164208324363047,-0.0664377208100585,-0.0738310617710929,-0.13452800049385,-0.314926717116031,-0.26397554742027,-0.163926417485945,0.296129344380687,-0.246159352384719,-0.306107021878378,-0.326277785937762,0.555749364618109,-0.14252954120543,0.0777710182041205,-0.394145569899201,-0.323562055311725,-0.0970475786907816,0.0484220406335203,-0.384807713251623,0.15522561832879,-0.139794707696437,0.210058050559554,-0.0358837743948881,0.06507736689928,-0.130942008944973,-0.228624606763973,-0.319071943120935,-0.143290250804098,-0.268451101868874,-0.13502285717915,0.324449317566097,-0.0890699057743064,0.164458772862383
0.398284242510486,1,0.524755868877553,0.405538833470841,0.319524594618663,0.904605527816971,-0.420483862775196,0.502421528430194,0.70267825101995,0.167568989299934,0.442203711403377,0.500162522168123,0.305229723728002,0.0164053483006931,-0.0314275047784058,-0.0818125526727819,-0.0923750360847157,0.0867508895479109,0.170029003077505,0.117140594270305,-0.217201745012795,0.221296054042047,-0.0520047040314527,0.0230860548448134,-0.229579993000521,0.376803887148723,-0.279910328715719,-0.243850753924006,-0.14704655298413,0.0861607086975588,-0.349726498114745,-0.480354471844991,-0.498889931606777,-0.0378477301092585,-0.371329099364677,-0.12426660606207,-0.0070380843404167,-0.121389127844456,-0.507610508540403,-0.224086997648027,-0.120037326870214,-0.15087986246853,-0.387665551504398,0.0307386162497366,0.0331117635622996,-0.181264399087019,0.118405714038445,0.0201497619748474,-0.320758630205956,-0.353299572348986,-0.435605885944712,-0.265523059060244,-0.319597027552897,-0.249194595603455,-0.578324949843569,-0.241677500249168,-0.177006545901502,0.0964107627468939,-0.0891885460564962,-0.208681394687604,-0.0363020979766987,-0.0402790007555216,-0.0674967765062521,-0.0721050744256736,-0.0648196555355181,-0.105031578282615,-0.21161758758659,-0.127239865835786,-0.417910375066231,-0.375497222069406,-0.478420663716827,-0.330691552428548,-0.201006307379476,-0.0490497816264102,-0.240340253973779,-0.382286834606747,-0.208723907678607,-0.201691727973163,-0.367028484481623,-0.440334263578283,-0.420809129945416,-0.194060064922352,0.3864589409646,0.147185501455312,0.927506230914421,0.277208851000608,0.279158824805079,0.885465147660586,0.222530302485167,0.549001172660161,0.441446477477843,0.521676836686984,0.318161484330922,0.323015136270719,0.182720696386728,-0.161164612102917,-0.158336652260624,-0.0935939653747908,-0.0861554800641421,-0.259959409661924,-0.158816659339591,-0.16610837285293,-0.331022194903141,0.0826987503238576,-0.0882395753727953,-0.260001733740444,0.0020334417190458,-0.445015064822778,-0.122440237521472,-0.254641909121045,-0.280514820157659,-0.429115411261574,-0.286248976940832,0.222105958306683,-0.19677670736508,-0.312915582320054,-0.0948772562139523,-0.247080251011646,0.189988671702833,0.172168549241061,0.141262435399154,-0.012502721728043,0.023793401914055,-0.0255389843609246,-0.130078170957166,-0.331930515511022,0.0878832048809977,-0.152149072728185,-0.221385006074243,-0.032635397997105,-0.361208791867504,-0.0603893529485661,-0.109998790822575,-0.292107072523465,-0.176234501542254,0.0059346081057171,0.181540742894105,0.0623369478093252,-0.227311204681913,0.003375848685481,-0.141465155491423,0.232722331656797,0.0520768946453071,0.0529576760345089,0.117599465941188,0.19257289566688,-0.0277820560368666,-0.0420977591858935,0.0240027555382839,0.149282112662389,-0.216530232735637,-0.0441595731058931,-0.0204965151077294,-0.146511479256544,-0.150929822325981,0.0275339751771423,0.0450203751967098,0.0206396131972444,-0.138214694833438,-0.236980928998181,-0.0471810172948536,-0.185128701156756,-0.117060953480321,-0.0852323751339269,-0.0448725208143047,-0.14646273640115,0.0468197339269544
0.345907419709021,0.524755868877553,1,0.285144581832411,0.136536084017753,0.481792357090371,-0.141464631503024,0.2728182258248,0.489192975358867,0.537868080014511,0.364030902678653,0.342368122020908,0.550175643894906,-0.0758465553592887,-0.130877485337703,0.0495271863535478,0.194326188442674,-0.0463822393615211,0.300593617006579,0.558573440389256,-0.288977489046047,0.157474017119258,0.0076061741122845,-0.230408716907066,-0.0730841004220476,0.804071529111359,0.167840345987063,0.337482179637575,-0.0374514236983379,0.120503260639423,0.0944030928088888,-0.366396333002986,-0.14927960093873,0.330972968884136,-0.287885999581297,0.291674391499301,-0.00689041431636,0.111957302530258,-0.41535649597097,-0.121568724692968,-0.16719008413933,0.108296026781325,-0.170393897396777,-0.287855704917032,-0.0134655294862187,-0.411616500435966,0.0910301869769543,-0.0707121049930739,-0.427697153481649,-0.377207420398342,0.040250433898862,-0.451053939705698,-0.429466253222993,-0.476464906460121,-0.509822249852359,-0.165060288490657,-0.246378896840192,0.197820397936818,-0.271782071666422,-0.289852833152708,-0.11669608645132,-0.103746574098061,-0.129847215315693,0.0276274596010621,0.0717981308270941,0.0056831941945057,-0.293159761684127,-0.282928741634753,-0.36578343361421,-0.138535448869483,-0.413971829942845,-0.511095785042142,-0.285342993500166,-0.383206131459944,-0.434786788472365,-0.460801989588172,-0.349958511226852,-0.225084652075256,-0.456340259379012,-0.525048996426159,-0.512229422472226,-0.152995228034392,0.667356390989567,0.292775465146001,0.562221098865679,0.1677628442188,0.528520662811952,0.41010073899451,0.164742575575189,0.31587519282609,0.357815072375735,0.609169393771789,0.309338103575502,0.301518529128326,0.76412226285603,-0.382552852776664,-0.366952422754302,-0.0357451955418782,-0.233838922833292,-0.229522246723784,-0.264995414184402,0.0641047584264983,-0.405072900306423,-0.0771131725330976,0.268331653797218,-0.482212128263808,-0.208897174535174,-0.530059835151348,-0.20829233870842,-0.178117523609558,-0.561303113306509,-0.410800815745517,-0.366707668614357,0.719644211173333,0.178897924076876,-0.273357996580616,0.219628447269653,-0.120382538176074,0.589887732399959,0.650890276340347,0.476987032817832,0.0516063534431967,0.33419318775474,0.222168505719797,-0.0395551617491307,-0.395734088617489,0.170012871982706,-0.243668993496417,-0.323999129167908,-0.0206142959195893,-0.175637122170265,-0.208973568479393,-0.178724345725581,-0.391856583492078,-0.154057757552655,0.105810056655905,0.385030465073708,-0.220318044853907,-0.204502979664862,-0.307770694559659,0.0459027536215124,0.487686437032168,-0.348829065659346,-0.15972671921421,0.0417618436590963,0.103289260232755,-0.354121185988843,0.0140916250993903,-0.256689464644573,0.0761155387331442,0.0515219215255085,-0.0092729546361151,0.0297133142476985,-0.0117860390759234,-0.0858554672877536,-0.0213192580724247,0.107996819522527,0.283970687764781,0.101570287184263,-0.51270607218835,-0.0566095707514957,-0.319185140298412,-0.123663657615089,-0.359796691588652,-0.0483203643581806,-0.14683167626067,0.109733922339081
0.57735635551901,0.405538833470841,0.285144581832411,1,0.618291184607883,0.321446046202562,-0.192574182430007,0.183951739068684,0.83798372981134,0.370774079611137,0.868237448883313,0.761992355803352,0.484385367417935,-0.0057757635716373,-0.0305507632971261,0.0401172673775411,-0.0566076034876195,-0.0577680494801402,-0.175678465087562,0.301151136281396,0.0424376887451728,0.0429268552205112,0.0209616921569159,-0.0297108123024493,-0.285842880443542,0.310339492733679,-0.242449640043787,0.0486275162638218,-0.112483603688214,-0.245054154890306,-0.0279579269839047,-0.0748371117492569,-0.120251675562641,0.0508333215584529,-0.106345508361341,0.0193512027171666,0.0348757157379456,0.0575927647403831,-0.0370334432290302,0.0648608290411578,0.259005094293875,0.168149592936942,0.136404241158881,0.237844460048191,0.229132446514385,0.209100327089758,0.0373540310583423,0.0308260497970492,-0.116777384451585,-0.219031408196371,-0.256924193227998,-0.147501563537633,-0.297502540845685,-0.289571915023768,-0.301291397833454,-0.244181477479058,-0.309705429240628,0.487633336171506,0.376114225075015,0.0861582645723715,-0.219948379816562,-0.113954859190696,-0.380100354378774,-0.248801961378855,0.0740049133629824,0.222819086379784,-0.42217279929199,-0.195964060016485,-0.365848858051318,-0.285700182453837,-0.278481456897009,-0.308193346035036,-0.29540393280124,-0.0453974423449943,-0.364951903758292,-0.440208661571395,-0.255504706796113,0.0845265560734519,-0.492704161293531,-0.311128204521712,-0.421877419552701,0.241430908327774,0.331118325940644,0.281173050905337,0.48675031043887,0.805824747797921,0.176041974912242,0.153613503941698,0.691278508296927,0.851002600574341,0.885045638241641,0.343018912308606,0.351294827893641,0.830882952091828,0.173296170547112,-0.004565044077171,-0.180208602360034,0.126669798754744,0.103802571996256,-0.0108383358379313,-0.0949701907441467,-0.373437519812139,0.180947975239273,-0.149586524874107,0.150600103405741,-0.101466740202251,-0.214389542891264,-0.0439835718016308,-0.172381067853064,0.0096341026113709,-0.23738343384866,-0.210354349941751,-0.407593610035108,0.109549417648817,-0.180086649007007,-0.129661754155225,-0.109115694690633,-0.310352019605799,0.230715985024578,0.049544561734268,0.380163216102966,0.0814729116427832,-0.114448690086078,-0.183527918479348,-0.0750363148714951,0.0250808550568063,-0.22799506182223,0.0760689666447961,0.0919711042501362,0.184046201179846,0.0110264304214879,0.282703389714058,0.290613454560871,-0.0937002790465933,0.187747465451057,0.0015381255889253,-0.113006528239918,-0.162119396710456,-0.475510485059337,-0.110251184116426,-0.261810854189503,-0.0365775447039655,0.0711219778007792,-0.247203417971493,-0.394817825037563,0.594728644960033,0.12008801749448,-0.181177223741968,-0.128200291637929,-0.310717357969703,-0.417548933185935,-0.304973309266763,-0.437688029245504,-0.216885529317216,-0.423796753791821,-0.0099470618899553,-0.252331466593041,-0.0447214701765897,-0.538652621729057,-0.33269649363646,-0.0341485201158291,-0.549131868864958,-0.34729459453832,-0.330517311383823,0.12768893184604,-0.410229947231606,-0.0182796959126897
0.665013841326455,0.319524594618663,0.136536084017753,0.618291184607883,1,0.194227964730598,-0.0330035034438462,0.175327642052994,0.563735862788345,0.271256408639882,0.66690573507229,0.527028564553256,0.387094112322333,0.0277542507210071,-0.149567172080779,-0.0757057130452962,-0.0492562183421239,-0.0803851509649996,-0.139689142177099,0.0818103270236097,0.0566492533878444,0.0350991148101049,0.101954293699795,0.0390010449024712,-0.326453257111826,0.325412153794986,-0.231805142696005,0.143687728356922,-0.0802405167362225,-0.205509450023878,0.0104042860338366,0.0690408663555419,-0.0610938577294749,0.114112501664292,-0.0115696584622944,-0.0205715743761701,-0.134781420495357,-0.0677102883556707,-0.153619676441202,0.0473923409803232,0.137938729169019,0.0813360519780639,0.0417684126172446,0.0187504564181939,0.0612437308775783,0.197095933080969,-0.0286751164753768,0.194441804119591,-0.171253457958034,-0.235635694182356,-0.224366255656398,-0.279374253914134,-0.350400576271967,-0.33561345329785,-0.285600646768308,-0.197509627252045,-0.277774299742153,0.508766372218518,0.268957191112994,0.226547288053922,-0.144096445955858,-0.146934586289223,-0.442534592205559,-0.32206055357578,0.162236085773222,-0.0321042431221224,-0.472216847233697,-0.228887235323692,-0.232690678746196,-0.0160672989544029,-0.36083907299927,-0.268240691570544,-0.206246352712249,-0.22317690424408,-0.414380695406456,-0.343494401003188,-0.368485348554456,0.458347275639912,-0.39246286464518,-0.274044081162469,-0.305757224634767,0.466670285014316,0.425773057113954,0.538994918552266,0.318300468643758,0.546936087107567,-0.0253793273054778,0.0772437211511626,0.792952312230242,0.47742962307508,0.675270712114233,0.208321194413457,0.351769991751303,0.573031424009451,0.165465379459146,-0.0200352205734838,-0.328660384983908,0.0960176598011788,-0.0427343049619795,0.0247603248299498,-0.0616752084738647,-0.185391890449073,0.389888980523197,-0.170947654850519,0.236518496792116,-0.19749925594866,-0.245245765207106,-0.0297942627496447,-0.126558148000376,0.108454773815776,-0.142970425673532,-0.25959890764636,-0.391438915237996,0.0439945007584296,-0.0236911780337388,-0.16115839813483,-0.147374145578665,-0.215284472826986,0.28174059441817,0.116812390429923,0.456871431511768,0.138576802428938,0.0345873337439672,0.0343461739901903,0.173119620495444,-0.109957467684794,-0.184405908249677,-0.0176477167480296,0.210141410373589,0.159449997766371,0.0785191282346439,0.250531846197036,0.38405842899574,-0.0303744492415161,0.271624158517979,-0.0065718458311421,0.0091490428307703,-0.131936892710114,-0.378957861269886,-0.203420510178233,-0.217105047713336,0.15963659190297,-0.0539166196040279,-0.265514177926091,-0.347644877031895,0.582924371869474,0.0960897788611521,0.0865850973072962,-0.263151010364057,-0.2341609353527,-0.138561212232282,-0.160813712956942,-0.459256958488147,-0.0152226439380656,-0.318846502032812,0.161395019012986,-0.170489055424575,0.0569606102398307,-0.254725868222249,-0.17556901006911,-0.0165250660067685,-0.354654295500025,-0.192366486578997,-0.130545921006096,0.483909574287322,-0.113922493367774,0.197874805831202
0.16916901071067,0.904605527816971,0.481792357090371,0.321446046202562,0.194227964730598,1,-0.389950519490814,0.407510628590383,0.707577807396134,0.103276166283939,0.35842656987445,0.493271795094658,0.209923523718071,-0.0097161878904128,0.019226887049052,0.0094742690923136,-0.0325489790815192,0.148584459758646,0.230142012669099,0.120223898204558,-0.134375008075223,0.288490805900069,0.104281417217904,0.130675218842517,-0.100763692938939,0.367825017322564,-0.151192440538064,-0.186113126799598,-0.0234635739922914,0.165226165621304,-0.252289368279762,-0.41401430933379,-0.339314730919209,0.0799622219254752,-0.188269733708565,-0.032335455775605,0.0796623984325941,0.0021940121976423,-0.332766839978713,-0.0837171389482845,0.0094764222822361,-0.0267359882801564,-0.265474532840448,0.08296658132898,0.186201831125345,-0.10575377497863,0.241910622537858,-0.0682490522503067,-0.192765713523224,-0.343113924491526,-0.316609089166661,-0.197401697048512,-0.379564738357412,-0.280275119861064,-0.483576673059967,-0.233335620023135,-0.174939557247083,0.0899317606417699,-0.0755091775888153,-0.0804658425216009,-0.0810638586380458,-0.156087186153988,-0.181730100293239,-0.084030636802526,-0.0611428957467604,0.0098928707661505,-0.281813465113337,-0.177618004169748,-0.389710007133217,-0.323577888388347,-0.506621118746438,-0.341678342906795,-0.262717988627457,-0.0204868456102393,-0.207374666385873,-0.34772381796852,-0.213475208591084,-0.154444196861227,-0.375557636235898,-0.417738929543362,-0.452657790520009,-0.276622145207162,0.379489376551078,0.053128800089109,0.837029168340824,0.186549269071787,0.307123013294291,0.912912878328803,0.146614227367442,0.5369518714286,0.383436131771049,0.510942623190494,0.247671943422321,0.245238106850811,0.123098328723679,-0.0836792113317566,-0.0836967609998066,-0.0967223782572183,-0.0485971946241223,-0.186286494495058,-0.102371913081746,-0.158956496501195,-0.248592823415775,0.0810504873281736,-0.162766325989504,-0.2194661314079,0.005904032355207,-0.370339666020824,-0.148310781349882,-0.188490028009315,-0.229560409623773,-0.336569288654672,-0.285378638588071,0.16148506855519,-0.171524700054588,-0.251846299585292,-0.0362169218693666,-0.26081693079184,0.118329402677073,0.0865548616254393,0.0958297326500642,0.0506514426400489,-0.0137178857168169,-0.038461923933495,-0.145979076454742,-0.1848214640012,0.0629225090972457,-0.182783329814678,-0.227545250771585,-0.0016071552593169,-0.266330542394995,0.0543072586955085,-0.0538121106319067,-0.223809951228341,-0.0777403480177262,0.0489419386834469,0.154469686889479,-0.0084880917781561,-0.317525380390527,-0.10633203456815,-0.196449620668531,0.128981510755859,0.0036791390105686,-0.0421756126854006,0.0539189343023049,0.128416366596699,-0.0046606823135474,0.0722519989380008,0.0387696658730936,0.104344833281832,-0.19666153819315,-0.179198928271256,-0.0573293444149088,-0.239899382657217,-0.215817532676331,-0.0895304206500332,-0.13252955420905,-0.0408291605458153,-0.237956283732606,-0.26812454707808,0.0465131622851911,-0.306242088766699,-0.170087152468981,-0.154482706345548,-0.0816808922726967,-0.156612622130339,-0.0098571253458794
0.133130692601256,-0.420483862775196,-0.141464631503024,-0.192574182430007,-0.0330035034438462,-0.389950519490814,1,0.251604260074483,-0.330441843321042,0.491325473161621,-0.196881517808578,-0.021046998670338,0.401654573692591,-0.322978361160842,-0.511608263488323,-0.40643312648476,-0.192350055470563,-0.502784621324845,-0.23816690804879,-0.0689714145227732,-0.240873015078603,-0.384121590127462,-0.239399526876148,-0.321914943459923,-0.134910003279285,0.12833889815989,0.440218895539666,0.574647197464461,-0.206455717443748,-0.298597663196911,0.52201994863629,0.484280146343869,0.354222103305543,0.180180354567825,0.28098199377988,0.152915409166488,-0.470519476776524,-0.243314490131322,0.338406021611128,-0.0211587833281969,-0.299417624255168,-0.0223406373893038,0.0443393560437681,-0.208709833928957,-0.45059098092538,-0.204894668524126,-0.43828595704768,-0.0373797436787821,0.340691422156357,0.310384177853573,0.395850980401521,-0.0439198681294924,0.108084473942497,0.0318500562117035,0.325852866547412,-0.0582577871186591,0.103140099266523,0.277077763199417,-0.32577011257792,0.0134024660175522,-0.085169190801176,-0.0538735344089819,-0.158698014938005,-0.223053486288084,0.363389873246314,0.0710575985676239,0.141438414623611,-0.180996259302898,0.158920705797145,0.153129836072417,-0.0011750843268082,-0.0139310440590028,0.154200860924709,-0.430141845222852,-0.0727329475904445,0.270761047028086,-0.222759594891885,0.129903684173007,0.0774869684641314,-0.020992094833638,0.288955095276156,0.223509822969788,0.0616859122740333,0.384656344494904,-0.358739260951331,-0.0059299710616098,0.134972285830165,-0.474913320229094,0.104953344144159,-0.242148882569469,-0.141255163534355,0.177285775021578,0.392360591133046,-0.0862463116874131,0.26418159820247,-0.359558410381238,-0.265986762949312,-0.292768635147628,-0.452438209962043,0.0200113820195638,-0.2998895337737,0.0440422577474343,0.183974047476071,-0.429709689609641,0.252676173772992,-0.184469981786304,-0.263990510873607,0.0763811132875478,-0.0711151196593566,-0.0610361921649666,-0.181729359040437,0.0242472829842038,-0.0515807278498113,-0.124451933773512,0.656500092652832,-0.137928855662556,-0.0227803906523815,0.000455169014074,0.165763281195774,0.0253668896883301,0.215945346658747,-0.0110600454013917,-0.0792961197408755,0.292069017271623,0.392546493137124,-0.0558948598804785,-0.327259206704446,-0.0547631866521697,-0.119242757770513,-0.212909737657428,0.0615031329669525,-0.172312665230525,0.166291754205136,0.0326499992850775,0.355609538822025,0.24216753041446,-0.0847849656666015,-0.349871019192705,-0.0841978118382825,-0.309194635345244,-0.113614897168221,-0.0395250450816205,-0.32552062974453,-0.254643673182036,-0.250195357824815,0.0033498823085416,-0.35679394643952,0.0939751275377242,-0.478791878601747,-0.350220733832902,0.31432990059744,0.206808794184188,-0.0976788320989317,0.106983158513529,0.0076271250851638,0.0096421216692324,-0.070687058251036,0.0148198555549445,-0.0453205454227702,-0.00279529056882,-0.367944435620563,0.0582227761429397,0.0096582881554809,0.0838260072365413,0.129423066948886,0.164887648510124,0.211811476276146
0.476652065580011,0.502421528430194,0.2728182258248,0.183951739068684,0.175327642052994,0.407510628590383,0.251604260074483,1,0.311328111304044,0.544778083527748,0.194622137780171,0.442284101607727,0.645512300790859,-0.444142686803407,-0.547593114419507,-0.243076426646266,-0.281630519988067,-0.11623149225234,-0.0321942080826628,0.138769650203167,-0.229096233267221,0.1304820852389,-0.184066241375854,-0.0968192426846503,-0.0737468929578713,0.284008943402368,-0.0950531253858856,0.147516143173524,-0.164742480157725,0.0560849836941054,0.0133056111047112,-0.218721400572125,-0.225964494635023,-0.0283399713585403,-0.27011288519727,0.0014972555583852,-0.471253810241844,-0.281030745390259,-0.287386461578071,-0.389771265358896,-0.354242620498546,-0.0905222894878756,-0.347491617141779,-0.0183243862134281,-0.266902026463802,-0.305791219028785,-0.060295961637005,-0.331091011566007,-0.15589296694361,-0.0745761580731775,-0.152730808628601,-0.179995852896008,-0.0148832094750097,-0.0015406137721314,-0.190619969907704,-0.173609029838327,-0.0572569647395627,0.27013555476414,-0.344079385997919,-0.456057578653493,-0.104682885177723,-0.0974981705945643,-0.16018308748482,-0.306341951129601,-0.111663978817832,-0.113411070994456,0.053017549107488,-0.0787116782144487,-0.190095947194093,-0.366529232748931,-0.190245507180809,-0.155011154119023,0.0576488237142837,-0.218940479650877,-0.124742957394419,-0.060645136096462,-0.105407690217187,-0.313791850572403,-0.158824197980097,-0.311022942459498,-0.142994324616063,-0.0748516161399754,0.293622043244612,0.327581432438881,0.555238050870513,0.320643038058231,0.55935634777296,0.337518305792491,0.102259661903104,0.354078087622403,0.20196709431596,0.733883519384502,0.820148720839946,0.241365237036842,0.432462510386998,-0.521830387910559,-0.426366187881802,-0.30565255074285,-0.408344996385122,-0.206924729399975,-0.360590104266606,-0.0304336979322687,-0.327176581731234,-0.183424219801878,0.0877844415131688,-0.238173544491958,-0.239352694649757,-0.318844988882009,-0.112909761158961,-0.316786204853152,-0.294957189753781,-0.273092123316386,-0.0394851976515866,0.0475564484206152,0.179294937828537,-0.348603137822797,-0.167824487576823,-0.140094331677753,0.22239360491239,0.0960475095859817,0.246389616298582,-0.200432595678644,-0.144850093198443,-0.0471415367367736,-0.166158697363644,-0.323281988782076,-0.273657788738562,-0.291729818618645,-0.286718821959149,-0.276199636459173,-0.284494426825284,-0.227144532422994,-0.218847472265293,-0.251419466345429,-0.067991215116149,-0.080023327328387,-0.034233203667513,-0.0382604214661998,-0.256884937145604,-0.105493189230449,-0.228254598800061,0.0755106231983058,-0.145653226347187,-0.065640726252623,-0.103613701997016,0.07937282229541,-0.34561379424979,-0.216885539988277,-0.238455974426886,-0.191347719153631,-0.0925843491686123,-0.0561390484213197,-0.148050710527177,-0.14590576011812,-0.180868858187797,-0.195915607384644,-0.164332698760493,-0.182224995676971,-0.245839942431443,-0.205479247993775,-0.389672493708337,-0.052463466370378,-0.225753012353431,-0.062809655201662,-0.18583611467084,-0.0985708174765075,-0.0229869883756108
0.477192143659844,0.70267825101995,0.489192975358867,0.83798372981134,0.563735862788345,0.707577807396134,-0.330441843321042,0.311328111304044,1,0.359500369094435,0.820338183052968,0.839954536663593,0.500432050569025,-0.0848543187630272,-0.0623289122441253,0.0464013671278618,-0.0569419586041365,0.0771563616028088,0.0037492173584333,0.317997129925887,0.0242635590926087,0.284058345585395,0.104334052067555,0.0876318084303582,-0.155098653768473,0.429317536726304,-0.211415384513684,0.0231446978225504,-0.0379336766658961,-0.0366621297046129,-0.077629868369757,-0.236786576534669,-0.216906996528886,0.166629806413105,-0.158518675443783,0.0586552010806861,0.080563504700114,0.0472267865805047,-0.203388423815906,-0.0296311115687803,0.222842228323396,0.140661343950339,-0.042725523300659,0.195468739873079,0.328933857350259,0.164112289332153,0.22752598175427,-0.014743312113985,-0.168956659161897,-0.322068114349435,-0.287436866848072,-0.24833631382104,-0.446552701768577,-0.399770620632744,-0.473568768893601,-0.287826379469621,-0.312892520027477,0.466113909849141,0.238855000860294,0.0002311008006563,-0.248865171312274,-0.180582691631468,-0.399139381489055,-0.255245385630652,0.102667295812056,0.156057426053727,-0.483070588573727,-0.263785771695723,-0.48046957017467,-0.367054606793253,-0.523159444597281,-0.433373242914673,-0.386450021421046,-0.0753381912642709,-0.421512343782892,-0.544154877717273,-0.342579183983994,0.0029117974998587,-0.584221104293949,-0.503532685923411,-0.530931431717083,-0.0176421969165663,0.487336003850167,0.221450913591914,0.750826148031721,0.684999501896528,0.266452640625312,0.54349405142405,0.592338484331542,0.908937260369923,0.850890283477792,0.532233567737363,0.415738204355068,0.753635947286939,0.25729879940107,-0.0516912520603909,-0.188327659798512,0.053868280775106,0.0283203988097707,-0.103516258199347,-0.153572920061433,-0.317196067249883,0.0224227490309548,-0.0448023138927965,0.0834984495996684,-0.205016424622941,-0.211829082956938,-0.262395785068751,-0.176424465320636,-0.0556103872820575,-0.309548991273861,-0.254525770301589,-0.41073034823867,0.192286234186687,-0.151717376529314,-0.232637349429427,-0.040158410224659,-0.382430778341114,0.316232392216465,0.152459575084426,0.426022731197951,0.139573419583559,-0.0324772432575561,-0.0648816498015555,-0.0534233388713216,-0.0708065276512471,-0.0634847727299682,-0.0888778500924314,-0.0998930478258889,0.182719375956972,-0.0866992976871171,0.270606039045354,0.223324088037217,-0.116923496505246,0.137655118051035,0.0847114679007166,0.055394357444592,-0.12455428293638,-0.525428203645325,-0.20616355074575,-0.276448828925093,0.125888107775694,0.0191093099515023,-0.225112056604473,-0.260549046102644,0.543515463224697,0.0672472238808504,-0.10767840552801,-0.108989553278548,-0.144503491507612,-0.370295051306873,-0.307920054226176,-0.341775096703492,-0.312033872923593,-0.466843506536856,-0.0585525490102419,-0.245301846344888,-0.001069842249025,-0.478740081874611,-0.424091657180848,0.0626931494650758,-0.610121792511864,-0.360627993515662,-0.326171202652475,0.0823486299531109,-0.359947245271906,0.0385082832864283
0.633309886558454,0.167568989299934,0.537868080014511,0.370774079611137,0.271256408639882,0.103276166283939,0.491325473161621,0.544778083527748,0.359500369094435,1,0.461976690362901,0.551476895824329,0.908604144420359,-0.41448111632675,-0.577240485806325,-0.342124658872251,-0.142621504592825,-0.338276617344264,-0.209488226695551,0.421544947583288,-0.335142602508204,-0.111125875841144,-0.23345711845429,-0.452582061274836,-0.261207667928816,0.643260593123734,0.215195532239744,0.668087901154991,-0.240384302642447,-0.186194815555254,0.43568257284652,0.147242939074005,0.0944920733214597,0.249466512722503,-0.0188014975247745,0.36431254047542,-0.337772798267642,-0.143968581111497,-0.0744160350830626,-0.174870882599472,-0.120631142470836,0.0803656724283601,-0.0499119917896737,-0.168132937583853,-0.19343187241276,-0.245762992864438,-0.261987012513356,-0.0519064297386518,-0.122587533990634,-0.102748505289024,0.205009944428642,-0.404435073448775,-0.296521290805639,-0.368527390122882,-0.166430486907343,-0.175552743822109,-0.186944289055044,0.535629910440113,-0.240424861720427,-0.244038623126332,-0.284896880350277,-0.160548965681798,-0.362373712527195,-0.25004562786826,0.38776757188226,0.269053932335938,-0.299671828828427,-0.396026499551117,-0.329404162357708,-0.143289960344898,-0.353070230582913,-0.478791303492393,-0.184510277662547,-0.525990015167431,-0.449817056765992,-0.366784850978693,-0.398307192672223,-0.11823497729747,-0.462812696477189,-0.552791381579686,-0.342381051580087,0.110483976339241,0.537309328325098,0.615437782476587,0.314932223571891,0.5274957481055,0.52878778266537,-0.0382583398021212,0.445841754535448,0.382843157947728,0.469741617954457,0.716339992020454,0.747261221245427,0.549897749810783,0.772736569171464,-0.56969527673004,-0.521290446679942,-0.276861479899024,-0.532850736507537,-0.231297965438087,-0.526363779078358,-0.185720552552843,-0.047083502921459,-0.472114386462354,0.336632802696395,-0.491160881628373,-0.487553248230593,-0.340027247005472,-0.403721472682233,-0.36968939119693,-0.625046343516111,-0.374380606393651,-0.402005827439006,0.331980572081857,0.529457002794908,-0.347441173560888,0.098321406078835,-0.218419624152776,0.656005552219646,0.458356318767304,0.549685169725623,0.0297374744077655,0.168410708315219,0.262442980383425,0.196324757516901,-0.29580433000842,-0.15728111556577,-0.294015515399231,-0.324987130814823,-0.0031624796468617,-0.0422514619489189,-0.182068013660731,0.11899121680704,-0.287872259935122,0.314822426582392,0.270675345706209,0.104241501935869,-0.361186928084794,-0.338496973952962,-0.42963146873438,-0.0432070937624737,0.320960130500813,-0.40950276362119,-0.356642768706773,-0.305709711090884,0.380854515458954,-0.417034778353824,0.0039570322667925,-0.530850540600172,-0.294805268597135,0.0388210604043347,0.0702886669672705,-0.21033920392389,-0.064746257781465,-0.280487441966871,-0.0719767513912286,-0.0807873636395212,0.124984629316378,-0.133902790605032,-0.486124302292237,-0.413958340692312,-0.322803670562792,-0.252267146546283,-0.265600497385997,0.111378198494015,-0.181665054072068,0.203177050127385
0.716959520453901,0.442203711403377,0.364030902678653,0.868237448883313,0.66690573507229,0.35842656987445,-0.196881517808578,0.194622137780171,0.820338183052968,0.461976690362901,1,0.827394328043748,0.5699387419859,-0.0357174626128745,-0.118378555920176,-0.0437175620875061,-0.147929448314316,-0.12627601096668,-0.286167245910612,0.323765707140684,-0.0698953525503384,0.080757951518009,-0.0647928393682268,-0.177942682549586,-0.33625653457742,0.348659928756184,-0.342821273694902,0.136905412569907,-0.15380826916329,-0.195773734698481,0.058287534885998,-0.0622884368017339,-0.226013387197825,0.122534007874565,-0.146303558337506,0.110899863970898,-0.0051457497836938,-0.0076371811963983,-0.204468006955729,0.0160636812640312,0.341561080945839,0.0960445627323066,0.056244068352752,0.128285738994181,0.198107005416079,0.306903345795752,-0.0612575525470238,0.119066913552095,-0.270188338379884,-0.262985914404743,-0.232212163972298,-0.255405747783623,-0.313077700948969,-0.366300917443233,-0.350298705891781,-0.164062457396144,-0.235924978111845,0.606974968513928,0.394553637370808,0.0237871275942686,-0.212097255883049,-0.143926363972471,-0.403381459408695,-0.342426415132579,0.229538126825545,0.234717089989456,-0.513132143345952,-0.156509694097945,-0.407667863940537,-0.178523833320319,-0.315123397026083,-0.38065623431464,-0.325883943080211,-0.0940835517898324,-0.403057304631033,-0.579076475030619,-0.297007767262711,0.124343095312014,-0.553326608242932,-0.483146457697222,-0.490602603979891,0.2463030789522,0.374950787963543,0.375344640052249,0.511681277996311,0.812462233385458,0.147991091277483,0.175194277302557,0.741613305844156,0.805405890513541,0.898573459271615,0.355898980862578,0.441874184023429,0.915052585530582,0.258061606476532,0.0120848100805123,-0.248700595119826,0.0946792382271644,0.0137300323201446,-0.114650833529242,-0.217602280277929,-0.458899262907779,0.233980905487987,-0.230948674949824,0.203717870754572,-0.259380150514006,-0.327647074849431,-0.220623023599601,-0.226098102434068,-0.0562241973330303,-0.418428071588388,-0.30862658691133,-0.503794371098728,0.0800444845482995,-0.121725462355513,-0.19798284369123,-0.0439429492963089,-0.410772459445691,0.415968210155606,0.148531337830582,0.441660716336121,0.0924806487786272,0.0286470525273886,-0.0746534302256664,0.045370279448862,-0.0887102146686504,-0.15766279335785,-0.0108834528137806,0.0022682025642376,0.334852969402193,0.0125570489411584,0.199406198902541,0.360284376367937,-0.178330383922214,0.241484607170812,0.0711694171974563,-0.0902432307716153,-0.0527237030041012,-0.39458341703814,-0.158967164169312,-0.188681131482909,0.172884114215919,0.0072574165169567,-0.283765704855887,-0.396172317056613,0.729616327494145,0.142694862530242,-0.0375447995953807,-0.13310686272866,-0.234892825745459,-0.42980779656884,-0.179738295655699,-0.456161966331815,-0.119724793972622,-0.424850287310875,-0.0135041071000455,-0.177507969926135,-0.0288054740919359,-0.343622074834099,-0.37408832738052,-0.0849933675985098,-0.512973478495561,-0.389787069767971,-0.320316819320105,0.19063631571616,-0.439758249188957,0.0401245060149281
0.583835150983335,0.500162522168123,0.342368122020908,0.761992355803352,0.527028564553256,0.493271795094658,-0.021046998670338,0.442284101607727,0.839954536663593,0.551476895824329,0.827394328043748,1,0.716144488481317,-0.2832337268538,-0.341039001790458,-0.286785027042582,-0.364572523994192,-0.101779772180492,-0.349118001982181,0.228387811815068,-0.0430185189999028,0.150516798109065,-0.0221525927893422,-0.0372856667344956,-0.192241129027656,0.35482936111558,-0.261320353133797,0.259026496033753,-0.0851331005330592,-0.0642487023784226,0.249350310622836,0.0737958391904033,-0.117634091361346,0.288781778256115,0.0049628548332007,0.231716362467984,-0.203175495837025,-0.137811876585077,-0.0837178789498012,-0.101305345706262,0.275432410026852,0.109034296978072,0.0095754901995258,0.224427177560101,0.177205246012723,0.282609957333989,0.027947057601532,-0.135045468714843,0.0023562830928604,0.0064045860151179,-0.0863780035106957,-0.17596729883192,-0.203400711306796,-0.216770307478126,-0.185608428271442,-0.0707155120262337,-0.052206206994481,0.723280538304417,0.315670244842394,-0.0349047174529872,-0.43772187369552,-0.345323934269848,-0.447736312850243,-0.465286524779436,0.270318920565447,0.282663758618635,-0.475962817354338,-0.308071795534672,-0.55698401013973,-0.360513593133349,-0.413109369029103,-0.479481586810811,-0.460546992889142,-0.172580601856756,-0.265290427692146,-0.570059273895597,-0.393222845912399,-0.0126020007870074,-0.65476018884927,-0.570538933277094,-0.355619607441233,-0.0120692421168924,0.441908776259061,0.330220079719154,0.610688257648324,0.799276711978486,0.2826954868551,0.291958586975931,0.662020556930221,0.894897277084276,0.830818037649613,0.585185996733957,0.668047763736655,0.884884125962504,0.338121914672502,-0.217732753612718,-0.325111333074178,-0.221118318298132,-0.261768525665077,-0.278881177300955,-0.406497881817619,-0.485172432092419,0.196901215318763,-0.249575860271527,0.027622183589759,-0.284238508466307,-0.452839734621705,-0.228994006425639,-0.278669223460375,-0.0917177277622266,-0.419773544846486,-0.189969061287719,-0.421294234615944,0.0285770678824471,0.0249743206064929,-0.335417115897209,0.0652995519563746,-0.394421981849998,0.472980894975583,0.19029529692133,0.487807857544021,0.271499506396332,0.0432060973543642,-0.0562235218504979,0.0649210356956077,-0.141124522904192,-0.165239225367685,-0.154249414023778,-0.154992631753086,0.288196523769401,-0.107768517375564,0.176887251457819,0.432915520807993,-0.0966638064999518,0.364391391848341,0.304769398989612,0.03335922268587,-0.0867721962814681,-0.416124641042311,-0.0757059046996405,-0.149981430604042,0.180615158646489,0.113077845271928,-0.143368693241162,-0.276603508663599,0.732179768399128,0.0630447991370011,-0.09532786679735,-0.152358662333153,-0.145362277478375,-0.326391308629331,-0.163365498008077,-0.291477108137232,-0.381514940460105,-0.604878042915416,-0.173524033400739,-0.26636142412521,-0.0839614649533046,-0.471827799907295,-0.41072236931884,-0.180449032347119,-0.602653230413799,-0.270018014389665,-0.171945440038321,0.111631222841282,-0.4099120575979,0.217504361662531
