1,0.618965288462894,0.32122053013468,0.616106547418542,0.647760776934673,0.2716084091616,0.0244532537095039,0.180663723482602,0.496921206214675,0.432860868170856,0.731382687026537,0.624722114951043,0.692523561631457,0.12979204213141,0.154789509653321,0.182572542094541,-0.0830628958797838,0.00327583570596175,-0.261745775405773,0.157812670781938,0.192920857543668,-0.0565807828642331,-0.0608165203336757,-0.0747430923754758,0.0717770877138626,0.213662961535304,-0.258751568842876,0.0326650760826501,-0.19745611657771,-0.126310918508771,0.0693749490066877,-0.225250412901428,-0.107652534239935,-0.184871025108426,-0.0326910485394238,-0.259404562322151,0.239900820310509,-0.0183929729709676,-0.184547906058907,0.0954978766441068,0.0279909821344722,0.0660873903823718,-0.0470333898954036,-0.355597100621927,0.0462008608490999,0.105487238458007,-0.0377898883623931,0.0522808197485649,-0.125133109135801,-0.1966744732488,-0.395705004355941,-0.161488431704569,-0.227278182562111,-0.134939109293206,-0.385554480880972,-0.400806622947905,-0.327784959937237,0.246406039768918,0.0958819299509371,-0.0375347099685677,0.127838673102696,0.0255414720816312,0.0567639145462878,-0.0107302478813719,0.0378468140015358,-0.00412514501018103,-0.203225683405907,0.0989193580630865,-0.0390451108083038,-0.113883598469583,-0.177513086048112,-0.0534376881255739,-0.0923688790387942,0.142330686973965,-0.0512015296054329,-0.225057739479967,-0.161076873312898,0.235685163542905,-0.119343471984813,-0.301347156247349,-0.0932024456478674,0.222899211453077,0.231730558461841,0.49937899898275,0.54742932545246,0.632796210928508,0.0881411795645475,0.359884859809416,0.660618727821379,0.355843965912325,0.478532419378221,0.236903999006139,0.708158453632763,0.721466306924286,0.031970095633029,0.0249018468257647,0.221441760510391,0.168561253959754,0.0602126605891731,0.054663054977074,-0.278066749749188,0.370052053987516,-0.203089509852936,0.109001355661276,0.248443266752845,-0.00692935764786226,-0.249496731860249,-0.215167834285803,-0.103592357333084,0.223691720637322,0.143655646407823,-0.144979191630138,-0.234485816116682,-0.211519954928309,-0.347825346960006,-0.21491510336016,-0.23764466482308,-0.27191350348712,-0.106358206558784,-0.27701864791904,-0.189506960840051,-0.172589171723322,0.364864276984667,0.00511939155653116,-0.12608919318331,0.393454490623395,0.0971223395344637,0.0954432395187356,-0.0459573664453188,0.0949972361822121,-0.198666666777824,-0.0555474710939737,-0.184569710479467,-0.13922723790692,-0.0952258006462897,0.0187562363591222,-0.147229330256166,-0.37298466826396,-0.44850760777,-0.0538785785843537,-0.296608764599516,-0.290168042292744,-0.435807528593024,0.457386512207921,-0.0379258647317302,0.00741841297958129,0.0622757274484968,-0.0733229711941007,-0.0677795748424912,-0.0434835859054614,-0.0799448061943343,0.0644893661591025,0.099972296179975,0.170027583663842,0.147939375123789,0.0789782164764565,-0.113218019368109,0.0506721413171435,0.0425853139642791,-0.12819762451519,-0.234580457693362,-0.263948519424645,0.356857334801511,0.00542304563251054,-0.0611506256143624
0.618965288462894,1,0.49650728347622,0.759782222495418,0.463742296174849,0.151100000059054,0.025121019257549,0.511172249577868,-0.0678292827071518,0.625748237804046,0.620997827652912,0.878916370598208,0.87471859617499,0.401304156598313,0.102084977523929,0.127408882153873,-0.311416180368182,-0.196365782010521,-0.325125550489971,0.0323152846890617,0.154332420247491,-0.0299778011551856,-0.345140787399905,-0.237172923029091,0.243232830156677,0.31931412652469,-0.276908052727801,-0.268653866247084,-0.210832003414374,-0.230798589302399,-0.0626696071356945,-0.340768091666595,-0.339233471138631,-0.20643350018598,-0.0886902293519327,-0.368970216709896,0.425895258808581,-0.108060689563493,0.00702569535053696,0.32486214364171,0.357042184202641,-0.300655527720667,0.0772110797677274,-0.0540749994699911,0.326968073838202,-0.201822989767495,-0.00838244809757654,0.0965409578192492,-0.120090652978829,-0.393207541099458,-0.434611336138796,0.0166121276974892,-0.145384196614587,0.0465487312835891,-0.287496006197746,-0.36071995062124,-0.158337468572507,0.124569790419074,0.260548627185939,0.0918273031348802,0.132511622612883,0.239974801983484,0.306504217820639,-0.0102827934415293,-0.217610330172408,0.0494732787685764,-0.451589033370158,0.318801629665633,-0.089294108096075,0.0320066220867218,-0.090665910356964,0.110737829940325,-0.0893944587372532,0.384406968236637,-0.075355068774093,-0.0954820051891684,-0.224034151831382,-0.211769081975716,-0.169279105727742,-0.17129048196194,-0.290015350110381,0.0198848479044704,0.099662994507499,0.127903945187462,0.818486870684837,0.767631628998113,0.462171857781467,0.480970326398258,0.391763345113614,-0.179386435671325,0.0595914032452438,0.655052171944825,0.716112477326312,0.57238717524696,-0.0277521457776596,0.1669614730548,0.221766866290229,0.27405070785711,0.114728333577555,-0.198747193513014,-0.271571005376056,0.235042180375204,-0.106479730838974,0.0565597199212096,0.192685451339759,0.0579466854618239,-0.169449099019034,0.042727186012852,-0.174055333386871,0.562966017853964,0.386824588588994,0.133764084596048,-0.213209428508218,-0.388770399071235,-0.218598220083298,-0.31022031913381,-0.293311814897124,-0.351224887531934,-0.146835367867674,-0.365107597863755,-0.025113592931966,0.0341580287041319,0.563758361322459,0.0105425714572827,-0.169513442222142,0.535935195318286,0.264862334518903,0.344987534885902,0.0758366555648952,0.200342784220192,-0.0593726808473995,0.246869822050999,0.031359637704209,-0.0106860499298727,-0.309626211180721,0.273122012800722,0.137542586808739,-0.304707110135815,-0.237266143214446,-0.219021055780412,-0.0123598620717601,-0.309995745425359,-0.310688190325063,0.27182710560666,0.171776410426818,0.24359738671864,0.428542111097444,0.0165748379913948,-0.353261784435533,-0.218094971937711,-0.292822037383706,-0.010307454712288,0.0323371432889095,0.468811524461582,-0.00156103215413476,0.253271204836408,0.17146624084287,0.123255515410784,0.173111664254226,-0.197321523052127,-0.519873951561702,-0.342686568957032,-0.157386535639693,-0.22149452425178,-0.252843234538963
0.32122053013468,0.49650728347622,1,0.422368606451771,0.215153662623485,-0.351444182324457,0.715671209867895,-0.08358912184905,-0.199299017135863,0.598796419339294,0.200588368298738,0.377574797989073,0.444450298369932,0.180618611451319,0.196241418169404,-0.0553992384920686,0.124826787181757,0.246565971946714,-0.38452800460339,0.253103860180013,0.195662043354997,0.159026292868395,0.291962475980791,0.28893902739397,0.0815028885704407,0.815774140428462,0.313208993371067,0.294426735696151,0.484790696606754,0.449004731244185,0.500816382588543,0.213387207940803,0.23274120488587,-0.104528081188921,0.302540234128969,0.257789044249876,0.379651719817955,0.46713130048123,0.198133648486387,0.354497207907341,0.278453722545804,0.209165033156945,0.538595362734113,0.118899612124277,0.131209956576717,0.232153654559661,0.0596918789999605,-0.0676843696634248,-0.452037317238334,-0.197372337181536,0.161571688458944,-0.0327216820225649,0.0176547757963217,-0.393983353232904,-0.0862253325462457,-0.486490773603016,-0.240900084372048,-0.155178429592618,0.326423291401067,0.244792535727766,-0.346230802999278,-0.154467820955521,0.0270330601225639,0.230081997386164,0.337321203566941,-0.36536125855252,-0.538177749744133,-0.248972260948313,-0.573704669246549,-0.392563497661391,-0.291804429762515,-0.465233901986538,-0.564638262225731,-0.159087872648173,-0.471017867056341,-0.473246690853918,-0.294180327410931,-0.317820328208743,-0.576563943571744,-0.371037936385196,-0.577052796311985,-0.172201767474159,0.399692045373107,-0.0721038704232914,0.679358505711321,0.532964809850543,0.645073021960366,0.126434116518944,0.0742967876225933,-0.359331391379924,0.202883997173561,0.465641861992347,0.227084446464697,0.491686674798613,-0.0611039109358614,0.245125936411466,-0.341566605565683,0.285732150914424,0.0646325860369533,-0.0973665402900131,-0.484363759570708,0.0459872601229512,0.572019881259658,-0.140548991965541,0.25384039953269,-0.113601533683664,0.356049383153268,0.526721734725725,0.310077098052334,0.199045097299188,0.0972936248708543,0.681340614647936,0.498584155326968,0.293635515466991,0.427622428039886,0.417871259847219,0.411451943228499,0.406660935703132,0.4625435910532,0.292504716308427,0.467672723396251,0.438326532380859,0.467992924663103,0.563551237307684,0.430846723586083,0.261593228074902,0.245750930878695,0.369248493057336,0.530275256768748,0.278432923585499,0.369825164462739,0.377433450958539,0.410297100772795,0.161843917433362,-0.0565171568011376,-0.119170290251322,-0.0702714426236943,-0.301663609577606,0.0361987226284534,-0.180480614432568,0.208484112317002,-0.366215147536983,0.00327312832886744,0.155689255732953,0.0126171741439431,0.307442933120954,0.140241898979044,-0.26746318914288,0.11961112299264,-0.248470008819915,-0.630480929649632,-0.418644874018129,-0.479589879469161,0.0803156834978776,0.0369297806713908,0.102408799931494,0.0241920904830437,-0.367086444132849,-0.107479059362628,-0.720376658036516,-0.361280977466519,-0.173723216303103,-0.240176648886037,-0.552194697822814,-0.323079943791241
0.616106547418542,0.759782222495418,0.422368606451771,1,0.664808401836414,0.016340612685885,-0.0405072258456292,0.207464605254331,0.178709989656921,0.467391619987087,0.716928294918908,0.849681078832717,0.686555565409931,0.274961538643868,0.186617118103299,0.257989293237772,-0.078393889887983,0.142407265600574,-0.130084399486931,0.217964652984357,0.528313676570918,0.0486641848724867,-0.27826124944528,-0.148682673384634,0.398907305081612,0.311418513540469,-0.254871376601159,-0.163113698096166,-0.247583080484332,-0.253696665175051,-0.0600695891371147,-0.354907037922996,-0.207743399756713,-0.107197124986827,-0.0319631387436615,-0.333263670643728,0.480755021048961,0.0589139138493776,-0.132082659675533,0.0642939888071849,0.389513765751781,0.028128594880531,0.136234994742025,-0.0292102480640493,0.400255742493059,-0.0326483815591371,0.238002359278875,0.387518946585817,-0.33111502706572,-0.400101761226294,-0.480393788439397,-0.019249630748644,-0.427382295305836,-0.14432013152931,-0.226017657612943,-0.465090028418084,-0.297707066677207,0.212693085569027,0.304512286020532,0.128243507649889,0.0139762699123839,0.232979178176842,0.101604879888763,-0.0313779279053285,-0.0677846212731217,-0.123515760250975,-0.475700842559641,0.144685877522838,-0.078438230214763,-0.178324925774266,-0.288620404615058,0.0224747477432098,-0.155610379775522,0.306851192720694,-0.278278348253363,-0.231501095352535,-0.232837075240782,0.0194463665376461,-0.151768689859569,-0.383479111809641,-0.351308160346669,0.190693758994897,0.178754890925219,0.153567900766247,0.755440572891031,0.83848256462533,0.338671733388941,0.224290555787837,0.526327244075113,-0.0137053399459085,0.168378900885279,0.377216564464488,0.819789108690772,0.459998521146433,-0.0550611790677461,0.214955342864556,0.383621333061002,0.470886533026076,0.42741891628675,0.0118681470700341,-0.091759356020536,0.343562639251814,-0.180117487203407,0.355766497014734,0.504688015118989,0.0859709096455987,-0.215332114217323,-0.0723365790678973,0.0810175811687321,0.408001515542022,0.250831644295419,0.0141235559662472,-0.187292680202522,-0.366430811694782,-0.33640390925048,-0.371292882550361,-0.342773233328192,-0.474892336146403,0.0994883096013627,-0.30470593934955,-0.0815723106123307,-0.0331219756987291,0.466105022601882,0.180821346681352,-0.0433783368883564,0.496341222991454,-0.0386922542503398,0.308757217975997,0.0893828997096644,0.278527638963116,-0.0692984643157616,0.368486519001014,-0.00727310967134808,-0.199491516199331,-0.497382426326069,0.0864099830416092,0.0123040195187653,-0.42351981152723,-0.350271994212205,-0.310924595917195,-0.0634954898209898,-0.496037664024772,-0.418581476629904,0.372101731303725,0.176284125856259,0.160332412533651,0.314666295692147,-0.120781687007121,-0.402114942645996,-0.378089906308069,-0.464326866705015,0.071611289441155,-0.0627826332855704,0.377238449180638,-0.181962071118137,0.0872001856166982,0.117914930091192,0.0244809120943582,0.154134001652976,-0.268413407111258,-0.48261679332235,-0.428558316946254,0.0749673084386275,-0.274827242231924,-0.326713712722828
0.647760776934673,0.463742296174849,0.215153662623485,0.664808401836414,1,0.0971920727835342,-0.129449763441818,0.242293282186208,0.532728212466879,0.375287612004087,0.725064352915338,0.566785177976317,0.482642060220122,-0.107176659060792,0.236055443030501,0.171837742483975,0.061325839786416,0.210658234951147,-0.0571770199333536,0.0914856131445028,0.484622768311389,0.174574269657603,-0.189490747889793,-0.0927082838938887,0.388564600972577,0.199221604884675,-0.109172199235773,0.112037738009608,-0.23969402914546,-0.152219481516436,0.0865774921166122,-0.217381393979326,-0.115286402463847,-0.279721906944493,0.0453221498442681,-0.104879464212476,0.243791696795668,0.0328387495432378,-0.230237394807818,-0.294332762070076,0.260085784768457,0.195780844757336,0.0420664190411628,-0.165128602531037,0.201431226191583,0.178701745186269,0.0628916359535282,0.539329052498966,-0.354331774399931,-0.13810183017059,-0.235650198779649,-0.116396306710293,-0.396462114501062,-0.306092695334856,-0.0918347278878537,-0.287424285313998,-0.481973556736346,0.264016456752366,0.116809177723875,0.138415192552081,-0.0829001213525588,-0.043170374327158,-0.15404302810862,-0.0678474293716069,0.112485966754978,-0.250034263026702,-0.261104359461721,-0.166807716547571,-0.0833940790737335,-0.399061263193742,-0.493446894261983,-0.0535313139021119,-0.207993686316329,0.196506144482008,-0.207034667359232,-0.453517443982758,-0.205060006022894,0.394062598465839,-0.162636749138969,-0.377461420040352,-0.232172212367139,0.55913038004769,0.284622580547459,0.537413024096604,0.469195429310908,0.659878186784249,0.152502782063764,0.337963059074085,0.755261474158726,0.409287626207539,0.403983799055069,0.147236317812737,0.709313020158102,0.46093198310487,-0.18978108985541,0.0661060890310474,0.329951788556931,0.316955340828159,0.390252521314131,0.235942757644797,-0.0857982491038597,0.205128032738209,-0.255767201099334,0.337386371748183,0.498537351201486,0.204158455501237,-0.219514174112083,-0.141662280679278,0.00124183479684044,0.25883470060508,0.172794577246573,-0.086232468970339,-0.189230000268018,-0.303384222676076,-0.312790551393405,-0.238008680148378,-0.203326174212791,-0.385018121857755,0.0341215506768998,-0.192996143161083,-0.110014939568969,-0.0303273876342118,0.351108977752708,0.00932807814277117,-0.0582754196611489,0.364857953288298,-0.348088878533072,0.249031974019513,-0.231267651625355,0.155109929032529,-0.140677058392082,0.119432233856623,-0.104703482890241,-0.134421272545459,-0.228989737046166,-0.122488331371847,-0.204693258665674,-0.436276053945546,-0.239409436188998,-0.125070907699278,-0.128708166322305,-0.3883449148422,-0.431890264789511,0.421822754160293,0.023947596830185,0.135751852129157,0.088391799964901,-0.100450518368537,-0.100492121898911,-0.179979233225645,-0.320890171696448,0.120583989677958,-0.0556993337799052,0.118222492652902,-0.015724346263811,0.0678511981907775,-0.102062660634742,-0.0988988855826603,-0.0311275142376683,-0.200853445138942,-0.27972238565424,-0.386430651772177,0.425448537067971,-0.128657271460582,-0.161398224173666
0.2716084091616,0.151100000059054,-0.351444182324457,0.016340612685885,0.0971920727835342,1,-0.537487804628977,0.420540736554068,0.356851406345391,-0.161581137017582,0.423529460398178,0.11556309803859,0.333968714214663,-0.113252954378293,-0.425315545590093,-0.044411561280689,-0.388018446832227,-0.536198361754649,0.0373826019887691,-0.212237794797693,-0.22750508776546,-0.00808796188807159,-0.323577285002226,-0.22341588632351,0.0531620235052673,-0.315781907812489,-0.248006170294082,0.0388312379642931,-0.49471050770019,-0.345830560620768,-0.324201385627352,-0.368759796547821,-0.249888366452863,-0.0598605222909753,-0.237515505635309,-0.317917305010099,-0.39433990192513,-0.658566913771795,-0.454172784723019,-0.116434978104475,-0.324478349217568,-0.470787757510048,-0.570295983331383,-0.386233775661591,-0.115626812501778,-0.231474425085819,-0.2330123956854,-0.0288303042690755,0.345347128936128,0.268068441071738,-0.389405310415726,0.22123027616106,-0.01683650786162,0.268781007402088,-0.215703275465573,0.334748056004826,-0.0760073122727619,0.261699266635518,-0.448834628337686,-0.310204057830734,0.449227007007338,0.181169415489885,0.14929422772761,-0.416429588256269,-0.444781998606399,0.363999644195303,0.567898190961471,0.469990902611219,0.648591231149019,0.411737211695942,0.12734525674039,0.465272301034512,0.630293764069194,0.115193763513005,0.314430383423755,0.405195053937409,0.337301791449308,0.493948833745085,0.613304313244501,0.174656073976239,0.514119160885259,0.27568696563735,-0.107726273112457,0.310186583622835,-0.216737986136528,-0.0487621206503517,-0.348353408771384,0.472738563712191,0.384624308417778,0.53299110072771,0.166504004876118,-0.0582081721946702,0.245931531225195,0.230793714499127,0.00663175796751306,-0.389130258847239,0.295349497880316,-0.44134678756991,-0.237428112324778,0.0954764909669013,0.219642432050311,-0.08885870794283,-0.457311351165367,0.165936260242242,-0.240956401099155,0.308497960423746,-0.642979730753454,-0.493651358216743,-0.362887134272264,0.136528278096138,0.24014104239222,-0.367720814851577,-0.715382149362158,-0.437034634474367,-0.622416535953882,-0.425705944120784,-0.600617595816452,-0.365678150156056,-0.584178223527308,-0.4491828595736,-0.466847868518702,-0.654706936543631,-0.188600289427149,-0.64144255882635,-0.52499629008506,-0.0432361619165568,0.115699231569644,-0.498280462441656,-0.555315317223921,-0.372855274452219,-0.628331602538242,-0.506509061900865,-0.634055188984922,-0.466500330671045,0.210518531229691,0.156575844646433,-0.0884843417667785,-0.122317635656608,-0.493003545637913,-0.0768754055204759,-0.540047338178597,-0.118229046458645,-0.515985961145822,0.0612281674270612,-0.353616331467765,-0.406933065253797,-0.280727340923625,-0.114271790865558,-0.224849090507338,-0.0537136370011975,0.487513878392602,0.316799321008615,0.553297011753132,0.391409259363378,-0.119554678829189,-0.301853808611065,-0.145124693670252,0.188512150594698,0.150152325147748,0.449621232393122,0.0105171678585081,-0.206677220301096,0.466386859183262,0.572919708029041,0.0869355892726693
0.0244532537095039,0.025121019257549,0.715671209867895,-0.0405072258456292,-0.129449763441818,-0.537487804628977,1,-0.287605640482811,-0.148732226203962,0.485324261619878,-0.155884532005633,-0.0479005079826689,0.0240101790254207,0.155314647649766,0.327644565365593,0.0279186398473565,0.363351560309602,0.380352540852856,-0.251646433621653,0.265078157243863,0.0714794478531802,0.152806422377282,0.676947567088322,0.430429112748853,-0.104192963713043,0.551644353127229,0.401038439015357,0.235338129072636,0.710633510126157,0.713957791640668,0.696467807723597,0.448407063069689,0.512774935460782,-0.0514197201294893,0.312005339996185,0.467403968522593,0.309633702916557,0.629221648960339,0.195443344743376,0.379929100073383,0.0266085461371944,0.402864193406655,0.415009055188613,0.0868833020293789,-0.130034733891307,0.358129142430971,-0.0464079164546132,-0.286496473181944,-0.222367537061388,-0.0690807728909056,0.393085664114518,-0.152018229030124,0.196022668817078,-0.315429912415307,0.027405752514572,-0.388432871389562,-0.0692991352815241,-0.178465000820709,0.348245983728732,0.284255701755854,-0.365002900494917,-0.202834136859107,0.0871197364156089,0.411127354024638,0.559163634391669,-0.24630294323471,-0.332872089851254,-0.40421244185853,-0.538942765863888,-0.346541048018792,-0.133118325711942,-0.4597813809078,-0.512125717989509,-0.334656688580251,-0.412948407591976,-0.359979747967288,-0.218351085338233,-0.387141985076431,-0.520225776360741,-0.0136471252813873,-0.401997373351778,-0.431675845659544,0.283441252391278,-0.210360111217801,0.345091964893743,0.0491382850483175,0.50711924604503,-0.0811438422930382,-0.284491050241119,-0.329426854685138,0.18203765790945,0.320286440471329,-0.173246104888601,0.220110367354452,0.304805516007409,0.37007882252639,-0.523075213982909,0.233570694249875,-0.156522546041023,-0.163219190649249,-0.468521118176521,0.119768228761291,0.750458717414373,-0.324236107914083,0.0948855804399371,-0.343144958731376,0.584567684865907,0.565263179170298,0.402041304934137,-0.103319100688234,-0.079969854211187,0.552359365848315,0.740921955487,0.662982513322922,0.625864371682992,0.705066618845748,0.621850550529166,0.598956129377268,0.483009939947687,0.390167819973619,0.394182381472192,0.440357134173851,0.211972784382286,0.682727606264751,0.5400513157746,0.0108866987228439,0.335530785219774,0.228188219376838,0.607135296254297,0.177122472017607,0.517772435581312,0.150619225205778,0.439568849052016,0.282464783045452,0.0225183924296342,-0.167765261977909,-0.184936969500989,-0.119978989775926,0.16239316176282,-0.144634184159174,0.221411986603765,-0.108772144889988,0.182532757857989,0.0553966541100273,0.112452808088189,0.301298404439862,0.0202638114604649,-0.338566388541294,0.273872457990841,-0.111238467329376,-0.429919559450575,-0.525947031457461,-0.497786628819279,-0.190353488165659,0.290436217301652,0.130376807389616,-0.198554796188758,-0.291949259092394,-0.144220857516063,-0.596242933753423,-0.154885901571243,0.0332971976383811,-0.329586339859297,-0.397646531569561,-0.150013197111918
0.180663723482602,0.511172249577868,-0.08358912184905,0.207464605254331,0.242293282186208,0.420540736554068,-0.287605640482811,1,0.0503270725493069,0.391750611250925,0.442012201952412,0.477196973248831,0.498858316140441,0.136736938302449,0.00971090380924017,0.159453640309823,-0.179121350149983,-0.323431743868697,-0.0829067270873935,-0.182301126204494,-0.114140601649154,0.154081757630864,-0.391608229627129,-0.372541697601437,0.30458250665803,-0.1504248211566,-0.370188546962181,-0.3705116405132,-0.418822602308299,-0.333747228802642,-0.201683396789637,-0.312958974289183,-0.330985647349716,-0.361591879705688,-0.270581535588122,-0.40968129887596,0.0375536031688014,-0.416439582614474,-0.19006516893574,-0.0688831876141941,0.116956202908181,-0.352737439072523,-0.218526022540936,-0.17183062692227,0.120978267046914,-0.294704301103139,-0.249877736375855,0.175500999265774,0.0615062769411033,-0.105164321831628,-0.360637616191362,-0.147815613245466,-0.190761004447262,0.154032252634546,-0.191502766296379,-0.0655293007889533,-0.226793134629461,0.167048637682425,0.0293626439551592,0.0320697099057551,0.166322421064255,0.228269163702683,0.0906591102379189,-0.094992077084876,-0.36674982349118,0.0470688046479204,0.00612824187132259,0.170173577804149,0.324269765490393,0.0121753412644159,-0.152941923403148,0.362040518852709,0.23455653739863,0.360156709496021,0.00660215430205873,0.0500811464512252,0.00498647432247916,0.0544200965465424,0.215934013429397,0.23002610463877,0.0602355185569031,0.204795684661997,-0.101376862589843,0.107937742743354,0.261779500302794,0.262952695906638,0.264574604891552,0.681894288083375,0.313152273514914,0.102359421859204,-0.025792952145478,0.466034490097445,0.431257390957335,0.231583495164877,-0.102005790063259,-0.11532090425062,0.264148855119439,0.0369953466826663,0.043395433157328,-0.00642102158282043,-0.0602299022249338,-0.0208922412621641,-0.259965462580643,0.10647149212356,-0.0454991750673648,0.216473036051975,-0.0939742144770247,0.0239029084131813,-0.28478936931722,0.43796547579437,0.396503603107997,-0.0955914137332007,-0.315184712750064,-0.468811884684672,-0.337220817838951,-0.405572374751849,-0.316463355750961,-0.378204387161369,-0.352426387911466,-0.384181698300571,-0.166115907706773,-0.194028853953278,0.158182903514382,-0.280121898715549,-0.32444389572003,0.250941009033955,-0.00556749957780087,0.0639216929855119,-0.307951859272756,0.00463195018672622,-0.170430851423791,-0.034723505540957,-0.177650564662181,-0.0189067344369636,-0.041327513390661,0.0721834910962785,-0.0509998410186305,-0.201493615572524,-0.132996900015302,-0.199436662008296,-0.0819565744059995,-0.0637471878558617,-0.195632634318062,0.180881864143998,0.139344390733472,0.0225027714187187,0.246429906806875,0.145145641712347,-0.226533338946995,-0.0229747719963557,0.200025724828277,0.0821217446376236,0.0869463104787032,0.165956717691659,-0.121896023961419,-0.0416837975121443,-0.0861777917398131,0.375883106748153,0.157153078317714,0.181467487736568,-0.0585778016462293,-0.196054118797066,0.00708296348048116,0.236969828064189,-0.00468249032484786
0.496921206214675,-0.0678292827071518,-0.199299017135863,0.178709989656921,0.532728212466879,0.356851406345391,-0.148732226203962,0.0503270725493069,1,0.083498533302218,0.509045219905971,0.115485530575705,0.138797810417093,-0.214053054130757,0.16516404353355,0.302496163060099,0.235334739680819,0.255272701440562,0.0119152974106404,0.0462184025459373,0.261354880714721,0.0765301824230452,0.171309395807548,0.09022985848385,0.0670568394944398,-0.276256076721415,-0.165415018957778,0.156173911255874,-0.230253084015821,-0.0726828682719046,0.183892278871157,-0.0435360168132062,0.205194233961446,-0.0724306836533476,-0.047348096358698,-0.116841445834828,-0.0813821436332758,0.013144407273972,-0.375529076091444,-0.356430886713741,-0.117786214350294,0.366266053188485,-0.268807875252604,-0.297248343505908,-0.100879822717527,0.359866518943879,-0.069500406567324,0.277414501412069,-0.0468148367422404,0.0905513841429215,-0.19973294201689,-0.39175064537758,-0.325967772168959,-0.203202568832919,-0.19359835262604,-0.089792653068492,-0.435037205078225,0.356101876785073,-0.0641813899075813,0.00411259425879857,0.0326003651316496,-0.0644759205291497,-0.278557721342856,-0.044049847751081,0.237922389728344,-0.0153717915858299,0.216921843866236,-0.138670422208927,0.295522821383423,-0.220246674600228,-0.242675788945949,0.00424394320169272,0.112184883470475,-0.000213207337099328,-0.0021474009483721,-0.16561189616107,-0.0178241614217509,0.636483317803,0.149173366983207,-0.179102605140942,0.167396028024824,0.370157756312943,0.204573382262085,0.497069331556367,-0.0586015272080992,0.153437103803418,-0.2918388719169,0.147356120115148,0.48864364403898,0.86186594809447,0.671368334624389,-0.184785687757311,0.467805105475886,0.313142121047829,0.114681580872483,-0.0276097116587478,0.264487279545818,0.11498238940705,0.150574694157485,0.205551091818999,-0.0638045055971691,0.359213606838361,-0.350222430710182,0.213254856854439,0.252235756578756,0.0952742749333446,-0.28627492196606,-0.364305289996076,-0.0140053626569892,-0.154932865951914,-0.183273639099579,-0.458492437111441,-0.229810788385162,-0.107892907872178,-0.454396914175606,-0.227771048861902,-0.201422926622841,-0.322252015569303,-0.0709731516617163,-0.259538012636509,-0.435728812093966,-0.28454816970915,0.0331282653002228,-0.0823036803783824,-0.111646333363088,0.00901662843376484,-0.250515964591095,-0.151567708609018,-0.216571312946782,-0.022324494161634,-0.236043445017592,-0.236634667936282,-0.27256764878078,-0.252270930070658,-0.0654762378329494,-0.214497952693694,-0.53393006644593,-0.387466947793973,-0.402203345554579,-0.0133677412050809,-0.379117676703473,-0.277218559519948,-0.457009863827225,0.422026799912493,-0.090641656304143,-0.15009799979872,-0.232915513814487,-0.151625133933543,0.0415544065693941,0.065783829201865,0.0806240493716863,0.273597536330102,0.067046802404564,-0.0761143886242317,0.158621620355715,-0.0545242903566054,-0.326135005882142,0.0399528762196277,0.0210098849946073,0.0929204647713701,0.00323815325932793,-0.333587066210484,0.65882726343717,0.292781433835459,0.0774609803597413
0.432860868170856,0.625748237804046,0.598796419339294,0.467391619987087,0.375287612004087,-0.161581137017582,0.485324261619878,0.391750611250925,0.083498533302218,1,0.361846028705415,0.600960459572994,0.609543373066215,0.483217710969945,0.457061246697213,0.363712761071051,0.160565743817729,0.0330453294234377,-0.416968926239531,0.0800214682889947,0.147619918300003,0.108576976182629,0.0869070961054322,-0.0900863253305519,0.160066735983771,0.289700320893574,-0.0652940742181281,-0.210672296372501,0.031572944628355,0.0800670111545601,0.3860611164294,0.0309626188298701,0.0366644360962599,-0.320316073642126,-0.0758579900709371,-0.224904243293745,0.515565367327241,0.191485554530426,0.0938603541236923,0.282268791661076,0.254308269232739,0.0815336350064077,0.241649646161524,-0.0522263478897555,-0.000647880579163189,0.131939807647037,-0.212418634165358,-0.112583753736996,-0.27167144658403,-0.329593448969259,-0.153013396136874,-0.32711879959522,-0.0426148008792412,-0.296172459684684,-0.173160892649648,-0.543966463741465,-0.30284653668248,-0.099716622964207,0.351788484919284,0.166363743455095,-0.0404231151327772,0.159099250339489,0.273253509828422,0.43391046637885,0.112111885884664,-0.101984134965196,-0.54102288531613,-0.126284329878585,-0.311193751422863,-0.171429567231118,-0.135714666364828,-0.309388244033237,-0.412939126295669,-0.0379262862883753,-0.365112212538225,-0.321781605179552,-0.401733263508585,-0.303453164589217,-0.48059458161087,-0.166975884642897,-0.538064740286443,-0.169076828957333,0.236047994201133,-0.0285411106827761,0.770662348459961,0.598787919132501,0.752590232076099,0.47570424250814,0.148353486045131,-0.0381582889698633,0.372744417705502,0.850296138517929,0.459764339673111,0.593313810160762,0.183137466029442,0.374667320699372,-0.110515890022979,0.418987953928427,0.178498503725162,-0.199250894186316,-0.535905534938052,0.224994879186573,0.184516336660833,-0.0978353470559912,0.155685236527415,-0.029520082000083,0.232867479511648,0.401479193429053,-0.00957148467345047,0.310862923261774,0.279555187424314,0.224761376085093,0.200203048406413,-0.150871972695991,0.0579043153737356,-0.0122401137278413,0.0653315563085762,-0.0813035604963179,0.118749036963315,-0.18826164912837,0.0451705760467324,0.270854497516692,0.532098979483029,0.29289177132296,0.0811908740404481,0.332274985058617,0.303039010002559,0.353997458378817,0.329582101968127,0.150506791257148,0.267479487276519,0.139668286863598,0.302383550780722,0.304156188450408,-0.242056880945365,-0.0535632470485176,-0.0517542118184968,-0.279181723540604,0.0244689829901176,-0.169561383478299,0.195471793543566,-0.212869210808442,-0.0120276083621835,0.223858201115461,0.26162131875161,0.188901670227673,0.217750746484825,-0.0874930177609261,-0.0608207859121466,-0.209866495122253,-0.439961861880245,-0.176484660101008,-0.364816629153351,0.10812175590048,0.362797566610822,0.389972562784431,0.00599952518785529,-0.0251191109820692,-0.161989917697342,-0.507948959113375,-0.408158261788587,-0.234019854721795,-0.23362607655059,-0.39572939101997,-0.360708680707482
0.731382687026537,0.620997827652912,0.200588368298738,0.716928294918908,0.725064352915338,0.423529460398178,-0.155884532005633,0.442012201952412,0.509045219905971,0.361846028705415,1,0.736894858645668,0.707575812893393,0.0487796393455691,0.0230381354133403,0.226619835717362,-0.0871163803147343,0.0415596643100265,-0.0361102884495572,0.217150705893064,0.387281987023432,0.278239640531791,-0.129237521836216,0.0102025736300378,0.438927376297116,0.128846766953093,-0.239184952671019,0.00988037208836635,-0.324607634550129,-0.146505625506325,-0.0582042974371365,-0.442434734968024,-0.113475633850066,-0.135906211625804,-0.0565785038531137,-0.242335917452289,0.18317222333335,-0.175643185247979,-0.438253572041382,-0.112487366772805,0.0462840009535411,0.0167878792389066,-0.186438758879905,-0.331525767875876,0.176388198110267,-0.015027512040542,0.0613092814138488,0.413174036279135,-0.177131107100269,-0.130439988790434,-0.521766886073278,-0.0317772136736879,-0.377828414707799,-0.111439713301973,-0.378792490453786,-0.283527146018932,-0.437920329223892,0.376152482464687,0.0802512306432965,-0.0711587554194424,0.129967845486937,0.199959843395463,0.000481272051770547,-0.237349446906806,-0.139282893544732,-0.0536937076165586,-0.0539636311188941,0.121657534427996,0.218870349803856,-0.166024296135692,-0.400356377940121,0.176927157960808,0.133187682021114,0.242466596843778,-0.196573411516687,-0.150490719318218,-0.0828623538713085,0.398791369039006,0.160973979126193,-0.198076160734182,-0.0726375766049431,0.383022413136755,0.287894427813459,0.472082040886535,0.49667952260202,0.651812361341868,0.107801118017174,0.464477533981798,0.799233204259409,0.348636073365513,0.394343206829244,0.223613858054564,0.869451291170888,0.562542276846101,-0.05667767365551,0.0197193080250415,0.423265765004008,0.205916422433249,0.214729734020082,0.223383033504539,-0.0121484852063615,0.227620431293528,-0.257025052279556,0.410323640177987,0.409190209626941,0.246911602083361,-0.423783826837086,-0.248011550912603,0.0114248429600613,0.371735580756028,0.331419801881739,-0.0468490824702357,-0.407394435049071,-0.311410259904599,-0.523530484427249,-0.336330015478789,-0.424009586398589,-0.436491030234364,-0.0986521279501414,-0.32346673609869,-0.261840993856823,-0.351459631889356,0.212691841612048,-0.0893332487947247,-0.149370869078379,0.430853800701865,-0.0869610477007692,-0.0246436671838647,-0.232776104048761,0.0462077231558793,-0.345851114845895,0.0185203533474739,-0.366288469507296,-0.40795101740135,-0.136392124667839,-0.0461605397199541,-0.18600054276483,-0.442621875739351,-0.534201528258926,-0.257604969462509,-0.373845365551347,-0.450783196142529,-0.61450140291725,0.480092530235142,-0.00974419731261563,-0.082542730085012,0.0476415381479169,-0.236313753640953,-0.350650330696953,-0.264947707931158,-0.0751673659045477,0.145223891046199,0.191575050498178,0.325946836499919,-0.137169891121249,-0.15480441522658,-0.247576120736257,0.088455171445218,0.227773874001208,0.0205886769801584,-0.2703957348571,-0.435977165893744,0.438717462221599,0.177241375170252,-0.174807541818882
0.624722114951043,0.878916370598208,0.377574797989073,0.849681078832717,0.566785177976317,0.11556309803859,-0.0479005079826689,0.477196973248831,0.115485530575705,0.600960459572994,0.736894858645668,1,0.815160002961443,0.439133247450718,0.253774133073526,0.292886576515023,-0.251180325632142,0.0228572022376473,-0.245814402482542,0.141956142293725,0.344625835915838,0.0710564201697153,-0.293085495825371,-0.243790626999358,0.327306587543071,0.250220872762635,-0.242582043294901,-0.328919290426636,-0.272940447879998,-0.250871419120245,-0.0823092313154803,-0.394040694183251,-0.220288096535266,-0.197809522009854,-0.21168019542742,-0.451347323859235,0.559583277038649,-0.0152199377711794,-0.0535025355095735,0.128386226104801,0.344744212420248,-0.157788575212192,0.0745966677011027,-0.0805955964844862,0.324658577408316,-0.118540484729331,0.0352494760234448,0.228730885977739,-0.240955224568036,-0.385837657847319,-0.530345818487851,-0.0396718317157515,-0.355707520526334,-0.108717459373284,-0.26822700614096,-0.388454199187435,-0.272267961124592,0.205779294979097,0.373524120881423,0.00572309483859109,0.104977872488158,0.3865980412608,0.261372266461806,0.112048127635602,-0.17804407765087,0.0141163434900807,-0.436046240562358,0.209123637617565,0.0457211600935882,-0.0469907601011607,-0.191645892056678,0.101272671830758,-0.0488270262109574,0.380033372472101,-0.197965939608016,-0.133072544719392,-0.28805600019018,-0.0588959647808949,-0.10817438276623,-0.170112308828734,-0.35208225539797,0.136774001341895,0.0654924782619003,0.110671063537441,0.812287806788742,0.836871296063208,0.395324095748055,0.486454026471981,0.495755531778136,-0.0412595309055709,0.21213169611695,0.554203176004879,0.888599536079989,0.497601788437925,-0.0716976450772584,0.324546756620557,0.294565080023173,0.490193307480615,0.269805577642957,-0.135058031768545,-0.222609584610518,0.331545349701644,-0.161001095837215,0.222500681352048,0.338747721575091,0.155121748858091,-0.189850399336466,0.0419442403271713,-0.0877814082380003,0.588334653805105,0.38161625826061,0.0233650110485632,-0.205362426386365,-0.415113218652053,-0.357333349053863,-0.410525191303439,-0.352012524995146,-0.472552033455449,-0.0183610772025195,-0.42599404369196,-0.101506201468825,-0.0172920761482327,0.497468986907068,0.139147904346112,-0.0843498689439389,0.594988531448431,0.0995926305326099,0.302696316206725,0.0673448142616292,0.219920462450156,-0.0247796767686985,0.30275258929548,0.0616532721971517,-0.0847610924979479,-0.36938839955794,0.0682954284027268,0.0634254022926628,-0.393750061871882,-0.283986658756523,-0.262324006822142,0.00111728288575718,-0.460726971173391,-0.381259249367581,0.386283815434491,0.328819433053855,0.15643880052879,0.383479905095258,-0.0273122953527539,-0.429310698903148,-0.271767472064567,-0.341157138119908,0.063761605980243,0.0132853092152372,0.385343728488907,-0.0152832646854095,0.225301003220676,0.0853921734213846,0.137129089721735,0.187398864483426,-0.145109270396568,-0.492717026105632,-0.421359275546352,-0.019190267692521,-0.160320998903921,-0.2993664587017
0.692523561631457,0.87471859617499,0.444450298369932,0.686555565409931,0.482642060220122,0.333968714214663,0.0240101790254207,0.498858316140441,0.138797810417093,0.609543373066215,0.707575812893393,0.815160002961443,1,0.336904827794663,0.114438884084055,0.226963405071215,-0.2851377320554,-0.216436850728649,-0.242080366958922,0.147485980370236,0.105327726794032,0.135456659658495,-0.246314985112402,-0.0844549293721112,0.309114782608085,0.286718203109543,-0.266407335366838,-0.0735945893159813,-0.236207242343532,-0.18567103716347,0.0446938306364434,-0.396640421286078,-0.12845218774225,-0.112180835601991,-0.0543226597932739,-0.295288136626908,0.383778032289114,-0.259747023586185,-0.181696105555269,0.208598942977167,0.136147463328872,-0.269730499403669,-0.102057617183144,-0.241383826343103,0.114277370696877,-0.202821828377948,-0.0465044313288845,0.0729075850969868,-0.168369065337291,-0.2354819030809,-0.491954969217862,0.0877725157625057,-0.181786924184109,-0.0692215774031069,-0.323606538801684,-0.312890173499251,-0.312818273217617,-0.0631919176396127,0.0301240910867243,-0.0949590559244724,0.107472359121927,0.236696600130996,0.24419564652193,0.00657006857106932,-0.300237866899713,-0.00762014652957722,-0.304110207745839,0.279112906505179,0.0479452986919244,0.0255462263935012,-0.155412158251001,0.0293833506616553,0.0302266028043563,0.196125265112428,-0.144930132866492,-0.0617182623140252,-0.132995555190628,-0.0643877799658682,-0.0888901497795218,-0.238074851027006,-0.319248008335044,0.0404716654170606,0.182674818759532,0.247534812756643,0.694208395520224,0.720685431830914,0.283205636342506,0.571064497568168,0.503777692096494,0.0582980498297466,0.223350511285042,0.6278753162674,0.713712074191388,0.775662927800592,0.0487723858157154,0.192078922129385,0.248989316138514,0.247947329335264,-0.0199183795335161,-0.0434300673501867,-0.205886812307289,0.143615765264763,-0.00617861704810117,0.186214160599249,0.135963836979822,0.274550163283474,-0.304654952314187,0.0626198568806713,-0.0925153408992394,0.622670262980764,0.485306293043267,0.102882997221202,-0.296933190212292,-0.311044994779662,-0.275510171023491,-0.223391733773938,-0.343910480322683,-0.264358812267207,-0.132290689545254,-0.257497410244598,-0.00988468180541793,-0.108859189432382,0.555321802243555,-0.0555078177748977,-0.0544474463929669,0.473514007344083,0.190031013041962,0.161856307341046,-0.0506608214734319,0.00789380118561186,-0.206460592588568,0.0936298480910887,-0.150603659412644,-0.195678515462366,-0.160415651744044,0.0828021080382581,-0.0585826715441344,-0.383987353929076,-0.338225763073908,-0.217093879803433,-0.192775266041642,-0.414164977465577,-0.439662682138311,0.122630496625537,-0.0761487475784989,0.0453129770064764,0.183207732708338,-0.0852748190742671,-0.319578037393877,-0.396607711418267,-0.220655391391858,-0.0382241748021202,0.0649102727419434,0.461598266381133,-0.0778490066883665,0.153828754106655,-0.0499298025846124,0.0385689645458424,0.209140870558742,-0.194883146709117,-0.431973743350745,-0.380284549981003,0.00589241157839921,-0.159869236321472,-0.370531181329856
