1,0.568688847279296,0.474207773068694,0.673573522508048,0.151838074859468,-0.438359217441809,0.294501541580696,-0.3597666708257,0.128478635801341,0.500380602096284,0.543649726113364,-0.312838166861498,0.577446418930069,0.497001400411248,0.26105720234939,0.323599838271972,0.165619814679739,0.232596952123128,0.235013768350075,0.381212899711612,0.321534431301554,0.194601648047809,0.26568417395737,0.403226792069019,0.444819588757459,0.62848062732108,0.357925025002243,0.728484876641911,0.0372554247298625,0.197964686560643,0.211076202393459,-0.436324831273806,0.378497912041331,0.403598241005992,0.101462552798247,0.188215232774417,0.187209229002403,0.127093669699928,0.039746020191608,0.477812949419676,0.202656587571526,0.158839852912467,0.29151348681972,-0.0722217889523294,0.155068469654501,-0.0814670351440569,0.373330821484981,0.116177576302632,-0.320108071095993,-0.00966643895347652,0.0223002199397522,0.000842809925819957,0.1171243031083,-0.25395526246465,0.0340088188190617,-0.178067190482003,0.0379794183877116,-0.431635526939866,-0.49543185312254,0.0599722386884779,0.072033604801841,-0.290677913527278,-0.32917364967821,-0.228047144954101,-0.455574436956239,-0.473591263428295,-0.40559138837543,0.000519125420898633,-0.336742256008888,0.135498363188216,0.147873561139256,-0.324391077755495,-0.379446088050928,-0.161403199919486,-0.174632098832184,-0.337837758071113,-0.38122599014907,-0.338339773275043,-0.57926965661197,-0.602300811190932,-0.547721284388343,-0.171418919679177,0.631232149295195,0.735655657010203,0.595995271355451,0.666833322240637,0.462976145446996,0.00192414007134986,0.405577695177442,-0.0717388941626214,0.342438188787427,0.419630168454563,0.572761703465008,0.730411280830985,0.267520812196851,0.219081213524045,0.354329626219253,0.316038232242951,0.0831194898896323,0.148840205658606,0.283362799484468,0.468589090665757,0.417576290155564,0.423532382631738,0.503146148353464,0.334033553784556,0.200849763710353,0.514529996392651,0.533846857224451,0.549602297527912,0.513659238869076,0.654013640687209,0.267602092781737,0.468684019132834,0.508322723567425,0.601877274860547,0.629352088257549,0.643416298793054,0.500754112921896,0.346795333614516,0.312253834829811,-0.170322831762566,0.0321062487330005,0.31735339221331,0.449958630064521,0.373203325494839,0.404914837459042,-0.0753121609500666,0.28098828341718,0.142579731401049,-0.283213133658508,0.225139233859692,-0.184730185779483,-0.208538968311039,0.432793837726117,-0.46459904907594,-0.173373297012418,-0.209067516454074,-0.00281961603978342,-0.00768850213821365,-0.096627034868213,-0.200481361281896,-0.09298582617178,-0.421405722986154,-0.575052748717534,0.261370370953625,-0.471453028354149,-0.520903357608989,0.338330842289648,-0.502924693201782,-0.348899323718989,-0.113395381776098,-0.253840692673609,-0.0683750865462341,-0.256298715837391,0.0370002647160052,0.191481411321341,-0.404918768241389,-0.268708126725113,-0.401874258983669,-0.32101331162977,-0.185544088026018,0.0509615774624389,-0.609286041053,-0.424607905938171
0.568688847279296,1,0.84532855393762,0.736253311727793,0.0365093167556813,-0.564864264216476,0.307717362305427,-0.461647307266037,-0.0686945108622156,0.585096563376979,0.526252457958621,-0.279973323993726,0.8714983315568,0.404069846504473,0.326562478707897,0.460670450870443,0.179826071615268,0.325389242084121,0.159176435738504,0.348548324919954,0.564772136363512,0.282174953158096,0.195670284800164,0.290086204916668,0.607285133874765,0.504501351949502,0.273896125519924,0.501648678319471,-0.14806482181174,0.0441587001896649,-0.0683085019159463,-0.661388091842661,0.0172488056709529,0.0745017406917357,-0.0617102215619506,-0.0168908490476171,0.271969908898795,0.116884818559465,0.196591434483416,0.492617281090432,0.0757358592413953,0.332314341446254,0.297411650280434,-0.126334548618128,-0.00588956079518347,-0.038383504250204,0.358122242039403,0.12402130210204,-0.287576555134535,-0.308767433880121,-0.26397017839018,0.229413121332795,0.127304697618597,-0.306539689655902,-0.0136555472841113,-0.118789073444378,-0.363639055950533,-0.520767007911589,-0.493421047193874,-0.111264174882858,0.184440309732401,-0.181959974112931,-0.183183166286586,-0.357364820914137,-0.460754829984205,-0.394451159696256,-0.620086439461027,0.148305184247975,-0.146148979040642,0.232147184822825,0.188529121889337,-0.193578613814777,-0.176909125559975,-0.1288137741304,-0.18242447382997,-0.572125594027411,-0.554191196355363,-0.422827109814938,-0.48060644244334,-0.439803119461201,-0.548517518115358,-0.395079670330181,0.53476715476271,0.237289557774154,0.895343611619221,0.785799181999646,0.852614754899035,-0.197011045334884,0.313469079877818,-0.293964491750894,0.310822507968009,0.778040635899267,0.31087495940593,0.7385122227717,0.410028212474569,0.355782826599362,0.399699189009478,0.511013638869072,-0.0149223675814784,0.181958445556566,0.289616628333389,0.499579078769021,0.350224888219333,0.581378624107557,0.553735117246496,0.343172518901259,0.378694009098332,0.662378459416496,0.33205094287793,0.601149260354346,0.588781965612836,0.510124256558844,0.301964784568492,0.317320726869105,0.169157307682706,0.440913117917721,0.522923163192914,0.316345903827172,0.298879923868722,-0.102566848260457,0.216645306370571,-0.195649025682254,0.0840867798209983,0.374759637012686,0.484388875475399,0.424921760884284,0.492336091876885,-0.0485084871443493,0.363035085895978,0.0676870779011289,-0.214498533730631,0.288558763248093,0.00417790815767114,-0.155933611551103,0.00392894979930257,-0.394442261559105,-0.0435215180185875,-0.270299387741236,0.0183613438679594,-0.119549612260974,-0.0220527272140707,-0.11019447004465,-0.0846503854475505,-0.502144730564811,-0.594633583292071,0.276486959008704,-0.407602967650099,-0.352822701291311,-0.0817284972402981,-0.504291734355307,-0.411624838933151,-0.00719284286940778,-0.136956208178057,0.0219935177005284,-0.0577126536402589,0.214829591038282,0.292343577728623,-0.346490210146924,-0.068470965322683,-0.21376980008225,-0.514021005929941,-0.512717501941538,-0.254655486270408,-0.533986532670053,-0.465308854443797
0.474207773068694,0.84532855393762,1,0.631629456324154,0.0677281165437518,-0.517077616147801,0.459554433421528,-0.348151096903475,-0.128446608315037,0.767745394583584,0.524836235775776,-0.287699849718939,0.853578873342714,0.492985374124891,0.460872568254772,0.510668990272417,0.22336664252858,0.312062782435936,0.239520388792149,0.317022461532799,0.490160930179034,0.218325653842307,0.0739431928133685,0.177282350648039,0.697043359481854,0.52835856749945,0.248915037734067,0.494800191033289,-0.362563801363014,-0.11236281921901,-0.175610103654597,-0.546471361446887,-0.0379385211358017,-0.00352345413060037,-0.150809552043929,-0.207402167520557,0.29331616736871,-0.0475476768125084,0.0121215430558149,0.305094658800288,-0.071808310294313,0.280087204316257,0.108409740399582,-0.135426313848725,-0.0351659554422731,-0.0550755730374433,0.27209742328493,0.215132346601194,-0.323189324719356,-0.37921540148315,-0.362927490809049,0.271162003307366,-0.0406409311728045,-0.230273747877751,-0.196711857549494,-0.298401120782983,-0.529121659882385,-0.421953307506018,-0.460271325459375,-0.172614795611191,0.193749270967598,0.0816565139035747,-0.0898200459601849,-0.336718455012308,-0.270151067019924,-0.280424974407226,-0.506544520426139,0.225700549841971,-0.0389820142483035,0.218925920625165,0.0519950966143456,0.00854953275152531,-0.0967939581880648,-0.0387703636400619,-0.333364180815324,-0.539098821348041,-0.44121131463692,-0.338126461976194,-0.334748291453564,-0.336047619968468,-0.383611674171884,-0.333369296217563,0.443158998390525,0.182871403378381,0.805893696904462,0.659933833060009,0.914378424357757,-0.236996001489554,0.396018534357835,-0.341339315127696,0.359378163440767,0.799345049616654,0.237369221079105,0.798031044881624,0.456325859140222,0.479665372761755,0.472719718762682,0.569798302454656,0.110736358984075,0.218402655940781,0.396425145668559,0.449573325183827,0.331242678706438,0.660859339996203,0.548741432639792,0.506991390571307,0.378827977818888,0.756209146035874,0.367332163855077,0.677237031449194,0.630085654596439,0.51885441808859,0.471878508384382,0.200273735055149,0.0805823781240737,0.416851791457015,0.518114576212076,0.321392299033411,0.238224928697793,-0.195126409002441,0.00277324220884008,-0.14988119901226,0.212459493047969,0.336731435324092,0.50952117006365,0.367294672005276,0.436052524032032,-0.181274686083956,0.250705557279102,0.0136866843518673,-0.247524949908285,0.302564991617652,-0.0953239096562441,-0.198330119325591,-0.0380230285915263,-0.404113017344531,-0.0858308672424695,-0.23525117056143,-0.147087559767521,-0.256390350956551,-0.0034930591772723,-0.168076277200037,-0.137127457934492,-0.432491061449354,-0.54851059866236,0.260844133931446,-0.347238271866774,-0.422056088029784,-0.0665528486692647,-0.379086286813738,-0.416828714104974,0.163322450590397,-0.128838965297365,0.198394473528923,0.0417373015179495,0.374243621903884,0.215384911524551,-0.152792704571275,0.122308134272983,-0.160137690151532,-0.416758586179534,-0.463706215933241,-0.265708628838665,-0.382755166984102,-0.299390090451566
0.673573522508048,0.736253311727793,0.631629456324154,1,0.108137008422124,-0.588711484623328,0.283847071189402,-0.278492062741063,0.235353483003863,0.385530443460747,0.632593064518277,-0.284337394687522,0.761296968277012,0.361206814736774,0.375397488497399,0.344791293003685,0.155826567087082,0.148700253656369,0.305850586496481,0.501717006770939,0.372623247827824,0.330315564907121,0.206331370197697,0.32969533995433,0.663453146944801,0.364501135990235,0.17531657261242,0.580408961446839,-0.0734578696159808,0.156181016470925,0.0365437099060234,-0.576957123075515,0.0581741610245806,0.103637761716153,0.11475840419894,0.0565400309176523,0.261576787956016,-0.0612375215431603,0.162441494830026,0.332857224668268,0.034373032518639,0.0296087817858231,0.253668668926321,-0.200987734892589,-0.0602154062970278,-0.305500334229737,0.456667283517422,0.0852207407325116,-0.199562087681349,-0.117083487432984,-0.125018924801543,0.190243696993298,0.190306689545046,-0.280013437983529,-0.0253486832806645,-0.0780652520556521,-0.171044649002797,-0.490988700095352,-0.557529889741489,-0.108201450216191,0.188397089283622,-0.225979118840495,-0.0300450051070471,-0.0546092056898791,-0.393253794754884,-0.397169056125213,-0.470525293810296,0.0188405318171323,-0.398254654354749,0.234315634720311,0.302007767196392,-0.349599828113382,-0.279854956361007,-0.279359676757432,-0.0715455643488126,-0.375465254609004,-0.372809530660814,-0.357323581013765,-0.551156017051647,-0.544863569413818,-0.538215036229038,-0.405132195817967,0.548967018646888,0.420608529704773,0.731370324417925,0.878229922690533,0.686058828766634,-0.149242481552284,0.44745574019841,-0.0647350355742508,0.511507615731543,0.677042709541751,0.530385862391617,0.732646260306271,0.325330842688652,0.383763490042813,0.475991565506322,0.369448485848312,0.0883190123226891,0.242660728821311,0.415374204483695,0.472456492909997,0.430311414103849,0.666821342185692,0.467589515698582,0.478157339134179,0.173353941953942,0.634915571658673,0.320161173570152,0.594211115025351,0.697351320423664,0.434144455532165,0.256859219777285,0.279493763240416,0.228100866121375,0.441263806543164,0.618190263601328,0.460060426491235,0.286980604483121,0.0894661515588528,0.144462628713792,-0.264718522586263,0.0511965802581289,0.132698594948072,0.478264031865023,0.347894319331226,0.354512478859719,-0.201996224568661,0.151428345428838,-0.105999388777897,-0.393961975874902,0.192493450264229,-0.0851293678375208,-0.0915444367949428,0.120705998688014,-0.46273247502082,0.0336970449807079,-0.179966178694818,0.0582471770547017,-0.0757422206013005,-0.176933525279235,-0.097451047386143,-0.115009229995373,-0.472836192143818,-0.619818712689394,0.258584510817501,-0.508728776640947,-0.302843718483288,-0.0273952630076761,-0.466278512534071,-0.28180778853417,-0.074182595306095,-0.0837097069249508,-0.016162433454327,-0.0523900026394126,0.265054596349631,0.191173357075352,-0.47983629140013,-0.295750446505113,-0.246065405036969,-0.379464021116759,-0.28074651120325,-0.0280396756063363,-0.589253511791685,-0.473548649493266
0.151838074859468,0.0365093167556813,0.0677281165437518,0.108137008422124,1,-0.0138484200455641,0.11103115145869,-0.110939503223125,0.0923778011781419,-0.0330756164107191,0.111431949693596,0.024663265371227,-0.00834452202263157,-0.155328357076234,-0.188912343286454,-0.0227306456367897,-0.110354548773739,-0.16376529065203,-0.0463564110663934,-0.262651741694671,-0.019987187818529,0.0413234353231648,-0.136751230820292,-0.253953612872697,-0.0360403470831867,-0.10489598377095,-0.294387828656068,-0.105137161392324,-0.248180653582038,-0.255883994622527,-0.189337310622607,0.209991868189118,-0.162599777924165,-0.205343062851553,-0.110082638872075,-0.387483625500346,-0.286517661616104,-0.36172918932148,-0.320830527981146,-0.238395000967513,-0.0545338036412457,-0.182726668121044,-0.41305251794448,0.224646853123686,0.0270151101624097,0.00595682599762566,-0.0815538948481071,0.163983228632276,-0.0248849412498227,0.0500285910616093,-0.131227702317827,-0.0542991932125391,-0.205924499049624,0.116573583554993,-0.222951504613489,-0.312968386430793,-0.165789898404889,0.271051733044273,0.181413694395315,0.113173847175247,-0.0289453697595728,0.0239228034412323,-0.0332507210717048,-0.0757562942866469,0.14093197011047,0.0862454959791631,0.0356195886983064,-0.0943808378103626,-0.00793578455536604,-0.167452934053838,-0.322598944634348,0.134435350312553,0.0908513859117976,0.17954668161176,-0.245384691556835,0.0209023693287175,-0.00347856377011754,0.368544779721999,0.208847033729757,0.177805600370205,0.193111766378933,0.132055750974903,-0.102559648918392,0.243852926382697,0.122599184376624,0.104864711274287,0.134834252551584,0.0707394988509555,0.418256630234197,0.223931890468933,-0.0338379746345927,0.146737758017619,0.265390596741262,0.0505562596293733,-0.27693475805624,-0.135355026171792,0.0660220333967607,-0.0148617002697077,-0.0598807381664608,-0.0455163569785614,-0.0737806684544029,-0.191918039180729,-0.143789335285669,-0.103472794875254,-0.0320944180627953,-0.156440045487461,-0.201203257333014,-0.0185096950806365,0.144333382274871,0.00352363851479378,-0.14322983873298,-0.108676705712007,0.110768396831024,-0.147785780440271,-0.171410040863521,-0.151672000837885,-0.115813465317382,-0.145860172878551,-0.240080166784084,-0.0366784054644295,-0.305863332183562,0.117731778095752,0.0174745411920461,-0.173761702054924,-0.251168058753028,-0.0595373810151358,-0.255276175232885,-0.165749233069097,-0.227413713029687,0.182401976974726,0.180964270322088,-0.0925621667847697,-0.120708375205669,0.0352778204345292,-0.114152535991772,-0.130512430682778,0.00587598576026584,0.157206024094139,-0.15747895123109,-0.0146191876108,0.193634233703021,0.00463991584052385,-0.0946244997608141,0.305628254846246,0.220932268595518,0.108263592582424,0.180891134137679,-0.149857024335708,0.0523541577197881,0.22703848736974,0.147066277498814,0.0468894375941449,0.012791993986892,0.00720580130474665,-0.0324662511894624,0.0129882625532655,-0.284267066553001,0.241447215737606,0.181514739240902,0.0867281664600639,0.244579807749971,0.173545163408795,0.317247329066576,0.278222160392325,0.238933555542668
-0.438359217441809,-0.564864264216476,-0.517077616147801,-0.588711484623328,-0.0138484200455641,1,-0.401937665215516,0.771165432528579,0.168080252342764,-0.392428104573648,-0.416068620609595,0.763583663174324,-0.483143763211785,-0.241564432040891,-0.169121967726922,-0.178317653398913,-0.0557253317340143,-0.0614152778449255,-0.119988513524457,-0.528169635840875,-0.343434971064009,-0.30135151968131,-0.246726284647693,-0.432353721416008,-0.51300987421935,-0.494579156727645,-0.179169970603226,-0.602971967679064,0.0657451876015889,-0.148410720850583,-0.221570270577233,0.374866513448649,-0.336372503865106,-0.331253444247011,-0.174873820590092,-0.200539608502766,-0.530665092729672,-0.102905867480663,-0.199774525142771,-0.38444579860153,-0.201523599741156,-0.244175253363836,-0.416122635688231,0.0227625451892636,-0.0898063719615332,-0.103542808591518,-0.52985321380576,-0.00293593685124246,0.245386565140171,0.121279490640191,0.0846824386887762,-0.0536930131604631,0.0596097715801307,0.218683984840055,-0.00563968752761229,0.0969860175744966,0.159268383675487,0.321760065799353,0.417551168205266,0.047876411541551,0.0878062732157432,0.220118803949081,0.263450652079774,0.232413770347818,0.404526777986834,0.436054564062226,0.49070545500242,0.0544924126277236,0.457912689303934,-0.167188075930558,-0.170549404459967,0.364103399536375,0.516885722127151,0.220327021369012,0.239983855368016,0.495126212216762,0.490219766221524,0.209342714247907,0.518897697724538,0.637571430616957,0.521556360953549,0.252484766472281,-0.340162526060915,-0.20728959245273,-0.574856947852151,-0.630439840501699,-0.557819318150893,0.672402300436864,-0.18580132498249,0.596063256367254,-0.209055829667645,-0.412568434060471,-0.0688728238460387,-0.62566683397581,-0.175487057244017,-0.187816668687947,-0.147020147140452,-0.138334175912944,-0.0103947567212767,-0.0330359481665487,-0.250650820741748,-0.405014269510126,-0.249156724141839,-0.498683939508234,-0.513659749651389,-0.259638799013593,-0.0529655856181582,-0.515327319569215,-0.517912916058893,-0.438823372146567,-0.540664178237706,-0.291109841758473,-0.395386499668882,-0.0983547142013055,-0.287912001184829,-0.287991365228131,-0.610633825105358,-0.477829023147415,-0.220581414106149,-0.244616899476077,-0.283541039997521,-0.0657109693404701,-0.39562295395237,-0.119725210237008,-0.567235088393626,-0.207564391021277,-0.171319248276684,-0.0964603865015107,-0.270097596312751,-0.100178712003749,0.14522232632141,-0.420766596968757,-0.123201325264381,0.0063668023354697,-0.249263104152591,0.337297610592276,0.204206610936336,0.146848578044348,-0.0260264034815897,-0.163190143824396,-0.0425175713439057,-0.0761838354770891,-0.208239381822106,0.327554372303399,0.459177031313478,-0.112130634778057,0.450669522855906,0.352503312908133,-0.135439446453227,0.37689411814818,0.284761118592988,0.00668199333504118,0.233481099811455,-0.310656087181982,-0.0270731524364893,-0.36905450721234,-0.437854260850182,0.41346051623247,0.134761800430599,0.434396435925322,0.295644839861551,0.232491365017147,0.16777306019826,0.508116836543316,0.254557533506889
0.294501541580696,0.307717362305427,0.459554433421528,0.283847071189402,0.11103115145869,-0.401937665215516,1,-0.149229788980211,-0.0653054014012699,0.446585495349868,0.537146729560216,-0.440981799797856,0.320524992330901,0.235120405292244,0.435713806890489,0.416112779842751,0.233548639142456,0.271717663738358,0.230209516368972,0.298450362541666,0.356928158705273,0.241086040461871,-0.0190520222067784,0.289920290754778,0.514418547768432,0.460412578155545,0.289023742255246,0.311765001608048,-0.212312805744504,-0.00915217830077122,-0.0824770364389258,-0.0547053434992781,0.0439499628267578,0.260326873529341,0.011202070488039,-0.0358671879736213,0.436722394866956,-0.0624107288089771,-0.172047344775069,0.0778274239068095,-0.22182874800887,0.130405880321922,0.121095640501727,-0.350914743304003,-0.00967127853282282,0.157360708922544,0.346955941773265,0.0780823538727712,-0.583849970864571,-0.278031074646683,-0.340410129868621,-0.0516973150851251,-0.330756692380401,-0.559770019147428,-0.30784436787723,-0.248690868594231,-0.206013697462169,-0.110664049293108,-0.26894400477037,-0.00762391416916351,-0.0670367011602636,0.282738053975719,-0.314085765708913,-0.157415151326909,0.179977309930953,-0.236710344665957,0.016784824783288,-0.088759109453983,0.0790014382662754,0.0895957526069772,-0.0562356328606179,-0.0549548123138753,-0.0941981918916807,-0.30322766113785,-0.419227815529384,-0.45852191697108,-0.0514267370508846,0.0502956590527681,-0.00988110830979067,-0.287256291094282,-0.174455385674319,0.0604456108950751,0.320141895226045,0.311577277422183,0.282185821849504,0.293787589967669,0.475106533238612,-0.244333068806796,0.33236982359064,-0.327812831413012,0.383785770517016,0.201259765754632,0.172433733213576,0.427755652773509,0.287844022341486,0.343765827107678,0.340735991330121,0.458629245516082,0.290115475908075,0.254977184956709,0.417080360782026,0.506064079624739,0.26554780875324,0.541816083128081,0.535574536546766,0.48708452159461,0.336548986277448,0.421329193987797,0.491909678651523,0.595863264183819,0.50594177835007,0.268131864926162,0.796908237753431,0.112804648547958,0.0159466252797249,0.342147448470629,0.130112398223444,0.128289710535836,0.266478617168602,0.0140053991959818,-0.0637623833027974,0.234289229558775,0.405701863059902,0.177934242103728,0.370589435736378,0.344711827628487,0.0684636713109521,-0.312492002056,0.0741922078467243,-0.0624881388506122,-0.132097858896048,0.196567678926879,-0.387546550889787,-0.461887966463371,-0.0417759165705478,-0.523845576259544,-0.296295520302381,-0.394541294920942,-0.448413423111239,-0.135162481818229,-0.171400384709723,-0.347940458950058,-0.118984478745134,-0.175647822843054,-0.340188645937811,0.231230531169632,-0.490143344774151,-0.618941897436092,0.525157758152385,-0.142667388634237,-0.392081942736389,0.233169458865629,-0.102995696931149,0.512182643905187,0.00756182617360787,0.196530401718815,0.13905341336343,-0.0904397047151263,-0.00941862072020294,-0.331802317484241,-0.01880622595055,-0.0440065308514186,0.181989518329017,-0.0478708006656823,0.0612702603734051
-0.3597666708257,-0.461647307266037,-0.348151096903475,-0.278492062741063,-0.110939503223125,0.771165432528579,-0.149229788980211,1,0.246144641837215,-0.34869478232174,-0.158001760358463,0.574100922200602,-0.224191354140156,-0.0935592165582445,0.176478517297161,-0.106486312548557,0.0140370406010671,-0.089147989689252,0.215864410362298,-0.257809640544064,-0.343202627329779,-0.159053110426817,-0.257999065081658,-0.345603199870754,-0.0887098287654732,-0.367949384860968,-0.0432563359587269,-0.393921402417139,0.0798134819177832,-0.011397132954512,-0.14761190415346,0.17747783081368,-0.317516449892894,-0.35626011639752,-0.139273358549016,-0.0680961221319119,-0.412346382661043,-0.208672982658411,-0.0780794832692127,-0.475135151348913,-0.39039117590996,-0.434300992573571,-0.39126519766158,-0.312916434814068,-0.296602176117305,-0.4143346025152,-0.357767873176393,-0.00397006575633518,0.220111999751853,0.181630316162103,0.155782549449111,0.17327631715395,0.182373061241349,0.0173917409728519,0.018613560536761,0.233896179487999,0.165596898027041,0.0799200810669845,0.0744832749678463,-0.0300887127134421,0.0993037977756597,0.276150142820979,0.379537952667476,0.376895266658716,0.391235625319602,0.392009806887724,0.580241987417858,0.00265381910472808,0.407693693345865,-0.12385282556251,-0.103555801403153,0.191742845334195,0.498262164733486,-0.110730836539871,0.323281608308818,0.442948906863523,0.554322967957996,0.0993754294062389,0.364976347611595,0.419084786616098,0.302701500130568,0.127605965706625,-0.186814254334788,-0.136937347457179,-0.484356624896179,-0.401326911050331,-0.381024115254104,0.612907662396719,-0.0140813351995113,0.532513005606263,0.148022186429564,-0.252243286226198,0.05304811241237,-0.415457682221167,0.0299705778438872,0.155184433252155,0.155946209060719,0.00918622635571682,0.167541249546367,0.198923317115492,0.143104629065173,-0.245405756792142,-0.0109180429116436,-0.103366690904519,-0.354154089867212,0.18727322779502,-0.0383988429659692,-0.261406408441481,-0.397488829844556,-0.162302045323539,-0.119301866192908,-0.166618606129305,-0.255815173073561,-0.0695614511127114,-0.257959294858042,-0.119053339614852,-0.368404686297247,-0.308454661387695,-0.210215606099507,-0.229250400929259,-0.310836630056873,-0.171415220043822,-0.366276181298214,-0.260074930734462,-0.477455375722015,-0.0170960135375354,-0.0960242219316724,-0.401937687153785,-0.433760148655573,-0.446502109980512,-0.154619388708125,-0.582583760297661,-0.206607892812693,-8.74076600211877e-05,-0.200322848136579,0.121622729264589,0.326847058281808,0.0443480192496167,0.0379795120153167,-0.218121042379426,-0.303410263665278,-0.119666573160174,-0.356004721616191,0.0569443357323636,0.1616583177758,0.0418002948561563,0.122950132760284,0.229429252363615,-0.0987999758565458,0.240323599859334,0.211115398026997,0.00422133605362946,0.33093647519396,-0.212281847799665,0.0965990256425039,-0.214638288248377,-0.498079124507405,0.191605984384423,-0.0556451187027298,0.392740566373313,0.226779165961399,0.167529637945912,0.133878186795709,0.315021126209428,0.0366308004678785
0.128478635801341,-0.0686945108622156,-0.128446608315037,0.235353483003863,0.0923778011781419,0.168080252342764,-0.0653054014012699,0.246144641837215,1,-0.192816985331544,0.238152437467981,0.268188356367547,-0.0680707578581488,-0.185164886760547,-0.0935169255987306,0.0764291486325472,0.112532102846294,-0.140956976891995,0.106344576745112,0.122705218814578,-0.128919176944974,-0.014243501325258,0.00838616443604908,-0.0185624951642706,-0.114737612177482,-0.224160945827178,-0.308467969287314,-0.0291696964815116,-0.0487957542695222,-0.0585052114445768,-0.247718616428834,0.0916834360940782,-0.213484915032537,-0.124969936352402,0.2099166369775,-0.152338562823857,0.00397379284561277,-0.128423756670446,-0.103949477690067,-0.058982711227887,0.177607556882447,0.0272278459234806,0.0557081518902848,0.146951954914402,0.154746422393714,-0.0553399979989569,0.0694771342553531,-0.114194679439749,0.00982449812101453,-0.152492469863422,-0.149144476786375,-0.197476452107446,-0.106140121558655,0.0552838293662886,-0.111589061395132,-0.125799228912809,0.0584307245587887,0.202964943692981,0.0469938577586498,-0.202198519258446,0.00272295829353225,0.0827708439258913,-0.0316081770375535,0.132559161077201,0.109497390193213,0.129535539529065,-0.072827211500957,-0.00189148742403916,-0.171634327931107,0.0225239056517641,0.188195850778598,-0.00257963425031753,-0.100617340140322,0.147709892998359,0.00200140064907355,0.143169262937717,0.22133703519536,0.308114640595285,0.0736772291769323,0.0484103093218845,0.157101347364191,-0.0567468089426364,-0.00626563726900168,0.198244079864951,-0.0402292348907471,0.156363758865838,-0.0709686690293923,0.135259465067543,0.209185670279411,0.708981402461729,0.297918936333037,0.0901510157367813,0.510842208146056,-0.0119227938072782,0.0324349442443901,-0.15961017058063,0.131546024654986,-0.0836329394404281,0.0652423100320142,0.124023428366548,0.076368564062264,0.0868943389713659,-0.0920641506471626,0.0273607613696247,-0.125552797105232,-0.102353602318076,-0.137322797633024,-0.184438616393303,-0.191144329494392,-0.0849524756418049,-0.103280624731605,-0.249525766871804,0.0041681463099606,-0.0217640808012525,-0.19216240354678,-0.085113292937465,-0.115634483405435,-0.00989302516369227,-0.0021618793110361,-0.0677294576796864,-0.133277918530908,-0.0915633961428234,-0.1100007405427,-0.16520850567866,-0.0222232402394842,0.0355528285102255,-0.120022749595642,-0.000221279886123205,-0.000560064219778781,0.12008891422291,0.0990983743446908,0.0717163155148833,-0.106554199316203,-0.094467110852713,-0.194262476252046,-0.0198855832851627,-0.0884175133629287,0.0677419796110501,-0.0699598583107261,-0.137830235570227,0.218452449088119,0.0782153779838731,0.00176679784676815,0.161560482670843,0.0705172410612307,-0.0781042987518313,0.0936043816484999,0.0968875301938648,0.0441024234955028,0.129948672145081,-0.0107222311967589,-0.0609160043861123,0.0439851331908971,-0.159096595392187,-0.217224427781674,-0.146740754358606,0.04959471267103,0.0265561150938509,-0.106418237963775,0.0936379369956321,0.187706480005978,0.208152170296339,0.474584088675753,0.0824968009589331,0.12957714962357
0.500380602096284,0.585096563376979,0.767745394583584,0.385530443460747,-0.0330756164107191,-0.392428104573648,0.446585495349868,-0.34869478232174,-0.192816985331544,1,0.391953395158349,-0.249591229009874,0.629605586010305,0.5090264025765,0.455670074999141,0.538292571609106,0.269878752023624,0.473908386309883,0.183212217527295,0.294006590714585,0.413352991649974,0.00916445741589345,0.0842335333661208,0.212439668001747,0.492671273096558,0.589159747580755,0.468082564444851,0.540598390387569,-0.312126613822281,-0.108247961084176,0.00833019273814912,-0.39460381288698,0.253596340408163,0.322514599231828,-0.0383060057757512,-0.0953344943233383,0.375331574709875,0.182693138890749,-0.0858546814684496,0.458678342008838,0.022575232776328,0.333726560032506,0.228051135544595,-0.0486644003024138,0.169019053240531,0.144898939317634,0.244740797224157,0.183608676582126,-0.408892519364971,-0.309358916119996,-0.263244827916624,0.00627850774487601,-0.141514041620588,-0.272376395217271,-0.203691408179551,-0.392164673668205,-0.359484812053902,-0.278764983868575,-0.315593444576772,-0.0882192028742313,-0.00745808349527663,-0.0363367213755877,-0.346880880341615,-0.444292751273801,-0.243287247959368,-0.401334026345501,-0.41687622599093,0.222234992287515,-0.0421612423720697,0.205422567599853,0.0860729042631671,0.0668509778567545,-0.230709887144536,0.0708325759035053,-0.478189760693182,-0.479401329623861,-0.397896587831124,-0.266653026799496,-0.331126543296462,-0.352372197066567,-0.363415145815512,-0.225189111300827,0.415220394673929,0.233644898826067,0.549276151099927,0.408457600235472,0.696728525519226,-0.183486492005082,0.252664175026142,-0.357313382574174,0.215867844275162,0.566871570796451,0.153142663579299,0.763557537412371,0.398640909979784,0.379677857182065,0.403728527608543,0.508220063723578,0.202488256485091,0.146745158279652,0.366641800944023,0.48458030435218,0.30470400182759,0.500910584861242,0.496660589443452,0.468217029601331,0.453807117596976,0.661985286117718,0.384407065697482,0.642939265230018,0.486902165130658,0.572195777520808,0.457699464335381,0.267595077587174,0.282656747770806,0.499601226690499,0.495511961706335,0.467673375668369,0.445919474139324,0.0447045788942492,0.0779674758490337,-0.18407125065563,0.193293861807712,0.577804809260329,0.562788733919326,0.33032878525292,0.486519774500672,-0.0114144230722201,0.385356200671299,0.178556711247228,-0.149125056436104,0.446673373241725,-0.19198738685589,-0.297955550181945,0.196014524176932,-0.359646784505974,-0.320865332729503,-0.30782318507785,-0.225244684715824,-0.175403007728659,0.000115327334736962,-0.281308720991579,-0.0553548018662736,-0.292165802082743,-0.463635548323755,0.167527048122715,-0.326992706267401,-0.517111195459536,0.180189708404861,-0.436666509063704,-0.486599423045652,0.0302380943507101,-0.386654406564455,0.122040849657323,-0.16958856677964,0.177267724307274,0.322282363786221,-0.113119424700454,0.199836678133586,-0.39203251474079,-0.407805779724811,-0.366362948084718,-0.188020158782143,-0.373283878464647,-0.222750220907132
0.543649726113364,0.526252457958621,0.524836235775776,0.632593064518277,0.111431949693596,-0.416068620609595,0.537146729560216,-0.158001760358463,0.238152437467981,0.391953395158349,1,-0.211511039771516,0.503188566906419,0.343258073648555,0.321138625350682,0.39266092907981,0.208295864060505,0.139000441877534,0.340392101544347,0.312693881202372,0.268445443994985,0.11731478166331,0.119418983052403,0.167377321040895,0.472476234395458,0.396249959516772,0.206879679648362,0.440662225207973,-0.156820259654276,0.0280644313605721,0.0187163559234701,-0.207819856583959,0.0365225832016616,0.11917940790114,0.0329203725519772,-0.0365064428472163,0.25362767370983,-0.142959011252133,-0.0390697475923904,0.243486096859685,-0.063347200265619,0.0813332149761984,0.0565077980991289,-0.249188732063108,-0.0928101003259392,-0.0761055631857673,0.189730754730146,0.0470617503929616,-0.293244498700695,-0.14374565163605,-0.164198091834507,-0.00993231628830301,-0.0771914771697981,-0.363468047264817,-0.180087118155474,-0.281873668370208,-0.12625191254534,-0.18766724066316,-0.313482679784466,-0.167457008316228,0.0452504209467717,-0.028562772566382,-0.219614452900784,-0.164378948235785,-0.179775648767096,-0.243545902777042,-0.265932840044782,-0.200923484369946,-0.27807609943331,-0.0527394962906607,-0.0627601710222489,-0.326655895769987,-0.323351399588946,-0.305633417063528,-0.292478514409226,-0.401962358329294,-0.209914260072236,-0.0856915001753675,-0.263721876756722,-0.419949057146424,-0.268614745775172,-0.257394486122875,0.451124172637328,0.301788310759022,0.51398292877821,0.598197494698928,0.528104276255153,-0.200180877457467,0.252697991790856,0.0292770820480731,0.487913428131653,0.455699581938773,0.564504956405853,0.522290488235276,0.291517060704106,0.34048770232529,0.400185740533858,0.35583122877929,0.227595346538254,0.181064602721862,0.415153607183364,0.331778529471484,0.235395423277068,0.502123850280702,0.366619725468968,0.385889712222513,0.0854421243818253,0.477720935241776,0.340389945922633,0.468789013235633,0.460092136891667,0.388190945728574,0.486819343832723,0.18308052996574,0.140187503688855,0.346853866719644,0.3893339871068,0.333526428625018,0.140422531987249,0.010667525904879,0.0462014926146842,-0.107483292444441,0.158624635722358,0.0992010898209082,0.382701475973626,0.324891705664138,0.189477298579734,-0.162603886412721,0.120414478038506,-0.11646112325115,-0.171733977848373,0.0569008780099572,-0.133721718442639,-0.149840520982544,0.0493385928893151,-0.327422662953521,-0.092905047364541,-0.176338805571705,-0.0929936783266457,-0.0536015458851091,-0.0489365137068474,-0.13610899576518,-0.144552351080518,-0.223044943453878,-0.358883780345716,0.1164404394096,-0.438794164222296,-0.468239444529784,0.239832597164449,-0.200666501744188,-0.284818427030902,0.0117306263990733,-0.211896487369498,0.174288533343894,-0.0407114376311874,0.220462156142653,0.013025745589973,-0.313854244412622,-0.267493534155213,-0.327927927120124,-0.238378465318268,-0.123032974142661,0.138839715282461,-0.312361368966855,-0.16157720116884
-0.312838166861498,-0.279973323993726,-0.287699849718939,-0.284337394687522,0.024663265371227,0.763583663174324,-0.440981799797856,0.574100922200602,0.268188356367547,-0.249591229009874,-0.211511039771516,1,-0.172204872057189,-0.163418149020929,-0.137955449027432,-0.0956154213131455,-0.0168199527143333,-0.00206204788941462,-0.104964717550673,-0.499882759211879,-0.241988747592825,-0.373599887856064,-0.385439719574484,-0.524985411844869,-0.353654744388244,-0.494305595716052,-0.229799157724997,-0.545901192983226,-0.156470499979451,-0.332592697180066,-0.422495288071774,0.144362917925714,-0.450567958001884,-0.471990513926514,-0.135426181616533,-0.293902212080152,-0.568485102768081,-0.105988641664837,-0.155137483348419,-0.191690361417522,-0.130863343238281,-0.138991596183544,-0.416132552983194,0.138035096543077,-0.0635540995283843,-0.128708703139087,-0.495383710279569,-0.167811142479508,0.306307330016496,0.0524259507698176,-0.0618666518273853,0.165983888533594,0.00386488586010668,0.243375636034017,0.0315809265303368,-0.0584953566282576,0.0202041239961334,0.254118342014778,0.353538929426292,0.0357430251736993,0.0266449494145188,0.0608776639912989,0.246486013921164,-0.0245268590626004,0.29774883498308,0.476973541902706,0.312710627856129,0.0900452034478006,0.489296277816256,-0.154228879450694,-0.136721735868679,0.407369633217432,0.539433052312659,0.305256507979199,0.302165655360814,0.34317556499707,0.492564191896125,0.171632635834986,0.472007036735147,0.642062599737717,0.421908966273572,0.0428044998202081,-0.149829427915543,-0.249268864787257,-0.222559780256305,-0.35682644183705,-0.279833287301018,0.478500084217893,-0.163458480740277,0.659280994492465,-0.0434582715896294,-0.0992723328872019,0.183079112584303,-0.429466268758628,-0.17314055845618,-0.107820794054857,-0.0476390933554801,-0.057039547914766,-0.0195489502803591,-0.0248959419206151,-0.216489677354513,-0.308136227903065,-0.322406493485461,-0.412386905729457,-0.420019944851829,-0.251403583357686,0.0154403952308145,-0.274964853202163,-0.590829970909809,-0.302595856719168,-0.43759130586675,-0.215905585589564,-0.425951485328536,-0.119119331547364,-0.415500620291954,-0.306174734417519,-0.536466520411166,-0.501597355992511,-0.241170364193147,-0.420574370069798,-0.326728321798332,-0.341213164857899,-0.572496366577203,-0.0526777237432348,-0.503519191833585,-0.101486483794479,-0.00150861626075426,-0.0856819729641737,-0.116002513917283,-0.0695271097207593,0.149449265237142,-0.356455917456841,-0.141226152972317,-0.0147202193759144,-0.37522995567544,0.334903094397882,0.215257828407405,0.0879505612522405,0.0395019585209633,-0.332407818288961,0.00610645150476774,-0.147969166694541,-0.388977569376637,0.201857484534561,0.369152644932851,0.0213598810569717,0.403822309149008,0.254569215301187,-0.362148088291699,0.206245093505915,0.197839845970496,-0.15840323481911,0.153881496179038,-0.530873331171438,-0.15404561973352,-0.427747332816176,-0.475023038708757,0.332000780447095,0.12197812779429,0.416451653402082,0.140703631154277,0.0566529102629968,0.0816145901268405,0.395429578044584,0.0801792123456095
0.577446418930069,0.8714983315568,0.853578873342714,0.761296968277012,-0.00834452202263157,-0.483143763211785,0.320524992330901,-0.224191354140156,-0.0680707578581488,0.629605586010305,0.503188566906419,-0.172204872057189,1,0.484907850116812,0.468929429358401,0.407969898361078,0.149973187404679,0.253029969329301,0.329105638252723,0.359575034096135,0.423944073845416,0.265544488918652,0.123693013011013,0.225130495421837,0.767349487826551,0.466698171987376,0.29970819004404,0.56447154054055,-0.206069899585893,0.0165516718850545,-0.0486223942646911,-0.70406635947234,0.0259296750319583,0.0106646090024038,-0.131111658019091,-0.00141083249311532,0.145958900689552,-0.0165038858873052,0.145852971173256,0.346406958387268,-0.113394561683242,0.150117750480175,0.117910022340826,-0.249592532148078,-0.134359895305082,-0.248626263349864,0.295270698301944,0.0895989183938921,-0.228411609900946,-0.212666319051325,-0.173200300684242,0.357554597191709,0.14869942719449,-0.279607683964962,-0.0247665270888802,-0.136580605447619,-0.355556686703275,-0.573359173770565,-0.60955048920178,-0.158452939988488,0.15406080764401,-0.154416306217854,-0.080208229267813,-0.298723020922161,-0.433873705288729,-0.368217057999142,-0.455658144579642,0.130272206174003,-0.104910914523022,0.183656202006987,0.111378544696987,-0.183094439567134,-0.117425839669302,-0.223083200590087,-0.141126034319727,-0.478755897150576,-0.462753072822955,-0.449167243523537,-0.516654019033588,-0.459444910932007,-0.584151165268304,-0.362062596768219,0.525110181531914,0.23895828333613,0.770675392876273,0.7299176326568,0.799312712749059,-0.186170121621108,0.331047031656203,-0.229681181892634,0.453316287347464,0.772102461908411,0.367835589954237,0.801709247468771,0.413149045150183,0.509054206255666,0.490569087875267,0.510011276173603,0.0574283972355949,0.253792199233804,0.421962362970818,0.4099922164297,0.407196210941079,0.641752774681789,0.510177281064983,0.54727731422622,0.344011632253277,0.762385206624655,0.354732911993265,0.68205723548185,0.723632150463749,0.565598893036122,0.293686616974216,0.293902743778729,0.19642470729976,0.477216649116597,0.603861008356414,0.414105250852117,0.271288711797402,-0.0871776210643843,0.194114938834041,-0.248130624982524,0.0292310201275943,0.265886658572117,0.429454100711906,0.402781732929854,0.496568211069817,-0.254159917229641,0.217604312525732,-0.128694238988973,-0.393742525553218,0.0863501344433281,-0.0774110283776824,-0.106882847687611,0.0942804421344835,-0.48060950261538,0.0394324583694305,-0.268547553485983,0.0559411327416192,-0.175650127633471,-0.176327175384902,-0.168568382213387,-0.210642199491962,-0.568658591547472,-0.681099049076808,0.298308473482772,-0.500127413660908,-0.372991177995844,-0.0866129535437661,-0.501131414367874,-0.335214337297086,-0.00550707292220667,-0.0330288266648803,-0.0381533705522884,-0.00541514996686059,0.227373253188231,0.132157473227966,-0.33929100937559,-0.0984392140526817,-0.101053827906317,-0.457190702391917,-0.468594795156006,-0.242995093995998,-0.557739619961824,-0.522304954126226
