,CT002_ses1,CT003_ses1,CT004_ses1,CT005_ses1,CT007_ses1,CT008_ses1,CT010_ses1,CT012_ses1,CT013_ses1,CT015_ses1,CT016_ses1,CT017_ses1,CT018_ses1,CT020_ses1,CT021_ses1,CT023_ses1,CT024_ses1,CT025_ses1,CT026_ses1,CT027_ses1,CT028_ses1,CT029_ses1,CT030_ses1,CT032_ses1,CT033_ses1,CT034_ses1,CT035_ses1,CT039_ses1,CT041_ses1,CT042_ses1,CT043_ses1,CT046_ses1,CT051_ses1,CT056_ses1,CT057_ses1,CT062_ses1,CT065_ses1,NT002_ses1,NT003_ses1,NT005_ses1,NT006_ses1,NT007_ses1,NT010_ses1,NT013_ses1,NT015_ses1,NT016_ses1,NT017_ses1,NT019_ses1,NT020_ses1,NT025_ses1,NT026_ses1,NT027_ses1,NT028_ses1,NT029_ses1,NT030_ses1,NT031_ses1,NT032_ses1,NT033_ses1,NT035_ses1,NT036_ses1,NT038_ses1,NT039_ses1,NT040_ses1,NT041_ses1,NT042_ses1,NT043_ses1,NT044_ses1,NT047_ses1,NT048_ses1,NT049_ses1,NT051_ses1,NT052_ses1,NT053_ses1,NT055_ses1,NT056_ses1,NT057_ses1,NT059_ses1,NT060_ses1,NT063_ses1,NT065_ses1,NT066_ses1,NT067_ses1,NT068_ses1,NT069_ses1,NT070_ses1,NT074_ses1,NT075_ses1,NT077_ses1,NT078_ses1,NT080_ses1,NT081_ses1,NT082_ses1,NT087_ses1,NT088_ses1,NT090_ses1,NT093_ses1,NT096_ses1,NT100_ses1,NT106_ses1,NT112_ses1,NT113_ses1,NT114_ses1,NT118_ses1,NT119_ses1,NT121_ses1,NT124_ses1,NT125_ses1,NT126_ses1,NT131_ses1,NT132_ses1,NT134_ses1,NT135_ses1,NT137_ses1,NT138_ses1,NT142_ses1
CT002_ses1,0.0,21.059247085073302,20.22629776833202,20.703337062383145,20.644179259547595,20.33878312126397,21.80234808915242,21.746565377377888,20.55685790465399,20.934320365869922,20.10739223938604,20.3043336227568,21.664288932204606,20.803916414963226,20.92929565887448,20.975280310968333,20.934741604763566,20.094669388401787,20.00749896221313,20.8483344966271,20.82813781408523,21.41924454230301,21.475030919419897,20.812407356720534,20.31130267482036,20.09246816234439,20.741535952736832,20.3135192537302,21.040525694358745,19.99014717326308,21.30742031445595,20.34233359258879,20.780556091822923,20.893612166129166,21.142575621928373,20.58890688504812,20.142381632750766,20.74433412355368,20.35185231396356,20.176090885346877,19.608237518350936,20.172838738635186,20.558864031210785,20.544570727667494,21.04875687580398,20.933895321391905,19.452718858136862,20.598202146458522,22.275973328285122,20.894620764868726,20.996608987084826,20.498734827098588,20.644392881740437,20.98416994673667,20.759504915469076,20.498303798852657,21.079938576109196,21.830051619254373,20.88838030602873,19.900962412931133,20.447508157553333,21.04072056722161,20.96562262890588,20.386420448832187,21.160376780098318,20.312559607941097,20.72869409783277,21.09172772231809,21.058134986249918,19.858239733406233,21.823817732549095,20.966567828627387,21.98986913423255,20.298647827121922,20.959450409817443,21.692141096679556,21.929749136635852,21.712898287653307,20.372654294228045,20.63298278393102,20.391937626560782,20.326451424689,21.387801067878026,20.281157104555266,20.836575823349904,20.18365067073269,20.162597856944096,21.19035911850187,20.53089112289664,21.218365145796906,21.06672483343764,21.149113810668283,20.4028164210126,20.47595537369794,21.213480515392146,20.84070827250874,21.389035344828727,20.90286087955725,21.957999038245102,22.428308327476046,20.762742438813817,20.44421496724672,21.19632798151033,19.844234004317677,21.465008672990756,20.50634885051644,21.219839498999296,20.096745669225502,21.318547334826846,20.747807993197444,20.411297293878384,21.571779422716407,20.845334933297906,21.05914029149171,20.909353504478954
CT003_ses1,21.059247085073302,0.0,19.61527173118918,20.744530141233575,20.035075952704062,20.176186847681542,21.22498145947677,21.35106944364259,19.84476147482203,20.56629950880103,19.65971917962953,19.416410716287956,20.7701773625709,20.428760063892387,20.90319089743399,20.709840526375988,20.33245194253084,19.418858049391407,19.225598949684663,20.16231370966594,20.39289409619306,20.06653170873701,21.12836850485833,20.04733267537167,19.677324363240864,19.609348989504245,19.92254000015884,19.88694319298505,20.125500819327918,19.33380714907298,20.488251966711015,19.750846821807613,20.450463074947947,20.40218788831449,20.48731606898217,20.14023129342049,20.039328978444388,19.82322356841526,20.11256230253081,19.51067552681559,18.604595769875694,19.883079483915687,19.834028280412042,20.174993917114346,20.685379095523405,19.714941309092683,18.715575455394795,19.471300664087757,21.043524350648187,20.384252320018422,19.87726680718196,19.56686836830895,20.292258573077802,19.8599535328071,19.829617553616817,20.003130403579046,20.20218480108208,21.805446761485342,20.627910066512918,19.664742622529303,19.71814773296454,20.700916005635026,19.692830695207633,19.88221608749373,20.078105369223092,19.931719004342458,20.388383074658453,20.867989005987265,20.672806215316342,19.49381479932518,20.794469708835923,20.608186067222373,21.176376246036792,19.094290458889443,20.07383072079236,20.841505258964123,21.13419540946045,21.60219550627486,19.66426408069862,20.519915407934743,19.47126082944778,20.640785721011365,21.284824665399118,19.866202511036054,20.589380782903415,19.299155500457683,20.073247801366445,20.8114117672982,19.499414092234115,20.15951771832572,20.44020076177025,20.876016857065736,20.277609054842245,19.956277370018164,20.904034114167384,19.381944176522445,20.50717604573879,20.007898516158367,21.399149176791482,22.234290114491383,19.814152604433602,20.15558469996256,20.384008030718118,19.64286890812393,20.394477322617046,20.38572712395315,20.925161270915385,19.405713443606608,20.283466791656483,19.61933490953247,19.653548624289204,20.415742808950895,20.81177972372885,20.539596256092914,20.27205882445868
CT004_ses1,20.22629776833202,19.61527173118918,0.0,19.704751736326862,19.967793849852583,19.83641371365122,21.324077798680293,20.528547668137527,19.363492242458445,20.29582876722516,20.30231203467267,19.516865998093316,20.671668751934686,19.860139123370722,20.67844744613876,20.282897150342006,19.903340162463447,18.732976003768595,19.01201609801963,19.702376576691414,20.48211733889826,20.051039219010804,20.80228478708997,19.555583083945486,19.49612680580937,19.277228276962706,19.7413455899732,19.827751558045893,20.146411886353974,19.211851087403492,20.304224093927314,19.603279035526135,20.589568060787975,20.236440098952993,20.756852815603086,20.219053100384944,19.584688531779097,19.52892460393875,19.959751307162787,19.433713157964192,18.775477195506415,19.99925688513656,19.78651212192589,20.015382294077927,20.573591581346832,19.78009643762757,18.893987310438746,19.464331984736603,21.577394363463885,20.100066511601607,19.525724483995397,19.45077646613015,20.011950672611235,20.50665273490221,19.608168291023766,19.992335381344517,19.964559053455172,21.23504087431913,20.024935861909707,19.59243631206779,20.087391002034543,20.630643563432397,19.76131459862709,19.25430931772525,20.74662174656807,19.70912082347746,20.09643667473114,20.44500844496387,20.270496113413046,19.387224042990425,20.696080398771045,20.162578272097246,20.373447046667117,19.446103993144874,20.18324398667366,21.13642786250971,21.39813879712418,20.589499052573576,19.893767433465243,19.993633854904655,19.539282511458087,20.117271845485458,20.55947413052995,19.704338980393743,20.44548583871654,19.181910650809062,19.689320102433943,20.812066528860957,19.6981926038632,20.283701074494378,19.940264135578197,20.466946025262853,19.687313694654822,19.51008887504777,20.444336465982087,19.531683906084673,20.289613265054562,19.622153475145335,20.839048337850183,22.467576905795667,19.519877443103894,19.619922850545134,20.214976352697125,19.309686717948885,20.804023882062616,19.883226049215516,20.93542846534688,19.332020910484346,20.03192875246243,20.08511171520456,19.51203385252685,20.204315806981015,20.160990557904594,20.22967756054885,20.598616447452027
CT005_ses1,20.703337062383145,20.744530141233575,19.704751736326862,0.0,20.80507351569737,20.406536571491284,21.551210351778618,21.76160423657511,20.474726512752383,21.643811528862486,20.790375814908387,19.96484614081278,21.450330054160304,20.814914118569348,20.99614321993969,20.849807227610547,21.05743895053375,20.13936401569266,19.881872127165085,20.953535330176862,21.30603405129541,21.026394953140723,21.81000648234201,20.45881282166141,20.1131545778176,20.376648109029997,21.04717585030693,20.32030995875937,21.02534552868041,20.032772068649262,20.707872983805377,20.898628152826838,21.02774706416593,21.165172796080558,21.237049674927093,20.596074796743505,20.109436762668395,20.90087318968073,20.617656377769034,20.23862486636636,19.284332959698105,20.606718618443917,20.578434668776815,21.053577012530816,20.88141066564962,20.295057162484227,19.415232474202796,20.87650324164495,22.050198706742687,20.63254945242241,20.71605203113673,20.55007026715187,20.246001946184645,20.94941637437468,20.125088570627327,20.768555897156865,20.8955040682633,21.75770842254462,20.70337373218175,20.097814803526155,20.559795515879678,21.243064172846545,20.577203034424073,20.668993904180336,21.06509185604244,20.376330933019165,21.016163456423918,21.283335040983708,21.12969556545419,20.155286741494855,21.505191081078117,20.97350123764419,21.53905297426189,20.36352216739002,21.20271448647463,21.598656807648947,21.17370969657658,21.43876964626651,20.15838405406447,20.704776326361422,20.265248256170413,20.626075167592454,21.55246340796853,20.24877514691589,21.103093207598963,20.182282892547242,20.50845861193518,21.49102987577046,20.262426519412298,21.230387045137814,21.348283004346953,21.33987947031636,20.395710561917276,20.398502906148952,21.18994422290266,20.228208773167662,21.109032819702822,20.155085338332228,21.298031485942772,22.932852236357633,20.19737699230712,20.16517575851764,20.808179078503517,20.495619820368347,21.76203115805416,20.60890204603691,20.929512597648486,20.30247637946948,21.332210090664617,20.481020048465165,19.862963627813862,21.841996645663304,21.409812630905332,20.77405936767886,21.1092479386348
CT007_ses1,20.644179259547595,20.035075952704062,19.967793849852583,20.80507351569737,0.0,20.16563631386385,21.69741820079713,21.33203387441633,20.307781741395804,20.665036070960213,20.13135790842091,19.546361751868687,21.16052189620774,20.63225571730975,20.949498446814335,21.09322578703826,21.093442308839307,19.323525215000117,19.50265059572949,20.733924471913458,20.884507033645868,20.750927558149737,21.81584229436917,20.64768431305705,19.850056629883618,20.12093672879677,20.314468562569445,20.19860812029163,20.750744661088177,19.961178214460226,21.083035562841236,20.01448201296132,21.13433105372361,20.31048817992854,21.513387599233475,20.21304402935486,20.098887560446908,20.320203018482996,20.263514552379245,19.407680375741005,19.067507124309238,20.10544979698496,20.27645327288095,20.0145095799741,21.01322758091555,20.32736492013707,19.09760518703009,19.794228572299847,21.782281372939956,20.480431951580428,20.212707532472123,20.3771678215366,20.710861819676076,20.315143782653205,20.375353479305442,20.664543252686666,20.225232744718397,21.867270761724164,20.806009866322782,19.933537388867258,19.709849148508656,21.183414985973023,20.458896203349568,19.863497689895247,20.676620692669058,19.868668930496334,20.857282748885048,21.041930960969726,20.744339138774926,19.84559444109664,21.1918460999263,20.323055309045934,21.156805835043208,19.665232223705484,20.326379023291338,21.62103609445406,21.83282464069321,21.30807096975929,20.26225052783929,20.30435528131988,19.601025108838684,20.76974219357868,21.50232930869737,20.470631859371018,20.419271148868724,19.868247009563223,19.85555491405108,20.785755508632995,20.337583737094185,20.82768427058843,20.048247095990273,21.275033351711826,19.948111173685717,20.0195770485068,20.973805647493553,20.305404626986096,20.90592032606383,20.61021261175762,21.39621693995481,22.969696110450432,19.73099020040975,20.21052155894966,20.718957746690172,20.07459359958565,21.2186966482365,20.479191826138734,21.2903222093434,19.982666440431274,20.91881176372975,20.582170612848167,19.952896795501058,21.20235831948934,20.90126961625842,20.78933726384887,20.588503745089714
CT008_ses1,20.33878312126397,20.176186847681542,19.83641371365122,20.406536571491284,20.16563631386385,0.0,20.67400344927895,21.52512956811012,19.907192706419846,20.577933732366763,20.10572851169382,19.48354275796604,20.864853363478694,20.271488150261117,20.729225921721525,20.47947547412241,20.48655894489176,19.434894208850906,19.31977488619211,20.25404227741222,20.650870657625475,20.368389255708458,21.581443757899148,19.516661149605024,20.009972311350108,20.255683369606327,19.80411025368018,19.815704542330707,20.443461246343613,19.41779684556852,19.941638558271777,20.054223849331372,20.248053791547292,19.98879964980423,21.272266798036704,20.50210562783305,19.950988945916293,20.49212695776582,19.788052865922985,19.790844993077485,19.194906590066758,19.994103725732508,20.469340754309084,20.15906693440001,20.7011354304374,20.014838670971706,19.12438097050333,20.303112441745732,21.586209631290934,20.258293911732476,20.457208844091472,20.04204227616044,19.89530913922043,20.540158665613205,20.280940981306205,20.156350483952647,20.07976758567772,21.51666857435837,20.422897409635656,19.63950575308194,20.159789937629316,21.169978779622035,20.05808871751044,19.71417508090295,20.30586575128529,20.062413004926025,20.509358107134346,20.928871337414435,20.47721783023627,19.464776690253625,20.745139565754638,20.42024878453522,20.70547344338818,19.234341564037106,20.68296169589355,20.785368276245542,21.439401394922353,21.148309147535798,20.318144835742363,20.302437758758554,19.865494251614027,20.432254112362795,20.621402989646676,19.812634294907973,20.370253406643045,19.752385316500416,20.13929139953249,20.72761161996043,20.284099552681802,20.881290818344336,20.094086945319763,20.758466168225258,19.880630056708146,19.947775512340392,20.73489599362752,19.913319280046515,20.45215640132202,19.803086992010847,20.882088419723363,21.89618080053993,20.272798117855082,19.898500595714733,20.584612430554,19.719913318358792,20.533569940493148,20.206581289645055,21.054247998592444,19.982082689889747,20.97885511964303,20.425606309734405,19.890241188806147,20.71959871222187,20.85914865635308,20.49497865460084,20.817595991890908
CT010_ses1,21.80234808915242,21.22498145947677,21.324077798680293,21.551210351778618,21.69741820079713,20.67400344927895,0.0,22.591706727199362,21.50379773412426,22.035343106131236,21.35248216501851,20.681774912841597,22.123990027796136,21.35559630779567,21.995268773110745,21.239259906021193,21.79951067270112,20.567003307466504,20.66028359284841,21.647017061910383,22.22885689279989,21.502813009565916,22.481985444898417,21.152830840702617,20.85593250936382,20.97887015982434,21.739640621792837,21.163833784310718,21.92685159128561,20.780383404025205,21.819999761747347,21.45575384414123,21.950603454080582,21.387900820739045,22.031118903246075,21.457658681225592,21.246122627358165,21.24437870336352,21.078886679434316,20.513237904449113,20.060410004858728,20.87654137888802,21.26476518059385,21.221022338774404,21.549442649823213,21.040052745131764,20.209800891697896,21.39620839621601,22.377381096032178,21.37867782314555,21.63612674197917,21.49122065517038,21.405988284792965,21.90139665718828,21.407050150756174,21.311104371849723,21.4222987097806,22.265777139835578,21.54714557716437,21.047642924578973,21.2756329507651,21.97810873905276,21.18132083945562,20.63451443327479,21.458863711202834,20.93221627710656,21.442314629400588,22.002476003444876,21.620008486826894,20.89779567877364,22.029921109712937,21.673633504126293,22.076922735120366,20.440400656404677,21.452153053570196,22.633200890904764,22.386918599243298,21.64251178490922,21.171007582343115,21.328807988668895,21.43493017374792,21.65502557998616,22.21414890660141,21.218486373106813,21.089310761380766,21.101753381884908,21.356777820290922,21.9604935581592,21.124843115008066,21.40097951251291,21.461434474416432,21.95242417338945,21.13039545970056,21.241867188909985,21.85447561871037,21.284612824054957,21.337211357463087,21.773496821049797,22.247658586859107,22.824712680066806,21.080994866853686,20.879050857647442,21.65819855513911,20.973317589260226,22.031959114429842,21.209316945862692,21.861181715658848,20.803798650323056,21.47158500570277,20.944857674309947,20.809651827238685,21.56624454634514,21.46443718919731,21.617393942065863,22.09422439471161
CT012_ses1,21.746565377377888,21.35106944364259,20.528547668137527,21.76160423657511,21.33203387441633,21.52512956811012,22.591706727199362,0.0,21.031168680297803,21.618917594127275,21.09647022428583,20.796279027535384,21.93939366658441,21.484073621032614,21.86219291927247,21.4888518767208,21.48096411002193,20.157358347779056,20.522880030440454,21.331050393110644,21.728776464943444,21.261105775598004,22.149501943261185,20.795775916449564,20.331114300663575,20.639900810227587,21.29726945763881,20.955510780377168,21.731973904916313,20.87804286134589,21.28736471238813,20.453249889232882,21.196049844906305,21.509179110189404,21.850293873237188,20.943459379338456,20.867180669924863,21.232137962064897,21.286706520355533,20.68097769566751,19.85438706835234,20.816024105313534,20.97903038134969,21.001694938395865,21.820255349678742,20.849736655402282,19.919730857044872,20.93550075543931,22.47341491341659,21.563844028105617,20.98338888084318,20.693616786575728,21.478991532966724,21.863938950677923,21.333588305456573,21.479385221170848,21.68348200740517,22.618190495843873,21.255444489005686,20.870733038848357,21.043930591425273,21.48993782892409,21.286324211103175,21.177196728834183,21.544801171133223,20.849501907851888,21.634596473358595,22.099664933915594,21.626448493292113,20.5250763960722,22.454147166709763,21.464305144307094,22.118915546929536,20.670974923518266,21.46884289713982,22.174171175419215,22.61417543768941,22.16922217378068,21.402965824084628,21.22086244678635,20.646219139464918,21.782632548107205,21.476027390052412,21.202624227596647,21.836189218425826,20.601518782220875,21.01522662301452,21.783216349447404,21.289785576633523,21.934173150364312,21.393883080522443,21.551214222251396,20.90291951344785,20.638871284486743,21.79592506165403,20.685250071671774,21.365630729665412,21.42669394456982,22.435117798183207,23.29353270826734,20.979618430705422,21.130542034949055,21.483353181578117,20.909344082909637,21.7111647177622,21.00986167344928,21.894480247350504,20.969124383619523,21.13084899814525,21.147560213583876,20.616267946032487,22.117634233042555,21.765377652257833,21.862128864596098,21.40719980631903
CT013_ses1,20.55685790465399,19.84476147482203,19.363492242458445,20.474726512752383,20.307781741395804,19.907192706419846,21.50379773412426,21.031168680297803,0.0,20.666058262753015,19.614543313161136,19.68014922561971,20.63203589532429,20.234082329477264,20.324890698040928,20.536201320385988,19.845148508367423,19.24567126661691,18.98253234213848,20.047672077186697,20.700346556882668,20.02561772067358,21.29855347097953,19.816690508452943,19.927946038364354,19.712284320263414,19.897082624923804,19.465982146793817,20.162512356364527,19.301517970226282,20.552565382418457,19.618371905710514,20.02367124465558,20.360154011127726,20.623900543686794,19.44761755210261,19.6933028182585,20.290062887644698,20.224720795259884,19.41959704627113,18.96670780197731,19.642689083447966,19.916782246859633,19.83377654107778,21.149872882203518,19.729113021534772,18.912998585575657,19.834115738887615,21.698511528140767,20.046129277335034,19.53432562393578,19.515265186439965,19.672430610543802,20.025788766120954,20.045018548398986,19.916461083293477,20.371983009622955,21.338218450453883,20.017468172795944,19.625261733267333,20.22552464763393,20.218515006692073,20.101759610540526,19.911172656126503,20.612667207522716,19.738363386953296,20.497404242437778,20.693829050078207,20.37337385637451,19.688887155789576,21.169473084652598,19.79234758568549,20.546078817604474,19.572245536600143,19.952773791650113,20.768972084609395,20.935043492067447,21.574047378299223,20.03278989479426,20.22485162276509,19.545354674544534,20.20582177461348,21.058757930689346,19.717956399576803,20.236371380510906,19.175539521775978,19.766506151565263,20.910177475258074,19.77437043314245,20.448996925349835,20.41785527865143,20.697484287924805,20.099217505932096,19.36450986373982,20.906430117993747,19.36131197707704,20.76541762241132,20.28317224334114,21.133509691720015,22.188969259965198,19.919261272221767,20.039495220804703,20.524343908076506,19.466421246388332,21.16067703900947,20.03971155850665,20.479199257225737,19.633144690841185,20.181849524542134,20.104194514992475,19.66267685890081,21.02152311854132,20.319168458845237,20.45550170842525,20.74721026972552
CT015_ses1,20.934320365869922,20.56629950880103,20.29582876722516,21.643811528862486,20.665036070960213,20.577933732366763,22.035343106131236,21.618917594127275,20.666058262753015,0.0,21.08283847206474,20.109725943286612,21.2596356677846,21.3087941485662,21.294683006114763,21.348512757647953,21.71948267247731,20.157264462817384,20.203730830074104,21.01326720150596,21.408561129721193,20.961728140283792,22.19307495835266,20.94886333817421,20.87241238804905,20.492077053229075,20.747081875487297,20.82576183172869,21.576956713237166,20.220221197875357,21.36446163742094,20.49611012610949,21.30943957497129,20.760408071156263,21.406988195860386,20.602131791169583,20.718993161868422,20.616368840684405,20.666567830173204,20.477615839911508,19.779161107193413,21.216744123592477,20.716963285316687,20.76437668666237,21.544999722064908,21.064207640298143,19.802282917547114,20.422389646562493,22.449356956546282,21.377281330625912,20.92344085937479,20.695492358350542,21.151926447818823,21.185258306137463,21.210531049914817,20.986813641264973,20.829169883084337,22.138057140101708,20.994502281384356,20.821149730580665,20.598000098517943,21.448635347750233,20.921303206179385,20.678273870973342,21.307789153959757,20.596528910886054,21.316360686406178,22.03373226644984,21.182325186485322,19.971820202764334,21.725966356638864,20.94826930451312,21.628221834276886,20.562796813731953,21.034212696316718,21.854586756716195,22.139914987152064,22.321309350116803,21.11011108400467,21.222373515845476,20.90656974413932,21.14172434494855,21.82726479305073,21.25973264120554,20.889017311122352,20.49830752770656,20.93425464187763,21.98849717025629,20.667020117797982,21.57863035556018,20.9093686350608,21.660308357809477,20.91252023924761,20.828139508314997,21.69122369999374,20.2155647059459,21.28432983783204,21.037538915530583,21.66459316981001,23.41723228657062,20.53974869211012,20.914728197432634,20.992399723337737,20.54869379273044,21.548105755726223,21.10853707536339,22.025749093016202,21.037121265835417,21.3994121264472,20.925873595527154,20.75355196769938,21.602815720935517,21.612399991587083,21.25558625052631,21.463341300585935
CT016_ses1,20.10739223938604,19.65971917962953,20.30231203467267,20.790375814908387,20.13135790842091,20.10572851169382,21.35248216501851,21.09647022428583,19.614543313161136,21.08283847206474,0.0,19.886623772409646,21.02755666975548,20.327920045317253,21.33811387508307,20.645331963330193,20.458887790794456,19.143301652418437,19.08423635683077,20.87199632232906,20.9019097883863,20.165089928001883,21.039428127730204,20.066564412287274,19.860259604151302,19.90717496613901,20.309737775415165,19.734262710955242,20.58177935626277,19.341521433422972,20.472934434705277,19.745282004181362,20.605354981439906,20.191124069964516,21.22678046545298,19.812857698234925,19.78339310777097,20.474126422274452,20.382805928311242,19.736043601325097,19.265815946799037,19.959183450911485,19.900154202023185,20.25409544439878,20.54232330661301,20.10599083438248,18.533021600612866,20.13025090583101,21.546370030776927,20.090262740695533,19.803135160330974,19.956832282784156,19.964419633058927,20.407719210561243,20.078460234609047,20.4791880505844,20.328997578558074,21.70703062103816,20.468064526469373,19.71659563186477,20.032017998279567,20.582164471751128,20.108629904490655,19.975923793731912,20.549614245160086,20.093618616767365,20.603652238790794,21.065068340190415,20.65763856768222,19.61714551421183,20.919604039549885,20.63281574723838,20.831616518529543,19.663402486213425,20.201118373640366,21.11363354437427,21.406107204259147,21.490152911643616,20.244292788774654,20.31781607836221,19.996951496953915,20.400665792486993,20.917459782160716,19.76295678174192,20.60744501088377,19.673864093674126,19.64929388765631,20.93415143329575,19.851167454844173,20.45005289563327,20.61463839481391,21.373545073886778,20.079570201007815,19.73110030410408,20.827564268734235,20.05382199131732,20.524055247276934,20.32514924383358,21.533294580869516,22.3457798117691,20.286772615100126,20.36871488825315,20.618113287989118,19.51360591050633,21.095886230983435,20.453678854742975,20.955550822468712,19.926866311242776,20.836804443281057,20.012681945771565,19.802128600773283,20.95000748846481,20.455866463898904,21.024053832646384,20.635937816643327
CT017_ses1,20.3043336227568,19.416410716287956,19.516865998093316,19.96484614081278,19.546361751868687,19.48354275796604,20.681774912841597,20.796279027535384,19.68014922561971,20.109725943286612,19.886623772409646,0.0,20.50570566300391,20.116326939026013,20.70996914802262,20.142403307603303,20.222585573498716,18.999624474960623,18.754043022337697,20.155681996354257,20.273224120204127,20.22468543111093,20.993310993458906,19.630021163681576,19.473208643871672,18.932960450189793,19.462622425188254,19.600365213521123,20.023495807332054,19.42657995146718,20.13169181592537,19.119102403756802,20.492241607120945,19.732548281046725,20.489632370549952,19.910531364210094,18.96595254985268,19.89306894789216,19.423143235454166,19.00623675769694,18.308315249809834,18.96594538065952,19.722522890067463,19.70619406166917,20.636320702150673,19.331890818914943,18.638304284494122,19.429433508961164,21.436083189366503,19.641343153760932,19.87237708356225,19.534413783982952,19.70957270943679,19.5821117643697,19.3012279442936,19.6538461995875,19.967458866941975,21.23433165066172,19.9093209243745,19.243655183594317,19.379961234031846,20.262873397646747,19.5209525274627,19.359983560109487,20.227685767517134,19.123357203604233,20.064423165279145,20.631540140389326,20.044743538793227,18.976709778022524,20.671935058544694,19.606487552627165,20.540044903695602,19.021233261569584,19.984302905229846,20.306445394164555,21.025788686512122,20.90529952740699,19.682665406948516,19.621092316733353,19.154004707719928,20.23334870135979,20.644248040091195,19.807406296231015,20.1153564190899,19.227954255757272,19.71454399255419,20.47868375149973,19.30708345558158,20.226414459583594,19.794886428422398,20.5855099460985,19.409796654106078,19.64303147453512,20.591471354829206,19.512339576331286,20.273494521180254,20.047544495090474,21.147183429684773,21.866107723993757,19.95716442644016,19.79691081786,20.601555538212697,19.05317237307141,20.49914385188429,19.57577254662062,20.554193720418294,19.188293680417214,20.399695270603676,19.42323656193625,19.585315217657843,20.315328152275526,20.593448990095048,20.111430224550002,20.080839957935087
CT018_ses1,21.664288932204606,20.7701773625709,20.671668751934686,21.450330054160304,21.16052189620774,20.864853363478694,22.123990027796136,21.93939366658441,20.63203589532429,21.2596356677846,21.02755666975548,20.50570566300391,0.0,21.289499243397877,22.144985059390798,21.546938992970503,21.722995447096302,20.563699202399693,20.06197393547917,21.4142370476977,21.708688779979035,21.825465584772548,21.7773818672619,21.110237079769757,21.14779829159942,20.958554513546453,21.090216928965656,21.198902575048553,21.23174602700016,20.62897954235305,21.911994454024615,20.61256116985931,21.634551641013093,21.398337343786917,22.21176309752215,21.218168580617586,21.356760492072414,21.216581644364872,20.993547667634218,20.93052956877088,20.094482496083135,20.871684405747896,21.091400689362807,21.29960028562716,22.02418365330244,20.950209648618138,20.018512587719233,21.282132398631653,22.649112596589124,21.458748181201383,21.35510660457932,20.951851504510152,20.792376227925942,21.15169559176843,21.010278594683147,21.155805327608416,20.92506653720878,22.69256022685189,21.37505759736933,20.772530438628717,21.055228994672525,21.760967706962223,20.89906493019935,20.579079777995194,21.560750141062496,20.700195507862635,21.368416551650974,22.09659329313449,21.213104354225084,21.02410985785824,21.881467067600667,21.35477857409489,21.803604135518942,20.242805008178305,21.155358703394626,21.882234745614863,22.343388969285062,22.30162529179964,20.83968358872597,21.092713003209504,20.717466164105236,21.48922214805607,21.585749516203936,21.39986609578201,21.46564773363047,20.784198041724057,21.25847145039338,21.98237379581248,20.596140782159942,21.571783625004823,21.30118184780358,21.797850320111753,20.984901178701573,20.898073040424244,21.648274242825565,20.72466090014215,21.834963591513073,21.410082500649512,21.989388470753624,22.995547759218866,20.83360337091477,20.98907800770144,21.775535255138735,20.81136196081235,21.60615921568794,21.447559291299534,22.127124860665287,20.623874070148787,21.621161418614324,20.76548477438335,21.351728199966917,21.968713049774102,21.58024185704144,21.61021657705416,21.552040139956368
CT020_ses1,20.803916414963226,20.428760063892387,19.860139123370722,20.814914118569348,20.63225571730975,20.271488150261117,21.35559630779567,21.484073621032614,20.234082329477264,21.3087941485662,20.327920045317253,20.116326939026013,21.289499243397877,0.0,20.95799416564363,20.98029574170126,20.337546819432816,19.48105208361519,19.998606197194714,20.823725330591373,20.781815254553894,20.94884158819179,21.624782201207108,20.542640822897276,19.988773390766163,19.934964532547816,20.52444231638069,20.3280639618803,20.808054373529178,19.63211590502156,20.52819209182058,20.337520320093166,20.219434419565573,20.490263034402332,21.140954381020116,20.64395747288974,19.68327182181703,20.415504255157085,20.24113743135504,20.060285675920316,19.518809606846325,20.426980455852725,20.49573741418426,20.62992655630727,21.20953208206886,20.531452582861288,19.682004694393445,20.478734260633697,21.611064256484354,20.729205080238255,20.12436739398896,20.167525384601042,20.638445255501935,20.894652406643647,20.19064880115744,20.353280830021816,20.915332561898893,21.095242969111588,20.374254208601034,19.910050738862733,20.419994828192646,21.014264233884887,20.77008719209356,20.339997817397663,21.14316199158736,20.349642296403132,20.600770455389505,21.65468647090236,20.653281601982783,20.160144697226894,21.193772234124157,20.671492884490995,20.849252229689775,19.82822273254298,20.877262382186775,21.463306285977797,21.53320916043517,21.672358100051074,20.305303418765416,20.587032267874775,19.93285234347265,20.577154963962865,21.45410574876692,19.705821172412826,20.808540804962437,19.921652742187455,19.673364002945156,20.615688374641987,20.21828728150078,20.56460654014018,21.105882230314737,21.035139817912174,19.955599680029238,19.638149846975466,20.949020341303587,20.373634296339983,21.177993207214623,20.46809614973796,21.525709360365486,22.525509196580817,20.39427327966676,20.204356399885068,20.663395422316373,20.121081316421368,21.27917675879672,20.38277708799202,20.84342333839463,19.990035123712218,20.823419260832967,20.847530097934058,19.732486930701572,21.029330946859723,20.526164283683332,20.61797013682941,20.940471924040793
CT021_ses1,20.92929565887448,20.90319089743399,20.67844744613876,20.99614321993969,20.949498446814335,20.729225921721525,21.995268773110745,21.86219291927247,20.324890698040928,21.294683006114763,21.33811387508307,20.70996914802262,22.144985059390798,20.95799416564363,0.0,21.09185586736697,20.995237277287327,20.359207567020665,20.05775360978593,21.229683692611594,21.419441968384167,21.304801444527005,21.929789371916897,20.630760006984406,20.371380179960134,20.591127820894936,20.76332767736869,20.569376201215263,21.08726635970845,20.377476253409032,21.01395420651024,21.214558773168957,20.503321041867338,20.863640353454805,20.73253711368449,20.813061221475397,20.288609993627833,20.66581016892349,20.871384457135058,20.630831254822215,19.976215632139,20.66113131258771,20.463722781323252,20.51959644068365,21.181234509408096,20.640217453646947,20.131800259273874,20.689914169123753,22.23070836045539,20.592742437003213,20.886204056188706,21.077516417621297,20.759289881735445,20.95946175485279,20.69795088660953,20.2445179882619,20.8430904365141,21.36739813292386,21.0809723938797,20.519144962217727,20.40374296815575,21.557624159122426,20.868783470690662,20.616877704176673,21.625820413356504,20.51438654905491,20.747268836705054,21.54892055607841,20.875112667026276,20.259729542555434,21.68317630766125,21.361031894649614,21.51644323820446,20.058887573058325,21.045723105419118,21.676468909324274,21.757926001285508,21.874767287345467,20.535532044519663,21.158219791659445,20.599910859046165,20.92990472525654,21.73598717527371,20.410793545955343,20.86076825116609,20.11284463700735,20.400197913817042,21.339925426680065,20.570812375887968,21.39443394693945,21.43728754070205,21.39067157845952,20.56850094321248,20.562953360926894,21.057532004098046,20.750312075752745,21.31401329737096,20.76788444741296,21.6864408964065,22.886320508709836,20.73059142813557,20.67271977189994,21.262823894480903,20.659761549035956,21.48130889029717,20.350867133413878,21.068606547640222,19.99422420393585,21.001131374697795,20.711097154752025,20.221816148363374,22.050264347689463,21.20095657329241,21.25748071450261,21.19662004594639
CT023_ses1,20.975280310968333,20.709840526375988,20.282897150342006,20.849807227610547,21.09322578703826,20.47947547412241,21.239259906021193,21.4888518767208,20.536201320385988,21.348512757647953,20.645331963330193,20.142403307603303,21.546938992970503,20.98029574170126,21.09185586736697,0.0,20.94163168918928,19.942240768573843,19.968836333257524,20.872162270787875,20.46635487493318,21.15872635175129,21.427085095215794,20.06365962153679,19.771979133296735,20.213645661689352,20.200219357399693,20.409877177831483,20.938442620797854,19.858311269697193,21.086838998950334,20.08690925588324,20.8924066367152,20.7809538475771,21.126983781008544,20.249656079447398,19.91571625754256,20.929310011436012,21.01066861775972,19.997948839840912,19.634887789760022,20.218991975159277,20.03777263462695,20.60539613656596,21.294967896409926,20.514230677353428,19.403241161451135,20.332258759307404,21.52466065833019,20.95432337913349,20.88952479122759,20.249259984473856,20.098569705013222,21.022891243456684,20.565094745959275,20.54864969520335,21.015867472082075,21.7804039926809,20.558500580734965,19.946995496441545,20.448572407467616,21.163673219971496,20.276317654296115,20.365552234533336,20.93967171290134,20.02523922543962,21.103831149368535,21.083205254027764,20.847210841732544,20.436650726283343,21.58155616763321,20.816203440646856,21.443421562408147,19.57745217790998,21.000947622653864,21.893365444177032,21.71493930349402,21.66514862164861,20.528683469822404,20.69380113078757,20.17016715349326,20.583865570283372,21.384100240372035,20.34687401598275,20.85816508319924,20.151724353153245,20.041591830384746,21.400476778751738,20.282357288165517,20.990594443255837,21.127755876273824,20.888980892980292,20.25311769837831,20.399621720862516,21.35481039685176,20.239995263287987,21.28938171550452,20.435019068343696,21.50396329339432,22.773762198889248,20.11066760281872,20.13291531789026,21.15712780422025,19.914354952508116,21.067168429862374,20.422249167343274,21.101910602966495,20.028360066455107,20.23904212455946,20.579406143171067,20.08477579212418,20.93507485143184,21.097050293481555,20.811214303345714,21.071344796019023
CT024_ses1,20.934741604763566,20.33245194253084,19.903340162463447,21.05743895053375,21.093442308839307,20.48655894489176,21.79951067270112,21.48096411002193,19.845148508367423,21.71948267247731,20.458887790794456,20.222585573498716,21.722995447096302,20.337546819432816,20.995237277287327,20.94163168918928,0.0,20.062544838632345,20.002295267459324,20.330361659504717,21.111774332826272,20.64557267638264,21.320548679668185,19.98355024731689,20.061945171398268,20.350627462876528,20.52704667574452,20.57357687079613,20.731237240748985,19.882216537148103,20.71682946924516,20.585968081072807,20.605176364020323,20.175076561089224,21.240070993303224,20.099372394006576,20.0727468243159,20.50331318970956,21.079059662944463,20.263271297994898,19.577349309229547,20.346798887922187,20.531059342204685,20.42928606834803,20.857047870459503,20.396520923913695,19.64178137421459,20.272281543255293,21.92979582417539,20.94088013581376,20.772240600156042,20.56134932991139,20.379167707836782,20.57249946023089,20.450595898148457,20.727596896797483,20.934355883447598,21.450922398833903,20.988263126763606,19.666896046871585,20.073181289871272,20.71073083817103,20.540943276714305,20.34963543165369,21.032442517322888,20.170228752792504,20.51572906248876,21.092790819573082,20.883020340264828,20.38804218697439,21.471449456138096,20.5745937901682,21.400890040082015,19.824949692502102,20.951387094528815,21.33232965400048,21.79887565100316,21.709106840482974,20.60811789949893,20.66263270165028,20.225521002330147,20.679613319231873,21.34707760699559,20.04303362680313,21.23388910477691,20.353576658084695,20.084212193516706,20.774667473788057,20.238694153933338,20.944391114886134,20.992817538004026,20.7981186688249,20.50095203435115,20.04081910283712,20.954314162658576,20.34884295472782,21.354763433566525,20.621208608708333,21.393120293021653,22.656395398504028,20.312121486498416,20.410287784864448,21.20753283002186,20.111979900795838,21.131210806419986,20.313547204926255,21.002130122811906,19.984647132419493,20.397901975417394,20.63935959871917,20.28978914050767,21.481320979906418,20.979867481463696,20.759320984838155,20.958773135669016
CT025_ses1,20.094669388401787,19.418858049391407,18.732976003768595,20.13936401569266,19.323525215000117,19.434894208850906,20.567003307466504,20.157358347779056,19.24567126661691,20.157264462817384,19.143301652418437,18.999624474960623,20.563699202399693,19.48105208361519,20.359207567020665,19.942240768573843,20.062544838632345,0.0,18.56682745692284,19.91852855186745,19.87261763359287,19.35062556197634,21.032886539510702,19.164579216778783,18.966775274379923,19.08346727334976,19.517030931318914,19.206865756166103,19.75368289830998,18.79825129066498,19.95459438739715,19.057735404033103,19.83179516536431,19.48782680788079,20.383964649285023,19.635585331538987,19.1526879936766,19.316415659224273,19.782157099460342,18.594835692525894,17.97370621603924,19.246038167400073,19.3332287474737,19.324997195729797,20.399906539512862,18.919313957440085,17.94435604703059,19.068093787723303,20.880349730382726,19.836462277570426,19.22337342310713,18.742836831132422,19.301287510077774,19.689152626879302,19.637404874837973,19.461309937798536,19.5531791436007,21.208997780624905,19.674419126884672,18.767231374876733,19.367200249894086,20.072281645295124,19.689542370769523,18.96019569429563,19.81384495786797,19.215083459175933,19.994315600400515,20.241957464563637,19.744520780140515,18.817560700333498,20.482799290705934,19.641840187863252,19.98460609411411,18.949624452928543,19.578686889470177,20.172461104547203,21.2950936802556,20.793071097052845,19.239194434532614,19.667749487685864,19.352503036494586,20.021009401137647,20.279529081010843,19.363696742281356,20.227142319366354,18.793901550613814,19.241717037864174,20.115492124244437,19.390266865212446,19.755630732492627,19.842600989880122,20.03307338875993,19.500556733574474,19.121585864858908,20.502503111852388,19.697631837444927,19.980312872408096,19.272908026651265,21.24671899996713,21.820090912571636,19.847459527304927,19.617098169076247,20.00017758230487,19.085725121251272,19.863191924247825,19.436242552761826,20.339170219710272,19.45348860412867,19.928503034792385,19.419740116497753,19.189580618565277,20.547355604631008,19.87703360495834,19.75487200742193,19.989643668362632
