1,-0.0269818463354187,0.200002679970082,0.265050911020761,0.506791820384277,0.136859581804454,-0.1234402938452,0.0098862941669527,0.379884434980803,0.366877337273334,0.47792315131572,-0.0973623784173814,0.186559898715779,-0.236196439665807,-0.321002659533196,-0.0873415298420962,-0.177124858346132,-0.272407565432224,-0.145489593319172,-0.211788512087329,-0.0471574997476056,-0.175630046371312,-0.0189975865961816,-0.0546027218864159,0.0327805896796802,0.0456777862683012,0.168711221905369,0.156900399644829,0.0852999563779167,0.110086213054025,0.120546202067075,0.475465881839646,0.0251326806103785,0.10237554698746,0.238638683229191,-0.154160087371665,-0.359686510409208,-0.217235880926277,-0.0999591193823495,-0.258682906590452,-0.181044376694008,-0.0247014556492283,-0.129224372301776,-0.0211062014844203,-0.0586805081053485,0.158926651107882,-0.153037657218334,-0.1153529606492,0.0238429504572135,0.0222011998810598,0.145813717656363,-0.0376993479278247,-0.279603726822874,0.0644733878167884,-0.0240275555978004,-0.151720547321661,-0.271722925468705,0.15909320461008,0.0134656229467914,0.0724017569225967,-0.0029508041685279,-0.121672367118151,-0.142662799339831,-0.145612053498572,-0.170725765927144,-0.0433412708891073,0.186058093289051,-0.320521369703568,-0.041931930734245,-0.313589498357876,-0.328346846241478,0.0539156611032451,-0.0860757958724806,-0.188012840811687,-0.0906040004926967,0.0596298208936906,0.311002229579684,0.43069558898013,0.179779966223538,0.104258244886612,0.351114920594793,0.558722438143895,0.526763138688277,0.624461636384559,-0.0248811046093899,0.134452349723484,0.0753728142112384,0.0524005306778272,0.460988837372001,-0.0295577437106185,0.445735522476877,-0.201803118638395,0.514187761951078,0.413910332518677,-0.221909538455484,-0.399282955005614,-0.0908361811414218,-0.228223933511065,-0.242262844776656,-0.135624701179241,-0.057309396029074,0.0426737692944204,0.180532828647017,-0.0171858379758393,0.109666377739188,0.0972917400286228,-0.0011351641268907,0.270763689186154,-0.226183515145472,0.314822376451165,0.141770900713553,0.148252137871249,0.233193657496969,0.0213371865645109,-0.0055799255947842,0.231218958790631,0.0927207235319515,0.133418672733184,0.109985209070324,0.356931208552372,-0.188994187559428,0.259211741874008,0.20878704374458,-0.283876767230218,-0.261614754173733,-0.0892185725799776,-0.279504132079007,-0.20597389537239,-0.306993939059977,-0.0139057213693362,0.431533504216153,-0.107493671340792,-0.0413802851421109,0.0655443011089244,0.136436152021444,-0.264729740026527,-0.0639892356163854,0.0368634890229721,-0.188495671950255,-0.0029908329479183,0.158375769280065,-0.0320345361386551,0.025708665538155,0.280753861925008,0.115557675438885,-0.0055092184680701,-0.0740929124992375,-0.023299805163333,0.566480920019529,0.231473222490219,0.0983316154265917,-0.040964003417156,0.0897922199640668,0.0449400419725619,0.0312828647598043,-0.167083745365721,-0.250525468018719,0.0024135361911371,0.259128134637208,0.0258455702864183,0.398033616738136,0.425672940834678,0.509191925143722,0.181771020011852,0.385418097939616
-0.0269818463354187,1,0.194747861554146,0.0002580320795419,0.0402548781460237,0.51016831082798,0.145791505138764,0.0813954366312126,-0.0286318674224386,0.290097593387398,0.0807224599034191,0.0664686709594064,0.337822134037147,-0.0089035761382712,0.125643499897016,0.0484983354296609,-0.0040317796184422,0.0506972344515625,-0.110740570248779,-0.0708555498298488,-0.0122174560441627,0.104156561442242,0.179599152366619,0.10185740021088,0.0775107376972082,0.237049810275861,-0.0444157966729534,0.173507552746515,0.0063005924320245,0.212445569471364,0.145288625553845,-0.0706766450598346,0.110472537995646,0.0573082878088222,-0.0694147347717236,0.0127652385853651,-0.0956572166992962,0.042160660368077,-0.157167283069607,0.022361234590492,-0.118765560637507,-0.0818306099873174,-0.0897291984119096,0.0103715792599225,0.0204856600628167,-0.0068619327635139,-0.0528958426202848,0.150013249879823,-0.0653952670367408,0.0006579612193885,0.0825193545010227,0.059010941434088,0.0024623218066741,0.111142949241718,0.0735252705728371,0.0074122535312818,0.0121664874822838,-0.0094917684618073,0.0550623461216298,0.11989605921143,-0.0176170690155641,0.0397149778744525,0.167921710408729,-0.029761781612491,-0.216118470518389,0.0280406549568868,0.0030659390584141,-0.0140301895984205,-0.119846558089353,0.075426749697733,0.029832268356313,-0.008337842312137,0.0685072923244253,0.0099317898813107,-0.036822126740142,0.0164638065156769,0.0858382768133668,-0.0032374956492068,0.0680664641696489,0.0212842295905491,-0.0952481838737704,0.0019187498245996,0.155163404756138,-0.117917292214944,0.515236282997857,0.113455119286666,0.424720699840858,0.422833088903128,-0.104119692289882,0.271753762030666,0.0982819988761759,0.335740986381239,0.24169129563592,0.0763373254601765,0.148337280067705,0.110353369600964,0.298316823183046,-0.0336725439390848,-0.0576124655565723,-0.0788735330133012,-0.0345925245979794,-0.233793682800945,-0.0286894728024685,-0.109647172244098,0.164945300730258,-0.173636508693777,0.0449710377442932,0.0282278141894712,0.0741055418493771,-0.0606910026597744,0.140891404043971,0.255288655335325,-0.230238829383021,0.0964966850042222,-0.100704364433108,0.307227290501082,-0.0224870643151515,-0.128282518990625,0.119557751894117,-0.149896011828681,0.0458660204874009,-0.200005789403905,-0.152947358282095,-0.0973629375299916,-0.121277675767701,-0.313285929051313,0.121600815316348,-0.15532751578525,-0.0341824430723348,0.003062480377096,-0.127681454048559,-0.144325495817539,-0.314619782472275,-0.164935604126019,-0.104761130172635,-0.11808319730939,-0.0502974945153549,-0.242663839992791,-0.0072684644357585,-0.184542821220195,-0.115513354153805,0.0246581264864064,-0.164887705362332,-0.0659839263634924,-0.066678157286038,-0.114251630828781,-0.157021527059314,-0.237084487315333,-0.125263975601115,-0.14571233892393,-0.117990684297954,0.141377884800434,0.136793654457015,-0.195683920752552,0.0224752615753843,-0.13002351413466,-0.13153115338058,-0.239905198958433,-0.223801700884509,-0.0472977244279572,0.0174238482848543,-0.0712197099574884,-0.0305797895587891,-0.0429879733947209,-0.117939606244909
0.200002679970082,0.194747861554146,1,-0.0792350411056863,0.0199650257283432,0.15891412196589,0.401610794782903,0.0356975821944263,0.0880310978729256,0.388284145840003,0.251325608443284,-0.0623769142956927,0.342248085174701,-0.169380379646655,-0.0825298038117643,0.0034316280669311,-0.149228002124496,-0.173006285125295,-0.0639619568500727,-0.0102912952685037,-0.0241457557878071,0.178871581783791,0.265543625145483,-0.0598718771100445,0.252718262033903,0.684937676908782,0.663946048101357,0.729722646828859,0.54748197827984,0.154762868594336,0.428177625440699,0.463206845221383,0.261123556883798,0.102725643080084,0.560497761259939,0.386408751529539,-0.207953811584961,0.353557390829643,-0.0402028150063118,0.162253805250614,0.100197933994899,0.0636294802080836,0.406815622610901,-0.0364237026259164,-0.0161985624724275,0.253246164488075,-0.0866751424494482,0.0178905997669084,0.0206119264860491,-0.0314854237158398,0.593215584136768,0.135826372099995,-0.290230630126985,-0.196818268576064,0.448879783033055,-0.215662539198814,-0.427969327676058,-0.0838005388221732,-0.0301858997852179,0.376843585010028,-0.303200829405037,-0.427268008946943,-0.382289699768087,-0.371630961455473,-0.227289139979158,-0.393577994407459,-0.270942967864103,-0.380018483424272,-0.198976296686542,-0.395902178486392,-0.295488118065038,-0.205517309664453,-0.382403035226567,-0.20145700330067,-0.062596647478639,-0.182094764958681,0.0508258569731118,0.0952432540251235,-0.293346779519232,-0.230425765480371,-0.0786210686697541,0.221141954914011,0.336156963265955,0.114950093859825,0.0707658499038316,0.26382873733656,0.267027624916246,0.108959209802507,0.0037111485831482,0.169342319971891,0.188002144152034,-0.236660431519406,0.260325490558716,0.351867537659035,-0.175709348579954,-0.24323802519789,0.0193924058438234,-0.23957982877502,-0.0519198750894901,-0.0964223781864081,0.0661903416073344,-0.0687144025300042,-0.0117104799632323,-0.0158120983268573,-0.0261400086158252,0.0792107145653496,0.292366491744446,0.121189294505196,-0.106733964413107,0.328059040475402,0.231103128152807,0.610000990809053,0.0067843964489728,0.309083865355968,0.357386046532975,0.194602973182661,0.462979951996101,0.236088241385512,-0.0884734893460488,0.415524998922856,0.305590106399536,-0.393109392166407,-0.130563951277812,0.0258147919270894,-0.315783791939213,-0.0336958735770817,-0.0117770026497334,0.113610661499572,-0.114118328193209,-0.019998082289431,0.376116118091056,-0.221449461530925,-0.0723867970409244,0.329052527871661,-0.0479102520822813,-0.225506059155218,-0.229975210642173,-0.31974891130706,0.3050478126743,-0.255156696816831,0.158454965938786,-0.102748737467771,-0.181121337024086,0.0691186438754501,-0.173577403465847,0.0837471356256912,-0.131153720633719,-0.0431399231751966,0.0034417808822969,-0.375755271580237,-0.353912882234315,-0.328929925766144,-0.325492602535296,-0.43589298967941,-0.368256059071939,-0.396210776275414,-0.476414465190206,-0.506227157691654,-0.0998291092721844,-0.490441503155779,0.0389612872212511,-0.122770516504588,0.132809421358608,-0.3855632289389,-0.0695277356107673
0.265050911020761,0.0002580320795419,-0.0792350411056863,1,0.175534967326559,-0.138797471228673,-0.0347240137264945,-0.0715797240882641,0.183311949520381,0.0968080446919836,0.121628732138603,0.318230523806486,0.0409584957806455,0.115796418133622,-0.0266920386410991,-0.124899301771296,0.0121635403082494,0.026469280032328,0.104060853119696,0.127111864542893,0.11142557457342,-0.142170084698378,-0.111328299042461,0.172700315357268,-0.0601461071723013,-0.288977687050517,-0.0842398339930391,-0.169208655402527,-0.27382416167227,-0.100742836510704,-0.0676571667273096,0.0360741022162043,-0.160845004523179,-0.0657655390891303,-0.0383508143634931,-0.254114231045773,0.0888221877924195,-0.181689362420494,0.0646495221607382,-0.0217035307242333,-0.108603731174116,0.044214144584487,-0.204116389582724,0.200132255359721,0.0998092157643015,0.147669563617747,0.0599230460424951,-0.252038393148353,-0.0495775074207363,-0.144288743151962,-0.214007901714533,-0.172802140466593,-0.0987880434357251,-0.0035050164489928,-0.215478026296914,-0.106284632901244,0.0374925787796296,0.0849066796173571,0.140929513131772,-0.0230993728825169,0.101608346947235,-0.0502150604717867,0.0037004191288606,0.154410644594524,-0.0098164255855827,0.0794409803564944,-0.0854029947415351,0.136492689651346,-0.308057137713079,-0.0694543998702632,-0.0510257128256863,0.0069094541574144,0.111925697088031,0.115420658375427,-0.114759721987225,-0.216649269275564,-0.174472127224091,0.0086985422691544,0.0684902475424214,-0.126290879483208,0.0557822064570485,0.0514644100886799,0.080195465868045,0.124672220483182,0.35863027744318,0.141440577605947,-0.003137738353231,-0.225485981890259,0.150823735113792,0.0228567249116453,0.234930316785215,-0.0298231228676818,0.324036077933204,-0.0292690304090477,-0.0992078449594706,0.0168028310996629,0.0583119607160809,0.0228805577890803,0.0066941397731104,-0.120496666363959,0.0197994110237893,0.149913142166552,0.0452352008967147,-0.0271948833060865,0.0314420525740897,0.0860179370810174,-0.20692013149347,-0.0814061166041587,-0.0962271455907873,-0.0324083585697582,0.0200523239466887,-0.0592899345960706,-0.105543919699957,-0.359198803623528,-0.110369529639831,-0.160965310146864,-0.028611855486344,-0.0402661416487611,-0.274169346680113,0.0124197719069968,-0.251655749084175,0.0652546112549668,0.180587164550165,-0.0519570852927712,0.018475822470715,0.222776145543222,-0.188033657580864,-0.0841233754284628,0.114112691695221,0.0715668715931262,0.0801960059223529,0.129752236237435,0.093632144957498,-0.0291032674125592,0.0014135691439964,-0.0221047426697388,-0.125817156300014,0.0283394431904273,-0.104403192076783,-0.125716183677041,0.103783077632521,0.0017437551525232,-0.0960998855214415,0.131482434011456,0.224817516650564,0.0200794501418087,0.126742908549433,0.0010266076996891,-0.0091319247275071,0.037624831624864,0.0106555228972004,-0.22488059044977,-0.0957018253699424,-0.0849545224142773,-0.127641094216555,0.0620666507914275,0.121318019035985,-0.0177638382266019,0.0516050526539435,-0.0299898778664439,-0.170002964807202,0.0282149181842592,0.0113904626317767,-0.0406276190356541,0.12294872550627
0.506791820384277,0.0402548781460237,0.0199650257283432,0.175534967326559,1,0.288053639938794,-0.449753250258586,0.0685118904449959,0.67199437720864,-0.0126978420801452,0.431705836392381,-0.0168710566435336,0.173101893069078,-0.38851378469833,-0.374854510026595,-0.0419352197027879,-0.390535488147669,-0.280064751901944,-0.288308194015071,-0.243651309197862,-0.0070611221912233,-0.151681699478344,-0.380652239609729,-0.189344254445121,-0.0222269129875984,-0.177397190334394,-0.285197883696383,0.0975189273814523,-0.349286580972794,0.0462479235186948,-0.186983702126958,0.116506427694318,-0.294218795079492,0.10908826706601,-0.235786764479254,-0.505643620436039,-0.563671998345844,-0.559812997402649,-0.538150527543802,-0.558283196550405,-0.370983554571441,-0.238306921570484,-0.508113022435701,-0.234436937386581,-0.288488887762509,-0.224114487182018,-0.314864972513497,-0.0110203764551751,-0.261468704793552,0.187674245427118,-0.20313734480915,-0.126821742160752,-0.296962481195381,0.273459246265476,-0.293664999957301,-0.185292767606452,-0.228485661556315,0.288147831837199,0.0794851267464445,-0.10151549878524,0.208311682790291,0.181230273351937,-0.0081271144386088,-0.263217391214769,-0.499241585378832,-0.122215351405826,0.496367924566049,-0.172678859965041,0.381773148316172,-0.28085045895207,-0.294479406070397,0.20517749152945,0.204352462476788,0.0151508175003852,-0.231850294049008,0.190602120551315,0.435859394258968,0.691903296983585,0.543798114334832,0.509849465506904,0.416006385607101,0.732786961539053,0.556521273834878,0.725831758442414,1.92779930680547e-05,-0.0783934613792744,0.0120427666479007,0.109751452611703,0.811658526863853,0.363048985621974,0.653284164972404,-0.1039465676539,0.530042877960777,0.300771436639345,-0.197701632187664,-0.412986514144168,-0.0868297321844391,-0.268487454055798,-0.357327710107229,-0.191976463924525,-0.18606165671187,-0.251329646648526,0.114264184097284,0.016752541919064,0.0247793527808497,0.339509216501956,-0.359465702437367,-0.0712746472761269,-0.215428786121312,0.198182897501979,0.310547063679887,-0.0762178636726741,-0.0113274465973326,-0.183439901417717,-0.273730374907572,0.199399333663409,-0.0374874737666716,0.0517209931561719,0.277250474393272,-0.0779308031794205,-0.351357570544925,0.087481154243825,-0.127285362466461,-0.542767728850923,-0.367548775303699,-0.369275840785287,-0.491164370316225,-0.397270703605334,-0.44441692658992,-0.335221814458663,0.0657909719374788,-0.346160748440074,-0.555937294260321,-0.409392599292705,0.260463122627415,-0.291454886793155,-0.105291029482879,-0.0007686659281118,-0.532059266708171,-0.145289718849097,-0.241739556544562,-0.0038579575399386,0.0626868177671891,0.263061679789594,0.0672827601433837,-0.0126545863838623,-0.0446759532869679,-0.402564755476529,0.53131477159191,0.148774786993664,0.158696725551929,-0.125460196074693,0.396240729857816,0.219816513116902,0.180335291912002,-0.353960260164492,-0.396091217888297,0.0644198907128316,0.102476647525339,0.233652022828862,0.445527133239222,0.363157443387841,0.665024522616639,0.480679583211851,0.363238975068933
0.136859581804454,0.51016831082798,0.15891412196589,-0.138797471228673,0.288053639938794,1,-0.002297543770573,0.607414996013526,0.458437644445383,0.194353414294818,0.0275605935139837,-0.0161621608095865,0.481148688630163,-0.155049980776975,0.0082965187523576,0.0157548274491755,-0.273869224529649,0.0080018504263052,-0.263523080385694,-0.120210785217166,-0.0997263575119759,0.0809401897270889,0.0285724169706134,-0.016884338167953,0.0974978557492101,0.0634100189759807,-0.0783946244100414,0.333094581847375,-0.115917786810554,0.117548841390008,-0.170283027545362,0.0695998144807602,0.0825774650733367,0.104293908989321,-0.126431718120928,-0.375975605831459,-0.480197495680732,-0.173684520607315,-0.598726328671458,-0.228095469380515,-0.467942196402142,-0.0066667167434707,-0.389351559488872,-0.317069543899601,-0.378109438841067,-0.237632009709333,-0.210508518464641,0.18644942319023,-0.205417582392802,-0.0117280578645312,-0.0326644833436434,-0.0645284762732477,-0.230054281184301,0.147478663322764,-0.132807565740853,-0.273629894524683,-0.326399624728846,0.012432455371976,-0.389659993617047,-0.0429374675863868,0.0440866761557743,-0.0043132487134915,-0.130352386233325,-0.497264478275304,-0.370435234466848,-0.15509374910025,0.345628768929662,-0.1751500787525,0.36532641187578,-0.265521741606015,-0.376732097794623,0.191594778640228,0.129614950371459,-0.0625782322457714,-0.190681447359085,0.103063950445847,0.433125729868209,0.349712815359045,0.373390540207757,0.20003859016389,0.199629056507109,0.313495688323748,0.281510868408001,0.293261950077061,-0.0339090918901214,-0.214272893528483,0.221783475437334,0.640896475421738,0.30457613703042,0.627454108883892,0.39222937334882,0.345252075228926,0.408791673658199,0.281295040341536,0.0330996121567317,0.0688466255198972,0.246138535873557,-0.229043277340508,-0.181516700130128,-0.148797180853837,-0.118848820273654,-0.480675940761133,0.0990380356140902,-0.0205747467585829,0.0314748144351656,0.108075727924904,-0.0237159053320304,0.0800708730003248,0.0679280658172706,0.233360403790102,0.349137603639512,0.103886881938968,-0.121236878001495,-0.0044965325840478,-0.26658187240626,0.121915651753073,-0.129525301511137,-0.131298788450246,0.290059553894522,-0.100717948521271,-0.160848336803374,-0.184140563826729,-0.149039493347264,-0.249565791530662,-0.345182115851521,-0.425333631884144,-0.192086885989581,-0.397380881533284,-0.31729269341287,-0.307399497687517,-0.0619272857816536,-0.34879366896027,-0.557689143613024,-0.321521409970443,0.0394854207992753,-0.358043755018497,-0.0795031578315303,-0.175015000970499,-0.347981421504689,-0.379342506162185,-0.31041414019531,-0.109993411425787,-0.0484258123009318,0.00841479189511,-0.3868054988985,-0.269006635764391,-0.231135882580682,-0.491116230852244,0.39798190166602,-0.0332285669004767,-0.0105327888017216,-0.0151004794278148,0.312172550459228,-0.203127817022549,0.0523964531815816,-0.465846005420678,-0.540695451062593,0.0010506593481355,-0.0719997029634213,0.232161601794585,0.417221534826317,0.286313148203631,0.365076355863773,0.327739298158202,0.175271321744452
-0.1234402938452,0.145791505138764,0.401610794782903,-0.0347240137264945,-0.449753250258586,-0.002297543770573,1,0.204587686254071,-0.199544560074095,0.499398411249103,0.179161192978781,0.144552863268952,0.213568521977404,0.382200695016433,0.473471265902172,0.182281455596366,0.426469516246561,0.408158106973745,0.437267457887243,0.417941256739814,0.362682667288311,0.248812008704828,0.632159396124752,0.311647342708678,0.32024285799162,0.388314446429974,0.568016565506957,0.212605424194702,0.545956536522363,0.0412127400636235,0.246788245436793,0.208761010124274,0.620233833241819,-0.46113329700594,0.378321313400478,0.39995540246139,0.408582985224312,0.781938828814267,0.298991550231552,0.641712423237738,0.166420778116418,0.49959424359947,0.363210922741286,0.205184296539426,0.353542269499891,0.515511801013243,0.420389387163485,0.247919419072155,-0.183403336764701,-0.375520450421341,0.244133865094099,0.0078727319791841,-0.272400173947705,-0.537923429185351,0.111291740218963,-0.44534801515162,-0.268209463347263,-0.0056572618272476,0.113071770786483,0.357699197522324,-0.341290784645406,-0.34556442735023,-0.413368410206927,-0.108418724559702,0.413573563783286,-0.268147590636405,-0.557180625629412,-0.0125380957688601,-0.301139919849963,-0.183350524059934,-0.17164159713643,-0.0378806230809086,-0.233595290603817,-0.0140176293790205,-0.313025070502979,-0.52543219473088,-0.43437353580475,-0.284655894679063,-0.351504290861709,-0.419779164975808,-0.227440276239819,-0.308423906220805,-0.128819681276332,-0.337321349975755,0.209938116454322,0.309434348504776,0.440535634278812,-0.0146685934620365,-0.410747012914715,-0.190672640574913,-0.240493183518806,0.284922779616746,-0.0880773346478594,0.177963328614358,0.240575049793255,0.304584787785638,0.211899845543967,0.240401328611781,0.424261127593302,0.0953241717898124,0.301083249774637,0.320154206891326,-0.0387684207068606,0.190658843989434,0.19574194731376,-0.110750038080284,0.606645263955486,0.185159449477516,0.291459801541404,0.267720044159043,-0.0095830159560247,0.51524460013795,0.129807357574863,0.361265499761849,0.202730900816375,-0.0693729827448883,0.136248467745462,-0.0912096248979597,-0.206163936470972,0.312105459303034,0.467239265572906,-0.254600052920046,0.0551016939140582,0.681616228168521,0.326377992518837,0.3859245568859,0.398729353632258,0.183232180087732,0.444287855306025,0.485040413053954,0.382040657237321,0.381945588629999,0.369574284511051,0.309532545387743,-0.426481491855021,0.121083704605548,-0.315728842708145,-0.379712397455382,0.348469964146947,-0.3073798332265,0.392016775552686,-0.307948395947483,-0.433663701054281,0.0131828759205452,0.033344422950543,0.0415159123883187,0.129987219994926,-0.0289721357530368,-0.33347485038901,-0.394935356342677,-0.43735103972978,-0.0313265888151704,-0.431994201505537,-0.347717580388235,-0.349075075284803,0.0908330791488449,0.0425031180404436,-0.0443842470933576,0.0347702880076735,-0.350474167667749,-0.415597305514984,-0.340818419840152,-0.304316385079394,-0.385021071452838,-0.256891451151278
0.0098862941669527,0.0813954366312126,0.0356975821944263,-0.0715797240882641,0.0685118904449959,0.607414996013526,0.204587686254071,1,0.419151102044186,0.409344650387724,0.0853423877789771,0.383505696642426,0.516716034417857,0.0754220003621637,0.12478270744319,-0.0530166584042735,-0.0536492188810332,0.0987335056159503,0.0334494303904316,0.131893861289668,-0.0707481309546604,0.0675110001885395,-0.0079046954448066,0.138445583605386,0.200937528979546,-0.133958454750287,-0.017882052933444,0.213785786162915,-0.111894307015633,-0.17395771964623,-0.245402016497069,0.0237647410863695,0.151782618797105,-0.0233106841742713,-0.11642573896858,-0.365442553715078,-0.256433820124853,-0.0068538228203965,-0.466809806519069,-0.0841458978361295,-0.224024399427706,0.100704723153211,-0.283853735814636,-0.255647425117856,-0.190286253993639,-0.176620098050328,0.077909069126606,0.0727378355619477,-0.191366478465439,-0.0141832538038935,-0.164442478284155,-0.086364666557072,-0.236254484247608,0.0056533120084785,-0.181065222059365,-0.282142073333972,-0.338973341193078,0.0535565245325712,-0.261695062993428,-0.0371652213863746,-0.0363526054935638,-0.126816736123264,-0.256045150578042,-0.434975610646927,-0.130919587815657,-0.0620566795333525,0.260525697372026,0.0256154174571762,0.390629544204233,-0.288842300792985,-0.393440830097761,0.306384904899465,0.0459641895326843,0.0894372542947014,-0.16332442012498,0.0017438699636912,0.215739194184414,0.182441616908019,0.277782297485676,0.130184112280766,0.132189621363179,0.113395420725651,-0.0399786343564292,0.201026871275837,-0.134503470024327,-0.24369883532234,0.0801681276399395,0.390921047412786,0.215987377849534,0.483927505454483,0.242674646726845,0.341629546751186,0.28656695206682,0.260027624536938,0.0282803276588545,0.12735371484364,0.11433583275339,-0.195701497616311,-0.0108170490454289,-0.0924310786421446,-0.034839463590526,-0.274292007359784,-0.0117395648595993,0.162668150208292,-0.0447034521185061,0.0900875262519209,0.0211491890369611,0.0006571505739331,0.141290869679556,0.241178158898979,0.288625750156738,-0.0537162226393984,-0.125626236260206,-0.122982437243213,-0.140699917440621,-0.124103301832175,-0.115797191495099,-0.0882355576419404,0.110313776799985,-0.0407363187874036,-0.0951621567425672,-0.203345244289945,-0.218275957180624,-0.0481535878052134,-0.100292277485088,-0.15687419951047,-0.150094975927545,-0.151360346702716,-0.130497851286027,-0.06376751848298,-0.011394631371917,-0.104382063677924,-0.302761763467939,-0.127234078598606,-0.0137217431603224,-0.0694683855467827,-0.0602019681039424,-0.121724256891897,-0.136245950464883,-0.322225668410839,-0.193888690434646,-0.146349157363697,0.0381025081943666,0.0820447778115504,-0.156559824816321,-0.0343108115428708,0.0756621512769206,-0.314179996055302,0.275505224039717,-0.0100920825813683,0.032743083568465,-0.11238583809437,0.0744014398660885,-0.294114288179236,0.0340235639848579,-0.270573109674124,-0.364202658007143,0.334560758187667,0.170946107306092,0.211407778349406,0.223354003760635,0.200749007922053,0.213391832619406,0.233634593937106,0.160148936425496
0.379884434980803,-0.0286318674224386,0.0880310978729256,0.183311949520381,0.67199437720864,0.458437644445383,-0.199544560074095,0.419151102044186,1,0.142034680171578,0.389076943032794,0.233123735396764,0.321256994953821,-0.381704043090095,-0.239675082654159,-0.245947893282362,-0.572313139587399,-0.284169198607248,-0.319553729436608,-0.225335465691799,-0.112896734914776,-0.118580515323597,-0.293133415133281,-0.130530901501857,-0.0157367438863217,-0.142272390964958,-0.160840173968452,0.243035922918896,-0.207794664427044,0.105909073326277,-0.178729389690604,0.314442570564401,-0.109388831172223,0.170786725412651,-0.108551810557525,-0.553939026468981,-0.489655084047259,-0.425439333022325,-0.559519850359597,-0.525606382258023,-0.389746377289902,-0.177502949943383,-0.609765576030951,-0.317318290036451,-0.35278790970514,-0.115727843856694,-0.350643153698796,0.0678356582613929,-0.239342993240767,0.16763163065885,-0.109778051946588,-0.274976053377946,-0.416972802758166,0.161321253704216,-0.31058369730984,-0.303281314617043,-0.435029772190567,0.472586454350745,-0.0021175154475954,0.0336328908196221,-0.008322296079451,-0.0032865947814045,-0.163770332728239,-0.39149388299733,-0.345965458042587,-0.0929787583792633,0.457967842906446,-0.0987227137864242,0.329819100088102,-0.455594811345579,-0.501128825208206,0.259372722408765,0.0719772653452254,0.0292705786364906,-0.240809754824636,0.0966834591649167,0.395912751789213,0.715562314476604,0.576538226552933,0.432990641776199,0.600261549853074,0.67298906894573,0.467041883296253,0.638526484367531,-0.221176406103818,-0.0934749531773731,0.0262708278809814,0.0953968704343137,0.798462110336514,0.572477073983469,0.773063697568952,-0.0849862197891067,0.642133410239639,0.308285375032644,-0.321536042260786,-0.295033778146061,-0.139569517539645,-0.380284671757778,-0.47925764864266,-0.433789652354353,-0.297681075307392,-0.272155753490845,0.0884277952130346,-0.100362299054237,0.0246095579503331,0.276629466526383,-0.272341480672705,-0.0948293157040785,-0.15715962526871,0.335169039822649,0.227430335589928,-0.0857822738391253,0.0342159100304579,-0.188293020943906,-0.142821946252454,0.0927684896864147,0.0367652234772065,-0.0092368404646847,0.166413292869003,0.0838939817618513,-0.307365925219444,0.0737684521797546,0.0774306824787541,-0.420034914016713,-0.438692558204027,-0.359262333286271,-0.503314250488735,-0.372399217295131,-0.478425629433612,-0.298112442762119,0.245161714947073,-0.431425930683471,-0.439760847748358,-0.262311110261982,0.243654186943244,-0.251263793464444,-0.186685513330235,-0.0160359238098871,-0.441888065954348,-0.178392545343617,-0.214645720402566,-0.0692204957778203,0.117046569718258,0.482829828992995,0.0813376870484632,-0.0863314920415529,-0.0246886493920567,-0.381164829985262,0.659801397528092,0.187893603524653,0.171278510347009,-0.192428026611727,0.1870579413846,0.0145065895900049,0.0775630926565853,-0.414957889201396,-0.534630079786525,0.202168466357629,0.156789020844555,0.242159684349361,0.50177746881453,0.521548415959798,0.714918682010191,0.538814514752757,0.587101106579265
0.366877337273334,0.290097593387398,0.388284145840003,0.0968080446919836,-0.0126978420801452,0.194353414294818,0.499398411249103,0.409344650387724,0.142034680171578,1,0.365127515953597,0.303158380549114,0.431418011506819,0.184952350892519,0.105748110546273,-0.0607730729124262,0.0586470016989251,0.0376194237024517,0.0656098538470432,0.083345017769762,0.0461522506152955,0.0201280476489373,0.295554902468008,0.231853925023493,0.279117349600726,0.185240381194161,0.444732201359296,0.283650980329264,0.324424980914867,0.0720711525250702,0.146186746207611,0.444234546230754,0.39896742494095,-0.13097181501375,0.336189857006361,0.121783701024672,-0.0343327730979343,0.351303110507553,0.0015685986119962,0.211058960347444,0.165228521898605,0.205807624969541,0.065686628077024,0.171574665291084,0.233042157519952,0.432367098915519,0.103622393111033,0.0730991764860654,-0.189708154396076,-0.244936794415598,0.174567233008417,0.0088004178736124,-0.392577605473532,-0.247481104995838,0.0558880310043117,-0.364942770644777,-0.433250574494713,0.1372634524974,0.0405397975058474,0.324855416620478,-0.284455778294914,-0.371960933165503,-0.427051622559238,-0.246544760704194,0.0590729658462993,-0.236771292613448,-0.276849893028078,-0.013048093002209,-0.218012933062675,-0.264608457835529,-0.334366507340558,0.106086256734659,-0.205015070164302,-0.0108781609766211,-0.264162607952693,-0.360870356399064,-0.10227918972655,0.0731716226327111,-0.139173541263043,-0.24696535456906,0.0648056654846659,0.130514341467421,0.124954547763758,0.17374726365688,0.26506701526656,0.234171695419356,0.380651461822477,0.137378250548461,-0.0211866444273786,0.0501518149046345,0.175926500914189,0.137776274898863,0.422519082176262,0.47878815357354,0.0515378844788109,0.0012056068015111,0.0397116558270891,-0.120583466179536,-0.0103255470989127,-0.24009131190933,-0.0610236922623214,0.0608670760510174,-0.0354757885591231,0.057351820751214,0.0815155311664944,-0.166119146522831,0.30504805352775,0.227336532368991,0.0086115941147376,0.362114173238026,0.170723912458997,0.457557627611696,0.0092801089689977,0.182152532039971,0.0784275160246243,0.171955389896816,0.119286161516452,-0.0534024953927089,-0.0662123264236112,0.432722489381805,0.145179294435842,-0.150549413923465,-0.0007554959522934,0.194890306421795,-0.0701988628166988,0.0582095669073634,0.0575941933875982,0.073827895472445,0.11541640288144,0.374066592360855,0.479699669178687,0.132892016925252,0.0959045542287145,0.18130595923026,-0.249332432301721,0.0487114351340475,-0.312432772703513,-0.236231664080399,0.162184676784833,-0.292310711971189,0.291079437200755,-0.276431151450915,-0.355981176257737,0.285925158299176,0.107393206542798,0.139688799240169,0.200514152494789,-0.10258593470707,0.133504771373708,-0.23549444526354,-0.332810450199045,-0.0860853176618612,-0.32579334184426,-0.326678706383591,-0.22489469206428,-0.170795787023753,-0.173113278147968,-0.0049587195238524,0.222470643948885,-0.282009534812909,-0.0016368286785929,0.016267017709757,0.177208524762,-0.187071401825498,0.0969617369339816
0.47792315131572,0.0807224599034191,0.251325608443284,0.121628732138603,0.431705836392381,0.0275605935139837,0.179161192978781,0.0853423877789771,0.389076943032794,0.365127515953597,1,0.385895172897274,0.418558475204156,-0.263121828074025,-0.237180135438887,-0.200557521552569,0.0028246548712148,-0.112347249769987,-0.0584081314761669,-0.131727758289173,0.147688838102485,-0.13459407538013,0.0948731904985328,0.0919749142700972,0.106316667975315,0.0156740482945752,0.160609035773803,0.240431664403389,0.179097669258833,0.0955738311855221,0.295020137949992,0.429320258230789,0.101446254929643,0.0103192205409042,0.219604134095149,-0.0738907949560003,-0.152004710669047,-0.0531798112155232,0.0611732998271553,-0.194862427964957,-0.0432561584256903,0.030926275545404,-0.0612780214548858,0.0846332582202295,0.123187521239746,0.268979645593672,0.0565054624596085,-0.102514753629033,-0.047452180669395,0.14287542794988,0.201118070762233,-0.0934660234728947,-0.391179783987375,-0.0764724836907272,-0.0726637873031572,-0.26211816103116,-0.270779291299472,0.480419787468508,0.472210054857383,0.100206806430592,-0.0516758663178092,-0.1077125766616,-0.199853347852491,-0.0882510894811679,-0.0471367501472873,-0.0305000000165926,0.110357207575009,-0.0337143187587455,-0.0145339512125902,-0.425017834476748,-0.278037039405916,0.122931642373431,-0.181876768857881,-0.0425273440977522,-0.211029511222913,-0.0872071176807562,0.0202920047518093,0.432530241901574,0.0862724673676044,0.245200956548721,0.307730095567399,0.332991647914805,0.211777968542028,0.270503978278325,0.0390066652162597,0.0513074710175376,0.188305953378771,-0.15088740278062,0.32720667251365,-0.0126186551552088,0.369962442935263,-0.0079094912586307,0.505628000359059,0.312218903276292,-0.264144639139735,-0.34739505439081,-0.273136756001166,-0.326290124602745,-0.0821902286552014,-0.0764324396784259,-0.130566117604996,0.103682376285447,-0.101786113968337,-0.0173006257101854,0.221354504973727,0.130729596324937,0.020480631612583,0.0892351623482033,-0.0516673447971645,0.258134868568537,0.0710870818854665,0.0863516897425041,0.131029130378519,-0.0582835752947513,0.0159619311837831,0.143427093430289,0.0823192889231414,-0.0178642147441153,0.119277924193119,0.170140503867608,-0.0951139173602385,0.0779988817787359,-0.0137934384224883,-0.138863261582722,-0.126537124366497,-0.147724420129681,-0.188620411840312,-0.0899286516644908,-0.178262037184177,0.134323468734234,0.352386205458598,0.049019063225538,0.0511577304839545,0.0726525868389491,-0.030494384714773,-0.0290300702294204,-0.207233262261392,-0.156639742629729,-0.133395405781048,-0.17424449981375,0.272471799000598,-0.114209247596187,-0.0898958944265015,0.41290518414567,0.383621498354826,0.261454702634804,0.034971277293075,-0.132030829069067,0.1428252450333,0.019227997506071,0.0120733870531927,0.102138805082978,-0.115501977691571,-0.0198635846918962,-0.0901303355028586,-0.0391302313974184,-0.101643928508016,-0.0160529753571593,0.267878812362503,-0.184360911831441,0.0052502281101297,0.116361819627293,0.317591933203721,0.0025149565624078,0.248634653329217
-0.0973623784173814,0.0664686709594064,-0.0623769142956927,0.318230523806486,-0.0168710566435336,-0.0161621608095865,0.144552863268952,0.383505696642426,0.233123735396764,0.303158380549114,0.385895172897274,1,0.521165021694835,-0.0048095878773689,0.0271606387078951,-0.445680787247886,-0.018789483267109,-0.106278801320117,0.0101376582630052,-0.115991071023225,-0.154535370971315,-0.148687004256582,-0.133173943614791,0.135569724532992,-0.057540802244184,-0.255548869777746,-0.114202225604807,0.0765065951250873,-0.0982625232596997,-0.0424546062624468,0.135791445550961,0.0823356293790128,-0.0414577245532859,0.0499351905610644,-0.0689394378904109,-0.227721402772832,0.0850672705486896,-0.155552276305014,0.035229500732506,-0.0293532179874702,0.0010519083964718,-0.0198913088924544,-0.160442885049062,0.0823320864956654,0.0235082101647475,-0.0685954112828131,0.0850373336728607,-0.166724556426198,0.0356712723786544,0.168681670823173,-0.0112489633392257,-0.265328032447197,-0.101364832112034,0.0704034276463113,-0.186281940020411,-0.0698608025801131,-0.0839067396951634,0.448984596158081,0.345925758345698,-0.0114792225549649,-0.0346777239445267,-0.0117859316623346,0.0232018351650444,0.0706352556305197,0.0396921625983257,0.223957207674141,0.0973533652943804,0.26421774503464,-0.0589644195736927,-0.297954945670863,-0.128802095415703,0.203559447763304,-0.161287018883918,0.144845637523637,-0.0884011516620845,-0.0737772560547953,-0.0691620590072362,0.0670967304282837,0.115690957401902,0.045619112477394,0.19746934121844,-0.120852189099211,-0.178407758598221,-0.166614453996699,0.105761657344096,0.0180645187985104,-0.0921523783961491,-0.131770497749572,0.0062623343174693,0.140689458655569,0.11047828462264,0.22497040506714,0.414615462583336,0.157641878068924,-0.172036791761205,0.0026422763469058,-0.170930499566156,-0.325650609008071,-0.0779389699923737,-0.141568584297543,-0.266576723001894,-0.148011950857287,-0.0283051102986254,-0.115345179043448,-0.106780599498046,0.162490741423347,-0.227660230717394,-0.0515038434631436,-0.12069444285766,0.165687756240145,-0.0112665030283679,-0.201144475634069,-0.136851305450175,-0.289439131264086,0.0325140677595127,-0.0306574867225617,0.040175889366926,0.054545418681714,-0.111341823706311,-0.0956072388769436,-0.273472206189605,0.0827719905525686,-0.112529463042059,-0.143881061998781,-0.10692305142386,-0.0104800666705694,-0.142923452041303,0.0466342199621614,-0.12706812479585,-0.019690663489203,-0.1110474938709,-0.0288191682763854,0.0538368436426076,0.079357784655253,0.110403761912577,0.233065483710985,-0.0142366424450014,0.154775973997418,-0.0200085046802915,-0.0368243880267865,0.0987850325218834,0.0624353774339347,0.0971750629900429,0.371373732727151,0.42638351258148,0.198822902419658,0.173278517349987,-0.0198790687307723,-0.0707803016259664,0.123132733902051,0.176611322075607,-0.0117323750394677,-0.126364802971793,-0.0932814926773556,0.0847675207313728,0.164447839190103,0.0517352300639165,0.20487233851823,0.188350027953444,-0.0546810801517537,-0.0602754766234814,0.0884012096598035,0.0184670254911697,0.027093581254158,0.262036830794707
0.186559898715779,0.337822134037147,0.342248085174701,0.0409584957806455,0.173101893069078,0.481148688630163,0.213568521977404,0.516716034417857,0.321256994953821,0.431418011506819,0.418558475204156,0.521165021694835,1,-0.119870430644697,-0.066813402489275,-0.224277957282955,-0.142259067556343,-0.118267511152346,-0.0898136928807146,-0.155905595939691,-0.0650754393992932,0.0430207316190915,0.189953942409901,0.0725344790833218,0.367748292172539,0.135278243164109,0.190267727148493,0.456630978550171,0.165618506312278,0.0410831187520569,0.135084743117398,0.370608199805123,0.360424406997185,0.147225397937578,0.0696753862292141,-0.235797412753919,-0.259846643771039,-0.055798506265482,-0.19787199789834,-0.053928659750032,-0.145203483387896,-0.0121372030222615,-0.042010221795489,-0.14305351246416,-0.223950951650278,0.0158939265301074,-0.0411343430517466,-0.0649807051179175,0.0052971575772765,0.109505254642992,0.21570951940682,0.0201477307453756,-0.154005179695169,0.128672492101067,0.0793497469599377,-0.197764904315545,-0.294321602529143,0.204298898351844,-0.0015391766843235,-0.115116009630218,-0.194568756590802,-0.324647687148681,-0.300252278083569,-0.421075932164723,-0.215129182001677,-0.112325883837529,0.18259344114506,-0.133436914272429,0.0856483775486292,-0.313999499118891,-0.339892846193977,0.130630754858014,-0.246213486026061,-0.0721338768300703,-0.0328693957889176,-0.0085155615272883,0.196336030257336,0.279809511530792,0.0628270970570515,0.0053433725002008,0.207047576720695,0.184639038655541,0.0201247885187326,0.164329762164567,-0.0285635205155782,-0.10469246375876,0.223784200575701,0.27177488289265,0.144673682685047,0.337804746579072,0.334764911663851,0.416838395522185,0.473368762739761,0.577788337842161,-0.138505885254496,-0.12645691922968,0.0536815097455557,-0.477317290951319,-0.124007857086462,-0.110477154864954,-0.147746191208838,-0.201932614424392,0.177939077889938,0.0080836645718459,0.106126324193848,0.181005172560699,0.074152342798953,0.341059545519386,0.0355669557873915,0.557404148569498,0.459759394103797,0.0026858352561353,-0.14931211661279,-0.0618347165635211,-0.0920667496828378,0.178255649630872,-0.0474983981840375,0.0279101961883826,0.216842089974263,-0.0761215576361223,-0.292699458956164,-0.305357155935097,-0.303463935644249,-0.254140868775505,-0.316076833120137,-0.297033952384999,-0.20693279530778,-0.183020976267198,-0.275713582455413,-0.210042706218834,0.0552672236416487,-0.248359373287086,-0.282173703612505,-0.0883609866510661,-0.0738092859292128,-0.272570468161792,-0.151899516464972,-0.222968168094833,-0.147167035185575,-0.472463004968524,-0.0680731791636388,-0.237031953477195,-0.166538629617028,0.152961518469195,-0.136051282890334,-0.125153288033046,-0.247723700765177,-0.381798888878662,0.133887451881882,-0.245750786548309,-0.142802500084656,-0.234789918308904,-0.181873562250835,-0.473656333688032,-0.288220429347018,-0.393909695582543,-0.399911663703516,-0.276243915180944,-0.0265077800040384,-0.332745823994447,0.0470307686089997,0.012341611147177,0.256492181594339,-0.111862673104984,0.112710831097145
