1,0.533462007658756,0.161120632955526,0.538949192835431,0.383055078268177,0.459230941314088,0.24684271884695,0.0297147470412921,0.470163549674031,0.521963295061021,0.473899321673867,0.391132540726459,0.546274943858559,0.00877318838665,0.0185140067622375,0.138248332948034,0.171721706225585,0.160273032019506,0.0433414191777779,-0.179978556343593,-0.240046084098991,-0.40954435358458,-0.280600417129173,-0.264950065228382,-0.163996281336586,-0.147871605816907,-0.0820138444065128,0.308648061961237,0.188260400124969,0.02831490459734,-0.0536360441253385,0.220289848888901,-0.138613730330652,-0.316521867698102,0.0673650051762664,0.120996256579652,-0.126270112458254,0.130525189457847,-0.447485714317238,0.0448625638095416,-0.035398221235766,0.0950462137803373,-0.268497714738406,-0.0462487682998448,0.0631190454540722,-0.0693476833528994,-0.232821899248446,-0.0926566442984538,-0.261878440552403,-0.275560258820408,-0.147716310022508,-0.271315441713121,-0.413730141583746,-0.172927573782679,-0.132018693968383,-0.0846439900685212,0.0545970848360662,0.394877982431774,-0.232388470952137,0.028372011337882,-0.26945894311078,-0.0469374130736309,-0.237574181451237,-0.369062287536079,-0.327790475564502,-0.278380329408569,-0.264846865287739,-0.299465784290289,-0.0242480991719317,-0.355742460758423,-0.477494549637691,-0.144374104678522,-0.28887676853678,-0.17221872243841,-0.152751814730078,-0.217055137504657,-0.116657534495999,0.492704001535925,0.0589717857471332,-0.189030656937615,-0.166170754021685,0.321427320441359,0.15622588769655,0.63749226822661,0.482362000641683,0.509414821577477,-0.13898193686196,0.485322694058246,0.494177179110968,0.49948871624257,0.509845840637891,0.26457320677171,0.332207937596489,0.544635631355782,-0.184460937120489,-0.103778646007746,0.172024049701177,0.123292536686866,0.129546695211311,0.147995403076073,0.0273353020804225,-0.139265711814112,0.0529111605503942,-0.140046962769515,-0.17558370742674,-0.157186969478693,-0.110665159782251,-0.216957935248157,-0.0862805060162814,-0.129340746365946,-0.20357450667917,-0.341074702928085,-0.188611375392993,0.19505034101422,-0.0052552013107677,0.221452169646329,0.179266408583686,0.077622775659275,0.0553913732932701,0.223192087272173,-0.0386364612806512,-0.0585512518440206,-0.233294260649499,0.0033678926190039,-0.179859575038484,-0.224731038941563,-0.003335222411619,0.0320916128553622,0.13213477014387,0.166549034687898,-0.0492876166406981,-0.1137321149675,-0.164335327809572,-0.149869127511712,0.025651861528188,0.0328914489727543,0.0046856727672873,0.0223689448422834,-0.168938808522333,0.101316494619221,-0.104152822510867,-0.0094904904918802,0.0851135771165226,0.409101817838187,-0.233174147496914,-0.183725492734147,-0.0775521994519154,-0.097987470193996,0.490461801701653,-0.0083282970810471,-0.141717331441628,-0.0173364430383587,0.0374024728188881,-0.0498075920864297,0.0845414100971491,0.0196094521597804,-0.109471931508386,-0.0742007234915613,-0.183781964751027,-0.135425746189823,0.148596818484855,0.245680353896266,0.536592721065987,0.0123841983466161,0.0275839655308258
0.533462007658756,1,0.224787068688339,0.222431414073255,0.0374151041936871,0.311598007983958,0.428883592319324,0.596533457908417,0.0580753502177047,0.687135896098415,0.166890784410602,0.20906516364994,0.706254398684924,-0.0316607743447668,0.0567901475768927,0.367503933001,0.393742525266692,0.426106387801566,0.362111208449139,0.425760800948796,0.0289819432308639,0.28614762032421,-0.135973033979088,-0.178401627096524,-0.0181779133047301,0.143361976897219,-0.293794996100771,0.239990753318408,-0.216763901352175,-0.321384624949939,-0.523033202130573,-0.151250142396255,-0.0177442872860821,-0.326836302667421,-0.517489728717565,-0.187222454276796,0.132605989905615,0.0178192259557531,-0.516306956965631,0.0336249112260285,-0.387832786124217,-0.0076654921843475,-0.0735091653319563,-0.442897752454038,-0.124333135091021,-0.223564785674173,0.067058882548636,-0.149176607605251,-0.510267841054229,-0.556973229570353,-0.513656179586104,-0.48998854852713,-0.445506098526727,-0.443397711827647,-0.568203164797891,-0.230387479513538,-0.175802118745264,-0.0642629747989754,-0.27994087238235,-0.175491198131682,-0.209205892172352,-0.0962703656457473,-0.515556829576311,-0.391574425284253,-0.438605797838643,-0.501515482133393,-0.35546757487492,-0.192959238322019,-0.121317586700997,-0.331687118039584,-0.387658792609101,-0.296022888900164,-0.309113587639125,-0.308409448122337,-0.396155767653318,-0.336267014498067,-0.261544101464939,0.105069002869296,0.0794051792140264,-0.323971163743428,-0.335209683165499,0.0961865720468834,0.483969531898841,0.434848157565779,0.811523533202786,0.338708972782982,0.436594911197569,0.49495887404219,0.234412941195144,0.126082148405245,0.165336870527366,0.734409843654395,0.189784497078002,0.667721253491193,-0.0349096940944997,0.0795846948559097,0.41916533490538,0.423495310022004,0.349372855635923,0.27281307218395,0.366217539797693,0.0250936657331765,0.320001941063469,0.285697469464677,0.0448030880404801,0.187667133151905,0.105296758746345,0.294167975453742,0.0665841294153056,0.16097122154749,0.0117848380295463,0.108381684550252,0.253173367010277,0.0912852292311685,-0.177451742800135,0.0485981806322788,0.213990261621497,0.146671132956188,0.210707422710171,-0.145075509813229,0.0240117947211572,-0.0704887604405306,-0.0204725918697816,0.285461196673556,0.182251984719882,-0.138641347137607,0.0412319013620923,-0.111831118236648,0.119627476805837,0.0623218368602654,-0.0114967149119898,0.225977864996007,-0.389687924545978,-0.353754953610255,0.0191591957206306,-0.0324379044088312,0.0464513019093877,0.107814825261308,-0.288700816993274,0.0547301019700884,-0.252701247132103,-0.0798540461100265,0.178105520550939,0.312379341778783,-0.156385583343315,-0.170205894683332,-0.285813461162972,-0.190329626061408,0.393193020977906,-0.355376979785977,0.0825117263105884,0.0606739570968606,0.0480788752007672,0.0848160458453851,-0.179921810577974,0.0421297479459959,0.0151723391166786,-0.154335101452661,-0.274060446485836,-0.0363268373538314,0.273595542573089,0.148914450709148,0.262668784076828,0.0968766308559836,-0.0557703315958954
0.161120632955526,0.224787068688339,1,0.126200834755639,0.0616572270226172,0.109333463806405,0.379723674548007,0.443007967756459,0.236516765780811,0.463209435352026,0.102760587869303,0.192793982542624,0.34482025963897,-0.389934200498856,-0.244146380333044,-0.137605771049455,0.0427089388620405,0.0779680236312439,-0.100986853722807,-0.190431103159121,-0.366049159916293,-0.114856410609521,0.320825305833518,0.238118115589381,-0.226411229001233,-0.0401730681729459,0.481289964433823,0.226806784920023,0.547502874023448,0.457030410563016,0.261269892121248,0.0483689865841792,0.301404476365714,0.0058155193373141,0.0648502595557455,0.128431022786496,-0.0833630036912363,0.408837092075405,0.0523102372085161,0.142052599230537,0.0127042933216625,0.227717011428105,-0.160697153013127,0.0036666225227687,-0.0128520344629513,-0.0414309839320991,-0.0991884058392066,-0.280232848827676,0.0085839690920413,-0.372184821992751,0.0930442014854203,-0.164132653661904,-0.185427144204345,-0.173730454528629,0.0817719249148921,-0.126111205787167,-0.0832779869560916,0.0787263876459446,0.216877923997375,0.0588060096151526,-0.194576508110818,-0.252305147106553,-0.0951900925974656,-0.0313720340795075,0.047184136980212,0.161654488328379,-0.156784616160928,-0.0272282475041546,-0.263859501108017,-0.136707764010545,-0.157677851863557,-0.0656001900208902,-0.143650831436506,-0.197211190974966,-0.0199439818754547,0.0416437086496333,-0.239308655890931,-0.0429266228092702,-0.163338857218868,-0.250762011799961,0.000253003350175,-0.195471059486749,-0.182773750111333,-0.12999383932364,-0.0449662095025765,0.218014790545547,0.305178606042846,0.115192963296682,0.139139637776684,0.239068722863082,0.10434153622869,0.395284108830328,-0.0073731968791612,0.317381287412463,-0.230447983435252,-0.28982002107535,-0.0448290440945901,-0.0431025415397306,0.0314204729332296,0.0020255466414605,-0.21366119790153,-0.25854119180757,-0.118422946413046,-0.315659733472312,-0.386395663393771,-0.35609938999714,0.223435924297999,-0.139233719138104,0.0755582712940086,-0.0513141401395394,-0.264847379258087,0.359871668099333,0.156942019309888,0.433912903185177,0.099156661293551,0.393655425671157,0.308925819741723,0.364108387026876,0.191881586682276,0.298230276481886,0.36670428719343,-0.190677978358739,-0.041041701029989,0.26960030126737,-0.154046914430153,0.0311141852591298,-0.148495597321946,-0.127479558271593,0.0570000585325674,-0.0496438973518749,-0.0370078009259645,-0.0717473001560634,0.215992108162784,0.0708440270104807,-0.423514261447509,-0.025126038831846,-0.209139658878801,-0.0872564143748364,0.126030401473725,-0.253026256371295,0.141794134227262,-0.0118352683821328,-0.0528471475667102,0.0507225709440784,-0.0228292880820496,-0.0340101235494601,-0.180344126784453,0.0037093461902596,0.194000454339357,-0.113293827996086,-0.0288677307151433,-0.210882734082537,-0.096332516881455,-0.412581310938159,-0.280884097138611,-0.107633173729491,-0.167815911226567,-0.190751825659059,-0.275640964733062,-0.214000853735015,-0.185239955558264,-0.305274676451367,-0.0809473242618918,-0.392712969649159,-0.0311816732826726
0.538949192835431,0.222431414073255,0.126200834755639,1,0.690361409808976,0.620845465836268,0.411663328834487,-0.0728396380689527,0.837389382225092,0.0660499851933378,0.774833845353192,0.762823896819835,0.464872979428591,-0.0998742237571267,-0.0144641704699306,-0.0677969629544383,0.20308567145505,-0.0074790162565088,0.0596340159799002,-0.159121730371282,-0.0935048208062647,-0.281781111765148,-0.0635124934838034,-0.175474687106488,-0.436934446452183,-0.539841800404918,0.132003686495886,-0.0182763889813466,0.100145058090013,0.159246132010428,0.0632622107795686,0.379549301311934,-0.321750146130548,-0.289998097945096,0.11043601623544,-0.102253308486162,-0.18588798032644,0.181232663403718,-0.171139386870027,-0.105281332733984,-0.0960110075036219,0.118316842085754,-0.0650519564949746,-0.123271409036937,-0.0142100192789577,-0.0033836276335854,-0.0818902476316386,-0.167078372865188,-0.23461953992488,-0.160874458310975,0.066376434487783,-0.137239976915036,-0.182065194706622,-0.270558977798763,0.119530015873227,-0.0970866104414681,-0.281663045499672,0.496293501749816,-0.110510896965802,-0.361254862597222,-0.138058878087933,-0.060789593164688,-0.210866006919661,-0.0306713666704003,-0.151408550608359,-0.197474900472575,-0.203001137251092,-0.263837862048409,-0.0533032970757058,-0.276350548938219,-0.29163859160665,-0.0950162483264298,-0.3539019999493,-0.111748385630553,-0.3229676103994,-0.160234820435264,0.0006384202638022,0.360387098712087,-0.187108504064199,-0.277592343514903,-0.117710942810281,-0.225386534030453,-0.372154387768195,-0.028483558797457,0.283314405455647,0.835596694243371,-0.0528994483926628,0.446284438825226,0.662301904727789,0.764968182074871,0.759105322314223,0.0190401142044315,0.744907630984033,0.20592537325679,0.0072637668614259,0.152650628440245,0.0726750592496601,0.009708554215244,0.132344415130126,0.13152007641158,0.0176753541370072,-0.101781356570952,0.0090350075328649,-0.0109025842644252,-0.135366948412528,-0.080724978538228,0.0534127942255037,-0.186321404213311,-0.236055838074539,-0.416679811269616,-0.44135563860082,-0.42320452260284,0.191315650354031,0.0868699387566695,-0.211161151986027,0.139813551397153,-0.0708568497373584,-0.209575512763223,-0.217483275388189,0.155552821421372,-0.238146190230893,0.155834007297209,0.296105321888995,0.108650963683768,0.0501082502715333,-0.275469665676516,-0.0061554557382446,-0.0983660958642688,0.0682238247217995,-0.0756593139080708,-0.169679434420989,-0.0678327264802891,-0.0251680384954677,-0.261705003603535,-0.0920292929429255,-0.0910551778344442,-0.259949818385631,-0.154559843412934,-0.0482577159050355,-0.105464924296864,-0.0947613988551603,-0.0345517115684251,-0.163246398469382,0.556673882863461,-0.160735710215952,-0.342090216307271,-0.170656406112352,-0.367597589683038,0.107043620235581,0.0572703630735047,-0.080732198063132,-0.0045310088869294,0.0221640238410429,-0.0114964861101237,-0.125682637563629,0.172706445628187,0.0505366761036333,-0.0140168002949638,-0.0779944008173788,-0.161076231690006,-0.0253918742380722,0.103130670196787,0.468249510661489,-0.11060107842125,0.268482352980059
0.383055078268177,0.0374151041936871,0.0616572270226172,0.690361409808976,1,0.179223502731176,0.394850314458952,-0.203180165522255,0.678199150872525,0.0500134239317606,0.758057252239322,0.594142681326639,0.182564322766922,-0.0285144709788648,-0.0427488717826517,0.0818892383203142,0.154266055823868,0.0402939924189483,0.0933114234492956,-0.0226903818888804,-0.0719580336607797,-0.263449896111278,-0.0836263551654246,-0.234499991457176,-0.110383561147248,-0.36191958821654,0.144625385940549,0.0668134935205781,0.0728871076292427,0.107559785830192,0.121651892714941,0.258888828810678,-0.129458534910354,-0.185409529255107,0.0356613591040575,0.0121641830511459,-0.140568014143727,0.161658933237031,-0.178153738576593,0.0133037655731219,0.184936812471176,0.158896372278598,-0.0584711221657602,-0.129181958513977,-0.05717034730806,0.0801907598968312,-0.0216174971045332,0.0361720937638103,-0.191182303796139,0.0512459071636176,0.0416352556944881,0.039612905660303,0.042310657020969,-0.0362805106258061,0.180937035764624,0.181788896681695,-0.0897788603988339,0.425482056261076,-0.336137263591448,-0.276874430561324,-0.228659455138946,-0.0301047025169718,-0.0397846441343887,-0.0314674990333675,-0.144469716218922,-0.356556010756528,-0.251016125932316,-0.124974000905488,-0.0867366525254259,-0.270447955436345,-0.355873854066951,-0.277765394637511,-0.484693469299338,-0.200919974537846,-0.111400381585454,-0.0956523893021929,0.026036289462131,0.499765784664514,-0.265094465785705,-0.393694667279687,-0.321789154512993,0.0162980272230227,-0.279942282434746,0.0320420558308338,0.173237386785785,0.657121630017273,0.0908064298184602,0.0741348605038707,0.842585234020199,0.576370674071309,0.725438720462832,-0.0816868715496624,0.674473783038011,0.219887376516237,0.040343453543097,0.119730719759092,0.306451556441412,0.190802197562082,0.268222536516431,0.26328990842051,-0.0152436447719194,0.134872440537373,0.0083254401020282,0.0695341867157622,0.087901258143832,-0.036027608022968,0.148398699738799,-0.0597180012311465,-0.0563843901294657,-0.168529002584288,-0.122950872988294,-0.288723765496388,0.200195328113615,0.235519101637268,0.0101673940087982,0.242735160897963,0.25767366650009,-0.156844642864666,0.0392464785161528,0.162022747445929,-0.084503817444969,0.197502209667219,0.23095923965832,0.153161993072552,0.000804564871005,0.015918547265931,0.0673867456198275,0.259366950796058,0.24429677238238,0.148910098203727,0.0098767061135965,0.0911640493906255,0.0997956808588178,-0.0627274878971265,-0.0030448463669546,0.146601135388128,-0.0041424495732844,0.129880657807269,0.0897368365661634,0.134152009055163,-0.178005841985356,-0.0428150789386581,0.111251674752278,0.491169525479304,-0.443998910658026,-0.354149862553591,-0.190548740649609,-0.155496114129182,0.1786405681403,0.0750354787414598,-0.238535084861115,-0.0713874380449197,-0.134191902383742,-0.0580434723591477,-0.0280249169227445,0.171122041221898,0.0915622950296254,-0.207463706732907,-0.222454812149393,-0.403044945537881,-0.156957206882849,-0.0178985762393043,0.505568965809161,-0.329872879228485,-0.0503223725793143
0.459230941314088,0.311598007983958,0.109333463806405,0.620845465836268,0.179223502731176,1,0.192561310474366,0.0625991512240071,0.500519697145029,0.0455025888373467,0.232493382507174,0.502441395117799,0.526068822557711,-0.131696099851795,0.0756361012321298,0.166824970845621,0.25912123865625,0.16622805690147,0.0608605676655744,-0.0367191956030907,-0.101555737973579,-0.124647603273894,0.0062245771320621,0.0282440455194201,-0.364463316569692,-0.36662850303109,0.0834750345994546,0.130555029554791,0.148599520846209,0.189955501069031,0.118715021474427,0.302684368230746,-0.187248352311924,-0.280221409337269,0.166968845246658,-0.0145028612630281,-0.146895227150584,0.193141335408938,-0.259035618847793,-0.111083927662723,-0.237754354095037,-0.0637582701960361,-0.192277026166141,-0.0715240071466147,-0.0537952673765219,-0.148984834508637,-0.109916632804695,-0.332192536420243,-0.112222559102925,-0.0693589865689399,0.114980247898062,-0.169911912563902,-0.215288979311671,-0.111667906737877,0.0629441618966512,-0.0402535902215107,-0.205658149790509,0.193622806255459,0.0163624527136306,-0.0647735331118703,-0.324279426158228,-0.263430746534275,-0.322560413695085,-0.255106216418711,-0.279943916248986,-0.0900731073136777,-0.110545751568277,-0.36577995716097,-0.130108294675036,-0.302848281800992,-0.254055131602698,-0.15602342049407,-0.279556470957906,-0.173146150898746,-0.119046736119995,0.0231392086919942,0.0985371999091441,0.0209072882541737,-0.16576421723215,-0.109808949336792,0.0150974466010983,-0.173049978654651,-0.086160571531764,0.110245400182459,0.306225259856553,0.517357822570086,-0.283014959655428,0.790573045200103,0.187189023078123,0.572886893456339,0.401434465324163,-0.0414701957373371,0.288117362101155,0.143882430885983,-0.0407772862970236,-0.0424893109769902,-0.0261872925864187,-0.0005345703416017,0.0088663241104014,-0.0124548167559316,0.0453688698422917,-0.390087516205773,-0.0379537184239017,-0.0447079544761484,-0.203798521462217,-0.114268205494389,-0.0663452385017487,-0.133234315195934,-0.249540171894898,-0.315337602501416,-0.444090160479459,-0.44715345250466,-0.0828107358774892,-0.0312606328819063,-0.150167255280581,0.0270861910137258,-0.173195132392795,-0.078632784097063,-0.309847844705699,0.244899118387791,-0.177796750550287,-0.184776600731644,-0.0278609194558113,0.0141829889947633,-0.156331538943066,-0.402577962975361,-0.152570343943538,-0.226356992181207,-0.0857316776856975,-0.181589573362863,-0.167816711027781,-0.274122217556691,-0.0585634908077267,-0.110214377532435,0.0564906106311357,-0.154342562535107,-0.101934868005655,-0.0602818957391795,-0.0672224435349953,-0.144293742687945,-0.080594491136046,0.160396703924513,-0.0960016363424364,0.204686732912764,0.129847978045251,-0.0131335197052636,-0.153884206503388,-0.276925940685496,-0.0113583654728198,-0.0275610383361048,0.0850926167383033,-0.222588245426486,0.100414994730499,-0.128111331944062,-0.101616884425058,-0.145133687755689,-0.168655205473283,0.0106932239741987,0.0356320426257427,-0.11668895781182,0.295489997910553,0.355501522341356,0.221138901428067,0.0013356471169683,0.249239896733454
0.24684271884695,0.428883592319324,0.379723674548007,0.411663328834487,0.394850314458952,0.192561310474366,1,0.226185240797315,0.44671728659611,0.462612532700494,0.422816100918056,0.460298476636169,0.429163093597158,-0.122425675138871,0.0588042275154172,-0.0571492033173229,0.0563055192038626,0.0209661172979162,-0.0641897406139314,0.0693505980473533,0.0408098770825614,0.0961883794007812,0.19593417612311,0.0743243146782919,-0.0585805317507399,-0.287425171640226,0.371229387489499,0.137308558496443,-0.0677651699571174,-0.15445575665722,-0.280160868195384,0.0472976694818304,0.0995524680907226,0.090486474059842,-0.0896256496240679,-0.222278053863022,0.212044793707682,0.202923103517702,-0.165122715025144,-0.0012607243589968,-0.286238640607691,0.0896000922819268,-0.0517992798801769,-0.31297956688601,-0.0635091257591737,0.215918797268644,0.128413004488232,-0.140293344356019,-0.337823594543577,-0.413756462001678,-0.41872614908373,-0.416799561270709,-0.296552682218524,-0.403557365131703,-0.312099210182994,-0.155784897736261,-0.259339181546073,0.11263817830282,-0.240695321059614,-0.327645510953784,-0.223728090580432,0.0902927930203211,-0.176725510786372,0.0523075414745789,0.188582033219676,-0.213899189485135,-0.141058327273057,-0.250054950386373,-0.003753217531098,-0.383105632786814,-0.322618009171933,-0.260810848017264,-0.304218756071112,-0.428993948981165,-0.349502788135045,-0.170468431293434,0.0346501558409742,0.23005999266973,0.002255615350431,-0.199383039309917,-0.159216629187968,0.0163634209107938,-0.0940751404560554,0.0807293524158863,0.307324095127537,0.509549343198994,0.403383517716379,0.250306049823736,0.461454098913357,0.452843651249998,0.439360325931261,0.27173477940556,0.400674307074804,0.286369891263073,-0.0607672899169295,0.036706569088097,0.0515532184058481,0.0988114723188553,0.0608550016968398,0.0074762602697553,-0.150426197834433,0.0686132711907257,-0.173561527093812,0.0279895737906034,-0.0304391625829553,-0.1553417304804,0.156890584663899,-0.0199897858847534,0.153298058818144,-0.0121565394324746,-0.0845496423265213,0.0086445768967272,0.57646794970892,0.150049642974157,-0.299974181712995,-0.0354356979538208,0.13800951480731,-0.216415169053081,0.272571447875254,0.131902963649765,0.0138714097612596,-0.0773186836005215,0.225571954982298,0.283266719413078,0.258601293928319,-0.155840851566453,0.106554885353458,-0.0381900177284382,0.0719131701657166,0.0022683769787052,0.0957883908555854,0.26026279382327,-0.126751799366741,-0.268173401396062,-0.110425160343608,-0.0408517101223131,-0.217063092580178,-0.0593035815519692,-0.305005997899382,-0.0833105575667598,-0.176786775469659,-0.154210049782064,0.0643586084484788,0.34445890718207,-0.247700978830796,-0.374105157823498,-0.258185143662678,-0.213892786604426,0.446493027197921,-0.0367266526093999,-0.153001185100932,-0.151247790367738,-0.0964732607247205,-0.0246099322588901,-0.211483718281952,-0.0813551844313153,-0.125201753862897,-0.124997080688978,-0.350284197568503,-0.278404805405205,-0.0395225527617962,0.0352084365391165,0.280139048420959,-0.159287380884114,-0.0362750520400265
0.0297147470412921,0.596533457908417,0.443007967756459,-0.0728396380689527,-0.203180165522255,0.0625991512240071,0.226185240797315,1,-0.132908936245694,0.630350679670854,-0.155356384393424,-0.0034565452634967,0.570347545813702,-0.261259703010274,-0.332782890939405,0.0320917759170331,0.0231751774300567,0.0896878926929563,0.395273436203063,0.398748626098889,-0.101701287128641,0.357798354243867,0.127491125743683,-0.0307602311477993,-0.0519078611839564,0.27047280166976,0.035361532244729,0.224958072074082,-0.108041150644975,-0.176795709836333,-0.20943014577082,-0.360242904239341,0.250395142687212,-0.296061898788163,-0.500586730176164,-0.241022614708548,-0.0866578730765275,-0.110692781035176,-0.108434763238211,-0.157551249400741,-0.381696078739286,-0.0978544807801935,0.061773624795246,-0.375088879584342,-0.324868037298381,-0.340999466727268,-0.0016750355803207,-0.213620194292072,-0.177754804457713,-0.331998399820044,-0.231548002996971,-0.178921613726565,-0.0885932834088726,-0.311579269024127,-0.316629826551413,-0.198829074553781,-0.248528367961124,-0.360792369023971,-0.116400498880118,-0.134343172552077,0.0162830687778235,-0.208079387344486,-0.261073005843999,-0.186881606039406,-0.276916095896071,-0.201823416888398,-0.208681269671317,-0.174223756472119,-0.169152207461841,-0.0800055290519497,-0.0836063216400963,-0.281706452629327,-0.257582583093835,-0.339732564695231,-0.251585377985968,-0.107386839050164,-0.228478039083937,-0.325359329967334,-0.235579946430224,-0.378715675014022,-0.40565106273295,-0.150344161953601,0.241804343158591,-0.008020858050527,0.397680510925329,0.0298085366455843,0.362613843675017,0.274727366999296,-0.0227635150745389,-0.0713207539544912,-0.105253940075701,0.728240517128154,-0.0571838405665929,0.39972933365438,-0.153738560755224,-0.0218757678838607,0.125291673771685,0.0369030511443437,-0.0036506986821222,-0.0524579210010272,0.332634379624686,-0.130190838845402,0.104526896425611,0.129079456939549,-0.246656924187482,0.0703516083797789,0.0326666557831212,0.271278821327684,-0.184907492192595,0.122650698081267,-0.150739601614032,0.284875282905802,0.235820168246139,-0.0830398778530069,0.0707789138021009,-0.0540712495308596,0.279858341816474,0.273295092073467,-0.0277755044373071,-0.303599191285554,0.0817139320236402,0.120947272330637,0.0151361917829507,0.0424134949312983,0.247421728498089,-0.112890099561356,-0.223343019104444,-0.157911689647864,-0.221657507251953,-0.264147302543954,-0.21612132414758,0.0287037840461212,0.0104807876086583,-0.0695741151252826,0.0752001917587045,-0.126786710166568,0.237746460980971,0.007573445748153,-0.0934554255295365,0.117249946180878,-0.158311736432742,0.0222498210928143,0.201280848305968,-0.14310874089326,-0.109474417428032,-0.168247053289986,-0.329791950371803,-0.0717530058531207,0.0728151862232464,-0.254466042829237,0.298910512691952,0.178401766032761,0.0932506114942372,-0.0327464052433106,-0.0401628616279227,0.194681180469098,0.249697836213097,-0.207258238268552,-0.336735581988937,-0.0664494811917106,0.181734552013663,-0.0714462824382998,-0.240425629861863,-0.195780155116788,-0.264899927392946
0.470163549674031,0.0580753502177047,0.236516765780811,0.837389382225092,0.678199150872525,0.500519697145029,0.44671728659611,-0.132908936245694,1,0.126033637279135,0.843930627171107,0.852653173638265,0.354030299593598,-0.180409885776479,-0.116558090858688,-0.164080718462813,-0.0049988468580206,-0.151324325260617,-0.0044064690816971,-0.216853998013531,-0.238946046711894,-0.387185685608279,0.0250398232113211,-0.148883189427335,-0.341760291471663,-0.468421638253573,0.374748225941691,0.154242566300743,0.191922787505051,0.170179327982571,0.197867097499811,0.407204728934042,-0.162119214449551,-0.129747988546974,0.188292897428691,0.0121687582029897,-0.242647087176879,0.189291398763953,-0.167659898925807,-0.0903504719605365,0.0736157146371876,0.0359115213138084,-0.25206954166002,-0.0613553084315208,-0.0736697809610943,0.100873590194761,-0.165765133947592,-0.162729685764213,-0.215922677297315,-0.041243393627573,0.113649757008626,0.0222742451944213,-0.0860433941118915,-0.153620439825566,0.244189554549228,0.0934775971111465,-0.0810689637747903,0.571773145903464,-0.164250760534749,-0.24663959065478,-0.267488065183446,-0.142707767171296,-0.140909842807099,-0.0544554513163868,-0.000791591284167,-0.135573398077678,-0.131819390415539,-0.191385929456765,-0.089506225297051,-0.311542505172558,-0.369374633379258,-0.160493508998207,-0.393990280954663,-0.21438196988401,-0.154889531551477,-0.0551870975744516,0.0728111269534897,0.442517929288799,-0.192155271791904,-0.250955234692923,-0.0774004144590845,-0.113690188628044,-0.457521140968621,-0.098606158405454,0.0865108698530666,0.765498229910048,-0.0844279696397605,0.358259849775187,0.681641638338203,0.891444337791161,0.873146291956602,-0.0572669509149461,0.784396983060208,0.145773466310386,-0.164477599325654,-0.110204903177078,0.0120169554511504,-0.0739757097521964,0.0015359609302717,-0.0184131756170734,-0.122787935609652,-0.15340354260196,-0.221670593875084,-0.153335030255366,-0.237973882923979,-0.261727974602704,0.0129604531738335,-0.262117325643601,-0.288153979608054,-0.365110375759515,-0.388285535096703,-0.364737006879837,0.113518408351696,0.119679155840678,-0.159777499093133,0.0596946367392983,0.0089936263919303,-0.283499542958599,-0.115949983293318,0.252500844509922,-0.140426417459763,-0.0237453960018709,0.201611483349066,0.029308963331385,-0.0385152709338816,-0.258034253265235,-0.146383581669527,0.127226662033319,0.0156222791374333,-0.0984543939912948,-0.125406899169139,-0.0594591882603738,0.133993068932932,-0.19439609959291,-0.138527041749614,0.0967780328942542,-0.130763786828635,-0.10569540664284,-0.0111314207182702,-0.0495085617208494,-0.10732943940662,-0.0808520707110461,-0.0605115364488898,0.51103350038457,-0.247093796601522,-0.398913887677416,-0.171053970426858,-0.149562914227517,0.168828787949493,-0.000716420370527,-0.150981016159924,-0.230317677108968,-0.174565933105536,-0.283224676469359,-0.206955002038725,-0.0261087213339818,0.0621288732347744,-0.115319737626464,-0.164195944644879,-0.350461979579345,-0.156839877620556,-0.0367094048081364,0.432234020606781,-0.286574893748368,0.117250762179464
0.521963295061021,0.687135896098415,0.463209435352026,0.0660499851933378,0.0500134239317606,0.0455025888373467,0.462612532700494,0.630350679670854,0.126033637279135,1,0.0991171932903518,0.172286261383368,0.672325813917925,-0.138522654583467,-0.225987235655402,0.060733197231726,-0.0627271106301585,0.0841553585979357,0.249094844858603,0.167844277845287,-0.21284109720408,0.114054812337413,-0.0196792236323187,-0.0950775922623849,0.0779179197205489,0.167726855871111,0.0507468627183251,0.453635348797729,-0.0171310244753318,-0.223012481835134,-0.247012305657726,-0.196357981140844,0.268224182944505,-0.128999822342888,-0.316988639556964,-0.0604516416648873,0.0354934047150496,-0.0793854235142841,-0.3415680531679,-0.043791008593285,-0.184061920400351,-0.0562345385382283,-0.14243101588076,-0.357347977466188,-0.124733483542823,-0.128773756342822,-0.101804020736862,-0.0765385530414579,-0.289660815916991,-0.471563657755193,-0.366948900839695,-0.350161213430621,-0.392302478080144,-0.349375171580981,-0.438098738493718,-0.20693176429283,0.002804791705952,-0.0754625490065192,-0.259685756810658,0.0740525220876453,-0.226152223060613,-0.170056468417198,-0.32120689159904,-0.37375077768412,-0.213296843077964,-0.304301360537056,-0.358244549393798,-0.273970323157227,-0.0867129947767455,-0.397098392708309,-0.448297839373807,-0.318013699263541,-0.391345520808845,-0.364676789542265,-0.243648346965203,-0.275320511487655,-0.239542340025661,0.0964053920364498,-0.118124423324079,-0.294863662681322,-0.419024811529455,0.265141029231024,0.317542931426571,0.466596929102684,0.454839156378311,0.206143846863698,0.246284049232054,0.285810884450009,0.30525769338124,0.201723364089701,0.201307339650933,0.755205161771408,0.112147766503837,0.712795219407833,-0.320797321950637,-0.169485275504145,0.206429102440419,0.139609387166149,-0.0097635077071817,-0.0279739915103714,0.206596622728378,-0.0163870701348988,0.0001732619825995,-0.0724495966893373,-0.273268131759151,-0.115649753004642,-0.118070588028994,0.0888354447111331,-0.0494081340479673,0.164246582468306,-0.0407327007174319,0.135307367023499,0.0409832683690243,0.0797751729585521,0.126330253005195,0.0351518702940747,0.481983969352565,0.276178594514014,0.357296482935612,-0.0098164552305674,0.218016110444266,-0.0930894020841424,-0.209942935401602,0.0329625929591861,0.106972366945451,0.0030265269494527,-0.10048936704165,0.0436165585009161,-0.0386495937344951,0.0712701988231358,-0.0553042436486889,0.188800720706306,-0.0946309793563135,-0.0774200698249386,0.115467822716162,0.100345607585703,0.221660879975021,0.126010019623827,-0.211589863098396,0.23323110415351,-0.243463177487791,-0.0127362264349396,0.385521588947276,0.150845067956532,-0.281680769188344,-0.181321353866513,-0.17699813391596,0.0289033764763776,0.657327562558051,-0.154935402205106,0.0170549508850404,0.0112032217741257,-0.0075375751727515,-0.140042369435409,-0.0028532381128899,0.0163464954744934,0.0794551395667802,-0.195970586953435,-0.343903404351978,-0.229998496060264,0.144610178502469,0.0079290988167795,0.136186807345243,-0.179075741090956,-0.295742507325084
0.473899321673867,0.166890784410602,0.102760587869303,0.774833845353192,0.758057252239322,0.232493382507174,0.422816100918056,-0.155356384393424,0.843930627171107,0.0991171932903518,1,0.782408221588705,0.2580919977235,-0.0899880225907327,-0.0249289120763246,-0.0872333652354559,0.122161601654977,-0.0538313773372721,0.116001454008754,-0.0360038420659473,-0.13418058722093,-0.300186256103702,-0.156619625396921,-0.343246266377067,-0.208717522931892,-0.299327409283416,0.0822650902301642,0.0513989134065474,0.0464927033285671,0.0369900934027853,0.0153448745951519,0.414036803456986,-0.283054657650743,-0.135691548060803,-0.0336139695069025,-0.0544706891431007,-0.147689140234954,0.10320416657239,-0.220437312044242,-0.0633593472405646,0.0570959029405599,0.0670855962905271,-0.112391307182307,-0.0431697713271309,-0.0576920257873918,0.0557133804878065,-0.0636261420727735,-0.0780871890134472,-0.331263968744117,-0.130146124397284,-0.0222170666662482,-0.0709071283238025,-0.146831075876418,-0.214383028100102,0.0624896874368235,0.0298804480583941,-0.0696332249858297,0.62252921915764,-0.263089984269192,-0.418972712154083,-0.126383542975154,-0.0106145692485431,-0.147297299346161,-0.0486919293660331,-0.0778870059422662,-0.258580895516655,-0.23659264748018,-0.0419431908826112,-0.0882427601166082,-0.225539820976506,-0.319195513838646,-0.103142670001041,-0.30492666527645,-0.11787411650664,-0.301397677595036,-0.220675850808711,-0.144390382122646,0.609818988559548,-0.0530927836306964,-0.303562831353461,-0.115300152932434,-0.0840934230124612,-0.292110602028454,-0.0324308179000334,0.261292653615033,0.763901482788077,0.155587159870999,0.141965933318845,0.771755590287166,0.712421077891311,0.840509849845554,0.0398295837536764,0.850613497670796,0.23908376688899,-0.0505432488793383,0.0762724355354096,0.196473308146366,0.107123754801435,0.210095398011823,0.155324356932568,0.0363076701894145,0.0375135941239452,0.0642945754739755,0.112533371224222,0.0039412876503935,-0.0126856758146968,0.105373134044812,-0.0731298108187782,-0.159276800118095,-0.207771100944396,-0.159790588442603,-0.189588742473072,0.278950370707051,0.147135331403848,-0.198646229502102,0.201111934155326,0.0463240688457744,-0.260690344131792,0.0362112069209784,0.0819470849505969,-0.188634285961089,0.142111623523235,0.294888235774077,0.120475969435952,0.166809674933026,-0.213101602337007,-0.0643130819445657,0.187337674959371,0.138982684864743,0.0608214115796804,-0.0572206694068428,0.159024995452664,-0.0005733346725916,-0.308718725019204,-0.204399690976938,0.108793475877161,-0.213579595416318,-0.0480978880670635,-0.0634603119443471,-0.047970452856206,-0.0350341423527332,-0.167826730764786,-0.0870437005847681,0.654872662964026,-0.364704172440728,-0.509068416652251,-0.17425017631424,-0.175395860130481,0.15937539190055,-0.0130758415974925,-0.20503637553638,-0.044731310621446,-0.214262861492431,-0.0597302880315906,-0.198553318235484,0.147187291180416,0.14951285206124,-0.132463517776402,-0.181944647964084,-0.221813735286079,-0.221267234866594,-0.123597786896272,0.605780106166191,-0.151992328502596,0.201104251351842
0.391132540726459,0.20906516364994,0.192793982542624,0.762823896819835,0.594142681326639,0.502441395117799,0.460298476636169,-0.0034565452634967,0.852653173638265,0.172286261383368,0.782408221588705,1,0.527086058218374,-0.192572737072791,-0.135281363349805,0.034121212666283,0.0742035375408929,-0.0589241196626519,0.191535229092087,-0.0044599178400889,-0.218067347856432,-0.19555930625571,-0.046531012971824,-0.22736800853317,-0.260255558409809,-0.555850006751475,0.220555447174204,0.0325041159222495,0.0439329997972418,0.0308154322172323,0.0702917790875476,0.425226838328599,-0.200710021722708,-0.0900417546637749,0.0254357851432243,-0.184421794448887,-0.136911589948739,0.144560821623564,-0.106523781064349,-0.096190867908923,0.0079966096209964,-0.0150491174725585,-0.210550244314444,0.0026924168589595,-0.107758672605556,-0.0172303193148115,-0.117507620552019,-0.2365255543596,-0.132300301126611,-0.109436982821924,0.0399930293897097,-0.123349566226738,-0.114673530528218,-0.167872464827059,0.0699011673747377,-0.0244025781477486,-0.162429969989795,0.499493707769812,-0.153982463377533,-0.34600313230298,-0.329669957272954,-0.358406819743154,-0.280176618733824,-0.155332135467243,-0.109199304564982,-0.156261333056664,-0.313894973264048,-0.145137215139753,-0.141620987471299,-0.414144287438938,-0.392267612949094,-0.0450639643772952,-0.401005921325357,-0.0675733912049334,-0.267487113088805,-0.126867842369063,-0.122126993906381,0.297791598100104,-0.334589449884835,-0.315409818391625,-0.158946790624396,-0.333237932580815,-0.353703437947993,-0.134985415254808,0.277252057077124,0.775144048533531,0.113960113325463,0.421883441949804,0.714613011260689,0.889622259610278,0.84541678461956,0.140735935118008,0.874331613831234,0.249679013120662,-0.0642749444061119,-0.089907462848888,0.169677933939399,0.0722637601751235,0.0873230812139676,-0.0043363832190136,0.133102077939953,-0.109244114548539,-0.0134942987924242,0.0367084148162787,-0.205926283834108,-0.100908577807583,-0.0304571452547182,-0.0811496175411675,-0.291857376881639,-0.190365473233064,-0.316000041924795,-0.269163750955284,0.227766324813936,0.0706520047088034,-0.158754029241111,0.0779465275672791,0.0583786138666348,-0.258134628736878,0.0093941575359658,0.191394196628637,-0.211261183466903,-0.106715045547205,0.271935619076356,0.147347592023958,0.0401900506929212,-0.217707765910862,-0.142067708036646,0.118038635110412,0.0981335823094601,-0.0608901506654582,-0.128195345617099,0.0661477895248153,0.183646744583101,-0.120910309465854,-0.183967954932918,0.203219487011193,-0.241285142595812,0.113180602229935,0.139263832203064,-0.137714099406732,0.0283532427130332,0.137799115699358,-0.0063775072276714,0.642311048320158,-0.177435401533195,-0.509910619495285,-0.0860963947027673,-0.235114518246247,0.145273285679365,-0.0039274466620139,-0.0760927006213721,-0.256281003601419,-0.239003375204317,-0.338225190832565,-0.341112233141416,-0.0343883664740503,0.0608339374971179,0.0495475903608253,-0.0247081845322992,-0.209510517487447,-0.037600247572043,-0.0742502644312662,0.448477126866064,-0.285825280713893,0.22331120004196
