1,0.868721700660154,0.324656439153036,0.83871466501262,0.703303122179465,0.697727299209072,0.160975961293489,0.488236436989487,0.82744916751439,0.632474807089535,0.716260721441714,0.704523168517386,0.869929643486461,-0.059107641329652,-0.245699082746146,-0.154641445040954,0.162955158214339,-0.0140930042669606,-0.322098816199358,0.604737161449886,0.0537485599565851,-0.0821316892321839,-0.334136999733537,0.0169865391172424,-0.144819089014795,0.326954973445504,0.120704277912222,0.467169367349734,-0.466614277335388,-0.508781089732517,0.209865816943175,0.700716371695968,0.171167092307075,0.225354978814926,0.170223712185078,-0.156040209964199,-0.0104909095187211,-0.339207905795478,0.0558907911079612,-0.336080043327558,0.0713327680852593,-0.0838710997882886,-0.09510979170212,0.0522294328953602,0.147148166459118,0.233225198231737,0.0902368136946157,-0.0659983338257005,-0.26056307419752,0.0511119866025466,-0.296081512360389,-0.113498746852386,0.0112720376850745,0.0439250308591235,-0.06992266025188,0.283821005288296,0.116850199955448,0.745657611301534,0.302142686841504,-0.200691531883038,-0.38662064322168,-0.317866079637537,-0.15862625902796,-0.19026301659241,-0.0931855572750307,-0.185648638878907,-0.401234729096623,-0.192353499481536,-0.249627913251548,-0.138032721359199,-0.136702797462875,-0.430878247771355,-0.472319767191191,-0.196830205123925,0.000926794674184627,-0.17647885788059,-0.193755892134135,0.21111983744795,-0.152374497489645,-0.298237868550715,0.116088921756292,0.423711439196089,0.635575283308461,0.560992246701257,0.92632992330126,0.819958860604957,0.298493974917486,0.592639359226354,0.504539335323569,0.789685853723826,0.754247796014493,0.605316769768875,0.822767682053837,0.802431025042479,-0.273841631234352,-0.13815233435126,-0.149163441700687,-0.279933088433368,0.154404834999268,-0.076546158329699,-0.305392397040283,-0.254188983005008,-0.358113569071479,0.240948190584213,0.0235468729459509,-0.362896668855163,-0.137712191533015,0.443322887464659,-0.227447981153998,0.079013711038401,-0.270129998378494,-0.197818910269334,-0.400595169844345,-0.408652779988771,-0.202221053173251,-0.323030560384742,0.531505702040307,0.394304205999731,0.10606723850101,-0.40566634220051,-0.409298424005425,-0.296376174299093,-0.371656640250296,-0.454697053097827,-0.350122651976875,-0.405228182920247,-0.453989775244645,-0.163751929101258,-0.130924537470482,-0.166765891832208,0.0311916466629611,-0.32900078711891,-0.343093689071775,-0.436628688610638,0.215640510302396,-0.416434611918086,-0.392660135447154,-0.50953078186731,-0.411904729965793,-0.379511233066978,-0.38215572470473,-0.470505534027765,-0.535036388319091,0.64108465557041,0.0340536062904158,-0.346129809154318,-0.467676704058726,-0.644172005650794,0.225107173023477,-0.540409261713513,-0.476162372842997,-0.481710052541325,-0.331818596837604,-0.477712857644166,-0.374146483911142,-0.435916938833581,-0.380882904211005,-0.61942479856078,-0.386411460754966,-0.621405425190574,-0.45532052443768,-0.592026960216643,0.220372802038689,-0.213223929217066,-0.0802314921080728
0.868721700660154,1,0.324823233748459,0.732202188118858,0.60974479893946,0.875422020261699,0.255506143384489,0.724433525598545,0.848615635582838,0.755445098440678,0.605744587194435,0.72227124158377,0.880221221546512,-0.149170857587774,-0.324791292896539,-0.162459589076031,0.122508403159136,0.0157536838555566,-0.232015518329984,0.619547980629393,0.0252350332043267,0.0186283562212095,-0.244204521333308,0.0521741198798067,-0.04895014027079,0.332873483210762,0.0656157022920207,0.330731077350654,-0.408341272578254,-0.337644182362188,0.160478308398971,0.614159789030561,0.186186100075559,0.283368131425174,0.0613170864557276,-0.165547035340562,-0.0592495812286019,-0.271098566825161,0.115904707940167,-0.363285103916196,0.0085137272107645,-0.0724420058857601,-0.131080095367591,0.135452647674617,0.0268835712379058,0.141927070749739,0.0371844816540123,-0.0588714336943543,-0.112825144589192,0.0472788345930118,-0.221497052248474,-0.17443349269105,0.0185330409146124,0.0510543575092177,-0.0858147526278075,0.225094425774052,0.163383979463236,0.603814950182531,0.192806530154268,-0.344680378022566,-0.267436475704633,-0.256849446784504,-0.161638533470303,-0.166134489023594,-0.101681200255994,-0.0729630984196707,-0.287876982757295,-0.163766515520787,-0.250672454662763,-0.104783640411896,-0.045835999611528,-0.394923609614137,-0.420591461483963,-0.202544665481256,-0.0521507532567594,0.0282737143316846,-0.145256953525265,0.104768404943962,-0.211780830326793,-0.266014008762747,0.0350479083951187,0.287468183709789,0.524849305947326,0.469746161503861,0.875579532244433,0.692605673617721,0.393849964894046,0.805836403759825,0.40547994247513,0.828370213397664,0.746857494924841,0.689543401674438,0.794685761739612,0.827712213059916,-0.344617983431693,-0.229716037587549,-0.0860167155987775,-0.179873963806503,0.173260258813918,-0.129864363233431,-0.246423791575411,-0.169838750698157,-0.109827112693112,0.207619182867598,0.0445824076715339,-0.247610896014921,-0.0555443697573097,0.40155359765898,-0.293254306818105,0.167813018710345,-0.173814763476571,-0.227912238185458,-0.300067600589074,-0.175568793236142,-0.168084975585498,-0.110055032777239,0.426410809318353,0.317387750230849,0.00473549449347183,-0.451777403440464,-0.518516862916408,-0.357753288402803,-0.408882439439819,-0.403023177116899,-0.463502994504151,-0.478797672587251,-0.534295961971484,-0.263140962917642,-0.2182594780112,-0.229877149172691,-0.0785487400965618,-0.417777730805662,-0.302608336013389,-0.421116468380136,0.11453701213084,-0.443974024432884,-0.464927564415393,-0.581902948303098,-0.52047315281648,-0.484159004536522,-0.406717716054679,-0.458188044059118,-0.579777512868518,0.478278930250274,-0.157557248038631,-0.52585944807391,-0.518220981579799,-0.671554233130268,0.200947503138445,-0.503700468428262,-0.481542970013364,-0.468576243047019,-0.417712377626069,-0.531715662831784,-0.423950934083876,-0.528816640158121,-0.443465485028723,-0.586098782676161,-0.336835926096868,-0.671441115847629,-0.510413706073982,-0.595490750577347,0.124582506194792,-0.277046780951281,-0.173303332985595
0.324656439153036,0.324823233748459,1,0.273582355266893,0.130769676371688,0.270614659762767,0.221007846000725,0.0375565917264235,0.259387660850855,0.213983523026794,0.067861515600303,0.139075845852503,0.186971009881059,-0.508687182865691,-0.617227613982886,-0.429453680572703,-0.337211375255697,-0.136067967401179,-0.513281356007196,0.321569549791229,-0.370810941554579,-0.0852943798256456,0.13625019243101,-0.104821492201847,-0.638863764795279,0.768869567260195,0.490550132914719,0.617066423796884,0.401317207459716,0.118332043536579,0.723948428252447,0.296241136494282,-0.0579423772888265,0.40935285285541,0.625607363577545,0.483331188774033,-0.454972703498124,0.25618229243716,0.419759394757528,0.0890369801477186,0.229508660224846,-0.0343707559985912,0.126922335523095,0.276037065957737,-0.0673823024087884,-0.176379886825192,-0.344647994580695,-0.488142600125265,0.103265798513348,-0.0263901092170322,0.62165768611815,-0.238967806117571,0.0772292098078496,0.102784997364414,0.308176156716131,0.151956055560002,0.60248963935926,0.0364534722401256,-0.00113917923834065,0.248868515889263,-0.230920041757192,-0.287960217600751,-0.162178816040881,-0.371878211609728,-0.192408890619832,0.0432267411175911,-0.47997131173991,-0.0121894855764977,-0.677044743069622,0.0113981832428571,0.167734351830453,-0.511679773957445,-0.421867691682019,-0.0172357275552726,0.247949474519512,0.120154367661904,-0.0373353426845881,-0.311220792474547,-0.503841024565516,-0.303211344297264,-0.250439173014839,0.0939805384571329,0.152781557444516,0.120554639000328,0.328790379508089,0.235071454666876,0.716163971359551,0.0722137256663949,-0.135557870344262,0.320193232505164,0.200273456308522,0.155990740890588,0.248695300596152,0.43478166929189,-0.664883153219276,-0.390113965970024,-0.46600556731368,-0.460434004172346,-0.310041965884695,-0.456046517283881,-0.54411986616439,-0.214530878660519,0.0760132457009614,-0.242022631893305,-0.415767632136726,-0.342407356658444,0.0633747439892409,-0.202673245611685,-0.222554181279392,-0.579894819613984,-0.662081506791559,0.656447090064046,0.0283017498934802,0.229386342520722,0.598054949435572,0.291956993229763,0.182451708569674,0.419542478201512,0.539250848351133,-0.114156801487512,0.190395929585568,-0.10113556660788,-0.150225599631395,0.125741356242506,-0.200421473736185,-0.00543131599551247,-0.199440367234576,0.244607603378216,-0.161574758262269,-0.265179303478211,-0.0404705570132781,-0.245381495286025,0.437090150853763,0.170697929023244,0.0281994100756632,0.169398901132511,-0.171628081364983,-0.170951531690248,0.110142751420716,-0.069411637559259,0.137736754643886,0.0215350023175741,-0.136064761940222,-0.0757542794159912,-0.109048973941048,0.0960032821787753,0.0390125615471427,-0.0219924367364039,0.00421962378618379,-0.340318452727637,-0.467076434156256,-0.439250548933153,-0.400947289239854,-0.451174283292672,-0.0693958016713362,-0.307672880739307,-0.0396888202425259,-0.412550841229803,-0.332933484449301,-0.499528783620836,-0.387749033480321,-0.453247629498226,-0.205257241545066,-0.55018962298326,-0.451891928722591
0.83871466501262,0.732202188118858,0.273582355266893,1,0.736079712958902,0.680866656649713,-0.00827103059953658,0.432343878882485,0.898967805468609,0.427097311462383,0.846137291422687,0.735215592080721,0.813823338142751,-0.163519369024457,-0.327561430060219,-0.271887780713394,0.0106664433817583,-0.120694908558952,-0.36769364011944,0.530814145034117,-0.0687695347813154,-0.18202637183529,-0.278639671205496,-0.0873285091003842,-0.20233384671163,0.251709808705351,0.153198975110748,0.45868820591231,-0.310661050960791,-0.461461997732906,0.340401904181507,0.677468376978487,0.0612980808274748,0.229429257777762,0.2012498706399,-0.0390264318172797,-0.169722225077322,-0.185539048139841,0.0571294099862224,-0.218441464035226,0.117160403671496,-0.0297128678249137,-0.11319677484034,0.119018623861706,0.149322049220531,0.211132876782136,-0.0259012783840996,-0.0836293149224354,-0.228495940105093,0.0719604944829232,-0.196416994119632,-0.083023649017585,0.0775282319295862,0.194393178851545,0.14079604105456,0.342671405096876,0.227024082745752,0.798479616767518,0.344485269328513,-0.108169328264995,-0.401002692637668,-0.346032185665401,-0.17968361532525,-0.321500051935501,-0.202119822051484,-0.219039360451033,-0.539289959588896,-0.100777072825435,-0.354015207462207,-0.136721188591426,-0.117144755241779,-0.365352371532902,-0.465685577117193,-0.0880716759293571,0.0888567697422107,-0.0695172433519743,-0.218520326653651,0.241115043491963,-0.199373161734807,-0.254525990899529,0.0854482646006407,0.248515813178006,0.417601995310009,0.33216442319601,0.763954471262663,0.927282657921742,0.200864446673801,0.512830031996238,0.543289099778674,0.834615897858838,0.845240526381407,0.394458055429095,0.895127118490236,0.637241748381246,-0.378060974959602,-0.244264347506007,-0.248996549841451,-0.456827028915743,0.0308661249875187,-0.161200935795791,-0.349356699753055,-0.293152916942926,-0.414283821409022,0.0897559085742818,-0.0862550773857927,-0.422268014448519,-0.200656818167304,0.224603228451267,-0.195778585730445,-0.0879394363293815,-0.32909931953097,-0.122866933330115,-0.550731749315716,-0.388180621484617,-0.138465773767679,-0.356048468776244,0.434131295773923,0.238753578186682,0.11918103670075,-0.422081542859444,-0.323242836472696,-0.349624767295184,-0.483955441910925,-0.374928157325881,-0.400832479444855,-0.33892370676615,-0.38341550106011,-0.0486335633977471,-0.0844498445923598,-0.120857741313572,0.100344621146215,-0.314314039142537,-0.156557312366856,-0.283126183253152,0.0605799496595541,-0.250862488403402,-0.232436755556765,-0.35978904052713,-0.157448031978633,-0.324948020152853,-0.176873173432005,-0.268843072339807,-0.492561839470089,0.617541066279232,0.106916717120056,-0.163142818851822,-0.253870471348758,-0.462764402044046,-0.0672855490471116,-0.594925953534924,-0.529622283449454,-0.485624039975879,-0.439420392052138,-0.524339630859602,-0.376647550769402,-0.425613389556401,-0.369127283677213,-0.481226298127391,-0.219610833484183,-0.561073685033368,-0.50213804515058,-0.62223257718763,0.226459862264117,-0.319718554075554,-0.175662141028317
0.703303122179465,0.60974479893946,0.130769676371688,0.736079712958902,1,0.506439975453459,-0.0150775565530184,0.48836268663817,0.772095806681438,0.441945936843673,0.803773540937768,0.589691874505221,0.662073391084188,-0.116600154367232,-0.314616599255043,-0.217050921390724,0.00699729366666923,-0.0551316064303544,-0.17488002488282,0.519022791745682,-0.0352817595657636,-0.167052300141229,-0.22664014640068,-0.051097964766989,-0.113103311812264,0.194865587639891,-0.145627472687032,0.309795938605786,-0.418392108145722,-0.397045843181885,0.0390746642693707,0.397726056346415,0.10544017172787,0.019295576403802,-0.012623627566524,-0.349993441757491,-0.180478296487941,-0.428297820367984,-0.280609377521501,-0.560100225607167,-0.139153328042368,-0.293126464091335,-0.361244666451074,-0.185737992191953,-0.0589470647322835,-0.0419346222351112,-0.084356981232876,-0.0248292832137129,-0.159927955619387,0.163512787666898,-0.296370849734592,-0.0184820249627182,-0.0746644440001555,0.0892380024059976,-0.136613673509614,0.25139219785123,0.0950782992691395,0.724513263995962,0.0376190808061059,-0.279850906297175,-0.0501243107014494,0.100770296497115,0.0536245692233857,-0.158651238593093,-0.0936544537025584,-0.0430025007750938,-0.0907203300309627,0.0206447140584095,0.0739371859800474,-0.0950199815099431,-0.155293701327372,0.0129705151009078,-0.114530768725209,-0.201372480831588,-0.0582238041170781,-0.0717894446791867,-0.0416483213293946,0.546561041153058,0.124917179648619,0.0444544655891168,0.156176846211522,0.350103280432146,0.430266901994127,0.401367963893685,0.718080126602479,0.754841984535091,0.174186678900169,0.424236033732587,0.822998046424055,0.621723394493519,0.787479046876934,0.444276456608218,0.776831593722688,0.553050188002999,-0.307248577002196,-0.228746910659163,-0.252236806195539,-0.360867834042589,0.0179779423222067,-0.0912123362479297,-0.189401502271689,-0.349113085618432,-0.377313781657988,0.136393278431039,-0.0930664116607877,-0.348914099231999,-0.22413522794163,0.239153057465516,-0.375658794984593,0.0918381299268876,-0.201860441199095,-0.254759665123269,-0.530074469069476,-0.390824497193974,-0.241161632793308,-0.226167829573658,0.528383949218731,0.180995855063233,-0.0595637665405329,-0.581511281904307,-0.602643089673913,-0.316863946318811,-0.550055260671707,-0.51440303192029,-0.423351415182955,-0.450882237538058,-0.551727118763038,-0.319308122364882,-0.39224244724897,-0.290572128869833,-0.149066938672972,-0.511538703128452,-0.416955274305773,-0.237271599275437,0.176336758138812,-0.318446332763304,-0.298648860010197,-0.334354038203325,-0.317220045801814,-0.392641125230179,-0.457061863395006,-0.339366943229964,-0.387468961525522,0.709474404111908,-0.0287759529529867,-0.242370662748534,-0.40267648304754,-0.561047743038726,-0.0386297229904494,-0.249027399921907,-0.129517189369172,-0.243876808362378,-0.0448157179573612,-0.208790276842919,-0.246325115961371,-0.375697877801391,-0.416447987046364,-0.153489919571537,-0.0974783973317183,-0.202341515319034,-0.192106432298882,-0.274956613466745,0.49559086098048,0.0566306680137956,0.113437682952944
0.697727299209072,0.875422020261699,0.270614659762767,0.680866656649713,0.506439975453459,1,0.0159144437733803,0.681610513653265,0.841759595287388,0.545154069652014,0.582527662382373,0.813997134246623,0.774800018281061,-0.152859727070172,-0.357305666401921,-0.165751621693128,0.0609557407408258,-0.062602978302004,-0.134426706643979,0.456067216935174,-0.00988700437677497,0.029626192957432,-0.198558432418665,0.0487425773649277,-0.107899043556449,0.2522812554454,-0.0507415741326144,0.374595252304774,-0.26497667783418,-0.195412537519124,0.149301220826708,0.550451983863006,-0.0533039501261993,0.184914389355009,0.110800992677321,-0.110696586139958,-0.174535088852565,-0.150909120841008,0.140458556045583,-0.240882014517971,-0.018487554427604,0.0441696229090239,-0.13747806224426,0.211497083498832,-0.0363098059444156,0.000928943129140088,-0.0733556773966972,0.0491529975612883,0.0492375843756458,0.0728580219219787,-0.0721902154132099,0.065858719981309,0.0282315876944267,0.218476524711403,0.15825807305327,0.175115885007378,0.2519929700337,0.52667959609779,0.216213901931794,-0.173040987411633,-0.282159999633389,-0.33712835008712,-0.234709923853617,-0.32015270335478,-0.35399702837051,-0.131919168308857,-0.408864625692523,-0.171899669245767,-0.2200927282922,-0.158219125123784,-0.0467223818313504,-0.349060730190522,-0.45469264762752,-0.0859291137487101,0.00579289683104973,0.182005492294767,0.0142786942003051,0.0904946526723592,-0.234728755593682,-0.243525380726729,-0.0245952774636076,0.227927006669613,0.341351134919534,0.318186065367647,0.707125107049357,0.67866710061392,0.256516348830319,0.896096639918515,0.357563751500541,0.922645260535651,0.712506441003871,0.436764540631102,0.783347793834555,0.653094255837072,-0.356852716791641,-0.178899420501407,0.0101719613930248,-0.205185322778231,0.130061612653591,-0.0553242923567638,-0.156634349419153,-0.0945213166586407,-0.0219001794324311,0.140003109435484,0.0372585713012198,-0.169673848521221,-0.105669421436914,0.202051673553752,-0.285674821903728,0.0489518519896037,-0.208051073542956,-0.241930261402338,-0.406376540176559,-0.140676852475598,-0.214867278193112,-0.14467264909519,0.258818523908247,0.0543170199492317,-0.109328678870789,-0.427477700293583,-0.477265455746817,-0.414578580878377,-0.452623897006586,-0.346341006781942,-0.49634210343874,-0.364818383775523,-0.399146623653321,-0.208871444893466,-0.160893939377358,-0.206352294204663,-0.112606473103164,-0.331109242992356,-0.188047555185576,-0.369744222481744,-0.0620609136143243,-0.346124800796734,-0.296976884311772,-0.513223817091453,-0.334401890802069,-0.519920095036323,-0.257778584141313,-0.268929452970889,-0.511419245298869,0.308306172614184,-0.0688851225364231,-0.301928006010798,-0.397923066300013,-0.546102810579079,-0.111707136200309,-0.496664933649373,-0.470850356460446,-0.409495303847775,-0.471320514293985,-0.530350935161241,-0.423285843470742,-0.493518469705019,-0.409388746715741,-0.473339846827189,-0.169060311048246,-0.643095353402522,-0.538914460828589,-0.575670943492634,0.0775560329378124,-0.334335023908922,-0.278497185296027
0.160975961293489,0.255506143384489,0.221007846000725,-0.00827103059953658,-0.0150775565530184,0.0159144437733803,1,0.316553780411315,0.034272874222866,0.672223452259613,-0.122591411157565,0.110800539825963,0.287472871655606,-0.0795451869222154,0.0215674671122045,0.0179296620809472,0.209025648944109,0.213246489812492,-0.0998848845495957,0.405437631693424,0.237598963848531,0.395195954125275,-0.0276612624663637,0.170223997290178,0.17052815172853,0.244260737649141,0.33102142721892,-0.238924296676186,-0.271445677690702,-0.120019051917996,0.0671552379216793,-0.0194017222691564,0.477802295993555,0.45798427184181,-0.183724425214489,0.0545971447864456,0.256802920868041,-0.146249762737125,0.29181612060758,-0.0501322360968677,0.295413688912989,-0.0207930063412749,0.465924925713526,0.431303200369107,0.246102161598418,0.279548980082693,0.305597255839146,-0.200274349227986,-0.257272191751971,-0.420492396933706,-0.242828039869409,-0.571581075975418,-0.177421534469275,-0.192380999786895,-0.312257908776494,-0.0238059564234147,-0.11948458027768,-0.0569974709526318,-0.00925957970370728,-0.311947403101675,0.00262917714798699,-0.084285754084074,0.03925344804597,0.412655452063917,0.528215119880451,0.0801640683599555,-0.0206965853610531,0.0293401157443984,-0.28170232183277,0.285624426151111,0.20478208016443,-0.319878633224454,-0.17545772617036,-0.0446825231677528,-0.335827440046958,-0.131579609991629,-0.468588810637908,-0.38745098048574,-0.402734288676301,-0.414519582270156,-0.265432476291914,-0.423884430476938,0.117442934380034,-0.106786405378166,0.316001006247896,-0.0243206842613109,0.658857811716846,0.0316160475011383,-0.112049479906761,-0.0788606522114617,0.0368251014293151,0.541479036937976,-0.0479011970665556,0.503692179064599,-0.052963409290481,-0.153605619674754,-0.00845517747571376,0.233384367877411,0.267280797928672,-0.0662724757334859,-0.0480999441855383,0.223611077914459,0.231555085372289,0.191006042878656,0.270618921624537,0.0822697921119067,0.400878860258402,0.418235016095267,0.158753182817492,0.277852387925763,0.16809113094347,0.16071818181249,0.609273666374507,0.123092926662953,0.175806401096972,0.333445688637207,0.222659506560613,0.380581941218191,0.24032299346474,0.0677124751869729,0.100847730871338,0.152863298815905,0.187656791969303,0.0546230275124429,0.104484521896441,-0.105045232545787,-0.218054794153078,-0.0418923420677108,0.194156932723927,0.230326985811061,0.0411981861434112,0.214105989734998,0.0305338498736709,-0.160120326622104,-0.0404031154693994,-0.232844923551042,-0.498692961587927,-0.305483269752417,-0.445010724442969,-0.184616412118909,0.0880138220542591,-0.194885496429085,-0.269860536152102,-0.0703128676376031,-0.364795164220191,-0.494933377099427,-0.0898106618226035,-0.276865363050952,0.693779106336857,-0.163401250609995,-0.261785815266967,-0.0870271833526225,-0.210442366763149,-0.103174899788383,-0.295095727346899,-0.0948621864872373,-0.00271037136703344,-0.34001377078452,-0.256530940250626,-0.236972842564589,-0.233031416944861,-0.190024836171955,-0.309545182327933,-0.311474553532294,-0.281723085592031
0.488236436989487,0.724433525598545,0.0375565917264235,0.432343878882485,0.48836268663817,0.681610513653265,0.316553780411315,1,0.627553086264337,0.757948614966164,0.467408275959268,0.553047737967479,0.687582619775093,-0.0961173452382668,-0.195964371421114,-0.0787273696202591,0.0182758653152789,-0.0576616636668167,-0.012845141876508,0.407371204584037,0.0850201119844481,0.11560848907748,-0.118661202344632,0.0517684691313049,0.131742880417051,-0.0122533277152487,-0.18569619140219,-0.0438749782026741,-0.395414923001928,-0.169990466776509,-0.175994190070944,0.145168249697431,0.197315326037302,0.0595644655384457,-0.314738896093597,-0.317459588592254,-0.0997829941502529,-0.323714186023498,-0.126294958561145,-0.468980974341379,-0.181524451544671,-0.178447369786091,-0.211624566351911,0.0555367623340352,-0.159628695721004,0.00341469763281496,0.0776772967256418,-0.0129000732313477,-0.0561609922420591,-0.0837265555971633,-0.327905843969004,-0.162183084077958,-0.112058752640025,0.00776469192014406,-0.250228844839848,-0.0181705212975154,-0.0514188295148561,0.363720195104613,0.0607000294778733,-0.539047667755417,0.0341473180566249,0.0445870719800821,-0.0569193782552974,0.0274058833646232,-0.00979571133477709,0.0272805770970047,-0.0336836237591295,-0.0969549077995355,-0.038858532207346,-0.0246243843305305,-0.00601826044745209,-0.18116695973832,-0.0737488916615038,-0.283572076909557,-0.266668231969724,0.116729571532662,-0.14646456512047,0.158339250301728,-0.0152128038324551,0.00604557741832693,0.0300722670143355,-0.016925207694679,0.22893961212265,0.192570994074076,0.600573904168223,0.427317969561309,0.229572821943046,0.636890216766672,0.387610558697014,0.562737956116463,0.569334758089104,0.621927401042841,0.544692049919026,0.594385195753422,-0.15767038522241,-0.338477315170359,-0.0288375405012086,-0.0202886590553024,0.115845085107677,-0.128486890019535,-0.0446637730004752,0.00225508244032059,0.0302039977613794,0.117585919853282,0.126039307497855,-0.115423268614827,-0.0117919783487555,0.31928555159222,-0.203581619395728,0.350618424889197,0.113306012509266,-0.363150625453704,-0.212041585328813,-0.110220886125102,-0.287090827704516,-0.0213451612293145,0.310587012243812,0.0740582601046259,-0.26026622307676,-0.332471960408359,-0.564614319744032,-0.170920294218636,-0.30980274547192,-0.365649309391559,-0.277681120887423,-0.567579203822522,-0.515141190997808,-0.442976663566025,-0.324266382022106,-0.178022153405811,-0.241922422663272,-0.354822589448073,-0.327800794817049,-0.340311720359234,-0.0628214883349859,-0.398220161654362,-0.369150041319101,-0.343721062879348,-0.459684800546254,-0.451289181259016,-0.358076793802441,-0.338040598944436,-0.380343976715935,0.319865562184742,-0.120335047610805,-0.437099056850473,-0.480370740781736,-0.496616057364468,0.0660638678672876,-0.188159498682121,-0.16012204549898,-0.0873855647969456,-0.14329487674432,-0.182721215607541,-0.415053126238628,-0.286826645208173,-0.288467905596069,-0.310792518807271,-0.183975206150143,-0.211021204769851,-0.274736279563164,-0.186579184538161,0.145609870371986,-0.0061430101877929,0.0253558449673187
0.82744916751439,0.848615635582838,0.259387660850855,0.898967805468609,0.772095806681438,0.841759595287388,0.034272874222866,0.627553086264337,1,0.560504957825255,0.871971486047107,0.830032801134798,0.864150824015003,-0.177214710666874,-0.343536679671437,-0.252234914050392,0.0341747134069512,-0.0647562646909354,-0.298239768053625,0.604297173971667,-0.0228861373360276,-0.120554245452879,-0.305090107256807,-0.0451904925533007,-0.135677786481784,0.224908847297946,0.03186225232072,0.440095750088484,-0.400619655732405,-0.433240727007756,0.251223609876384,0.608717050734427,0.0136754775248368,0.219747037214036,0.0970979437289783,-0.131388907043226,-0.173985728901699,-0.29353340090895,0.0361140939674301,-0.332473435463349,0.0819347727706354,-0.10143033205577,-0.114070416127755,0.116693921121785,0.087929516765679,0.124554242048555,-0.00348528949517881,-0.000696041237166483,-0.105520916274135,0.116894957940388,-0.224899355610409,-0.0956206705982178,0.0228006327370288,0.236834375203548,0.0769186780974051,0.324757422957964,0.2279692013089,0.785130147760242,0.308199815576639,-0.227922611346824,-0.308217604874071,-0.28403707209384,-0.138510273135643,-0.277247424692761,-0.210318304931597,-0.157759454083466,-0.446759167053914,-0.106399034809935,-0.295039260872453,-0.12453600765044,-0.0910608139751664,-0.362142175211672,-0.446064113651855,-0.128973484714158,0.0524677913951594,0.0511386835574152,-0.137356073117441,0.260527157112738,-0.175359140658187,-0.187890376602646,0.0965103544150605,0.209727651091379,0.399215798658344,0.346336230237777,0.824739492480688,0.868767401779671,0.223712960390127,0.680990699508753,0.601174321175255,0.927162945683291,0.938835256555688,0.489796877106718,0.954929398283703,0.711056039085601,-0.360409668926383,-0.260881884451466,-0.180991549075531,-0.381345045922,0.0898713424131465,-0.138330167913546,-0.280083728339594,-0.262043337517311,-0.3086071038167,0.182724777532656,-0.0309324194547821,-0.361774798152138,-0.218358164932902,0.268272083398652,-0.292406699150613,0.0395283661848516,-0.241805995519608,-0.246167840592023,-0.542440885802027,-0.38237385400231,-0.218294008941638,-0.314752934720905,0.473685969943983,0.196664616046826,-0.0287533131373342,-0.549076055791295,-0.489506002930667,-0.401839654214669,-0.547990609219387,-0.457342987036128,-0.473029404390595,-0.438614789803478,-0.48334827058901,-0.150801380931747,-0.172779903544302,-0.171162789914018,-0.0653047823167016,-0.379906764359437,-0.254507507052167,-0.323827727527837,0.0249953891656788,-0.327377367784235,-0.318723822909913,-0.404182255720664,-0.280999311937345,-0.449764273492315,-0.261916403467774,-0.306240300637846,-0.549991061827542,0.616243936272263,0.0622298663644358,-0.241404501244674,-0.363604642928756,-0.560256956791344,-0.127658629943002,-0.565755531820333,-0.495887615679204,-0.464046363058983,-0.436543234228466,-0.511474263680301,-0.385951517319127,-0.487421240771483,-0.433246453132971,-0.491734154560483,-0.232748351955336,-0.587452864658733,-0.529893835430137,-0.600450899115506,0.2404868091561,-0.286166437632084,-0.160629334648721
0.632474807089535,0.755445098440678,0.213983523026794,0.427097311462383,0.441945936843673,0.545154069652014,0.672223452259613,0.757948614966164,0.560504957825255,1,0.355819145413063,0.495367562247765,0.740523400789391,-0.0907895629166557,-0.160454698689659,-0.151766955358355,0.101446622741451,-0.021051721452733,-0.179771957194044,0.582125874581979,0.117042475684502,0.151853951535498,-0.308238016445238,0.0467935926465803,0.0773705208718822,0.227984183272986,0.0543978498193383,0.0716629222694627,-0.535593545351839,-0.389765279951914,0.0186785591712777,0.265382432841293,0.278437460943963,0.372821353046692,-0.149262571118108,-0.180310682059988,0.0347830443027777,-0.445917347559019,0.127003422212279,-0.435170790983267,0.126914474414977,-0.264694685334313,0.0813257991042206,0.25428704082178,0.0403117986369011,0.151942705655401,0.164186828227577,-0.0804345215851923,-0.10737258424938,-0.126226904788714,-0.345356008029256,-0.339989370891352,-0.113224795976451,0.011341826305774,-0.298769564139549,0.229210489447637,0.0253907458507012,0.369786072265081,0.195607230198933,-0.415306120331419,-0.035537675144822,-0.0497843452192967,0.060301545369444,0.270002111579696,0.30927127248116,0.133788199404139,-0.0457598251766343,-0.0350492518481152,-0.180770312169839,0.144937896816809,0.119265138750023,-0.288403144438881,-0.154440465485658,-0.161142235104521,-0.185734041342532,0.063651691915062,-0.29290522895329,-0.0701006202503135,-0.21083573744142,-0.200040529700389,0.0481527924464424,-0.0492910138377764,0.349346305214629,0.207178672388354,0.73470888223886,0.411164340731168,0.506885881190925,0.569252334881236,0.272386774383565,0.44821300892119,0.491889454092686,0.876848660510517,0.441350256490323,0.833847845731094,-0.185660224780446,-0.233058037529314,-0.151383800265705,-0.0485019833600179,0.167472068169052,-0.14732909420148,-0.149862469860126,-0.0845810560724745,-0.0694603467715523,0.24469780645869,0.107776034489092,-0.142886890355643,0.0853292974524702,0.469246451330432,-0.256025224683086,0.27563013121196,0.00256557046927492,-0.224298950265699,0.110984420492865,-0.241038970206559,-0.187468216889338,-0.0711472923296691,0.446877132921573,0.318490106770839,-0.046790192019665,-0.286102832255599,-0.407184564492451,-0.0250212973927551,-0.134455074831576,-0.445903740129997,-0.190040877805309,-0.458214425741604,-0.573031121803801,-0.30311020783835,-0.215378199152244,-0.128400057381846,-0.20154429034026,-0.24599448882699,-0.352164089178614,-0.461316631411937,-0.0126737585693639,-0.406175236875974,-0.631019008971179,-0.531224727699857,-0.647974080412866,-0.399291403323182,-0.254283399391922,-0.470984857973077,-0.538553331131493,0.327066276370569,-0.149805274076365,-0.649669951785097,-0.432029570226179,-0.584240384150284,0.479013619336989,-0.347744074325641,-0.414330327511288,-0.207831172740279,-0.269079687150681,-0.264586710682235,-0.511735731965331,-0.324958277897703,-0.266821771196659,-0.464273815272721,-0.334043988527743,-0.38664689870706,-0.367864812447055,-0.396200784116031,-0.0515979404179577,-0.201304721121606,-0.0840238502977739
0.716260721441714,0.605744587194435,0.067861515600303,0.846137291422687,0.803773540937768,0.582527662382373,-0.122591411157565,0.467408275959268,0.871971486047107,0.355819145413063,1,0.632536200852968,0.731493698512726,-0.153594382730394,-0.207800810394003,-0.219402932886316,0.042303089748787,-0.0681879501393399,-0.283328198106008,0.506617991880085,-0.0214699621791093,-0.255711384743662,-0.363879008839716,-0.160705365299721,-0.0191957401099764,0.0518251974233123,-0.0253451796020855,0.377814593878615,-0.394704789251959,-0.50995080656628,0.143252812674672,0.53991692436646,-0.0507464749887752,0.0205744870233794,0.0126172568768142,-0.149427565168818,-0.165900228072828,-0.304119541717694,-0.109903823396894,-0.365296565731335,0.0297640061600062,-0.113567885587918,-0.170497901909016,-0.0542842429409244,0.163317122324164,0.142740450888133,0.020376899466801,0.0270301016172482,-0.23650981133822,0.178076665560203,-0.305036143499288,-0.0508557864795122,0.0545022505544861,0.235208288719078,0.0694584637381745,0.332462881682227,0.126916398963449,0.87818446564751,0.343213504119193,-0.212529205544253,-0.298803945953591,-0.117594785482559,-0.0668934411330449,-0.221142570568917,-0.151567738554179,-0.209412728753072,-0.331227826966192,-0.058460707321775,-0.169693838757621,-0.192886664944077,-0.197310449577234,-0.194455258791575,-0.301511239952247,-0.0479136118841158,0.0873728168121617,-0.0541168727351879,-0.135038949823055,0.532723621029304,0.039907059671153,-0.0258429765468431,0.270906634998249,0.262622719258008,0.307744994061173,0.34781017874948,0.671442568376722,0.813521230251982,-0.00691834860694614,0.455420354484891,0.736631281246652,0.744063519057607,0.905290894786691,0.366828920949877,0.884184177490923,0.549329039995349,-0.188093393924689,-0.208798402752551,-0.212367309474228,-0.417079431046142,0.0185351216836808,-0.0931769094965306,-0.262929170744268,-0.357913139722259,-0.535992975167412,0.160273930181527,-0.0716633287937545,-0.454329690964725,-0.336825639392705,0.176470081008973,-0.253592504110466,0.0614849118850188,-0.100165314694862,-0.318730989867128,-0.677727881986441,-0.494073825615217,-0.308614684500714,-0.466558712442315,0.471307749045483,0.188952689049274,-0.0687864780042671,-0.513738080622823,-0.490402412359373,-0.363468265668589,-0.559984328021983,-0.505541998148167,-0.39369306531198,-0.452991523848356,-0.444882481700849,-0.145000659236716,-0.176660851291063,-0.0876374392172547,0.0135753980080984,-0.350716839609719,-0.34469821499741,-0.293961203905779,0.0881330824074662,-0.322609932783764,-0.19414981557618,-0.195250472217501,-0.190815396777373,-0.401641381037326,-0.276854563869943,-0.290662417190956,-0.435279544940923,0.776115256885037,0.243198058556674,-0.0835298372858568,-0.26301786340852,-0.49035223963862,-0.199669108992456,-0.465479127270804,-0.29667096110631,-0.397697179993956,-0.244335312748396,-0.34087533631394,-0.314090019142868,-0.380385162556333,-0.467773416129424,-0.341115206458799,-0.0906616980055279,-0.378593445961305,-0.315266102496424,-0.416195254283032,0.461317705384503,-0.0464335216959231,0.109365204011511
0.704523168517386,0.72227124158377,0.139075845852503,0.735215592080721,0.589691874505221,0.813997134246623,0.110800539825963,0.553047737967479,0.830032801134798,0.495367562247765,0.632536200852968,1,0.844236962015958,0.0443563247970483,-0.216656575739618,-0.0613310614959522,0.159754486804859,-0.0499336801775153,-0.0669133656953187,0.434141530592671,0.14819811378492,0.0902660272574739,-0.329825542530333,0.0713341770667695,-0.0975419797903194,0.139673268415359,-0.0637263922984615,0.345320176727356,-0.505495432848381,-0.426388775703485,0.0624975295956247,0.60331226586459,0.0313618458338808,0.115429311412689,0.0344650201009242,-0.283785139447354,-0.0421559440088474,-0.361732864879102,-0.0261996801055726,-0.277477651719093,-0.0526467013097261,-0.0189875825322392,-0.0645507592849104,0.192256876234441,0.0260091336368286,0.099058553702663,0.0652593991305481,0.126446251679287,-0.120693063504835,-0.0584988545187984,-0.343405458598399,-0.0489622494007606,-0.122566857571735,0.156862206121142,0.0373479945003398,0.0517981429726913,0.0731466963970806,0.635520417301849,0.270312372124003,-0.246509135721286,-0.318523069767741,-0.390594387290392,-0.223073808146957,-0.250922982621199,-0.307784034077434,-0.306003262053546,-0.467660804875726,-0.317543109497709,-0.157848935132329,-0.182784027673176,-0.186549214327309,-0.395605113126448,-0.536023701640045,-0.207259798927055,-0.162786585663906,-0.0241350176904566,-0.0582792299799143,0.1100941184578,-0.23896085035777,-0.404958618296695,-0.0544757802046098,0.112003743815424,0.385246088584211,0.276570358964723,0.744923493912934,0.791572584227313,0.241143860447553,0.708920094077796,0.490152196131132,0.865680743789494,0.736278895268537,0.39042652882337,0.804324186447466,0.633135221861643,-0.176166281234222,-0.0852863594171508,0.0750869871489609,-0.184377300098753,0.25333300724883,0.0857554477481542,-0.00834214335462466,-0.0475277382713094,-0.166462252004732,0.282448241528407,0.197982922462018,-0.122983666702197,-0.150568105966715,0.298076829755451,-0.120653421348219,0.155262572788775,-0.144662009164448,-0.286029146823619,-0.361250415813384,-0.385247423290288,-0.289787732408379,-0.319152565368558,0.421481908251525,0.119454606464005,-0.101939199679834,-0.309399095691832,-0.367962729592176,-0.347471234190308,-0.420867582364156,-0.421602533295194,-0.300012501011971,-0.375701925963298,-0.384027430374277,-0.232112292759099,-0.0134064473388977,-0.0798729151508417,-0.0258705698897394,-0.0810371284900848,-0.227269323464493,-0.330748411263299,0.0595958792729678,-0.412064199487601,-0.341199537842345,-0.406111236644151,-0.263988716180774,-0.394671598009394,-0.195381904046706,-0.194464256713889,-0.42282076688741,0.408290337374759,-0.0117702311584625,-0.223100918257965,-0.382098329198755,-0.486683711720819,0.037012250144507,-0.45566937232068,-0.38382115819154,-0.321966878187953,-0.394893549356068,-0.395309391190704,-0.387201790136739,-0.315890322469016,-0.292888601909831,-0.488171838981181,-0.199286096200109,-0.507846807935889,-0.441111067591402,-0.460191828331215,0.135774259127006,-0.306900931258325,-0.247905777270026
0.869929643486461,0.880221221546512,0.186971009881059,0.813823338142751,0.662073391084188,0.774800018281061,0.287472871655606,0.687582619775093,0.864150824015003,0.740523400789391,0.731493698512726,0.844236962015958,1,-0.0899100620014659,-0.199189251700852,-0.0933941799441297,0.191031503079599,0.00925048801919414,-0.253766360358169,0.575837385083852,0.104937755524183,-0.0447083872601409,-0.45002050832874,-0.0267204547566382,-0.00116022750792695,0.168450207652629,0.0753625152554321,0.310651253561187,-0.580471825455275,-0.585041045328852,0.102076880084281,0.661018897600202,0.121815820414719,0.189854596678531,-0.0319181268739003,-0.235830266743095,-0.00530935962095546,-0.377163162933673,0.0582113939331039,-0.370483742729457,0.0076074751321936,-0.0812481068258351,-0.0542760599792984,0.1431131529766,0.0975716774046262,0.202639732673386,0.133717090718421,-0.0206830668334679,-0.20669248451064,-0.0377945646942414,-0.423374207868974,-0.206322192675125,0.0429196660057376,0.0584895401015871,-0.095371789730457,0.190794483611182,0.0536010711764066,0.746017611107689,0.330660614966261,-0.388345100815057,-0.283918697224267,-0.267591060794214,-0.117043277162048,-0.0887926386734084,-0.0681817961553849,-0.170980289049007,-0.333703569668534,-0.225077259723281,-0.245617263619884,-0.0696114373022179,-0.0597986242580433,-0.462119865711112,-0.441027439916571,-0.254605802994597,-0.12762278374076,-0.0535667936660948,-0.249617466669178,0.15739185964766,-0.248815798764625,-0.367983779801194,0.0839609405014894,0.167559882299134,0.466074356850144,0.404011637231208,0.894188431295306,0.795736012666017,0.304193410534065,0.713709893724387,0.521533252087287,0.818582922004995,0.8074041220259,0.669963420982995,0.820646857845686,0.846674954454285,-0.174029141190582,-0.256767617112057,-0.0661681646691475,-0.204637775093753,0.235217975686125,-0.0859209651554534,-0.2293193192033,-0.228376681605987,-0.312479204999267,0.28278523678549,0.137517989965063,-0.270151095883399,-0.176462772725674,0.425631315318525,-0.215589365861581,0.221234609466656,-0.0803682484878901,-0.325162338891078,-0.357046967455354,-0.443746651372288,-0.314636463494957,-0.375821287420778,0.523119245957544,0.330974007727409,-0.078780844485885,-0.358665071620108,-0.499701648701827,-0.270842727129445,-0.386466380032897,-0.532763058696981,-0.339231794117983,-0.521494084133683,-0.579989872416381,-0.307295672274876,-0.136478017822847,-0.124822204053036,-0.0415732654241494,-0.261197795784361,-0.356194282959301,-0.477709700234938,0.122415152565336,-0.484660737313078,-0.432907070090696,-0.477197912983379,-0.464013328491423,-0.424091440428416,-0.354489781962706,-0.434215452926228,-0.540118068423218,0.568922432570609,-0.00275487912579306,-0.437462134967204,-0.494443654931247,-0.602167587680799,0.253742607240697,-0.489499654587592,-0.458701039927472,-0.390763614210504,-0.359589505771335,-0.448261432659543,-0.464816148551072,-0.399661826432477,-0.336107081698175,-0.6413706236832,-0.333610960207113,-0.559311928100014,-0.479671499449477,-0.509657670654919,0.159959608597895,-0.285087709341231,-0.11671343202269
