1,0.901075566464357,0.261540400812557,0.838767647977478,0.531288388898598,0.372672219441245,0.830751566385865,0.626715459198076,0.791708528442633,0.773155023595757,0.847022412764299,0.827555392335778,0.833070273742003,-0.076582677052913,-0.28878641430942,-0.287516320700609,-0.360746562022538,-0.117626229098847,0.0328768657550736,0.0644148322378667,-0.0681794604653527,-0.0236970525563063,-0.057971646955941,-0.305821700754923,0.204592953613165,-0.154145230785817,-0.612123556929122,-0.0668683360375968,-0.314915179599289,-0.377245158382805,-0.0255540287785069,-0.347019047569155,-0.0071636060416259,-0.165785312199587,-0.354632938887422,-0.397216088996397,-0.247680386199687,-0.375560219581529,-0.391273541198637,-0.370277125126313,-0.0158780511133186,-0.303622802523729,-0.40962665941974,0.0359637710114287,-0.138690612226139,-0.282919423620948,-0.0212512321506654,0.0156108874449001,-0.312007583943051,-0.159001011508228,-0.45882365470762,0.0664090442922515,-0.150556885972225,0.35896405342437,-0.470129858935735,0.0765584557250633,-0.277610740823211,0.328211795459084,-0.0866153762733002,-0.293826943826953,0.243353928630001,0.004165582503792,0.281425471254056,0.321984158121803,-0.0393225082726246,0.0743096318053798,-0.472338479764921,0.302179779967718,-0.261529104607214,0.268480988967306,-0.0163280370597219,0.0574284828503606,-0.0224759278557207,0.131976821605841,-0.214425562472658,-0.148825884727174,-0.200279892011407,0.187570916241922,0.0736580260741686,-0.286137498342503,-0.0940764450480278,-0.253738364434639,0.433541846478681,0.357216720167049,0.859279304976723,0.821958708596752,0.585031398700614,0.104806184729127,0.64598075643337,0.428938386022517,0.717013039979083,0.74975043328392,0.80699443440367,0.531969007418503,-0.420933672667159,0.0092845051755507,-0.0321425953668819,0.0232999323157287,-0.109895479255921,0.103903263881853,-0.0555858970578745,-0.113822936296997,-0.144917807967776,0.229755239314742,-0.141772690851253,-0.117849334673892,0.172048095626867,0.296884670287453,-0.108069343485173,0.082632414167762,0.0893392847171348,0.398682036661136,0.430975463807667,-0.218692174851996,-0.480776469154679,-0.243027481594066,-0.195332191614652,-0.103952865849337,-0.0653705028101922,-0.325400375551888,-0.12111701646886,-0.491876691628132,-0.386897442845543,-0.200724460958844,0.147241250495071,-0.262707235039172,-0.316691086958141,-0.0247311125147668,-0.0166038945033986,-0.0079965348140083,-0.221672198728763,0.198044702310483,-0.261420163463992,-0.167599927130568,-0.315981820944856,0.122391147273751,-0.208569714887892,0.129280080930215,-0.427492360752737,-0.435067020020757,0.150181391050937,-0.0926314997334591,-0.149624719697877,0.601487373960879,-0.0402611550660298,-0.366085489556408,-0.0097656167649693,-0.208681912603485,-0.161708909088387,-0.206259923182405,-0.199380547364581,0.107358195436005,-0.268742399500889,-0.241104772706921,-0.164491321296546,0.081697559371996,-0.0771111279428091,-0.0747609755679231,-0.28504071743247,-0.159673975396627,-0.390383278723268,-0.419614429694731,0.0579212509155503,-0.336247636298506,-0.333604312831016
0.901075566464357,1,0.181187206054207,0.882473642390871,0.553318215451482,0.465756190472205,0.835491523359983,0.76790337281643,0.853393667307745,0.792386898803683,0.835572872727036,0.882741421533675,0.869369618428485,-0.112407390565862,-0.221302857105883,-0.426867589289505,-0.36462617297719,-0.121976265027416,-0.0047336646145574,-0.123451038420424,-0.177036135013287,-0.0730723451892795,-0.0778578443542993,-0.316011384181685,0.0699284733392091,-0.283150749866022,-0.572652054540578,-0.157102825486231,-0.328150301562005,-0.343778063999687,-0.108372474744343,-0.374054973398001,-0.0325779957544997,-0.144166764758495,-0.421487842390245,-0.469971577525256,-0.384717539740552,-0.275160546330243,-0.314166786476466,-0.359950959034138,0.0734176310557345,-0.299482358061796,-0.420556233461401,0.0623735785464517,-0.104858441415855,-0.265409358746198,-0.0789161386516642,-0.121350275306451,-0.314250016320516,-0.190615572375663,-0.42387200424406,0.112036799396655,-0.160268932624624,0.432287367442495,-0.457843579521145,0.0956528476821949,-0.241626570915906,0.40365584441792,0.0267484499870631,-0.28391570207875,0.265447267352405,0.0012506937268229,0.331447707748886,0.237938346007959,-0.0490257163629626,0.104979732834971,-0.475334206879165,0.315786125811429,-0.368615550080765,0.308270164805503,0.0118203518350905,-0.0155999768663718,-0.143002272531437,0.125310775371088,-0.155892743064578,-0.170926648815484,-0.293426659767013,0.1534284233499,0.115619005631973,-0.335362617723459,-0.113579414504938,-0.244510878039563,0.478633809715917,0.245167625008463,0.914112308310966,0.872407980344584,0.511315898316399,0.261877880128439,0.598050295500415,0.493279115681199,0.663824348029092,0.760622839327204,0.812142242067892,0.498966726297699,-0.362377649233016,-0.0181429725647967,-0.10757933028696,-0.0152206279369793,-0.148622511483211,0.116574217570522,-0.161838714289191,-0.148640415456662,-0.27421151991672,0.0645582018232878,-0.209634930365447,-0.298482508305032,0.0250497228627391,0.184844254423988,-0.220484038195953,-0.0017523482678306,0.0256890422477791,0.373452870885605,0.409138229139439,-0.212532708079975,-0.381507048504343,-0.275186036912205,-0.226448073912258,-0.0760754598110131,-0.082703267542579,-0.332050088547704,-0.0034846930328492,-0.459319130837532,-0.390340089600825,-0.100935901211986,0.0719999142547072,-0.226089707219597,-0.27958289294825,0.0602261812036761,0.0249001140084461,0.014326779535093,-0.189800469328703,0.219558210093776,-0.161291713235332,-0.108010027817178,-0.355662776550572,0.257940997598924,-0.127550226232167,0.218247824911308,-0.338144340167777,-0.393912287944892,0.278934241987982,-0.055420881294013,-0.0983641495788863,0.66719017945197,0.0611584112043854,-0.28624866688431,0.0327972168959453,-0.175252541586738,-0.201384739957639,-0.173296095773243,-0.144512295855874,0.150029039798287,-0.279221179821185,-0.21659996773604,-0.126268434325679,0.0966323126401899,0.0169600897585447,-0.151246834631329,-0.297022175478712,-0.197250949345077,-0.379017800355291,-0.431453668461313,0.0429436005097035,-0.343014098443126,-0.338018976935967
0.261540400812557,0.181187206054207,1,0.0328180045240917,-0.0945682174650374,-0.0431172879712527,0.439476428364058,0.212453358602944,0.0997736672440863,0.40607048324033,0.233397862827298,0.167471766855317,0.305640181838383,-0.0817523854278913,-0.0808644766034658,-0.0038919549140165,-0.189825418300823,0.0418297543902821,-0.10424142399327,-0.0250209393675975,0.106851095395513,-0.104698878552617,0.254347422646161,0.0655410658809813,-0.0336013030075104,0.33507227379372,0.266528538969126,-0.0405371667528057,0.0680382195920474,0.0311275803660709,-0.0651135693235734,-0.0215152322418875,0.290949826038535,-0.327690841169107,-0.073050628108979,0.0674418929500923,0.0859829724243036,0.099140122654751,0.0683350721789828,0.11382169429371,-0.108745688592701,-0.0268823035002462,0.0865571960075143,0.0372591935150264,0.0784095064409181,0.256791293238974,0.19934317236308,0.28128539120638,-0.342789201787452,-0.371075338836176,-0.13027142591355,-0.207877073546826,-0.406852461376623,-0.281383791882359,-0.334319381904655,-0.30506392969495,-0.36491299917999,-0.0507944463988504,-0.0941756609479463,0.0029960937966109,0.0568648045059075,-0.0234123079957366,-0.0566492251428272,-0.0328327102684764,-0.0891587025296571,-0.150861655060725,-0.279268668142657,0.135122037200581,-0.160448770305578,0.117251001074639,-0.0407527155891785,0.0064372978442752,-0.0613036897349025,0.0214053311434061,-0.456025872237851,-0.409332399268977,-0.314386490188725,-0.283479839068051,-0.141214410245228,-0.253902321174258,-0.310900823428005,-0.0641029199059162,0.161209451459213,0.205916899918646,0.230083743748763,0.113737592061607,0.407012750373048,-0.194092476111671,0.0063351517346312,-0.0530400985945019,0.157963826376436,0.209784990076743,0.123039172817937,0.354344520019034,-0.213152364043786,-0.245412375436135,0.112955000011809,0.107917748457995,-0.0979986061231674,-0.208986304852064,-0.140681955234497,0.215548517704312,-0.112079588174895,-0.0793979351598224,0.125054192163256,-0.0838574751822352,0.36563922067221,-0.0358442486406568,0.232851578567785,0.0839653742458861,0.0355319294373428,0.530136620991332,0.509694421563379,0.0103789780241077,0.0262012966053341,0.194028922344465,-0.0166862306696106,0.0848586203629329,0.196360410685774,-0.159861549375586,0.115453419111699,0.240258674539031,-0.0676998620222166,0.139675035302248,-0.0302914651963013,0.253450865088717,0.202376351158197,-0.169278089494671,-0.0443578607506659,0.107338497977101,0.262876391518743,0.127538293120587,0.148897009876797,-0.223650533191544,-0.146383143513662,0.175812916358466,-0.179137908698959,-0.0280205513807791,0.0886297605794592,-0.0143884552619318,0.0806289682812551,-0.31392107295296,-0.115539986355619,0.157798804401106,0.111507406474433,0.0973135277479445,0.144106928778299,0.131337284537585,0.307754113340395,0.0411722265387171,-0.0631159430077242,0.222670278298066,0.223716808531349,-0.236105597141451,0.241953477562161,-0.254522003133373,0.274048587673214,0.239771200134115,0.16384360489094,0.162163480141511,-0.0566838953242907,0.0016234119208691,-0.20187358680792,-0.0387062787245911,-0.188212999232712
0.838767647977478,0.882473642390871,0.0328180045240917,1,0.725702266096676,0.52354603762484,0.657301760780973,0.665054423199332,0.844396656049022,0.617193690639359,0.702298025206591,0.828953524634697,0.748449518928018,-0.0545318249576595,-0.228236515770704,-0.336777048042612,-0.36427134322654,-0.141750365374755,-0.0202314074182513,-0.0038810431464454,-0.104266827112411,0.0894576273024947,-0.173427276881834,-0.329596784875001,0.161065145525285,-0.251060514023064,-0.600096968987114,0.0306505319068993,-0.302752257948301,-0.282135726128932,0.025326276161158,-0.278536320773019,-0.0694352237085944,0.021686184087002,-0.376310302696142,-0.408439377148619,-0.344874307594859,-0.347312021947025,-0.323214457013088,-0.339823013290181,0.112371889826678,-0.311057054277813,-0.450356927760807,-0.047356370577207,-0.0900605873288031,-0.369682611800691,-0.0868395556571986,-0.0538296474468272,-0.237137599655869,0.004129664323151,-0.291521630120711,0.0898368787333041,0.0047212954380608,0.439459032526608,-0.29882403993293,0.256286048951969,-0.0761928519525358,0.429406264044458,0.0088129817493243,-0.23452499280648,0.179846735203603,0.0814497608845911,0.301403880934912,0.297674023722489,0.0249066715565536,0.0227864340876908,-0.35360767527002,0.225178131412118,-0.210186627807057,0.233632878344044,0.0594416027772492,-0.075448346716164,-0.1614101490222,0.0475287197696539,-0.0938806356279725,0.0085968863039369,-0.150001418996545,0.415890027243233,0.124352378645766,-0.258098277385031,0.0251739846931956,-0.0625222260649552,0.395523000892414,0.440034638866944,0.805387983040782,0.841219515967203,0.490698042561156,0.291263686623298,0.744403395781282,0.515786020161506,0.715992357503323,0.662750973943825,0.739652520616661,0.461069546477696,-0.3391806305977,0.04272853349162,-0.125195413190977,0.0050078419611402,-0.106845734830749,0.145595481015422,-0.119208164357508,-0.24507300522141,-0.0891961665204736,0.147034786843934,-0.211163996580065,-0.122762186901192,0.0258403336501459,0.283008495961502,-0.198690089512062,0.0542551618534449,0.0984408930988564,0.269095869644814,0.2182934793545,-0.225801711919245,-0.398407400331001,-0.237916865681822,-0.1310141727339,-0.0296594151468174,-0.0836854127847107,-0.261218552380856,-0.0471501629245137,-0.491114105129962,-0.385462792522663,-0.188177812324627,0.0996921507289124,-0.313791061362899,-0.276947921263909,0.0980091781915927,0.0177434769471154,-0.0349073554641647,-0.32290406798734,0.0989501955858651,-0.345767227940314,-0.11439285334498,-0.176883440003501,0.0902631909199991,-0.138915280636165,0.0274794269950577,-0.420042104249131,-0.309560353666954,-0.0064736430319626,-0.0193343385141692,-0.153253397822243,0.57366867953998,0.0159105559213509,-0.304607501759348,-0.144464300221824,-0.314690578974191,-0.09779078252884,-0.377145951361652,-0.234622037385967,-0.0110201993871908,-0.458390746078684,-0.20312338457208,-0.307742809423515,0.134609495241232,-0.163858350191957,-0.21997583030634,-0.393148044488877,-0.354808696132594,-0.529687430808062,-0.507930633765942,0.31322777661278,-0.308242797980152,-0.239631293175423
0.531288388898598,0.553318215451482,-0.0945682174650374,0.725702266096676,1,0.516433938206308,0.353966112570355,0.425567535262885,0.723425759814571,0.332822837158388,0.441606040899684,0.60677125300038,0.450221873307869,0.0028383701758608,-0.118664823904166,-0.149075456262553,-0.299638044006524,0.004658684019628,0.0187465696019643,0.222795295048958,-0.0690930512824562,0.185241045949568,-0.220214875003456,-0.271284078826361,0.243741054237128,-0.214310811583396,-0.470445468875039,0.16709639457169,-0.148650449135176,-0.103696692569683,0.14339078726063,-0.150361669763846,-0.0735514577833982,0.148022398426676,-0.305596760030941,-0.0966359958857125,-0.252034685601242,-0.224590807458629,-0.291079820006626,-0.321309510265562,0.0841243528305169,-0.152774863210899,-0.214177878829103,-0.156970756607701,-0.0654953955759562,-0.455330148689255,0.049781807895989,-0.0890162217904111,-0.212445539351517,0.136793098446221,-0.0749778253413856,0.0120175163429305,0.15718521986766,0.258004267610933,-0.0877560987017736,0.252884635794548,0.0608195172594073,0.393703632047401,0.0281063317316926,-0.172977947817386,-0.109431351448916,-0.0427244197581666,0.0407066825631423,0.177117531047351,-0.0577096144372965,-0.304603133390856,-0.197466610452078,-0.0928334509062646,-0.0332432846002431,-0.0249327397308429,-0.0926820777837276,-0.208704393316052,-0.224779009149149,-0.104849898499313,-0.15058100875378,0.0516698991605878,-0.0846131850127437,0.683273674156188,0.17115632250468,-0.140673928511926,0.0614706278865245,0.141273026325366,0.0970408796483541,0.594357945697584,0.4789207972421,0.585322725232029,0.285675526661937,0.371737329014639,0.869024956095824,0.558706680348007,0.63391161321013,0.411663130023881,0.534227533855679,0.346758463715111,-0.144537481051009,0.244624703748951,-0.145336447974427,0.111144563520316,-0.126544956680474,0.143723466290936,-0.026591344647503,-0.331247250102479,0.224064090853526,0.239969863268688,-0.0851559691182178,0.116121067844758,0.0637506618679147,0.33657542494363,-0.133657029892393,0.180888291579706,0.142407840465242,0.138569392086122,0.023803976808138,-0.0520335578926011,-0.170018532680878,0.0352281038539056,0.0703117622432732,0.0867202182728741,0.116977959638334,-0.0108196962370081,0.0181799159519991,-0.524275122701378,-0.188880206395904,-0.152191600353856,0.289087390654723,-0.228122764789728,-0.270952227230797,0.116032187774388,-0.0010847982369427,-0.0807546508716725,-0.360718092732966,0.0547167103049562,-0.409519832118685,-0.0277935660672707,0.0995136063649474,-0.233275529433691,-0.0511921648336412,-0.0796862778717432,-0.324618806785818,-0.1426490803295,-0.139570019787199,0.153673816459724,-0.0788016723613775,0.335876357233949,-0.0286674840759338,-0.251720671915471,-0.310227387439203,-0.501449086137262,0.160262552697857,-0.399201060086718,-0.122010223794073,-0.286078086725931,-0.51955346007372,0.0511749892172853,-0.552297164444292,0.210961451811234,-0.484807544578613,-0.253994977453576,-0.283933716029835,-0.450370274412365,-0.374088537082222,-0.255484293302711,0.616186859460362,-0.0138673805274178,0.047074276764567
0.372672219441245,0.465756190472205,-0.0431172879712527,0.52354603762484,0.516433938206308,1,0.152688360615992,0.424385895493203,0.615245612442171,0.158528057421651,0.152279438521352,0.537477359296886,0.3552845483475,-0.128452367047206,-0.118717042771582,-0.485179507977492,-0.406029917820126,-0.235564549941704,0.0081637682177807,0.08886000704217,-0.215318267418795,0.0782444583537267,-0.305313990225628,-0.357561680864749,0.0228224997758456,-0.192934676634686,-0.470863464939934,0.13257140487305,-0.22754038784869,-0.196520127386461,0.0120446180853398,-0.203606791291875,-0.285406559527543,0.214980657149739,-0.161509309210018,-0.097758524866478,-0.241572946475265,-0.386049397851145,-0.267854797579805,-0.41277244175428,0.201334582024166,-0.280967046276836,-0.382395621017029,-0.151297877989506,-0.107451298083981,-0.445005200263625,-0.0539833734571383,0.0483098195049094,-0.0562501719232726,0.0553560853240627,-0.183945455882137,-0.106184148125661,0.0931510717714568,0.149152723214126,-0.133338111986819,0.336123788255586,0.116202933085122,-0.0703252245799161,-0.325392663728064,-0.340912342445847,0.063585360007222,0.0644504312336815,0.14644780740708,0.0289846046680637,-0.0437148876711064,0.0464551377999081,-0.0470031546544013,0.177654159258096,-0.0056991645268644,0.232923401945348,0.195238106045175,-0.0825645704261334,0.0071065813314763,-0.119485914573003,0.178580103343654,0.068647378542888,0.0623837935207087,0.346040488828793,0.0059816729279824,-0.261609649757341,-0.0477325230156945,0.188498416283538,0.129486264199007,0.464636041788761,0.329197093278121,0.323082836823738,0.112395080999547,0.736666598065631,0.457443224094493,0.717677418266,0.437305152948811,0.154353906129433,0.231086219318336,0.286005312476248,-0.116960040389873,0.0250880862733191,-0.215003461594607,-0.220372112625169,-0.220321729824998,-0.168684663364407,-0.0922586844621002,-0.387015495837241,-0.266344092221622,-0.133215578505203,-0.370546323221352,-0.146351110286391,-0.254574587384669,-0.129889207965404,-0.249226685567215,0.0622608284557469,-0.0721946614083818,-0.0635122702184274,-0.23847902855631,-0.244672307968252,-0.393679481374972,-0.110130023734248,-0.0970908708333311,0.030746104528565,-0.145371218503674,-0.0666506789695484,-0.0134064739804592,-0.352137832832956,-0.243488139994735,-0.466464419359381,0.283783034628718,-0.315674408814428,-0.460110777051833,0.12071578760038,-0.242208006201901,-0.248210517970463,-0.386988904791245,0.189696003172547,-0.458623208576682,-0.0688717500881926,-0.022661768854846,0.072145637099602,-0.0860400657441782,-0.0552120792436255,-0.3299238528666,-0.0211317902080079,-0.161921758067686,0.0730190970933057,-0.0205643398225485,-0.0125898495387895,-0.311557912380238,-0.23458180910659,-0.240521568694035,-0.0961390086626732,0.0461398721857124,-0.286044922595357,-0.0967464025227536,0.0012010530773476,-0.332945464221851,0.0733571727357212,-0.325061250988531,0.312353628313636,-0.0853384212050172,-0.203430449242543,-0.452788000258263,-0.13327649611478,-0.133584977748434,-0.103726933401956,0.309696671147122,-0.208251517827434,-0.141911841033241
0.830751566385865,0.835491523359983,0.439476428364058,0.657301760780973,0.353966112570355,0.152688360615992,1,0.705875680924076,0.700472722905489,0.924973399798879,0.869272895966371,0.784837875576237,0.867911023938828,-0.0182188180344831,-0.10468512571482,-0.251717165179424,-0.246326557522484,0.142146089196929,-0.019134558722332,-0.168496064600974,-0.101149952260387,-0.157306258339855,0.225865729580187,-0.161849518229181,0.0165772500724905,-0.189876474128091,-0.347866801265658,-0.313594120680012,-0.158021611332293,-0.210535813310657,-0.193487782238001,-0.422774344262879,0.214343074901864,-0.41147753006823,-0.426460918918086,-0.360395691350027,-0.2281719605064,-0.038049083420979,-0.306459748007863,-0.143364595362117,-0.136040945660668,-0.117257829968597,-0.194172701905132,0.137840098044234,-0.10316104958016,-0.0941065097270848,0.0623213615002734,0.0028075075306512,-0.478581997160884,-0.423691370022014,-0.490923436254101,0.0299789843293239,-0.352417085330801,0.302396255381265,-0.607073506211912,-0.186677946293451,-0.531784635152921,0.310373842887553,0.0613298625423383,-0.330362427994783,0.28657937924273,-0.0211533867986576,0.201014294960111,0.322419831643484,-0.140168673380158,-0.0422309301514439,-0.627098108815148,0.279005448328903,-0.448716921688022,0.220354858127414,-0.188261593783151,0.0389900419775026,-0.129498787778138,0.177882001497588,-0.456127600379857,-0.366551581620151,-0.417432244570944,-0.115775298076856,0.0412270659350557,-0.414744454715571,-0.341930826731417,-0.391324477389293,0.517554851807276,0.13903764845649,0.836244063711388,0.772950286458748,0.678547226689617,-0.0363873313186582,0.464729912551237,0.276845735123298,0.596881715720407,0.800319682473339,0.784300319010359,0.459992034218276,-0.300432329885733,-0.0590976045396418,0.103829604146599,0.146429406045335,-0.129845304819415,0.084131436489695,-0.15841965594743,0.0435359873549336,-0.151424986429719,0.0946489014721337,-0.0213291331014043,-0.288443849787534,0.234779233217279,0.250942559646424,-0.0765849463131063,0.10229229144017,0.0464036753155785,0.548265792150398,0.741983937140236,-0.0786970227039954,-0.249774011582883,-0.131905338127595,-0.241637526450711,-0.133041257795136,0.0635315919502316,-0.34145965401173,0.0090942295479561,-0.241447309010972,-0.224326925685428,0.113233067145393,0.0282933077153423,-0.050228244063912,-0.0710382837709496,-0.0901269483580511,0.126859859204263,0.094598033631934,-0.0115584768594284,0.25409609687659,0.030564044449054,-0.122534009232998,-0.445337578663163,0.258637222016147,-0.164757394164466,0.277256399197464,-0.235076292457046,-0.468973933925283,0.410812607121423,-0.12651885823635,-0.0958705224299631,0.694574217345852,0.150167787264748,-0.290915419340092,0.16188292376129,-0.0888597841931818,-0.164561312140597,0.0264091297137791,-0.0627619378438869,0.24833098434317,-0.0395346698003609,-0.216910720334793,0.0575661593304793,0.0447554152369777,0.129682489822988,0.0310721623997175,-0.0844052417261904,-0.0386032185925016,-0.275608051079353,-0.311403291778109,-0.193888484722405,-0.300063937826622,-0.414203586490571
0.626715459198076,0.76790337281643,0.212453358602944,0.665054423199332,0.425567535262885,0.424385895493203,0.705875680924076,1,0.678109649468672,0.786808123968824,0.681582992549643,0.800141599175032,0.86800627670054,-0.0908823641178332,-0.112219286320255,-0.486008371349488,-0.394348548761282,-0.133559168475208,-0.0857206880709077,-0.234071644297614,-0.37073259631227,-0.225376028371159,-0.0470760937564677,-0.231026611687025,-0.117239310126372,-0.459010066251027,-0.328948216286856,-0.298475970757875,-0.342346264748555,-0.348731567740758,-0.280181962142176,-0.320859413226678,0.0386103101029973,-0.107718342162469,-0.221702983440783,-0.571498730367543,-0.236232847168937,-0.126073257494755,-0.0598809116242497,-0.205845237298228,0.207410917343241,-0.341944716141917,-0.436757217847777,0.358873173147407,0.112451844038098,-0.0908494901356329,-0.0355694170202042,-0.113798507920248,-0.378126451086297,-0.372509564838141,-0.444755767300709,0.196756811019282,-0.230867980096873,0.526538438289387,-0.368599853453778,0.0895643158417827,-0.340524181316504,0.276700163289058,-0.0257349387616489,-0.310243809139777,0.198367797706933,-0.0747093781368675,0.174810371785246,0.205476949045979,-0.120656219152712,0.0138868826394432,-0.488301799825471,0.28737367471504,-0.389344505266927,0.299951878885625,0.0815034988770714,-0.001116557435792,-0.116211194774915,0.233558488770942,-0.220931664707041,-0.155855967786384,-0.23445203735748,-0.063930859485829,-0.0113933344674602,-0.5127383567829,-0.274994888542884,-0.356000197442768,0.50704098287115,0.144329961146562,0.757490947182049,0.700257147859563,0.566016659307635,0.319758549251334,0.3877831078653,0.364182841500014,0.552541069839189,0.790478037383394,0.604450413426945,0.520478381255557,-0.113959107197375,0.0993516458075318,0.0725389389146484,-0.0648186252225222,-0.247442303980264,0.0470948642117277,-0.176822487484911,-0.0995293930536921,-0.265224689157063,0.0323192677184605,-0.295058829862238,-0.278740789764454,0.0105015385803107,0.138563736390796,-0.222102126324968,0.0119134484956872,-0.035513476758206,0.403504642284467,0.426586455588954,-0.0927981011043419,-0.29090039932709,-0.304394199717771,-0.285630354061483,-0.0973029083313756,-0.0899060534245995,-0.206400379958573,0.18628976765697,-0.231566433575658,-0.239576303489503,0.124950936124695,0.0397087035826861,-0.0109299753362966,-0.113380910752965,0.0777427619983961,0.131776983771246,0.20141763315613,0.0241690213089979,0.389375513361434,0.0378082037598307,-0.243606206633874,-0.451658884446123,0.2183156590805,-0.302171704039662,0.261818111528312,-0.328268250519096,-0.442239460765201,0.404679487918773,-0.0668754769264602,-0.234285916443621,0.627733509466828,0.033908056867338,-0.311505577848998,0.0962719305748693,-0.202789967736358,-0.0354736580849256,-0.261137790678878,-0.24489889578356,0.0849818444173383,-0.36934905437601,-0.119231142637883,-0.178912670002738,0.0706765388660222,-0.0030351101073016,-0.136130082409371,-0.212945388949795,-0.210094583464429,-0.245628533385335,-0.334418206708002,-0.0879941781437139,-0.440777210748841,-0.426685085643446
0.791708528442633,0.853393667307745,0.0997736672440863,0.844396656049022,0.723425759814571,0.615245612442171,0.700472722905489,0.678109649468672,1,0.729128018225583,0.681340962419575,0.896092714576146,0.773438755809572,-0.0700762196825225,-0.124300075372066,-0.379835083544088,-0.469399996999681,-0.0486304685911898,-0.0589916649882174,-0.0233977361704089,-0.152867081962077,0.0033531764595912,-0.123574503284611,-0.381328607900251,0.0972122409828529,-0.274588209184536,-0.564742778514893,-0.138693212456656,-0.273999293531548,-0.322012075988379,-0.141125822597583,-0.429645622020448,-0.0875357959267377,-0.157414928960152,-0.42702012029691,-0.257656366494358,-0.323713809992542,-0.258560108719618,-0.296571115353027,-0.261451075876589,0.130990372740336,-0.182461569327862,-0.310779277557907,0.0271006333169095,0.0005242161774509,-0.397307596664554,0.110721739094707,-0.0161349428348841,-0.351997660455786,-0.207714950041635,-0.414028529918059,0.0724497249651474,-0.120879958755203,0.331400792368717,-0.372912989522686,0.129509565055029,-0.237370169895065,0.282064981595267,-0.0484942546305069,-0.280326934864413,0.230005678215538,0.0483236105938347,0.263400396570283,0.280813801938307,-0.132901994377585,-0.0283851364234581,-0.523711065159012,0.244250865428993,-0.32485449271237,0.264695809508482,-0.0037141167417682,-0.0448624607212566,-0.165457544639784,0.1055436346589,-0.153107837417177,-0.164931402486309,-0.338110555171693,0.244695027302794,-0.0240192149734769,-0.373870988733585,-0.279302034862657,-0.16039640554542,0.374131328664722,0.364343671029589,0.802107216094002,0.853294669345488,0.4919567590196,0.320743499271261,0.756216981679868,0.761042420806477,0.800958564817759,0.648816483461312,0.769594132702597,0.434223895167655,-0.347838914654917,0.0426384264114433,-0.104067074832957,0.0349438582580786,-0.201425104885524,0.0110761196822425,-0.165661063132426,-0.216785721134972,-0.121873052458644,0.0784887846509173,-0.170083284548633,-0.187542203893804,0.091411245919573,0.210500294307559,-0.170245271455127,0.120927140428874,0.0010193909935153,0.267956143547631,0.25958419351984,-0.190051537036708,-0.388202420288833,-0.160447266210239,-0.193317117709081,-0.108394569554221,0.0101291408297281,-0.283424679216801,0.0767192554296685,-0.496329644044663,-0.320506509567553,-0.140931018408066,0.24767151311975,-0.325212153951143,-0.258673146271946,0.216679053939807,0.1118573537561,0.0513606815491763,-0.290158659648236,0.314526907031466,-0.221798366053899,-0.0814183003911258,-0.305651628321579,0.212342364884068,-0.0918528693722526,0.110311536748274,-0.304276348703989,-0.375179867060466,0.213537919144647,-0.037938949611791,-0.0702415666980533,0.538562597887584,-0.0429048145352619,-0.271450888405493,0.0020305992251236,-0.133955545366492,-0.207500431683668,-0.262425316454092,-0.150274308913642,0.101270300121854,-0.338147593915055,-0.101856099050963,-0.243943283942918,0.244285336263056,-0.0233009693498855,-0.105647863289498,-0.310249518042909,-0.263312538353546,-0.401275716605175,-0.414266286418655,0.163079648330189,-0.403518360648217,-0.391025435613239
0.773155023595757,0.792386898803683,0.40607048324033,0.617193690639359,0.332822837158388,0.158528057421651,0.924973399798879,0.786808123968824,0.729128018225583,1,0.839947240226846,0.821605366209127,0.905756463937835,-0.0512462043592073,-0.0889637379121191,-0.312629502196624,-0.284390014505091,0.0308072389050116,-0.059494422714388,-0.137215858831122,-0.194234672941072,-0.1932980856528,0.123786987002569,-0.241117095408941,-0.0473843476945759,-0.30020852130921,-0.332623149691282,-0.428511933080504,-0.299083571721452,-0.367915564957054,-0.318111877634554,-0.49044076267218,0.152895488675306,-0.43675768878245,-0.422985791016233,-0.384077331855101,-0.167578828801143,-0.0574865109804058,-0.157871527766803,-0.0739453055871031,0.0486776443776609,-0.199319797051866,-0.175866129323209,0.29142434021014,0.0749745943172796,-0.0757539441852312,0.153749929140784,-0.0206884990905242,-0.558297987459898,-0.544847522038226,-0.603042000338033,0.192243364616957,-0.398217141314663,0.339635488750899,-0.544106814725991,-0.122006133550174,-0.553704933171344,0.226929209843689,0.0278245327183982,-0.300157448856338,0.327782286789955,-0.0055390223896926,0.241212104680931,0.336459644106863,-0.15415415371348,-0.0467370555898177,-0.717664186069557,0.390656983903257,-0.466421501300454,0.339241176065701,-0.0408966631919093,0.101257243725476,-0.0569957958327522,0.274761858252753,-0.379596418211733,-0.376840814588183,-0.477631311619959,-0.225621197313614,-0.0445631469385876,-0.496989094813297,-0.471553345979236,-0.45986856646116,0.490266192271181,0.0428407663056541,0.808895745889867,0.770520105996545,0.647844592027909,0.0128619988442176,0.419992657774592,0.35360677507612,0.656123820280991,0.832035384210544,0.799320575409134,0.448416241488825,-0.280773428176271,-0.06970911764402,0.125281611806774,0.0805814864795641,-0.100581381935969,0.0970304112407308,-0.199974275448132,0.0808737978805294,-0.188201561426963,0.194387903471456,-0.04159585762003,-0.247317553146682,0.280812950179484,0.245982180342196,-0.0669084468333555,0.0485336768257275,0.0127640091380139,0.546765387866337,0.70467559430913,-0.0425379961854422,-0.304972408729942,-0.198225184556437,-0.315126447353923,-0.208157391172224,0.0566036454648392,-0.382824825957046,0.167584604451212,-0.219810912735471,-0.179067947227608,0.182026385214262,0.134487885896707,-0.0530283198788441,-0.0031445785385074,0.0574803629918956,0.26854857157496,0.269944302300157,0.0499209377296798,0.445890420552136,0.132586584596293,-0.232470658206665,-0.571638102107288,0.334884739021509,-0.266339928054494,0.263337141957097,-0.255222987762914,-0.534755275555289,0.526870283228866,-0.207473467141315,-0.179423158849121,0.718636326600585,0.0995810407325518,-0.308864828821849,0.257831974497343,-0.0632212376083015,-0.188180203688882,-0.0627799469402113,-0.150300770309491,0.285938630093586,-0.144102261572118,-0.145344751300707,0.0354380619643547,0.0821525747282864,0.196870176028499,0.0549190892956508,-0.0448115690346726,-0.0442484390028545,-0.288383914914668,-0.35990789903299,-0.273617802872669,-0.442726974024945,-0.550270634783657
0.847022412764299,0.835572872727036,0.233397862827298,0.702298025206591,0.441606040899684,0.152279438521352,0.869272895966371,0.681582992549643,0.681340962419575,0.839947240226846,1,0.77996731279746,0.832431029154421,-0.0446033332911667,-0.199472162145673,-0.273291099339238,-0.150213665534942,-0.0550574143515273,0.0397734124632182,0.0168328329904266,-0.123523058098571,-0.0706570519290163,-0.00368331509251,-0.210830946439593,0.159062370976757,-0.181919518403752,-0.420023358831265,-0.169531611303075,-0.335011799642427,-0.350518132584256,-0.0058662596359001,-0.399810416777414,0.147300660883577,-0.194398700868645,-0.367092800653214,-0.388541579293968,-0.216341215336162,-0.24201002579876,-0.274954061343887,-0.310078914209287,-0.0900022802805875,-0.280111530948541,-0.302649981622296,0.104978406282633,-0.158529908114316,-0.205480949668243,-0.0261472913860935,-0.0738970477150809,-0.331524906673825,-0.231408551756394,-0.415137692743589,0.166787556894563,-0.130308258429601,0.387686500585184,-0.406359693381423,0.0108034212535867,-0.293852298547297,0.290332739027037,-0.0268995318033367,-0.269050629783536,0.20517412296215,-0.0778810312575863,0.257589288469097,0.367274666202257,-0.0232861016535104,0.0253090483922914,-0.481364587041125,0.241080085789824,-0.395383376047872,0.254695963651649,-0.0662774878245436,-0.0227016916562278,-0.0302214450762563,0.0838271034062635,-0.225978543495473,-0.132692422824932,-0.27806668262127,-0.0246468266000195,0.0298254243959584,-0.346255735890595,-0.27091894901318,-0.372671079295949,0.443165528940741,0.0977214655893034,0.81264894034738,0.817374419725319,0.554986440605427,0.0055164045340789,0.496493433959936,0.226421195577136,0.577377945716893,0.806647906830239,0.825287953062254,0.550854885483571,-0.227395656111757,0.101241777334616,0.12854312476106,0.0801396992780573,0.0041045435119547,0.246727661135608,-0.0764017506811049,0.013118279702591,-0.162042033585843,0.309209876112743,-0.062754131072237,-0.128676511526162,0.162573626137489,0.288228668982804,-0.0783095700558658,0.0545723805303688,0.155967428685474,0.600043061505949,0.673365606650168,-0.139518727946429,-0.291057683624452,-0.258871023635569,-0.132737719630247,-0.0517671164292486,-0.0379379741958011,-0.270589864731246,-0.0474270679073442,-0.391118278668375,-0.220634210424399,-0.0158848207764636,0.0977771822245796,-0.0769960921742562,-0.156622470667111,-0.152816933413811,0.0561628046254642,0.0224927440651438,-0.095755812882407,0.191221559745206,-0.0920145733365899,-0.183465511253309,-0.357494223027718,0.0244717096223038,-0.156949101076457,0.243168792085465,-0.295523861415281,-0.440376437843226,0.333201336678175,-0.0199338424064756,-0.059905270906011,0.637940186272133,-0.0570621221043266,-0.365331440950453,-0.0263769276627676,-0.273848516496551,-0.141275740827398,-0.108610317419998,-0.0949308941669513,0.0802794816961129,-0.204321525514907,-0.061318817007474,-0.0369180497651761,0.113298576801324,-0.0791586736863016,-0.170878240743075,-0.234693226449868,-0.148385169193044,-0.259206117908834,-0.308742179210874,-0.142147713536873,-0.333175361477361,-0.431964318488986
0.827555392335778,0.882741421533675,0.167471766855317,0.828953524634697,0.60677125300038,0.537477359296886,0.784837875576237,0.800141599175032,0.896092714576146,0.821605366209127,0.77996731279746,1,0.926134166286915,-0.164485213289078,-0.227683456885799,-0.493741898250678,-0.485470530461582,-0.14619731356411,-0.0288206023890808,-0.0909010441294597,-0.292578211763921,-0.0745586911235134,-0.153719912426048,-0.346785246651194,0.0919487083310938,-0.350466140475693,-0.568583609976915,-0.187604084395735,-0.402118081421382,-0.398307976583918,-0.148411687582692,-0.48127428109028,-0.113376648768043,-0.114301495758666,-0.407932548971118,-0.430286966607704,-0.325456777610213,-0.362390654103697,-0.260771579927615,-0.344110821177314,0.12364346077185,-0.384541763211095,-0.472492537988179,0.110554752022084,-0.0586868941125803,-0.348251863292552,0.0294683538150353,-0.012281460656417,-0.379646090525678,-0.245746157286351,-0.524476383772845,0.0834574422764533,-0.127674086243133,0.409192559929114,-0.398897563721647,0.169054130576291,-0.258945186118205,0.284054329221807,-0.0975639658943397,-0.369869814291535,0.287143160447152,0.0322813520893399,0.33441774990974,0.353585193641102,-0.0204937630424278,0.051641507769427,-0.50508940919552,0.368229947106902,-0.384317490771204,0.373800565665349,0.0979925059200746,-0.0118109820039089,-0.0474194244248991,0.108989770029099,-0.130655943978519,-0.0981592240835712,-0.286059218366962,0.0433524623333887,0.0034428267186474,-0.428135328089151,-0.309301851721054,-0.372566905644742,0.479193508490064,0.284107610204742,0.843203322557534,0.850384368574959,0.569929460530031,0.326099672966125,0.60485274245444,0.609983839021528,0.766720403686824,0.807924737878201,0.823515304074462,0.575985680031552,-0.331116796376274,0.049558150456057,-0.0231371239786727,-0.0616131399894248,-0.253736797949155,0.0688278072334882,-0.121429881063808,-0.194522542010848,-0.166754577570039,0.142146388240673,-0.261781320420078,-0.117500473683152,0.102381207242846,0.171223742836126,-0.17926947678243,0.119051518293557,0.0170853531667592,0.426440658350362,0.421089498292681,-0.202464406921526,-0.454378796119695,-0.223803765583154,-0.232548070715828,-0.10690111712015,-0.0560621311911503,-0.376054823376939,0.0103471458503534,-0.407154410190893,-0.372440573117065,-0.175378534623959,0.181080864025407,-0.296001949637699,-0.361178957111121,0.114378621710657,0.0140192193051938,-0.0008490686732825,-0.274054468069998,0.33628083973446,-0.170391574010343,-0.18420223462848,-0.406772340318244,0.21690461153295,-0.192292291579041,0.134164975606097,-0.387828316658119,-0.407072985040051,0.246142897632195,-0.0706436073325225,-0.119320461198101,0.630360083196306,-0.0940330138609542,-0.390465583851613,-0.0227830011057009,-0.171272892140828,-0.188603535516491,-0.202257633789071,-0.186600214381833,0.129519065629054,-0.360372886716995,-0.160006257501137,-0.141624209842353,0.13327046092666,0.0214200638141015,-0.151850625338035,-0.361753827390346,-0.219364963673359,-0.360022210430354,-0.464482251079345,-0.0630596205496033,-0.493322157611603,-0.479732746861591
0.833070273742003,0.869369618428485,0.305640181838383,0.748449518928018,0.450221873307869,0.3552845483475,0.867911023938828,0.86800627670054,0.773438755809572,0.905756463937835,0.832431029154421,0.926134166286915,1,-0.11090729515283,-0.178444364880205,-0.42448026941636,-0.39656258599246,-0.072380680717512,-0.0431009994890556,-0.16724758806513,-0.286579734463584,-0.144319994955552,-0.0392767351892073,-0.302445590653603,-0.0030295945279449,-0.398094108966587,-0.479423020061404,-0.299113325077543,-0.382511608748596,-0.415089836694775,-0.242411443022984,-0.482063296841228,-0.0135382682306989,-0.240920582876065,-0.379259393436841,-0.542116864759108,-0.279715734126228,-0.249504116211804,-0.240021652304595,-0.276353059109587,0.0779566947112001,-0.361903638636565,-0.442363640661512,0.277764518796308,-0.0313164009367682,-0.183766955408516,-0.0207651952416751,-0.0225278951839025,-0.455691533518684,-0.391840451673902,-0.603130852616379,0.177644729143666,-0.241462029951096,0.493490533995019,-0.480640852452905,0.0576729397537129,-0.411971515802586,0.284990755068311,-0.0579263294014048,-0.39953824844742,0.323155391990561,0.0049501956303111,0.30453408959442,0.368510858770423,-0.0744406838866351,0.071969388375363,-0.592400059684026,0.407292986716828,-0.42176716548703,0.371521299290013,0.0597082858261861,0.0336303880446533,-0.0332570690450631,0.182058986242526,-0.247846983975861,-0.187421945284551,-0.315148203504415,-0.10765332487681,0.0225983859524555,-0.502138339691721,-0.301626445570093,-0.478461357818703,0.549346860359746,0.174571580075437,0.848615753376458,0.806603787687271,0.624951720512541,0.191516098025113,0.476323384653187,0.399849964035524,0.68783571427638,0.866590307659239,0.772050488309699,0.558148100672273,-0.254814753136129,0.0635248985731468,0.0876699797573707,0.00096239603419,-0.224160550170588,0.165934866315999,-0.128284047996712,-0.116479223859745,-0.176003399179401,0.174079914352387,-0.233264620921873,-0.166770456319315,0.176619516921614,0.215357084495832,-0.188069250491462,0.0700515909037109,-0.0145621442855866,0.472802445933066,0.566980852185586,-0.15778492165645,-0.462836792352862,-0.28092771131139,-0.33329626383497,-0.196597374511387,-0.0761397497452226,-0.398992442894243,0.0339463888291571,-0.333394727831768,-0.325626868935127,-0.0097457192556607,0.0849322077500776,-0.141916167653406,-0.233572018395876,0.033436710358459,0.076119060217371,0.0870817639433178,-0.116102284236022,0.350452320773269,-0.0301330993409395,-0.232421411592389,-0.514164035843122,0.253568879521437,-0.278242056495059,0.228343394978745,-0.396006023364197,-0.495080775760878,0.374465988916498,-0.117515230817999,-0.201905165750965,0.69558949182089,-0.0083965644259664,-0.421039252183386,0.0800758724765336,-0.143743585094025,-0.174751400263068,-0.131547829021287,-0.212186690644493,0.190423117977191,-0.269315123144275,-0.206179099881155,-0.0571760395661335,0.0365599716646787,0.0799784807591957,-0.0825029491511678,-0.277526616760377,-0.146016733786628,-0.306067447754145,-0.431311881354612,-0.181020679743868,-0.494176953110907,-0.483507750641365
