1,0.74493669308938,0.113124212631266,0.702751824282909,0.737296719448664,0.598862098406359,-0.0584945290690047,0.55461220911642,0.695093130783755,0.3520604134917,0.839250149865848,0.787881198428826,0.804552597446019,0.266320962237298,0.380867913268977,-0.0313516925277788,0.180837626515245,0.0030890134657875,-0.207162355059786,0.128755712981488,-0.12304763478418,-0.369942821024854,-0.0809860386576846,-0.274271288216941,-0.352620231489199,0.109251828495989,-0.054555459771073,0.44292964264701,-0.215804028049821,-0.277812682724357,-0.0353837531227169,-0.149252269545804,0.190760996321454,-0.432712026444845,-0.225200964470571,0.0073812142455732,0.274935725740245,0.0310113536828491,-0.238874250027975,-0.0916069508203706,-0.0798953717080211,-0.0604609277067289,-0.118365180133824,-0.28311169062237,0.0504400762654328,0.252247503762,0.127110683364558,-0.0291851726828131,-0.428688157649938,-0.187367610669688,-0.313465113037509,-0.027201241360068,-0.220985645265962,-0.165481060840953,-0.273651896356115,-0.112800630861759,-0.395696848356706,0.442638648066803,0.151564207516985,-0.0728680267858502,-0.362807693883484,-0.173279271235191,-0.296078557263491,-0.244998414820457,-0.263244553113376,-0.41904109954393,-0.411628015419239,-0.436174911960248,-0.332039176353347,-0.450506823838125,-0.49000493470329,-0.430087257649104,-0.449436959141217,-0.0179927193400415,-0.50510944819022,-0.412783440139276,-0.556453572686968,0.0868644414527408,-0.124220882515227,-0.17626014475581,-0.194442235392673,0.0067296519548729,0.205021085916796,0.583356763749519,0.743180695876571,0.671211282208404,0.0879298550154052,0.414788229446553,0.693096449079966,0.614865378638967,0.703579217079943,0.498886271032009,0.753739028744053,0.728145756394859,0.184006024781491,0.0122193796473491,-0.21208908515547,-0.216550772960716,0.153641208455995,0.0958730794339419,0.108949627297129,-0.0395900425246864,-0.130231410411835,0.320838150006058,-0.11289269922819,-0.0291876347454621,-0.0861324585914142,-0.0799039013790053,-0.177675998799111,-0.202912217082698,-0.468886829893557,0.248523719431185,-0.166148992473582,-0.134347405855717,-0.173993434127141,-0.355810967333751,0.0929895177226234,0.430560749176557,-0.116370816451471,-0.130536158220926,-0.309986628872897,-0.340892430068151,0.331625588755963,0.0860300429912388,0.537560549120781,0.098306584737447,0.112934279904612,0.221920286268861,0.003580805039834,-0.0047158314329437,0.395228733810739,0.133889652726852,0.0422028388553297,-0.191581525780825,-0.0048325449933848,0.0474844888144281,-0.305368407446024,-0.0162039559584934,-0.212260879077717,-0.124351705385115,-0.113939907338563,-0.201780899781116,-0.259133755262552,0.350287841311552,0.148572320214264,0.0527695483827174,-0.0838039433681218,-0.48031036645223,0.423334454214703,-0.415745981707273,-0.420897167728464,-0.294944010180056,-0.325504197216518,-0.0941560637166197,-0.262880655623935,-0.0252881675187144,-0.377705524360223,-0.2341032278168,0.165147245820855,-0.25403260888495,-0.493576375756728,-0.28844246722099,0.156757416757167,-0.121636580404135,-0.11578382813263
0.74493669308938,1,0.223499645881014,0.693900345555628,0.533985663425442,0.676522587662225,0.0364917265062489,0.869191951991662,0.456850708594256,0.552731678927626,0.535259920143542,0.685620788218321,0.835281293085196,0.106438954912183,0.237847744071425,-0.0326735411287113,0.0148215420478312,-0.0982276705264062,-0.210370344689475,0.0327299429967598,-0.140277028586492,-0.371048517430991,-0.274952324504897,-0.224645316247916,-0.22541355847308,0.22119720465103,-0.381996117779506,0.304519204376625,-0.376363065053397,-0.352462558216221,-0.0977644744842345,-0.353063044357377,-0.0626092389810158,-0.534849303665083,-0.510748305143028,-0.250116644181633,0.241818747479959,-0.251587686992616,-0.380144124488777,-0.310283700821015,-0.253138474554282,-0.210182409224047,-0.263138389031979,-0.273186178622632,-0.174454006984946,-0.190070980184118,0.0701516363043904,0.005227511665504,-0.282608011159561,-0.092952837633728,-0.457906736431789,-0.134603878248109,-0.180029276634807,-0.191175702419116,-0.417277249631931,-0.0838893090084097,-0.230406716918172,0.280340588070587,0.0809709042646305,-0.333290115512683,-0.0626841742800092,0.0146042881883683,-0.143316514820862,0.0030434889527147,-0.347315017384217,-0.145853919953006,-0.229176508631307,-0.215727701069066,-0.216097423029064,-0.22496609181515,-0.299501022661658,-0.348387833702397,-0.464011596784432,-0.170212597823084,-0.396896376024994,-0.469414656531748,-0.427938448680964,0.0039332798501614,0.0498822544634922,0.0189956023694603,-0.0760067842275255,-0.16080378900814,0.108176149069088,0.164272354381136,0.910922558586435,0.684187770209565,0.373894808629291,0.691712910827874,0.513047045345441,0.496474030240952,0.423776734468818,0.623133414080759,0.622875588588186,0.70725911857474,0.0740115662142744,0.123150034256252,-0.298373202156482,-0.16717084364161,-0.0407589090663189,-0.109292005155622,-0.0665044952564936,-0.179651954094629,-0.174879754176175,0.0387988123805402,-0.0521866089183993,-0.0546515602720238,-0.238880186506488,-0.0407476512839447,-0.355988447959502,-0.0944438406622538,-0.26050280446937,0.354281036355897,-0.0360861116281848,-0.27849014221125,-0.0463864879154436,-0.362677944396137,-0.0045521503088732,0.15814204193426,-0.286184130461586,-0.303845659205779,-0.337342234925881,-0.469570784389666,0.22454368195183,-0.152227895253336,0.308859213609267,-0.0990244996215632,-0.0083062412863437,0.0081313411915596,-0.135351490777873,-0.16262609802868,0.0499696143126101,-0.106036764696409,-0.156407810863771,-0.0740423785910401,0.0618149450225968,0.0267384823623442,-0.0645807415396744,-0.0881536548529257,-0.100457112643637,-0.0260631169275926,-0.184069328505028,0.0203794125002044,-0.116873487587584,0.245730015588881,0.083358695611628,-0.141280619489452,-0.0882543316760289,-0.379669739037469,-0.0485304358208465,-0.489945112988241,-0.21215123289068,-0.0701627092096899,-0.102749196752468,-0.0446721267512726,-0.1394920969069,0.0435799450669502,-0.241296953893084,-0.125838992507256,0.0039942188927179,-0.0798612095143209,-0.24423913173474,-0.332679298625833,-0.0104896663332963,0.0265862923406515,-0.0362898727400656
0.113124212631266,0.223499645881014,1,0.0734923618004154,-0.159512075414744,-0.0705563194020483,0.617804036909766,0.309097290587459,-0.17086040940447,0.559029532764814,-0.0328424326020862,0.0514687596952928,0.408822905000636,-0.308359256090167,0.0305131726606395,-0.0585651733527194,-0.31167150881818,0.0301405611121188,-0.118835348053136,-0.240232258993975,-0.15773726390006,0.107076943167891,0.318616633509306,0.159750862628738,0.112146996789964,0.753680270779875,0.376721097988198,0.267329707557697,0.483322732546439,0.496072594626713,0.359745569556364,-0.178736773547149,0.251039846106115,-0.0883544863544238,-0.222140386373589,0.235847973632857,0.112812963904585,0.198494642708165,0.0009716501099648,0.0445872747390063,-0.241472728195686,-0.109655474554844,-0.122795698692267,-0.0561219065315348,-0.376243041649973,-0.103504299834217,-0.396897670806838,-0.0773168814084926,-0.216025652190967,-0.0300683591240385,0.214876997059374,0.004028755817364,0.0618459129547777,-0.272968414656672,0.280658475369171,-0.283561006389089,-0.0512093396915944,-0.0743720791859346,0.0210255625195331,0.152422007282733,-0.136227792779768,-0.232954404217763,-0.34281688448544,-0.132502148327429,0.175166965750631,-0.294544146181542,-0.0643302695255071,-0.0271219073482513,-0.0630500296138389,-0.10104357041014,-0.092577671795044,-0.163860143626933,-0.203271468180913,-0.176365521607927,-0.270322168392119,-0.222341345706016,-0.17208641163541,-0.109367808232244,-0.0953574926767517,-0.124094052536657,-0.400065291748429,-0.0267326011645991,0.548306893296067,0.102070599517357,0.318670172528645,-0.0279446360905948,0.552044013196048,0.0309327534834189,-0.0429641839016336,-0.224444112198479,-0.248729461535907,0.405466499372788,-0.119527481352877,0.475185204743551,0.0621229896654186,0.224571038881911,-0.110434484183681,0.152207056852194,-0.168702919577646,-0.0883865978002449,-0.0872865234700018,-0.149721729600026,0.248976029622218,-0.0842723892240553,0.02533982095468,0.0144375555033395,0.139623244376092,0.274015045293013,-0.0465223458586434,0.110873805910953,0.302187697569908,0.720986210833193,0.590750834058154,0.195071404825603,0.168992634741441,0.426118863257676,0.34920546065025,0.189876801184653,0.182025623975036,-0.0736448838796573,0.086304026721497,0.185850630470351,0.220724703642757,0.170884075037751,-0.0158749649931185,-0.0401434570235151,-0.0239496188194167,-0.12068331201017,-0.143074581780686,-0.295169576353371,0.0290984287950557,-0.297427308135453,0.0926626778991197,-0.0263874512503852,0.152708105519418,-0.200735434609993,0.112598961801619,-0.0963237362983756,0.198818464978055,-0.278015671943462,0.0578826380929476,-0.0854683912544187,-0.269338625162474,-0.082533911198817,-0.0195438601044662,-0.0976118409293181,-0.302718689732933,-0.395015113134917,0.13631482371756,-0.12599336325237,-0.121697009212685,-0.135696139083498,-0.0184437836939043,-0.269546814578562,-0.28410357176103,-0.294419841016034,-0.116509327466559,-0.072474608879283,-0.173923037257504,-0.0166072336486527,-0.173309864132538,-0.223066131605193,-0.185956008225644,-0.130158890999961,-0.34005013838915
0.702751824282909,0.693900345555628,0.0734923618004154,1,0.823699360715887,0.750687118898022,-0.191608818646835,0.507191026174089,0.781682384712503,0.301959385106212,0.70677065177571,0.863678547898824,0.73008482722594,0.147902363407273,0.253235017523497,0.0106499301940108,0.135672822205713,-0.0690768999785365,-0.269761526739485,0.139400638423016,-0.149234859904991,-0.505449076076344,-0.108056853517714,-0.118345804287216,-0.413359282989577,0.0710047143292794,-0.109842478899797,0.455667867596847,-0.319477931577124,-0.309733998694378,0.101859401879925,-0.279102263042047,0.192100631693715,-0.385205604328022,-0.180811581120574,-0.0005506889130915,0.15772573719521,-0.0401849616497956,-0.435612133364448,-0.060129131539291,-0.0068465847425512,-0.0939507791234136,-0.149179245972252,-0.24397982448746,0.1123613430311,0.0622240990155057,0.125152795070862,-0.255099783141223,-0.384629874421439,0.0031060623360109,-0.254449843612661,-0.212790269271585,-0.218248466963792,-0.197135753630709,-0.23330811660846,-0.0821717116800422,-0.246055963233777,0.436421562605476,0.0563092292960403,-0.104367186273823,-0.248572028052075,-0.141341931306404,-0.250695566771315,-0.197962032036703,-0.455290103090285,-0.388904435058948,-0.324445624619046,-0.423001568432024,-0.237329015782333,-0.420413889134605,-0.433921327993309,-0.248609945786863,-0.437777784668239,0.0441221600897679,-0.416754168668189,-0.402710571330259,-0.426777686111878,-0.0687217879966042,-0.0761004490383251,-0.0758083815653176,-0.167212586605199,-0.297043691273528,-0.0148912224690529,0.237290649957791,0.656316559221352,0.836088850561274,0.207065518734467,0.537377027562184,0.776225800916015,0.726092000681579,0.686795162522127,0.395434054369842,0.82403137356636,0.595602909485215,0.240660798183073,0.0337285110936739,-0.17912814517865,-0.228980669693626,0.117738264455961,-0.0052066863182633,0.0139740745272598,-0.0286000141186058,-0.196111770555181,0.254306190480231,0.0004384958633191,-0.0902575539446794,-0.124740862413336,-0.143191183674136,-0.0515934406008239,-0.200168108043664,-0.409333909174583,0.173106006642837,-0.110895358108667,-0.132239551483803,-0.0516282436903374,-0.214824831865845,0.0446507726750035,0.207706558997915,-0.0820543639038393,-0.101895734947497,-0.302966026738545,-0.464836584754144,0.160191239229433,0.0113789054623718,0.470319795628278,-0.0763603152471744,0.0795533482609548,0.174780967837812,0.111197183450349,0.128879795874293,0.289806573107129,0.100828134023074,-0.147343959968661,-0.220200239617053,-0.0228255527154753,-0.0179783978634714,-0.276031605682046,-0.0169351964208054,-0.172993652259022,-0.135818523205832,-0.139154373710289,-0.0969603398414893,-0.245082377449049,0.35247416048545,0.0822414735595939,-0.0091242370297708,0.0176562159585309,-0.479575434267776,0.0822368694969915,-0.548382808719555,-0.34421368289917,-0.232536504161119,-0.292530623172089,-0.19274221660241,-0.246145945733433,-0.172408640979858,-0.475980885923373,-0.13637106408609,0.0632677177499789,-0.285795321917496,-0.400449588546276,-0.2599218892403,-0.0803903964302907,-0.114426660166437,-0.180365349961618
0.737296719448664,0.533985663425442,-0.159512075414744,0.823699360715887,1,0.714277691874266,-0.261740235328382,0.332042112971172,0.89156332582346,0.0851951667027312,0.82508502927075,0.863938084547304,0.621780475364519,0.261392686791357,0.264624752216185,-0.0520359624499196,0.122619567507088,-0.10081218741279,-0.298487013166421,0.174985736335495,-0.174571311246072,-0.412494514964402,-0.177904139562975,-0.266042433566971,-0.466451432704795,-0.118763662659786,-0.0554106508445656,0.339617231494033,-0.358042441990705,-0.416516744626086,-0.0130519142234692,-0.133620446143997,0.2291530533612,-0.289915443280906,-0.0010347658385672,0.0217756984719911,0.130108939017593,-0.0510664728654153,-0.314016220688293,-0.0708278027352379,0.041886433689697,-0.117545732648646,-0.128967272750219,-0.197488857293992,0.140068989280021,0.282235794670179,0.108279225331383,-0.14616010618286,-0.257515536750106,-0.0936134607467243,-0.274195523590119,-0.0781418515044305,-0.163167865198822,-0.113975173972229,-0.219914802614716,-0.0720239453606259,-0.260220991280734,0.3887322685953,-0.0284551067822998,0.0345236336021689,-0.226981021662915,-0.079933231647776,-0.146470849726848,-0.266041509543172,-0.296857198086622,-0.328125849373041,-0.259044951901134,-0.381360052959832,-0.114604562815184,-0.382174167123721,-0.45137712776964,-0.168406455394244,-0.257480639890665,0.105718621085579,-0.332288853840226,-0.178061581199316,-0.28490241324022,0.206771220224254,-0.0346958284821206,-0.056291733114375,-0.109224411757653,-0.020914786333049,-0.0128907160235975,0.415589532688545,0.475454087206058,0.801875794489653,-0.0874240143086721,0.417715639393638,0.899956935502462,0.796705359469337,0.867635794568714,0.254856490080197,0.8785988213464,0.474578346444918,0.158991197241178,-0.0185593653774177,-0.244189507510103,-0.243246264843971,0.0968332877988493,0.0226587440121173,0.0167287852501637,0.0247738130780927,-0.146786150597068,0.333569938340761,-0.08523946732088,-0.0404963771760532,-0.0905126086334806,-0.125333813640248,-0.0355856523498448,-0.220920721748113,-0.511252489534747,0.013621486697191,-0.260806389284404,-0.122636653233558,-0.0840043319865355,-0.267199246536731,0.0361176326849545,0.251175533916007,-0.107605540562471,0.0218382238027891,-0.223324144644849,-0.334931105372633,0.215297324890117,0.0093061724107077,0.509808135604453,0.0795733018734831,0.0636123159544169,0.217353307074683,0.027494421394687,0.0793989848145334,0.335896173754811,0.138125145237154,-0.0496549536979192,-0.15994560425342,-0.0905656164589294,0.0214742524069749,-0.282644826399406,-0.0379132994490468,-0.226531218437898,-0.0447626624440927,-0.134717356092182,-0.122966295221169,-0.16902293998837,0.239632706380369,0.0109682389524415,-0.0111125161090544,0.0110326195723545,-0.390393261323012,0.277194274244559,-0.334139284014734,-0.284829815776501,-0.24590956078734,-0.286657105614156,-0.0549933634644886,-0.125601188193619,-0.111485232725558,-0.443104741093695,-0.11779504964953,0.023631657295989,-0.227723119588018,-0.318461008337102,-0.086380621679637,0.196972845835683,-0.0676216415578924,-0.118718008721575
0.598862098406359,0.676522587662225,-0.0705563194020483,0.750687118898022,0.714277691874266,1,-0.334898007797473,0.460117321823479,0.80733758040544,0.0295418938841726,0.649028900544311,0.791647954582586,0.543173590040716,0.0654543972441391,0.0451952801422206,-0.112719389891604,-0.0174278982385463,-0.217017728239324,-0.311545689179139,0.169106523004396,-0.241984670893852,-0.403022867387569,-0.244608876423875,-0.21854742111623,-0.435311341396701,-0.160961896284132,-0.117623884438287,0.351430252044329,-0.374058818299963,-0.442709657919186,-0.0192723540073597,-0.0629014480545118,0.104815531353927,-0.210306470749926,0.0076172608200454,0.0124979265607113,0.0240317096771357,-0.0996081472604056,-0.363389835574074,-0.185267923192251,0.0641698730690347,-0.143101071885892,-0.0820958635508597,-0.0389980538269109,0.195203021782015,0.0333098273537515,0.113866986886705,-0.129612509638616,-0.422628527112694,-0.216706498361273,-0.312444004908903,-0.0547139435649874,-0.335849597458792,0.0186954661833221,-0.305984240367331,-0.104261867811854,-0.287080081654772,0.403869806042711,-0.0915034668635423,-0.0119422613970054,-0.127731843341773,-0.0203991579804823,-0.209966313816463,-0.1078240936223,-0.389204133417961,-0.252875320501214,-0.35852639007514,-0.218596339643177,-0.181784265685806,-0.227176198130594,-0.300681801818122,-0.181689293480314,-0.263278889464978,0.116628188461045,-0.347318278906019,-0.374128462645169,-0.363156731361755,0.064515278452366,-0.130222258001749,-0.192871163408348,-0.180036878714845,-0.0522838007552606,-0.117813385421564,0.150447239000425,0.5506684338638,0.790786305950744,-0.0058125403215278,0.819221836322543,0.685838732269355,0.884676115683036,0.737808622203964,0.212748384914143,0.830713493501579,0.483647490716726,-0.0529049654093971,-0.189724179568175,-0.273469739354936,-0.3354621180743,-0.0536313370506415,-0.18346700688036,-0.0971287770849311,-0.0495313703286318,-0.310267176391207,0.111917976608289,-0.221779184593198,-0.200695385997121,-0.213984294781446,-0.223679449294484,0.0020987590307818,-0.302755006847592,-0.538454530566874,0.104115111631014,-0.315450367681601,-0.0708023769984685,-0.0351993248963182,-0.192279498807496,0.0998070442018515,0.261936112711176,0.0134879176440194,0.0812448604356299,-0.128311029350653,-0.49328110946508,-0.000108158175831,-0.0335098531023771,0.415506340780456,-0.153160380206885,-0.0209372651542003,0.194077240995458,0.0672232467544592,0.0821118669281537,0.186311249388061,0.141652095982133,-0.181138374641322,-0.31457535208816,-0.0350504696888321,0.0603405654432756,-0.222390161674198,0.0627707275362611,-0.301458288431402,-0.214552579848051,-0.138321159125264,-0.108801257931245,-0.251964466382101,0.102457789498458,-0.191620289581314,-0.0772952685924333,0.0495559196436173,-0.312985285693038,0.127206332982933,-0.434804014593097,-0.312551227304552,-0.140781934035596,-0.257152392577148,-0.0844702324596417,-0.217137226600345,-0.105201001457461,-0.374235589886489,-0.147347291166768,0.0879553239285359,-0.163494283865087,-0.311646707862006,-0.0847524411264377,0.113964001013461,-0.181429912478212,-0.194374871159977
-0.0584945290690047,0.0364917265062489,0.617804036909766,-0.191608818646835,-0.261740235328382,-0.334898007797473,1,0.174241034636168,-0.389683954751393,0.682348434147075,-0.162373434533876,-0.0754685116071541,0.149170971678613,-0.0564246492072852,0.128175791840932,0.0577627609363383,-0.0526390355834641,0.189657137843533,0.23176965583714,-0.0284140954474024,0.249101848171273,0.506000059733713,0.265726856520203,0.154184745027202,0.327241909247892,0.600768400010718,0.166894730041934,-0.34324652101281,0.406084311319979,0.313122692297705,-0.135463861476482,-0.224851548492908,0.176195018301112,-0.0252160332650669,-0.309044294120444,0.114403040909829,0.432567833779868,0.204145133345556,0.170613709679903,0.167703859118364,-0.0882783759509275,0.0737161497539205,0.0342174992202177,0.195458036404243,-0.305856165360163,-0.0521545586165489,-0.151373441418045,0.0661108565843667,0.110556931254132,-0.274831921339434,-0.080399797320229,-0.0354143470132302,0.126460022191851,0.0479450012301701,0.125673545368475,-0.268674669835688,-0.0715229292004039,-0.399671896478291,-0.20337520833861,-0.0960660812473711,0.0616633482655594,0.0598851822172422,0.0063009911779901,0.086931994676653,0.433395850914778,0.0763288143245493,0.07899870725613,0.267043058826405,0.142004589592171,0.212313522316504,0.178864087690883,0.0372214843407294,0.125460919773519,-0.229482001438406,0.0543736513148983,0.0545117476599218,0.0220770518495596,-0.0986887776725547,-0.097651115409652,-0.10459076181885,-0.290803608768039,0.0892429799736517,0.550712936226817,0.0206405586579414,0.146321305010515,-0.226191633455118,0.69829790538082,-0.229430285336576,-0.241176709493714,-0.50472998888571,-0.403618102482679,0.446330885029936,-0.350321138729042,0.0785941904919091,0.130688131347267,0.486942628401238,0.197507322459727,0.481987062313729,0.115087506161658,0.20808444285423,0.252384443155336,0.11679700717422,0.446698518933999,0.184264968159347,0.305501722230192,0.342351936695774,0.482958354464819,0.54071184915284,0.0196932621616759,0.423900184338601,0.470399520921123,0.420509795319971,0.903863653168052,0.290189227708089,-0.128709885931544,0.302225651028103,-0.087102632332039,-0.168002570149218,0.0430026915150577,-0.236668782301449,0.041143246138704,0.362290503397239,0.512670854804345,0.250347677292387,-0.258074199444162,0.194814113020415,0.184270316264324,-0.183445020856276,-0.0849909384594419,-0.239583873705989,-0.0438567380062668,-0.16343997241535,0.133349037029011,-0.0304591897541979,-0.341858292160993,-0.0373834249583511,0.211233791488158,-0.117747007312641,0.0533402069717346,-0.29754168639388,0.0017143559426708,0.0381492388067332,-0.133390510055793,-0.388863184408297,-0.202428268014163,-0.202693492879989,-0.269598102912511,-0.182414997248345,-0.0312071285129587,0.101966561893747,0.0406313451986835,0.056965237605,0.0861984206476653,0.0575847745429321,-0.0596861228541284,0.172598977249007,0.152967070171987,-0.0921203623619095,-0.140788817009713,0.26359480562181,-0.0693606302617288,-0.3491641177223,-0.276356560953948,-0.188144778120869,-0.354571928849039
0.55461220911642,0.869191951991662,0.309097290587459,0.507191026174089,0.332042112971172,0.460117321823479,0.174241034636168,1,0.198824773967386,0.681045571578073,0.318350186793321,0.47913833355723,0.835516017488477,0.0068494500369789,0.104728784975206,-0.0496928858757065,-0.0688681378478866,-0.155213512849064,-0.160683079767465,-0.0952334179697296,-0.10967860703427,-0.196812345208905,-0.263473297928489,-0.158932042634432,0.0265879384300747,0.213888738702533,-0.522901672804375,0.194841992436404,-0.354824065782766,-0.264359334327026,-0.143493884758374,-0.439432428298176,-0.0889088324092782,-0.640730023072805,-0.650599156288475,-0.429373988084299,0.121257340123583,-0.389726498982838,-0.399716667059846,-0.427699942710381,-0.420349044241299,-0.268830344788095,-0.298472045283041,-0.276600230753033,-0.328878802726088,-0.343753367514055,-0.0015876935794135,0.0328400237101843,-0.196661447328511,-0.0912925908184559,-0.536096496761312,-0.195626592312787,-0.0793264095250945,-0.219718359349989,-0.454787898136407,-0.173758696979906,-0.2298665066706,0.0789030588929074,0.0554223844861224,-0.463329443533461,0.0681754015028629,-0.0181731035959617,-0.172770861296583,0.0272920225677355,-0.35328609391444,-0.169112323624955,-0.128062235214846,-0.0959836738403329,-0.118220399613667,-0.162678736295856,-0.180922496034596,-0.328018725612023,-0.410058310460297,-0.253645737022758,-0.413055626389658,-0.409136734286411,-0.360905115623871,0.0061737863495707,0.0291327836747926,0.0461468988418506,-0.111004594709383,-0.176633598886969,0.180537400069161,0.123627496135907,0.813162825863587,0.52136028504308,0.461002653113994,0.510836371866687,0.386758380643663,0.24078390685742,0.187589439722314,0.75070321575006,0.346525173356535,0.696487766871347,-0.0179408216425418,0.128262719689286,-0.343396604451449,-0.152353616158418,-0.148892914520827,-0.216705951062149,-0.17518927042975,-0.250707183271169,-0.159564712546925,-0.142778012883724,-0.0564121997031369,-0.142448507973074,-0.279447535282527,-0.0718919798308878,-0.452026733286237,0.0976863432906559,0.0171375206888368,0.299686740455626,0.0930957598304062,-0.361357423799043,-0.055639967229504,-0.339742036112635,-0.0659194539146321,0.0438123978917066,-0.416723583673775,-0.398054106338869,-0.25735824896591,-0.235192547132194,0.109606291609723,-0.313245362591164,0.16744114190668,-0.233384774734107,-0.196793352960902,-0.159087660328799,-0.253189181507115,-0.283849259919812,-0.140356209304481,-0.252194559756847,-0.13911083443119,0.022261516191918,0.153716188926707,-0.172738236909568,0.134661376275333,-0.177715715921204,0.0082368959590925,0.0610481868380891,-0.209189714487201,0.0783197078108249,0.0033934008069504,0.129329340077093,0.0299846963203258,-0.193504346775888,-0.201727488295732,-0.206978832597093,-0.123270929067345,-0.327297171812537,-0.0970616828036456,0.10139644938237,0.0149788704356332,0.0487104883049832,-0.0902983919362119,0.174384901409273,0.0220374542933186,-0.0799491395322365,-0.0426052795717044,0.0264074366565253,-0.170580749760736,-0.333577252255865,-0.0437105877059482,0.0618699259371908,-0.00829230209488
0.695093130783755,0.456850708594256,-0.17086040940447,0.781682384712503,0.89156332582346,0.80733758040544,-0.389683954751393,0.198824773967386,1,-0.0799220725331684,0.835314196693803,0.85438658971942,0.500157279359817,0.198959646127355,0.193674208485718,-0.0830609634242471,0.133113229150161,-0.138909749808618,-0.304471935501787,0.235149710967761,-0.177713519491834,-0.479836159602902,-0.133736217876607,-0.212170749258375,-0.585228448354176,-0.229866375274606,0.116008802594583,0.411919934401602,-0.305938631249169,-0.443677282726613,0.0138713357268415,0.0865120341368184,0.275444196998249,-0.14046799833931,0.203735175495739,0.1675777490684,0.0977046386032372,0.107307631936788,-0.273643402342547,0.0496566487100361,0.24897015195687,-0.0292167298876445,0.0528219384800695,-0.0329952281748631,0.369565494120496,0.384940618222105,0.17305356252263,-0.121393917738258,-0.485241835096346,-0.252522622605042,-0.205915575545438,0.0020780721831387,-0.394064367511875,-0.0023434039358626,-0.159446250338838,-0.0916967449325973,-0.399402169046474,0.559030203346448,0.0706027584749718,0.107243553099577,-0.356637550892494,-0.160530566128043,-0.265289826997346,-0.272624380040487,-0.302072635359448,-0.401574621988323,-0.444836636713034,-0.376222413913972,-0.228619239407425,-0.451555182214331,-0.485302091166384,-0.161840881992768,-0.267938049637176,0.3020910360156,-0.377281144357959,-0.328674446780733,-0.435839938872895,0.13128508564552,-0.157717704372804,-0.242684108183573,-0.165321337653736,-0.0216614157950375,-0.103353811855655,0.416382834832051,0.406138772617805,0.769837820874194,-0.215393099204947,0.542584924593934,0.833908134186859,0.932964554227608,0.948671651814672,0.122723783203759,0.934453270906329,0.446608072836709,0.0742213891428748,-0.262647158891115,-0.256510309377674,-0.372976004148855,0.0813755621458062,0.0048537491274716,0.060362322167344,0.0962506609482617,-0.31122020298549,0.361785013215622,-0.242635911436027,-0.187019107336889,-0.123833885626928,-0.306135003104596,0.127936574808785,-0.463400022179282,-0.707225072145845,0.0385210477547708,-0.380668186312139,-0.0127841971308999,-0.0325423849063311,-0.213082525319661,0.114839350411117,0.405300381385287,0.1224691653832,0.234425867465907,-0.126588139414631,-0.392593425384719,0.12244495038942,0.138986874835007,0.554418832224246,0.104329934222737,0.129414548488515,0.436754610560196,0.212129678296198,0.227595653399115,0.469046696423626,0.342133851360607,0.0064971620128045,-0.313585074609402,-0.107787248607722,0.1148636978312,-0.453826313240275,0.175225439375808,-0.373560517836425,-0.254319049625104,0.0286858798331605,-0.180977868275347,-0.383742595858874,0.272601475281796,-0.0261343538869465,0.0537149408855206,0.163238332198015,-0.390164752319925,0.397281292784313,-0.407502093785155,-0.443067680191476,-0.392501226013327,-0.45195536801636,-0.159501339803224,-0.349718243412964,-0.211697316754475,-0.55425134808467,-0.176681601026431,0.213800062561632,-0.364422399567779,-0.419774919382686,0.0011532661112427,0.24612638610205,-0.223878195282162,-0.168591050727942
0.3520604134917,0.552731678927626,0.559029532764814,0.301959385106212,0.0851951667027312,0.0295418938841726,0.682348434147075,0.681045571578073,-0.0799220725331684,1,0.122337851474721,0.268019657889011,0.639007719246228,0.0372719231694555,0.278592445447837,0.171132818486118,0.152140769596418,0.231221591642174,0.094346908670536,0.0064770659819413,0.193361917528106,0.0470060292924057,0.172500072749409,0.193375243946769,0.169332574343823,0.474009066854981,-0.25270035770466,-0.149212770096589,0.0802505232094039,0.0724485711592997,-0.23955157014979,-0.552025697510031,0.13548718015698,-0.448826687760158,-0.675743087262545,-0.251927591414211,0.422689206528852,0.0214756171073446,-0.271029290153009,-0.0321069723864528,-0.274506656477986,0.0640330478317242,-0.189023313177859,-0.131053019205987,-0.276282672340114,-0.211819829700757,0.109910094631385,-0.0146199162217115,-0.0640433507944703,-0.203606456271249,-0.412880354707245,-0.220740382654281,0.043190969029932,-0.219549927952675,-0.274039617273325,-0.394577703048668,-0.240808979182823,-0.166946259687936,0.0224642627135761,-0.347465226071859,-0.0132432756321732,-0.0875724803351549,-0.196960122408743,-0.0279214260501048,-0.0987957231928997,-0.158358404424572,-0.0590843754612351,-0.0711921155293095,-0.0876364150972948,-0.137945699233379,-0.13390334831039,-0.18878833070524,-0.288842088270473,-0.232109374184285,-0.293774642799357,-0.317667396366891,-0.324273555300496,-0.23862793245406,-0.0924455647962011,-0.0326501832769284,-0.310335638070032,-0.182555173607403,0.475691072133548,0.166815632659493,0.606353261531389,0.100161270437598,0.830325482004679,0.149064014913812,0.0424691721914921,-0.181892690849606,-0.142960987080474,0.795300906483114,-0.00479320674938,0.4701142170488,0.178573774413154,0.370294824538241,0.0795088418857989,0.296095283834738,0.174487868653034,0.126609329878716,0.136123217715946,0.0428248593980081,0.179386718898684,0.176194836430453,0.269650978382204,0.176530401761053,0.219334690580534,0.256070871895041,-0.155570837096066,0.258162420084219,0.230208229221549,0.524612942060364,0.651135589214526,-0.0485854223993297,-0.137579487095092,-0.0507099713392106,-0.157584076452498,-0.0456342717070281,-0.180477459549117,-0.389152984644813,-0.311531012428706,-0.0177828857762661,0.383592760982306,0.100615017197664,0.0507465196386864,-0.0023142458753245,0.097020831485901,-0.112018899990214,-0.0648824266175623,-0.127408468567122,0.0374673313167978,-0.084007781301483,-0.0098643925894002,0.0306491275861052,-0.122716858271691,-0.105405445907962,0.176310953843663,-0.0699607759696021,0.0623192287233809,-0.218232515346882,-0.0406731919065923,0.148215254803091,-0.180392176434141,0.0373100361219787,0.110901387335541,-0.145064094704536,-0.129979424644505,-0.302912408886016,-0.0882343693544796,-0.24131018700144,-0.0481133088459535,0.0367381292579452,0.0736558948175772,-0.114394407236319,-0.138148347819196,0.0803855078045945,-0.0215560289882772,-0.0529916135098442,0.0290449732086702,0.0522602912861428,-0.164880055450614,-0.464103228310656,-0.312565358415386,-0.0831084730732253,-0.292237149241942
0.839250149865848,0.535259920143542,-0.0328424326020862,0.70677065177571,0.82508502927075,0.649028900544311,-0.162373434533876,0.318350186793321,0.835314196693803,0.122337851474721,1,0.874035687950989,0.637120362977502,0.247628464593439,0.195288082533056,-0.197444485526441,0.113977383044613,-0.154565094918929,-0.231082974284452,0.106492614866321,-0.241205923537631,-0.348204527797981,-0.122474839874139,-0.312658937393304,-0.503765481290163,-0.069043270501085,0.0314229497668158,0.447015093958633,-0.261788276376938,-0.354828517649794,-0.0216701698601705,0.0332348585896721,0.221868336017385,-0.261824902996899,0.0450967754770557,0.0848015847438984,0.116627451408066,0.0210115312882875,-0.169779727334957,-0.0643350377402971,0.0829355542678138,-0.135902667615135,-0.0287371203211933,-0.0885606136576739,0.15873547856438,0.444953414783283,0.0323935385141804,-0.103203767625613,-0.367274759186833,-0.181611822280351,-0.266700271044934,-0.0192883636616305,-0.255085214002486,0.0273335085126376,-0.177105951704952,-0.0706905270512712,-0.393906458430664,0.510008860229201,0.138513870389412,0.102646503367025,-0.335272112695641,-0.147343184835089,-0.224161321437679,-0.32250063075453,-0.216753051315056,-0.36721144218557,-0.356964638653695,-0.277479157724489,-0.16136801217445,-0.368057213198317,-0.432443196193308,-0.194179597849568,-0.211802667807103,0.162426517618229,-0.37476096510361,-0.273785955235891,-0.393826602764346,0.232489018501515,-0.110003789796157,-0.167899184155068,-0.104449725319787,0.0657833477387404,0.032501153011723,0.550519636144482,0.521752426496705,0.743186138349802,-0.134208019045594,0.35316087544386,0.826253858210515,0.726493168501812,0.848805131032544,0.25609098272544,0.856678352024915,0.555978774331492,0.0595536993852808,-0.150758898151856,-0.318610089841801,-0.315598061237649,0.064462119126924,0.0407418583097656,0.0989722932766756,-0.0015440661595233,-0.250554989526213,0.334167669627488,-0.253468431763599,-0.146880623828758,-0.0426303125966227,-0.161278702037891,-0.0735134282779848,-0.390725406242132,-0.560398751184557,0.0945524966679043,-0.219835259417504,-0.0778276351349268,-0.206846772930695,-0.299439524077732,0.0549361664497699,0.418249203160135,-0.0462291172518428,-0.0112278212011323,-0.190051609732391,-0.302384475507804,0.247176494907016,0.0542630470961688,0.525520946007751,0.0900134802649779,0.0977115821286403,0.269220534556623,0.095356212363295,0.0359283203789783,0.405312298012387,0.195968483833776,0.0501881835078894,-0.361512018798521,-0.1671904215518,0.19100809862361,-0.386018941214281,0.0693345969378714,-0.36800107949542,-0.150868099893799,-0.105458224104278,-0.32978366310408,-0.26776838831986,0.287131604500043,0.0531876897836314,0.0566251508596738,-0.0107446661473241,-0.372685929053795,0.485706146057916,-0.300800004422327,-0.442735814066087,-0.273987330817158,-0.395905195045727,0.0148584920105473,-0.245037386331809,-0.0376931935896138,-0.345334910649543,-0.167370399180725,0.173433792050775,-0.187094340575681,-0.507119811661104,-0.241830987981326,0.292703137013439,-0.15677992535403,-0.135002479555229
0.787881198428826,0.685620788218321,0.0514687596952928,0.863678547898824,0.863938084547304,0.791647954582586,-0.0754685116071541,0.47913833355723,0.85438658971942,0.268019657889011,0.874035687950989,1,0.743132139999755,0.155346712143302,0.160499499488931,-0.165890648170181,0.0692043366342352,-0.185324122487062,-0.232864603629628,0.197727511056394,-0.225777321694859,-0.373086454845351,-0.145645075549625,-0.251240613581809,-0.515843410173304,0.0340642887155332,-0.003325468466226,0.386576969232095,-0.302630248587048,-0.374403829904509,0.0318087680163823,-0.155682353934888,0.252643244955574,-0.301284865162421,-0.0668324907840026,0.0693438240778344,0.162168371658751,-0.0219614287983024,-0.250781732695331,-0.100310956992321,0.0916037182266657,-0.160119166836526,-0.0580329417296349,-0.0810568333183396,0.105983096299992,0.235826617974902,0.0503590043851312,-0.180789819722316,-0.318913575412767,-0.189792545449671,-0.30279405746497,-0.0704805926401203,-0.227571167145629,-0.0223481276507541,-0.212544720973183,-0.0941255287516991,-0.328750161585716,0.425566144179556,0.0344022586558349,0.0256549988546217,-0.230852675210185,-0.0962514672674874,-0.163441952966298,-0.221262479559256,-0.288124212921266,-0.288504484952129,-0.345720905717546,-0.263531832682018,-0.190571723815686,-0.331111554425395,-0.373130034061718,-0.167965525220815,-0.292771103054611,0.0782548199934378,-0.33050845047695,-0.277877101035475,-0.401942096408187,0.0575775990190479,-0.100131328733366,-0.149373740177041,-0.179897879742785,-0.114970540242497,0.0184407477894273,0.37002421424402,0.684474311717115,0.87463393229661,0.0942341040267097,0.554778130695564,0.840013979538042,0.794187856790027,0.81582716936929,0.415067684372507,0.925053040343299,0.628598361549657,0.11302530373289,-0.0014368620538771,-0.345511682263147,-0.320305618279542,0.041906115144479,-0.0238541717810337,0.0952900027646484,-0.0634485097666452,-0.227750372832901,0.329938611239241,-0.220743564894762,-0.167521235496365,-0.0266411689767687,-0.139182114443659,-0.0659416769542489,-0.312199096959523,-0.513306650549531,0.212619466003795,-0.0839435720656965,-0.0885411095146537,-0.141456909705796,-0.238169234856153,0.0800251032883233,0.333655768531572,-0.057238588984145,-0.0398229173924305,-0.275998054791099,-0.43496572560372,0.241905068963677,0.0227620771532466,0.477666214216663,-0.0287806761066665,0.105116344016633,0.224163025496582,0.083180147962683,-0.008628705901657,0.310816388364402,0.113309969168519,-0.0488531059595184,-0.313856376508266,-0.179032403762231,0.188201160665944,-0.313376108290778,0.0276322641970754,-0.337741979381016,-0.237696214146982,-0.147396418595501,-0.188805805136403,-0.28120410396243,0.189550877980301,-0.0581684095942292,-0.0187005546604043,-0.0279379303897798,-0.448395080882111,0.252015828109428,-0.438985811765617,-0.404248429583567,-0.239235300914612,-0.358769808181504,-0.0881432771102861,-0.227867400108563,-0.0652363739750173,-0.398726049852334,-0.159375514128196,0.0603552295170921,-0.190519680561006,-0.452686469861956,-0.267918095367737,0.0384935197017628,-0.198579000306782,-0.247224983661432
0.804552597446019,0.835281293085196,0.408822905000636,0.73008482722594,0.621780475364519,0.543173590040716,0.149170971678613,0.835516017488477,0.500157279359817,0.639007719246228,0.637120362977502,0.743132139999755,1,0.0745402481126782,0.21989389223425,-0.0314131347378752,0.001144558273497,-0.0502158165002714,-0.269598424328213,-0.0012254249584591,-0.168420857916704,-0.341776957291378,-0.0546247680161353,-0.131654125403638,-0.164948856920164,0.306543343780853,-0.199775884964827,0.414106178615027,-0.19667466199715,-0.158609181553261,0.015650921825841,-0.426790770176036,0.215952036290272,-0.52040240883651,-0.481496942153643,-0.154324569614721,0.194995215198301,-0.106911357476224,-0.358546809959649,-0.248072413246674,-0.325349155265013,-0.212490429200095,-0.242073083589141,-0.331471283526482,-0.216797772743896,-0.0152384983052267,-0.026398943454412,-0.0611065112633461,-0.306349716410948,-0.0936851679104739,-0.401463584365176,-0.133079102300189,-0.0356019944234415,-0.333433336707724,-0.250234693775993,-0.197574062343727,-0.257306066218865,0.224132842938427,0.1013908063555,-0.165232627097072,-0.127668031701031,-0.160342441141427,-0.281683983796748,-0.158098292882594,-0.317091282979954,-0.38032188897154,-0.257158331278583,-0.274919594910176,-0.195863054296597,-0.333037517625848,-0.331394492724511,-0.363199140316229,-0.470345322907746,-0.157186289670635,-0.473072631848132,-0.414096876200017,-0.477392319551527,-0.039900469022483,-0.0935926845814662,-0.0564624869306184,-0.292432185546385,-0.187920763231977,0.291194029214098,0.392273983144292,0.849385658650339,0.681006201072258,0.367214348924617,0.440675390409645,0.652490054958369,0.442737659539429,0.453014446804589,0.748094771971693,0.596930420476608,0.871393362761035,0.132809249683352,0.122995117144972,-0.334380538785898,-0.161639200573316,-0.040387721194242,-0.0848352360473443,-0.0903319974912894,-0.178723854967668,-0.138695596467092,0.0810855578902018,-0.10343722852661,-0.152078665934842,-0.11068264880516,-0.0720531278836734,-0.301221749779826,-0.017084823622727,-0.181908871732577,0.382788625549425,0.0978238600151249,-0.247908055530897,-0.128552908843035,-0.278268981863694,0.0665100351504894,0.270418524547286,-0.259766001235986,-0.311358865230276,-0.338467944126974,-0.276156843662343,0.254902418797844,-0.0729189700330072,0.357449645743401,-0.0763729632414987,-0.0413598548199314,-0.0310053226075305,-0.167558821566522,-0.197450041876805,0.163481078146171,-0.148157903509347,-0.0706352311407666,-0.1193045815515,0.0953418012512195,-0.131251415239353,-0.0611757795949671,-0.167311487426723,-0.0538827394592933,-0.0874308355187428,-0.212628486937012,-0.11668091319829,-0.203055570706983,0.222146209911064,0.0745750387108579,-0.102598838019774,-0.256042872275516,-0.490615269326355,0.175466711223719,-0.466467897767888,-0.305138650144123,-0.125161431712552,-0.162248868386856,-0.132545455496799,-0.234932394149814,-0.0525596870499951,-0.229821464345737,-0.162339154993172,-0.0223717536319232,-0.147117300514636,-0.422016403623863,-0.419508878868231,-0.0575110933313244,-0.0885635003787995,-0.226764735633909
