1,0.605664631882359,0.428294237336809,0.451071463003599,0.447012593588823,0.353306993348069,0.262683955916612,0.249008252591827,0.551655283956851,0.780924545315254,0.42751892411461,0.577226038203212,0.8055411318332,-0.234815258685153,-0.102902035980094,-0.249812052656117,0.0076944837931308,-0.487347032673632,0.284949655220662,0.613293533971035,-0.468524488122819,-0.130099206750056,-0.0662715369842399,-0.466681335736182,-0.53132854293793,0.403845701538587,-0.187863566489097,0.241117349383788,-0.101987752388821,-0.318186324283667,0.0814314667313867,-0.0408256651242356,-0.285408697642496,0.117191397852912,-0.392997298872063,0.177832120631583,0.083784259771036,0.0914133165479562,-0.03203175973041,-0.129211575582031,-0.189992368477651,-0.169543306908417,-0.143310946927561,-0.317366105087413,-0.312246857705179,-0.314978641068946,-0.284763518979331,-0.0814290016264407,-0.268506984970533,-0.317565261037564,-0.338979752092424,-0.15539830034828,-0.285426770022393,-0.326249287699147,-0.291861912634122,-0.138017048024261,0.075887808653256,0.148407125878354,-0.30043370886021,-0.570732049072158,-0.272855653836962,-0.129883750726548,-0.2035963320922,-0.228930332164091,-0.219371111886841,-0.130747996002026,-0.398205205144206,-0.216395322719365,-0.365800186014182,-0.211295299061332,-0.125124254277539,-0.411862297110907,-0.42562390320461,-0.375594935723426,-0.473902641644156,-0.316278185124974,-0.481252374384652,0.0356813663780517,-0.267552621554231,-0.510692044507663,-0.321353086570151,0.197914322302118,0.459454634575345,0.638483128084683,0.810403963905641,0.58611668832906,0.327673881744131,0.375991899169244,0.557948908230813,0.614840130078188,0.534009137676283,0.489895803578525,0.548794355345171,0.435578364327246,-0.192665678938828,-0.0577884925917346,-0.0309042997512489,-0.24979969784558,0.0460807720944037,0.0630989551551905,0.194615797134381,-0.5417281868823,-0.314747882620221,0.649850089311465,-0.586456813342956,0.237930440081276,-0.179846700907406,-0.178020710549602,-0.295164580235533,-0.509067133539089,-0.365371007951307,0.285346376928198,-0.0850116702530873,-0.138820454710635,-0.134698891525983,-0.3107016079973,0.0335879270187932,0.191487595632283,0.258657939708825,-0.058132075658885,0.142527408085954,-0.234526126544135,0.0062593384269371,0.0240154178963282,0.144581331928757,-0.0924204441507675,-0.06359262759625,-0.231080995968319,-0.135713674499703,-0.388302661840682,-0.185358928255131,-0.146498087504348,-0.12241902527577,-0.25395258357524,-0.189538291775993,-0.233577994740756,-0.21326408717274,-0.144323846441131,-0.114546343273409,-0.171726741027829,-0.206172378129736,-0.151500616988297,-0.176343256115668,0.446718414881576,-0.38212416331229,-0.259255248052126,-0.369388377396716,-0.441789140112626,0.0543965295245988,-0.27377866268191,-0.381224627014615,-0.277865392305333,-0.305240179474202,0.0293422208208763,-0.293644740256508,-0.303951503479448,-0.240355633272272,-0.412552580928456,-0.202464665920115,-0.285273203062564,-0.259205959545317,-0.0437342466207296,0.17422027624612,-0.239519001703215,0.304381676107987
0.605664631882359,1,0.265374695975875,0.42965587013283,0.192022269772686,0.713689046787256,0.0903542513749871,0.747535174218068,0.437606581068451,0.714700967277105,0.110965805157006,0.535767393785932,0.746219724301311,0.003832466610057,0.183754184090123,-0.104553084946569,0.0462580007828798,-0.410887431388141,0.182366808416484,0.302526200315612,-0.556569327461708,-0.146678478481308,-0.101492548392222,-0.33437909209891,-0.264336378921446,0.339798847221733,-0.223112476949911,0.116784472301907,-0.358830156757978,-0.392594335613176,-0.0397910597910815,-0.304451846307805,-0.47567693222551,-0.220721746272735,-0.368475383621235,0.157362019892166,-0.134966184385476,-0.261521690284246,-0.37646934137198,-0.373110119846889,-0.138877819371628,-0.268455442290571,-0.361624812170236,-0.502198739260946,-0.553836102141578,-0.641471455642323,-0.52132648028521,0.125537220495274,-0.326685876958503,-0.0609503606339877,-0.303997028077527,0.136590744309781,0.0015196293294532,-0.075929624132983,-0.0011439098345937,0.157548174672523,0.0771726999421488,-0.144985718413408,-0.445897316521904,-0.609895639638518,-0.338259721607628,-0.207135353933125,-0.434314036853513,-0.200278578387802,-0.133598017751222,-0.398542066515095,-0.0890496147908771,-0.277035047452111,0.0613995468849674,-0.106795434538616,-0.287859390903099,-0.187520304624036,-0.0329015236862045,-0.260499134551134,-0.124871858481683,-0.177820134228353,-0.0809848189400331,-0.0980425736519384,0.0507519753555646,-0.332550940714633,-0.293628567754689,-0.0724711234389448,0.416728051672431,0.132923068765745,0.869524156115971,0.583191298034,0.413240411179345,0.834394867701759,0.276139408691021,0.609008045570492,0.174091608126989,0.48690464869066,0.300628625929988,0.137010352287735,0.0431684020455033,0.228238006535472,0.0469245447893997,0.0203383800825508,-0.138911489718839,-8.93178506031937e-05,0.0031599846104171,-0.689620127633573,-0.319331990776946,0.414285285461849,-0.402628912117202,0.35182130019447,-0.0076685765346136,0.228553920643028,-0.398408257216798,-0.301509695523576,-0.0303889532182306,-0.0129151644877411,-0.412092015247936,-0.169805330762168,-0.264216371213207,-0.308664460618752,-0.183808394037099,0.106328984297139,0.0715749884081888,-0.350880412706105,-0.186842655377875,-0.27587542309552,-0.16683879735081,-0.18794943094543,-0.121308388277935,0.0639412428421293,-0.0643358119109493,-0.2848779286407,-0.321733226216599,-0.611247345737646,-0.482397892868483,-0.441284352118162,-0.567223138191825,-0.376593467154479,-0.189848244827372,-0.220015635946276,-0.0745019285922974,0.0628328979978092,-0.0695374558584152,-0.0188883078852733,-0.485181624868062,-0.187721738276054,-0.219039299500766,-0.0957334883274021,-0.534947715606264,-0.306326812680961,-0.308065777301167,-0.295167639974672,-0.352937791662383,-0.454688524155951,-0.334999261456031,-0.397426877950257,-0.144363956408773,-0.179187605664377,-0.404503318505945,-0.45095067987259,-0.327851653864595,-0.167170957203771,-0.0964912656831224,-0.153407172692605,-0.209704426016853,0.015819950527287,-0.18159348597792,-0.267373796742428,-0.0221421617373871
0.428294237336809,0.265374695975875,1,-0.411300477337676,-0.281570818835676,-0.182536028586839,0.832906347677195,0.0738221893262888,-0.291814941640018,0.658687644893298,-0.277199970283435,-0.188713343197109,0.460672589722165,-0.141421942535374,-0.178142991576086,-0.162750151361606,-0.116241946635574,0.0649069355670571,0.13235259437568,0.140841644771991,-0.334748337325934,-0.119226954790273,0.297961577111908,-0.107917871828022,-0.252687772933081,0.832975981660098,0.449797466171606,0.778729778644819,0.49502983798403,0.194794337628277,0.674486121653195,0.0987120698181221,0.280761657416856,0.619718282646632,0.156994569339285,0.503637661669261,0.310644065585953,0.193494497227606,0.159527896807605,0.079654057974159,0.0238176741001868,-0.0599665027912352,0.338442566203103,-0.400711283976255,-0.246411349966954,-0.275812918141461,-0.0373008378601373,-0.0773927396594002,-0.503122482779125,0.117531795210657,0.286875744325265,-0.236235121988393,-0.459324137298338,-0.572963101568161,-0.0367534452036158,0.0062987206951149,-0.0193663535397252,-0.381209269254666,-0.43109842028798,-0.201560477191786,-0.225502347666221,-0.121136518328701,-0.36679240639884,-0.306508264598918,-0.0650183515658932,-0.311597601920135,-0.299653141570211,-0.204163982720988,-0.55913056104487,-0.194080112729593,0.0245122930428394,-0.660382053428323,-0.527623056712239,-0.629456893069586,-0.340867047810705,-0.45348467081716,-0.357385514697091,-0.30091321831308,-0.332123542065388,-0.704506006916598,-0.519043596386043,0.255056987431014,0.800087890470793,0.533309124880907,0.385337542331031,-0.264755037355508,0.781307089669938,0.0387706683069073,-0.271432616291131,-0.0404515315707283,-0.261786112489997,0.711001463134023,-0.13455915675626,0.742326156375131,-0.256399022812812,-0.131241401064577,-0.069121851435881,-0.204388819572876,-0.0802561396031577,-0.0016439989600898,0.0290481266450731,-0.174605236253472,0.213758456755681,0.12501404309705,-0.417517919989899,-0.0507384056395353,-0.205351602490744,-0.0505417276264532,0.0473091517922628,-0.127074412072487,-0.261983915437939,0.866882443404328,0.529609598099618,0.566369991527737,0.53880933933993,0.325117304270214,0.687971123633977,0.797648469162619,0.765183592916917,0.210984937363517,0.594399004092348,-0.216498661216987,0.203073104295041,0.364103864041312,0.180840031213601,0.0180081223479145,0.0771579573584254,0.151952822275445,-0.0165166558088596,-0.183479243905055,-0.220486819691652,0.086744024943485,0.237370355006646,-0.231610672659767,0.295014275864255,-0.139009509896512,-0.3062088128802,-0.471955333534476,-0.0245633361383139,0.211761692837332,-0.338975963883406,-0.399991324571858,0.0575046141257903,-0.0791729872447084,-0.517793528821695,-0.0451723988622179,-0.58420968080275,-0.344788537324913,0.279841070665035,-0.216558653767153,-0.440270279622835,-0.234870579449232,-0.302388463069908,0.152087373695425,-0.321818729600774,-0.229234477644158,0.113104148166751,-0.658922082687011,-0.594106895343995,-0.389880975609236,-0.41606610202135,-0.0283545321179133,-0.141956893412189,-0.468039697738523,0.140131799060638
0.451071463003599,0.42965587013283,-0.411300477337676,1,0.776208233697113,0.644662825737859,-0.458950918843018,0.233944631907351,0.828121256122355,0.069238242886218,0.745181555141264,0.687259876527118,0.338956575252824,-0.0974423194018744,0.0335115672159455,-0.0935337310106257,0.26911714726507,-0.41776989665977,0.18203368099369,0.375334907880223,-0.23978116159566,0.127789537870464,-0.148351734133567,-0.26708433613397,-0.40825072363421,-0.37768592644499,-0.293468861125961,-0.404322102044123,-0.395671408574379,-0.387130029557025,-0.38681842485787,-0.114182613788219,-0.43313843232847,-0.536348882229771,-0.360846921432159,-0.177561628439721,-0.363074913432937,-0.0940965585499705,-0.259601744170905,-0.160905507431829,-0.001763303205163,0.0505912266732438,-0.394577479874539,-0.0273586045776725,-0.156533025004704,-0.124478469991445,-0.269650893162559,-0.0462694130241345,0.062294538006742,-0.0761864238094302,-0.295745827764146,0.15828932667806,0.0585050953296368,0.207579277680059,0.0740172780427881,0.041493981385454,-0.0418931831556845,0.471121768617348,-0.0226673453148569,-0.223820521992693,-0.310766953003733,-0.182110334246593,-0.176989358341021,-0.0808896084228705,-0.278418051428001,-0.135027155281653,-0.0182923278273887,-0.178934391274945,0.114755971311591,-0.184817572656087,-0.238457413291973,0.101094947456653,0.0197703458698309,0.172664553022068,-0.0740524417078402,0.0352022683790587,0.0275363142117251,0.385009943797898,-0.0426303731808744,0.144104579680883,0.0097100567802502,0.0111310189058897,-0.259322227148861,0.0703026953962154,0.436047901409236,0.9233795742738,-0.356393200092688,0.486399619261552,0.787575238051332,0.530629172119354,0.738563768543199,-0.268238580043276,0.569076316204068,-0.298033861768201,0.0443031087904941,0.0200841446851046,0.0138190510166368,-0.0903737007760863,0.25542993089219,0.135226076499889,0.162062414243931,-0.409293366602277,-0.433294188955965,0.442403079924779,-0.359204260441352,0.2672965470675,0.0227145509904648,-0.212158986815809,-0.36997205802798,-0.509892072595023,-0.304231429613085,-0.397320432973707,-0.571920855252737,-0.511834417610213,-0.413401548616148,-0.475493827071352,-0.520280334781441,-0.381231965619222,-0.439478599527463,-0.296029506915979,-0.398439052477703,-0.0938997477987979,-0.296162995983704,-0.237042260928398,-0.113362416670206,-0.129004513441955,-0.147313903702145,-0.246729888842113,-0.0690734802918228,-0.312349954019521,-0.0621101017988916,-0.31915482624843,-0.401693611889574,-0.0442902036842905,-0.227484760050333,-0.148370622857906,-0.014135322773624,0.229303281512709,0.130947575366358,-0.253028824162203,-0.0549554243221121,0.139881399583689,-0.219898618134067,0.366930338769258,-0.0085334232628934,-0.218337431593656,0.0202226173498894,-0.0770904279689092,-0.34348670460991,-0.311038011577962,0.0970568797985625,-0.306851595331173,-0.17256372991575,-0.317737799428706,-0.138348544944076,-0.218092980327837,-0.387219618254467,0.0958586331630314,0.251822419547007,-0.131619847685554,0.0182518307253806,-0.0446514414934557,0.253693068573331,0.0245700137444285,0.0443532389888533
0.447012593588823,0.192022269772686,-0.281570818835676,0.776208233697113,1,0.458748004631705,-0.349078199654173,-0.0159049935578903,0.818832426824723,0.0665118905884921,0.8229512001926,0.680571093593436,0.282350795805922,-0.225189486126713,-0.104477335959213,-0.142320692686093,0.201771475801243,-0.339335931243951,0.0322298449774516,0.296608018395424,-0.269777749023038,0.0853816181489139,-0.183151871871406,-0.320110654641494,-0.409549844892911,-0.28119494633293,-0.110714461169938,-0.227555023286974,-0.19248351542728,-0.39805925447627,-0.228398763071852,0.214520563834073,-0.199746016529659,-0.30759479765747,-0.115114206613496,-0.217630818522095,-0.372449208977104,-0.0056579218782459,-0.268444930187144,-0.037544753987609,-0.0041143338413673,0.115927935084466,-0.338882192438021,0.0536563982648346,-0.0347101316463818,0.146081771074193,-0.198711335858565,-0.109781825508266,0.128139667233446,-0.0291336879709049,-0.211859679484044,0.0930787649330139,0.0042893845736388,0.215048047356882,0.034539248264039,-0.0214493809143875,-0.180661631589918,0.640274190262809,0.0499253341969206,-0.0805734462693816,-0.296202967684126,-0.265318437495932,-0.199454555522995,-0.274827940199914,-0.260898054898812,-0.0334943548589557,-0.0199594349649896,-0.1476631828661,0.0265025691084947,-0.360251001131667,-0.362549965912627,0.0945882883344991,-0.0596468013204356,0.143458612334874,-0.166875235191387,0.0817844492418461,0.0240467756338879,0.651506887906149,-0.0818322905722657,0.125027031204783,0.0692989053314543,0.305823986296271,-0.300082204479676,0.34815770465032,0.268664500918374,0.766203158520862,-0.44940593745847,0.252533211043389,0.902077782701172,0.582708548250554,0.838273603565738,-0.307465401233413,0.758436224422313,-0.0974961165143115,-0.0888037097470641,-0.134704281046882,-0.0204136911014844,-0.0727501883895043,0.242873605842162,0.0622743213805291,-0.0125015127714526,-0.275661730908302,-0.470950714026893,0.423527580166572,-0.412816701532581,0.183152547119169,-0.186467111780296,-0.377980154974647,-0.387086795277321,-0.411672387247261,-0.433964854788703,-0.217086361470371,-0.360460277826609,-0.439516228221581,-0.333107731962127,-0.460179400204437,-0.334841164731898,-0.29538507980737,-0.254476681529531,0.0679378413684,-0.344309195114222,-0.154607315999424,-0.347704556673083,-0.168525615108569,-0.252415545031115,0.0023081960980059,-0.186135840786187,-0.190838067919639,-0.0372467992266004,-0.163739084201404,0.193428578513808,-0.300357831592361,-0.270210204794914,-0.0202295852904855,-0.117729949523047,-0.159540293128393,-0.0168244299516629,0.13738794878506,0.169819225634837,-0.230789554967411,0.0792247508865134,0.237857314014431,-0.193980505687719,0.635382418660167,0.0403113415297746,-0.0432757405963981,-0.0010026411574788,-0.1293380688478,0.00244079423248,-0.183647901578463,0.0371697496429327,-0.309423405717931,-0.253384921509707,-0.355098242568717,-0.176477534850456,-0.357602901022844,-0.438521890322594,0.066877018151776,0.209315152061169,-0.166486412519187,0.149340978460603,0.0126375642224835,0.579768465548504,0.118951374578168,0.366359216952196
0.353306993348069,0.713689046787256,-0.182536028586839,0.644662825737859,0.458748004631705,1,-0.285243036455283,0.548465430148929,0.553414184806311,0.266226105097256,0.292137441300333,0.730543944637426,0.454565795166797,-0.0489271352435136,0.123445915177611,-0.101131681548324,0.0709714894669746,-0.342713239514241,0.0247090545008394,0.0649809093418208,-0.246622967940181,-0.0720224506815396,-0.199638976589395,-0.188479200810278,-0.0637616173215651,-0.107399682535074,-0.204663829985201,-0.217043620239338,-0.426407992509475,-0.349722830394084,-0.310121578346698,0.0365730970503884,-0.392087821993455,-0.524443897929679,-0.239010321273544,-0.189086314916481,-0.446324407970749,-0.316853014713838,-0.397809806547131,-0.267817747368733,0.0451019914193778,-0.1223573571916,-0.475346704071763,-0.118592065695371,-0.304464004555674,-0.143367083962102,-0.379823159988473,0.0227688012679822,0.165726725764601,0.0004670223951164,-0.232125538377492,0.312199897487629,0.263157518342386,0.303368424630133,0.085700770607643,0.10537255924122,-0.0346405971975574,0.211404211852409,-0.186449676034613,-0.258858950247622,-0.243476921390801,-0.341874350381479,-0.200359925400959,-0.184818034997048,-0.136113526389767,-0.111950094154617,0.0563737049438447,-0.0345636731358049,0.188982122371092,-0.0347844762253526,-0.344919397240535,0.192421896357409,0.171977861734662,0.162672393958202,0.0291528431735583,0.213229496921795,0.15381528387987,0.291855180521471,0.0527371486864666,0.135141572051601,0.0162965121258508,-0.0141285624456644,-0.116416430073613,-0.009378905401961,0.503159059238671,0.649590429863881,-0.0759301769259004,0.759311788120355,0.411417110885035,0.624483117235262,0.304665558050255,-0.0037829298958467,0.367741138302157,-0.15753132919137,0.0506759200641045,0.122761440953914,-0.010054987714479,0.111338079342195,-0.0585076814010919,-0.084584101642585,-0.070766769249758,-0.352407608095445,-0.406031384652083,0.17894039106638,-0.182722389240857,0.263699075299801,0.0070875168262893,0.0931892380783955,-0.353523867201927,-0.188826572294224,0.008170487839412,-0.357446268341873,-0.57011370088711,-0.435332406122265,-0.413458941092054,-0.427876082676207,-0.480602790159806,-0.239586044559886,-0.320745983366889,-0.200951697681414,-0.528306281065418,-0.262892059526702,-0.421384637476114,-0.36637450052397,-0.371361032092003,0.127669540210727,-0.230004827909472,-0.261173264206572,-0.229230886144035,-0.374329361983826,-0.10134601725307,-0.460106349993188,-0.543719574152258,-0.0922424319556435,-0.273178073903258,-0.0610359133793244,0.0398326072284904,0.368177632545799,0.0238957204472232,-0.263943743058179,-0.109889388501812,0.190287633646167,-0.306747981802234,0.0612347097241273,-0.158290190522038,-0.233673956932693,0.0008327821589058,-0.072611156129667,-0.345822434141087,-0.364077456733199,-0.0709499025312674,-0.287400082488805,-0.195286945332371,-0.363082380139063,-0.192327381201046,-0.352703260409233,-0.438998212635718,0.141817123398541,0.247983200170709,-0.0684034124994941,0.0057153074196479,-0.178045261156068,0.125141188367166,-0.0422436786330295,0.109179037195174
0.262683955916612,0.0903542513749871,0.832906347677195,-0.458950918843018,-0.349078199654173,-0.285243036455283,1,0.0896618045488225,-0.481359604966757,0.496292969668441,-0.378165861935036,-0.362711352270969,0.407135293297882,-0.296138145737463,-0.396138761964227,-0.424156159288393,-0.323686960829633,0.167474166282457,-0.015352573122038,0.0144928545841012,-0.225253382427433,-0.162136819732679,0.505782393294572,-0.0215472116085831,-0.221196785225735,0.685387395570772,0.522681021185708,0.856884190980065,0.667566366146734,0.391465734304054,0.815661690945546,0.258292776139507,0.560054009308655,0.739558409067059,0.294252703642971,0.443105680782043,0.252495353835386,0.211093075283072,0.295557742079387,0.109990819372797,0.148816032821698,-0.0588072814352965,0.499004796423765,-0.193212780303595,-0.165709887361357,-0.141109062145795,0.0411795743080798,-0.163995577207432,-0.432221095566682,0.131159178659787,0.462645242922912,-0.288546115851372,-0.54219662088034,-0.567913418618625,0.0314097483273068,0.0658905095699021,-0.0249999377054057,-0.359801282952671,-0.391918254074205,-0.072918123524658,-0.0109106213237559,-0.0429333893712429,-0.248751791857881,-0.218013381095673,-0.0266552669893509,-0.163317369201749,-0.241009861733147,-0.106895172010396,-0.565859547565284,0.0388199917180161,0.249583206242891,-0.567671755466597,-0.497948414424898,-0.523556045222623,-0.305553567498752,-0.411932785971024,-0.335369640324223,-0.326544354049608,-0.351549610669654,-0.671093849552477,-0.432992125289711,0.232064246372398,0.698664660516883,0.54593295682311,0.212470926741622,-0.363542626782895,0.801563902999115,-0.021887012717339,-0.33329293255306,-0.32333148324685,-0.346042982253135,0.650705354435363,-0.336779243463924,0.87012322553012,-0.447716634826288,-0.354680283528786,-0.327152410640798,-0.387515388777819,-0.164524816801338,-0.190273980548304,-0.0411508397817733,0.0333377135955909,0.396153459835903,-0.121985756118645,-0.362191887845959,-0.0658022202251992,0.0251707717650401,-0.0036389840323096,0.302316150627006,-0.104602937023265,-0.30772664583324,0.831662936592409,0.627619772826184,0.685935234514142,0.647979777782768,0.55627300563221,0.820030427312157,0.781403477170507,0.806330148177911,0.214218560014512,0.603597917122415,-0.341821272597277,0.168618247030805,0.333346988757691,0.329803129346126,-0.098345639714888,-0.0188701701087135,0.145028614947877,0.0253001886003259,-0.104322429073372,-0.164655339829205,0.244498211371985,0.331333241333979,-0.370656356654643,0.190538203201595,-0.223829195702242,-0.494951652070869,-0.593466506049382,-0.173135732300452,0.0657735290178234,-0.232833312903752,-0.537379504877475,-0.124861399607873,-0.140828235127513,-0.527477744380979,0.0420056980795491,-0.658700277742368,-0.434422137955337,0.355243329337695,-0.229728451375962,-0.513481439019935,-0.199740633028245,-0.355539524424086,0.163852316707062,-0.426462402473996,-0.127847598211489,0.0950170064119544,-0.708423608797331,-0.621057320787364,-0.422448880716701,-0.515263374538354,-0.198466572086556,-0.156387728884509,-0.521876489453094,0.142300572442078
0.249008252591827,0.747535174218068,0.0738221893262888,0.233944631907351,-0.0159049935578903,0.548465430148929,0.0896618045488225,1,0.119309069866234,0.453565609852664,-0.104696853156839,0.278438785378935,0.606826144777139,-0.0447572576049831,0.120042771844791,-0.139979170229266,-0.0432426932191944,-0.275632883394089,0.0847412280655892,0.135634567678168,-0.293781120491503,-0.225084416354602,-0.0726471499600309,-0.167667418426219,-0.043880501145983,0.174631411382468,-0.284839109178419,0.122474534537342,-0.335774322781966,-0.235507792841531,-0.106714789552342,-0.269860787593096,-0.312261929329607,-0.167318394639933,-0.238503081974819,0.125358461902184,-0.231551949106116,-0.29442447551912,-0.3498065297077,-0.340234455937595,-0.0604799880535366,-0.259763414329294,-0.226549119213851,-0.291500408885921,-0.32831956084523,-0.481710718186737,-0.402876009025989,-0.0209000630427995,-0.364433423351455,-0.0154092244150589,-0.227300531861936,0.131394405799619,0.0242193482468768,-0.0095466056648372,0.0466635071797948,0.151166624640778,0.133012707216523,-0.25246488683045,-0.42092322705934,-0.555921485617233,-0.194069785419568,-0.311727543707886,-0.388609064395695,-0.242342925603003,-0.190374277550888,-0.338046616378736,0.0009750049165104,-0.229778611688336,0.242647968264579,0.0875238167569444,-0.142464175409498,-0.0413822215671079,0.10925125555366,-0.107900623819956,-0.0068137877020866,-0.202466883633395,0.0327029456063959,-0.153535585129863,0.107838368529415,-0.288287585399713,-0.33807464335436,-0.0916946313968025,0.313927867372147,-0.0041086831984265,0.594239189242109,0.341054681674288,0.359387956200817,0.736440267567938,0.0982552587343842,0.208891493134565,-0.036845312715914,0.444133504257723,-0.0186543155464266,0.134984714791915,0.0412118715815865,0.117459677891558,-0.0382729469333038,0.0354822126719772,-0.179474559124964,-0.10696262753757,0.0026457558208462,-0.448088733087479,-0.0952007483889922,0.205272753988853,-0.130631052540201,0.364780530414428,0.226318320052015,0.414383979309354,-0.109099959159402,-0.121462081197421,0.122924207808734,-0.168769123906337,-0.459697414505087,-0.187081928857216,-0.311529885764103,-0.151401392272368,-0.22277803045744,0.0298758446926399,0.0188230838245298,-0.342527838773358,-0.233594012065687,-0.377992183724569,-0.24986212051952,-0.203919780894002,-0.0118728896864277,-0.04899814083746,-0.135798521021336,-0.253292374992318,-0.283836810041785,-0.384730456646081,-0.395993538389336,-0.274109816124835,-0.473907712099984,-0.444142784192876,-0.197174608768213,-0.239018779373314,-0.0941277671941265,-0.0480060420577848,-0.14233451252858,-0.0145853878721476,-0.372165331177332,-0.247557386687138,-0.24472365628963,-0.295119547848266,-0.489993121791454,-0.0991849585793039,-0.229582879341236,-0.225515356865873,-0.303120337883505,-0.377201920461865,-0.288079608623153,-0.371115827365478,-0.159260668234866,-0.248910371027652,-0.418258721394572,-0.367636834274261,-0.248005595474361,-0.0876339367317163,-0.0210284642254178,-0.120068577387848,-0.207369365094031,-0.0040683199076972,-0.242877513755607,-0.280393219268876,-0.0986849220321402
0.551655283956851,0.437606581068451,-0.291814941640018,0.828121256122355,0.818832426824723,0.553414184806311,-0.481359604966757,0.119309069866234,1,0.244242845362542,0.829139322167065,0.830035284603191,0.384298982259443,-0.0222741824243957,0.109524785507568,-0.0473238806643928,0.241104681346405,-0.513638976926957,0.145831519709266,0.422718267551358,-0.430124933726992,-0.0328524159187734,-0.364500819429699,-0.50150767046552,-0.483367739638149,-0.227118031358589,-0.37799581067882,-0.424541462122429,-0.459448454920995,-0.592656883873672,-0.409102456804977,-0.159676175711247,-0.585997231761592,-0.456060473319898,-0.400414218768049,-0.186147294421341,-0.215772294288789,-0.0485088277123631,-0.248569866547446,-0.158920710510557,-0.108262126543017,-0.0037783907958217,-0.44790061564547,-0.100756032482671,-0.129808308892798,-0.126591948915,-0.353481359815933,0.119919922229436,0.0354240723191548,-0.189389279383209,-0.436138662667783,0.143630145188779,0.0630270324587195,0.222519848671463,-0.0253692234525605,-0.0367783877728757,-0.0574494361446818,0.518495838539313,-0.0332982996835239,-0.302389937391202,-0.405990673773407,-0.18297827029443,-0.197857027864727,-0.187504732067031,-0.228366328349407,-0.116122016786028,-0.112162170806861,-0.196354399268763,0.091717026479199,-0.316409002243687,-0.401733393021333,0.0594090586035604,-0.0205344122329994,0.121646246522404,-0.138154613461686,0.0358322706582436,-0.0140412104196031,0.420109795126244,-0.0153352407685194,0.0908944907260417,0.0492732793905351,0.0077539710943925,-0.246013585943229,0.148682377366817,0.49669753034774,0.868402886073306,-0.40365260855595,0.363903013546371,0.872961602224024,0.795320298675261,0.88164113172456,-0.140410110133617,0.871421792313076,-0.266449235019631,0.0826112056674493,0.167437944563481,0.0786887700984809,-0.0005433197040267,0.199935808206991,0.125491976720414,0.0433762134464926,-0.507059283666302,-0.613566558626237,0.585092195115206,-0.409729993287068,0.168684952471935,-0.243943746122503,-0.288346415461613,-0.568587521478121,-0.491773374616777,-0.286942401810349,-0.328638272450713,-0.516391196820431,-0.546735943724834,-0.447421239250098,-0.651819354273462,-0.499482058917882,-0.386138591340637,-0.36815000201664,-0.179582974636204,-0.312754330002155,-0.0277988168849346,-0.182597836984987,-0.181648566698942,-0.229107743396164,-0.0233122135281414,-0.0551030631899634,-0.225057847546489,-0.077324608264519,-0.227802085512045,-0.0117284177930692,-0.383603455090862,-0.359214957737837,0.0368704893627439,-0.251240403570942,-0.0930277943541018,0.0896272564937114,0.298195743618056,0.216642168711834,-0.15589629633106,-0.0294503483967085,0.246463567266566,-0.132314609367868,0.562756357933157,-0.0112408218331965,-0.199684136378555,0.107813217700031,-0.12548063026912,-0.252274000523163,-0.195531920889445,0.0117860306239982,-0.347786586542758,-0.158155180476487,-0.208794590366678,-0.0808874852195962,-0.336757439590538,-0.366416985428659,0.119268518861095,0.288312522886468,-0.0926111718220667,0.126201254213958,0.0269681825523485,0.327674567946581,0.0877278152893643,0.172843622599537
0.780924545315254,0.714700967277105,0.658687644893298,0.069238242886218,0.0665118905884921,0.266226105097256,0.496292969668441,0.453565609852664,0.244242845362542,1,0.0611464017980208,0.378098728807031,0.872653087538926,-0.2038155358376,-0.0790280729102565,-0.262848921061565,-0.0965319824186166,-0.371309226881555,0.175243016662005,0.451980164618996,-0.598118281676116,-0.30034237328207,-0.0276838215783002,-0.471938870528693,-0.46905499847331,0.642130620028865,-0.164303235864625,0.424078049112594,-0.0676939827246788,-0.215240217586052,0.256185274059772,-0.132032461426241,-0.26149773617112,0.304352791115659,-0.34747691133334,0.346317321075986,0.222508491717462,0.0412433832543783,-0.0295788338854549,-0.231013043522084,-0.21132563087546,-0.277431610090956,-0.0433051637534183,-0.448837954755389,-0.405648962243615,-0.578293705111634,-0.369146558335709,0.076003718495839,-0.469075774077846,-0.245731629421457,-0.268207018055198,-0.233335293294972,-0.362800648270886,-0.392657604822293,-0.277162978435188,-0.0087826261753056,0.154291731499062,-0.121785882764476,-0.42064139928243,-0.720839365300935,-0.225039071336777,-0.0359285028355429,-0.311204456739674,-0.184244037643769,-0.134252234680869,-0.252105145788454,-0.404402855867137,-0.210205555080301,-0.380891212060387,-0.109944741147543,-0.0546457917223814,-0.516734931135587,-0.461393857869408,-0.490999531706319,-0.441978257249415,-0.477521513300596,-0.489875733658662,-0.27012394139562,-0.202017425957856,-0.692213070718447,-0.402928284375077,0.0387091931693081,0.662744554413631,0.485914245053186,0.8504011486164,0.288212761331675,0.64891656593284,0.441354679956715,0.197312402817377,0.484083317772768,0.152443641886488,0.832228290187712,0.302688326117773,0.594678042845348,-0.235827722661368,0.0098318540509442,-0.0347633613570921,-0.217797725312591,-0.108296839526682,-0.0209378665558035,0.0341498472671419,-0.629393576764443,-0.137829270318594,0.468987440181166,-0.574326063979613,0.170307639915765,-0.206480276064414,-0.0104847645722668,-0.295851586870668,-0.401027031023363,-0.207840746132334,0.443408596658142,0.0293144834642635,0.0796183156766748,-0.0031219411018281,-0.129889409529866,0.240424643177994,0.431126884555162,0.473176797088739,-0.125965569849737,0.283021452827713,-0.2270021762961,0.16104523966359,0.0810984534756817,0.236364076643248,0.0253822677402463,-0.0427626767406272,-0.149803364961818,-0.187681444466282,-0.424869921672856,-0.412169945198104,-0.128585989987807,-0.128947517513906,-0.379970087734516,-0.0796306873399538,-0.219659017445761,-0.22918066953642,-0.219402877989357,-0.17249097084814,0.0759110460831713,-0.367006091255389,-0.337933209322283,-0.0950860408884106,0.174017601257822,-0.560019596943478,-0.223307429216402,-0.462946544618268,-0.485680613948171,0.035299180942743,-0.270581363045422,-0.506670810702359,-0.286084368461671,-0.259407049185398,0.181828048716314,-0.352679887592338,-0.281819004421797,-0.0772161246996449,-0.516473304476756,-0.352115543112758,-0.321681958993882,-0.382006558754203,-0.0210780511146649,-0.124855622743826,-0.362335943413077,0.245482920071275
0.42751892411461,0.110965805157006,-0.277199970283435,0.745181555141264,0.8229512001926,0.292137441300333,-0.378165861935036,-0.104696853156839,0.829139322167065,0.0611464017980208,1,0.620634418024307,0.222370895704103,-0.149406949070185,-0.10393699861563,-0.121123992375544,0.232459905419037,-0.3419767638664,0.0924393874252829,0.439679315096229,-0.321923350474641,0.0697068184878768,-0.140887197637011,-0.435202676876158,-0.526050072597314,-0.274917908583046,-0.164152605968045,-0.330067034550362,-0.188319051102058,-0.346269175701881,-0.217553197092549,0.0580129518626919,-0.29738859799435,-0.247582361676579,-0.228276322194883,-0.151709649413689,-0.1599635464274,0.173440602317769,-0.0181713664017752,0.0521143545097414,-0.0417161952358757,0.159496642558609,-0.227471807531706,0.125757153959886,0.0482737362314737,0.10463746962711,-0.111686495338971,-0.071932132336029,0.102099277583734,-0.0859134976810018,-0.179212732342039,0.057466779457477,-0.0308036918070126,0.190133899236396,0.0581536294354419,-0.0074768575257321,-0.053648352477962,0.707013075420923,0.0901172791301554,-0.107562298504637,-0.396813876037553,-0.160637658207993,-0.143286590882932,-0.14377418929062,-0.297518125358394,-0.0005878866192822,-0.190753073269975,-0.208876244836835,-0.12172441449665,-0.400925083903079,-0.222385613829326,-0.057546909439956,-0.205805841754953,0.114765666035252,-0.186713180476608,0.0500074218961281,-0.105347454972078,0.447352636117491,-0.212645257260309,0.104851986909045,0.123744836500293,0.0543463372718703,-0.320152464094624,0.214503958492372,0.272578140120759,0.768893444555144,-0.497381364943002,0.114362040612165,0.824698385826962,0.536701057143632,0.857808055570032,-0.237302413456055,0.84224688393838,-0.186581976043046,-0.0430729788488595,-0.0197975968646015,-0.0473812356787081,-0.163008698068829,0.323204999434581,0.115897828094192,0.101526846815758,-0.297661569959945,-0.438769660001009,0.535871322154081,-0.400846605134801,0.034608588630172,-0.173596870227293,-0.411135379099737,-0.452263988536577,-0.51092635809168,-0.498047078242979,-0.189887370781359,-0.290911694355274,-0.467824707039499,-0.217210919977635,-0.501598917218749,-0.294934896046358,-0.262156491606241,-0.312066083788733,0.0264954313116103,-0.168698507254175,0.0375756822886866,-0.082154634357625,-0.0191214184373698,-0.0738705950770848,-0.116831367533716,-0.0804919069002883,-0.154438334946335,0.0890561020773917,-0.123047875216024,0.225590555041703,-0.190042419843533,-0.0843306664670274,0.176636955352615,-0.0826955433477295,-0.121773525640923,-0.0275942103036812,0.179243176417168,0.314039523766528,-0.143021034597554,0.162771781578569,0.260254619660151,0.0057777178284011,0.734650206611448,0.115778100013561,-0.0726917870186704,0.0919469036713597,-0.112033776844884,-0.0944804898461273,-0.113699808310304,0.12935509214182,-0.335491637953452,-0.270417075605907,-0.189697391819041,-0.0469876314519545,-0.206624412663897,-0.326388808964344,0.0043817797854542,0.233231933020928,-0.210635185634004,0.0795096024817173,-0.0357412247059706,0.376077380518387,0.0747424905419291,0.318083777006399
0.577226038203212,0.535767393785932,-0.188713343197109,0.687259876527118,0.680571093593436,0.730543944637426,-0.362711352270969,0.278438785378935,0.830035284603191,0.378098728807031,0.620634418024307,1,0.542293237476088,-0.125947331500333,0.0522331834707624,-0.131961467463144,0.104506535257662,-0.544417389367066,0.0444554078045618,0.365376352475785,-0.306110615123429,-0.0705413290293753,-0.367744050969683,-0.381691949385253,-0.302655485534671,-0.069643695523889,-0.388351404540297,-0.315668664729974,-0.455727134343921,-0.434667317296386,-0.360944023308844,-0.010635730144721,-0.560166993349017,-0.372330081060817,-0.381645578478497,-0.113878050305742,-0.257838405854418,-0.0766458374013383,-0.240538506161032,-0.146217112187178,-0.0948120556786996,-0.116077519704476,-0.404604832273821,0.0217939987683065,-0.0982397464239483,-0.0953829505360796,-0.311518848729607,0.0013822260116385,0.153445050240451,-0.23811689149904,-0.396898948377967,0.184315973094493,0.0857107737219606,0.28579488921001,-0.111090114390309,-0.055198160941518,0.0793117138457049,0.475804202301865,-0.0416683305008432,-0.399288660704101,-0.262069265663919,-0.25096471688774,-0.0917359380371922,-0.176304526976868,-0.169642763772011,0.0316887247308583,-0.170955570547802,-0.0756856918344267,0.0421647440507507,-0.0899528949765244,-0.333304524226677,0.113007829198009,0.0422530294339595,0.207603658247189,-0.1574607749062,0.138838717833998,-0.0476610815468834,0.353778204292078,-0.045042779329062,0.0673959999414662,0.0080995964699804,-0.0257916758019444,-0.15202122736898,0.187919022383481,0.541781263757318,0.755746878870963,-0.266719633141798,0.475937739185876,0.719651396039404,0.854389529871002,0.670693163565384,-0.000906419817576,0.781140146811079,-0.134549152579466,0.0386903727330714,0.141006033810517,-0.0340050975706072,0.0477689433905216,0.0689899618096463,-0.0222959066178395,0.0226598134495782,-0.43696349839663,-0.51102299428267,0.446180364654042,-0.268184948633361,0.156542147970027,-0.173187400160746,-0.161564154723521,-0.497894591837604,-0.404233861553965,-0.0918935851861224,-0.364934792356656,-0.583195421163472,-0.586241721738211,-0.493373459747692,-0.583659024433388,-0.493072221988021,-0.346557598304495,-0.288334747503335,-0.180350132129503,-0.406712555469244,-0.245965770195823,-0.351557242172696,-0.275870053249199,-0.18300867011105,0.0914402960939975,-0.112858251562291,-0.313980903519204,-0.12895876325144,-0.195615736059892,-0.035643746529525,-0.371852722810591,-0.425590404070353,-0.0545881744287351,-0.384291113399872,-0.0545879598341995,-0.0076376207312383,0.33520757109946,0.030141147643922,-0.382930505443906,0.032999816534929,0.273516980489832,-0.286834908708901,0.478361761008781,-0.0141370366955384,-0.239883129806658,0.0848959150737869,-0.154913895187483,-0.24202328737836,-0.278405237923643,-0.0974944819456723,-0.271970929107054,-0.208548861219532,-0.270391721273792,-0.143970254642026,-0.342648373827648,-0.502501758849624,0.0941416791958583,0.328650278297673,-0.0869353663889148,0.0625285938932505,-0.138150203942385,0.281693862290824,0.0173996025402052,0.240375585073719
0.8055411318332,0.746219724301311,0.460672589722165,0.338956575252824,0.282350795805922,0.454565795166797,0.407135293297882,0.606826144777139,0.384298982259443,0.872653087538926,0.222370895704103,0.542293237476088,1,-0.319368309593401,-0.154881163706545,-0.427848956596431,-0.130896896224123,-0.477057889591098,0.134838107750202,0.495213653677779,-0.52015718114697,-0.255141439765675,0.0248655833266577,-0.425126492069868,-0.44500763880751,0.429320207884389,-0.192522191951596,0.405638466535237,-0.136288421789545,-0.265540090330612,0.159746226790358,-0.0354117716141603,-0.213853907005355,0.198630367194249,-0.266521361745164,0.253733876096291,-0.0453930005762578,-0.0718863264277597,-0.145694834877987,-0.2616790359924,-0.0586951079439807,-0.304743780173642,-0.12545530519802,-0.299796275544233,-0.361839231775528,-0.468946170397639,-0.406909053350692,-0.0618263350366971,-0.387353101139334,-0.17879578348318,-0.262880255624083,-0.119822131373528,-0.297183656888237,-0.241096764441516,-0.157895007608554,0.077643757629935,0.177225737187222,0.0044227335182101,-0.455104370221566,-0.636042883229238,-0.229122409698673,-0.189004117135366,-0.357555024801002,-0.261354522117009,-0.249615311058023,-0.240942496307586,-0.293420850642188,-0.223153423443455,-0.237175263930878,-0.0213681149891739,-0.0611788925597068,-0.34052425986085,-0.319622799467731,-0.314582315548448,-0.353119145767094,-0.366532593645275,-0.349356325492813,-0.101161010875294,-0.190986006533433,-0.583704112632305,-0.420338795282966,0.1378591513749,0.536113364813952,0.550575861268526,0.873635091847966,0.502471412522502,0.528283492594693,0.572914812206111,0.398902296535187,0.470139758286239,0.304859939623732,0.671019945597247,0.341255966271677,0.581708738380722,-0.270091731795759,-0.122004196718636,-0.170302795090297,-0.263057397260768,-0.10525389578804,-0.120310950696148,0.0420539724844798,-0.611162888705793,-0.217631768592926,0.49147468787773,-0.558237414414722,0.295328889623591,-0.0508483323561527,-0.0058762370499886,-0.24289421647392,-0.493846817695234,-0.235673738391545,0.259371243260265,-0.199331439526875,-0.0745635179370877,-0.152789425520836,-0.195807882565434,0.0876164054038966,0.315035967126094,0.36455551636473,-0.177835985701431,0.0535864103090353,-0.44959525146546,-0.127433497450327,-0.0837165561178574,0.206121625010145,-0.0661695465222722,-0.137978183248597,-0.198531340616172,-0.247575550890385,-0.398187722254589,-0.393698438536776,-0.191704127753673,-0.288309502692406,-0.504208110530308,-0.184227854386293,-0.309250270773674,-0.322132171111958,-0.216057778221522,-0.181094217174453,-0.0922532193564099,-0.35688577240569,-0.331173011233789,-0.269670980057544,0.167662431477571,-0.587314638592162,-0.21613467879318,-0.474708517212603,-0.506067853272224,-0.0547927755293436,-0.427666797385107,-0.468595878364276,-0.408888811858694,-0.377794274315921,-0.0801392131534482,-0.526604892419587,-0.407305435327305,-0.280418251440203,-0.46331188382539,-0.259506371369895,-0.343175807083261,-0.39291087788824,-0.0985296207303982,-0.0263771383166636,-0.400468503662899,0.207916915850188
