1,0.559106694840062,0.219625205924214,0.456166145840582,0.199842751652681,0.332943102148228,0.350273613801729,0.290442984209156,0.391669471931044,0.455488536884641,0.5422373294395,0.429243052806419,0.487146233517535,0.0239862597686429,-0.0075744216588982,0.219900691293913,0.321402723915152,0.30659956687548,-0.0107994639199857,0.352273282202339,0.281518518258684,0.0524629553175477,0.337491869982338,0.445945043874646,-0.0141897806091558,-0.157522239176821,-0.19878565841503,0.0615421482869866,-0.0983257890341257,0.234089796162411,-0.375342911033378,-0.0074874771439219,0.337507175009128,0.18292838548512,-0.133045937469965,-0.307720051155981,0.257499563233184,0.157593894042799,-0.312083937873384,-0.0221822741710819,0.0534387709954765,0.224152491749831,-0.0681447774281348,0.0376550639462581,0.364915489072312,0.037789795063574,0.347828253367867,0.24586406997807,-0.351952998809937,-0.323871803390518,-0.376221660641397,-0.0462719735684687,0.158190662259073,0.117609752739168,-0.201726962223496,-0.0403882523604835,-0.11148912359347,0.40145912151634,-0.309871363245953,-0.0175332959746392,0.0758419364704786,0.0150942923195293,0.0432598191517541,0.188726428057213,-0.130159611223892,-0.213298507731821,-0.175156242105698,0.156715270955148,-0.227183472186315,0.095462639851396,-0.0455008295305033,-0.128942442859676,-0.0147267416911989,-0.0867641358175905,0.0176458180754182,-0.293038819215827,-0.0236570546440091,0.136082486597959,-0.27174489208294,-0.331260090557434,-0.252815180434559,0.0285688063590493,0.275089668095922,0.38598460191227,0.616889160814084,0.572308780082983,0.227043587431094,0.0994049250329428,0.461461479297117,0.262568727596581,0.113479293477254,0.411979508693589,0.454731783474777,0.581222347018979,-0.0784305713903526,0.0473380984412425,0.0557032383235761,0.220579814970698,0.0669555376305123,-0.0352886770948556,-0.0983115991843958,0.212910361740739,0.130192562996665,0.170277021801544,0.329407443538308,0.0240089576461134,0.133950606035726,0.040522610121281,0.347309391805308,-0.0053569705689677,0.0618598329681074,-0.0279312807394096,0.101557377995101,0.156225811943085,-0.0894999140758063,0.238758650134884,0.333252062767781,0.297687755551084,0.285741953675681,0.082005581555024,-0.0095667580097601,0.0132961624605166,0.33815626684366,0.215649015814042,0.337326176659713,0.111158745842554,-0.130280910820222,0.119273710122923,0.277172903477671,0.482517493236817,-0.0911648439653592,0.289527409051948,-0.333313184945065,-0.282778457899266,-0.208805916344429,0.187477431550036,0.0658252919990158,0.0909949021960264,-0.0031459993430481,-0.0775695711643753,0.0739454588121075,0.0190482705815197,-0.0636594766726117,0.588037767599917,-0.389145927940796,-0.176162520850956,0.0591332539245497,0.0109785226879278,-0.0053734799196454,-0.364684787855845,-0.265825841227289,-0.125946847321894,-0.101430092420266,-0.239794456531897,-0.24608441463976,0.14867273827064,0.0783582607104817,-0.0200631412016436,-0.0176634457767252,-0.117014072845311,0.0339608031821777,-0.0309609093522698,0.145563930714949,-0.324438777268134,-0.180478597771653
0.559106694840062,1,0.565135856180372,0.385974259158547,0.179369803717992,0.500022061987632,0.81492439709085,0.804638974626704,0.493924796057116,0.83644620970217,0.728388623791116,0.816542509947229,0.78208298248655,0.216758029526311,0.262742537470539,0.254198292966331,0.266193510698001,0.299712751762528,0.270236401494023,0.678546581721882,0.434888836645638,0.495692021050249,0.585749389000222,0.655369892364794,0.286280162085174,0.0257595410811939,-0.131151130194444,0.0105070159737835,0.252379346931335,0.426094223702932,-0.203463437318318,0.073406013776964,0.52208156068067,0.175924350545257,-0.0449597628028801,-0.290872634298087,0.34449423803221,0.283906141976121,-0.209514166504054,-0.174082986855702,-0.296683940454329,0.0448452094287405,-0.0963151771844399,-0.0167694687861861,0.0945126084324546,0.104203618336344,0.424354598447626,0.0062203288975971,-0.344838871686842,-0.386761826981846,-0.283919352171373,-0.069482064355554,-0.170825582136201,0.0039214462186963,-0.339232519859045,-0.238497336116091,-0.170454988230113,0.680961369623627,-0.19062537944065,-0.348046583031883,-0.0506326787095795,0.226270297679279,-0.02487486944737,0.366144950279621,0.180545998619399,-0.11518078714891,-0.188834451119317,-0.0232013967097274,-0.155533306154899,-0.0659459521154912,-0.101446504401974,-0.0468960004529466,-0.0518457515573329,-0.198248256657227,-0.274296423534823,-0.198083283116837,-0.0266538387715075,-0.122024579985005,-0.269030229187477,-0.322084057576992,-0.197132480659076,-0.255046592727408,0.419211237526176,0.0723076563637369,0.866605249660679,0.831852764231296,0.626826795816661,0.274589365486745,0.347051496101618,0.206487202551654,0.0124254399064053,0.758206966679659,0.552565530872133,0.508917529832844,0.0542703620665284,0.420287347522731,0.0890786763162872,0.276666222599522,0.237563990953284,0.113367367148732,0.327890598421561,0.382562234067472,0.517636800739671,0.532482569613743,0.550501556663356,0.467946825567545,0.479141859376473,0.461242844499555,0.667944438377237,0.411328698274911,0.415095013906199,-0.0802168781484779,0.594762466954621,0.346594832071042,-0.0494176810966499,0.396878422735233,0.433923509716742,0.303026735105656,0.0131318540520322,-0.186152289813792,-0.213394938996645,0.196029773361005,0.680985108460003,0.361323401838494,0.452070412201345,-0.203261547065507,0.0631367913279147,-0.280585368609327,0.11379165651145,0.120749606616204,0.0862657182560451,0.216033012299159,-0.296361355197215,-0.390821197681908,-0.433003552073168,-0.143494851751199,-0.450298621888712,-0.194326947817828,-0.406536630327593,-0.305078854300037,-0.138168924561376,-0.287835881726355,-0.214050112164747,0.678773781999431,-0.355828348744241,-0.361780525968014,-0.264572218189285,-0.316562655114635,-0.170523483745629,-0.353807940180073,-0.490402969191108,0.0168999596051027,-0.0743352537414797,0.08363078143725,-0.272376385510354,0.535532512537359,-0.15418596633007,-0.10224052364511,-0.176483427861611,-0.259977351032788,-0.0809938785389476,-0.308000678755522,-0.115972690465282,-0.403158959279723,-0.127778004456869
0.219625205924214,0.565135856180372,1,0.134324654463703,-0.0068086105063975,0.3997382950991,0.665181872472681,0.548307558495327,0.386907897895308,0.675293173888504,0.544319593549954,0.648368185539712,0.499571210890256,0.233143734310427,0.195506062270693,0.075722813309812,0.116645349940855,0.0923880614610455,0.0210353995518872,0.396086719623348,0.367482932941985,0.177823804650091,0.29623730325346,0.308065931931925,0.228090992464317,0.482396374352381,0.165422021497728,0.176267054116171,0.482012486804201,0.322241729483322,0.233489182356432,0.0381531751292465,0.476277344718056,0.161723037351862,0.132082814562165,0.174843543154786,0.298875828768879,0.036094410824944,0.300186851605178,0.132156402123579,-0.115098650608078,0.355673512920729,0.0607506245177319,0.0200198451463318,0.0955664840168162,0.257716344273328,0.0508906431042761,0.162531917491548,-0.143885336112362,-0.201408044161014,0.0615101635180592,-0.249345240618529,-0.0071828221941774,-0.0437516366461527,0.0618471755202532,-0.0667553772823108,0.0647155886430609,0.319516962229326,-0.220647216552864,-0.0521133852827851,-0.3635860388455,0.111850339152318,-0.272672330583559,0.102077616651485,0.102546218215514,-0.0564409392716705,-0.35602342439598,-0.260027663401272,-0.244542298727573,-0.315035252628949,-0.293585797925013,-0.132028159625821,-0.139066686042198,-0.264393281205076,-0.221269040079137,0.0220223472185406,-0.0404494467491257,-0.170749371680823,-0.271317728579121,-0.365830688891029,-0.305193104937369,-0.293903975935315,0.453406786970092,-0.259360025920676,0.55421357751258,0.498426576493897,0.793384914880044,0.0895540374342165,0.130858584189835,0.194682212072543,0.0455248179361749,0.559030306104988,0.376138925725105,0.23834433389251,-0.0565776345611873,0.179963633167166,-0.0756778284022739,0.0014111463616378,-0.0339502710533745,-0.135487362731784,0.039891850681112,0.231213341215889,0.223338865621763,0.175294844665552,0.406636382085264,0.135767200116699,0.314812224451365,0.228769716468589,0.404183626249511,0.322680941173764,0.310078555192714,0.333260079312179,0.592122186859072,0.501123983812647,0.439539109114913,0.421629781532054,0.384305902359163,0.120563049001701,-0.072178762180132,-0.317996021937565,0.254661817407604,0.0850073279964581,0.336977647817653,0.489562263693826,0.472304575648716,-0.10391371944007,0.264121776045299,-0.14665131019081,0.307074451437674,0.0553153897659627,0.138236815205562,0.191569402550124,0.114271050569676,0.0317476633757664,-0.386660738061886,-0.144345129962469,-0.368757739098353,-0.348771286344883,-0.151040280292662,-0.107230741801345,-0.289792069666361,-0.106331629891218,-0.177525734820619,0.318164851738627,-0.334473837589575,-0.173156210116382,-0.338378051265667,-0.292829070107663,-0.204919133733251,-0.288484035192241,-0.553941428241237,-0.0983441721688514,-0.215572562230938,0.0656687387466012,-0.437521678829798,0.400850349923857,-0.0415059647066578,-0.244548859369284,-0.213128148452763,-0.273521788192351,-0.0650417839321696,-0.333689956490061,-0.130114770635845,-0.375712022559621,-0.296374871321767
0.456166145840582,0.385974259158547,0.134324654463703,1,0.566395038341618,0.424065123503951,0.146345484382052,0.289203453924863,0.770474865864527,0.173224885917928,0.306230337405336,0.330540300885863,0.155964168234358,0.100819372220562,0.310223339511642,0.41178177283925,0.37666215017309,0.253300264292917,0.0579131941727522,0.304363287943313,-0.157520638873446,0.203253549337549,-0.0137031863569109,0.0707640917384603,-0.107197015699639,0.0968321840676124,-0.150950917325866,0.112258238238492,0.126534869135514,0.0394711005112777,-0.293809075961183,-0.0774618048992396,-0.0327188815489006,0.0903330826835632,-0.0152302539016834,-0.112343143742592,0.344279334629739,0.405956461512108,-0.106048801395855,0.186573093343423,-0.0133985205559369,0.0280841634424168,-0.0653977431095119,-0.384508155102261,0.176941707560044,-0.219275502725081,0.354589323169865,0.171421454227289,-0.484078041823203,-0.336464287558428,-0.186274187294606,-0.28655945070808,0.0105880318108007,-0.25458652755987,-0.137169185310492,0.108306307438843,-0.0411047298334046,0.0642489285268531,-0.382029335677502,0.0855535325779613,-0.0642664200302444,0.0893088819757182,-0.0981557227958264,0.129721954024237,-0.0665578201703147,-0.291609888904728,-0.268849415987056,-0.0292002226122468,-0.0312378581238278,-0.162653998556232,-0.0337404306873023,-0.176588407055575,-0.0665988906306849,-0.197148010181181,-0.0595149993773731,-0.418065245384129,-0.0934907989297493,0.289224116983412,-0.330233675247915,-0.263246646444627,-0.282806081809798,0.207935489085473,0.0869212561114052,0.245558357321645,0.388101498250451,0.562586539485191,0.150428545929428,0.306617940928635,0.497251774596753,0.505423511774714,0.425923533440853,0.160345438922643,0.276113360135413,0.210919406270208,0.211026757513675,0.406212040179479,0.253396824745431,0.268087745937108,-0.0625597656519677,0.260351193864211,0.0629601270942032,0.0335502894596259,0.293610988692657,0.302235196894099,0.0687848512274882,0.159467560586828,0.0713341854205366,-0.0005200954545252,0.281450150689495,-0.0961605710687747,0.0054276274169098,0.0278434180715016,0.0653263198498082,0.446326991896595,0.193880952857447,0.182620566102996,0.0044392512667839,0.103919790185024,0.0657578821299843,0.0202223308821413,-0.032645486890987,0.158278514540991,0.450288938524607,0.279215187083532,0.373514252888156,0.192328315402799,-0.0364678265546942,0.0514493023813058,0.295020818147544,0.166961485635399,-0.321597620440008,0.213675731329237,-0.140915314440638,-0.266706041570469,-0.132010179793739,-0.0727448744514555,-0.0549967663845025,-0.207757946056739,-0.151588217868019,0.173119793215444,-0.315040745530591,-0.223570559868608,-0.0336619090029585,0.464603905932466,-0.395955873664821,0.0565362242138791,-0.214353508365339,-0.0792483754851742,0.172520598091264,-0.256127283951198,-0.196521673245868,0.104535661729534,0.0109216664566682,0.245856708249005,-0.0984544740721119,0.236971286335689,-0.026604986848987,-0.22047431390126,-0.0364579685229838,-0.0669968691267908,-0.216379591837659,0.0176541255979848,0.229365218925091,-0.269174938537834,-0.171335867894876
0.199842751652681,0.179369803717992,-0.0068086105063975,0.566395038341618,1,-0.010923383851726,0.0742968990887472,0.129066352742907,0.432565130144114,0.0813063337779204,0.104739112299076,0.0478444915470581,-0.0443908805364798,0.128951430327279,0.266209737413888,0.429298728628478,0.342822074342619,0.252998760258785,0.121092968120995,0.144795326200854,-0.191597683813099,0.0893244852469468,0.0149850794548637,-0.0709698509700356,-0.0309926572164233,0.0371199559310324,-0.0339822574269187,0.199956167057399,0.0224948934948808,-0.105811459848537,-0.282888829872222,-0.0447276917604006,-0.171955649904644,0.0926529494451492,0.0381496236888043,-0.139176949009594,0.182025932095552,0.380117943260348,-0.162954469832428,0.128301715458206,-0.0610534594423183,-0.182757134491576,-0.0873762612085901,-0.439284216574638,0.113153181762905,-0.35521012424973,0.28076797270411,-0.172405196332149,-0.410887889190145,-0.18640979226041,-0.111470445429929,-0.246195649613906,-0.0414395390663769,-0.0934248179194855,-0.164076002728432,0.0927723557091498,-0.0874846447864376,0.0029110165761491,-0.299714562748056,-0.0036103848713454,-0.0589914951783861,0.167824227996784,-0.0785734726889952,0.0138049249762799,-0.103626135050853,-0.246276631627052,-0.0920799313365736,0.0372080377173464,0.0376319959588016,-0.057631031376371,-0.027482554702133,-0.141371839574206,-0.0408701077981316,-0.131809832614517,-0.0267112537742362,-0.309542454026028,-0.0815320351895085,0.429957918337622,-0.12076110192447,-0.214266248784271,-0.0886335850383411,0.339022992635737,0.0584142748315632,0.395562068487677,0.215054433021083,0.167335226499887,0.0787730681556172,-0.0315950761750943,0.40269417704938,0.144137521174882,0.404478064011131,0.0650609262294277,0.0646389242227177,0.222350060064438,0.228909700226911,0.391866548722476,0.458864067286961,0.393262954940618,0.161808760053487,0.246186723208021,0.138613033596693,-0.169199794499129,0.263525296185205,0.305201038123217,-0.110597034838282,0.0893965366807037,0.0933284668304755,-0.0129072160838263,0.0862589459922746,-0.028254478699436,0.0224159388544738,0.0618739225225207,0.0509582141187023,0.206393938281583,0.0190214269525262,0.052263773424744,-0.128724201767382,0.21543953589189,0.0538148525419981,0.236671804641657,-0.176543866581719,0.179692949135959,0.329456927650922,0.238903955154062,0.239155852964911,-0.0154453536756252,-0.012719068246669,0.0180843011414504,0.315199106646889,0.0024112404995702,-0.40454735402141,0.0963036942719505,-0.181005272870181,-0.232663427922364,0.0580571893700593,-0.0472687302513366,0.053407059455254,0.100780292058488,-0.185300138084301,0.0997023783071156,-0.177020745742999,-0.232444394968411,0.0892623774490462,0.287250585092199,-0.286071659151139,-0.0053798420481603,-0.123164215056857,0.0124576336846287,0.340501413472261,-0.106547701262102,-0.0128095308892504,0.365349330976367,0.08999854682916,0.291505585896876,0.168073891249737,0.0956745074025312,-0.181283629044111,-0.197150114106324,-0.216485587709462,0.0528121460140245,-0.187034934448011,0.223638321046149,0.367415122113343,-0.0807285067356551,0.0019970313795907
0.332943102148228,0.500022061987632,0.3997382950991,0.424065123503951,-0.010923383851726,1,0.421015368416983,0.537259027028909,0.575155901003299,0.374877087729655,0.302460315066973,0.466536214143207,0.326510784079119,0.072894858439171,0.349044616709727,0.358843191126591,0.304551197947695,0.381612014400949,0.301050276075163,0.542529861595384,0.147812823635655,0.546614468529892,0.308666900326048,0.405601263678976,0.235461378466531,0.0663717611966863,-0.0731858726771743,0.0389247149330524,0.29442179640735,0.259922440455863,-0.204340179477442,-0.0054600110750032,0.305905337749744,0.191081172706919,-0.014880575459703,-0.147946197078877,0.395484374114328,0.335109361266924,-0.169383154860631,-0.037237710767638,-0.270860389088408,-0.0429388916730493,-0.19421231924603,-0.235672028891758,-0.133092209175015,-0.181651036236537,0.334201352391548,0.268032851399022,-0.398742198258966,-0.326384036607167,-0.227008384148256,-0.247249953778105,0.111924221904168,-0.0555787473368773,-0.17193334229521,0.0284586429827669,0.0461608379318551,0.102316019251283,-0.415269594393742,-0.0348812307921802,-0.221744494580258,0.065183853525994,-0.234030005946158,0.213801109227604,0.020331959891041,-0.318555847141389,-0.344402919901214,-0.226466786541194,-0.204337985269219,-0.0987458625138324,-0.0439775289514266,-0.286775829355523,-0.0476425602877066,-0.448441657011376,-0.208620637258966,-0.377913484603433,-0.121958618760244,0.0874164580653319,-0.417261886820261,-0.475055633355107,-0.335334630904785,-0.0316165662798703,0.261589784407459,0.182186287827411,0.50383709320496,0.473795546038394,0.440414065499138,0.491930324935559,0.403918773642998,0.273644633405643,0.10074852124134,0.402205755498773,0.174478172080615,0.370724790115455,0.118964506056494,0.399297671754526,0.208872165895342,0.352119815391478,0.20624966502421,0.331824234906722,0.297565418419325,0.22888353868381,0.501141792440604,0.494744126140225,0.400596320084206,0.494297376720682,0.393636116388186,0.32881972379717,0.531281411468707,0.321222784278513,0.366089648007885,0.0251171978568118,0.343722213725505,0.394265633175077,0.182619321416473,0.451963610776412,0.157306836150537,0.223773594968956,0.0642568334373754,-0.0780658338984644,-0.143892121860292,0.11702516576152,0.420878590746434,0.32716965335783,0.377245396984687,0.052128018894916,-0.0364852033850773,-0.266066855123425,0.0340367178558441,-0.0516264523135386,-0.214875105389938,0.0740519260840986,-0.263928769021465,-0.350681785568781,-0.243184391074717,-0.189529754376932,-0.186977508237999,-0.214799934234913,-0.297198803959483,0.0533917490925134,-0.175499377571734,-0.288968503279074,-0.0187679918560061,0.363776139707347,-0.565745589576316,-0.205655764506871,-0.39488383952685,-0.195533311917872,-0.0017523577216611,-0.355356083154751,-0.373319208992844,-0.0871105626910073,-0.108064945303685,0.0890980435464245,-0.287008878135964,0.363806897803987,-0.178451872892905,-0.347657648774332,-0.135789052067157,-0.245748979247485,-0.324226878220333,-0.0937723936216584,0.0419745816111033,-0.379278589353359,-0.188285477756862
0.350273613801729,0.81492439709085,0.665181872472681,0.146345484382052,0.0742968990887472,0.421015368416983,1,0.766506659048172,0.318516587845119,0.899384429297879,0.610953887896539,0.831967843735049,0.816172489785576,0.0220725381785954,0.0877167052536892,0.145396915389259,0.168759720033534,0.37391628283876,0.212944448386129,0.575272718446536,0.603737137880506,0.505032123291169,0.742244806165351,0.698290724124247,0.479381625957677,-0.0759895956703157,-0.208329028098306,-0.154271789824851,0.306977739594843,0.521257648613839,-0.222857253579794,0.0711248252759411,0.636038008725797,0.131621074953525,-0.0590270543804059,-0.389916330988593,0.282737139868751,0.203552168767613,-0.210307723664079,-0.243565056307951,-0.420248802782939,0.11041416334171,-0.17148071834264,0.0989822036306636,0.0293646764580983,0.168307872432067,0.376900438232419,-0.0989986818369057,-0.343830563126293,-0.456843086496792,-0.381267120072461,-0.0318536149026598,-0.330988504316885,-0.0095661544192071,-0.454028914598402,-0.411108812204292,-0.209044123659714,0.687413424163601,-0.170647039098479,-0.508147424653648,-0.0495464105869665,0.335794924652755,-0.0410991191911389,0.482438653150034,0.367899621686656,0.0546008090187258,-0.160832096475249,-0.0571352640956766,-0.197076380954168,-0.0272338391218581,-0.090849054954726,0.0178224444905078,-0.0380543474067894,-0.20420926250509,-0.259686182228306,-0.114392218045415,-0.11113372517558,-0.189003841124255,-0.224645267631351,-0.307745377721985,-0.188636012293304,-0.362397550662485,0.386478494350377,-0.0642120517254327,0.697635778278196,0.607292359151447,0.771338416866082,0.0459901048735767,0.188053181430011,0.0261088194322063,-0.111680372416673,0.861767583548278,0.443814257890693,0.459204862678548,-0.165949525159266,0.280464273876987,0.0068836512074177,0.20500518961323,0.205749853875723,0.0507612598226633,0.339861845424394,0.289243118057893,0.534482432133813,0.440559174631189,0.627251800266356,0.448848476926532,0.680670013866767,0.56095297449681,0.671626189278097,0.585856853070437,0.576409880524313,-0.152117783292631,0.793522943466783,0.311394133469114,-0.0715200808124145,0.564055737958726,0.47252769958415,0.223406308928997,-0.140639999557858,-0.305557370905935,-0.218347173848466,0.243076245716188,0.697173164155954,0.32583316406406,0.382977885250847,-0.325815560784672,-0.0155910147828384,-0.451368159684246,0.0703919449531585,-0.0096230584682628,0.114694406304676,0.119092874571796,-0.313905638689379,-0.42664293093463,-0.535416277679596,-0.253915258998096,-0.612013590347111,-0.276940770129343,-0.565622589769988,-0.503453926004153,-0.197840885838339,-0.382384354125702,-0.35463550368555,0.567195343423242,-0.377178975450937,-0.459017664274939,-0.352667840704127,-0.446409463667932,-0.20629995969884,-0.281206770018899,-0.528364692890743,0.0513472405181973,-0.0282660127720654,-0.0006960093340289,-0.417131050627261,0.554571765500365,-0.271141823302684,-0.180327171824799,-0.194362976141221,-0.331979332978383,-0.151354464708412,-0.380585533410161,-0.151320234633009,-0.393550277315834,-0.158701738385769
0.290442984209156,0.804638974626704,0.548307558495327,0.289203453924863,0.129066352742907,0.537259027028909,0.766506659048172,1,0.351893323877769,0.743923729898363,0.522432402293525,0.789636754064958,0.722495248554103,0.169653711969682,0.264030407230457,0.299033843982363,0.265713095420024,0.381551949687739,0.321809605594142,0.605298658909956,0.493498361065965,0.542311958483808,0.569318363665856,0.492983035512942,0.365869843632384,-0.0246959740086422,-0.0981179602859364,-0.157104989867622,0.388248281672531,0.391708526380203,-0.250523051811481,-0.0954398130238454,0.440177213805228,-0.0541343504479432,-0.193177022737289,-0.276930727617609,0.379978275921829,0.370819978373166,-0.112722046456978,-0.135321787138186,-0.34872096230768,0.0439796775309938,-0.123241143647184,-0.17325384584499,-0.0333734210761514,0.0726215119535405,0.31966282134671,0.0736104987493438,-0.367809437942998,-0.406045763338271,-0.257495447833895,-0.238602946254035,-0.277344290914964,-0.204872862134503,-0.383686446128156,-0.298991077234969,-0.280077120055555,0.41571303415237,-0.183196318730989,-0.45530453945107,-0.187206444773912,0.218003325640311,-0.123571519616567,0.45277117243932,0.168189545452097,-0.0974273173253013,-0.318682080834835,-0.175085849626817,-0.278576516935206,-0.124991279378932,-0.155990961764438,-0.178910592434813,-0.186534227832443,-0.363334238144232,-0.431333495547462,-0.34173268713363,-0.298431239131876,-0.241464180877764,-0.398821903717391,-0.336921335459163,-0.295858747926351,-0.323193308063968,0.331708275501042,-0.0761956803806204,0.789885250135446,0.651591745977329,0.578886381952646,0.213992038039943,0.244973239053938,0.0558969146266768,-0.0761636821506993,0.666325886338849,0.53337625404226,0.280296687765817,-0.025095019877392,0.447241275857857,0.156353362083441,0.361813213931822,0.233377509969233,0.252884071190561,0.396406935824937,0.38005880199095,0.619811420265662,0.466771128860187,0.508428043759398,0.450739939987676,0.49223846025654,0.510441947364942,0.513520831702907,0.502655581053811,0.530137669157267,-0.128163527230023,0.65154691900416,0.459914149171363,0.074534536040208,0.424012950816232,0.273146518839146,0.205093972503861,-0.13637208434433,-0.269727039457663,-0.119321864828288,0.257767276177242,0.709003307121343,0.369837475529899,0.34317830909174,-0.0731935781408571,0.0889383486036261,-0.373816902638758,0.101795619439099,-0.0454254814865521,0.0514287243681678,0.032308797444373,-0.221474543158592,-0.268549276217371,-0.366892806456267,-0.371353011031827,-0.516871593986576,-0.341282974159493,-0.407035793942028,-0.219707542551645,-0.333526472134944,-0.310572485909146,-0.280991166452244,0.617616572132471,-0.375737856017226,-0.33346763853832,-0.420112434871065,-0.475277163776498,-0.163740266455173,-0.322353392759289,-0.490982774754244,-0.0883894524229402,-0.136697747634884,0.0858303648100889,-0.273868092650977,0.569320386976083,-0.277370328013488,-0.292620022632009,-0.299531265533458,-0.410220205362694,-0.23377375442411,-0.370041842066063,-0.114209019966441,-0.375117930948237,-0.165904118167602
0.391669471931044,0.493924796057116,0.386907897895308,0.770474865864527,0.432565130144114,0.575155901003299,0.318516587845119,0.351893323877769,1,0.337440867287942,0.408981380770345,0.418186612658855,0.220946053234654,0.249927645060852,0.530495682284081,0.546864172075328,0.468103795900977,0.268221619311007,0.263624115350952,0.43713941635973,-0.0296641662756056,0.346879173475686,0.0507050094634671,0.169645774072196,0.0396086196514164,0.337364961565631,-0.0941397342689922,0.162901196569892,0.19657222591679,0.0046083590072765,-0.233258167410319,0.0104738235376128,0.0642535756450801,0.101252440416623,0.088128885048585,-0.0711842738712748,0.43444048156401,0.326703416293542,-0.0698159988578532,0.291814917883041,-0.0284998674758684,0.102439830451003,-0.105906153851079,-0.448878388732147,0.0516720409652376,-0.106059576608142,0.239937271134059,0.258580986858301,-0.490026450566787,-0.449047595561954,-0.181623968545514,-0.271277571116799,0.0898063432520862,-0.255859454303628,-0.0855566929796044,0.0409013429923009,-0.107158132399715,0.1567893293012,-0.523365337040795,0.15224135927939,-0.18197255571439,0.083675030720488,-0.274186671242845,0.0068310422201787,-0.0868491622079021,-0.428607061260903,-0.379685750492916,-0.122852556220825,0.0108740741827226,-0.207784372453808,-0.0867861980011709,-0.191292555454835,-0.121214758057226,-0.24148277965521,-0.173794573788718,-0.376956531116332,-0.0151398643381247,0.388606849403232,-0.39650395501155,-0.411721091176105,-0.348379901369629,0.236897670188725,0.374193140811437,0.291271913562436,0.506037371240978,0.607653801361366,0.410649487731726,0.338228317660521,0.627958115763259,0.693490807947826,0.634127641779807,0.347667772371556,0.269770440582976,0.401256806364312,0.353446019959598,0.502308695809313,0.414308685513451,0.40985453566137,0.248854351530974,0.388914631609645,0.182092139069459,0.239017914976463,0.331166428286055,0.475668051760728,0.263129690104265,0.325300547921593,0.215598778609507,0.110435490944225,0.434574009081708,0.0768688697915971,0.112970452658205,0.215875727054015,0.288974608495461,0.512445157526374,0.212498687938703,0.260704986940295,0.101497191704242,0.23725241605222,0.0668675681783465,0.017842227468022,-0.0550877532509525,0.239234550519242,0.520646172431304,0.410460066243353,0.439514413390901,0.158668254105677,0.059368177886074,-0.0023853337540892,0.391264477843132,0.14407858324094,-0.281200392327791,0.19581757528167,-0.184056472772802,-0.331599833335604,-0.193653240183547,-0.106104018998673,-0.095345119107658,-0.219315544526728,-0.231078315453819,0.121377747068561,-0.393865494877925,-0.321366892118971,-0.0722399337515805,0.502187225707939,-0.52985796608202,-0.0229054027947643,-0.289104090499228,-0.208259965253491,0.212074787679212,-0.282268907531595,-0.320907445868321,0.183470633658762,-0.0931575143532673,0.291001599157212,-0.160650535842607,0.265154219826835,-0.0642884867670773,-0.291752076823375,-0.0211032163964637,-0.1427357901127,-0.292887933144827,-0.0050635442338411,0.313639671938737,-0.368050359929157,-0.160778718393987
0.455488536884641,0.83644620970217,0.675293173888504,0.173224885917928,0.0813063337779204,0.374877087729655,0.899384429297879,0.743923729898363,0.337440867287942,1,0.647598550807062,0.842401863361399,0.874893701480517,0.052640118740944,0.0569254599631192,0.0775870729679072,0.162685479993357,0.24992520442475,0.150075152459946,0.549250718358916,0.6450512212065,0.385524396540265,0.721873384984294,0.707668495479173,0.407772966407607,-0.0770742978523257,-0.206936574057015,-0.127526523450137,0.276588383034213,0.517073562088052,-0.184775660374636,0.0368182079319476,0.685429855465163,0.0721906109064637,-0.0815757347155845,-0.312539836028445,0.270488710837316,0.138540519783344,-0.158183833368326,-0.233910569006297,-0.263350908050142,0.117912788635003,-0.0806556513385792,0.177896615013143,0.196455387618254,0.265313222456529,0.336692170145982,-0.0765788805662138,-0.29957244901233,-0.462180891013115,-0.334820090564064,0.0860692766410778,-0.248734857539439,0.063783068766488,-0.366962646836674,-0.407363970522996,-0.214594505695489,0.749011322299475,-0.0583407853799749,-0.426686392589809,-0.0218909211035053,0.209223107169348,0.0147617129550713,0.34326863274394,0.224580040234903,0.0633242815691551,-0.134660733897506,0.0875323350651932,-0.112553655948147,-0.015814988884331,-0.0786397167538983,0.123170328864476,0.029838850331401,-0.0070368165040803,-0.130989544859218,-0.0835561643803134,-0.028940320408428,-0.199916621920105,-0.145777769531149,-0.213373672769623,-0.19377243936412,-0.394698818721477,0.263229506001256,-0.141608314365134,0.698074948470267,0.651328296703233,0.742775173391965,0.116544695406467,0.127850999232739,0.132328651782205,-0.0359319158801313,0.868670496079019,0.507069207067379,0.436401496767271,-0.0822525822219533,0.216394205127539,-0.069183216713157,0.140500351652625,0.167972810471655,-0.0792941835018734,0.240495141362527,0.411486422679472,0.434456919200801,0.378775993812972,0.608843030269656,0.3763617246335,0.517229739778661,0.428526225080842,0.624415154831022,0.493416718505265,0.476001264118221,-0.190470440777824,0.653093805256081,0.287791819406354,-0.0947169985631378,0.471843904150921,0.44750855486791,0.162191830410624,-0.110980304629125,-0.343759705774086,-0.158760592317881,0.134738347833791,0.635710536579977,0.337841490013663,0.419558219150182,-0.28001556439252,0.0526630059077334,-0.264972436734336,0.0964435085975078,0.159623052942648,0.182711824524627,0.230153148084094,-0.244274538020293,-0.39852001546733,-0.608250302774208,-0.0571783406577784,-0.512016959446943,-0.18025269662327,-0.398529173178315,-0.487573484649109,-0.0896034006105273,-0.242174330272906,-0.341352115218912,0.557976703227596,-0.260715632391443,-0.412670049091937,-0.135283353476474,-0.305021298762242,-0.31584414495372,-0.367944194277164,-0.585430708441193,-0.0135692216452189,-0.0616000660663326,-0.0886909907719789,-0.419301250040956,0.470877031045604,-0.10215286195389,-0.0043409250930098,-0.0905731372224695,-0.240992974042643,0.0051592501594478,-0.426692458365336,-0.211068474975,-0.393785023715373,-0.20606222578212
0.5422373294395,0.728388623791116,0.544319593549954,0.306230337405336,0.104739112299076,0.302460315066973,0.610953887896539,0.522432402293525,0.408981380770345,0.647598550807062,1,0.71561047301377,0.643526681719617,-0.0866358397999125,0.0969453958414559,0.0703654955043812,0.0526413609440854,0.0379650965063937,0.0863225007846088,0.470775602992577,0.328923757452561,0.164246092941324,0.297515785309943,0.366368102241705,0.0410682001203496,0.0368225411638777,-0.145278093603204,-0.0407735208678672,0.22285557334371,0.291730793075171,-0.0419452381869404,0.0853645384512559,0.472296982470131,0.16825588294088,-0.0110826736950912,-0.11742132467562,0.122922297339105,0.131777581832566,0.0019089714532407,-0.0349978403398751,-0.0763276922306243,0.212224898686872,0.0800500699690476,0.154439243439982,0.320785153043401,0.333085860189201,0.216064681370836,-0.0002918110393867,-0.220796705426875,-0.246814519771351,-0.160334095137823,-0.0602228785679554,-0.200146679777155,0.056370860727136,-0.213868318914369,-0.240910072532192,-0.170168990474184,0.686287674501335,-0.0995469703810131,-0.103141966870869,-0.1032672003979,0.113959787841679,0.065234034703009,0.194478967265001,0.123220403732817,0.0210187397895065,-0.154688040639091,0.0618633835278294,-0.137767759014249,-0.0435915086106546,-0.0919880886303391,0.0855845102340328,-0.119404193336868,-0.0350731849940293,-0.151724225405129,-0.102169601768307,-0.0149309367302125,-0.152419773860905,-0.168671316644639,-0.25018375176503,-0.105971592934147,-0.311651349024458,0.293626838328141,-0.0459908824033095,0.640575683483583,0.616472970183511,0.5379727175964,-0.147979102480266,0.315267922693213,0.0435188656085082,-0.0153904825126362,0.634599837004333,0.476521186944071,0.390152643443671,-0.112126401164625,0.148468256051567,-0.100566112654966,-0.008597429328101,-0.0623137755360221,-0.13134274416258,0.0883712539579181,0.394567592090515,0.306890218005596,0.325926728524934,0.486926350294524,0.201644436445576,0.251803385135634,0.191244944045262,0.508220224462386,0.126668116231216,0.190847492673506,0.0298997206981343,0.476344645916755,0.401503388562117,0.11309404040534,0.415655010907105,0.554556511612767,0.195224248774835,-0.0196013817675151,-0.27801592004064,0.0919438657508507,0.121028953567123,0.418052010538527,0.266039459990911,0.377649940416074,-0.309808013490088,0.011466660092237,-0.0841804830106837,0.209308790272632,0.341208437136609,0.225973971317332,0.260529962899911,-0.0374190542151504,-0.124696740396877,-0.347508889379161,0.0208433902918016,-0.469682242986948,-0.213919450664521,-0.18508586015823,-0.255582817350916,-0.204548976125517,-0.0717792641665085,-0.262175328279841,0.544524260380665,-0.209146936598178,-0.0625135775177719,-0.0755073436501583,-0.265794739369756,-0.295001090099518,-0.282342578541401,-0.468824209554762,-0.0356071732153464,-0.0867024270630597,-0.017657283355358,-0.306259572390007,0.340946462239412,-0.0009108683343917,0.0197443522470143,0.0803141552337105,-0.239339310446889,0.0299462232953728,-0.399271870903423,-0.14090599831461,-0.366143962529609,-0.149126705950623
0.429243052806419,0.816542509947229,0.648368185539712,0.330540300885863,0.0478444915470581,0.466536214143207,0.831967843735049,0.789636754064958,0.418186612658855,0.842401863361399,0.71561047301377,1,0.922745395562062,-0.0820011090846213,0.0841926904358472,0.125136093806999,0.183270282916638,0.22765499418449,0.174486173635834,0.502393771178152,0.541553655421849,0.37106722537623,0.604022759592928,0.59516959981773,0.326461496950965,-0.0536876566070593,-0.239139397764554,-0.251293080060459,0.279311628526833,0.429783776363911,-0.279751934317672,-0.198847621298998,0.561204236013418,-0.0881613236769902,-0.234442392447825,-0.316873417209612,0.299538886838833,0.190185551881408,-0.134754334303601,-0.206923627989272,-0.340524674279962,0.14734835140167,-0.0878655457973559,0.0733116481538993,0.0965664341891256,0.13202866986129,0.29899644063609,-0.0929383252612913,-0.352860276609794,-0.504331768427932,-0.374562987181646,-0.0257280717175306,-0.241587678503219,-0.0447751868134967,-0.387468326129638,-0.363081135480334,-0.228392716645114,0.639833751874359,-0.156378274576908,-0.49486634258381,-0.0236339079325968,0.245486763696859,0.115186581997968,0.400430727928297,0.306303756941234,0.0387115785931597,-0.148651039110199,-0.0095128897844573,-0.154724901098379,-0.0505465860154725,-0.0360577393868032,0.0704104716410311,0.115987854606518,-0.180846118310059,-0.145082375429865,-0.206192139742887,-0.131274134958848,-0.335202756417071,-0.264077029155822,-0.300629476597195,-0.30638365922768,-0.441584086325194,0.20294947095544,-0.184831997972665,0.741939002848658,0.72305079944968,0.675735658266618,-0.001432334215652,0.182899950997847,0.188043304211572,-0.0141886234748224,0.80558484145724,0.687529925938233,0.335558989228868,-0.110749787419868,0.267659818430929,-0.0556377256638912,0.117306095437956,0.0620981462116781,0.018591273209565,0.242618589922572,0.388137686566054,0.447364341332486,0.33645779038521,0.534068632916389,0.304939240391935,0.430587523134842,0.392105071649743,0.553262942454536,0.405243797226422,0.435232459385233,-0.150619573667744,0.617988855054322,0.417486305204551,-0.0282525751741832,0.475079223476512,0.514287037456898,0.138463912184492,-0.229081125062695,-0.44340331659405,-0.0932539580976287,0.158480021409662,0.675034742809728,0.319346890548263,0.39356344858544,-0.268475577481488,0.0448762543164893,-0.384976580102384,0.108159316346849,0.134026951256487,0.0387545967126113,0.0909936711246782,-0.230581828664219,-0.383461003427072,-0.602291981880756,-0.243359066161526,-0.566404100761811,-0.357521170032717,-0.412970389668385,-0.38944734180063,-0.257022941040519,-0.311914939147106,-0.396999740392021,0.671674315968123,-0.33428498705806,-0.460809212719496,-0.294435334479973,-0.322289532643066,-0.345698162579227,-0.384887250678784,-0.594376192061857,-0.0144044268843535,-0.0044468093647602,-0.058764908190848,-0.435961778484876,0.559767661943775,-0.135365557281554,-0.121975402646431,-0.115621153233072,-0.207354573616964,-0.143850340610761,-0.462800755221683,-0.277915932696419,-0.4443157641266,-0.298301611822978
0.487146233517535,0.78208298248655,0.499571210890256,0.155964168234358,-0.0443908805364798,0.326510784079119,0.816172489785576,0.722495248554103,0.220946053234654,0.874893701480517,0.643526681719617,0.922745395562062,1,-0.109139947897325,0.0013543456679084,0.0315076127421404,0.164077527136652,0.227975064468151,0.124720105216351,0.45304144202792,0.64940694039967,0.309626008375168,0.703138925785922,0.687882407779496,0.365739717866869,-0.270687913703075,-0.349396506270346,-0.308298153850315,0.178828665128158,0.505437782262059,-0.318649029623551,-0.170936902903659,0.610984663618153,-0.0614337116997702,-0.260515855091217,-0.396896233232498,0.241867743254365,0.133224298024164,-0.225730391707883,-0.345901006158529,-0.308366927339099,0.146697382525405,-0.0337764215767093,0.262318689108564,0.19963713973359,0.200212125195147,0.353757601050419,-0.177087172466058,-0.321534742308929,-0.508030633188133,-0.431460109829647,0.117678604110718,-0.301455371251527,0.0781609514647806,-0.469253848727553,-0.446161463765266,-0.260460807062965,0.729728375465961,-0.0255875462636434,-0.584445868244849,0.093370727894408,0.246172229648435,0.2228468425091,0.426792738444333,0.299396034293521,0.126243681801551,-0.0482323571805265,0.14397449955682,-0.130964534683892,0.110365495982175,0.057163866590059,0.174410924003351,0.153577139795969,0.0009041169666851,-0.0844769477132224,-0.152732439511983,-0.0855451634534885,-0.358937425596021,-0.161941549113053,-0.218321707575003,-0.232335539721715,-0.466948661551335,0.117377735559788,-0.155423701311703,0.672987324300532,0.65018810617109,0.571549843420849,-0.0618685256779327,0.0785571503190118,0.0324146571225411,-0.161977139337828,0.823968138473196,0.621517575469248,0.38139762807526,-0.137419851783407,0.173811079710698,-0.0912458078813169,0.0970750866012766,0.149205617280757,-0.0790881540965962,0.183549963362046,0.421682988460575,0.387987595413914,0.263889794220815,0.54932169074047,0.275298675402605,0.393218497891311,0.384794563214388,0.496400739621906,0.417361502838131,0.428268613086774,-0.314637367383432,0.518925955673377,0.229491811658398,-0.216778399812206,0.409953065014467,0.513812919531342,0.157233168108712,-0.166689297259313,-0.430269898868007,-0.172270969219776,0.0770859886717853,0.619332508200678,0.222499635665241,0.299609088307292,-0.337656662253721,0.0019160852497787,-0.356992775415626,0.0435440727795837,0.205788766189335,0.109553814734798,0.119009957497128,-0.294230797666903,-0.436570062642248,-0.607434089902961,-0.123222352630376,-0.548133416863129,-0.227501589184544,-0.413682693695065,-0.5012990514654,-0.108900637322054,-0.257321508024897,-0.433147774562391,0.602688741050993,-0.238844452413453,-0.536781476973044,-0.123302182094017,-0.296786288967135,-0.427118628858717,-0.404419265758845,-0.593080029522978,-0.0484842989111978,-0.0169807411768236,-0.192561600518429,-0.411504599104689,0.473243690726581,-0.0997553093456374,0.0090510489039732,-0.0677280788141326,-0.195140833035505,-0.0222667841817158,-0.473033551472126,-0.3395901784386,-0.395814111674765,-0.255353297135398
