1,0.562142221444555,0.556750227797721,0.645422475899309,0.518563964352661,0.46575978818565,0.275659370219348,0.517454253072735,0.56106632329293,0.801611120192961,0.63100818850324,0.659680056197173,0.710505019008083,0.0861304556961284,0.278310806994121,0.0759848054206237,0.313170442753691,-0.126082743040606,-0.210062749853011,0.179848549131581,0.275270663199175,-0.243091541091731,-0.0522587493280151,0.0377543943099467,0.0039166963843756,0.676529346093293,0.0037807322907957,0.691544174815466,0.361285679263463,-0.214877126549708,0.441945859273204,-0.210785677883372,0.255352420179558,0.429313493650046,0.132989292734985,0.281401195211497,0.277780258099986,0.387175346427791,0.145300861867871,0.353661067094763,-0.0741402275527597,0.34802613588713,0.367852242532415,0.0608211041804825,-0.0254208808089267,0.57459318683861,-0.0248862859150205,0.0236600246009216,-0.605873753703818,-0.454249702639006,0.164508038834597,-0.38479708596371,-0.512087239639174,-0.582158147402763,0.0156469729716347,-0.291030234425226,-0.496131212196982,0.231126604983166,-0.327711331847529,-0.0729465839861581,-0.598525999692669,-0.277303894278179,-0.567207216102315,-0.592960766453794,-0.484734003279388,-0.61268246327394,-0.606688803374988,-0.459355015269986,-0.250337862914793,-0.455907235444078,-0.432059887572509,-0.451542844483117,-0.422427537657975,-0.384162764937632,-0.657673509880833,-0.457721872147295,-0.442570984935293,-0.0024700588347904,-0.490689366712896,-0.483447111506862,-0.57052706102889,0.6082582819968,0.542748520392635,0.674733442758712,0.532451654197619,0.69491468602412,0.441434943750491,0.276203618194753,0.440571628533505,0.570847839592529,0.518918687747202,0.689201531597236,0.555238243756127,0.69286557431417,0.0733235214810296,0.0096554140502085,-0.0715128843904377,-0.168563804537513,0.261953071514734,0.0034429266627217,-0.128281329329025,0.324634356920058,-0.0008195855324141,0.590656975486954,0.351194593189156,-0.0595054025641862,0.118715998354697,0.186698626818285,0.292363661088755,0.277008363346274,0.0385561978862586,0.534550713066921,0.0850157596859684,0.242074586793024,0.249886862812219,-0.11243142979358,0.407455059984924,0.771201263935022,0.380387310848879,-0.493288396117432,0.230696941149475,-0.284974922693642,0.216008809628925,0.439206541473844,-0.117375010851329,0.133941349311218,0.110839808470338,0.244364427243083,0.428940855906722,0.262824867367166,0.509549723531108,-0.215008450016397,0.281104838331624,-0.260621837017231,-0.162760243188706,-0.47023428344413,-0.536985643945485,-0.613682245754363,-0.095502229265481,-0.0239161404800143,-0.134294619774037,-0.318389478397981,-0.457770135022802,0.104516420638804,-0.482604364032628,-0.0369330563998626,-0.414801648839118,-0.634234756001646,-0.115805302410387,-0.61187722373693,-0.693555132395582,-0.600355180874012,-0.638184850638152,-0.399313655485882,-0.604011446016926,-0.473756847085066,-0.390643938940997,-0.551188632502067,-0.258979587212258,-0.626450853985087,-0.477346474919413,-0.541373281656484,0.315607729322347,-0.521554249041422,-0.344123080250785
0.562142221444555,1,0.189940542901546,0.700094675252561,0.50251212468099,0.859801361778902,0.0115487985657533,0.78420786986493,0.670118674113985,0.562877923944609,0.575413130392826,0.539246837574715,0.709520365008753,-0.287094066308676,0.0497383480247329,-0.0966107263303129,-0.102259143957596,-0.137273387179528,-0.496000008937346,-0.219102338875212,-0.0131832357821854,-0.152089690845606,-0.137373800235736,-0.079569059991346,0.0264814132937646,0.370687678140988,-0.214775876570183,0.439944419848075,-0.013116850947247,-0.115179137644579,0.290916888199901,-0.159616795216274,0.0884127990035062,0.16472757605697,-0.153039402264084,0.0932562159582783,-0.263076909158241,-0.199678307115884,-0.402220045466214,-0.224529862949561,-0.294003412141099,-0.0418791876984421,-0.236886426240945,-0.236821958851349,-0.265771350663548,-0.0164345967798276,-0.284459507859702,-0.146223030549276,-0.336840497962193,-0.201481456281931,-0.0931038213970698,-0.378068727904569,-0.427371660674778,-0.483804508102347,-0.41810763120595,-0.257478579535816,-0.272076693434428,0.250292857686174,-0.39000030854,-0.314068984380917,-0.354686730767291,-0.106236945528443,-0.407086546020177,-0.341647350547402,-0.199218720342594,-0.336124951127083,-0.285114218814816,-0.284407396778552,-0.105936576251798,-0.383927007883017,-0.467880029949543,-0.252230586835907,-0.329844482580178,-0.369316669777488,-0.486532799052853,-0.34188451343301,-0.346723249570173,0.166178172333045,-0.146290050722277,-0.259293700833178,-0.254462910536437,0.580357149399457,0.281470729968291,0.619491785974358,0.849447698145568,0.744585772534349,0.259831112701494,0.828183848401573,0.492665125098457,0.794854630923506,0.545618998294525,0.522535448487643,0.569062884885811,0.605215184840048,-0.215755798354103,-0.273826812515511,-0.386025988970307,-0.253934539243825,-0.109284665634214,-0.266130728062851,-0.504718248755394,-0.141550182767001,-0.1328640607794,0.167786762574223,-0.0908004142425356,-0.317492707854639,-0.163651771072688,-0.230759143080506,-0.0408944470837576,-0.109209759049399,-0.150484895402532,0.077013043038117,-0.159345295369226,-0.247019693375816,-0.0289515069193012,-0.0987070733442375,0.253800746366686,0.390694237188958,0.0333492809952986,-0.115610134170683,-0.177010940148714,-0.145540152821358,-0.20093096715912,-0.0556515524979164,-0.275074204305489,-0.276286375660674,-0.407721186787316,-0.1234602258937,-0.124595827128912,-0.127524024171357,0.0809212067365899,-0.460166615489132,-0.321777641749078,-0.372680829972711,0.147588387698555,-0.259507155430685,-0.343676348476127,-0.244241436835324,-0.470552943515804,-0.119394727184931,-0.339005865590747,-0.200310133019331,-0.19983579356099,0.192033013515968,-0.37212770923098,-0.100077659498167,-0.41125647060223,-0.388262431700775,0.0016958735736621,-0.329766244800343,-0.308532743543935,-0.273572504990094,-0.261827254032781,-0.23414683386761,-0.349139726699446,-0.446295007295342,-0.453239028700977,-0.263263221706452,-0.215168035707959,-0.325113249970015,-0.182891893423548,-0.0494185918231306,0.467555123429527,-0.182553977337268,-0.0094314149175868
0.556750227797721,0.189940542901546,1,0.465604301073474,0.420085163355888,0.249071429096928,0.153466846232866,0.290154842920791,0.398903800671934,0.755250439521869,0.389544302072458,0.534382148012598,0.469827448881873,-0.0040184495721524,0.0547174823084041,0.192521677540727,0.334505174110271,0.07842263691341,-0.255646775030717,0.236200391323682,0.506627721384801,0.092224037819355,0.389377439102151,0.480132087085393,0.012198633752889,0.647618655445297,-0.300412498740058,0.636664749859743,0.70857859827081,0.372614062159054,0.671623012623219,-0.030019305740979,0.636002234263493,0.531557713175598,0.541415672575918,0.151275378731166,0.330169089237536,0.50832813211656,0.246620819287817,0.420452621309188,0.0712293465273165,0.57627588905233,0.536472688927781,0.565333247257785,0.260831593388631,0.554358709372219,0.296829067455447,-0.398729982250536,-0.533249011799695,-0.404651593687371,0.519644914994603,-0.297893561804875,-0.664884187397954,-0.372554920038808,0.303083943552331,-0.471758706514788,-0.661746818854744,0.0417374056087256,-0.284030119030873,0.0335622894964245,-0.683367178085761,-0.548700287774345,-0.642262647291714,-0.653874290637029,-0.699886603609264,-0.702876750000524,-0.688919298050988,-0.582421886599618,-0.487671962588778,-0.643056116520906,-0.473362358048883,-0.441674859571978,-0.550645934617936,-0.247187026512473,-0.73172753220296,-0.468559153614796,-0.440610720676246,-0.328806403321691,-0.704313159029032,-0.70725694395806,-0.679946598909435,0.33707612724879,0.439961871434188,0.387719999591915,0.277397884178923,0.518650501182749,0.580407576713003,-0.0144689533332437,0.248795670685714,0.38098583276874,0.491556543705976,0.439813218858255,0.512210361716078,0.50142765917138,-0.0777157187054937,-0.120561832016047,-0.0675376059969033,-0.0261736792193649,0.268195173181483,-0.0920798850217752,-0.182740437776553,0.442281241637389,0.414183047577219,0.379809959355115,0.494869680102755,-0.242472599324424,0.482299788146491,0.383783586509827,0.68275359798499,0.410683835292036,0.163122839515338,0.714650496509956,0.0032356532056043,0.418628731108393,0.609595542048587,0.367710592398558,0.681674653216326,0.760028130185366,0.553528862645968,-0.45494167558205,0.159202856159174,-0.571682101245413,-0.0075174705355889,0.533974500461051,-0.20289283568825,-0.140902879581921,0.164199208195293,0.357777062445502,0.435708294206516,0.504337878374125,0.542856788118265,-0.0626667333795807,0.412393404924553,0.0180947266514672,-0.114508483551866,-0.303420563570748,-0.461003797791012,-0.591138979239874,0.0274505859513743,-0.443382672165045,0.201703853085389,-0.168393081654339,-0.590317252886916,-0.0068773775223304,-0.402225811395301,0.123654764844456,-0.115239498579058,-0.651194995309137,-0.110573960546536,-0.722848487387912,-0.612796728407954,-0.716117756588048,-0.605021949783766,-0.62866969068238,-0.653058047174183,-0.339473294544026,-0.509222042056888,-0.487849022338244,-0.14884551132685,-0.664728371604455,-0.381552556588102,-0.677111463641175,-0.0046065521755605,-0.696584672898644,-0.545091616683435
0.645422475899309,0.700094675252561,0.465604301073474,1,0.744655702414702,0.813596354696311,-0.108352658601366,0.59084003402439,0.927259936744922,0.593095173365869,0.893024428680216,0.854645593942692,0.722997070736175,0.0203744683602037,0.139967302234989,0.197461456695436,0.361430451476919,0.100457269520545,-0.360484745408427,-0.0607188895630993,0.160467843706342,-0.165415710242381,0.065408358422499,0.134331296434083,-0.187528052790867,0.455806410128126,-0.362353944374093,0.42483630751894,0.397872509997813,0.0944693229782565,0.384051586191141,-0.191867560664876,0.332321236898359,0.210951533979413,0.0226740772249521,0.0395545269557219,-0.142044023952664,0.151502720064627,-0.195175201547225,0.300867520521954,-0.0273118280540566,0.40550796436038,0.137537616333911,0.0882991965938418,0.0642908811849914,0.282757660359618,-0.127934444548145,-0.0924248102201988,-0.470058214951876,-0.288330925521875,0.135030324568211,-0.410749489614593,-0.715469141400682,-0.540698103322479,-0.0580883052793337,-0.445410945827171,-0.598227033250384,0.561701138318615,-0.220426244132042,-0.129271223949062,-0.625740394967044,-0.353580203281165,-0.690903437523903,-0.602330592070125,-0.487507214810047,-0.624637575922468,-0.481105460160233,-0.393698428022289,-0.291547747983871,-0.595617112175514,-0.544638882351942,-0.296508520473627,-0.508222322384833,-0.264508749739864,-0.713227681753323,-0.525611356094507,-0.49383108111724,0.0954597202785171,-0.325493044626446,-0.378673022081829,-0.47067985666265,0.594975575793704,0.349646828104469,0.598881190554026,0.675840474449037,0.915836462575477,0.214015630359115,0.62537069421591,0.689085518869413,0.938966403375131,0.815408715824398,0.480382481575687,0.894287913448808,0.507694721832985,0.0272817611821739,-0.192407983074673,0.0140341458331707,-0.250819490849121,0.226227793682429,0.0946149512872645,-0.3382597308306,0.0531800210030922,0.0625734631234327,0.416490322166665,0.152160762864319,-0.355952555514176,0.107015022951368,-0.0034158542054972,0.119213614953059,0.076814504163813,-0.174747652109912,0.19673476346659,-0.296302512795463,0.14435701620135,0.106221927494903,-0.0332584721157732,0.321203005773737,0.478617252851254,0.0767635167250217,-0.461914709298154,-0.21873500198699,-0.481063921767353,-0.244997909481009,0.311584237328091,-0.407012196474689,-0.0110117048120813,-0.0246402798848936,0.136097603592497,0.263967168412034,0.203684330719485,0.358524541195925,-0.52980753349239,-0.109983677702659,-0.372941238940818,-0.115354851359009,-0.336928853919119,-0.647042328557698,-0.601503489588323,-0.350598898153502,-0.382486554714769,-0.290673566818481,-0.306603935981405,-0.490361463109746,0.374120461992698,-0.367703349886115,0.0376414633129509,-0.329489885695169,-0.720496697530663,-0.166508202875949,-0.68366693210298,-0.582304626950649,-0.549707906968149,-0.595430844801846,-0.505051546303815,-0.70928837663845,-0.56237557036688,-0.651802917292762,-0.41655553109781,0.0276232502735465,-0.62197358911652,-0.437094727250926,-0.344008170407536,0.466779481046209,-0.361961950005818,-0.229476702450421
0.518563964352661,0.50251212468099,0.420085163355888,0.744655702414702,1,0.588676740820999,0.0794087369094543,0.310155958123329,0.864227741184474,0.519166626995515,0.855629374337898,0.655920918917824,0.498669965369073,-0.258106616804648,-0.239352949881066,0.0557280779304585,0.0570516142730478,-0.281074712261668,-0.439061241996265,-0.200860881274212,0.0302557856292677,-0.339903641506533,0.0362640888341515,0.0214582209492978,-0.0886528882466671,0.435076475991549,-0.3728614499448,0.25273468336111,0.253945673667842,-0.0298134965045712,0.241773581194989,0.0700232096798676,0.240734057881161,0.21516917343502,0.259439341792602,-0.103146631270933,-0.260552786805792,0.0116205250240813,-0.170588899416272,0.237445000258142,-0.0505309504211097,0.265607560490256,0.009126523300488,0.171618425334027,0.0769476097239897,0.331563877861834,-0.302445519208911,-0.233217925469209,-0.453943951780055,-0.360478570030431,-0.0125406170339367,-0.277084412351489,-0.686101586320303,-0.450408739583613,0.0205254976724035,-0.427083776347021,-0.514031463067004,0.529689057921364,-0.0443514531351202,0.198648600058006,-0.449649361372632,-0.461963028499749,-0.680945845249874,-0.595497396928041,-0.366665963047771,-0.473998755129973,-0.231339430467965,-0.182329466150067,-0.0695350507651996,-0.507501350017299,-0.407731155348763,0.0012867261261229,-0.263962350089101,0.0672850166447725,-0.533105803638624,-0.497575113891526,-0.148510223760096,0.380253253944825,-0.201941864565043,-0.183756525768539,-0.277128226856722,0.683518317770528,0.429452221880598,0.682889294694712,0.551620048940399,0.641811377024449,0.293367427584516,0.484686733553412,0.864216371101294,0.70895370498986,0.848489842304347,0.348541761067897,0.731877188676363,0.386558117280921,-0.210810726557876,-0.491390678919556,-0.176948289003895,-0.304589545708967,0.0319046718731319,-0.129661598481633,-0.44488475258125,0.0163139390090419,-0.0536699252607975,0.342650064218223,0.141569240277608,-0.392122934675471,0.0716898984715377,-0.142369577042117,0.157966482973754,0.0932302297190686,-0.0683470553871715,0.167489878912326,-0.0834571107589817,-0.0435400777832833,-0.0633575519232618,0.0010929913671284,0.176433446238593,0.398657850807679,-0.0868424903654723,-0.289765350474767,-0.321085019219679,-0.413290887969491,-0.247664812349149,0.141795298371874,-0.363094303065003,-0.0396068065801854,-0.110493884221567,0.0590609124153645,0.157939024612488,0.162084203954466,0.411573815578388,-0.502466916319472,-0.125312881455145,-0.475085440734573,-0.211686493534656,-0.131821775044839,-0.54128226062814,-0.501865260535025,-0.299139211855969,-0.30994896274358,-0.231289067113769,-0.264662984040417,-0.522034825921822,0.343856361687425,-0.0852630247959072,0.111088623171229,-0.0695579215248439,-0.583212668987622,0.0920949807807355,-0.469053740880557,-0.433122144717785,-0.360249762151248,-0.455729505364992,-0.550359273385038,-0.687380740995776,-0.641761992795891,-0.603371387612803,-0.122142128686217,0.18994801920631,-0.339562369241643,-0.233177413638413,-0.187962296403613,0.67213871438424,-0.258625742552105,-0.102729864756939
0.46575978818565,0.859801361778902,0.249071429096928,0.813596354696311,0.588676740820999,1,-0.0613881547234886,0.672343395901244,0.805794771390657,0.470589538594583,0.683574503808652,0.714258811310208,0.676164840153645,-0.193867269656714,0.153031825011508,0.0233257146147444,0.135938475592362,0.0269041381318006,-0.384369582633749,-0.230461756636839,0.007364554155742,-0.194056138669333,-0.0255338005283795,0.0168128811946548,-0.148972934275389,0.376238712771814,-0.29135608228403,0.330900496220154,0.233182580505752,0.0512242422580831,0.319513048380375,-0.0887865323465384,0.23044688878966,0.0736723478643044,-0.0734459577638316,0.0216305327206972,-0.219811414559519,-0.0300101104152744,-0.321582227501668,0.0308602709736525,-0.0963647639114656,0.200880215427938,-0.103628258436537,-0.0813775691523554,-0.0983761138067965,0.0178355578111779,-0.247425083181803,-0.183504817655544,-0.359520229420268,-0.181655642120429,-0.002827842626863,-0.449889496148176,-0.588817936118285,-0.573640598056297,-0.280890415507335,-0.432339151143672,-0.443567566796809,0.413462087042438,-0.265532231490723,-0.222499424711744,-0.469194376547128,-0.262523719983645,-0.532406731907271,-0.472284384381439,-0.3214999714757,-0.46440662120549,-0.316736511005595,-0.321256579216913,-0.204349776815157,-0.502382718934112,-0.521838832925746,-0.249511063151597,-0.4205944047405,-0.29180343077198,-0.557654093022816,-0.401966962735927,-0.397824085743078,0.144212689118991,-0.21821363444034,-0.302652972118029,-0.320097549816709,0.535137868280478,0.296479986698923,0.62547414734866,0.819606853412001,0.79621924895874,0.230832700421054,0.892482302573236,0.569277856967938,0.905654180702551,0.643312012349729,0.430343304613765,0.737082558127269,0.518307448876745,-0.116187390817171,-0.218605466146913,-0.22830359531783,-0.240345891595166,0.0002942293277463,-0.0792029143117109,-0.383123208699273,-0.190018871978084,0.0147331867378432,0.213579843823241,-0.0176934289148722,-0.35863168016129,-0.0296829760995436,-0.16428414910351,0.0161191157423986,-0.138718844070808,-0.24763758935113,0.0470120383990156,-0.201684504906417,-0.0299088223474682,-0.0193209904111032,0.0194788386895478,0.197090899091795,0.38575358416486,-0.037194283560825,-0.207696839493574,-0.272591752483981,-0.263954690654375,-0.231853039983573,0.119172536490498,-0.401062006785731,-0.222892546282159,-0.240336209371856,0.0060363807709211,0.0525978745745509,0.0339492044726595,0.145766907235471,-0.514217632464188,-0.247709426873239,-0.401392277570394,0.0062767629938425,-0.202113032187478,-0.51744657588922,-0.38899963329417,-0.461567051885411,-0.339747384071675,-0.339881418162142,-0.233959008227026,-0.31187904064385,0.293218514764222,-0.327211149169634,-0.0439367962752334,-0.35232947077988,-0.526611374523049,-0.0224538964332664,-0.456120139320951,-0.375624238239272,-0.401942169673092,-0.42168274690404,-0.365499590697358,-0.539413138388583,-0.526400125529626,-0.555230715971457,-0.332790386215106,-0.0896054029265551,-0.458593470727533,-0.2567632295269,-0.10961101310269,0.480502373226083,-0.244637112218514,-0.0337232697647712
0.275659370219348,0.0115487985657533,0.153466846232866,-0.108352658601366,0.0794087369094543,-0.0613881547234886,1,0.0479015542696111,-0.0273795260357147,0.280380762297426,0.0469141667299841,0.0622312144745923,0.272067538585882,-0.304579608403398,-0.134023743755216,-0.447680271586048,-0.174800284415459,-0.368829267756881,-0.186063691035521,0.130093891131723,0.006344982815724,-0.0881497384374223,-0.104532662384306,-0.166123407079478,0.227664765272483,0.375704478632345,0.36449924918251,0.287605799536307,-0.0418970470444404,-0.306555344185053,0.0907103919725811,0.129914703055672,-0.0337655725299091,0.251798718955807,0.210246101914918,0.0577007332306463,0.317510084458318,0.131961060179972,0.154324079964222,0.0637300600134576,-0.194261166319887,0.062966023871652,0.0530470919560686,-0.153216929895847,-0.227194908663256,0.342121787162812,-0.0867032121762496,-0.239768207656104,-0.31434241019054,-0.246555737321711,-0.0738893933847695,0.0379764266836572,-0.0989002409354673,-0.316734478773585,-0.077246420188165,-0.0111237993347821,-0.101429134721366,-0.154872867850048,-0.212729364866898,-0.0301142547210591,-0.0558633074440976,0.0249254710239542,-0.0440344375207803,-0.122540633225968,-0.0246927934118908,-0.203434540893046,-0.152148497424158,-0.0713543230861069,0.0294693906720703,-0.0998821110734477,-0.143289149648406,-0.159922570266326,-0.0472409873720874,-0.175319431813123,-0.209870295913869,-0.0754713632009416,0.0740012658313623,0.105704079617364,-0.259248996319722,-0.160457400121117,-0.0486555791638234,0.161374577242447,0.379447596495048,0.36588936535004,0.182981236554321,-0.0610091504730967,0.532269224921732,-0.0276779144805081,0.109846211303136,-0.10409763179843,-0.0152460518437945,0.36236165307186,-0.0857080237751987,0.366111503411768,-0.334045500075619,-0.109167285989363,-0.227252114387275,-0.0917655401578331,-0.077236912759115,-0.345199851320401,-0.164554208927099,0.182244082513826,0.0121716792990248,0.28544944816076,0.104586150735426,0.273370057357756,0.129893457074266,0.184511658293167,0.161328183353527,0.363408030418421,0.136631907022329,0.382901267596335,0.773720341276773,-0.0135426795867771,0.009752626148655,0.0274706848862405,0.1515821448862,0.391474027639431,0.247495428419328,0.0885689836545212,0.368404761352092,0.225104661342488,0.53396482719215,0.0593073191762299,0.197060646620634,-0.153115702530237,-0.112557787152818,0.0732310680319694,0.0738257576015476,0.0117472199198638,0.360758082526244,0.0667709724770859,0.26561670659977,-0.0988838996406139,-0.157709845324561,-0.0490994699819478,0.0095694616199352,-0.162919682629339,0.0420762157385746,0.267471783916735,-0.0370452527335615,-0.0716786893256037,-0.165392271419487,-0.03289994793819,-0.339461528019334,-0.153147030277213,-0.192420976139531,-0.152903090664232,0.313305579865516,-0.0556101409588846,-0.308432182032011,-0.0297612972355151,-0.229090251419497,0.0637604243461298,-0.123078603859518,-0.0719222086283311,0.0098561627001167,-0.237889241685751,-0.316609064827062,-0.14552096437012,-0.0588389409807277,-0.192238729472085,0.300024844720205,-0.275248308175541,0.0168880214010187
0.517454253072735,0.78420786986493,0.290154842920791,0.59084003402439,0.310155958123329,0.672343395901244,0.0479015542696111,1,0.510147547359261,0.617895245904928,0.443057445000553,0.548360738737369,0.76527644631356,-0.0541380741740466,0.129769907796499,-0.0612253267133078,0.0822938019101713,-0.0342040323339623,-0.388181488260703,0.164225506394169,0.176803117197104,-0.0384402887572863,-0.0455264557694953,-0.0114389567103695,0.126277207147458,0.302776972050741,-0.134260297017901,0.486739352393489,0.0842483627226313,-0.0383239506833534,0.326444938368118,-0.242199769052987,0.14624901161827,0.1755479737541,-0.227608292039575,0.090108914270728,-0.0454157293807778,-0.0269430705036185,-0.381305428956112,-0.0668888220159878,-0.163394577485383,0.140382252662467,-0.0176166744152137,-0.0976949715791637,-0.0164931862491654,0.103012048392318,0.120393435580358,-0.203175682116589,-0.414236215801571,-0.254991070271683,-0.0552110688383614,-0.254032629992646,-0.390287455131699,-0.461135646266957,-0.389378251168709,-0.179803891773346,-0.275305521893199,0.210704323789518,-0.484135879654679,-0.234794301936938,-0.373477860231692,-0.0353561321933304,-0.305605443147977,-0.241070758383926,-0.240808888989814,-0.41456776946745,-0.422727681893068,-0.291862491102383,-0.133055057485651,-0.329935807955827,-0.363016455819124,-0.293167794771608,-0.328408682486777,-0.318852630797254,-0.512204065802001,-0.42838214502526,-0.493973225739866,0.0115754695546867,-0.190812993398746,-0.450156965110445,-0.2827621830377,0.363812618561236,0.184600487825719,0.422998694040233,0.700803944289135,0.646092977910409,0.388727670456493,0.594783862026406,0.320696736354971,0.630240102677112,0.45639019301267,0.600039733802858,0.510703994130088,0.69238427107615,-0.0439088675768588,-0.123440385436459,-0.160847711692767,-0.0449531980993242,0.146372225552772,-0.163189503490563,-0.320551966800961,0.0787453680633811,0.0988010984270944,0.361634279144044,0.0548616306317956,0.0302910935142343,0.0598309569925266,0.179834511675693,0.0002603339987471,0.165503396805994,0.0518369059481909,0.194546241443421,-0.0345887833744498,-0.0510627691209519,0.133002704301834,0.0306846383834426,0.340728704702591,0.420555625964715,0.151450200163954,-0.30623014132584,-0.0131732868434972,-0.168502977088587,-0.0245730472116689,0.118271362225615,-0.0220567019775971,-0.183077902312747,-0.192977143047957,0.0910111274443803,0.083897789303881,0.0795432162030261,0.086165867397522,-0.176480439038199,-0.212046539598696,-0.250754874755362,0.114881049147964,-0.172720981549231,-0.335949392126603,-0.36825265399989,-0.375495864811503,-0.111651303394493,-0.220976631154171,-0.350975265960351,-0.281783659686264,0.0808275182948236,-0.439619137494696,-0.13916277007971,-0.354091044827516,-0.416816273002676,-0.196277550244297,-0.432608487317428,-0.463461864517122,-0.303817350130979,-0.401705079565939,-0.14289729021102,-0.328521779880382,-0.199248397949791,-0.298930119468956,-0.420617045761094,-0.227082553283319,-0.38132083306086,-0.388887447912161,-0.29924931698452,0.204542556772188,-0.350191243325975,-0.169555161533876
0.56106632329293,0.670118674113985,0.398903800671934,0.927259936744922,0.864227741184474,0.805794771390657,-0.0273795260357147,0.510147547359261,1,0.518495010600801,0.92474547810274,0.814437769592157,0.689082793291671,-0.173177452834282,-0.05099878303109,0.0898549053568996,0.175470307781602,-0.0628145858313848,-0.429083756832778,-0.139886705971286,0.0396898407137116,-0.225931618817103,0.0228608335763635,0.0808277235448054,-0.151790552795467,0.418981577748076,-0.38164322711046,0.336208601714588,0.321582724648997,0.0627529245047399,0.368366510431669,-0.0878282954248857,0.276265894129502,0.256484910314725,0.0979198293169869,-0.0007800391627981,-0.241198595987016,0.0645590902909902,-0.199435961547898,0.229429384778283,-0.0056220758460393,0.302960138746436,0.0583294308763596,0.122070979695502,0.0849760956007802,0.257412073804167,-0.2142590743627,-0.231063270625577,-0.433501837754005,-0.284182724982467,0.0790690194269426,-0.330907979036896,-0.689501576347324,-0.515267765478102,-0.004822842032296,-0.449911832541529,-0.549603849474285,0.570935007249812,-0.115559334829035,-0.0090451778111964,-0.599274100857663,-0.452546199015283,-0.715019683145751,-0.629833065824262,-0.464388683133954,-0.581210083368146,-0.377334000579156,-0.302311209933721,-0.206345337575717,-0.578047663747581,-0.488059269426899,-0.209350600978958,-0.437985418419725,-0.138461892605192,-0.648826169802347,-0.487662911524941,-0.364767649654392,0.236991783719128,-0.253761076506447,-0.293651936381493,-0.384260571998457,0.608586715117206,0.340677656805188,0.640486014399061,0.67724653674318,0.848129171995398,0.231396893341268,0.662670723263805,0.800076786828388,0.922512265649056,0.90774096664329,0.396296689811321,0.883478916786147,0.469950242673199,-0.168738010196761,-0.380541133381198,-0.127234554114811,-0.336100811428848,0.0961656073468795,-0.0600523631665426,-0.436410614830254,-0.0381638219479355,0.0350314254610979,0.420338234448909,0.106223820107803,-0.3591718062112,0.0466225405876739,-0.0923872698381833,0.108410343120084,0.0544677178382765,-0.162745053257357,0.116451929230127,-0.236436769094974,0.0521001634244533,0.0181586961148632,0.0091416872133726,0.252549756585534,0.40121791410379,0.0093239261721719,-0.369261922250043,-0.260247491132001,-0.450082505187489,-0.234897898160113,0.202331763622974,-0.38897107453943,-0.0673075239598215,-0.126891130214011,0.147431255396017,0.186502739852868,0.192853896175597,0.352945817991697,-0.495993798856988,-0.134756346077172,-0.395298200570477,-0.139686242096547,-0.18362301708469,-0.589602867901572,-0.533838678506784,-0.311832304999462,-0.363204340693685,-0.252924566182176,-0.249376811840554,-0.478760545658268,0.393251821041997,-0.253601355960484,0.0770523208735874,-0.200713477443306,-0.639197316373277,-0.0792556263407757,-0.605912124030863,-0.520221310295008,-0.515385036604742,-0.575403752856898,-0.548839548026784,-0.737324597976916,-0.66299676207085,-0.613242824697386,-0.335503148047197,0.0422411201688446,-0.528127440813635,-0.328974813060523,-0.271011316758142,0.610291157350062,-0.320861479056019,-0.153877032805939
0.801611120192961,0.562877923944609,0.755250439521869,0.593095173365869,0.519166626995515,0.470589538594583,0.280380762297426,0.617895245904928,0.518495010600801,1,0.554597635680831,0.658215213121827,0.750231168866992,-0.103041930432157,0.0792712677822841,0.0239960317493528,0.216175259053267,-0.175786205359394,-0.318414643488991,0.23352361867193,0.353679449583243,-0.0929115544563451,0.141745946327783,0.162668100640667,0.152782755083621,0.703868557353578,-0.172013288697283,0.749684605408218,0.405294254587853,-0.0568102514027429,0.459994475859901,-0.0843213002180006,0.444153048245018,0.443390783054604,0.309013206083835,0.136716839321508,0.191256024975352,0.325944594503828,0.0036129221127305,0.25521553295149,-0.21034781476428,0.431432993156454,0.326246285210437,0.232306310669469,0.0251486626352564,0.520425506787898,0.16229202820518,-0.252307463551509,-0.715377972644819,-0.582910317716711,0.143605934983495,-0.392175287537799,-0.668535207050904,-0.60080644038842,-0.0270184119350096,-0.350744049141936,-0.567712703700581,0.092379894389463,-0.563156820753182,-0.0424742682780849,-0.596507199327231,-0.375023078673305,-0.641931007780425,-0.610227932196146,-0.535193374329545,-0.680974767890405,-0.639258361322894,-0.517414094018011,-0.247535218510776,-0.543969104827769,-0.493643900725098,-0.370805681835924,-0.425261507398041,-0.325500696775011,-0.755558846415365,-0.558372506049768,-0.39373622072736,-0.0692353354276024,-0.555514656662524,-0.617982239336466,-0.616473763677065,0.604415341448523,0.543594597335615,0.680343793642723,0.584525024600246,0.68356320343456,0.602042444086008,0.28200407613226,0.448336124203942,0.539088015138735,0.526085541636525,0.783406963973594,0.569643886667453,0.783560678300352,-0.102338366445639,-0.195024731930361,-0.141207095487901,-0.175736574053371,0.230652381158539,-0.142535677945304,-0.229618724154591,0.374041069872032,0.101644897058343,0.492089920045923,0.348975694204013,-0.0979410523513132,0.274474986625951,0.274049218595298,0.421847220016388,0.367063323933783,0.163036970589202,0.577110648270622,0.0795967295265924,0.148817713765198,0.275794969815346,0.0151050414467998,0.510849132255042,0.831408373895436,0.387877939321901,-0.428845710055779,0.077488395272808,-0.477879638797729,-0.0069879725006218,0.373275464459116,-0.100742976173127,-0.106654307222065,-0.04383717246939,0.151882972440159,0.317447931403587,0.260567145753789,0.53064337512329,-0.166093998424197,0.180175435176297,-0.319084478107718,-0.13280279340856,-0.466195176576283,-0.573120340602617,-0.622834734209259,-0.223118167281694,-0.227028513821474,-0.0987984506094951,-0.357086754999784,-0.601051538998755,-0.0522361229933271,-0.625493406122116,0.0050663971524371,-0.359065825338766,-0.695903714573513,-0.0062969144028497,-0.680059601932692,-0.707546416807784,-0.565107912825996,-0.606212855352509,-0.512041761011906,-0.673397781250033,-0.390781931073659,-0.542441827084951,-0.497550311319016,-0.211904128603774,-0.560132149048921,-0.467129806931379,-0.559689268981499,0.244766865011769,-0.639362419867134,-0.418500964403423
0.63100818850324,0.575413130392826,0.389544302072458,0.893024428680216,0.855629374337898,0.683574503808652,0.0469141667299841,0.443057445000553,0.92474547810274,0.554597635680831,1,0.857774720073623,0.684810357306006,-0.0860937239313219,-0.0365582915998792,0.0374786679588794,0.24967673043153,-0.0933688694065312,-0.34552127465233,-0.0556948386082017,0.0609440389418193,-0.279354298193155,-0.0222139138864799,0.0109014218990393,-0.138889726601223,0.416192719177633,-0.313667402585482,0.308262162094111,0.329619983576872,-0.0451104512290325,0.249562355069472,-0.0001629742505037,0.275364510713379,0.210533771912356,0.111538066426993,-0.0613508957902525,-0.17133599779538,0.127366648969818,-0.153901050320406,0.325794172022787,0.0164690331248586,0.333965658814587,0.0830634561300105,0.137805997633551,0.0680207156704958,0.345392036688266,-0.194900334014601,-0.100962919260787,-0.492897583609647,-0.333131968049277,0.0077405908858374,-0.354424665996963,-0.714349916827552,-0.4728806207831,-0.0275874193283855,-0.4348298065463,-0.590349205054951,0.653425371689238,-0.139873689954089,0.0191319811878546,-0.539293564569503,-0.321143870854697,-0.653583497334398,-0.573746036505272,-0.380825245366311,-0.583693440617049,-0.377661778627463,-0.283538649748074,-0.202641447099345,-0.55227645269624,-0.475987552949397,-0.178970881364735,-0.398886747729803,-0.132264473261984,-0.636791922278396,-0.538247251413519,-0.322845123380668,0.240885729393907,-0.236254399528652,-0.273782573010776,-0.328397602820111,0.610637198255361,0.366810352802575,0.680742733063985,0.648083340285287,0.841823592880487,0.25365909001768,0.555495729358714,0.795607253873829,0.857765537839781,0.885373576913884,0.497072864315771,0.902511225500304,0.51061032131088,-0.0988312044585238,-0.271701802670124,-0.0267368214763053,-0.320438994928209,0.136328362355776,0.0098871650850981,-0.327019914901796,0.0331883734124042,0.0173700514955162,0.515057712768629,0.13921029024215,-0.264736379182251,0.0319372432228498,-0.0300305195167093,0.131505397577955,0.134352308049982,-0.135984716848238,0.162297234520936,-0.102548578024411,0.141084493014399,-0.032249834194845,-0.0684211600232466,0.244691538703613,0.441612384135382,0.0120008745386021,-0.401677622342909,-0.236435940683214,-0.398834964038301,-0.133533778890336,0.271039385608402,-0.294757269267384,0.0584979111528896,-0.0509818149568339,0.138038345071076,0.269094980471303,0.201078358995229,0.466771660219315,-0.475290627755809,-0.0617618627047388,-0.42886683078992,-0.211436914866858,-0.260148857525761,-0.641711888979706,-0.583488668317164,-0.316180828764465,-0.293967255044969,-0.236378273641318,-0.317954174365843,-0.507624889644814,0.455448517476327,-0.252204951636201,0.138691683539666,-0.224864654709971,-0.678735420687082,-0.0578895179432664,-0.610827249922963,-0.586300635239011,-0.456025464927887,-0.612674577055161,-0.451973608707991,-0.724817969022656,-0.55593116252874,-0.609145355262063,-0.337514763051994,0.0573059496362942,-0.51220654233862,-0.374098688854825,-0.294373365982221,0.610157959527118,-0.305104799093125,-0.0889528667499381
0.659680056197173,0.539246837574715,0.534382148012598,0.854645593942692,0.655920918917824,0.714258811310208,0.0622312144745923,0.548360738737369,0.814437769592157,0.658215213121827,0.857774720073623,1,0.773347124370787,0.0480473607771335,0.185335833025722,0.107904952738661,0.447024849490419,0.0393603887218125,-0.221781861366921,0.114569827958487,0.221555943557547,-0.13085596451336,0.122780019578003,0.14535123119609,-0.13294310786766,0.449884134745499,-0.296152821166509,0.416452963387179,0.503438598163186,0.0722926313936533,0.353272613639683,-0.0756405704197506,0.404288869498209,0.216417894928076,0.0873183519496956,0.0297905687544592,0.0427030755127681,0.332803804903271,-0.0428541599915564,0.41831040142672,0.0377563365212755,0.51281840206443,0.25758249868178,0.217311740109773,0.129745245237105,0.426008374203303,0.0399939742918538,-0.1609430867852,-0.549265963714257,-0.337768880651176,0.112872745962358,-0.433895164984617,-0.74220791787421,-0.582875799197173,0.0588876194039672,-0.501853518349543,-0.670170942589638,0.577476435570616,-0.248975107686742,-0.105800301960034,-0.673083384411744,-0.325116399922504,-0.63395637183354,-0.610927708877922,-0.526992699102806,-0.704102248777531,-0.562665099646063,-0.460319040652049,-0.391374041346248,-0.610951900042603,-0.554709967692524,-0.371029384420405,-0.574278474586509,-0.284909027736181,-0.726988861982227,-0.55669826405894,-0.542981164835082,-0.0244474463661646,-0.450007448938425,-0.505379413005156,-0.515733332001485,0.453257352829772,0.356415585410634,0.640545222546807,0.646666841653446,0.860598629918002,0.431055448568463,0.499853087590837,0.604297082826781,0.836558942665823,0.759528379791352,0.635260089721261,0.920293255017062,0.589109352325206,0.045386790409258,-0.0515275899255772,0.0915893395018033,-0.212536950777544,0.363032943890033,0.115193024454738,-0.14765358816268,0.167967880778828,0.210855332344123,0.623439118858195,0.2991548491706,-0.129045165087829,0.226792618551314,0.208780684875068,0.248808273194351,0.234986135759094,-0.0875268677803305,0.274784664311779,-0.0720600767494305,0.360570161975371,0.133575412326303,0.0252235848668936,0.354415570362271,0.576631716060162,0.19703885565341,-0.47540514828208,-0.102235501064686,-0.414392724890917,-0.0345159402658126,0.471359786189035,-0.294183756010103,0.0424152945669992,0.0537885200100009,0.254325364993533,0.415173742628326,0.369760942168464,0.5418387210431,-0.346713125138664,0.133281341962196,-0.295156802907441,-0.160863423640555,-0.366336688203148,-0.636757764958147,-0.637900834373303,-0.263381317715908,-0.378889336515529,-0.115246424452311,-0.310982871757203,-0.522015202843899,0.408532393921995,-0.382108834415683,-0.0247446219765167,-0.300046643224115,-0.759224467767222,-0.0979197443282778,-0.680341532234705,-0.637257757749279,-0.620624415961285,-0.690250947618265,-0.475719265575311,-0.738253741068169,-0.501861341267172,-0.595200865088386,-0.535922439124951,-0.111907610700582,-0.694390522948416,-0.426924903434845,-0.427098771707018,0.394209591545689,-0.470699065026061,-0.205477344671333
0.710505019008083,0.709520365008753,0.469827448881873,0.722997070736175,0.498669965369073,0.676164840153645,0.272067538585882,0.76527644631356,0.689082793291671,0.750231168866992,0.684810357306006,0.773347124370787,1,-0.141687507389319,0.141699219822847,-0.0288206068533109,0.17443099558937,-0.0291084447873296,-0.345396732282064,0.141146012286592,0.141341422813063,-0.0660296220603797,-0.0306672410762093,0.0215234268293103,0.0429056611176752,0.400276715276114,-0.131534217158627,0.572461404555512,0.264959973184269,-0.0810126123719282,0.439608149499278,-0.289546111429304,0.260184703658774,0.396630579437693,-0.0580268003759877,0.0902007643946705,0.072844923643069,0.141016929544109,-0.196428697513263,0.158741651887601,-0.193187915992255,0.286438801288239,0.129909963312907,-0.0004450741796055,-0.0498958109512406,0.309237360255586,0.0209689886141452,-0.2278290570195,-0.538303537723089,-0.44382535558563,0.0100429650009338,-0.33633418309216,-0.546537966334362,-0.633520144944287,-0.20730052694767,-0.385946521506619,-0.434354613626635,0.247573779602622,-0.547569429892806,-0.132783809482299,-0.535844266765596,-0.268429152235069,-0.537525042392072,-0.489102665346183,-0.446868826044342,-0.5972167563715,-0.554300121135996,-0.39019499581471,-0.205824629821534,-0.453650689912218,-0.414463347399565,-0.349028287091218,-0.404229878911937,-0.302899736616303,-0.683395424046479,-0.495496748091814,-0.451939609041392,0.0262491585473517,-0.393754323860507,-0.485186288653004,-0.518474973603726,0.431355629634942,0.251947621529942,0.549269545086647,0.788317430480415,0.777858705953869,0.5694691036895,0.562681954004054,0.466798686148724,0.722330970663833,0.627939588786248,0.794172327910018,0.676961372546029,0.847862138554897,-0.104250206225837,-0.120663589588601,-0.0612375497085915,-0.126806861912272,0.17900396693784,-0.114846041846054,-0.290966090669205,0.136219913644321,0.157062838999839,0.635609605357413,0.193184039486846,-0.0129337441616052,0.121021166711307,0.188545383605967,0.151002200399165,0.236602093682944,-0.0056147944866736,0.287802696463003,0.121363584962931,0.158696392054879,0.136284920631708,0.0225175467141698,0.44394716380357,0.64781102322861,0.27643362566474,-0.42149311274939,0.0702214206034022,-0.359198289593531,0.114045619169021,0.283684294219704,-0.0821799766074842,-0.129368781009551,-0.094513709584781,0.17345188043972,0.261997698694706,0.182592761268182,0.353826461741164,-0.177079891726705,0.0212810127707597,-0.246473536927344,-0.0252728257680905,-0.252411494595836,-0.432972223580148,-0.536863730841221,-0.198938495322083,-0.170687392092843,-0.163503785139549,-0.345333872948497,-0.396998059908096,0.080263589219589,-0.613838278792134,0.0008679591755522,-0.323907742274731,-0.574444989223419,-0.2199848156619,-0.599714478699521,-0.626849685466906,-0.52443536209587,-0.636667395078332,-0.394070916766331,-0.630281853218317,-0.445967000257113,-0.426019502666369,-0.478308825236307,-0.203874538986624,-0.518296074259418,-0.473287156509842,-0.400312397050798,0.307244570360656,-0.521245222367654,-0.322889141096609
