1,0.732782988922443,0.211872736157984,0.893093795428505,0.700348107338216,0.56017829623049,-0.169371514654935,0.18874300761753,0.796102611225179,0.654681000171576,0.764070221900067,0.832262960983779,0.70428057964146,0.0167055518127071,-0.0926009607747694,0.169283297194755,0.0338274994903836,-0.0893209748541229,0.0969078546227373,0.16563068370792,0.0838041519102475,0.121181835457666,-0.0459756663166591,0.0061969420423991,-0.0007953397790867,0.497440047275105,-0.354560558810584,0.640290646970114,-0.255813554438818,-0.201169808354359,-0.0224723625413516,-0.243520519298953,-0.0610261727674097,-0.0096371150304691,-0.206051112774005,-0.201460897331465,-0.102901698894321,-0.131255369281065,-0.260434820247452,0.0154335815460729,-0.0776468691088784,0.0051115925255733,-0.347943372216966,-0.237677038417561,-0.130003447829876,0.0366194913257203,-0.0090353858409311,-0.0919585366683961,-0.352023556333806,-0.365126802258256,-0.388389509192836,-0.156294340532547,-0.225409660513318,-0.230016891848728,-0.286834357243335,-0.305782235734418,-0.162757385633744,0.56368763497811,-0.253172964213521,-0.193454316895468,-0.204928950336105,-0.170070460919704,-0.296649062705208,-0.318304616148574,-0.37851345414873,-0.377482832322263,-0.426123314947857,-0.185383195240827,-0.128308572664617,-0.035303384556691,-0.208111173735618,-0.259721338423917,-0.221389307885621,-0.257335661765097,-0.261586380432649,-0.259260874211619,-0.495040133556746,-0.0769178183270388,-0.178557738941039,-0.267200446150009,-0.283563907694183,0.212370521399836,0.686338287062374,0.690022696699929,0.736752097998377,0.848488672382735,0.412149171205991,0.268559864207357,0.553537057744089,0.749302220559896,0.686340395786124,0.628986225345326,0.821713378332796,0.763415825181618,-0.0481005447632713,-0.0967792815624267,0.124064085628566,-0.10077462961845,0.0603964305329717,0.112248022869737,0.168360750883201,-0.189250415760976,-0.183628061239935,0.257210298962115,-0.14547234489761,-0.218548459045606,0.334009705389524,0.11394937674129,-0.155918623957876,-0.100772714975959,-0.0247121273527185,-0.0477597311628813,0.0241585498653498,-0.0625003795567074,-0.350986158383555,-0.222660289068091,-0.209723873916668,-0.0094035265350204,0.148002365713382,-0.136052653475741,-0.0804836880510372,-0.217365065971125,-0.272734099091144,-0.13441911974309,0.236137916279484,0.0101392212509741,0.0945373304011233,-0.116126113638881,-0.0166606441765549,-0.0466033407127341,-0.160284725661223,-0.0844775012839878,-0.367113184659592,-0.366622356836995,-0.07829177371041,-0.239019066926706,-0.257659859255846,-0.193022138876665,-0.233783078252121,-0.12091650763434,-0.307797007468232,-0.249041941944332,-0.0830585905791455,0.762145673130008,-0.273525638838615,-0.331473648179058,-0.222363949262958,-0.142600552884384,-0.0859781944407954,-0.345721227021057,-0.349116472660434,-0.202121038101858,-0.220191613159015,-0.178081369786537,-0.299293251923745,-0.124676387937043,-0.153407174261819,-0.266286626330628,0.13338513343037,-0.147283870415483,-0.331123463516039,-0.25717349170869,0.037931425758655,-0.189594521041645,-0.2651811524413
0.732782988922443,1,0.145577162177022,0.761598661227926,0.370976275632247,0.91800872164074,-0.252428030244864,0.679946673388366,0.749961714172262,0.742922655639492,0.683767952467845,0.860290267298969,0.891001987791504,-0.1521309617002,-0.210547796696892,0.0296545310095781,-0.0653672881787454,-0.325952894523075,0.14824655348026,0.235342177795283,-0.204901474131142,0.148092844454653,-0.208532465368626,-0.137697207986464,-0.186555770445427,0.573116007656337,-0.637456980846399,0.587278493711805,-0.410941312234414,-0.288283878180532,-0.258045947123427,-0.517233155824736,-0.353220143368957,-0.238643052187343,-0.507282240635118,-0.351756393550039,-0.345090817903028,-0.356752301093427,-0.580225394997558,-0.213488480496097,-0.357491956414099,-0.245852090328195,-0.524487039741142,-0.488948219920315,-0.355994902692,-0.422455891448749,-0.184455872043901,-0.26452950223465,-0.265701510437146,-0.313550969195818,-0.287007646651671,-0.418973808953289,-0.232112514176858,-0.261276716911184,-0.607785554447724,-0.300397974875285,-0.0533022163026311,0.421862117021759,-0.134816619873135,-0.385415541826067,0.05971957364419,0.0023304004675889,-0.0480887638854441,-0.250776877405182,-0.361500760974116,-0.235281758175129,-0.419664040150285,-0.057235653023139,-0.132454674275984,0.0033711014838942,-0.0760535548358987,-0.0726125795743679,-0.146520039393958,-0.192164767654135,-0.149031066224405,-0.0437405801218628,-0.470785864992835,-0.104538982686776,0.141285075951327,-0.531857298591721,-0.351197448709165,-0.106181509173262,0.442713363972447,0.186809985438608,0.960444270342501,0.715287272461086,0.379580938917347,0.737064322631885,0.173821775969408,0.897720014598199,0.478454452589401,0.887115530772114,0.819352720470971,0.600667550009073,-0.0918753143490802,-0.267778949292756,0.0610305764200359,-0.133315366315788,0.0088145840702816,0.0018714601240314,0.181534656757202,-0.381036060003157,-0.0346508575812035,0.294452560879096,-0.333043839541779,-0.16808863030371,0.160621961602979,0.0451842919602706,-0.206643881344941,-0.325513874334132,-0.173190778420365,-0.293531693847911,-0.244196833244544,-0.0754716378369218,-0.454187111962613,-0.253913349145564,-0.158899154342109,-0.130728321419915,-0.0462528359988624,-0.376703233073873,-0.279023586191263,-0.427586809821564,-0.105685630614359,-0.264609063850423,0.254718958243598,-0.182465894910503,-0.217672253727252,-0.368206500140944,-0.12374520044216,-0.265645386756771,-0.586388830348935,-0.182796592533699,-0.504155003027494,-0.459072117994114,-0.10470911647066,-0.198149313378803,-0.328711924270136,-0.0732904091126729,-0.405521939367809,-0.0416468518820602,-0.515113819123552,-0.361828584102516,0.178448811044897,0.675742967570653,-0.127638934366054,-0.337983839928542,-0.165004870423174,0.0136990470766129,-0.479212456141581,-0.291182876318609,-0.285608192220226,-0.0090410442211114,-0.0495666787101965,-0.0732793582714576,-0.0570251803659629,0.178527928436006,0.0078340785143666,-0.0396486888706502,0.0309810637875947,0.117039732156065,-0.288154531446669,-0.163785792330944,-0.023979887716546,0.0743777604860691,0.0252412108401832
0.211872736157984,0.145577162177022,1,0.134906493912098,0.143893249766401,0.0187512055199733,0.508426180664887,0.0631462058934862,0.0736482393176988,0.451608879048833,0.0195121908476157,0.133831741211136,0.171524472766401,0.246169906466288,0.251864256845185,0.0961921121969598,0.153335922705731,0.222834877843016,0.289326586877509,-0.0238359593732993,0.321195636254151,-0.0789075847454704,0.414225169120464,0.267298020846384,0.293112518357655,0.249889922838577,0.288307945269903,0.324859976067016,0.192119617453025,0.188473989565851,0.240977817447384,0.151355793009675,0.461169063426913,0.0549029204089006,0.15454766257294,0.261234036900564,0.183200422888619,0.39440094032601,-0.209109617432835,0.325108775310763,0.0690071684936879,0.379862104485853,0.0391912144196004,-0.209796984241224,0.129782693687917,0.324804912284508,0.0127462581080897,-0.142748748858083,-0.414677041970539,-0.420942953172582,-0.455490105124178,-0.0231804982867564,-0.24743318811926,-0.388651029756722,-0.0311111755195777,-0.429054503609876,-0.45583076692157,-0.0072101260171006,-0.432213750419923,-0.012958725244185,-0.345624680065471,-0.259762653732959,-0.470809531619337,-0.118708471236664,-0.328286591832797,-0.532261427134121,-0.315140320722156,-0.475287915606097,-0.0401317055067553,-0.443845103146342,-0.57896142446099,-0.250524361575635,-0.417546837340544,-0.200756827590586,-0.515785904550551,-0.440020099583507,-0.412964336148242,0.139441612313695,-0.399743655884759,-0.294921340072904,-0.207352521768892,0.228635960757703,0.676432839467014,0.341639254761205,0.100096468659615,0.136692307207418,0.731850687365688,-0.121746951675998,0.130328216935555,0.0572408510735426,-0.010323612513593,0.246032183294513,0.0491718592215665,0.568002197013258,0.144853490343205,0.171304447026103,0.155249828329255,0.166257082813455,-0.0089867619410466,-0.0589764320729898,0.210609853782755,0.0673589475003401,0.190462977576945,-0.0800452680812362,0.218906328135269,0.169574722103631,0.366956919432558,0.25684827416526,0.301538439293817,0.285816879333141,0.212442492529269,0.569808913108888,0.506437714760133,0.29096615748209,-0.038473506461635,0.328051743607004,-0.165041617698157,0.442935855830131,0.28765182967812,0.120480036057319,0.248851547159427,-0.0222900302465267,-0.430094464749855,0.309722465204304,0.0358009026519898,0.234240122955842,0.447093524430731,-0.0401556923271591,-0.0029695810685935,0.0628280828705734,0.229452429275452,-0.153920895528933,-0.443369682915597,-0.460010340865564,-0.0151530306293479,-0.182036904502492,0.0078452575830675,-0.376445597988753,0.0132638917640571,-0.23323876229421,-0.257825933647379,-0.361954136607423,-0.362598569293838,0.0774708039741539,-0.389261717619367,-0.305333672697818,-0.145010331620624,-0.494714961340698,0.298671851114947,-0.343802405849913,-0.22331909904239,-0.36303559171648,-0.317039209224611,-0.13112928387284,-0.509266320518031,-0.420933562747261,-0.467662927866532,-0.126606122272499,0.0680606561483236,-0.318194601650501,-0.195747074247273,-0.513006683675555,0.217406672327504,-0.250897822524438,-0.254601497621078
0.893093795428505,0.761598661227926,0.134906493912098,1,0.691613562556762,0.64777341299475,-0.174390105336358,0.310496077620378,0.899232163622982,0.675779653658976,0.865747688171562,0.899560472299514,0.723013197204527,-0.0071045676332615,-0.0903681467958461,0.174529401125432,0.0780296398336827,-0.0654090545235797,0.115231394294233,0.25094956238204,-0.0170771562047675,0.183984205515697,-0.0154858944749726,0.0269113265723163,-0.190612183633377,0.443872585134434,-0.376351775821668,0.583444260037975,-0.239742749341282,-0.137852461896763,0.0511590073237351,-0.382265251819068,-0.137671776637373,0.156524828292906,-0.250670062175327,-0.0863941756405685,-0.0997897088866986,-0.110409936637447,-0.26259728608787,0.0455913702369251,0.0133857250291528,0.0339797868617594,-0.27504134219781,-0.351644000695761,-0.0240392020593247,-0.0782124194539808,-0.0214456736484193,-0.0666203444717053,-0.359754993329189,-0.436186674503944,-0.350376714168305,-0.355028934013904,-0.290303259572256,-0.340764421274345,-0.414585111120157,-0.373102889303454,-0.0912932390961732,0.5981862458584,-0.162639739616753,-0.141530678215485,-0.122226681677808,-0.131706611021974,-0.207476325463062,-0.198238942827549,-0.324660199521997,-0.363236264498729,-0.604506358145706,-0.14241793369063,-0.277643116846627,0.0143020742035078,-0.129110049828288,-0.271534550619506,-0.296029235776652,-0.144254549252042,-0.18851373157354,-0.286713531693673,-0.610089634935746,-0.141836480689778,-0.144907965625805,-0.391431196066857,-0.301063283201248,0.0761254137555,0.589689613461074,0.505960120285845,0.778191999947518,0.901508038876141,0.379129656963604,0.326573415740552,0.560321486745308,0.822967241182273,0.719348162466246,0.656760376852244,0.916018097905614,0.725527724801515,0.0019048913299947,-0.122413489335662,0.113803264387549,-0.0927767304419063,0.0964975265474467,0.117861347495803,0.182880239199112,-0.154791624651346,-0.0713692510177595,0.332348902246602,-0.221294170625067,-0.190177044609572,0.3569135853918,0.131901578547985,-0.131934284906833,-0.135780903777085,-0.17607444896855,-0.0925004899108545,-0.0374679535187517,0.0232097249534234,-0.34417845759399,-0.115738038181679,-0.162777222328836,-0.0216863041564082,0.216970225753007,-0.0043056787389635,-0.0859395085348482,-0.285403730545688,-0.0949786723050014,-0.135841995796097,0.34699525340393,0.130653545150427,0.0494772412868786,0.0059750581181756,0.0805225556655861,0.0352321534570502,-0.279963903807437,-0.0143247652309795,-0.319626006483774,-0.464359671710868,-0.185459060314867,-0.123327130548242,-0.448888123701978,-0.319252518771086,-0.388948606887895,-0.190952708777597,-0.354125477030206,-0.408361848789895,-0.0658265773411416,0.828560245758601,-0.182025272216714,-0.226451692748288,-0.171968064619207,-0.0829597399381882,-0.223180874051825,-0.376803127130861,-0.523588747376686,-0.146697769769374,-0.298963186551465,-0.178226278922259,-0.240866519045276,0.0025177294553779,-0.0204563825352165,-0.298310210527898,0.153618426494565,-0.19843203931388,-0.516990258616532,-0.342800276655735,-0.0205182587405949,-0.256954580627205,-0.217363028409359
0.700348107338216,0.370976275632247,0.143893249766401,0.691613562556762,1,0.281712298745678,-0.0832987221637461,0.0076905589536871,0.692855277524523,0.448300188753761,0.560527628751889,0.50688560487474,0.284906384116457,0.0996326793665433,0.135794286265373,0.266605417916909,0.126262087204798,0.018364197445254,0.110240764313877,0.259149026369832,0.172813137692262,0.155810252041554,-0.0429529655499791,0.0241017333782185,0.115687621173889,0.523796937798335,-0.0489218854878161,0.585142360119614,-0.0480827752531894,0.0622198774165019,0.243730670878872,0.0879696346762942,0.130202566585463,0.395676041721108,0.184025830661824,0.188174362761764,0.105447407708679,-0.0181274181737206,-0.0027881441504391,0.15215672763826,0.233163699558839,0.0665764765072513,0.0031973372011998,-0.230780795426878,0.136639764869721,0.218377665860546,0.09639766526566,-0.0866104397398426,-0.38203265670257,-0.137435590515052,-0.209349387564753,-0.0476263323796507,-0.156935081507318,-0.305253609971751,-0.14488285928173,-0.102065315469224,0.0379002773985296,0.599110392501694,-0.0405386887318872,0.105215523300008,-0.312670469582585,-0.246830968797097,-0.291804154508277,-0.0892036178488146,-0.290117090410797,-0.439663289844155,-0.322195664077584,-0.146106439064484,-0.0630007857401246,-0.0007332316244245,-0.157810310733321,-0.276553955610189,-0.424110285746461,-0.12579136632161,-0.236248079174256,-0.353889538521238,-0.340003537065207,0.171463949348122,-0.415179418132518,0.0054591641517988,0.0071442277111719,0.302580241241645,0.497442970934172,0.612972231793597,0.410141002913879,0.59550110900001,0.162573438609685,0.0552525170983039,0.770999814498095,0.496473912431637,0.663467957594392,0.297487231808661,0.592182047870626,0.481990036311526,0.198296839778237,0.149760347087845,0.174751681512398,-0.0201630671386768,0.14756809381699,0.208438491286329,0.204643646890545,0.0242772187581295,-0.158243892923599,0.357478414976507,0.0032035929969925,-0.10541920925834,0.211702560907745,0.0555444678563971,-0.126360844043642,0.0243232259456181,0.0518987212980243,0.174713104950585,-0.0433910779180918,-0.0487347849321341,-0.0589853833646727,-0.0323395544809622,-0.010988664380982,0.178219037291192,0.27615665941934,0.207849193521436,0.123467431894285,-0.141220872951136,-0.130470155152735,-0.0717588580979248,0.198812589500593,0.255582935627914,0.250103763596809,0.229875352492925,0.107185072133026,0.202961461247354,0.0737332214244266,0.148955313149459,-0.278761640568337,-0.245801337334618,0.0763599477589131,-0.0375640349511978,-0.0990288622295767,-0.270578925118986,-0.0078908608498618,-0.0422383726730595,-0.173232883998368,-0.251804836579595,-0.0926758628707311,0.603671282221463,-0.113025847846662,-0.21348741392427,-0.0717103319686612,-0.17741307487544,0.0623003635961451,-0.399558318834718,-0.416559676306,-0.361765835335197,-0.475659374286403,-0.247862236255596,-0.414401500228401,-0.178020950933769,-0.122217185038923,-0.259309405958033,0.16692996700582,-0.388037318273914,-0.417619598219051,-0.252848483326666,0.27582417316064,-0.355282152826334,-0.428385356151576
0.56017829623049,0.91800872164074,0.0187512055199733,0.64777341299475,0.281712298745678,1,-0.313896444319707,0.824851159689716,0.694958852949239,0.713320979367605,0.543242468197464,0.813747348797261,0.871850452709752,-0.236090168811214,-0.309843448702034,-0.0928588069225564,-0.202654932745444,-0.46734053456397,0.0471142854354492,0.224473758215694,-0.252449581816896,0.147534845930607,-0.324965681865898,-0.161149546836873,-0.203350287820817,0.553079653852401,-0.685168874255913,0.560610707462021,-0.462615464423242,-0.315245721655549,-0.300917172945709,-0.42642219410981,-0.389442157808411,-0.128331094365658,-0.397316110162228,-0.376617434428846,-0.45947565201342,-0.495951790409251,-0.551726081006835,-0.310288151789413,-0.33434809133918,-0.391504245432179,-0.485469487676284,-0.446384476977451,-0.357565741291107,-0.492455959293845,-0.218625349649683,-0.366762347000287,-0.21363498256547,-0.230502364025299,-0.186684253343289,-0.490953404836713,-0.266159328360544,-0.299762520213915,-0.601481287683435,-0.259316727062023,-0.0038733383787498,0.369901712743822,-0.0713827622912534,-0.344813423725141,0.0364775099174415,-0.0284639469714549,-0.0503101470942062,-0.277871435353325,-0.337327315397366,-0.217026258945804,-0.340363433481743,-0.0070435823479317,-0.140761112765165,-0.0218852692917757,0.0016681355022173,-0.0661526216576715,-0.154075586043542,-0.110323584173949,-0.0784564175606195,0.0093767887043696,-0.35857638575557,0.0014203252239467,0.151839690210297,-0.472626741852951,-0.225506274248462,-0.131314568812273,0.24870168959027,0.0098088011532385,0.896492057250181,0.581777626469395,0.189481594637472,0.873085449585059,0.0979031127480561,0.899062546681888,0.351295362338535,0.895479382706803,0.732362916771595,0.49711478171066,-0.152855909994637,-0.415228084451277,-0.0249828231216439,-0.193864750361247,-0.0532335613188135,-0.0805982547141104,0.0929598256422385,-0.400865103336837,-0.119351833748776,0.298251414331242,-0.363240272128552,-0.148424894386377,-0.0544640590518337,-0.0667354391120338,-0.224519209362091,-0.374413663414269,-0.200148385076612,-0.3482066485735,-0.424758727890143,-0.18432090438523,-0.462940534349729,-0.323067655692428,-0.114829209629152,-0.112135840042578,-0.104512900880939,-0.276351119040565,-0.378788173648281,-0.556937748849664,-0.105796029303584,-0.404444860812502,0.1549314743068,-0.288822087468929,-0.357395028966225,-0.345236693844575,-0.200205763310388,-0.270777908366381,-0.564270064117374,-0.119736486848088,-0.479511436986391,-0.42705791622945,-0.0744563574575364,-0.123708695411053,-0.34620609100356,-0.0381667538369296,-0.428383215908459,-0.0518311441616052,-0.423681378973487,-0.286260550555193,0.193763312255887,0.588322994167835,-0.0574400315899283,-0.218451703351935,-0.0712129185942055,0.0896408949464317,-0.481813373181206,-0.276150255193688,-0.251797070529275,-0.0288396481828478,-0.0961573239019306,-0.163240656906799,-0.0493878042076069,0.233303035821687,0.0512513537541653,0.0455193313312141,0.000541082423526,0.147016153557792,-0.25356002960824,-0.0878255159396388,0.0597756784540353,0.123513057845202,0.0868280914217025
-0.169371514654935,-0.252428030244864,0.508426180664887,-0.174390105336358,-0.0832987221637461,-0.313896444319707,1,-0.130456123416198,-0.227589805663628,0.110658391305467,-0.229688499826686,-0.247780108270043,-0.209018776302636,0.306758215786035,0.277648024488548,0.182930509650701,0.294523386735702,0.460202119748831,0.145694013692652,-0.0009044990798941,0.327031686680873,0.0883714505587743,0.549064268421654,0.453359104135526,0.168993289355267,-0.251454271737859,0.485189581482178,-0.264979700621954,0.0588763725753193,0.083453106845289,0.139782708569821,0.0583495923663385,0.324636432840151,0.187730065213819,0.0267449258548844,0.359377862389502,0.402107652358535,0.434755350712336,0.120309435879428,0.438924747849345,0.0654386420401027,0.465989286292657,0.145060142917516,-0.178625850279499,0.30648338764129,0.308898753702906,0.2227547886377,0.294630613140711,-0.212618222494958,-0.36485042094555,-0.402690601306486,-0.0614443516165197,-0.31601896857742,-0.350834707253688,-0.0813753834939182,-0.269317069768532,-0.143206372743014,-0.330680666267138,-0.427658594729353,0.0962932462688708,0.116038451448963,0.256392923397704,-0.033588861280826,0.395780542385938,0.338282179406119,0.0501513255255684,-0.114837539662466,-0.122143733900437,0.16711794161801,-0.155332566345642,-0.172862576826134,0.0709904658205247,-0.0571570692163486,-0.108188355916849,-0.279329933359768,-0.466132195117477,-0.210527456184826,0.0210029521245289,-0.0739279847126149,-0.110834617687311,-0.0486704201441453,0.0338112361796687,0.38160519902094,0.0571674282656614,-0.32792071380273,-0.235292078913257,0.425109110536405,-0.355881359652668,-0.0960740946492068,-0.327930575177718,-0.253149949733373,-0.219039105069078,-0.280036638575637,0.046294106712611,0.0824792504305519,0.256146023708284,0.0183603721407247,0.15740128051022,0.0799705228759325,0.0232881071766882,0.0755106806236869,0.294349384408187,0.192668672285567,-0.102178016362736,0.258770231183217,0.0782884018648183,0.332609939219235,0.260606319399285,0.39685307485655,0.396795952262863,0.113803825340654,0.412637950252341,0.687688323588875,0.356363258271817,-0.157201677255959,0.344553559149168,-0.235136448097223,0.11179605866918,0.486171779804601,0.261128627630426,0.447032426177234,0.450858175166987,0.0894116592881531,0.509914236600454,0.321585501644569,0.310965264897167,0.34433892388406,0.0012708509063301,0.257265150447352,0.277459742605997,0.315645976913205,0.199111376699057,0.0140038232579289,-0.259243536300477,-0.106351454569187,-0.214679251345502,-0.105175809366266,-0.358365300655045,-0.0656379232658626,-0.0823356999836289,-0.0477422820461998,-0.277066570569378,-0.235222760191006,-0.278898222827564,-0.320881393798535,-0.0466670926978316,-0.204168687340449,-0.249730738712233,0.346560171763321,0.110005954855424,0.0441608052555917,0.0810831015094175,0.0009205211867176,0.277894088286716,-0.121732228034393,-0.165648936850696,-0.163517065826351,-0.0543638182674409,0.100061783287764,-0.086559884485562,0.01672270385374,-0.348102864935113,0.009916509952767,-0.069440931834179,0.0480284748579704
0.18874300761753,0.679946673388366,0.0631462058934862,0.310496077620378,0.0076905589536871,0.824851159689716,-0.130456123416198,1,0.374020590996065,0.649829597709602,0.202477980845006,0.49801327727744,0.622965456129756,-0.281126401458935,-0.342880597990333,-0.243705676959785,-0.318712926106705,-0.508405507949845,0.0653687860047067,0.103073259788026,-0.223457539671868,-0.0303956890004763,-0.352638701380479,-0.113888739479715,-0.113000073398156,0.468414422185102,-0.510074651530817,0.315059301857181,-0.359621140712108,-0.244403498176438,-0.299019459946655,-0.270183081915346,-0.378341001678266,-0.130880286738322,-0.274891747257721,-0.289349543481445,-0.488042755394426,-0.451759070066455,-0.417173705810896,-0.358865465460937,-0.2814423650015,-0.387924198999571,-0.302869825156663,-0.416960282764216,-0.335444728483839,-0.490753108515498,-0.272567147874032,-0.493454083489514,-0.0923464713931127,-0.128098896817191,-0.0596098209088481,-0.512305296113746,-0.218355238384757,-0.283357892276529,-0.567742344452788,-0.294018398196635,-0.0537128177608716,0.164241540214383,-0.0187577571028786,-0.267881302773331,0.0896654612676235,-0.028908454583543,-0.0209663216547552,-0.232170766199177,-0.206602516739561,-0.128234346918476,-0.121918281809338,-0.0104814377264236,-0.106462295493337,-0.122361434481998,-0.0110144996526591,0.0601555762348471,-0.159329577677864,0.0460286398529627,-0.0599562299861792,0.066705087736349,-0.188472123252894,0.199514311309489,0.191000291111472,-0.408353523387619,-0.0906565718783164,-0.137234173899489,0.0603427074249874,-0.243494651671964,0.630788651000303,0.189812715347992,0.0999592708778546,0.836900678587125,-0.139161299381309,0.631655116462716,0.0263815277017528,0.773348721328845,0.370548692493905,0.243329817868851,-0.21943946232383,-0.43022934155445,-0.121081601821371,-0.315214162415635,-0.109897980392744,-0.272543944932979,0.0609930773223047,-0.291413336767569,-0.168995479370748,0.168188215242761,-0.240722357828534,-0.082104297323819,-0.235880705248469,-0.194362888761208,-0.0998598066130315,-0.353770601463654,-0.150067099020463,-0.354178221951968,-0.446944971195759,-0.148680529259226,-0.40731094681881,-0.260433924642751,-0.143404534293559,-0.0536764444557739,-0.117021582274164,-0.187538674595435,-0.37229156403419,-0.610824625745716,-0.083459435749687,-0.368189722728852,0.0113251801956668,-0.316937432217825,-0.437141188735478,-0.273760288416229,-0.214282555463203,-0.273327370630021,-0.467017804976329,-0.0904175088628089,-0.435582017692689,-0.37538822095874,-0.116253661258647,-0.06978530333082,-0.331635481838538,-0.0361454075967893,-0.455670926151321,-0.173009182626134,-0.294908116411286,-0.219804921258817,0.098254345657642,0.271719291951956,0.0509242886401542,-0.0611254745569465,0.0362789402260984,0.0490120453532468,-0.439614170835307,-0.214890336662356,-0.107627108818498,0.0197547796841006,-0.0407930585783697,-0.132203009725814,-0.0236212632399321,0.216489236942613,0.0099944190963134,0.234799586011473,-0.0437528033092866,0.194890560097061,-0.144768829765381,-0.105312168136593,0.196137024241217,0.215874688362615,0.238578534364729
0.796102611225179,0.749961714172262,0.0736482393176988,0.899232163622982,0.692855277524523,0.694958852949239,-0.227589805663628,0.374020590996065,1,0.645162926252417,0.855244210416309,0.816402938695672,0.631221802101678,0.0681185967459694,-0.0227915523982126,0.215404870728651,0.110597752422592,-0.199410174843944,0.206495903335735,0.46057477881029,0.0457256949350218,0.156253619595362,-0.194318114287045,-0.103861658378034,-0.129130635909212,0.551146916113786,-0.332506290334924,0.653088961974153,-0.382628143333167,-0.255996723605013,-0.018368003242625,-0.354986635026772,-0.201358256341121,0.238972334947876,-0.251569883556752,-0.129583185381384,-0.0900445307212753,-0.243741299003432,-0.291399526015605,0.0473147849909425,0.0735476909306459,-0.0230562721532946,-0.244993440544812,-0.349511144808895,0.0168850117097635,-0.0889781108413184,0.0572408864205981,-0.232207062176672,-0.334120089302925,-0.293890475655475,-0.276127968072333,-0.330963415045357,-0.257851759411026,-0.339563319967106,-0.497309379329797,-0.319184336562836,0.0013731501857176,0.655133681442343,-0.0867981152827058,-0.10108949060768,-0.1512581281342,-0.196586752801208,-0.208670908190943,-0.153559687419232,-0.390443910152699,-0.418382501352073,-0.555868040508228,-0.0688945346806026,-0.229601044977664,0.0401890247401916,-0.0947370961449668,-0.213281568072808,-0.338584912272027,-0.0367854664546473,-0.191802887856846,-0.235570430376542,-0.579243086124683,-0.0826745336645703,-0.19949556656662,-0.3668904515891,-0.321188507797031,0.0244590791712927,0.48949073245127,0.375679772618082,0.774127612009579,0.818620457929574,0.269255111531283,0.423767063296415,0.593683658466269,0.841172247258711,0.787467195550965,0.627097778859693,0.91284165945725,0.567329138144855,0.11385647205237,-0.0985803041378303,0.239519653964683,-0.0792303109337521,0.274798333907445,0.23289087298847,0.311984897351468,-0.0529699989055752,-0.14205606989973,0.564819151251316,-0.111377087506296,-0.144441954389729,0.270738467004578,0.126629403756661,-0.190642515067721,-0.203347198140816,-0.114531322178507,-0.110014111949837,-0.217060556649796,-0.0829231305499584,-0.322084114878688,-0.17194122054337,-0.0438266544754233,0.0244401180985034,0.224662343777893,-0.0111615703953982,-0.101615376698873,-0.380628722984499,-0.0378682093223019,-0.182089985260641,0.383216259380807,0.137583527536859,-0.0064908681655829,0.0647623707360677,0.159808471388239,0.155417657341798,-0.371820925910445,0.0960450442199514,-0.413603774138998,-0.457493117870267,-0.122956723229626,-0.0424387879592467,-0.350120329104841,-0.309368822899175,-0.335342827207258,-0.15742294900928,-0.332734366816084,-0.524225024895244,-0.0239021204917358,0.804638494944884,-0.0962912806165102,-0.110435371644335,-0.0574253389208626,-0.0593367871780303,-0.370820454776093,-0.498402857501849,-0.554774400066117,-0.178739437950053,-0.361807312502017,-0.26818529274268,-0.258012371233973,-0.0037587595815401,0.0455591166805299,-0.22138380594694,0.186525487388657,-0.206890343023339,-0.601394351721615,-0.360067518966677,0.0420269895849454,-0.295253710295728,-0.270754616481625
0.654681000171576,0.742922655639492,0.451608879048833,0.675779653658976,0.448300188753761,0.713320979367605,0.110658391305467,0.649829597709602,0.645162926252417,1,0.548452835327164,0.770092851098321,0.7684331242505,0.0052920199355329,-0.102499244528559,0.0373689566708729,-0.0315300946888837,-0.182733269182192,0.243363924688291,0.226827588324424,0.0131641456222576,0.100464156406315,-0.0658446334010061,0.0893770354036853,-0.0188221601136506,0.521667781177974,-0.302152705905525,0.587038769561989,-0.282509141373264,-0.182077669500554,-0.0488427146432786,-0.197379602420558,-0.0395479255925467,0.0643138988813651,-0.170805776694511,-0.135722262681006,-0.113777950521617,-0.192057775834593,-0.309304700424551,0.0015729423632452,-0.143077006146375,-0.0265879603141715,-0.272240302481171,-0.376280387666014,-0.138541772132078,-0.126071613689302,-0.125677023495628,-0.284267972637473,-0.368427817696943,-0.434889153032899,-0.406423890425947,-0.407942634716552,-0.351425437809108,-0.436272448171388,-0.458248099760941,-0.489593557271436,-0.20884994321073,0.418647796857008,-0.329595952589807,-0.277087589766619,-0.209286274270384,-0.164802858568569,-0.325115004188806,-0.154445975263076,-0.321667461296643,-0.401335026780657,-0.442878189404837,-0.286067030687997,-0.192818138420987,-0.226969087809897,-0.236810810779255,-0.233660170015918,-0.38591541738436,-0.165320461833225,-0.450140256099211,-0.255936539740535,-0.50597164887085,0.107145641107939,-0.187558357322093,-0.510147951931652,-0.244330206535608,0.135447971365077,0.624271532943164,0.353769569127503,0.687791847214349,0.604001138803063,0.557883634125539,0.477505571130457,0.309657316650403,0.747972881031867,0.390045942212251,0.832394652810382,0.658552074479376,0.769153513165656,-0.063089749580607,-0.180827412164502,0.060156315072004,-0.11898367767396,0.029133564001524,-0.0861236646690244,0.247173364733177,-0.163873944960024,-0.131532537558521,0.273099935478942,-0.148451554145753,-0.100034194713426,0.200116941381473,0.0177358754344619,-0.0136774503381841,-0.0838266044786727,-0.0537670967371036,-0.0228006394333313,0.0478953490941383,-0.0688160657179825,-0.436526122280557,-0.17257271739925,-0.289265129016238,0.0761339983586623,0.21324138466106,-0.0287440761134084,-0.153875612104337,-0.316415250710799,-0.177554010211007,-0.175685403195314,0.204190920971827,0.0230477260570997,-0.0089766071868582,-0.212801199881155,-0.057777830181385,-0.0767196969504169,-0.242829219998092,-0.0630345320932406,-0.498827410757978,-0.524829389456682,-0.142465645884093,-0.261748456812187,-0.455010652192725,-0.314423517117651,-0.452483592545321,-0.315522398256095,-0.334542145133403,-0.385496407966817,-0.173014475876734,0.61945359943845,-0.320735200600909,-0.309181311199558,-0.192487909845669,-0.275506671070696,-0.101057328846789,-0.41160859696162,-0.372115267659816,-0.260382488568589,-0.361156260075241,-0.213247752026863,-0.37629422637872,-0.101324620853604,-0.225243434265353,-0.138849433177563,0.009598898999302,-0.176712156529938,-0.376146683343185,-0.4258714499781,0.188877965400964,-0.182332378240991,-0.104488613077716
0.764070221900067,0.683767952467845,0.0195121908476157,0.865747688171562,0.560527628751889,0.543242468197464,-0.229688499826686,0.202477980845006,0.855244210416309,0.548452835327164,1,0.791019550851173,0.607252510093421,0.0768314012616794,-0.0175079694699814,0.264149731701311,0.252071001369221,0.0484889099534378,0.287156956411573,0.390442542033204,-0.0232347173009983,0.157265864082268,0.0307393102278307,-0.0419423015581631,-0.188779789947233,0.315746944524781,-0.298483012214812,0.490117358033972,-0.224311861355184,-0.139653821899505,0.054127075822674,-0.492173630617401,-0.159342212937716,0.112059286925126,-0.374829630382159,-0.0951845632144809,-0.026481130708823,-0.0151611671910171,-0.184510558932425,0.105329322141033,-0.0478143136592788,0.153134832964437,-0.196609431164646,-0.290621382728861,0.0399044187265972,-0.114503939434102,0.0386903439189433,-0.0196868454547844,-0.273268320731143,-0.351699779139834,-0.272277749373919,-0.260787395986809,-0.202930343575431,-0.252824695512482,-0.407345539702613,-0.299826690833157,-0.0664788235491591,0.554188641335871,-0.202029369391287,-0.140643021433606,-0.0769805068852388,-0.123292113294305,-0.112509426164323,-0.10672585264679,-0.273859834633002,-0.265158843287806,-0.660642175791958,-0.171278473924495,-0.381169228414359,0.0314272857725083,-0.0765025185828289,-0.327551083252775,-0.305812193812213,-0.16665755556099,-0.15576537761191,-0.171510622197986,-0.66582154231682,-0.358814364015622,-0.177997852255636,-0.436159529938647,-0.459113456267104,-0.0525281289525503,0.468804863713292,0.377997820064199,0.701440426937643,0.828964567162178,0.313836080024154,0.256549308818788,0.439115375999209,0.711262360349128,0.789720276883702,0.528041656845632,0.902774082713714,0.587184639655914,0.0245194953717603,-0.0953709613380039,0.224887201846807,-0.0857258018901431,0.287346351457982,0.282243742575689,0.362957236488153,-0.0297712552793034,0.0394608961513873,0.449350677803893,-0.16830338632777,-0.16669561326096,0.517980238418803,0.248362412460794,-0.121669901366052,-0.0645842955155224,-0.138967830949899,-0.0536150385356925,0.0007974351122513,0.131744435323427,-0.152439164514516,-0.0063708696373738,-0.0035217129711809,0.0192704764352232,0.301185602318805,-0.0014189235634306,0.0464153122498665,-0.18311480170537,0.0285825036064603,0.0162260687318084,0.475715759678397,0.185082343681297,-0.005638417477901,-0.0233877798777793,0.271519313977487,0.115136505164588,-0.349258956853676,0.0055107280607146,-0.136663371168251,-0.317178799616775,-0.186559038576502,-0.148411444078609,-0.386643038500284,-0.322793456680631,-0.260827804944159,-0.139353102064692,-0.275029348689121,-0.390718373600059,0.066105912501401,0.754337531811014,-0.211576913220969,-0.231033584553868,-0.168337197971003,0.0112869687437708,-0.331559902543159,-0.385987302201056,-0.566749186956549,-0.082011510839346,-0.265554592442022,-0.191854246298028,-0.101885702709238,0.0146464692866136,0.0913844601503616,-0.38790576698981,0.022004670854138,-0.219073503860587,-0.581997511614236,-0.276585550007657,-0.238259891396316,-0.372340776761028,-0.266018156857805
0.832262960983779,0.860290267298969,0.133831741211136,0.899560472299514,0.50688560487474,0.813747348797261,-0.247780108270043,0.49801327727744,0.816402938695672,0.770092851098321,0.791019550851173,1,0.903776548860319,-0.150507512464718,-0.265314079066221,-0.0103064774398751,-0.126691065492896,-0.249410067763045,0.0395365226388638,0.148643238575694,-0.182531963175046,0.144142909739001,-0.121870267332483,-0.0629011695240278,-0.190151220438541,0.431021697328849,-0.542122728558421,0.589135600450064,-0.346584999148431,-0.248139079901219,-0.0931934143183949,-0.415912826566299,-0.198377535212111,-0.0306869051228145,-0.362224051680336,-0.287366162858917,-0.273776174055226,-0.303976804633374,-0.372034507287906,-0.171646751084023,-0.225674889791804,-0.188549261954904,-0.473651677548154,-0.296905678822474,-0.271082942019425,-0.261173988577825,-0.192862874644707,-0.169472555705186,-0.237411291150198,-0.393605162149716,-0.316107115233033,-0.436728143099048,-0.273037383889879,-0.2753496979506,-0.45917476464004,-0.35828271156557,-0.0840784369134562,0.554159014314744,-0.184981188831414,-0.351510005487053,-0.0676005411586462,-0.0736719220910687,-0.137478251003943,-0.251612730142907,-0.277530093974722,-0.2435391678068,-0.517712228862931,-0.114533289913377,-0.302529825204175,0.0163545516043033,-0.0405341356014221,-0.283117475617557,-0.174623037168641,-0.213608905526335,-0.16326092024808,-0.111140755421177,-0.542173899977232,-0.109499956531792,0.0139140063056505,-0.514906820698054,-0.25849827224497,0.0172030041221679,0.503884946295232,0.392399466927939,0.84191672002773,0.893472621040992,0.374895383148264,0.531823780637036,0.371274614248923,0.934960307403064,0.620269335236313,0.801229399472869,0.930748839330321,0.780467986134785,-0.151580876944893,-0.29821130206259,-0.0065353880537347,-0.172326657373021,-0.0632027062283503,0.0022493645367312,0.0793933066332963,-0.351431616001781,-0.121295018288587,0.24414038212193,-0.346448937509666,-0.177365346996133,0.245170553866505,0.0469211865982608,-0.202875529676532,-0.203216172092336,-0.175521871738859,-0.20047838749369,-0.0901908166806072,-0.103092412668075,-0.433986669870847,-0.267199400976081,-0.172752304456936,-0.0619369106540735,0.0299820569802353,-0.137396458845358,-0.30047907123091,-0.328640507456336,-0.140562069701746,-0.295942525829807,0.185925382849411,-0.146444654314398,-0.160813017650341,-0.236693454153704,-0.143353087357634,-0.182281714296736,-0.380136430617411,-0.147799514899263,-0.335266902777185,-0.385248431550782,-0.10638360954571,-0.218228596368016,-0.497556319462256,-0.167756671400393,-0.463906305899839,-0.142037599130107,-0.363128771084047,-0.274955982449103,0.052467368252139,0.850582296327017,-0.214449808921345,-0.333110915154523,-0.2065824197962,-0.0024459599109203,-0.216862800474523,-0.253669083699528,-0.36634313706973,-0.0858611460223457,-0.197594950718506,-0.141279633949618,-0.117456187837287,0.0957932404157333,-0.0076335991919605,-0.273682614555015,0.0154268035266168,-0.0365682899039085,-0.353717080582514,-0.173959332683647,-0.0057085923094339,-0.0990989520047464,-0.0451667589370826
0.70428057964146,0.891001987791504,0.171524472766401,0.723013197204527,0.284906384116457,0.871850452709752,-0.209018776302636,0.622965456129756,0.631221802101678,0.7684331242505,0.607252510093421,0.903776548860319,1,-0.229190134311958,-0.331603225187132,-0.0865991332397181,-0.171828315720059,-0.296222607985627,0.0414882328595969,0.144837119343664,-0.237512672815021,0.165554420624255,-0.153522885221632,-0.0161513992858099,-0.180933711203202,0.39444392547678,-0.702520107316273,0.542157460236843,-0.398514664088375,-0.304098145711001,-0.294457386170375,-0.501097175934315,-0.275252947838539,-0.248595743361867,-0.497513006702411,-0.382622871227901,-0.375963841868132,-0.387692762864468,-0.591665494029307,-0.25673250877328,-0.405512483684109,-0.275741119690476,-0.559975139022065,-0.389018558698974,-0.367371910914998,-0.432966182362883,-0.174071657676895,-0.150560463532183,-0.285684403422762,-0.417778134981913,-0.387244632021908,-0.475294464938756,-0.292096867648674,-0.288646975845906,-0.528598721479206,-0.320885409621847,-0.122947677515495,0.263433531278798,-0.310350924391847,-0.477899536091444,0.0013688528063089,0.0727801314992887,-0.0763613455716952,-0.270449273165646,-0.294010303057531,-0.17793563982831,-0.428448077696479,-0.0891431923152661,-0.128072816520492,-0.0037736405260954,-0.0593931141230015,-0.11983255978994,-0.0754113832192006,-0.262405935360173,-0.171756190870878,-0.0942207509317828,-0.449034945971116,-0.13468824657047,0.159463644510822,-0.600673063490389,-0.341418499940481,-0.084124346325573,0.466177689826061,0.2161162697668,0.865885844675143,0.734831966483622,0.396893278125304,0.646372637923793,0.128646992509784,0.868184870045366,0.346566629612583,0.907609391386983,0.759168978352961,0.74196996913242,-0.245987524423317,-0.390667338561436,-0.0755153205710976,-0.164421116154514,-0.1629289440344,-0.101266160750341,0.0354963244994737,-0.460846587636379,-0.0630502552774465,0.165225872791332,-0.401473705611489,-0.153314961042124,0.132631967470912,0.0243943718614112,-0.151197205089085,-0.265993329243975,-0.156077375625433,-0.220525203318136,-0.134349215359036,-0.0720256983132074,-0.505985156373629,-0.305229066518902,-0.215491080501048,-0.135476892587863,-0.0505290661475906,-0.286522087599894,-0.298343331246392,-0.346862824030368,-0.185622826529407,-0.311972966296985,0.164131640216418,-0.24385564238766,-0.2521187504877,-0.393794526293323,-0.230499810070699,-0.281823816201151,-0.487946709367322,-0.138533798093929,-0.401825962229665,-0.424516520952103,-0.0526702883407746,-0.207939199305692,-0.417016961535937,-0.0138097309250662,-0.422471275119276,-0.0104263376265668,-0.446988447026685,-0.263693047933789,0.160062212035091,0.616734373850939,-0.315838902863802,-0.420376922863425,-0.190449712070692,0.0508689083800992,-0.289453761012429,-0.133930602017802,-0.169890608330944,-0.0120889572578454,-0.0080789760358413,-0.0321954572484674,-0.0385783156902383,0.170444748071679,0.0112798782991878,-0.0848910807031176,-0.0262925836046429,0.18279250592245,-0.131091414430965,-0.0609472555868386,-0.0502238187762965,0.123433605183476,0.0784009380870499
