1,0.340213598690134,0.306431490989414,0.286777603002596,0.444611686502068,-0.0624811170449286,0.0508555518455436,-0.041346564785866,0.302921315173803,0.339361214444228,0.207889116310545,-0.0411617742216197,0.274663552406357,-0.117099479384464,-0.255823067463262,-0.0199830839526407,-0.0510851467006731,-0.0888849526380653,-0.303623561677807,-0.166723907876054,-0.111916123434744,-0.129874269821813,0.0651336227926126,-0.132768990291482,-0.103587820829852,0.193311426190423,0.229945918405422,0.340692030964568,-0.11820343189129,0.0133795859030921,-0.0781157698929743,0.0985215654853074,0.181373767785975,0.0506319705487394,-0.0993695245675352,0.0065573844656343,-0.309222131427144,-0.222484229876655,-0.421596615978226,0.0148275253449999,-0.195976483506564,-0.0363843893788256,-0.192501006404561,-0.267101526524424,-0.114324321988932,-0.0346215701687402,-0.175965894608677,0.0821575757155453,-0.232828712165566,-0.0739974209778401,-0.109128816783657,-0.182216154269283,-0.329836410454426,-0.425156707499023,-0.361337811719087,-0.17295999146683,-0.388605974986091,0.026496451839063,-0.241025822017687,-0.121376250992274,-0.014272406077198,0.319345349758362,-0.014897721790997,-0.0707468078586624,-0.117578795074618,0.0522526886152989,0.25000903129952,-0.239286380962081,0.100156723182772,-0.366364056196167,-0.302573530621167,-0.129557753868901,-0.0649019459779306,-0.369241764742627,-0.548184950234268,-0.301058017277516,-0.0392780167635512,0.412290204419589,0.186764273656424,0.0889927227292438,0.202063716391292,0.580615656436546,0.410356896102729,0.736177158494343,0.134284585641503,0.195108845476083,0.181561021537959,-0.135181347734198,0.385284612757022,0.0090501358070687,0.0419813283081981,0.277994108378264,0.375461153530188,0.533912598562488,-0.11681328221811,-0.0960561914114638,-0.0686795057500334,-0.0447845684812896,-0.0480864576502589,-0.0950889128234682,-0.344720825972964,0.0454857188233974,-0.146468127162499,-0.129252463664068,-0.130520614794096,-0.1369881498704,-0.0019679191642169,0.148814792902154,-0.0960130737458572,-0.0284234104867853,0.0402858622334464,0.156376384394139,0.30205916118742,-0.183330563921823,-0.115986912740752,0.0414175201322081,0.100973356295955,0.374812143622234,0.0710475856598959,0.0762258753720681,-0.0690186020486969,0.264574052429635,0.0949282734266963,-0.124327454984228,-0.0569574979518008,-0.31629204983597,-0.0503779181048936,-0.134023684523744,-0.141912156123605,-0.118052360565461,0.070750395071552,-0.129878109344775,0.0093988245066284,-0.158078517955871,0.153434575780468,-0.321831893588134,-0.225606622442602,-0.198512656462805,-0.187201281000783,0.178698265441533,-0.0762534783645309,-0.101445580470592,0.0483464660752912,0.252886090065143,-0.267653120540157,-0.157762589604867,-0.245776440394649,-0.404864750622294,0.532554305170668,0.432278558193953,0.110526050302777,0.123542574551558,0.307294736012292,0.170298274548105,0.247144691093506,0.0688181102853687,-0.138928522721776,-0.103955739529315,-0.0182372740002687,-0.0035835146728833,0.151837907799818,0.12340071582867,0.563386087252364,0.312523560397747,0.261801761897432
0.340213598690134,1,-0.118355712053575,0.630974833060019,0.213298086925662,0.267899258999068,0.111850032572973,0.289546015794827,0.34236224913403,0.585488995771607,0.378393708473551,0.533209227173641,0.747463487149058,0.0436746136496152,0.0663694096004819,0.266668374349654,-0.0350785751842261,-0.0813710136572808,-0.0593381584398739,-0.0182736321340478,0.387830750756591,0.308128955329888,0.225594305062615,0.0386697669197267,0.279627422502266,-0.0301076050339117,-0.311834852663438,-0.179169731637804,-0.165233197305255,0.001673069401146,-0.102608712273437,-0.163559458366884,-0.247141813350252,-0.172994945653412,-0.489485389592476,-0.271704502957064,0.170166428714495,-0.384668154756808,-0.455690517119799,-0.132090563094309,-0.384246444619757,-0.103704966830842,-0.40381965394114,-0.40251609296068,-0.27765938347519,-0.140202163169906,-0.12378502490738,0.24267588052255,-0.0740866078376944,-0.109741794878125,-0.347093517528077,-0.0338099086264258,-0.236060124267076,-0.328995898530761,-0.334908212028122,-0.252697455616572,-0.273435809061773,0.237981024937238,0.0020724950546335,-0.382950260483923,0.130134863782677,0.270071640108157,0.115348620317255,0.0133976194175229,-0.216551895498762,-0.0666450079045886,0.240970158619979,-0.190187977309526,0.202544429123027,-0.102174126314763,-0.31262038418156,-0.0108819482670312,0.162284488473235,-0.416317270877669,-0.431161951259884,-0.0624180634879932,-0.222740175212539,0.129863360576117,0.256158094728969,-0.0029427810577728,0.189238296067284,0.126223298839658,0.318718427949176,0.211003609625497,0.560281887305411,0.498488109488137,0.238548673504575,-0.0464888010734156,0.480453312763218,0.233431539778631,0.226112501383848,0.399233380711677,0.550160164243036,0.119960611017739,0.246714912702981,0.335671540975895,0.0627340640505198,0.207040771528801,0.211869617750557,-0.130623682834438,-0.095877800289654,0.0696452490450706,-0.0157507433809679,0.124214833150385,0.136698459656552,0.235610844773286,0.000245313055855,0.419824097129335,-0.0563897956282918,0.219586581222503,0.390254514812566,-0.0817912860627138,-0.0229867534549954,-0.339653180203502,-0.343958087188979,-0.250039637376173,-0.0858253415539985,0.0207437057393791,-0.052661636312761,-0.427178037272014,-0.386842773969367,-0.0077892144942154,-0.0707517727176558,-0.178923592494206,-0.0392560525652257,0.0826410605384263,0.14708950883859,-0.305655410708707,-0.139839522787174,-0.283794282218992,-0.136343754883946,-0.0601366515564528,-0.271734628283281,-0.397651285605667,-0.107602077441108,-0.265411699845113,-0.0511043189951974,-0.331649494883192,-0.135400729123233,0.0125922590987285,-0.383595948678357,-0.217150520743567,-0.145993842265188,0.158106241176209,-0.175229720305924,-0.400871855470469,-0.382567175011642,-0.343946698943289,-0.113117285424688,0.0556090381750342,0.0028217368575131,0.0601505534032934,0.283462183064993,0.197950011384707,0.230033429290158,0.19237865241749,-0.102586144275781,-0.0441930882745327,-0.03767020572723,0.0762138000266884,-0.0909585833032905,-0.259153977409965,-0.010826333899325,0.136525869168309,-0.0133689052078962
0.306431490989414,-0.118355712053575,1,0.0532286903094982,0.0829679552358672,-0.141840865982032,0.461711901720573,0.160471248892491,0.11266034076114,0.0558253323564498,-0.139358488216436,-0.184195335204862,-0.118168459571298,-0.287336373578263,-0.420096410038221,-0.359612661204253,-0.256211095971225,0.124522688478354,-0.477586315162773,-0.317777494225274,-0.331696175850267,-0.233502021895495,0.306461683779473,-0.0657758179312976,-0.135419218155446,0.731490517059028,0.81081571591482,0.754202247570238,0.529536454903256,0.323410869175659,0.545477506467089,-0.0036153201358296,0.701271933927968,0.442519220835847,0.531020022523953,0.735262515700324,-0.477472613634229,0.412668322269301,-0.110566741180167,0.280967490764486,0.0150751233273506,-0.0589069019347325,0.275062956809137,-0.026746061791611,0.001503496157066,0.118433548718148,-0.248778778517556,-0.375334649009606,-0.41142970687992,0.198146565591304,0.64819535652993,-0.337042639306112,0.0217979491258272,-0.340470848953967,0.1166809040423,-0.0646036135089219,-0.001411080623653,-0.0352356674788814,0.0813617996954337,0.352216462937033,-0.426712720494811,-0.418192592477984,-0.393641900197265,-0.227014614184263,0.321092478862995,-0.145647912957398,-0.264237921576488,-0.245733689834857,-0.336956381005311,-0.313570052630279,0.242167535567531,-0.397056967091636,-0.428431645332308,-0.230022562129645,-0.243691679720442,-0.356244673713195,-0.0740609698334869,0.154675238175184,-0.281691051473683,-0.101462016292138,-0.263537314962968,0.188745465783362,0.333766241799538,0.216298812875887,-0.0822622412143923,0.0676589754197031,0.431317286190518,0.0850859862876924,-0.0702321371204447,-0.0487509419686149,0.154550988079059,0.28108789253079,-0.189375917831485,0.559546814366434,-0.361396252828298,-0.508964926282032,-0.283060543029922,-0.265931127613839,-0.59685102053431,-0.10713965769891,-0.512158166384342,0.133947970291812,-0.0292447219711351,-0.382025860371838,-0.16286314156455,-0.219543008284922,0.360334512820417,0.11286719537001,0.171263061731905,0.188789450818106,-0.0489937542980007,0.747210259385269,0.598190181182591,0.359886095245472,0.501936140510495,0.512118234730865,0.609326520274157,0.619399908447083,0.262043024919907,0.668790926691796,0.471304401968314,0.0507881579860808,0.146793553226154,0.167694482216744,-0.040213467857729,-0.165925819099985,-0.0103242693878294,0.0517999560696593,-0.116708145861988,-0.106548387859934,0.352806090808796,-0.191428773323275,0.251976241778776,0.149836448697202,0.402842379459758,-0.0742889945586675,-0.0256513569368134,0.126086275651942,0.384064215283829,0.366155311421376,0.102179592374377,0.039079865285963,0.272678948465952,0.142197578303687,0.0224471989095242,0.358621008469663,0.0241085508513722,0.127132071411165,0.590435932631208,0.1273783481523,-0.0148662384134076,-0.284410388158114,-0.202049848859836,-0.275004184541499,-0.0464956220976872,-0.215212901112953,0.180788136097489,-0.246234747063798,-0.001078022187988,-0.175423727583149,0.185279634622694,0.237908819573279,0.46299802235674,-0.0612125166089094,0.140741469444004
0.286777603002596,0.630974833060019,0.0532286903094982,1,0.256096056803077,-0.0168903862540652,0.313678758588545,0.158872299290628,0.320981832430554,0.566823120781039,0.523835750503931,0.445302215847465,0.607143027448131,0.0316032668046824,0.0778693992269686,0.161415711513404,0.0288037949721625,0.0461761835543916,-0.169451881958079,-0.0875582711235188,0.171358619616748,0.142230486312443,0.205727382019976,0.0539613713265666,0.125030594460783,0.15894320710099,-0.0348897104367931,0.039958664134153,0.0834050497531291,0.081905933578164,0.103519308464613,-0.078652337716722,-0.104842701534708,-0.036778014427754,-0.247311734556249,0.0944847478124117,0.159152727752617,-0.108509133393152,-0.166413465684233,0.207287485592176,-0.225813090414517,-0.0386559555662072,-0.096614315527864,-0.312602073705968,-0.193223972076099,-0.116124993569518,-0.165411011614202,-0.0113008873775599,-0.0782155283752082,0.12627959140357,-0.0745248758729776,-0.117832699228947,-0.0079760616122809,-0.305749471905524,-0.0510249793547214,0.0326261926238039,-0.0369229499875518,0.343815728454514,0.0199195428069038,-0.0770184153267042,-0.174122928254531,0.100938396915298,0.0205052437063911,-0.0075855074784137,-0.0168756832535493,-0.0376602244976983,0.100150379116673,-0.180120260360199,-0.0178773466538727,-0.181497787720226,-0.0254564827320983,-0.231024708183774,-0.0905054908578775,-0.341020422433225,-0.31788934923735,-0.0274421580624082,-0.17185437525354,0.137049509290711,0.136168512516463,-0.0199132264486317,0.0908965357323291,-0.0139082898762353,0.0944801924493928,0.0241869828617255,0.503555431669678,0.562520267608056,0.16021246516554,-0.0620870167509114,0.488599134893032,0.187246876862658,0.414105163507821,0.35970750234097,0.564512564690232,0.205643519118954,0.192791868787255,0.230657307369073,-0.0216242895876505,0.0620952017573264,-0.0446091081053866,-0.04416945362965,-0.234302904173829,0.0290254262348436,-0.0037933390618208,0.0177292008857972,-0.0437219955917889,0.134351188619157,0.0560502084161528,0.258695045891524,-0.0647006754182858,0.0771752401253247,0.201088888637905,-0.0764711673665722,0.0898522911518006,-0.0244412916582526,-0.0974838005767747,-0.0489396748063711,0.155716850421879,0.0978689346427728,-0.0506674305911925,-0.200631267671075,-0.0808772107211395,-0.0255243724022373,-0.0393631916290134,-0.0299531205639155,-2.39557521902785e-06,-0.0374768916753836,0.182902746104987,-0.16659271075698,-0.0047063918574952,-0.173244967012672,-0.0949571831119158,-0.0279462587418427,-0.121961817303559,-0.265089397405372,-0.0074316912233324,0.0194629564347667,0.0453049829940474,-0.177651300419893,0.147334286947011,0.201287620240722,-0.235103362774691,-0.134612723321993,-0.0461632262605132,0.245773619062237,-0.10704851890725,-0.183650779260464,-0.170273233545018,-0.21127581449594,-0.0340233159614107,0.0467859916380283,-0.0439233352759869,-0.124777547591424,0.141622060153296,0.206442366837313,0.149376116829538,0.236756973882281,-0.0472461565031354,-0.142672382268927,-0.149786006874128,0.0013575033838706,-0.164095258233917,-0.23019020617796,0.0676071461482785,0.103486389684028,0.0335911460794519
0.444611686502068,0.213298086925662,0.0829679552358672,0.256096056803077,1,-0.0592034026203607,-0.0712639977586915,0.0227758834994089,0.245028664323337,0.175136469311365,0.228324191495967,0.0744135925791052,0.254107311960429,-0.0552416938833608,-0.152159467227691,-0.0187962582134649,0.0028981063177195,-0.110268587845782,-0.0125427327741506,-0.110349027255135,0.0511622190674393,-0.0444781310332293,0.119050755323709,-0.0441595582184019,0.101779312108622,0.179830806795881,-0.0206280642832196,0.240661026437141,-0.0296535136219864,-0.115905322813702,0.166407505149243,-5.81047011771666e-06,0.0925425245603935,0.041471061055959,-0.0098048769504138,0.030055935158172,-0.217145623059693,-0.194027280920928,-0.293107028426561,0.032787867460259,-0.0963976581984654,-0.0499307014846982,-0.133480050064318,-0.18403049268356,-0.115524755609633,-0.0077646457685266,-0.118615409885411,-0.107879730205666,-0.188434965493191,0.0447492185291742,-0.0508245223010553,-0.170363138483023,-0.242208832029927,-0.264224199095406,-0.104987599928759,-0.116084900267271,-0.262156855614368,0.156298461931168,-0.0647769907774688,-0.0173937052879714,-0.0692326619011865,0.14227648682519,-0.0343682951744395,-0.205000676217854,-0.164028471457983,-0.233032133101653,0.157878779973656,-0.160068293689628,0.092058909106738,-0.34294417318216,-0.308153452378177,-0.0718487287424524,-0.114478576516475,-0.203160330703264,-0.324548392723383,-0.207601940389813,-0.064174816639778,0.473589730671448,0.149719121470466,0.010088731806946,0.119572277061666,0.4576214882599,0.360782111144729,0.420967846091691,0.0493061297301656,0.308062993462804,0.0828771800158018,-0.111101756719689,0.403256302815401,-0.106699626609394,0.0389847564636145,0.222502866451436,0.269501765815144,0.305489359450414,-0.123777779389032,-0.118964595053364,-0.0217813147599188,-0.209409054068384,-0.0219283359997137,-0.0230491134416142,-0.0912017816017443,-0.0090680530604596,-0.053760450195973,-0.0110043224948556,-0.113199168411968,-0.0268897462254959,-0.0361734583151361,0.112038418809389,-0.11052901799405,0.0596448885330952,0.0889906961312227,0.117700017941272,0.115077973316888,-0.0905657322744472,-0.0473089785907194,0.0497311613849147,0.211844465128967,0.301328166095339,0.0716685408274691,0.112500686140957,0.0151230971908034,0.0811295187843306,0.0376949655852342,-0.162601310943742,-0.0560099765388732,-0.213045851482659,0.117159305036527,-0.0645701613055404,-0.0454253546570583,-0.190748949357635,0.0137945443723931,-0.102890005467193,-0.128208993327273,-0.0963301798305295,0.258312900461507,-0.117150913942681,-0.0214587386410129,-0.0690319690608404,0.055575064003709,0.112220495052466,-0.108964072936082,-0.092190120940009,0.0981526538032539,0.201656503224663,-0.175727315745792,-0.0711823232718056,-0.180811595050001,-0.188390707913199,0.221594152672486,0.108785230814247,0.101816752052331,-0.016227240011017,0.185804019488367,0.0980157400697896,0.168279679029304,0.157196247378042,-0.225303406882693,-0.0381109387484001,0.101804169086716,-0.0674750815696072,0.165316330792651,0.134945478763633,0.440609720272985,0.274989929777676,0.153210835972313
-0.0624811170449286,0.267899258999068,-0.141840865982032,-0.0168903862540652,-0.0592034026203607,1,-0.289532621558247,0.495032784255278,0.0441366396181466,-0.109692709998503,-0.123622692782688,0.427988206501164,0.0754944422269229,-0.329957199209487,-0.0796937945351562,0.0024574208975172,-0.243491840586825,-0.200235956926175,0.213251014933604,-0.0942649010566913,0.0576519033274436,0.0976542090099235,0.177112717103623,0.0739232359898527,0.364774132283117,0.0129599888236327,-0.317600279477839,-0.212492378463424,0.0656685797448961,0.130383462476658,-0.0350978853364127,-0.0451880068108796,-0.306985501020095,-0.214709939249956,-0.218985781109838,-0.317489354330803,-0.113079120436333,-0.414003627677305,-0.26997617731903,-0.479671952241821,-0.381928771483602,-0.259008195693493,-0.308290192004666,-0.365139740899138,-0.438866523395794,-0.392640629160069,-0.127513629565752,-0.100402726981651,0.222241648714309,0.0788111237637619,-0.124123674091954,-0.0781273825359916,-0.0725427971392686,-0.288244314219323,-0.282164032500873,-0.31566139200408,-0.222382301957598,0.0171002422886261,0.133865617148987,-0.321949095880955,0.282387698881084,0.262360690348649,0.268371791442685,0.0344957509538866,-0.449953585731639,-0.242556700354657,0.228997867421714,-0.296817707280353,0.282850806165087,-0.0584023591565564,-0.461033799513538,0.0911515356987676,0.17256448347584,-0.465995513915391,-0.240560923758423,0.21806351163084,-0.0074387613365146,0.185256000740196,0.265807969483478,0.156611102421716,0.206321801441973,0.179695542988879,0.179553854765415,0.0316483107322601,-0.0606807861361586,0.013075585833943,-0.0538064263710068,0.694000021178805,0.0032312207104952,0.409640506388386,-0.0605525957429844,-0.18096282855548,-0.104363502552841,-0.233622446371975,-0.0642980683673886,-0.0840514643982796,-0.0032202270740641,-0.0739541774653682,-0.110358570277531,-0.281233254660252,0.197014605944613,-0.0768940746099098,0.104994793129289,-0.169455072285923,0.0745374502857502,0.154705663352841,-0.022874920694038,0.202862676850851,-0.0187008727442011,-0.109224999700545,0.436938695182605,0.13215912607405,-0.0503116518076601,-0.240368162885042,-0.0106885900337493,0.0755085680995793,-0.105994676147672,-0.201222043481598,-0.196393340094913,-0.169260311241865,-0.140170437988017,0.308067951884094,-0.255498378344652,-0.330731381262258,-0.255169578333956,-0.128784148431809,-0.256825844777954,-0.418689474263508,-0.44658255985505,-0.430432299594277,-0.403019262801268,-0.238747681009335,-0.215735536667324,0.139782511967189,0.340454828526378,-0.251185591682046,0.31246686705543,-0.306237052793258,-0.0881276439963676,-0.0156616662375572,-0.378875848109005,0.311806054019859,0.212897194095741,-0.0371014224493537,-0.036202020824047,-0.179237357253066,-0.421030904303069,0.151184438335674,-0.0451638164105581,0.105313141104281,0.48793312921271,0.18602196852876,0.414061802509613,-0.0976647218805877,0.441289492278116,0.113764391558105,-0.121182045053458,-0.0313071016185169,-0.310036423147475,0.338481118314753,0.372427025158263,0.210180935910467,0.0665047391842846,0.304647713889749,0.214497190302379
0.0508555518455436,0.111850032572973,0.461711901720573,0.313678758588545,-0.0712639977586915,-0.289532621558247,1,0.0715618230794286,0.136327899654097,0.479341293091647,0.103193376352372,0.241388387949759,0.347636946705539,0.351801363754561,0.324963156629705,0.209000030508748,0.279412319762762,0.604382529081947,-0.161029693599407,0.228693554699471,0.155177450883113,0.150810958086169,0.513427136848774,0.226783756303965,-0.0612891233305086,0.206994246868168,0.419357496429699,0.277089796438294,0.272726180336955,0.250201325859537,0.213046440016395,-0.235623568406181,0.358614060823371,0.352558456627199,0.197243197435248,0.605127970189312,0.235948468805308,0.517114813464523,-0.0121731998938045,0.684945075348112,0.26931626466003,0.267021580920941,0.390248005808767,-0.0199402681712125,0.303520356329441,0.269108203467162,0.149117747064585,-0.036035909582637,-0.551375424474136,-0.191130682467259,0.297965631924002,-0.3150722829567,-0.163942711872971,-0.111000664244046,0.0700823517489736,-0.0293595973301617,0.172773790517949,0.0987884750102762,0.0271794249302634,0.218391114367597,-0.483791207230133,-0.403776740754401,-0.602618800746521,-0.243177365241066,0.643889366177093,-0.149750329149022,-0.473285158570234,-0.07158855743983,-0.442110704957021,-0.229568381126352,0.410845261859574,-0.313473951357618,-0.397416373251102,0.0706217885509894,-0.216627786182729,-0.47699910745238,-0.369339437043098,-0.285054337028818,-0.458974295959922,-0.42969920311655,-0.4700937697958,-0.228189210629665,-0.0364780421295711,-0.0794440906805462,0.263664500477691,0.0845967218825412,0.640606088393606,-0.093587320394802,-0.0669076078939255,-0.0157947634508272,0.258268466783067,0.512898065261769,0.028022008507434,0.437089183660463,0.313622211032623,0.241311930102264,0.206376525476709,0.419069623478043,-0.108762484386764,0.386730466224306,-0.191371689526529,0.363130091945178,0.0916783917439919,0.152596828709738,0.133872818388683,0.0813394531971315,0.453359982814406,0.239270284035029,0.330359316699025,0.350464163031018,-0.0179776219379464,0.289786865019957,0.443041619210911,0.491973766190532,0.265066373277635,0.279053148011276,0.460645618745487,0.240668183994374,0.365368080566099,0.198917630535485,0.390021098155414,-0.314581717021985,0.390863242023153,0.611248518303594,0.459776594756348,0.169721413974729,0.539795697571027,0.351865141635794,0.456232189070905,0.318186612690229,0.500424077182374,0.277940371395588,0.366230344241708,-0.121357222349266,-0.235122577869811,0.170866310575427,-0.161301098456142,0.169464540116017,0.369216925081434,0.285918209474992,0.144671252779271,-0.2858341033496,-0.0589315280185141,0.114682184853006,0.0218681714903449,0.317395762281913,0.309928035831598,-0.0724261486944556,0.0880810253808738,-0.128484127082882,-0.450682175474658,-0.289152159254852,-0.483120142344689,0.0505196815714693,-0.26973540928259,-0.0751349241681762,0.285584043018443,-0.129698184549413,-0.225126287818251,-0.417638117673035,-0.475716484609546,-0.288662905794118,-0.110577980056365,-0.429330329779565,-0.192550525040579
-0.041346564785866,0.289546015794827,0.160471248892491,0.158872299290628,0.0227758834994089,0.495032784255278,0.0715618230794286,1,0.179296198988133,0.320045021402513,-0.0565576330227053,0.574155773905326,0.357967369654476,-0.336537875662811,-0.14275453653833,-0.0312056456269651,-0.363453492354738,-0.248529068898619,-0.176936991755348,-0.411787081478294,0.0614808210971253,-0.0250366556119858,0.176266205520948,-0.0662861349563323,0.361023081445844,0.302044655777968,-0.13121847439142,-0.0905922725515271,-0.047056546067193,-0.0025457249912387,0.0261174911922008,-0.242089701057965,-0.068338611368019,-0.0382540691474629,-0.244149904495195,-0.0801602085004139,-0.102354281242638,-0.383474080642857,-0.198593622589192,-0.21008409001302,-0.362890707120981,-0.41461943160953,-0.402030099744045,-0.420116508091164,-0.349560428998858,-0.232917446173724,-0.361565831047225,-0.240165897460998,0.0433158181057543,-0.0090770481285296,-0.175813684045351,0.101288575064174,-0.0189308548368002,-0.259421516655407,-0.24607181748196,-0.1796078713495,-0.280831083354631,0.105256269782821,0.119199733543219,-0.125780152255319,0.128131583314975,-0.0562718723670139,0.0292362336722063,-0.217907611420593,-0.316342346151018,-0.0274246946111622,0.120867317172039,0.0838437176832082,0.356975049717463,0.042906090626496,-0.150230454650487,0.336890508882494,0.332556180531934,-0.186781223931611,-0.157034600989227,0.138433806644962,-0.0973385162118877,0.166812137408611,0.287461868046957,0.130556960539207,0.191041744326897,0.1088048931121,0.292111766109052,0.0230579238491093,0.0392476036934544,0.0795515333102506,0.331519105737601,0.430371096950076,0.121164775563064,0.304186255066728,0.0657969392294509,0.350839607282432,0.0190852379184436,0.131308419535285,-0.0682578559954584,-0.189817703901534,-0.103975461047891,-0.176094492216217,-0.280656836850575,-0.337834328139508,-0.184712632118479,0.0171610838790038,-0.0172175302410223,-0.349766203180382,-0.0416972487335692,0.198740751604665,0.0211023794467692,0.131657906523666,-0.131699926181208,0.0835794556753376,0.283909360884088,0.218612869987556,-0.0479836205490459,-0.343051164185536,-0.211474310053795,-0.0683444057395795,0.0492260563737019,0.139415694629253,-0.131689815805292,-0.211381335361889,-0.299202315328646,-0.0397621671871632,-0.293100943210591,-0.363809751525143,-0.325284851048705,-0.156604667370259,-0.186140436050165,-0.391626852073604,-0.425638941345006,-0.473177984233201,-0.316709560007129,-0.428603433000804,-0.249973234824861,-0.139807191073859,0.0421059259201589,-0.120328188200242,0.229299577276043,-0.461168858416524,-0.0462924871960457,-0.0626329817865962,-0.559632506939949,-0.0140890464890628,-0.137065082923736,-0.042629448427267,0.0746101782944579,0.0632394254163551,-0.210966087540488,-0.0078084351956998,-0.114073370002255,-0.0902824105242625,0.0555798747321438,-0.0202634359117721,0.218863634004627,-0.244978960135499,0.274625354295936,0.123425020988678,0.0600830109506061,0.177655405317859,-0.0564805098942337,0.259898294468378,0.0038499390240147,-0.134043521018076,0.128190510137309,0.186509670236747,-0.0290478510213079
0.302921315173803,0.34236224913403,0.11266034076114,0.320981832430554,0.245028664323337,0.0441366396181466,0.136327899654097,0.179296198988133,1,0.201849510519586,0.44547800069294,0.283323805797547,0.232029911390882,-0.0670834773937464,-0.0103943990340599,0.0547944089126022,0.0331681779322796,-0.059337384547633,-0.126364884694256,-0.146538379629771,-0.163559822812933,-0.197421373138739,-0.0745561674756726,-0.38804283273289,-0.177916240623495,0.145802039051957,0.0285174514262463,0.226402930639041,-0.185679418774732,-0.284178240786939,0.184718058963702,0.228687056796205,0.104415769613571,-0.21850501342776,-0.077662118951055,-0.103798170079819,0.067918641423016,-0.139331427809304,-0.248960503409999,0.129488202516691,-0.10469590577455,-0.203097196260128,-0.196040792658944,-0.123845122457205,-0.0795716114621803,0.152160802703873,-0.27939884090285,-0.216344642482631,-0.153576416591664,0.14997309789553,-0.0339225769360701,-0.15329771115934,-0.139447381408142,-0.214826432726202,-0.150765231647758,-0.153834261985402,-0.107787973050497,0.545697239639879,0.28305492591725,0.177477176576363,-0.260859417925163,-0.123123069811876,0.0138153762371569,-0.0652063761782429,0.0396908502628923,-0.163181704080623,0.0716511512146562,-0.0573288372526876,0.0312750510162299,-0.235604388520569,-0.185804032179369,0.016447374714415,-0.0696732247725438,0.0346639906231544,-0.0664842518414574,-0.0571247758045421,0.0746912905331868,0.455195356948737,0.245979934663231,0.276810774884553,0.236690475089198,0.339380626424333,0.237953770776662,0.332264011895446,0.224651122387151,0.18549209471938,-0.0213527637521016,0.161299391468001,0.571028314301866,0.504843663690984,0.464475978970781,0.128115313971435,0.497018659228873,0.210917905244063,0.104229246992415,0.136767460702733,0.0493342040554126,-0.0412404937305851,0.142034183342067,0.0278966416932299,-0.133205099401387,0.03061430758983,-0.187773252709189,-0.121094116919119,-0.244558301723722,-0.032143820415352,-0.0673292955426445,-0.0724274501941732,-0.246120319847364,-0.111070566717697,-0.220008721408809,-0.0781401721911991,-0.262405487786637,-0.164360110528411,-0.134440515056928,-0.189189869712586,0.0498694255013731,0.173557176217144,-0.188392764646928,-0.0659664606574171,-0.20667106580718,-0.0648075995631111,-0.0662116408111034,-0.194023182546179,-0.290155119896719,-0.291985744155773,-0.100682926706544,-0.139681887981805,-0.13194619562992,-0.116808717923599,0.0300717953936891,-0.271311370980013,-0.185610735435549,-0.076754233007112,0.159870067143381,-0.0001861769214917,-0.0023184562458679,-0.162091624153496,0.0318326032527568,-0.0803097572057808,-0.241171205722934,0.0331113162727515,-0.0620792396076441,0.502225434048989,0.227797467226779,0.0128282405858355,0.180363769956535,-0.0554544797155591,0.107132742437468,-0.034765061080514,0.0519029663690357,-0.289697928337009,0.0518159704695879,0.0198119199635693,0.042574755970269,0.0090318235932859,-0.310320120391605,0.208711476333889,0.285642875524011,-0.0378921646602142,-0.0187179836583369,-0.0252098405081961,0.451123356849112,0.290187521487972,0.177330585308939
0.339361214444228,0.585488995771607,0.0558253323564498,0.566823120781039,0.175136469311365,-0.109692709998503,0.479341293091647,0.320045021402513,0.201849510519586,1,0.417902234263999,0.518617180212874,0.840925326102923,0.0635541050868342,0.0303088058948733,0.0781462700064839,-0.117180721426169,-0.0724605876119677,-0.248676108064655,-0.129302711777295,0.180238852633909,0.104866657450704,0.173240931497437,0.0330383038252261,0.104486103338915,-0.0136741266993707,-0.149029412173813,-0.0053532464302211,-0.281990528413816,-0.0681425812964045,-0.16335542593187,-0.268619361766346,-0.0444543977888289,0.0948277141310075,-0.300439394853274,-0.0205695965964096,0.153856529277942,-0.248615431076978,-0.334624925702102,0.121258191120239,-0.0900910388710897,-0.121610264370603,-0.30952459257615,-0.257551002644402,-0.122500025933434,0.0022460555983629,-0.164617684584024,0.0149061250351554,-0.287732911655254,-0.232225959997926,-0.350552108986428,-0.0174011548791276,-0.258785216192128,-0.162397052353514,-0.150455151440428,-0.0632340312693124,-0.284725119910739,0.23610039871131,-0.158556389689723,-0.379461117264085,-0.0818962478168116,0.0445312773177169,-0.182009046964891,-0.211372964369545,0.0182407498112304,-0.0181159097887592,0.126907869243802,0.0968381705086787,0.150972665856313,-0.092099315258187,-0.0599639662335567,0.0796131682704891,0.0987279524487313,-0.063701658477808,-0.264014776833402,-0.185542300925719,-0.247964929545168,0.040936707817064,0.182085243090604,-0.0945050838177005,0.0165966179634642,0.0293261662282839,0.0968020432714214,0.176412266249509,0.46440093035193,0.271301141043765,0.579509491921577,-0.192047226221866,0.358448712546306,0.0026851419429215,0.0894494006821639,0.736075112468594,0.352813989890897,0.532412091479432,0.0659211447298964,0.190838472513111,-0.118124924733013,0.167076819582149,-0.0122065363969623,-0.175477997778838,-0.270193128076624,0.0152286735740331,-0.106793489195114,0.0443482262585875,0.0347323378492423,0.176855573848921,-0.0767986741587721,0.302255360928774,-0.0328706571336558,0.119019071490026,0.136569978418207,-0.103764484557813,-0.0136251837572777,-0.270680125496908,-0.393958158905212,-0.269802928520503,0.0354753035954684,0.281831465374611,0.143372047330025,-0.26705577377164,-0.262393727687965,-0.231542143868432,0.0396529140114671,-0.0352256925269124,0.138060606208789,-0.16042619056406,0.163070468003352,0.0289754607161221,-0.0132511355423815,-0.0645949505297933,0.0243840700430081,0.0242830504115651,-0.0501902663337801,-0.380506041736962,-0.295307720640257,0.0623183319355102,-0.0285144265454166,-0.162518358666108,0.0053565041414054,0.0919762371972119,-0.150750993633962,-0.285078809237014,-0.149369489266359,0.146522274249394,-0.171270270284513,-0.196954226844625,0.021391364160758,-0.276987441810293,-0.0383090793440086,-0.0464722105936544,-0.260462624629227,-0.0536710718847662,-0.0430770067057259,0.037591770637183,0.042803611721969,0.141696813630667,0.0945581831893931,0.0971345782059119,0.027588451766687,-0.0615560709691653,-0.308051262894542,-0.353580405775933,-0.049051765271539,-0.0102624143268781,-0.210123170057692
0.207889116310545,0.378393708473551,-0.139358488216436,0.523835750503931,0.228324191495967,-0.123622692782688,0.103193376352372,-0.0565576330227053,0.44547800069294,0.417902234263999,1,0.302970775205543,0.434329982557208,0.0416979577839261,0.0962292786469253,0.0964692150875066,0.0641948256822176,-0.165953718932682,0.186023088448023,-0.088403634582423,0.109111921122651,0.141847253759323,-0.0193828842042812,-0.101952121686379,-0.0471112794220842,-0.0216292471176184,-0.1550611528367,-0.0836625635156487,-0.0956831652799203,-0.160424383898466,-0.135848933978177,0.0659204135438344,-0.136058484017398,-0.154848460803737,-0.239431805178555,-0.215857047015884,0.140476225775228,-0.189753960232754,-0.205398342683362,0.0891678912127705,-0.128394476006192,-0.0164525479343262,-0.136760575876672,-0.0723225023366062,-0.0967656135723708,-0.0293407986159628,-0.16493978962105,-0.011106180839313,0.067384143957049,0.0464253595331157,-0.241694937343322,0.0637098328495859,0.0200322893708936,-0.136825377077211,0.0190600442444702,-0.117201736515463,-0.327311179323288,0.232539567896593,-0.194035029414549,-0.06015026165888,-0.129023438878411,0.188533725675918,0.211400563245138,0.0963576782164608,-0.0914169429298449,-0.0851654040263757,0.330890804380776,-0.0575965387802593,0.245370447388405,-0.230057032460227,-0.236233948833307,0.0311138886349265,0.0497091486833533,-0.0436007591568419,-0.0612844479684414,-0.0239834765408869,0.132671148961497,0.295846463374395,0.364696758718688,0.169052345408215,0.248032754762306,0.193311926857066,0.171770514020147,0.21756261262502,0.294578411208338,0.29162499124597,-0.0689169477710305,-0.139511079496388,0.355806740249509,0.0657831596255784,0.159456666851451,0.153425599592004,0.504778025450103,0.133819554564431,0.108672879817884,0.250650985200227,0.0102786967037597,0.0491144501013088,0.184809748502156,-0.0377868065609936,0.155101932660281,-0.12607704630128,0.0146783267266013,0.128671434573174,-0.0894502875851483,0.255123245029717,-0.205366838171849,0.121444691720358,-0.197926565824555,-0.11760328972731,0.0044027990122092,-0.318639320767554,-0.189096987136604,-0.100622302057093,-0.276363585171023,-0.226164662925565,-0.140588646203929,0.0784736768688392,-0.0569160818193428,-0.258974955283488,-0.228532131572519,-0.0153151332409864,-0.0965271288724328,-0.243732596135482,-0.1147563289297,-0.149304186590246,0.0233873116620585,-0.11210427889553,-0.0206178169187318,-0.0940717119107614,-0.172115368192332,-0.0911920794947249,-0.278318094553163,-0.169133383932386,-0.0127775300571071,-0.039022570271037,-0.101006570899944,-0.0387942516700993,-0.096716738120848,-0.155519610384666,-0.203567925223984,-0.054283040077499,-0.147777451886217,0.0993591125994781,-0.228287198193095,-0.256530234981408,0.0340914041817892,-0.243514569600612,-0.0064823254945456,0.0538800160493012,0.0624471153376017,-0.0936979945464475,0.123880517854772,0.146496592493414,0.0060701936783156,0.0296358234008229,-0.380627702090119,0.0063826102332999,0.103937961943845,0.0315087716382615,0.0152243293829458,-0.0525236977750736,0.0792386087732041,0.289220083514414,-0.0071420656341847
-0.0411617742216197,0.533209227173641,-0.184195335204862,0.445302215847465,0.0744135925791052,0.427988206501164,0.241388387949759,0.574155773905326,0.283323805797547,0.518617180212874,0.302970775205543,1,0.668002187791582,0.0728988804910959,0.208040179976988,0.236465818030778,-0.0250636783570484,-0.0432827437612898,0.0827082054857748,-0.0965876372189987,0.307041420771153,0.133796000157962,0.213665617618983,0.0091738832514436,0.266940866394661,-0.0304147883322125,-0.397516447646001,-0.255377472218451,-0.118537427561055,-0.0325167247517687,-0.0744455929461831,-0.325256079230842,-0.21142217795443,-0.158169087978732,-0.313087590728881,-0.244409920050771,0.295849048024405,-0.310057980708547,-0.230249356827697,-0.0083597180072491,-0.255278191622169,-0.161597282103637,-0.303884604911212,-0.293890116090791,-0.250058191721151,-0.157546866027176,-0.163701483483772,-0.103230214148295,0.0162399162552326,-0.0912499861389422,-0.286361556262783,0.0069313374315654,-0.132532369638327,-0.107358519735876,-0.233074568249318,-0.26231645209764,-0.181081628836532,0.271020682510671,0.138539120178485,-0.160149569217305,-0.0500193476236811,-0.0521843273955619,-0.0138003828176069,-0.0817072969993467,-0.173725785321034,-0.218125834238572,0.0350396223822592,-0.0413381744254329,0.194954557547979,-0.0647520167330074,-0.177979517945385,0.124371477854742,0.161937204114568,-0.13855604241145,-0.128450231690874,0.0650898781173589,-0.120343010117218,-0.0829748888372186,0.172591661005244,0.0017206316736364,-0.0047733047169674,-0.189981068791448,0.0037049460882783,-0.152339352658864,0.434696646667395,0.44089388904873,0.297297724218688,0.295476497260374,0.288601095595801,0.425560921272026,0.324050807740376,0.413942654897712,0.269546474355514,0.0582540261573919,0.255657475409123,0.218278614722575,0.131965455580581,0.0989518883500906,-0.0340664898738419,-0.0577890479730352,0.07745228747094,0.0072526362255195,0.100462711112539,-0.100945643412066,0.0496000165567165,0.219016814038568,-0.0333758402299803,0.215199505152672,-0.153488903760735,0.0444386884038786,0.23310567478065,-0.105241023273619,-0.17708828819999,-0.185215918618424,-0.266559780453256,-0.187065331884454,-0.0756522678882938,-0.0795746309207755,-0.0687751533268805,-0.379516470956906,-0.318008024173345,-0.161294099226782,-0.151327766196254,-0.173121257403974,-0.121980163288191,0.0435008291081954,0.159904495827235,-0.161319578301234,-0.119213703912648,-0.254238531923621,-0.224779852428989,-0.204727412036167,-0.290404136720207,-0.259540224396209,-0.144835606505157,-0.0584302308004256,0.135357963969468,-0.31116876539639,-0.0039966539449872,-0.142697809703272,-0.406387182265916,-0.158870493003868,-0.213044383524939,0.063914985322695,0.0145636353624557,-0.0250076903073133,-0.164044958477851,-0.0523111672303074,-0.373878637104895,-0.313248598909331,-0.0723186374710501,-0.170605190533238,0.0699713020608044,-0.0585641646461747,0.0367144846172282,0.122679061083252,-0.106013384756714,0.0005597594101054,-0.178145040925196,0.131047419703646,-0.226226251619494,-0.342772465337167,-0.227921175643292,0.0407938241339173,-0.1767616638961
