1,0.771490626367137,0.45498689757018,0.749077152610017,-0.157896656773928,0.537892787787909,0.384744894078307,0.715004191837687,0.408631170262496,0.779087824903757,0.199096058554946,0.773358755767354,0.853344830266775,0.428472618296826,0.216331155498762,0.33874901827372,0.390491216632478,0.282268166337522,-0.0984434223066357,0.486067554722954,0.238607563982418,-0.0008761884272075,0.18877374240125,0.0352763734530332,-0.157763382656132,0.157479162333568,-0.0574990526399033,0.0355358831696416,0.165099078321794,0.166462993605871,-0.132429719528494,-0.26761431631501,-0.121293002664789,-0.178916837789109,-0.245864765055274,-0.0412562244619475,0.330471374697839,0.467202003465665,0.10134130253371,0.331456549406597,-0.0736385796653839,0.258937885374629,0.450723641872503,0.0937814278011172,0.166058081699834,0.0354214727286323,0.430876849759417,0.352586579344428,-0.408322065603563,-0.469923182413788,-0.117231740343948,-0.0488851234103767,-0.342988175333558,-0.109162429158971,-0.131309147690472,-0.311494084321291,-0.162067001718361,-0.182753336223911,-0.187605181478635,-0.340932662333714,-0.0576027810765976,0.014139548722863,0.238513074741639,0.483786738976163,-0.264102243688401,-0.348671527623192,-0.468514830458882,0.0109643196397944,-0.197762037020611,0.0689554749231384,0.0791600264072192,-0.086464409965345,-0.146456115083521,-0.0275986650119399,-0.186534286735878,-0.212004739581806,-0.254940810570153,-0.311891485003763,-0.219552111547388,-0.551223499675088,-0.371323095731487,-0.121718211566271,0.649277206213131,0.292139662263934,0.771001241316195,0.744471397119629,0.513582980977862,0.593175855458584,-0.111074373377234,0.747990932557297,-0.184663078814563,0.752924857569063,0.558524166034302,0.154738911874669,0.3326551259503,0.218152832148059,0.210095067600144,0.170175059393457,0.353184752396917,0.211449230912425,0.0778392054184337,0.376529235303547,0.250281264869666,0.27898448375137,0.299338792373178,-0.160207147613903,0.311885671844668,0.234786431002634,0.0531580063771979,0.0750824192214436,-0.230442725919796,0.211483141893284,-0.0072720726878699,0.481460331256779,-0.104153054493931,0.128448809362784,-0.227128589620516,-0.194755195438278,0.100059860515624,-0.37253439370571,-0.284518852846118,-0.259099887758829,0.437400381194721,0.419323421975423,0.183510471540073,0.178550461897663,0.244339938076748,-0.0658629631014901,0.492682820509973,0.236277683593516,0.132170398399491,0.173232746940965,0.332253013801919,-0.215385289272677,-0.496130394574354,-0.128728847247457,-0.314272702732707,-0.0865302375830628,-0.205292089873673,-0.452517934178867,0.132711155032981,-0.0488826660734813,-0.345874288124282,-0.285689713355661,-0.205135934696973,-0.454025936485139,0.0567988845219114,-0.268649102890414,-0.359469146293684,-0.243879907788758,-0.386408574423667,0.0599495396065814,-0.245662720888198,0.0936095852769795,-0.194758162478184,0.214829052380355,-0.0160616870925413,-0.292142012536099,-0.114239972529775,-0.205865694103637,-0.265702483331337,-0.257874110072347,-0.351889331140869,-0.412751266904704,-0.463664103812607
0.771490626367137,1,0.331168350677858,0.845340845292874,-0.209699923807534,0.656930631892112,0.578750546572288,0.887897965106426,0.231896986857236,0.883311222624652,0.0320913241719305,0.841728766314106,0.788135889663226,0.544766264717627,0.226226781384049,0.285828301794472,0.449658681380965,0.297110387716384,-0.0739542610513247,0.553246527599063,0.163807147797407,-0.153143309575399,0.077033725782413,0.0160273257537633,-0.0996453814301192,-0.0077254388994826,-0.102931735152814,-0.160420682725751,0.146711498279126,0.0998952051553894,-0.225240786381318,-0.340527108159384,-0.384320288670955,-0.202131660142489,-0.404725413946746,-0.196653301206855,0.370961024326471,0.51834372658592,0.141865147984889,0.429991183423841,-0.182436093242722,0.353969505513233,0.365920840933001,0.175782290694118,0.0919585206352031,0.081109473872411,0.451501617919304,0.430664025806615,-0.285461325607603,-0.517944133307375,-0.209743235227778,-0.0591180442430839,-0.370108375840951,-0.0864968108758322,-0.244599177590111,-0.344583179353435,-0.147703409382028,-0.219786063629211,-0.141014976609434,-0.451851069464699,0.0063581027178125,0.0202900997697033,0.247888196878166,0.509265636412734,-0.192108426443358,-0.247837957142916,-0.518854266029299,-0.0108135409633778,-0.335514609299094,0.0850660353113714,0.015526913168549,-0.0981205125698469,-0.175290364114275,-0.0492046367211666,-0.271887446684172,-0.174843171438628,-0.283093617870309,-0.310528936539104,-0.150300140165358,-0.603538676473988,-0.273859678553504,-0.399082231217614,0.608966855396468,-0.107219253376548,0.935970843603694,0.82253026820697,0.729236562464264,0.75901859146412,-0.325358743991444,0.608449510021554,-0.382793120986319,0.751344897191311,0.439507483249556,-0.107961540712146,0.167424783705727,0.193156905725584,0.289207714768599,-0.015916745173639,0.480111202545054,0.240280248067587,0.0585627647682361,0.323198402129061,0.206722875326722,0.32723718135937,0.276416198937005,-0.212616823133925,0.268484551649267,0.23610006735902,0.0405310727177252,0.0858550884935639,-0.176465625947799,0.13026229856769,0.145352007241593,0.503079497392721,-0.266597615507833,0.141287510137097,-0.24749373542143,-0.380540485084786,0.0848137722399867,-0.484362842172243,-0.422188708498946,-0.0832829105378124,0.478565765889137,0.466593287168335,0.210249036562344,0.421740361898438,0.407830586763107,-0.151778484135657,0.527038911994324,0.155199926102161,0.0907874164491622,0.146198347686446,0.359656327355288,-0.265189865078719,-0.513094221400082,-0.132133203995471,-0.232838553458191,-0.0136755022567364,-0.287593502894658,-0.554305130033696,0.227607063426465,-0.0248515859762069,-0.282518420289201,-0.394645578697882,-0.152911332579759,-0.657039367135796,0.0828783651140204,-0.192225124947989,-0.498290991302964,-0.0487725952615711,-0.263095336867435,0.113891897719084,-0.150695361895161,0.127093687633667,-0.0568591409206175,0.153733168167578,0.0114075283803056,-0.261529772875003,-0.216757427914287,-0.222079889203561,-0.175085276214233,-0.225731066431041,-0.419870451352644,-0.36431973091684,-0.434999676884573
0.45498689757018,0.331168350677858,1,0.285210047710511,-0.358354586857471,0.259236746357241,0.138906297366432,0.413905315678038,0.0264328256508804,0.308448581331129,0.0621559390576394,0.401138995251548,0.489947515366104,0.184534219177765,0.122558447701642,0.116153952616179,0.210785235073555,0.100122915759396,0.0344003406257574,0.403816918775975,0.37669458409088,0.13672954599772,0.0579871176711007,0.243888064639604,0.0984639451571782,0.731093248948315,0.502546844275756,0.678377140385636,0.550947253043458,0.543481078764508,0.567122712916138,0.167621316152894,0.288744741542394,0.149016405593963,0.303655444083019,0.618232819336576,0.031436186957813,0.497626362676275,0.147868957063598,0.460872020349879,0.186867795763761,0.364017187583039,0.709787773906279,-0.0112783961029927,0.279259794779974,0.321309098257836,0.227320180385278,0.0580233021702256,-0.221344928525453,0.0759679691348032,0.589130885709514,0.247128834738102,-0.173255051397807,-0.201381042939695,0.491523500054664,-0.22644329639747,-0.278617299625712,-0.204798131777974,-0.23153851426066,0.151065958783433,-0.3222778328315,-0.315490380284606,-0.108550582779076,0.182874601256863,-0.428019415671105,-0.348831017510554,-0.435894332036517,-0.259731810649785,-0.404146993616792,-0.203824284136981,-0.0212329598320589,-0.432528518402117,-0.357149601018492,-0.158418681045645,-0.215496517645834,-0.487816506786681,-0.0649897510113847,-0.37569881531691,-0.436033184199121,-0.420624915360823,-0.137140082846568,0.114071625228849,0.629293664292581,0.224632002805118,0.28672056733955,0.34812948804149,0.187980131794875,0.290597139719163,-0.352231622624169,0.294175935838542,-0.291830257693593,0.400322661634182,0.0517543477406147,0.646234091824618,0.114136602747338,0.162687483943917,0.116218074338376,-0.0212832275156904,0.200943121061617,0.166700862017486,0.127290432649661,0.282487389103849,0.353077317267604,0.245098624084927,0.225000058010409,-0.128250692516862,0.0820810425112559,0.497023071864292,0.13148054933137,0.275091176401242,-0.0775073563439948,0.673601889974386,-0.092415501904559,0.355199890501081,0.481260747638014,0.199826494333856,0.21848451043992,0.25402161980831,0.381115235688818,0.008555856864609,0.208786734112644,-0.205425216846613,0.328918886842857,0.196380234989271,0.180511279857153,0.206778161303971,0.251767501776354,0.0878366770756586,0.407750636128824,0.301842846210464,0.31051951629228,0.174969523212925,0.42206392205816,0.183828988637702,-0.292015742345318,-0.35608208356847,-0.241166386029254,-0.310004774640758,0.214454228996883,-0.209369911281668,-0.0369668307184738,-0.0402789216708133,-0.506757045476747,-0.177086491534278,-0.316045263490594,-0.0630870441867763,-0.0491614230554732,-0.399417488735916,-0.347176132967174,-0.512995203667647,-0.5772580245245,-0.30978231310543,-0.555152754405573,-0.118242138133473,-0.465519647212828,0.136888298462453,-0.0564999516459142,-0.370345238535849,-0.226899139613848,-0.565311369264318,-0.248205210045017,-0.47847785899752,-0.431353610348437,-0.613600878505157,-0.222338601470465
0.749077152610017,0.845340845292874,0.285210047710511,1,-0.211347783426417,0.451993565787005,0.497252494757807,0.824281236983117,0.371328361986036,0.778915969857177,-0.0195615098479702,0.792318327433961,0.714194575970412,0.451623199487445,0.178118278571885,0.313213396581531,0.452469654071384,0.253723835781762,-0.0468739305234477,0.610512898927986,0.306291503078625,-0.101448360729909,0.195720889570706,0.0674169294939475,-0.062312457121436,0.0003037199539972,0.0392700317699182,-0.0850382955687466,0.245867406698583,0.215642377915159,-0.120783144673511,-0.379648857096519,-0.2457854181689,-0.251552728765832,-0.458534995610885,-0.0452730254662217,0.239013295721501,0.53134795000605,0.0497717306117989,0.496198714144927,-0.0917889076156492,0.436330238248576,0.461947173434631,0.0393924096031083,0.114062658324679,0.205034727101465,0.485545328804613,0.459460962807829,-0.455713773471047,-0.498212590438918,-0.0375809236110406,0.152182210630045,-0.436154712551691,-0.33275624572178,-0.168817193094204,-0.397831798048286,-0.341221263170269,-0.311621156787402,-0.121525100876993,-0.438887474643693,-0.086684252916555,-0.108532786923385,0.0733909534565531,0.41866847796049,-0.281893273689696,-0.413397884082282,-0.611873886135294,-0.180231388442437,-0.248654473758157,-0.0269357715613744,-0.0659983002572628,-0.179357306002436,-0.244804533388473,-0.0958533492348342,-0.416245452397439,-0.400924789067425,-0.458403964832217,-0.33169408360468,-0.259374084459821,-0.566990507133193,-0.386687610288843,-0.394410790657486,0.558742966107284,-0.160084377688658,0.796346083053369,0.883697076477714,0.573970842703548,0.660645801957877,-0.283038720506091,0.65501877796769,-0.335910653302133,0.631738820973279,0.508018253851179,-0.0826610521217898,0.139892513558163,0.224760953338521,0.274197449849987,0.0304366962375542,0.397965331230855,0.210177024464583,0.156694224712635,0.391697754960525,0.186750179593512,0.408291136544889,0.402157694822187,-0.342666126062849,0.297945705881778,0.427842871623618,0.008438889245334,0.220835537932676,-0.163176380778995,0.163627965000942,0.237652271988708,0.45840452675086,-0.10275820025196,0.0978125349127312,-0.143561581054964,-0.286198686760985,0.172914645888971,-0.455910274218457,-0.229852001105732,0.0147812950666484,0.572488906397182,0.460156699593948,0.374868194381857,0.302229107375106,0.327832328386938,-0.0647894799188311,0.563010807117527,0.311175469715505,0.318742496287886,0.289782113078933,0.548819774487402,-0.0590341011364863,-0.503978218461927,-0.279932541649789,-0.231577717087502,-0.206231137355563,-0.207303453747797,-0.504407071866519,0.279303670610771,-0.106583064642616,-0.366191754617888,-0.365616737349263,-0.080733392723447,-0.616935685958081,0.102433895565337,-0.283672956982035,-0.526256341801681,-0.206588374323658,-0.411858453229207,0.204492363715075,-0.166818580567038,0.240918693693896,-0.0938271175583043,0.109240129254158,0.138383526707977,-0.304302088576488,-0.167454165844723,-0.268816353901916,-0.251255195959448,-0.373727751373974,-0.421412113074329,-0.425600310288461,-0.484960314833536
-0.157896656773928,-0.209699923807534,-0.358354586857471,-0.211347783426417,1,0.0305085542021004,-0.241263549977728,-0.190923706642712,0.322760004317514,-0.152204487525159,-0.168939991674886,-0.154598625893192,-0.181468541226665,-0.07448552209774,0.182270150986876,0.16251780204148,-0.0328488910081546,0.14554744937379,0.343999035299625,-0.0503367803978878,0.0316510961374727,0.185007872648053,0.117637048197225,0.100159042981987,0.105962461016079,-0.293213464291436,-0.402574682468773,-0.219351041881611,-0.114326489883721,-0.11600351054983,-0.248413059781693,-0.263631534064931,0.0721222135456526,-0.210130179536194,-0.0845451569035188,-0.139509811502326,-0.054354595587761,-0.347462972636526,-0.515424697775603,-0.320811158412112,-0.290106177114837,-0.154278494177728,-0.40746950561013,-0.283747574706643,-0.257163069611446,-0.516706443866054,-0.240754197025846,-0.258272393888936,-0.116128226772093,-0.069126867444667,-0.186037361345488,-0.116851052926121,0.18426117047695,-0.0439404846503933,-0.143316159389628,0.116366956693289,0.005573726075708,0.0686477303827012,-0.071862012055872,0.0548996999770284,-0.074964572996308,-0.0193108642875036,0.209623275522926,0.0076421576281003,-0.0095134776843993,-0.139738706667718,0.271317614357457,-0.238128143341882,0.312141910466059,-0.133446859248642,-0.190609749952594,0.0370230898463163,0.31801524019359,-0.181807571259371,0.0071815583925629,0.133909937618344,0.0491048018577221,0.396478374105795,0.352570561267201,0.299526273447846,-0.190365088763915,0.25409626477862,-0.354372283037094,0.273891336940845,-0.214181275821352,-0.278353829894906,-0.0468697001092485,-0.0660071377975169,0.662673553631556,-0.108933749678244,0.543736017026765,-0.0497308576334472,-0.163272942138185,-0.131618388757751,0.108216195665294,0.111364777478553,0.211110175523544,0.337542916816774,-0.141389814660902,0.0631644714547322,0.212736706225802,0.0544811011689098,0.0927555674472432,-0.150339735921092,-0.131460500850937,0.170448671273236,-0.0903872426888016,-0.217622013458093,0.0882136673663133,-0.203526314111199,0.094415491620942,-0.223849589947931,0.051852602918319,-0.281354964983047,-0.0462936285228243,0.232166685463371,-0.0670731949813535,0.0079361050413237,-0.0352394279490548,0.213499121051352,-0.0750065620986082,-0.221614635083412,-0.422909815048503,-0.202933574318536,-0.302818596820416,-0.265005868518624,-0.180864900948467,-0.340308517099605,-0.391433711646927,-0.335680406195943,-0.450807282675095,-0.427903886166862,-0.510526336280735,-0.213213810548381,0.238287650550757,-0.234548364679801,0.0186105827069026,-0.107765313471671,-0.143078713119969,0.176291506549913,-0.40596991466538,-0.359672876384458,-0.0021925790747149,0.14947542235112,-0.0384601604076081,0.225796171418307,-0.279565791202203,-0.106107628112464,0.443375020028593,-0.20160852437594,0.109497756883763,-0.138913998077816,0.317595098772998,-0.208007015028548,-0.328399770947413,0.204439630025165,-0.277653289320509,-0.0573218083935371,0.139711121210207,0.465441597762953,0.025888428161785,0.424960076991716,0.454519661220428,0.42195245901801,-0.0129727339749801
0.537892787787909,0.656930631892112,0.259236746357241,0.451993565787005,0.0305085542021004,1,0.219516546567122,0.601822456800839,0.325498592869587,0.497965655173598,-0.0704113712067505,0.66595628654491,0.534781666429931,0.417415884095581,0.0360789920448307,0.159735945895429,0.228074210541191,0.230037322134702,-0.284264638854278,0.408904317014011,0.0018829058089681,-0.161213905437699,0.0457205884585361,0.0188524501702624,0.0274128975918578,0.008603939472858,-0.225074390050409,-0.111243439937866,0.0698813034992419,0.0369756487304272,-0.132140911298426,-0.270003522744048,-0.310244951175226,-0.151229375274651,-0.26483524742581,-0.160152674716188,0.366627410407955,0.42845917113822,-0.137678080478074,0.168603144182172,-0.201027291551378,0.180596422525115,0.0841117772553685,-0.0298991381953139,-0.0648673693777637,-0.264889862428699,0.136458756524141,-0.0043602183180619,-0.268976144224143,-0.285700246309691,-0.237300311409524,-0.0738976710707916,-0.153899783949198,-0.0227571910923124,-0.199184954392622,-0.0274417660681744,-0.0419813104840772,-0.0588639577729694,-0.0482655424816482,-0.346802016890357,-0.194217664380472,-0.195304243537819,0.125140155760562,0.299558159971105,-0.186258522437744,-0.192569940093396,-0.164331209215859,-0.078962490451455,-0.157545153296895,-0.0592678216536021,-0.0939605238720952,-0.193732332907303,0.0476422854775122,-0.0879441164119386,-0.210856692197716,-0.0585929327440786,-0.19458386253604,0.0841462664978799,0.241030829580148,-0.200852557011708,-0.178117129411407,-0.10472712758612,0.340467729059478,0.11332177509747,0.689171775448769,0.451715392122811,0.517301656400822,0.864522330395695,-0.0287917758380347,0.549093888666557,-0.0564676368202158,0.707137460545012,0.170347616965581,0.0066229919139787,0.111377692248004,0.349651278925676,0.0615859174370966,-0.0225194521640242,0.506478596244953,0.131707531754808,-0.129357123318089,0.103008735095465,0.0981909589229574,0.12462092443709,0.0848565222697866,-0.0917694238162906,0.130087689618663,-0.0412044683576649,0.123359501926856,-0.176967490693426,-0.0897456557999573,0.189222880960926,-0.106542030708779,0.49228330275189,-0.142454094128059,0.153052175656475,-0.121593540208775,-0.246710880716261,0.189894903527849,-0.310340593317386,-0.34174924187238,-0.396033222910862,0.176228487206845,0.43381107068012,-0.0647389148095683,0.228117319149938,0.383109894883072,-0.14231890770599,0.229244533520974,-0.0425290792553374,-0.215020547833136,-0.298265703406765,0.0158676553063526,-0.323701658839718,-0.293649998917521,-0.136060489411901,-0.0977958836283144,-0.115326678359333,-0.302073562132966,-0.208713655986434,-0.221716855210248,-0.163225482940559,-0.327293286769419,-0.197721500019316,-0.10076570569175,-0.324407295837226,-0.0373608632133022,-0.393070655261859,-0.188616553754701,-0.192304375951434,-0.19820634742247,-0.29838868097743,-0.197916059231917,-0.19584732106455,-0.380455260815103,0.0724825674767891,-0.340626568949009,-0.329478298406361,-0.0332174705400573,-0.115129576385109,-0.261072891176618,-0.129351347387726,-0.0664972548801799,-0.0583599644384586,-0.329577957699422
0.384744894078307,0.578750546572288,0.138906297366432,0.497252494757807,-0.241263549977728,0.219516546567122,1,0.490073947060738,0.0007363423652673,0.598799261843953,0.0113243408399195,0.372762115726824,0.408128458842907,0.388680683595862,0.22524815225058,0.120721824022846,0.20959670797969,0.308949034101416,-0.0243968953698178,0.2669696738034,0.167264237860666,-0.143764703723755,0.0593232631328984,0.0599947801423899,-0.233719097952006,-0.0544645503187546,0.0738400389502596,-0.212875347871232,0.158091270926023,0.186057503749173,-0.23432180340936,-0.142840100314415,-0.312514127174417,0.0072388806296934,-0.261189321245825,-0.247785597864039,0.318485100495192,0.476119308834879,0.275789189596433,0.233142052522583,-0.320402952433641,0.28367574502316,0.187992121375248,0.143866617641435,0.0444867755477352,0.101369320343014,0.476872146869012,0.456490556977585,-0.139232088312527,-0.489775412153304,-0.262344116167376,-0.109819661150466,-0.332278608679637,-0.101935199898891,-0.387777166711491,-0.272093625661803,-0.0168642930836955,-0.200068578153819,-0.219961844371144,-0.498632552098331,0.376230259545752,0.468484377057691,0.0998123905642419,0.406701675241862,0.377738361149299,0.104600064969561,-0.228071576343997,0.0662017684038036,-0.116793445075549,0.208639242552126,0.0985097103272854,0.0894283043697159,0.0328727189149332,-0.124068341028843,-0.275820089200039,0.0828838086044614,-0.0874976724965316,-0.21863079415801,0.0600374429311278,-0.497474124754783,0.116130910660038,-0.34655669101461,0.425550106481826,-0.25199028102173,0.540614236254676,0.541562480669577,0.480180076921385,0.381339293972412,-0.259863869972317,0.274256989880058,-0.369922187692183,0.426854490522009,0.336832562192346,-0.226368827206251,0.0421711853191588,0.153423918441138,0.266167470465026,0.115561750726558,0.338927382378222,0.1672813139993,-0.0142096650509696,-0.0585859122409842,0.152481453518092,0.0952074581758102,0.235887996649059,-0.364736042749391,0.350798762963588,0.198199526076054,0.073965444908562,-0.0607257350004595,-0.178304623821012,-0.0946339674374695,0.394250978103517,0.45100599934499,-0.328441171067386,0.248841359471474,-0.407176188345862,-0.384790880856586,-0.0094758862127542,-0.437520890995051,-0.561604440680423,0.0568969344888058,0.413796126018491,0.468169699520664,0.236465752318921,0.40000717257998,0.476128140480455,-0.406800243451331,0.305459849343196,-0.0799540144284379,0.0550727197300467,0.138021680924587,0.288720186397355,-0.279931555046718,-0.492777757492439,-0.234119616758877,-0.35630180460461,-0.129525450883563,-0.40480947511848,-0.605279217192667,0.178836690273943,-0.192092748542969,-0.224078950056363,-0.271774308236979,-0.261629934489392,-0.593042747182022,-0.0782190430699439,-0.121102505312597,-0.323094478761441,0.0567111541405827,-0.231227900872156,0.297954799436007,0.129122482811019,0.332700457557647,0.102833629409243,0.0968866428952826,-0.0025182029990038,-0.25628212457504,-0.398772245775838,-0.102061579070419,-0.203831324685437,-0.0937158898540931,-0.31095093427477,-0.0819836348960944,-0.225213985526811
0.715004191837687,0.887897965106426,0.413905315678038,0.824281236983117,-0.190923706642712,0.601822456800839,0.490073947060738,1,0.235051414266587,0.833945841349251,-0.0544382759121425,0.754885663732369,0.724434584988375,0.485952442593013,0.221461091924129,0.258757441801304,0.426896054930558,0.253233772570389,-0.0599593151070364,0.516902055859083,0.185476073670725,-0.141776874194975,0.0994397864536684,0.0270828539938121,-0.179901429182643,0.0798925187957153,-0.0197595515958027,-0.0004936144333703,0.271133932135416,0.200723989295291,-0.0755527056608943,-0.305111776335707,-0.245767610554978,-0.262045994509384,-0.370770940706283,-0.0424128155755815,0.279340747850427,0.555606007695658,0.0158567253413527,0.42090647756962,-0.153447155453574,0.39264246687613,0.409370199753524,-0.0024203043783982,0.017178414069401,0.0679714620538479,0.334115078129928,0.331045596817772,-0.321529005167951,-0.438275829437035,-0.0765973317574315,0.0734699708624892,-0.309780645603879,-0.240606484206494,-0.186990179153011,-0.354252230989362,-0.327762064155827,-0.283026900305761,-0.20351552115603,-0.428313718773511,-0.115042794700092,-0.0420502526637356,0.0816235440079118,0.40536954207845,-0.267485078828597,-0.299763144281548,-0.504697395159406,-0.134618336791172,-0.304272042008852,-0.0329365001089339,-0.128527589365271,-0.149802976338009,-0.201554163994697,-0.142312877189017,-0.323217439747083,-0.303634989611416,-0.318376046733969,-0.306153692956157,-0.175487074617283,-0.631289554659943,-0.266059732544059,-0.326850782058909,0.587742203355995,-0.0340460230154481,0.871678262676528,0.803057523920203,0.579811921483571,0.771329746481734,-0.339354473010386,0.576217701584042,-0.339536006859703,0.74916000354162,0.372961637891307,0.0255815339691665,0.195938626611465,0.282912462641713,0.298995106440154,-0.127050130248502,0.430192476320876,0.239867976485794,0.072428870981078,0.242894516794369,0.164636656782035,0.26542422538856,0.293139035613934,-0.247621074510404,0.181765282575148,0.306092676626198,-0.0216961938238997,0.0875818982070193,-0.263424730729241,0.190097092805596,0.111997743822536,0.51682097989324,-0.0541622218536556,0.123517376723568,-0.191232863115344,-0.200030258702589,0.176479241748934,-0.421960597461072,-0.285159099016111,-0.139991697738989,0.534409858911005,0.487394516566561,0.20612266433983,0.357031848791186,0.412203337482214,-0.128298866952132,0.53664930923644,0.110208881141863,0.142291523015724,0.0910740624813114,0.425163913255939,-0.142761785713769,-0.488869596678877,-0.259889216201184,-0.202874875608764,-0.109925764820754,-0.199098427716347,-0.563496674154291,0.093464149814379,-0.0926446171268833,-0.444901315371609,-0.359299888169122,-0.231252319512033,-0.565291559155396,0.020187998609084,-0.349182933586922,-0.497043096898908,-0.19617144901297,-0.356463556570905,0.0292257523368744,-0.153900336450052,0.123829182078561,-0.198443437246092,0.175783519929042,-0.0851503659823552,-0.27904012964139,-0.246682910691572,-0.263757831536124,-0.250993546597519,-0.292006530354601,-0.422627280006527,-0.410267822378964,-0.454499791760631
0.408631170262496,0.231896986857236,0.0264328256508804,0.371328361986036,0.322760004317514,0.325498592869587,0.0007363423652673,0.235051414266587,1,0.197171781923992,0.189007704925475,0.330698657748229,0.25671979499302,0.11646736004833,0.181637278428695,0.161590230862626,-0.010836381330111,0.141850266730945,-0.100198634293044,0.260706631452472,0.0164347270008476,0.0484764626683098,-0.0775778962797009,-0.106090668607637,0.0676289009389864,0.0922732419831484,-0.118097301458497,0.0458681661135069,-0.139033236162572,-0.158272694670429,0.0850576207704294,0.036451554836822,0.0154395988260179,-0.143379419648179,0.0492824109075243,0.0573171749729993,0.185319536570558,0.0781855109549826,-0.414403960568577,-0.0405539220132543,-0.218096905274951,0.0477760566622193,0.141184846724946,-0.267234022992923,-0.0982438025526374,-0.0672128249287898,0.0586298265290183,-0.026043205298789,-0.406546312572695,0.0115276293397376,-0.0254575646650909,-0.0355329215766947,-0.0611564488027375,-0.305709362115095,-0.0094658508361965,0.0053427094960008,-0.244696924987981,0.364871426891487,0.292587713585779,-0.0972060119743354,-0.29075518796821,-0.0662536588639396,0.0648047870042047,0.229501709410694,-0.0816159878272254,-0.299014589522051,0.046954456464769,-0.240586226867945,0.138649011058371,-0.170601454010011,-0.185130319801308,-0.348544482217484,-0.104990105702732,-0.212887714976165,-0.302388350426666,-0.153357388620568,-0.308645496701281,0.435819117375592,0.184815781220182,0.0068151823363677,-0.0394356414015773,0.37357787650108,-0.0461601420536068,0.478758102601819,0.201889050449774,0.27772275655032,-0.0171326330348091,0.367173899444135,0.583889367343264,0.626925930237586,0.629837483964785,0.327001053661519,0.482956634338847,0.279196884168566,0.0408143568921663,0.130888763536945,0.0429116512591494,0.273079088400949,0.0960702526627057,0.103809581000038,0.0914230991657577,0.0694250899347262,-0.141447056072729,0.128319004494636,0.0984470721086602,-0.0336579567995972,0.0751202002685045,-0.0049976168331525,-0.0771082701337349,-0.0990866918525369,-0.226563320149535,0.250087390421263,-0.0307429845442766,0.164577433277474,0.0846248076268938,-0.137784936471126,0.120141730441828,0.132232323350076,0.0167258110431977,0.0718575972218816,-0.0080439408004779,-0.252444481728548,0.141681009844939,0.109996363245249,0.0230713879346218,0.196353177172264,0.176553865093987,-0.120232591429162,0.0359516019288666,0.0429953968191828,0.0957802687434321,-0.204693120751129,0.032725290459546,-0.0908648614996502,-0.0263897620943117,-0.207832000015519,-0.258481148598089,-0.34437155340173,-0.104706851867405,0.0315538824593236,-0.288411726826611,-0.319260568087112,-0.285820337204427,0.405077305777822,0.243351377441986,0.0906105111243953,-0.157315878173916,-0.480268715478822,0.206366493998209,-0.345685157127217,-0.29377958819095,-0.328982914934302,-0.207179903730102,0.0699630451672955,-0.398246568840321,0.0964202927438692,-0.290596557965605,-0.37317395723787,0.115674941275864,-0.127790766460525,-0.354768864909854,-0.177683254140822,0.435895979922054,0.126140669547115,0.019053045108826
0.779087824903757,0.883311222624652,0.308448581331129,0.778915969857177,-0.152204487525159,0.497965655173598,0.598799261843953,0.833945841349251,0.197171781923992,1,0.123784637648575,0.792383453229055,0.847425576176876,0.533639656788573,0.281562429356719,0.337958970482617,0.443294424788624,0.231217967941494,-0.0334217937895054,0.535966339660932,0.238219880839301,-0.0938326533681962,0.140008949397747,0.0052454845336935,-0.134772885183678,-0.143418507323243,-0.140233005838994,-0.209176678254984,0.0828991144147125,0.0549160874232877,-0.321377716320999,-0.42266700517385,-0.376373045581494,-0.222323450385739,-0.469798876422673,-0.254652460996479,0.448621775526888,0.468287198610893,0.195687657137444,0.424148431388241,-0.138160357477622,0.314391017484988,0.336058163611667,0.21663483479238,0.193280220234904,0.0636516172510349,0.481099884047506,0.435628105749919,-0.274114263120716,-0.640248964343538,-0.272557351764048,-0.0306363184197194,-0.332627299382847,-0.0691940270994612,-0.271055953016744,-0.364129393848603,-0.118162419973106,-0.3219696946141,-0.211197496251795,-0.459862524100784,0.120712346522376,0.132970243992193,0.346773259344565,0.576073538883779,-0.168976323698372,-0.253029521596312,-0.556260628731583,0.0608683114565486,-0.226964283076567,0.152122485399123,0.10174432577933,0.0283563354994602,-0.0688870193399825,-0.0071390156152354,-0.195330789358911,-0.132882139366956,-0.27565183375508,-0.365240526698453,-0.165696089430111,-0.624167416820821,-0.348061624322747,-0.475183942963569,0.546706953661392,-0.0942276742968619,0.854307742646588,0.818541186638067,0.703060807016021,0.619245668980836,-0.27055791739345,0.632338689386059,-0.383662474508901,0.761319620358178,0.556914140274732,-0.115901327171342,0.240077077185757,0.203641192198395,0.346420365081154,0.111103973011896,0.398040142361987,0.224482206095919,0.0722620878272803,0.350070226369796,0.247437358759167,0.324438016577762,0.385981109948095,-0.132024159154043,0.344028540972601,0.272063765015263,0.0703926007248778,0.064865399638355,-0.151316799875054,-0.0104968198296599,0.123801278639743,0.440218591743917,-0.291034322070725,0.17347212206982,-0.331796680106875,-0.376392905877648,0.10206975854078,-0.553038910145846,-0.480900475631532,-0.145048746202904,0.50109936107209,0.491303789742867,0.260745953651153,0.269653370298067,0.410655331835118,-0.156023572921335,0.577484274492015,0.17155462976573,0.0808333673106977,0.176062462423403,0.363288014827564,-0.291996204966474,-0.550033802265376,-0.114226488200367,-0.275895512871327,-0.01458782323243,-0.291927844125812,-0.600770146099953,0.28173332775765,-0.0507522671159857,-0.296780465550251,-0.464281403353709,-0.211405101107313,-0.609488086860194,0.140689270159074,-0.182535875739968,-0.51583570213731,-0.0522495264051078,-0.264025372955644,0.227619196958029,-0.0828280568397845,0.216710217232886,-0.0117804743989944,0.309155227045994,0.0600555703859243,-0.206740705484653,-0.160466846227664,-0.126530130661132,-0.175700594613673,-0.179779840795761,-0.481895673699261,-0.366356466701169,-0.522237075296631
0.199096058554946,0.0320913241719305,0.0621559390576394,-0.0195615098479702,-0.168939991674886,-0.0704113712067505,0.0113243408399195,-0.0544382759121425,0.189007704925475,0.123784637648575,1,0.120280989352894,0.259718181832097,0.208668235455399,0.0081929264106163,0.155416586666779,0.0538032804949051,0.025422070712946,-0.0801570918481802,0.0353112033440527,0.0481027308233736,0.330879047982635,-0.0567890964170608,0.0692102824750901,0.223245083712963,0.174296847992568,0.070050299395198,0.128640212677763,-0.473081827750197,-0.469603364000964,0.0756056389187834,0.325544750664203,0.121041957185877,0.200824048672093,0.280615722083054,0.0662530927201704,0.150073965981582,-0.146102017620387,0.158757974086543,0.0470505406233036,0.185531734432407,-0.231628426357088,0.116489272015725,0.140010975526427,0.207798585845217,0.261098851276784,0.205873000241917,0.0654965863392787,0.0423218661930719,0.0651375802904294,-0.0446202770136167,-0.357681098515544,-0.0383082903500784,0.0726851899816869,0.0810177578866518,0.0958298647827057,0.137061294654991,0.367234574871507,0.132855585555791,0.0434640154874127,0.0252014409871573,0.237470201448104,0.201307519151243,0.242757132574882,0.185202946245217,0.0505723863666427,-0.0285386982546905,0.0805336739837892,-0.183888941432106,0.038721272938775,0.145933265759631,-0.18093040414355,-0.19666293480054,-0.130191402461413,0.0385481826077515,0.0675459955288143,-0.0666372076710413,-0.0403693814057386,-0.100655790235616,-0.122747273700595,0.228872640216841,0.176802036579851,0.0730977436587223,0.140385903481426,-0.0017771243776852,0.0205639965427172,-0.0871159904135548,-0.108454426878675,0.0750975909632765,0.232577182055371,0.0031015485867329,0.0385747491890965,0.55074983074788,0.294645036613064,0.282360619638977,0.0006313321561169,0.103130486135911,0.347512642628582,0.186192664879756,0.226602046758078,0.14161574719962,0.000395493813512,-0.0974894355028294,0.234176588439604,0.109333475239138,0.355038448520699,0.293462465956228,0.100922005101835,0.26479769334324,0.289177167555752,0.13487140476772,0.141792650030956,-0.141312524711886,0.0967294838995002,-0.0702948589798599,-0.328689497487415,0.0366967243561391,0.0892722732612928,0.0169888900189171,0.176469508225817,0.0315278264041023,0.0009458117964038,0.226517733381448,0.0067213907593104,0.050708780504985,0.0535960480976028,0.101667081033519,0.175388207662602,0.200987456141329,0.110847162006541,0.0937060690653795,0.0821920476642929,0.0085806674398844,-0.0409189298922892,0.0222727421671652,0.247325979068244,-0.283739020393373,0.0795511722339872,0.0448582026171365,0.0598073003234567,-0.0193162199965672,0.193835821172143,0.126670126266019,0.222176840769812,0.0103877192787939,-0.0429238414292131,-0.0841708808472187,-0.0220312745722126,0.0141670373511206,0.0732466750163117,-0.0352216690045606,-0.197506380916257,-0.311924555352353,0.0861787811116376,0.0608395153913558,0.0823660839299744,-0.17449505728958,-0.0413948478554429,-0.00587423070125,-0.322184272564154,0.0760222258818207,-0.0135598960504609,-0.0156842707553263,-0.0843457024538452,0.229657068678687
0.773358755767354,0.841728766314106,0.401138995251548,0.792318327433961,-0.154598625893192,0.66595628654491,0.372762115726824,0.754885663732369,0.330698657748229,0.792383453229055,0.120280989352894,1,0.886375933653798,0.506827619345603,0.150960557850617,0.349546490467731,0.559569995157565,0.361169248359131,-0.0870301875820643,0.671487302360959,0.308313816672749,-0.0421330886744156,0.229094464259359,0.116807519795257,0.0537978000664577,0.0070156827938959,-0.108199247303253,-0.0969389338367205,0.245948471787383,0.17227055934374,-0.153462204403155,-0.374647825255627,-0.296318242168307,-0.29617059072479,-0.43147058235764,-0.0505986944459941,0.483681045611151,0.606518115064681,0.0451150867535764,0.521005084384287,-0.137493055194638,0.409069405263218,0.47827734565501,0.0930649727733218,0.112466050151333,0.0589033016495507,0.45165435393896,0.35877975475512,-0.453019733402074,-0.470752152264879,-0.0971568213804189,-0.0109615969583347,-0.359989062734189,-0.204115426270277,-0.120486976471729,-0.30723361422747,-0.195266883774698,-0.192915169351091,-0.130881004989465,-0.314614521284635,-0.100587435789305,-0.128798701443219,0.26760684901405,0.519397362492066,-0.339170708529127,-0.454204360976836,-0.609599507772134,-0.15770724821468,-0.291582530091911,-0.0535099940013276,-0.0387714589690545,-0.265700157265428,-0.252188657258759,-0.127813844877369,-0.340418324237456,-0.300630316311648,-0.428740718259785,-0.304114762629946,-0.155007452568883,-0.522337887509084,-0.401856753479652,-0.392571518370042,0.528819214694901,-0.0456701909562295,0.801407099462781,0.759206208491954,0.679796827262374,0.6879105272684,-0.221238410136717,0.723777076997263,-0.341875582817145,0.774695756492567,0.513617578582963,-0.0287705564742166,0.220514761219432,0.294916575231825,0.203596233416353,0.0807713244486629,0.551332723064401,0.247023947468703,0.0749017516258403,0.412364822811733,0.294767534705327,0.474623065037289,0.362039906180607,-0.175030772642915,0.288725446870549,0.278623862182542,0.0941429891234415,0.166805807036212,-0.065610068125892,0.200388849384552,-0.0218601894592017,0.554286026698475,-0.180305256239243,0.149856467272285,-0.171872437765566,-0.35620035289938,0.149548065082055,-0.446558851488446,-0.373299658098398,-0.193542488486855,0.494224913972871,0.533844855355264,0.229559835410933,0.231730616273039,0.398335355243601,-0.0843741407278607,0.545644018168729,0.307095917126369,0.113123658724818,0.0849827918005575,0.319907206346796,-0.291900878499232,-0.511736536555748,-0.157339032259668,-0.266574372732509,-0.138052594350255,-0.292128942248679,-0.434036484212622,0.115618552755221,-0.0983565061381855,-0.388781965513513,-0.365558736991533,-0.130210355241816,-0.591755211889474,0.0671497441041126,-0.347867666397602,-0.51358011614915,-0.204866774108201,-0.392255807200103,0.0351159966287741,-0.258740692524715,0.188513913197574,-0.183705387627293,0.286994342194483,-0.104372211101904,-0.306748342482428,-0.171992882052161,-0.28640084124774,-0.241684341884628,-0.337085857389448,-0.423391657031561,-0.370308340431559,-0.487586153495187
0.853344830266775,0.788135889663226,0.489947515366104,0.714194575970412,-0.181468541226665,0.534781666429931,0.408128458842907,0.724434584988375,0.25671979499302,0.847425576176876,0.259718181832097,0.886375933653798,1,0.475421665472675,0.198765201682353,0.364596396102505,0.509772095025785,0.2805598603764,-0.0308040753183562,0.607602268000359,0.25258913332644,0.0636949961748067,0.224201908108599,0.0671148135886189,-0.0200124894235137,0.0576375898237632,-0.0921464623492096,-0.0395772502425899,0.185628256048819,0.133445929749855,-0.170729938782952,-0.331814635220122,-0.203701198185191,-0.229269081790434,-0.348588093199263,-0.0113167033762285,0.488985181857421,0.547037892411798,0.146411101636801,0.500461951960352,-0.0267355905271953,0.385594542165588,0.520305692307854,0.159475334755852,0.232310998391272,0.128929887948792,0.514068403796384,0.32646023176243,-0.448702422700281,-0.565393347999686,-0.11025946162707,0.0105538638649865,-0.387239199084507,-0.163874639893696,-0.0690472647456739,-0.341862208882893,-0.196261322322931,-0.324562275210113,-0.276874517586078,-0.280790889159684,-0.140423206378461,-0.0557534683854734,0.254286870498078,0.599416642391101,-0.373867882214979,-0.465869770146008,-0.64393633015597,-0.0997242194369317,-0.228419055316087,0.004314477675288,0.0441859101232271,-0.148849470835681,-0.137333600125651,-0.072763530495337,-0.280595380240292,-0.334799809118848,-0.316710850645219,-0.372196189678258,-0.234702417438867,-0.614569861130491,-0.389843020079264,-0.324655812362404,0.612252467262761,0.0762177006920209,0.782396114461197,0.775989453689244,0.633289050268691,0.565750141292622,-0.200057290862984,0.741381439903911,-0.374109195911085,0.783304998281468,0.620393216232477,0.063439415073135,0.327008672417082,0.297756989057088,0.249541616755419,0.155973468660488,0.495315843572585,0.301120572556847,0.130548780958987,0.426564110199517,0.341728542884336,0.481477382085576,0.423776814435435,-0.0664322598823131,0.337447522971593,0.266371857789391,0.102066584255303,0.173718072730205,-0.0159141673702909,0.162257492777452,0.0112686308128472,0.53507358827909,-0.170756746258147,0.16917101877203,-0.249645359698489,-0.321877919733837,0.160736700700115,-0.450491231786267,-0.349127883161837,-0.211551854118215,0.574845025652853,0.51782067878323,0.310889371342686,0.128768441046599,0.375711080940693,-0.0595929681236669,0.609713767853374,0.312038049396921,0.154923970313087,0.188943208339323,0.365533083747659,-0.269600536358122,-0.566521518187469,-0.192423896540213,-0.344028861734644,-0.146853526750481,-0.217887857696918,-0.4637632304299,0.190423768669553,-0.0887813829162164,-0.407629683439419,-0.410264827764848,-0.307299147490251,-0.521360623754566,0.0820489144609904,-0.302846765422454,-0.494870900511004,-0.239234914655239,-0.429824553702246,0.0367426761561421,-0.253629888209079,0.179400450165244,-0.182771705871637,0.373900707491722,0.0060238574791689,-0.270845308173677,-0.162363011332756,-0.241711383288979,-0.193743869439664,-0.277588790322043,-0.508677794920865,-0.436106793535029,-0.498730304948598
