1,0.566614962021697,0.388207380445285,0.910947975773118,0.848932777803816,0.572196829963599,0.438523370351033,0.358646359885622,0.802002587319512,0.462141487405719,0.627869669414479,0.834249207683236,0.832392785724251,-0.167122042707602,-0.0402825674902051,-0.127620649951521,-0.0397098816404978,-0.0133766275976402,-0.0215464740773718,0.387808029654317,0.221600742700476,0.226663360760081,0.0474381554626807,-0.0315092767483089,-0.221213812279408,-0.279621652880318,-0.207246041217414,-0.214702080633094,-0.128014345956522,-0.0639518585330592,0.271415511514126,-0.119088338872213,-0.0479795703607284,0.00408782589739185,-0.294614016398006,0.115712359290583,-0.317127622807048,-0.218839280276201,-0.281148934240177,-0.316892908019328,0.0500991484086305,-0.0590265819194131,-0.325405438974227,-0.201058712941539,-0.0461317019858393,-0.0492672168515845,-0.109052273715562,-0.143892929827923,-0.447814363324167,-0.426544775194084,-0.16436249040797,-0.24323660785029,-0.282907753721609,-0.315417368339644,-0.234615627315605,-0.0165234665764519,-0.31419710228367,0.486620891409979,-0.177580606457665,-0.250994900635345,-0.430890440881635,-0.268392199591064,-0.383292256805077,-0.375433814834182,-0.0915126664049002,-0.318533184951233,-0.315750290758035,-0.286980064383741,-0.0672308673294372,-0.47848802878642,-0.317266935142558,-0.181286554156238,-0.410517726953635,-0.170412879682431,-0.329167609331484,-0.319544489943231,-0.451877045615517,0.184991466419793,-0.291017461814168,-0.248291240689368,-0.258080226308513,0.309277016111409,0.236445690672023,0.831435757234313,0.68119390537762,0.706432311884363,0.478344012347421,0.290220200816596,0.758931362129195,0.588595441343325,0.665258050062298,0.259219546167642,0.747578614991738,0.7965369583842,-0.33803431601049,-0.388928698406141,-0.144372807395748,-0.215942678772745,-0.177533525240259,-0.279189619973536,-0.228794674695717,0.199991044022889,-0.0464046448301051,0.377023339009005,0.0522361255851445,-0.141932680103618,-0.250744495239952,-0.288048360064082,-0.193360171506472,0.0325261124939685,-0.303347182886232,0.403120639435462,0.0212130586893965,-0.178290221564775,-0.0427668209824658,-0.136701925145089,0.160335341039458,0.111391113915742,0.15907623168268,-0.170196793200324,-0.185032415926573,-0.0598380607171225,0.140097848804145,-0.208269932787707,0.213843828282048,-0.388352514477415,-0.469059175547287,0.241319340631958,-0.205322512183069,0.0862648653718679,-0.120616431551733,-0.128431354757705,-0.141010579995758,-0.262365142173185,-0.045109272731045,-0.134005890086344,-0.420293028992434,-0.104335071992451,-0.270543014571996,0.302806458893687,-0.158715894535523,0.0237153037592217,-0.0112331941963675,0.491683793564101,-0.258694188870611,-0.0903722257750038,-0.116221364107056,-0.426089373824294,-0.138461289897729,-0.373744498095337,-0.5021154429449,-0.42109215712652,-0.483004788902253,-0.46037253523736,-0.221951358885354,-0.0814859605640652,-0.363102411878987,-0.140981332116283,-0.0724981812724664,-0.47982101676562,-0.355830229305299,-0.434844102474957,0.343456716518092,-0.214406526414334,0.2054829565598
0.566614962021697,1,0.259609619890432,0.517934078652091,0.241124765540273,0.89121970294705,-0.150690689502337,0.916733632835599,0.379234016812719,0.933490291804567,0.0895188027917774,0.650363736663397,0.730014620006186,-0.0326192458966182,0.15632049984543,0.0312264826891501,-0.124928745505344,-0.133294069604271,-0.0364537851718126,0.174590964034415,-0.137645037744769,0.0814514633339497,-0.430559544039789,-0.404723483461069,-0.275668623247691,-0.575809463081353,-0.533948559625496,-0.461506617398465,-0.539470063316582,-0.463825711156643,-0.206684730304594,-0.566471228971029,-0.492961726809252,-0.446255347633572,-0.364090768889573,-0.156647220990844,-0.1013372963744,-0.555192282135805,-0.485447862920772,-0.228727706727184,-0.244031734527198,-0.308438170239198,-0.303223930658293,-0.316951538233964,-0.297821787859171,-0.466892587040204,-0.2371827690171,-0.104634168823688,-0.211642415456466,-0.206043679913906,-0.412180712356772,-0.0119261601796493,0.0821963324237352,0.0538675256591488,-0.226809406780963,-0.0574567615187987,0.0572906640894574,-0.103299539944573,-0.321831679246278,-0.417529422021787,-0.16287073420892,0.0225571861401307,0.0035617563932358,-0.108819338276596,-0.544839809388679,0.00148300801408594,-0.207578373712394,-0.0745940050737809,0.205677599581333,-0.0918328364136473,-0.0249974306159043,0.0943550498837548,-0.101818439130184,-0.00221626799460006,-0.00421186521525909,0.162210651643126,-0.138549297092869,0.0292087403670597,-0.101193110877158,-0.0347117197395174,-0.187324950808808,-0.157733184003778,-0.230433267980907,0.397683407433549,0.957222286562508,0.46295321940877,0.792629887801789,0.870915443376729,0.107044101079231,0.548755072241845,0.108272638962059,0.833701758505025,0.323103489098229,0.400791305245499,-0.00289524330194327,-0.0991754025646255,0.0446569167661233,-0.155759319992537,-0.183833774232618,-0.102539352303783,-0.106855572056614,-0.159685075336072,0.0195803678372211,0.147749433711339,-0.161542100771392,0.0496901727476769,-0.562459833296229,-0.451375729508632,-0.390791019010852,-0.210069949790985,-0.253001172362799,0.201076953055712,-0.397428861414867,-0.44963113873752,-0.280548819722097,-0.398658053474417,-0.227648442738433,-0.340356813814528,-0.277087695335802,-0.366402369045535,-0.324064123786542,-0.50498884555748,-0.291653579442201,-0.467177650689571,0.0861821246385422,-0.334123084345529,-0.218086450901545,0.0964109819321398,-0.284284376175928,-0.227468685103881,-0.410396747252909,-0.31801981155273,-0.39349498950019,-0.11618161009654,-0.117349441006477,0.0711902832183978,-0.0627248939774284,0.200563592070843,-0.0856731166705965,0.195990472116689,-0.0610629730493817,0.0534599123925374,0.219344913689391,-0.17435711060308,-0.258784530438965,-0.167244637228521,-0.0809484027526782,0.0841177470885727,-0.569892067226066,-0.144284799330357,0.00159659595950958,-0.273372361523387,-0.178199748497331,0.0608440285065781,-0.117299068239937,-0.16894349249839,-0.13653130242962,0.188239246739495,0.0941735609764075,-0.104994848745095,-0.223010023482572,0.0299979517481945,-0.0301277296074096,-0.0868669220443393,-0.281223580491383
0.388207380445285,0.259609619890432,1,0.257339952326841,0.299640484491525,0.23823910391409,0.269185233420732,0.0795308142473256,0.247633137471586,0.246791408401453,0.158245453448204,0.284579744844591,0.445220421734284,-0.00224143064043525,0.0382388818211682,-0.14389661008115,-0.00788116947071523,-0.159379292446298,0.0836941936229208,0.221661780215237,0.044966667923403,0.160759956639532,-0.112215038516958,-0.112940231035492,-0.202127172426172,0.418840854918323,0.30074068498715,0.296351044380504,0.0809284506650785,0.167900097073552,0.484932650267427,-0.090277717411996,-0.101219106208744,-0.0490707018217665,-0.0683292148231492,0.515738427607772,-0.47476720510676,0.0445191021179882,-0.337639550347313,-0.205473180726186,-0.227617464939292,-0.115527514963581,-0.392951516598319,-0.345033343720438,-0.212455582109739,-0.197281972471716,-0.265439477005653,-0.0156184900912288,-0.223345156200371,0.0541691107811962,0.227885767263116,-0.144996674785415,0.042695487946239,-0.12147056943357,0.321096193619482,0.203386533614584,0.0160130316240794,0.0123699666490171,-0.318337639815023,0.240592785255201,-0.203629483953012,-0.222865128610348,-0.121349946082748,-0.257252720130219,-0.152152790702025,-0.252231641091123,-0.204867298251946,-0.426958030034745,-0.00617453401834533,-0.428970252227436,-0.187372139843717,-0.265162006009167,-0.33420972586426,-0.453183310562794,-0.0927457725610992,-0.133474632044809,-0.230823141238926,0.126275805631736,-0.286443323722786,-0.130422721696608,-0.306614752353596,0.392060057924741,0.310452810111585,0.408163652184283,0.315814404948196,0.186323332342757,0.402652399248512,0.0585644881837285,0.261736477432751,0.17552845276417,0.132066784884707,0.237504003742429,0.179072819103378,0.549207333174376,-0.278542110295554,-0.219999599018625,-0.135347432795438,-0.415336056251814,-0.00035824419033216,-0.0854140912357002,-0.00903128928326611,-0.134189801962139,-0.127821111075868,0.178376906029914,-0.171732433155787,-0.144691656488621,-0.105603019006122,-0.342650813211671,-0.240734248320725,0.00237825129001654,-0.206921443980682,0.654216837965737,-0.0937843148792583,0.171158501151032,0.216702021324082,0.0534152388624348,0.343797871748253,0.319398171565513,0.0862869466778409,-0.0147410464089656,-0.119037365650574,-0.0430418798206872,-0.170241585023104,-0.206162992330954,0.26547158220571,-0.0710545644741248,-0.19532625361576,0.0932929330457077,-0.227506860721493,-0.165665055359737,-0.265132625805598,-0.401756507113074,-0.281326610276538,-0.114137382385263,0.222007024897086,-0.323168858215517,-0.0546639108784747,0.0415094931297076,0.00677596026033266,0.483129421390331,-0.514990689385161,0.305105682115809,0.27755063746205,0.0166037621428726,-0.278165969068696,0.109702278146844,-0.481279637685703,-0.346584402526565,-0.0356957644970787,-0.520804698796055,-0.177358540273766,-0.393469207827009,-0.24202546095838,-0.430581095269982,-0.260200916180219,-0.466414007287191,-0.551127445019054,-0.209008694471041,-0.312819989738807,-0.401067348024072,-0.457997296526199,-0.391004088205113,0.209964127912655,-0.262550214535189,-0.0974810031688671
0.910947975773118,0.517934078652091,0.257339952326841,1,0.879663823166581,0.610838287675135,0.442792345316455,0.32110522598988,0.928518889042672,0.473767552931371,0.753584301697023,0.88260159003035,0.775544403472656,-0.118772733807367,-0.0188524938987477,-0.137331612767031,0.0364641512892616,0.109034521251456,0.0323882353691145,0.521661308050925,0.339764270906105,0.336181736871135,0.123526484026796,0.0498547722102121,-0.0835055131331913,-0.379579889856916,-0.350750369943033,-0.304863372890059,-0.0601198268343874,0.0241142837967019,0.285860486239359,-0.144805717576026,-0.0274220214252038,0.0192912078603738,-0.33708954770383,0.119573696801371,-0.191930874957327,-0.234693781522788,-0.253514101965578,-0.251513636489108,0.191556619701833,0.00226248868282213,-0.230399126125369,-0.170414888689049,0.0799246976221382,-0.00231899290145936,0.065861202709782,-0.214930427874857,-0.537449175343302,-0.529806194538225,-0.149295905602438,-0.438047804775106,-0.39813995830063,-0.442321522859894,-0.379831292412423,-0.104087639776237,-0.376044298024015,0.427478313352047,-0.166968258843994,-0.267484532585515,-0.490221942679229,-0.360540449184657,-0.46466295518034,-0.433505295771988,-0.0688204693998975,-0.385644592960233,-0.510162188714134,-0.233777782997728,-0.190738676393972,-0.504746846192057,-0.391009802556436,-0.241375033772335,-0.4814239365067,-0.131981018550465,-0.378839417431074,-0.450621252093069,-0.577620902737799,0.0721416749504448,-0.374657367562412,-0.357734680080581,-0.353662689312473,0.113603236742543,0.108536141447503,0.739283622218048,0.617814990058026,0.819135199694154,0.362035056791201,0.259899058654126,0.82872435288666,0.726909212179008,0.807071265225883,0.234653559520586,0.877897367197507,0.785180908489489,-0.282915507455153,-0.407452073869116,-0.147586089262688,-0.131370858409399,-0.110953129685899,-0.192535024254585,-0.257511692255172,0.294729092624066,0.112696851837191,0.493239981283214,0.170293493563023,-0.0483763353532767,-0.238093777101208,-0.253455360859617,-0.12991231396082,0.102332629897248,-0.163148034900357,0.344317124194983,0.0534189355025598,-0.0726216799547295,0.105868399719948,0.0230243726070769,0.279526026999537,0.179888629077454,0.26477377473498,-0.113038996212965,-0.06336970616112,-0.0158721636893895,0.198282040443906,-0.172739299030988,0.352176870824164,-0.347029304652809,-0.451239437613201,0.370787350157285,-0.117666699511096,0.202617038305442,-0.0894462498652002,0.0111098976168328,-0.0436514653858385,-0.132381977507658,-0.0204503189397256,0.0152794663244544,-0.41956985180668,-0.179210890046539,-0.193668665372843,0.315538333595929,-0.0501771150030768,0.0534089561760613,-0.0228620751106035,0.525994678973987,-0.214516551321553,-0.198606543169309,-0.0190199197342186,-0.267413698955363,-0.121207046537529,-0.394619381625741,-0.525824231845408,-0.471482584431518,-0.589384520991486,-0.429740162321461,-0.207757825089506,-0.0213707295206075,-0.213660520783047,-0.211025663573225,-0.149697311332164,-0.490882442254575,-0.328511783659295,-0.433438765175285,0.291013381928161,-0.313367846093143,0.251938915719525
0.848932777803816,0.241124765540273,0.299640484491525,0.879663823166581,1,0.358440657013106,0.511283411844657,0.0293012554972453,0.896377581122514,0.203453011656809,0.772484204964795,0.777183607269451,0.644910403509053,-0.128321249475978,-0.106319734553861,-0.177229745330746,0.0809015572582861,0.0980691396575446,0.0426159899614559,0.454827948875149,0.373371513023309,0.330628939627099,0.214408958557905,0.0912064941148956,-0.121880105765755,-0.104244389675631,-0.136892394936931,-0.0797703791596897,0.0679811102800825,0.174685077095462,0.465665528549211,0.108361283740445,0.105446963768909,0.11464319469945,-0.292268664767598,0.285391400298764,-0.335247686418623,-0.110275626777168,-0.220324404357681,-0.355665021918733,0.121062744936346,0.0219052157931355,-0.316862328261581,-0.202774162304744,0.0535178716831344,0.0623886065105737,0.0118743596704191,-0.144526455430017,-0.551469343992872,-0.40729372165568,0.0142587092737163,-0.40643342384333,-0.405360838446785,-0.467670108870021,-0.226247823580834,0.0895805566255213,-0.389870106445711,0.622968194573864,-0.080148206371814,-0.0811775312013006,-0.436795689292868,-0.306035772430514,-0.478564474273016,-0.369374597285001,0.0823417891430947,-0.441379106425815,-0.367413221006203,-0.342862535167652,-0.209187736387551,-0.551828441633458,-0.413605006032483,-0.342746812573436,-0.47357526785076,-0.2870109139219,-0.39813743999081,-0.522785529973221,-0.572054705536793,0.265746563483961,-0.279388450955214,-0.338160240308075,-0.234551262722955,0.372038806209469,0.38760971506936,0.846506853846177,0.352615606942791,0.731134387968355,0.188698891386076,-0.0494974327580587,0.959133886157025,0.609712754781543,0.857762598407949,-0.0108903640876844,0.857018115087473,0.829648777581441,-0.319938821965597,-0.418773782861941,-0.110095430822158,-0.203147358786237,-0.0338475201064461,-0.132680267428541,-0.191371762785324,0.32341441494254,0.0639075102909155,0.441831847817224,0.173655103098808,-0.132025358991107,-0.122468429890008,-0.214718351000544,-0.149539620107071,0.199655407983647,-0.193781923756085,0.401382368468416,0.135740389554108,0.00815913397961278,0.158803582306753,0.0697915164906965,0.39386798601119,0.338220627601935,0.312040520506544,-0.0387525320703368,-0.0656133695268441,0.112025023719912,0.328109282953764,-0.12721044415264,0.282073231093801,-0.302221820122903,-0.49725337370702,0.216724597659724,-0.192762946352507,0.169789406666666,-0.0620859984926399,-0.0518612014970636,-0.0748091939337143,-0.224917788684392,0.130329049181148,-0.215521169146446,-0.444340347339355,-0.21557100648005,-0.317205317445858,0.359060211571049,-0.239853501159004,0.0819440669974219,0.000869028417189565,0.744376645572385,-0.193099316271985,-0.112492780333988,-0.175923277571161,-0.452116341777329,0.216063431313759,-0.414885079609377,-0.564132359682933,-0.362660076012465,-0.493923900915897,-0.509052169332348,-0.151016431831819,-0.0107411649646398,-0.413765563206069,-0.330414374548471,-0.292055441186236,-0.498998372709867,-0.342091626520801,-0.580149873937798,0.549279105321075,-0.168600910121134,0.483349852267922
0.572196829963599,0.89121970294705,0.23823910391409,0.610838287675135,0.358440657013106,1,-0.0258881246986821,0.780906482540044,0.550080885232478,0.849801418876757,0.234990953177356,0.78152352278287,0.713490146805968,-0.0705644542817433,0.0458568335265559,-0.0301740977037914,-0.151578842429589,-0.139991037705101,-0.0348992991741374,0.260596723526632,-0.0396349465671103,0.175144809151291,-0.364140054453218,-0.376780783534374,-0.187566145905696,-0.549529133306968,-0.451173379716101,-0.404457748859293,-0.437937552632126,-0.334869696412701,-0.105032367344262,-0.479285790148051,-0.442041831516019,-0.424214584214416,-0.30575565420252,-0.0468116582167596,-0.13769684253301,-0.492540390597694,-0.484687373698139,-0.289058526587017,-0.196241886872186,-0.358332813577289,-0.316590859503448,-0.346224028595467,-0.311437745650825,-0.429646844698758,-0.187290183936903,-0.194921699233371,-0.260208465075136,-0.202609108081601,-0.280090070580539,-0.162346058779491,0.0972610462030081,0.00536290087417662,-0.189486614931008,2.94717495016004e-05,0.0612901610299392,-0.0227427814979289,-0.407452881203648,-0.364765540306229,-0.254961194442607,-0.0881215658248213,-0.0505323551336211,-0.171352646672646,-0.489490296956088,-0.0682681229353401,-0.283850258629486,-0.0940135733916081,0.0970364049924354,-0.226558394209382,-0.0400678054616425,0.00590975540488663,-0.176610624382356,-0.109988454105141,0.0593910693160724,0.0908373513123986,-0.180023375877765,-0.00418533688184651,-0.162480763881146,-0.107832587511639,-0.263483069811955,-0.244039631544954,-0.281286193584325,0.381924072129335,0.867394696763298,0.689022543898591,0.582877031979764,0.763592707683038,0.25819933989982,0.770924571546314,0.256707229168403,0.698152525108716,0.539270255092297,0.503300621479175,-0.0558562614790523,-0.197964031362969,0.0171035214696606,-0.163810818875055,-0.229656104330155,-0.111792737412422,-0.166328729815873,-0.146090085262529,0.107406317428053,0.226806635012874,-0.143450163280106,0.0602270188788839,-0.528187834564582,-0.463742478969912,-0.389336235440795,-0.088930611730456,-0.195871175448581,0.160983473364466,-0.351037397957939,-0.318651824879823,-0.105811073146601,-0.275075484787468,-0.0727506099485849,-0.189594385042571,-0.193727175529736,-0.292212324560677,-0.279616028535636,-0.400354817460087,-0.222292725489095,-0.4507040716511,0.175710108832083,-0.349039025064607,-0.317498351842663,0.166096134438741,-0.354849184331884,-0.225873753422642,-0.420292282678427,-0.295666699078618,-0.355192016885358,-0.0300365731186033,-0.0347189453383545,0.0743082463036008,-0.0395160339836087,0.21613243276062,-0.0444933353038407,0.287016544866511,-0.118541561994564,0.162856590548647,0.286142906746189,-0.0725937919661415,-0.315580836908287,-0.18490173160756,-0.146550135585741,0.16477672282668,-0.528045970334414,-0.190711871900575,-0.0408180311500083,-0.405376183089498,-0.297286107843626,-0.0640290580518903,-0.0949813083460813,-0.185852816183206,-0.134335419925765,0.0512673914921167,-0.00184284604788105,-0.162899081613221,-0.257239930634932,-0.0375151642822108,0.0204809066503173,-0.145195169646393,-0.169112462029379
0.438523370351033,-0.150690689502337,0.269185233420732,0.442792345316455,0.511283411844657,-0.0258881246986821,1,-0.272380812399697,0.445594428279084,-0.125205885974191,0.412285493902806,0.338437945678803,0.309065934198595,0.142633181676257,0.0313731780264485,-0.216220313429437,0.16896665528783,0.246250320021589,0.256410686552662,0.363486927977241,0.291678304078646,0.0927699390059243,0.528663364019044,0.488060688367,0.325847928590769,0.126849407373056,0.390841400976063,0.288457929187893,0.497594948439759,0.40180630446624,0.442676152258659,0.433952240972451,0.590515230599873,0.606853470108468,0.34207529050863,0.342561028596161,0.0135161803817237,0.50875469282421,0.288026498700933,0.0992887087935029,0.390179379680022,0.389677056376096,0.163435554911469,0.31517456351673,0.307328742596774,0.407640117738029,0.300809420247577,-0.0349580556209045,-0.312502885927039,-0.477522397521027,0.370650480992832,-0.623814132889932,-0.314487221189163,-0.606259068784584,0.0386115788671567,-0.219941327670753,-0.443900104373919,0.21349769919937,-0.217137964078824,0.187305817048437,-0.639487040061335,-0.779403178067876,-0.672344472426045,-0.428267926566372,0.575833433275619,-0.624296896066748,-0.57693030654651,-0.516196040144232,-0.676767633654163,-0.386815827435663,-0.48740050130747,-0.646816382421184,-0.725264738373375,-0.363301157872737,-0.565023363496613,-0.638308252411754,-0.457303550131388,-0.406060073659133,-0.714114629862171,-0.587741679410166,-0.575877915489708,-0.0655534039556044,0.3376564089917,0.305001700334381,-0.0598235822181541,0.398051365169269,0.00780994184876827,-0.330488303328079,0.531838003458108,0.244624823373639,0.543898568470425,-0.193586165998567,0.475165252675606,0.490662156963457,-0.237398164252004,-0.0918562069162285,-0.261880466199917,-0.084845043827441,0.144892158743486,-0.199958040547524,0.0466351544612802,0.352030945572738,-0.13831263839712,0.327304834865553,0.114241316065599,-0.295470771919229,0.371573279158359,0.177275189529258,0.332087864365116,0.498074619862601,0.200090685366624,0.438070296181521,0.676468082162122,0.578399859968858,0.463167014079686,0.40299002301851,0.556678565040256,0.576806813580376,0.75604957010662,0.485802545510144,0.484610129883936,0.632691287782498,0.488080051018793,0.512654575633301,0.433507267806301,0.127806046951891,0.020358339032648,0.469926032764046,0.286339601095193,0.472264539919149,0.435468166072632,0.484224421963323,0.473915221756544,0.193406831839676,-0.0331691519255434,-0.233175788513814,-0.371767961677021,-0.335756742257472,0.330325407791752,0.20829552052074,0.0586883930826391,0.206748796886359,-0.258136533805101,0.370016599296147,-0.287821660463618,-0.0147575404463451,-0.116382191603284,-0.369382441682321,0.232367329222502,-0.420553997110258,-0.625403365249724,-0.646491686647797,-0.763379328568906,-0.607066735530812,-0.338395623091398,0.0377530204571827,-0.0946280947313602,-0.571243045329409,-0.445905799201432,-0.731858796946947,-0.0969258812647948,-0.33946640304525,-0.14699838558114,-0.65536540755423,0.248902060746023
0.358646359885622,0.916733632835599,0.0795308142473256,0.32110522598988,0.0293012554972453,0.780906482540044,-0.272380812399697,1,0.176274875123183,0.863800810412551,-0.0683748939799599,0.493046485080679,0.582395710958931,-0.0557085075074113,0.157090245804736,0.120381578540847,-0.123152742527161,-0.108616995616196,-0.0144406473690356,0.0694630242136442,-0.162216979643482,0.0538076454476469,-0.363363644068559,-0.294458599053996,-0.143757803204575,-0.606733527331856,-0.521917902700637,-0.488219200963867,-0.508664493663888,-0.473279581274989,-0.329870737115558,-0.557390287472535,-0.433447911096087,-0.384928998253222,-0.276991043035526,-0.297278137173687,0.00452628881829799,-0.503877407519673,-0.393314678069399,-0.205574292105821,-0.319781259834661,-0.324065202630053,-0.231129330798859,-0.261573287637234,-0.278929976285153,-0.387040634098421,-0.151724745434278,0.0107028720444764,-0.0460490702458222,-0.140808200664642,-0.398080813501115,0.0651105564069389,0.129556785094051,0.137986369739003,-0.243176165143599,-0.108345384236831,0.0991291481624661,-0.194863179857906,-0.328504141070332,-0.465655457012558,-0.0946403757870623,0.0877741631493969,0.106459090367547,-0.0028115141020707,-0.476152969287908,0.129779729968462,-0.0435093052691528,-0.0213929157295648,0.227252567781301,0.0576051638550804,0.0505667944403927,0.162416719675827,0.0487857926778961,0.0472966943877678,0.0494658353634179,0.267499902197983,0.0170162321810006,-0.00256854437133864,0.00504753587386946,0.0366014166713613,-0.0815505958563456,-0.236915265483836,-0.300273848986806,0.214316498635992,0.83702740408282,0.267845366315558,0.764995325957985,0.885692029461936,-0.10506755657292,0.377682825125274,-0.0819436269827033,0.829189424778934,0.128586058655315,0.170725316545081,0.0565762365370338,-0.0543700520457853,0.0380892916649295,-0.083635854457336,-0.156896820344703,-0.0841553420517374,-0.0625651984938024,-0.182226130189404,-0.0160111731866271,-0.00843929988181542,-0.118391266779646,0.0310922726385227,-0.45800567721028,-0.315160516815867,-0.235299989584672,-0.232790974750244,-0.114732663011138,-0.00649119751084516,-0.387417625964299,-0.472158100277757,-0.336006860369171,-0.41862353095341,-0.350456920724635,-0.44729634905892,-0.336521524338121,-0.359999326115184,-0.319229849660577,-0.486263528195071,-0.342981010566356,-0.388410509819153,-0.082690984023916,-0.255774819351975,-0.145198315268425,-0.0744144578436653,-0.274467218217665,-0.263111975152718,-0.338922336858439,-0.262369177112116,-0.38472707367358,-0.136762265911688,-0.196052543146275,0.0546803972985853,-0.0615810334101379,0.177082795002281,-0.130553655313653,0.0125910708940696,-0.0420736523142434,-0.0548852992889131,0.124274898875738,-0.307835677358964,-0.211896733119684,-0.136995486209026,-0.0716035792399192,0.0959075972110536,-0.551970446592923,0.0103880252681898,0.0941212710360007,-0.136238881348828,-0.0428156479403591,0.132018839474814,-0.0379940651167648,-0.152358003736649,-0.106569437152104,0.205900114431546,0.0800564221727633,0.00728003808893301,-0.161204439920066,0.111951151717027,-0.114827636054383,-0.00508148667743113,-0.348478758986027
0.802002587319512,0.379234016812719,0.247633137471586,0.928518889042672,0.896377581122514,0.550080885232478,0.445594428279084,0.176274875123183,1,0.377470725632808,0.803370384334753,0.862930706024555,0.657765581228849,-0.086450802280602,-0.0503947023768987,-0.115699077302445,0.152605642433238,0.163486370953414,0.094798428213668,0.59010410278008,0.42592419720259,0.370088459009737,0.191521610862454,0.0855925314395826,0.029563782850444,-0.24150294906598,-0.306382537763593,-0.227886669151659,-0.00407249321573692,0.117632040785885,0.357574564675757,-0.0472991320514976,0.0406219154962043,0.0518402161032972,-0.332669993851919,0.228883685493746,-0.13498212937948,-0.164004391644059,-0.187693588091784,-0.247541136678203,0.269314109984565,0.0836889407487481,-0.170300588517891,-0.145179593237333,0.149277910633403,0.0573986688783066,0.16660632911578,-0.154090805948224,-0.621699991399964,-0.505390677237767,-0.0625657177624516,-0.525134528557301,-0.453662457172739,-0.520630765421359,-0.361937703630488,-0.0443114254084297,-0.399239548701981,0.436938734942683,-0.133980866260607,-0.159965359893084,-0.489200797866629,-0.364455387400665,-0.49200161923103,-0.373988370439456,0.00805302696058235,-0.462451899618589,-0.542557554286163,-0.237707067159857,-0.274895326957013,-0.510481095793267,-0.405728795345379,-0.326645014125931,-0.494258586678032,-0.189181415284507,-0.386622430349084,-0.562374017885892,-0.644550542913873,0.0973552393092998,-0.37892828520207,-0.412285935997613,-0.386566598005695,0.130956475696643,0.174813615361674,0.727621435789585,0.476897557858806,0.820708261112688,0.251700460502231,0.113889666456043,0.871406849464465,0.77889271888946,0.897543491881749,0.144098181363197,0.927836365106469,0.779510616571074,-0.239925091444347,-0.338685079885958,-0.0820492451589873,-0.0925709890234465,-0.0405826542277966,-0.115655859361247,-0.172818502513647,0.334781250106125,0.111756460313019,0.539753126729007,0.241355314935314,-0.0740909509087318,-0.165955741742425,-0.213602793157345,-0.105360057932168,0.217138857996519,-0.0742595727131067,0.396976409823125,0.106358243030972,0.0279071892188363,0.172193871015204,0.092559424494206,0.37393686538036,0.257763941535788,0.332192295613591,-0.0957768038280189,0.0454736717569622,0.0832390622566434,0.311741774920802,-0.0954917131841737,0.413644945166387,-0.224986662361547,-0.416569644684342,0.389335552475514,-0.0736708806179728,0.272852272881601,-0.0643683544554023,0.0629649526805756,-0.0114169861285022,-0.148938534084168,0.00510463399170327,-0.0112313558052873,-0.446148410221843,-0.256300643871596,-0.205478074827545,0.353310994145906,-0.108137007361064,0.0564194940025252,-0.0375643380995079,0.58042780212903,-0.191116163390194,-0.18929991130804,-0.0692463308436146,-0.264451553107444,0.0335807563328252,-0.447852365698267,-0.583162172386063,-0.427289266842218,-0.616832324969947,-0.391524663451737,-0.158275389568408,0.0622967858522837,-0.197723053109488,-0.344108422134527,-0.285255347650801,-0.487199392955654,-0.383266309086166,-0.555836969418481,0.371689882756667,-0.325135958341084,0.323661230808234
0.462141487405719,0.933490291804567,0.246791408401453,0.473767552931371,0.203453011656809,0.849801418876757,-0.125205885974191,0.863800810412551,0.377470725632808,1,0.0798150923475226,0.647641802602999,0.64166461193288,0.133400097252697,0.219465228333208,0.0967567814892903,0.0297800760810022,-0.0752075800249549,0.0549713672447438,0.265612519426001,-0.138854549807659,0.121139366529177,-0.454192575214346,-0.445763819765262,-0.205088058486677,-0.550091070520095,-0.552736047180618,-0.50301948589307,-0.51854921582422,-0.455305157642863,-0.165879775238179,-0.616806780614774,-0.545559015902939,-0.534333960864772,-0.45092462522871,-0.120821790596245,-0.0283592884601313,-0.570442633311875,-0.524379787039531,-0.149795545453291,-0.23114827722571,-0.243751386735492,-0.27824538713006,-0.385145934592109,-0.312121198565625,-0.522161342817519,-0.174507448869959,-0.0496367323001381,-0.247767608203529,-0.215629296702823,-0.387139797417569,-0.10083974200053,0.0965851379624439,-0.00171396053954826,-0.228836473607426,-0.0308232103309117,0.0932605779786242,-0.185993548066531,-0.339456212132006,-0.386492052560508,-0.155919424876621,-0.0103030591648073,-0.0221355823421427,-0.0790527769586829,-0.572459527113246,-0.0358451150065055,-0.317540264009873,-0.100351800242372,0.137845030142156,-0.0963900069024015,0.00248750473546916,0.00147434743489273,-0.123325025776797,-0.0554883391957699,0.0477913247264473,0.132536301552307,-0.162673890053696,-0.0163483417938512,-0.115695609532527,-0.0228737407990541,-0.202739804944294,-0.281013334789158,-0.295202536872788,0.281138251245513,0.871059665215593,0.496028457218114,0.757399262566999,0.852471408704949,0.117631685204627,0.628443984284389,0.157885667202785,0.921402549003327,0.343371784186328,0.389192614205693,0.141155617384338,-0.0291362001408668,0.215185186278458,-0.0931137465459901,-0.0652469688703391,0.0763678704672114,-0.0108825825539074,-0.197840810190196,0.101028121658193,0.257737412052899,-0.140060573916321,0.124325963304679,-0.610177368112016,-0.481359771147877,-0.38593863591202,-0.134450002442102,-0.136569647100296,0.204373947122823,-0.43126701244174,-0.368307804163079,-0.21895292104988,-0.375106905058611,-0.166573685228953,-0.331913526425116,-0.280949478700915,-0.422499117468331,-0.304006355191791,-0.535487644388381,-0.30786218905096,-0.455116512941031,0.118094225921182,-0.174678970147521,-0.103276109218092,0.186363179745222,-0.205306500293781,-0.231928907420167,-0.452193688154093,-0.290730665953268,-0.407919441744496,-0.00119161912358237,-0.105051112394466,0.0803507381470547,-0.037792774775819,0.212373408803219,-0.0193979230240691,0.210139135537369,-0.0930681352480253,0.0937020900139858,0.259390799942559,-0.204690653819029,-0.245796237330004,-0.170583693392593,-0.119617120210752,0.203900083325199,-0.508024616171033,-0.183115371344532,0.0169653300582113,-0.255391665376976,-0.215175552142611,0.126483299448829,-0.0754743121180409,-0.146605152656507,-0.0913834708138091,0.12315050085624,-0.0192406891890416,-0.0564744584000301,-0.297134056095563,0.0196417370651082,-0.0531982960516316,-0.0945441830446908,-0.293804651357282
0.627869669414479,0.0895188027917774,0.158245453448204,0.753584301697023,0.772484204964795,0.234990953177356,0.412285493902806,-0.0683748939799599,0.803370384334753,0.0798150923475226,1,0.578145827209837,0.415592697070233,-0.118310529626653,-0.166472539507562,-0.126404887574091,0.178804064347205,0.264506673137639,-0.117280192425005,0.4394777466853,0.497836318901568,0.259560407132174,0.391001444190729,0.243842457215711,0.141171740138003,-0.20562258648843,-0.257034170476419,-0.231864569831677,0.143149124117548,0.217932748148661,0.224697831835335,0.179661093484461,0.26084531861053,0.223345649856669,-0.278816276596413,-0.00715087410935773,-0.0865130006545659,0.0697368970088576,0.0557810507856885,-0.0280011220151192,0.348269117379635,0.311763898336135,-0.00183851047291814,0.0604589525898101,0.397730238675439,0.375171078325042,0.21464428997165,-0.204591985349041,-0.55304036683662,-0.559815165982956,-0.194715943058968,-0.480907546064075,-0.686451104029678,-0.593278607149117,-0.501523587034882,-0.291607367972439,-0.585587807209033,0.632048413523373,0.264532623821962,-0.138398107016837,-0.480867662001063,-0.342685388569242,-0.571735074181069,-0.425705816665771,0.185169552207064,-0.427547886367436,-0.376871623558205,-0.185487683075073,-0.275429292800804,-0.501345948261084,-0.517316440753291,-0.187623009780972,-0.314418882352306,0.101622753958754,-0.55520463753155,-0.596398772960278,-0.555176134298058,0.245563784812855,-0.157396193576406,-0.276912492616821,-0.169585907896944,0.19967759474206,0.317881508006831,0.585760300345169,0.221253280673978,0.596226843108706,0.0547590446365051,-0.141176861608523,0.812644956333405,0.514291122549637,0.857003242826472,-0.0838335373721908,0.823930560484686,0.596217793519027,-0.278367581646295,-0.386954299413131,-0.11443382325981,0.17453316275673,-0.0616837722489952,-0.0556410635595627,-0.32713563980851,0.550424365931824,0.151826474405386,0.463452040811051,0.418701641860509,-0.0209403353599573,0.133330713663211,0.105226681617064,0.152925641318195,0.104350084362526,-0.0248075516088233,0.308236377611541,0.203611620197934,0.132118194621772,0.0851477768265237,0.186036263020474,0.261680501527774,0.164594456729404,0.368119451719366,-0.101118981247211,0.135845671676599,0.186384123577309,0.423061801142951,0.125957227415873,0.303948827993691,-0.166894551906807,-0.323932948029671,0.337632722822082,0.180015930250528,0.451603451599448,0.200851408629289,0.219390548406639,0.176111503215014,-0.250006525113087,-0.140270928380334,0.117342560409485,-0.525002439033744,-0.520340422699263,-0.224625215330638,0.080564794857292,0.0866283798979114,-0.205239273639768,-0.296167218137029,0.767593933458688,0.174317467688342,-0.0895632982790359,0.225124237718445,-0.283307967555835,0.217249972567608,-0.381675839716299,-0.643870037273547,-0.293856173698325,-0.524624438365539,-0.371247499399819,-0.298214446141946,0.0554575092727621,-0.0611605415722146,-0.259818888735112,-0.114898127081161,-0.328501464905221,-0.230037191706677,-0.460508196944494,0.470647274277422,-0.169614157896201,0.476308037512065
0.834249207683236,0.650363736663397,0.284579744844591,0.88260159003035,0.777183607269451,0.78152352278287,0.338437945678803,0.493046485080679,0.862930706024555,0.647641802602999,0.578145827209837,1,0.838965245149039,0.00435163418929858,-0.007873633432734,-0.0683515147999462,0.0440424987844188,-0.00447515825544971,0.137763663048432,0.501200004375968,0.223531791408712,0.327789245844723,-0.0382923635179674,-0.110724507942579,-0.0434473795050787,-0.415273606680774,-0.339244100963991,-0.292702327259698,-0.23348500918952,-0.157448897223372,0.245291901442097,-0.233274478785051,-0.15375171761206,-0.150887580655381,-0.377564769473951,0.151351200635285,-0.153028009429485,-0.342655153735548,-0.341237501151868,-0.328265689602819,0.0164850692684173,-0.157548031957816,-0.301013128402466,-0.29344496456752,-0.115018842854759,-0.180902501503209,-0.00196538877666016,-0.0512676731089562,-0.533968724740303,-0.399546114870662,-0.135469303238738,-0.399852737193563,-0.208559255159892,-0.317105959798024,-0.246089350059241,0.0778933514236994,-0.196028303047993,0.34597186514453,-0.323073211688745,-0.313919705461113,-0.455901349109813,-0.278376360682313,-0.359973735537681,-0.291978834772247,-0.194859248260442,-0.348680109759751,-0.464466496569176,-0.302624012127759,-0.152871968755516,-0.427463774574464,-0.231401547823515,-0.315249572560224,-0.436802647221137,-0.292012706250485,-0.20735492762298,-0.322344236157979,-0.513182865617292,0.0717663529917747,-0.341309976603537,-0.314871751353969,-0.364357899673415,0.0218995503605203,0.0302087032530433,0.694740125374583,0.699921117262495,0.840342719557623,0.494264157668694,0.433115108613545,0.721915555067703,0.847133472903876,0.671909990671469,0.445462585237263,0.834419342340377,0.80568583790053,-0.182057037371318,-0.26848897552357,-0.0213934625236339,-0.203041474982665,-0.114064370895098,-0.165086836134729,-0.0711564289055368,0.0610325812436043,-0.00558172063019238,0.425732060893825,-0.00268140990636942,-0.106980863624783,-0.3863020875692,-0.400759801835557,-0.250445523956271,0.180718391062365,-0.0913498214004924,0.319151225303394,-0.0862908308780772,-0.178914223922821,0.00655436408533488,-0.194072338707304,0.196979561871269,0.107531141359062,0.119722805037897,-0.209890691335357,-0.14985429561462,-0.0943286508370314,0.108581945970879,-0.268030594131176,0.277516365118322,-0.237776895976389,-0.394752121078545,0.276939986957061,-0.26445835910588,0.00722371431180187,-0.255570085309565,-0.132680994771264,-0.217045246641223,-0.163341951983978,-0.00523400246784636,-0.163661449676974,-0.41117471884479,-0.0520703512959833,-0.219799108098468,0.349000086742125,-0.238592529952112,0.142729394997448,0.110678072572087,0.370551377663473,-0.341599424799593,-0.220364567721391,-0.239058320862988,-0.216261720162932,-0.137559743893279,-0.398275210011532,-0.43073834996965,-0.443939354516255,-0.548565528144092,-0.298963354498977,-0.0924871331126028,-0.0289689053933462,-0.321072211220258,-0.288494879479473,-0.274901116264903,-0.442078044210231,-0.41764194503912,-0.428949516826348,0.272093430426171,-0.26179274828757,0.132140017079153
0.832392785724251,0.730014620006186,0.445220421734284,0.775544403472656,0.644910403509053,0.713490146805968,0.309065934198595,0.582395710958931,0.657765581228849,0.64166461193288,0.415592697070233,0.838965245149039,1,-0.101892778447325,0.147493063719313,0.00405457337364735,-0.0872864687295114,-0.064190850714653,0.130063122260288,0.463133935033987,0.187653392861,0.310638284741039,-0.0891342454801412,-0.0751783982295869,-0.120712848072962,-0.386753594071239,-0.279949293509493,-0.166516865628425,-0.289696409563466,-0.202044420206475,0.252559420577157,-0.313947440299689,-0.185528582848289,-0.0954901096002584,-0.300269046070211,0.14410117603521,-0.208889999477799,-0.358968213349851,-0.401288106756699,-0.311417445050182,-0.167857134783308,-0.195608373430956,-0.381482206730122,-0.306983182238807,-0.148781117400385,-0.220864475922428,-0.0868576403394156,0.0109771711630875,-0.488794794025011,-0.301419037986451,-0.143121679249429,-0.252075109487109,-0.173682587781086,-0.256951489036361,-0.169505632303506,-0.00898079182753697,-0.17843651248945,0.22408011485037,-0.354939450948084,-0.326407216880062,-0.478663139670362,-0.266290761486011,-0.3457643364595,-0.342701382391963,-0.264475660959992,-0.337514298798115,-0.386425034688596,-0.422006411127478,-0.00581733832782305,-0.379937250829496,-0.323907424127392,-0.23378609343215,-0.425056741132471,-0.261139048457581,-0.319928082028314,-0.232019665782932,-0.447194473522267,0.0175547338107186,-0.351959264601778,-0.272625953559777,-0.397818558389129,0.0858218520969447,0.101422634529683,0.721815408322107,0.76990571015933,0.575692030563482,0.644507204652217,0.471566123021588,0.5392215778507,0.549895694198293,0.445648759900873,0.509232178015988,0.591290957704095,0.808771692750869,-0.294662939102528,-0.247738879477817,-0.159752734233692,-0.388084275279815,-0.208371717171969,-0.34173717073722,-0.0798038318215419,0.0781515439962745,-0.175835603566085,0.295102524449101,-0.100022732412175,-0.25445999397027,-0.412035384243938,-0.457080852942264,-0.302908956310775,0.0506406745732985,-0.16993636863048,0.44203604487703,-0.100203595433626,-0.268263924609984,0.000456781061259848,-0.241096960613094,0.205608022542936,0.152419481240418,0.126538826836296,-0.135384602683415,-0.168574105002138,-0.153047102538408,-0.00299228489622573,-0.30248902992738,0.345405119555655,-0.325352434694435,-0.476252912017411,0.13977955461135,-0.334921301956271,-0.087789459018877,-0.274067723962776,-0.190359618331663,-0.246393811091734,-0.175250848055248,0.0842887539934568,-0.250768971039626,-0.321854062693952,-0.0277280927451842,-0.172606868388516,0.432754235196142,-0.211860375449486,0.142212870813725,0.176192546279482,0.223352698733762,-0.296345595725392,-0.132487767474855,-0.252912817027861,-0.276989809576131,-0.255349158009783,-0.38043859666769,-0.308455239187417,-0.471198091983263,-0.469603877805209,-0.356558394930481,-0.184369841292722,-0.162208930324461,-0.447682568017438,-0.135032739506725,-0.176114020827527,-0.505894628118645,-0.38732023265002,-0.332765634007008,0.14159908728042,-0.267590335985037,-0.0396544184676155
