1,0.608224613928163,0.440593350794866,0.561051188805874,0.370958061452729,-0.102549449349059,0.40170049857418,0.295559335469603,0.170354107009556,0.472541505076182,0.370324247627817,0.45332922684843,0.568229076817566,0.550027349052186,0.306365545015598,0.299608103820998,0.370759188022541,0.14461207174079,0.0656958587873364,0.207729587679035,0.319655973031742,0.225632713180701,0.0427002713254363,0.352410901537251,-0.0204288534862947,0.68804374284552,-0.272674380876843,-0.15487965278355,0.0400038113165632,0.139005733091736,-0.182129796388976,0.0370078866817835,-0.032530189536752,0.0079016780393492,0.127698352866903,0.0915896757294697,0.192610843502538,0.231114331398959,-0.10630713463064,0.433322155664778,0.407494037557986,0.39115663983158,0.408937466585903,0.415631152423184,0.37483472587156,0.205574210169864,0.416259141601583,0.109876223729745,-0.224838998841443,-0.573640244330328,-0.177865865265715,-0.199105835430444,-0.325396529913431,0.311472546808435,-0.041760472594323,-0.478782756215945,-0.289542591596204,-0.0656944119802702,-0.0846445286127308,-0.106352127131447,-0.202380418127057,0.114602055005162,-0.354905770628776,-0.244450658435818,-0.10975408935824,-0.376553952212751,-0.275510693803105,-0.234893490984065,-0.180582450033909,-0.0800460727982153,0.150712770088895,-0.0555970259090232,-0.190706581225575,0.193403140704306,-0.42021550034105,-0.505974828121239,-0.0203293450740854,0.0542704953462917,-0.261879660463392,-0.391426499130601,-0.241878175124545,0.298470393695692,0.528856427511416,0.613090412017859,0.58131094873166,0.534587496339767,0.299577902817798,-0.324526513491409,0.340693689155039,-0.144195282089403,0.0462786750565592,0.453656997463033,0.604491279483202,0.22699433157063,0.241553078107236,0.32542182801875,0.336754768799516,0.202519978271042,0.181215090446421,0.323814699626409,0.0075924352007292,0.307952657720852,0.227781448234514,0.332257334773484,0.288720358686202,0.22080304802315,0.203299974452112,0.230864084561268,0.357936258581221,-0.0156187608370928,0.111645447884748,-0.174265170910656,0.146374431562742,0.187320025157177,-0.316172934860405,0.0661249812967734,-0.20480513550935,-0.215064275357028,0.300715653598503,0.0089698338539723,0.414533907719629,-0.177727590834465,0.270746704260111,0.428503323417587,0.510085848021804,0.177836233069963,0.496519101212455,0.380960436898303,0.393036928390235,0.438958434798592,0.328015161582999,0.340170564658831,-0.229329077849289,-0.261974260522356,-0.458048959038985,-0.118683444120516,-0.459180237654226,0.104076283892651,0.090168188436122,-0.176918317073504,0.319716639620897,-0.112579824432486,-0.377617028478102,0.0644454700695407,-0.114711849409461,-0.0577207964600034,0.143279464061888,-0.4176602652969,-0.0696895878640776,-0.258139538944457,-0.504183013367897,-0.280949874381624,-0.348846348999547,0.358940087338215,-0.28673340491207,-0.235884481533467,0.110799846609035,-0.133538588258869,-0.190722881859825,-0.43530410446657,0.15168184046521,-0.111532677776895,0.154504897622539,-0.268714332610005,-0.149153886130274
0.608224613928163,1,0.677172552669381,0.674785233418472,0.103991831306752,-0.252044927994864,0.695682455280552,0.666823416867878,-0.233781792217099,0.821277228051134,0.119798442557267,0.782160409994826,0.814127981839732,0.686696318020646,0.372046049788963,0.459296717784601,0.646401171983798,0.183591670320574,0.296150517973263,0.433085955509548,0.622993894051997,0.375905026018325,0.164539087116175,0.579890025595908,0.128160021913308,0.452019563300451,-0.270779424864476,-0.44418514305205,-0.117507456801188,0.011817961442748,-0.207184273451802,0.0157113024564939,0.140745828904629,-0.148532609783311,0.0255275996528534,0.061667746719739,0.222944663731871,0.512438401116875,0.140376005977507,0.458384518008921,0.633861016059873,0.484293849387699,0.640379707507985,0.607083139288647,0.553657547144027,0.248919929344693,0.6381657129243,-0.022319302908725,-0.220385162233889,-0.617533477910222,-0.0803644411883245,0.0121826593621146,-0.0297990943320424,0.493162352349323,0.176241949502276,-0.424742364747238,-0.403663549762693,0.0551221491168008,0.059444193322855,-0.0594342435960293,-0.202023702148407,-0.268171527992247,-0.441526280063183,-0.196722729034976,-0.192537983931241,-0.483354456436134,-0.629174880349263,-0.130137935603655,-0.488225976864033,0.122696159400523,0.422984422715982,-0.281205469906988,-0.292286609406002,0.114950263871954,-0.228891429854466,-0.400848643768685,-0.326443713236202,-0.368619910011945,-0.550550821633805,-0.497572877047188,-0.368037398924962,-0.216426567192407,0.712800835484734,0.202538261067919,0.840310979794441,0.67337038736863,0.430769001768074,-0.604623129367479,0.0588576327920078,-0.504892048775306,-0.264907065266614,0.711264665839577,0.495333244734292,0.30348610911682,0.337524871575455,0.362174201381269,0.307121400428983,0.397944806004101,0.328561903488844,0.441201683797752,0.0925172617932125,0.523245869810436,0.261969857890327,0.541355277199898,0.551199541862818,0.438781924733136,0.381710328389166,0.380813280445068,0.453906707559555,0.237546754488305,0.412456861481787,-0.424837987403159,0.0053689439727226,0.324613108000389,-0.199519892731042,-0.0156225013274767,-0.0990807970028988,0.0388916061690304,0.392174118957797,-0.180122771595414,0.680259704967157,-0.117101602642596,-0.102369954971907,0.665297446170342,0.396132561859449,0.0664668807238794,0.621393077880745,0.63561591880884,0.639132409612494,0.631501602361638,0.403762304328137,0.516620904703789,-0.0891253425263063,-0.0315431016551793,-0.595426952064207,0.0605788514093081,-0.369978369159566,0.373016600436988,0.38923233146509,-0.361518888783034,0.573374622249402,-0.0948865374356155,-0.349987909441518,0.0873943141031912,0.0535431572274912,-0.248428606449005,0.24782973615763,-0.311582843133071,-0.494750092198004,-0.597376710274316,-0.532234511634264,-0.389725003297108,-0.599071381485749,-0.147961834974312,-0.490218763648843,-0.27583609291719,0.374936854800165,-0.379271628584715,-0.461922915551016,-0.612971645046483,-0.185990867592085,-0.518587363203376,-0.203583871047047,-0.618198170460809,-0.437567413682788
0.440593350794866,0.677172552669381,1,0.496964275884284,-0.0900012148892447,-0.280751371611126,0.820628296094443,0.621282272034206,-0.364057846379317,0.862144534085021,0.0487072970456064,0.54156936483623,0.71745685675841,0.463782458313638,0.368090207043242,0.305887992300037,0.518244734304243,0.396267846152861,0.264968919847158,0.273198344783098,0.49481887838907,0.34979974454644,0.288860118647288,0.57920212228334,0.0691472488344972,0.65734276242654,0.211407125036742,0.009695227355018,-0.0203939930740528,0.311633153031529,0.0586392027967894,-0.0092510935142722,0.286185534826731,-0.105080069089686,0.0175846494235913,0.0378867411091227,0.246379097107048,0.402716620756619,0.0539334958935511,0.32779525550712,0.325437117274182,0.342018335713242,0.47143151435638,0.3463760227659,0.307065597678376,0.105248275627947,0.347104190343332,-0.0508926254632416,-0.0309813200905715,-0.27368021475949,0.147577491227203,0.0639322106253255,0.0662917190239589,0.373634186522737,0.0615627402730509,-0.298829959589192,-0.254149948233316,0.114373620187444,0.2135869401307,0.0028484051577654,-0.233272952038252,-0.173364580360137,-0.262131061080048,-0.127844666112409,0.0032300275812246,-0.382841336214697,-0.365868802415203,-0.158627716132185,-0.243515053283769,0.0893439960811046,0.209752987661426,-0.204754926007929,-0.140860468499001,-0.0470418310126131,-0.215956207754786,-0.2247415058503,-0.179468929219882,-0.34109680616925,-0.250739476666301,-0.180595883067197,-0.153760506914695,-0.260432027227114,0.497829341799682,0.0470016599351769,0.717744331122585,0.467730198452547,0.671158904934359,-0.570025985180622,-0.120016959804804,-0.522110098830873,-0.508701924192279,0.67783426056994,0.385838766319484,0.505651289295852,0.290032161503879,0.270191818146552,0.172121504189291,0.392429546681466,0.274473572560067,0.355579538010823,0.197313985043762,0.370077119010245,0.207711856999606,0.335895920934877,0.414679367888889,0.214427869305505,0.364838172382938,0.379031932518135,0.288732300871181,0.232993997306801,0.226622653234105,-0.018630860173283,0.247965141863569,0.174891122317127,-0.278020239710239,0.0816838966959866,-0.0393911701294367,0.19566369398479,0.25723785056962,-0.31488834698212,0.441319770558254,-0.0644110690023294,-0.202424893397812,0.447440261322645,0.301315649952878,0.131479441621633,0.540789343839385,0.288810796895578,0.389210503456789,0.332243310493231,0.225119291489191,0.135759263073831,-0.166826252543425,-0.213335273420878,-0.425467101759886,-0.0981854636701647,-0.343040061896984,0.0419107191302604,0.119828517028384,-0.264669778517048,0.209886070002424,-0.350582868399846,-0.405273743574294,0.0965531320112526,0.0889948909901797,-0.235114046813617,-0.119515517510209,-0.465661705905783,-0.409660397924618,-0.483266176524221,-0.453848921205371,-0.271328225111163,-0.419689973677261,-0.141125295153191,-0.307382175351041,-0.153325655894777,0.0435965496510244,-0.332681267954339,-0.392289297860899,-0.541329710344255,-0.427180018635707,-0.550130975119055,-0.268457107008137,-0.41662224897969,-0.357762006561201
0.561051188805874,0.674785233418472,0.496964275884284,1,0.301567310869697,-0.163040667879743,0.57324945061658,0.671422621543493,-0.134190493300051,0.651111457881223,0.0707503352121009,0.786331028116476,0.657289790688593,0.647834817327954,0.38772714966477,0.418405439716274,0.513404331003784,0.247369948480731,0.220574979830255,0.267330923788389,0.317222335550181,0.424654259261112,0.195792895143799,0.537568394636432,0.195119447332541,0.378912028949661,-0.044837950251721,-0.320112151586632,0.115619961124321,0.19261897003317,-0.113260057682561,0.0259301251151335,0.0767415351125028,0.0800809813530966,0.155273238787967,0.274042100087157,0.135238443996251,0.386237645754882,-0.0555940842300942,0.521329414055905,0.398250092797245,0.503377897798293,0.44479073448502,0.438439172948212,0.375078197999224,0.104270218306714,0.479042110383306,0.0915594811038217,-0.282635218623935,-0.571779657016337,-0.0837198159140079,-0.0291486426679746,-0.0586316686080165,0.356357270232616,0.118185862370775,-0.342048647030585,-0.157149380112953,-0.0419529374518877,-0.0504637847008751,-0.0233518961483004,-0.148636696654467,-0.189328821823859,-0.341460599806291,-0.280147214739713,-0.215513248064064,-0.450891370770562,-0.521349262283692,-0.296463132578204,-0.387615707705548,0.0105781808585893,0.221428970664073,-0.339711497538194,-0.286911841697287,-0.0828288045978044,-0.218260572957186,-0.374382731297966,-0.183433066050012,-0.288809097153446,-0.410085184393275,-0.498604353716097,-0.343369068803472,-0.108012571597221,0.595550940719376,0.258261508186933,0.684247131123454,0.763537244035312,0.542126973520437,-0.44707309926048,0.209172116223941,-0.416697598307019,-0.102617469950786,0.620184104891735,0.661775455046252,0.363585281749261,0.383923589658664,0.206573377548351,0.304890712598218,0.415769033508379,0.175224004327027,0.568616526399794,0.106999385724315,0.400563925075945,0.503400248881275,0.297727124845323,0.471013056955224,0.430363480173391,0.404764070142702,0.422850504468048,0.450855288795802,0.349949762499503,0.355878089325221,-0.119669145777238,0.248235056707794,0.42282022734006,-0.171687940274032,0.404599139321966,0.0245961036972429,0.149874215928804,0.464437510385543,-0.0813524472559241,0.650845826382782,-0.105287628039796,-0.259780087360767,0.422426923688969,0.555134982452131,0.196249610160862,0.689568922678534,0.410631899747546,0.551969853751932,0.393985520824362,0.24909577865841,0.286911522232356,-0.302341989579562,-0.0829512313536493,-0.489840865993857,-0.254219563931032,-0.325086311143302,0.221273925455512,0.339217302792867,-0.235305407755793,0.364168563102592,-0.123054628097036,-0.320280915722131,-0.0635305292421034,-0.120936399057394,0.0718377517331238,0.0225308220244246,-0.304763261246826,-0.287288769448566,-0.548581326754651,-0.549277659750639,-0.351015880410071,-0.504752748831443,-0.130228083896192,-0.381678330639929,-0.478160332927842,0.148112022000588,-0.361290525756123,-0.329503569187322,-0.62512571895457,-0.146374774949864,-0.309649661800988,-0.0842280045282039,-0.551779786983018,-0.376211815206539
0.370958061452729,0.103991831306752,-0.0900012148892447,0.301567310869697,1,-0.102918753620008,0.0891806559623884,0.208997136123227,0.542189984460336,0.0469310141472771,0.437605620834239,0.261903442127518,0.196037593388182,0.0689099989906481,0.0375709609598852,0.109284039263335,0.0524873733069798,-0.0781629305731652,-0.025734332153392,-0.0514145895469425,0.0675085947237197,0.109462048180103,-0.224795670600648,0.0086807514976175,0.181473423673201,0.0514858025103798,-0.255381449523065,-0.051368474785967,-0.191076523117186,0.112445138450068,-0.311951465007365,-0.01905054333589,-0.274269525097643,-0.140746008691378,-0.0552808208390463,-0.067328717058671,-0.0957305582095812,-0.428752827107391,-0.20096444491954,-0.118988740285567,-0.0541279844061321,0.119629603738099,-0.198912962666357,-0.0210968175409463,-0.0078734356118876,-0.0597039206805165,0.0185243483931662,0.0013284512891486,-0.117075379678969,-0.286593500812824,-0.331388696003184,-0.391464402860188,-0.275278738322804,0.123811261127325,-0.340330625538846,-0.33479613057158,-0.282398082243147,-0.164235114320266,-0.200534831610188,-0.15053694088999,-0.141628872688312,0.176471979924301,-0.143679920135108,-0.473814026789223,-0.437859342476878,0.0096552501836127,0.0990828998598221,-0.327009431252881,0.133448616775467,-0.358845110509861,-0.244452938944543,0.153116517656611,-0.0464338156451504,0.0401795400860404,-0.111181097848084,-0.140479458621726,0.33035627048758,0.525099049937006,0.192550345859826,-0.153051524834859,0.0222210591452137,0.612335891380111,0.244711005785177,0.647041647548015,0.01339807622991,0.263617294212519,0.148480036286242,0.13830576097321,0.742669018338422,0.150412125843733,0.429831140416092,0.0173456567305674,0.438491871357108,0.0769982180614133,0.0440747366242751,0.0563009681032671,0.416263214838916,-0.148673869012855,0.127593625635344,0.0648207114997122,-0.0122817323799316,-0.074658434153304,0.228759271164551,0.0402496893429151,-0.0159015969165277,-0.0431748673708459,-0.162238599283851,0.152129979225988,0.0094887637534866,0.0265571357158622,0.143576788112919,-0.0329379026439773,-0.030967516721237,-0.067496544070482,0.0426415971738418,0.0973165637577326,-0.163070432270283,-0.233586512230967,-0.0911671936654558,0.0691062180035073,-0.0112826037231285,-0.415314375943026,0.167452965023506,-0.284068631006951,0.278450990029186,0.0009576379772442,0.150864696336645,0.0173596910580405,0.0562943117796745,0.0297463256574921,-0.0923507863840759,0.0624095069733805,-0.101000678747714,0.0984226200992953,0.0763329716746705,-0.06152479087881,-0.0232133378932102,0.138398171569807,-0.249582462353208,-0.130325567479873,-0.0496463433846774,0.162840556462695,0.0931040688315485,-0.100035750583677,-0.231139188819271,0.197567697303533,0.081067840468715,0.112436768795707,0.297583707741593,0.0561056840692082,0.135938610660901,-0.127295305445576,0.190226721419726,0.193607582858597,0.178312167199797,-0.379959762742584,0.0016498254974189,0.186184648975062,0.0942941292245591,0.0279120497499962,0.48953268273508,0.533797736725159,0.681289487234642,0.173589641338395,0.124478425738887
-0.102549449349059,-0.252044927994864,-0.280751371611126,-0.163040667879743,-0.102918753620008,1,-0.270009497553422,-0.0910111546079074,0.498978715527378,-0.305310497666532,0.157711250195726,-0.0844355972496482,-0.393146254222597,-0.0667457787429678,0.181563703140909,0.0703932901958247,-0.221065895829878,-0.245052982673258,0.0029765765354415,0.0399307590973803,-0.207216933572863,0.201171261534157,-0.0074485557244299,-0.298235470735349,-0.241391121711655,-0.0751640022263844,-0.123589167235413,0.0539432796398604,-0.0273549419742734,-0.135529619135225,-0.196322262967422,-0.204803634496772,-0.126541359909302,-0.109929787431159,-0.20484268208125,-0.0161144775680946,-0.0761248694610435,-0.163696618271046,-0.313923390739404,0.072158510891728,-0.30605572350657,-0.155506254348709,-0.171368489996307,-0.348062663723658,-0.177102035963205,-0.0204122933086275,-0.305732164863945,0.0969811249868145,-0.113034899713053,0.0426425296806205,-0.347938686633432,0.0795016618985245,-0.149304088986484,-0.404477744059655,-0.277154583985821,0.0900225145812085,-0.0343095766627834,-0.201403107489953,0.0004782468555412,0.22629592536329,0.112034864193331,0.331703654960463,0.281513934876455,-0.110559518590046,0.0842708109341677,0.185239268642124,0.316483133725706,0.165906982564425,0.371103678130031,0.0548918122831135,-0.176847832822765,0.363826433721463,0.184564258209891,0.176624091570063,-0.040406990871797,-0.156270664872635,0.0445352231775291,0.290992596973903,0.130431707578831,0.133413277972594,-0.148303092044374,0.173264071255651,-0.318979384248146,-0.0968002607250113,-0.329274669051851,-0.262872753778508,-0.101603606332293,0.536887321505252,0.0529915228907609,0.73406519472359,0.500944765277838,-0.1409200609009,-0.030723032607222,-0.19108464718638,0.0952179851816236,-0.0908062386114011,-0.0268384290090826,0.129839255679228,-0.0405126557836131,-0.168680676709588,0.109981817858323,-0.0215320919883074,-0.224167338479583,0.128970743308419,-0.198737374520844,0.168945704513206,-0.0421870995737026,-0.0230813012187103,-0.209705842578092,0.102009979829108,-0.116162994331654,0.245302420737669,0.112119945475394,-0.0375368543403869,-0.219945604358934,-0.0797911402873556,-0.20976326188411,-0.252909060096228,-0.118776301779918,-0.0156392426840931,-0.14811701610717,-0.11220979842108,0.245926569869063,-0.216381290942433,0.0277789770522498,-0.0497261632474159,-0.0388475661982589,-0.327271198295931,-0.132426648097982,-0.185813583865627,-0.0535456716029262,-0.262015859279429,-0.0671023301232407,-0.237447778052044,0.128835645559699,-0.0449430255129808,0.0468114980690865,-0.269632823344705,-0.0419216999857011,0.193465662864929,-0.306872136312385,-0.163039480441574,0.0445093743714076,0.014004732660735,0.0891148353408957,0.379467843189077,0.0769452152250706,-0.187626053930103,0.355838219895254,0.177551977910524,0.0732111657829646,0.0917233106790872,0.204994853278624,0.185928480835812,0.191438257190143,0.0156149087002699,-0.205048015233879,0.375993199194059,0.539546948501352,0.284866706423705,0.0853482584173703,0.209888597607355,0.178234190180842,0.291362806568438,0.0690141460368144
0.40170049857418,0.695682455280552,0.820628296094443,0.57324945061658,0.0891806559623884,-0.270009497553422,1,0.668945759502647,-0.285806990666894,0.809525720152869,-0.0360454647651053,0.63442143121417,0.727769538230745,0.587982209351231,0.434343286880874,0.419926449785552,0.664845979049538,0.595195533627021,0.425208999992983,0.296014344468524,0.405474236989962,0.389704410042805,0.384718577941054,0.721533785843853,0.0366614551418002,0.565794325760424,0.170430561532224,-0.213149435679299,0.0378404871250077,0.313163176345184,-0.0194912386230218,-0.150797803698694,0.27574904507312,-0.0620041579683604,0.0484666576720018,0.149258880513699,0.288320414364804,0.406763747668057,-0.118597859903551,0.376266277106999,0.366506175673944,0.556109077616229,0.531007953884768,0.385044352552417,0.310335736391565,0.0477251297357159,0.395789033236516,-0.0466515554553852,-0.177632711941079,-0.416704715427031,0.0071141010373782,0.029784967869652,-0.0096435808880706,0.376601325224825,0.1086521716417,-0.34499424769683,-0.311283434267818,-0.0389379048143473,0.0623971258984251,-0.111101747299706,-0.300188240807817,-0.142617661539569,-0.339943657844385,-0.307369677579955,-0.0413420357543794,-0.467845889802662,-0.405717753118735,-0.354357716659102,-0.214666597469784,-0.0648455433566858,0.0875079198526857,-0.208852728791799,-0.237564402517937,-0.111164367274158,-0.271709267315844,-0.280083631203736,-0.23861358946339,-0.271341761963925,-0.3259351777624,-0.414151936058218,-0.361083125963616,-0.121222569003591,0.502668107202872,0.135502946709055,0.686113713157506,0.487659275196685,0.72678495677369,-0.55252054350268,0.0617456751473967,-0.502745780471314,-0.360955110018036,0.596302495078032,0.366049597288346,0.385064942750732,0.366896183443456,0.300726639238426,0.334674942140894,0.505455766262926,0.377112161459337,0.621992060679519,0.269240145604117,0.392718569412762,0.33554376026292,0.358277844083924,0.509533577423945,0.205612337898104,0.495369207853346,0.486425378699485,0.361392553112297,0.317329759586797,0.310526937916095,-0.0770683040547196,0.353649028179199,0.30867172317867,-0.278278901355596,0.206977373190131,0.0126481994099298,0.189124222282684,0.384503749537869,-0.290353720443494,0.514790958854464,-0.16353082815126,-0.20354120194399,0.438212104870271,0.376327795961059,0.237195973997775,0.641368158495654,0.375476389279927,0.529610728794941,0.369481365053883,0.196421856256555,0.135711530491915,-0.295514794128697,-0.223121636444462,-0.471449144226152,-0.175664603280797,-0.381334817227159,0.0756477460972741,0.159698413095389,-0.357434462986368,0.246995805948051,-0.275644932503375,-0.409860738664237,-0.0372833883398603,-0.132282005111267,-0.199151941134501,-0.12534329022651,-0.473368916948065,-0.341884985557707,-0.521244873136736,-0.4875533690327,-0.253789980512816,-0.368361929093012,-0.124699277442774,-0.30868872042866,-0.301452779149915,0.0526369678607588,-0.315379863311171,-0.332606453845081,-0.545840903221641,-0.374023139866358,-0.452299884222037,-0.0855535804511969,-0.462633458381435,-0.503599274676248
0.295559335469603,0.666823416867878,0.621282272034206,0.671422621543493,0.208997136123227,-0.0910111546079074,0.668945759502647,1,-0.203325421771532,0.755013173980723,0.0898208083810086,0.837689434750588,0.723392638607093,0.563477507016883,0.332088681662576,0.336227483117894,0.481499064766405,0.146917376846753,0.348014970270924,0.403994218190078,0.442396891820986,0.481160110217608,0.253785621296812,0.652815561623341,0.428460955336496,0.246411329519034,0.0436303854313421,-0.293873707550275,-0.104193983166269,0.113494845616006,-0.110645446086521,0.0909996124206452,0.17204603721357,-0.0122542272205205,0.0976643315401894,0.169695201443268,0.169122558331595,0.322786427595678,-0.042727362113698,0.265408151605628,0.372682628903323,0.355461628340389,0.476236410032119,0.356999645531214,0.427098445392472,0.0983103490155773,0.533406870933571,-0.262176938858554,-0.25683208102768,-0.425640388231445,-0.0627284024941313,0.0229177027425944,-0.0254451150414871,0.287040933054051,0.0605856693925008,-0.306552807429092,-0.25030041594521,0.119237991914787,0.0997188924473232,0.0420850778714186,-0.174238465781925,-0.342109664382095,-0.331336932791934,-0.326781692461296,-0.253766598419117,-0.410982935401107,-0.486231228096746,-0.261731563898528,-0.390769148437964,0.0536169368239691,0.203799406664592,-0.377881600112563,-0.30873146943185,-0.0946146276535727,-0.109133586157048,-0.291827698931412,-0.227590486417621,-0.322950699073625,-0.382007375732107,-0.363483551718023,-0.194955965105085,-0.255740413292574,0.538164232937171,0.036175983060846,0.632358325292713,0.5912958861784,0.70295099687389,-0.322167670501494,0.0172873207030107,-0.398169157235356,-0.233869189155808,0.753833644219226,0.46887066814789,0.469155322879711,0.306813850454984,0.164927678126355,0.237984092292977,0.339407622322956,0.281454878758694,0.404471246651251,0.2158609389405,0.377501675192178,0.289398619218394,0.369521272631133,0.503357519346371,0.385967698916205,0.380485405797571,0.518414705324625,0.412696469661012,0.557775555323506,0.535760077754607,-0.0679422910196138,0.207184660863938,0.296462099980229,-0.1769947902637,0.158458594650325,0.0151971021624903,0.143143084171675,0.348032210451423,-0.207894632949694,0.505010345016036,-0.172068962272252,-0.343040653001123,0.31804156528301,0.319479173804558,0.0418889056814921,0.54104303376606,0.371607179334006,0.520222211542751,0.373928510373915,0.225272731282009,0.301357511071893,-0.272073020169694,-0.0860517280031684,-0.398358643504652,-0.226144172028903,-0.297608512825571,0.143680215559917,0.234108109682134,-0.32387841445557,0.293713249750345,-0.19762385150907,-0.292882626631477,0.0182495824011399,0.0421394954233714,0.0071895595684514,-0.0365821579223608,-0.293770429764181,-0.313906528704165,-0.574118970384596,-0.393447400913832,-0.417409036381143,-0.477548335843103,-0.381914224919209,-0.367888949254088,-0.413529955810991,0.084567034988579,-0.424078404582552,-0.403339971403738,-0.62112394995145,-0.30070633114868,-0.366975431081922,-0.174720744002211,-0.556212055082127,-0.378146459677721
0.170354107009556,-0.233781792217099,-0.364057846379317,-0.134190493300051,0.542189984460336,0.498978715527378,-0.285806990666894,-0.203325421771532,1,-0.303049395254945,0.648787724845168,-0.108787605122552,-0.273506473949761,-0.117802997810647,-0.117037865006214,-0.0853734991688313,-0.208289898720083,-0.259252608704627,-0.121102976143828,-0.131912908614109,-0.176622871994434,0.0185539476807396,-0.145446321932267,-0.337984706604661,-0.0186861610019232,-0.0470360860297378,-0.387202108229092,0.11427101911688,-0.080308572503346,-0.0354862328506439,-0.305909733653038,-0.0050608995171292,-0.179000900290401,-0.12901183892039,-0.0212126193766234,-0.0986153770810329,-0.293123275809544,-0.547393878755052,-0.317211281990626,-0.154704049783477,-0.256082723180349,-0.0682951359536024,-0.372742042870468,-0.24622931471369,-0.147136419392575,0.0731545342996207,-0.268556814531129,0.0343916938429367,-0.207878445248322,-0.146833804957739,-0.567545948953818,-0.26960134146229,-0.395856748973882,-0.206802891199505,-0.546564185182217,-0.231938737673606,-0.219948576832069,-0.188531655751092,-0.121292631783924,0.0704111956224179,-0.0055494446393677,0.456889873882037,0.007956423487494,-0.408475730801612,-0.12959010220025,0.176303029465169,0.423540336271013,-0.111734094439514,0.412372108128052,-0.284138963046399,-0.412022619452976,0.534427473229576,0.11120757637464,0.281732467556203,-0.172785095808908,-0.181159156396876,0.481120376096892,0.84670835285006,0.410242584192039,0.0330507576983389,0.0501523335126422,0.708249308912858,-0.0964505484194145,0.521854733305686,-0.345124506244253,-0.190395061826845,-0.178079244639582,0.522129903268139,0.644258881214392,0.745734809767127,0.763852117702441,-0.329796720159028,0.249507674904443,-0.156202898095064,-0.186799092814843,-0.168986151968515,0.255996628460857,-0.145514728674489,0.0495842577913931,-0.167266592403921,-0.0432097979038058,-0.0685357058728935,-0.146063755330522,0.0129151321609445,-0.254181776512996,-0.0201628813362868,-0.19180873700117,-0.0397783976335706,-0.118640458495874,-0.0331017448592842,-0.0601322382663148,0.0018891031917249,-0.0004082493269921,-0.0551551173490516,-0.136296606130714,-0.0094117362734749,-0.28647070411271,-0.466210995199119,-0.166713304774033,0.253020092135963,-0.25589946252305,-0.327405587689997,0.468826743246049,-0.398217761957917,0.147019280767966,-0.153573499561465,-0.182473607841393,-0.196934477539348,-0.114538801063375,-0.0799515733302687,-0.0096043696955096,-0.0472372355012336,-0.0193520416674908,-0.116218385462169,0.283611922062464,0.123448152070282,0.066368725676453,-0.138511207068073,-0.290561252338676,0.0630093473204671,-0.204094091578335,0.0706138832013815,0.193714001404642,0.0635381327626282,-0.04540229577835,0.41459982886561,0.265199402782038,-0.0054597610107447,0.655702173645892,0.316438333672155,0.199192028711869,0.10809008276576,0.351302281606157,0.330140300724445,0.343096458178884,-0.0902591107930997,-0.129959209901714,0.611580649876315,0.511617920349287,0.392595647789759,0.623737190491937,0.673969916087841,0.810870701955045,0.525141330034724,0.400045955703713
0.472541505076182,0.821277228051134,0.862144534085021,0.651111457881223,0.0469310141472771,-0.305310497666532,0.809525720152869,0.755013173980723,-0.303049395254945,1,-0.0049876584591722,0.789297153347285,0.883851997729794,0.561339220232088,0.391939762925644,0.404520321388698,0.529884294701915,0.289646534933349,0.254847948783518,0.365037826389408,0.527693835004564,0.338712890344919,0.180839090130083,0.637914559165475,0.240231248057719,0.480547687807511,0.0465311956286005,-0.200656772485371,-0.108719608376015,0.229842267320638,-0.110178651632764,0.0096466935595112,0.20738757079446,-0.129140307159865,0.0286702458711155,0.0200589529146552,0.274887356048629,0.420570142884887,0.177606312573287,0.372375297342357,0.419208091343297,0.354710291504926,0.50425760798398,0.485782376678082,0.417679791006056,0.0936251951338828,0.529738399373866,-0.0817337770382025,-0.0274186970334562,-0.412494696723188,0.0911742854875516,0.113429564548044,0.12561976050627,0.467309542073218,0.160291809701074,-0.271101138917698,-0.315231192110951,0.043504826164064,0.0884568124668835,-0.0129139732840772,-0.0777299227905931,-0.187190758405436,-0.24807646971182,-0.126205929779082,-0.236918885724783,-0.408204063496805,-0.49854760182318,-0.123588499232653,-0.381648139914372,0.182442199991152,0.339939762151669,-0.265719602493124,-0.162604393372412,0.0302513328895115,-0.105936016804546,-0.191987157564706,-0.236529576853934,-0.424654659034575,-0.39686430269696,-0.37606061106522,-0.259979113327811,-0.273578075666116,0.597914367857396,0.0456424053796965,0.768502184678202,0.59018789215766,0.672715781697334,-0.584753172706902,-0.0357203726931633,-0.511774260540445,-0.355433190699779,0.838460334798994,0.50705005448118,0.50605051210002,0.350967593818904,0.32673420026183,0.264014679741735,0.423934454913734,0.257540220439526,0.404544505453842,0.130386200190563,0.408714599341412,0.325991256082052,0.359355961331034,0.45240367868574,0.324584721723335,0.357636363420544,0.439584316091824,0.374917624067127,0.276831093360216,0.43252669372812,-0.20657991287928,0.146674460327549,0.171996210059349,-0.194798330942871,0.0818662337341345,-0.0911168047934011,0.20592745248144,0.241038222677864,-0.351537247247427,0.493567293276519,-0.0702466777955912,-0.277987863098051,0.504557842602655,0.256230361030189,0.145505191630839,0.540124292134663,0.400417341422564,0.47779623389272,0.414852111941101,0.20263146815736,0.317095058909066,-0.0930504222292043,-0.0230312457361045,-0.492402466666882,-0.112256191908909,-0.252973533133211,0.244630981661965,0.242126374312095,-0.336241249716646,0.388377707600707,-0.226125769469946,-0.357867024736672,0.0196801709301477,0.0472619314682676,-0.208407884387084,0.0041057641523299,-0.293050008602802,-0.53092580987298,-0.575841501909641,-0.43481263195354,-0.275982332290347,-0.496377630134264,-0.227213418046074,-0.302771681296947,-0.185342564663255,0.172126982905009,-0.389252879261378,-0.407790252956738,-0.598555927158537,-0.391694836390431,-0.570571561397901,-0.283608159944714,-0.600461376919222,-0.47725259090747
0.370324247627817,0.119798442557267,0.0487072970456064,0.0707503352121009,0.437605620834239,0.157711250195726,-0.0360454647651053,0.0898208083810086,0.648787724845168,-0.0049876584591722,1,0.0564895270168085,0.0137608973103729,0.168076750155447,-0.136189532092268,-0.155026354821757,0.0709681198411999,-0.20207704288561,-0.0852527788422435,-0.0272502441490932,0.331621446074475,-0.0030806267143032,0.214011726521688,-0.0003397596856419,0.273051584181496,0.187240129824405,-0.361713904561038,0.0710186465468033,0.0789264767172654,0.0991886319487375,-0.113714968890145,0.516653028862379,0.217605650679071,0.0376403507715581,0.312482626896683,0.106135097179318,-0.268478587717521,-0.180447876067469,-0.2430706390777,0.0446545114433698,0.159293064090318,0.153028073805942,-0.0103869358743855,0.0418515358273543,0.32952043729671,0.576843053853571,0.0582294241288742,-0.166369484452482,-0.505241212780063,-0.340696266875921,-0.509018584448859,-0.340120949485022,-0.595443006859161,-0.0633342825998485,-0.567569600129647,-0.527477734516855,-0.264172564504291,0.450101548369395,0.396989832026049,0.328899681509292,-0.215728987291907,0.0454298422323177,-0.37691174421306,-0.489258444820735,0.117147636126148,-0.163480415884308,-0.0344784863996557,-0.148497568565365,-0.100140683573939,-0.269826240813918,-0.201924195413432,0.231753429455005,-0.191714375869582,0.298542071502449,-0.312962434988718,-0.463745323822909,0.289289677141523,0.558130024622172,0.168167675776428,0.0988004466616786,0.272449161779333,0.440300667160909,0.208840055148716,0.468168492470724,-0.0011199801829971,0.0216280598078002,-0.0865292142803337,0.238881154133853,0.300526311671702,0.254583539045328,0.243390686403092,-0.0793052504440307,0.426775069330753,0.101378096269103,-0.198195248126159,-0.242889670426529,0.247958173315197,-0.128023061995889,0.128362736377982,-0.0614435396209639,-0.126423194195129,0.261104113461178,-0.192932256649183,0.0781910740487964,0.0714392410838478,-0.0392960428780285,0.15037992812238,0.127589882216151,0.242834737265976,0.166087164616409,-0.086248414198889,-0.115934646688868,0.0654929876108031,0.254913476175874,-0.291428477140492,-0.0792081339313078,-0.059858434151441,-0.28300964565648,0.2064385402157,0.443348871261505,0.103300557115613,-0.273077294830119,0.433016432871022,-0.0054495591175548,0.299926301283085,-0.187528325208153,0.069940157650972,0.220504803972859,0.20056730721399,0.394693778909105,0.552981854909444,0.32314838139049,-0.0719401421266807,-0.249730760892298,0.0588083152655574,0.291487503200599,-0.41662785475239,-0.216730970365395,-0.0837026769710744,-0.0657415882105232,0.0824324615064254,-0.0222635163887644,0.0057268515207411,0.609106638216096,0.429709980632916,0.347390737571722,0.453871436987305,-0.243774123173958,0.516451698012593,0.0078128427749359,-0.168949264585287,-0.182546297813702,-0.11889543693265,0.0917537484388868,-0.194642486391242,-0.150208841587055,0.0591282680188518,0.234962703897402,0.050796475107812,-0.0445504357338713,0.466459505607543,0.276824989074977,0.5407922374796,0.274724422405382,0.569370417682702
0.45332922684843,0.782160409994826,0.54156936483623,0.786331028116476,0.261903442127518,-0.0844355972496482,0.63442143121417,0.837689434750588,-0.108787605122552,0.789297153347285,0.0564895270168085,1,0.77948178674672,0.647989844060897,0.460297785087427,0.529012212753832,0.545129822285192,0.203168287679607,0.302590400860233,0.412705018075234,0.401133574577145,0.44119640351739,0.179357614154265,0.587540005811416,0.32204787034634,0.212765640077134,-0.112894641124214,-0.407012200877071,-0.0735113667334234,0.0552962206431665,-0.206417338207789,0.0104099525980733,0.0722151022941053,-0.0523030492961835,0.0365395794042374,0.170390956034523,0.17006900669206,0.385376550845555,0.0015259528042817,0.421136866399714,0.418767433610644,0.422428686139919,0.480307248913281,0.428878421046804,0.418735048736715,0.0641027401102234,0.543218046891337,-0.0286759084963774,-0.246536616510627,-0.545157292848466,-0.118282841301061,0.0064178071896746,-0.0106406482423191,0.338988087852815,0.134458288010566,-0.308499799686541,-0.222391149316351,-0.0090843436892654,-0.0134762209738476,0.0603368345784295,-0.128568175998151,-0.260613388416114,-0.330936652360495,-0.28345416596473,-0.380060558238157,-0.449939129679127,-0.555365709140868,-0.21662452085501,-0.409942140257168,0.0602471579534806,0.294349882831823,-0.359038638426375,-0.329937375508568,-0.0404471766486553,-0.165777405713975,-0.330610373161419,-0.289182709013361,-0.306203649439863,-0.438826046269213,-0.481448324454076,-0.365336584864168,-0.182349450237983,0.58692470477972,0.123480316739254,0.684553045357399,0.670165257455379,0.584981099751238,-0.359468118350049,0.153522477685101,-0.3660637955004,-0.0828664601772224,0.751597879357533,0.591209875596546,0.371250111473352,0.43659965248128,0.361236536191455,0.3662690968377,0.46282640254942,0.261678386975093,0.475343916678162,0.142574698724858,0.403713702625634,0.361403537136672,0.426680353802244,0.486203305208578,0.423711291373952,0.402923556900308,0.451026184368311,0.374952855671784,0.412027994332788,0.545511176820676,-0.197982257434373,0.126352567425807,0.322275293010727,-0.108914711165455,0.1844508932363,-0.0276931388090586,0.159723730942553,0.354524153395793,-0.242752291062091,0.556459852999011,-0.109104058410251,-0.301236559425352,0.430783746799254,0.400449873628829,0.167518191539485,0.596416490175985,0.449630899019617,0.559400742655362,0.429663084977574,0.21704417712106,0.353129886143293,-0.202738722336566,0.0464574232858381,-0.448707804822337,-0.164079024308161,-0.230495518101513,0.333029989837716,0.365981580986392,-0.209612098955964,0.388697476113091,-0.0828802670117316,-0.212709486332374,-0.0203453378345039,-0.0079072897988269,0.0318187684635455,0.0746717184819041,-0.19130305431452,-0.416697057561095,-0.635848824730629,-0.440445040127693,-0.398746109396384,-0.542142825222701,-0.28209228174551,-0.320392240044559,-0.410598871419852,0.2356018744337,-0.333796393694332,-0.345715196358376,-0.613212699593459,-0.26905713945507,-0.397160085061468,-0.156595534515111,-0.603780381827659,-0.485988330154142
0.568229076817566,0.814127981839732,0.71745685675841,0.657289790688593,0.196037593388182,-0.393146254222597,0.727769538230745,0.723392638607093,-0.273506473949761,0.883851997729794,0.0137608973103729,0.77948178674672,1,0.524177291330945,0.333158273197385,0.278841256853812,0.433481935519568,0.162268395690655,0.139002992570312,0.290333612644469,0.4162515026307,0.342719567101747,0.0346175163023648,0.530612471817863,0.240730431977248,0.445059373868442,-0.0592976312902446,-0.320513836897935,-0.187166364457742,0.0810052594352138,-0.177644437111297,0.0620765113468287,0.0109922758212034,-0.0916318928603992,0.0928762380197105,-0.012643916459907,0.32475189253536,0.393089222331872,0.202932869158804,0.347128677950354,0.49224081572467,0.29552282266892,0.545757144685601,0.607187184773383,0.441844630190245,0.0266624653413778,0.61130811541222,-0.121268488788179,-0.0488682475574329,-0.505608381504286,0.0420712723729578,0.0931912761392621,0.0858993469685884,0.544618358274492,0.239897018156181,-0.273716700118528,-0.336585702838972,-0.003393032949542,-0.0550583413550176,-0.150539362291012,-0.0559870432643261,-0.196902579778207,-0.306692528794052,-0.108401008518261,-0.321971211655053,-0.42230526511013,-0.509455329689807,-0.110159469291473,-0.423807494512685,0.216316185629929,0.390186651693772,-0.310396292853845,-0.156410188584202,0.0906139224452824,-0.0795512176848964,-0.188918485895457,-0.156915483989559,-0.37511048011728,-0.428120370223868,-0.519679797728099,-0.228142121098698,-0.205486650747791,0.652587886411215,0.174837938642018,0.774300832257094,0.66908791496625,0.644161470341416,-0.528605951021667,0.103023864490121,-0.540012951137212,-0.234759848136558,0.831014245771478,0.554258040325233,0.541908946070172,0.331791947284868,0.402750976612772,0.193881307316762,0.270116830125826,0.138402824237482,0.341430528949232,0.0283898384374491,0.259941971071742,0.393350592098411,0.267634181182439,0.383470548785633,0.332936025154521,0.259945502494402,0.404706348116065,0.375891442402543,0.122528618572305,0.408764210988968,-0.262424894865033,0.0555343272703986,0.13799367800578,-0.170822593883559,0.0347747270886808,-0.120311419864258,0.151175133143537,0.23485770674451,-0.257311073837255,0.48803980188681,-0.107462835079812,-0.194612561116497,0.516450239047004,0.231197156336808,0.169730670306126,0.498538288180638,0.478890512123396,0.454261192712669,0.449774907164777,0.193630842682114,0.455625572775832,-0.0770485439391526,0.04099235081321,-0.552725262720646,-0.0804611262662914,-0.212414432843436,0.32849790072518,0.271950742831794,-0.349578147938838,0.494656999275341,-0.0765443968182161,-0.381585475937471,-0.0598696190958597,-0.0807843544424453,-0.262473011306057,0.0784276413199027,-0.188874455784491,-0.52149195105938,-0.532697691218971,-0.438838698743238,-0.292465666697248,-0.485307803841374,-0.135443897280743,-0.353996543415719,-0.216684304933026,0.21176571358365,-0.474909086610405,-0.468969805126594,-0.589657364645207,-0.174135602810662,-0.440091342629758,-0.20702347793741,-0.621941313306394,-0.415405500994832
