1,0.465689945410015,0.353207245499478,0.67902223553662,0.252828601334451,0.535644772273187,0.499328923759854,-0.312309396344098,0.698492257193062,0.322399419311685,0.663341970996786,0.691323133499773,0.684436015222923,0.231818034439577,-0.0565517495218924,0.133666423994204,-0.0807077542479465,-0.297093676498416,-0.579636798794126,-0.203176526934901,-0.446146785010946,-0.449838872710043,-0.516733588501327,-0.616711913858026,-0.485306674010472,0.515005781466646,0.470432962749723,0.524392660000886,-0.0926530375639401,-0.504296932791628,0.245659363304023,0.517167055247085,0.0955163362508935,0.133090791305156,0.314310171204516,0.142321932884166,0.255335713479679,0.307228831116569,0.283334595822221,0.440440499845776,0.386579859980049,-0.0752828662091029,0.24011981104709,0.0852188105428446,0.139827207515291,0.381477583218583,-0.234245027655963,0.0574426844196999,-0.111858824671023,-0.126962946138837,0.11540834869223,0.0229800961797493,-0.203775960443393,-0.512751572052898,0.201086902805575,-0.172956445939011,-0.327720734953082,0.329414817159855,0.203121877200957,0.137507324233975,-0.346462665438995,-0.43559033866065,-0.467451020552742,-0.102346116564974,0.315866641924573,-0.310121689388521,-0.507178157313127,-0.0484149653454556,-0.638939295565314,-0.13317266031656,-0.0950407144873719,-0.313700468560914,-0.379171620060571,-0.146846052142355,-0.0375578844168024,-0.195913184891454,-0.356921916649446,0.158210486520791,-0.394122470371405,-0.60681589041389,0.275974408196306,0.131824512781536,0.07480515752272,0.730741609312255,0.203702955184017,0.576541489033966,-0.336536565339117,0.143774698412714,0.301843256525814,0.66090073705291,0.611733483853742,0.0135902654424008,0.752118465968633,0.766777311341205,0.18596048070371,-0.081549576469464,-0.344002579611092,-0.0233003841790595,-0.085743722676402,-0.331452937129716,-0.421225842412432,0.22610396123763,-0.429096772786878,0.169734354469195,-0.480129282684237,-0.455060737570751,-0.145017561223613,-0.393293542060452,-0.548838655676894,-0.413988002269964,-0.48450142341387,0.344767287289408,0.239159306787827,-0.26808921380636,0.272814605474124,-0.143010517917273,0.330505283534782,0.563089984616153,-0.142265709891258,0.397118928326612,0.22610847295931,-0.251376729186159,0.198721441338033,0.423795493178936,0.0346307880051617,0.0022479416023232,0.323892440269036,0.385613897842396,0.118374748729301,0.190817289763292,0.542525082986617,0.238218321434199,0.273777508010421,0.260704180544937,-0.169734214339216,0.193651396158529,-0.275450176774873,-0.223951958496245,0.145153705157527,0.054177677407837,0.299202439262951,-0.0808813021475723,-0.144923161719214,0.65649587308728,0.0785215114156621,-0.180271699493362,0.0243843580486204,0.253483905890469,0.149869563397748,-0.365080866669727,-0.329090559088234,-0.313134308852766,-0.428190086220632,-0.212569993875535,-0.427415423043345,-0.238672262094586,0.0375813543856963,-0.576180502546341,-0.221893926645239,-0.42686783836421,-0.244351592864717,-0.221256527567593,0.370621849776441,-0.327389877240687,0.332589705765844
0.465689945410015,1,0.0936430895954176,0.264762177793238,-0.0894258971566064,0.778280972015123,0.331043129889626,0.312583536612647,0.498222160605817,0.207673343625733,0.347527968037722,0.407741076491371,0.735392758177008,0.0902624556377983,0.169257321195127,-0.0167245167842859,-0.050527709968801,-0.131237654949212,-0.34442444168357,-0.286752122472763,-0.379261881799513,-0.240334570844589,-0.404933167697883,-0.311694298210181,-0.239281768730268,0.14935527571702,0.269759208742799,0.128653654770246,-0.0030330196098296,-0.218275223051575,0.139594697286317,0.249883978899093,-0.0206713685621112,-0.0606878915699015,0.238649859570033,-0.0217634890084405,0.0821168773843208,0.141786781132877,0.0674949430318806,0.34164308766289,0.258668539692809,-0.170313831695893,0.139277110508999,0.0495241903252807,0.0266019693078847,0.0409762640339394,-0.214908349395523,0.137260513631905,0.105790658449474,0.0167508468701364,0.0906736330083266,0.173481958784266,-0.0976277161938564,-0.103099096532424,0.244279215504173,-0.168449794723406,-0.223910174711595,0.209839016373874,0.110602431319639,0.0982544185947248,-0.361236110274314,-0.478880585351206,-0.341215671671253,-0.213763431618571,0.0854174238221017,-0.277658233682036,-0.280834280169343,-0.151211261880694,-0.384163374411847,-0.280890221591104,-0.186373665473366,-0.0747715311454139,-0.286659718329136,0.0211513179234733,0.023877523143208,0.121698618245626,-0.0905988543548594,0.0394381811641945,-0.286370856516366,-0.303354391453766,0.108677520879271,0.0075427542354684,-0.239907747228388,0.21244066623721,0.420163058564707,0.351796496897714,-0.212281056358174,0.578855184310548,0.0452239503620734,0.516769239426378,0.123666821459122,0.0255438234475224,0.43622883528844,0.244027163271695,0.222763604162981,0.0996431107293019,-0.25918432537939,-0.181891658801357,-0.175786896831487,-0.16572597537254,-0.246045648896078,0.0995872711397957,-0.203768435249995,-0.076723829355378,-0.334719768715991,-0.440996483231763,-0.129365051117229,-0.240607161507445,-0.290885450152455,-0.237025533171826,-0.283224065954284,-0.0813795892984278,0.0031825361675282,-0.178449013474432,0.1247074277659,-0.037391158032502,0.0354398934518234,0.0887220887823094,-0.137908769017723,0.146032415531128,0.0090847427517907,-0.257193251712098,0.0111368871917022,0.184395496763732,0.0145277355230053,-0.224364761141483,0.120626563672864,0.27594262802842,0.0736513041409848,0.0269086663658357,0.162724768001961,0.104219907614459,0.0830203898541215,0.163016348577536,-0.168165877769639,0.0545131035671647,-0.150858492000963,0.0575525969957238,0.130321145008995,-0.149860115651259,0.233333789428111,0.0249059870651793,-0.129038294485271,0.30981034464839,0.0218338769417075,-0.170838774456685,0.141951417534811,0.0546384587455011,-0.129376964566057,-0.23989118239418,-0.176599274656192,-0.388297599888543,-0.355170103470421,-0.208949476864172,-0.231855648933998,-0.278802575448543,-0.109286708140889,-0.318954194700196,-0.0786723752488246,-0.255727825622268,-0.117508007453743,-0.113000685225701,0.0632253013143652,-0.293032776010891,0.0166281837254101
0.353207245499478,0.0936430895954176,1,0.14796444602478,0.0956827157271207,0.176950114509772,0.253913545066701,-0.103792830059373,0.13350650611315,0.332232898020154,0.199389047452086,0.216841549157073,0.306502368693086,0.0314152774233356,0.134466490470396,0.0693365170504262,-0.0497824564943228,-0.189431998864985,-0.0472641419292047,0.092015063095109,-0.26791481699628,-0.0449901397803214,-0.182471250140103,-0.223224632879065,-0.182000350058663,0.677425025108431,0.396071906930344,0.756907477495379,0.336450605356523,-0.229034965889687,0.429809185510851,0.105194063461343,-0.171260127798287,0.464246610408715,0.244754033643085,0.363497188901102,-0.147736843466093,0.183905953116564,-0.136954356518572,0.208526597354547,0.143272852578463,-0.111923041865686,0.244678931176422,-0.242773988340878,-0.152398177120871,-0.0737435025281555,-0.0964750903390055,-0.0474855466129395,0.0841742839070701,0.283332450194473,0.506143651193855,0.13676346543571,0.0725615850963131,-0.0711765893453069,0.369851894577741,0.190163325162638,0.0079972198805245,0.0104420843859599,0.0073077166139722,0.192477012045898,-0.263063489466208,-0.459782935330276,-0.300068715372687,-0.257769519877395,-0.133193326084099,-0.351107993695317,-0.169897576748901,-0.262741116990427,-0.347144727065926,-0.159326926776077,-0.184396537612581,-0.251009957916345,-0.368443905227683,-0.184320231702381,0.216085029197261,0.128517551783336,-0.124941195133709,-0.0464790172592637,-0.380040667591064,-0.327222735771936,-0.2291964457368,0.174311781849616,0.222657363393805,0.296754632259841,0.210330093730232,0.156602247732197,-0.0634570441620255,0.148534410382572,0.0715303898185769,0.141339906155659,0.0864615875470302,0.165695151076769,0.177767363207437,0.435716493743708,0.158995483890754,0.199335209323646,-0.163885328150268,-0.21716799779456,0.126069265673242,-0.0789108501116771,-0.0307423754612079,-0.15755283435,-0.0755901947429533,0.118854945572686,-0.262056903029006,-0.017850387733297,0.0036149415300333,0.003643958474007,-0.359572915792586,-0.18761909520219,-0.123708133568975,0.511112258461967,-0.0684370434890127,0.176541303739932,0.432754970859405,0.153224290814283,0.559433257108435,0.563558873681983,-0.126281224888457,0.228020260981394,0.396730247758484,-0.525965283439379,-0.230346689689373,0.0434771787272428,-0.204216441576915,-0.115718802049922,0.0605080872674755,0.22128030075333,-0.0224456914309028,-0.0930784431811089,0.0600745666873127,-0.128518382092679,-0.206920247322155,0.269723959478412,0.148283000928422,-0.0798738142335018,0.0477132770952651,-0.232302784363562,0.328991898290085,-0.0176954555191019,-0.0711847567838353,0.20473160371624,0.228819180794937,0.11174284367798,-0.237862619315707,-0.131146396748655,-0.139588760037153,0.153824090467984,-0.085586973670381,-0.332030003819446,-0.166883559108564,-0.385307063589279,-0.154561839457877,-0.596583096404338,-0.397650612993131,-0.468049737481869,-0.280871646130785,-0.443865370684115,-0.124660657703132,-0.318145792195696,-0.0154459178094229,-0.198975622139864,0.0355193175532543,-0.31912299411036,-0.130827334818194
0.67902223553662,0.264762177793238,0.14796444602478,1,0.314605005338532,0.360668368555822,0.517599226471665,-0.526460632499316,0.809603217502414,-0.103336068681676,0.768552704439884,0.673005448558922,0.270608673205753,0.237676039820592,-0.325735620318905,-0.0172283339932168,0.0460154333905057,-0.399928469949358,-0.55079325576984,-0.295867442466945,-0.500069030507745,-0.497726876648263,-0.381492387312708,-0.541501047737184,-0.578398997798856,0.270512474876483,0.467069705344101,0.192345138636165,-0.0012304863992703,-0.487196993750383,0.259291589128642,0.645445827673076,0.295921103968961,-0.095632520946199,0.510399004143544,0.207621287297845,0.213755817766008,0.503586007415675,0.344197152468784,0.39393247389852,0.322860279220915,0.073709136428365,0.335118666698062,0.37608057170973,0.466124292753603,0.526556108190784,-0.0674286684653235,0.0386775228447718,-0.334840498908747,-0.344097618905291,0.0687486281014815,-0.044101710364009,-0.463766715902446,-0.563150737500129,0.269869641853754,-0.269066954676009,-0.311355662692663,0.437030132821204,0.370563165134834,0.363839593448477,-0.242149683906903,-0.286150464651494,-0.433273823719299,-0.0288685660230528,0.293792791899552,-0.35468387809911,-0.587266522264193,0.0472935663171357,-0.470900198673446,-0.187728921249264,0.0269180871618911,0.0186369053812989,-0.128462705472343,0.0452279648506084,-0.349870204222433,-0.355651139678583,-0.336980793272375,0.241835036199778,-0.238707862023637,-0.508823552196654,0.25835655811778,0.0001024412927561,-0.165213231456971,0.499364858960835,0.0883015574765424,0.86450218238306,-0.142840032539698,0.0386964367497061,0.410857137693007,0.758627055665893,0.738286620432338,-0.209457277538224,0.826147111464507,0.448993641803597,0.0965480896481399,-0.362931907713796,-0.441002376458502,-0.0703957501164908,-0.265789565985849,-0.361818089937795,-0.558312439931946,0.26107653266695,-0.681821127806585,-0.0976311925310813,-0.529224624995131,-0.576412858750055,0.129483433939254,-0.609964845614879,-0.286362653669516,-0.5946394010107,-0.611460296227487,0.328424564435238,0.279022068844718,-0.0929916803985281,0.0777603920764447,-0.238801652361054,0.256347119366974,0.225937515034433,-0.179553512307432,0.606978652455783,0.32675124595893,-0.231768551235453,0.198792819030389,0.520369511130704,0.0683496023146705,0.02066744800297,0.338483333200537,0.185612383784967,0.277362507766875,0.516146041414772,0.648891568807868,0.348223673227835,0.230213633201054,0.0306596016562828,-0.375186412644408,0.112674521565621,-0.511161321738061,-0.429438015620131,-0.0198314457450661,-0.121882001866825,0.429448157985107,-0.27672638637814,-0.489795094325777,0.731580078823439,0.292928390904012,0.0052266114440355,0.25764989743953,0.0846667704561219,0.0902019791459592,-0.463866118605582,-0.532756807032695,-0.233667704973329,-0.465750169859142,-0.147863978896233,-0.507736105439273,-0.121247479080261,0.0502783144613994,-0.414368535679442,0.0906016653078337,-0.405530548304348,-0.269408321582118,-0.191257652958322,0.416506021280346,-0.240070898450624,0.43041655423289
0.252828601334451,-0.0894258971566064,0.0956827157271207,0.314605005338532,1,0.102530746995702,-0.0532965641607619,-0.267763314216412,0.50052434479379,-0.0886395982479268,0.492790169794559,0.349836404574898,-0.0328118156109667,-0.0261109723413417,-0.314486026510372,-0.0639349971620217,-0.249320343901554,-0.396829880785982,-0.201075952690488,-0.184747110821195,-0.298970844185303,-0.342332511455312,-0.384691406408082,-0.543098388927964,-0.407349895734319,0.179765977868446,0.256609421331613,0.111290429407686,-0.212821732148317,-0.449854164739511,-0.198263672634632,0.488096956499173,0.113412452571907,-0.364544321432383,0.324745917895654,-0.196828293673364,-0.138297930639752,0.144477560849924,-0.105555571947393,0.0415103570771894,0.0374779361072513,-0.028790248929677,-0.109260146815779,0.253328139789813,0.222041313900972,0.283376192719724,-0.191625077507521,-0.136358661062574,-0.307763567635814,-0.405642598838585,-0.125358852735732,-0.314630778807472,-0.659076813480329,-0.248254688717366,0.111643548996091,-0.420423129807493,-0.51226238014389,0.315544187117127,0.0824066784071002,0.565309155468371,-0.335083630264993,0.0129448996589327,-0.35728752960488,-0.353490777145347,-0.149397824142641,-0.359976521479147,-0.0028436854824224,0.0815777369577232,-0.0819196237388036,-0.402865485714058,-0.200422463899126,0.232655434127325,0.134395833403937,0.281300908573169,-0.408554998100348,-0.09363313570956,0.284093130882433,0.749448620781766,0.226074695719879,0.128358424996699,0.336104349710867,0.708927089453271,0.0031334206308798,0.518095394788298,0.191552670933212,0.355928097039976,-0.145541072915305,0.0293663618753318,0.762639096265819,0.398256213723609,0.484658923263461,-0.174435660246128,0.417294544268045,0.121356038320945,-0.255773503671919,-0.487916862755713,-0.174652195111412,-0.219493152309889,-0.216998283742779,-0.305635799553547,-0.317827414415566,0.0051446625988622,-0.23214376272971,-0.182023779332748,-0.191974449141756,-0.0962882440984397,0.0175168156510161,-0.20234248642868,-0.0507191626105792,-0.285443995284695,-0.255240607802717,0.314104701716269,-0.0614698080926816,0.0440042074048237,0.0414952244843705,0.11611154003651,0.12181175444888,-0.0456174255619146,-0.125862777720282,0.418096640944865,0.216212959313859,0.0136912835828978,0.0032962065446957,0.0690286757781348,-0.145161096802858,-0.0690232081994338,0.0204657412779708,0.0223242810961047,0.13597773742063,0.292902159421694,0.480100044458656,0.0587669037612639,-0.0318690750813579,-0.0192509987576356,-0.0801974738063787,0.0922337883351164,-0.534435469370427,-0.307455797481424,-0.109356528685916,-0.12483750751191,0.309863264012754,-0.131017138738575,-0.289952308635281,0.441953571679048,0.162862446913978,0.397269650148609,0.266270622022198,0.0780680344059487,0.538081082956862,-0.0787303849740643,-0.0963835081005589,-0.0786881033091963,-0.153416425157272,-0.0854599759570751,-0.222151548216461,-0.26251579752503,-0.0718390245583916,0.044065864588926,0.232251626261042,0.0193700800679236,0.217892270759229,0.256490096702828,0.788619942882511,0.262051864021818,0.332271381500857
0.535644772273187,0.778280972015123,0.176950114509772,0.360668368555822,0.102530746995702,1,0.285045709526176,0.177981533889323,0.631048095374541,0.104330888279329,0.507894613178981,0.676195336214658,0.776619433223015,-0.0551750077986378,0.155909536084234,-0.0517084856129227,-0.11162724052519,-0.284602847980401,-0.429563911249725,-0.342438219508193,-0.561074018474617,-0.434935850704239,-0.514301044668917,-0.452996944955866,-0.452950024946027,0.22628775027056,0.483481443359171,0.39375428773778,0.0478082794944468,-0.329155407617945,0.248535127839738,0.466004131299358,-0.0884808730479391,0.248889414712802,0.487191694912883,0.149824647092465,0.0942081670454468,0.259287101546444,0.164581639667699,0.403041962324219,0.403127361899577,-0.278582563892518,0.27387674341559,0.236846623579418,0.218269458206254,0.143696504881344,-0.275413964851999,0.120895848164205,0.286822810411135,0.126622325030793,0.369271360931618,0.190481368626843,-0.143636770490052,-0.0602097966837847,0.506643458172606,-0.0182687809068773,-0.197301517413874,0.409845619563957,0.286007174828677,0.241835526885401,-0.579961737070415,-0.650198941868285,-0.508927388747152,-0.250450724032143,0.113102797003021,-0.406203485716909,-0.310092602479377,-0.174059009715589,-0.580525402257746,-0.399414509378567,-0.219480676458625,-0.167385094781173,-0.529666214966261,0.172728911052265,0.144647965933389,0.2267031084647,0.0118615904166452,0.151401760729611,-0.450620763853234,-0.371281683839681,0.186873025016313,0.0978534129534997,-0.327799473461375,0.358267281039757,0.382803953231965,0.448148280699716,-0.539136718152398,0.44303195408621,0.11517825919767,0.642570299026444,0.335730602675345,-0.24017474269011,0.609057378363179,0.348455280041331,0.240066162002172,-0.0270695835664359,-0.383805158647605,-0.248505104766577,-0.192466676996238,-0.282106884404368,-0.369278767849938,0.101885274410867,-0.303089125924154,-0.0131832611152241,-0.483439131868227,-0.480585768634738,-0.144097257135608,-0.350310879738112,-0.476811326780807,-0.465434387261996,-0.482181189305122,0.100220092517158,-0.0887526997193009,-0.131775417241436,0.306613612832143,-0.0097848828977968,0.26414762448022,0.199434771354065,-0.272037185263922,0.364965601309651,0.16594595246928,-0.385537050454126,0.0772668632285541,0.272531949587841,-0.0582502382255729,-0.186300308156515,0.0897822855336711,0.413023942022532,0.0976316130784524,0.136188764448806,0.294845604950804,0.187579468555313,0.136208968423277,0.337190835221152,-0.172617956567111,0.20224036554077,-0.240582351477018,-0.016408640853762,0.280137085508857,-0.073275111343576,0.362206463372951,0.101027911989866,-0.143449245228866,0.454767366733816,0.0859115526387595,-0.184556369986348,0.266367874929735,0.268991936018742,-0.116556213830153,-0.458057893246283,-0.288129088532623,-0.616757034668543,-0.619805732347327,-0.374481714994842,-0.463592825825596,-0.446456957913269,-0.13244136978786,-0.515463229367986,-0.136371226452418,-0.488291703702943,-0.109040301881235,-0.155006368330169,0.18012113317426,-0.490024742066749,0.132726423409963
0.499328923759854,0.331043129889626,0.253913545066701,0.517599226471665,-0.0532965641607619,0.285045709526176,1,-0.258856250687358,0.449180433096092,0.324718832351315,0.476351457611991,0.288212653057221,0.401084114622193,0.27829171211221,0.056033962402742,0.211128958794599,0.577286847774773,0.105197781446556,-0.433874984878931,0.128709421912886,-0.271295431038934,-0.250407920697866,-0.155737593912279,-0.250150548703787,-0.391165384038403,0.370290109101848,0.453021837433111,0.079309751764177,0.170022840242226,-0.348652770820558,0.451271887369275,0.460188377830824,0.544902192562783,0.0023412117225314,0.294590066166527,0.338408755206866,0.48370910937145,0.67519255525167,0.458299818183935,0.717838936300063,0.510852016343785,0.41785990558016,0.483947960639402,0.187424383828986,0.474171660202239,0.597368221601817,0.343643084757597,0.0468119030176273,-0.401176024301867,-0.329986564062538,-0.0864737587340184,0.164152145930383,-0.216691841744816,-0.583277641145692,0.201551205570567,-0.214327268845389,-0.122445089184574,0.268614233160407,0.261352490452799,0.165599012137663,-0.168226672181936,-0.36800595373989,-0.360330714429544,0.0380623065328093,0.649395691974232,-0.379779802587547,-0.685092314236612,0.12897681814974,-0.435976198451123,0.001520760858429,-0.0089676732779443,-0.11368903200789,-0.195044862259174,-0.117672194614805,-0.206478606673659,-0.399698992745623,-0.606079174885694,-0.194687157807265,-0.299068839863284,-0.728314566746395,0.146301217763387,-0.253137977738031,-0.155439031291539,0.335827528964665,-0.169908299440324,0.452281525544344,0.0816647938835377,-0.0634943960272419,-0.0159500340773446,0.387264068912703,0.459022858205912,-0.012718242178872,0.415409444353314,0.461717084538295,0.108691426145264,-0.0699706157790409,-0.248350958453302,0.265393044775353,0.367741348443249,-0.0309690470179875,-0.305000739121313,0.564227283267638,-0.415403167979135,0.392272291284136,-0.400767661636338,-0.448974275251923,0.33611063917113,-0.353462158198484,-0.199233544143162,-0.339829187043161,-0.47505819064233,0.289294442066856,0.664156337543579,0.0644683585471664,-0.0003695437175235,-0.176555109733829,0.0195160886561643,0.135823683162329,0.0997100371148122,0.326939230192966,0.460504981098014,-0.248512805488549,0.390374481594736,0.80739117400657,0.569496552915438,0.160455124581949,0.433714388176773,0.173867964346011,0.634215131493908,0.573893433897234,0.47375228645241,0.657198717906161,0.345984727562629,-0.0354000920981585,-0.56060523297341,0.0336555843559362,-0.392148077624948,-0.507680521520964,-0.0327870192519069,-0.0891135897431473,0.219472246094574,-0.46357074820931,-0.469939346762328,0.476359755342122,0.131623971012525,-0.142512724724541,0.0851563453122322,0.0039145495601216,-0.161263349609704,-0.491273888127252,-0.668386543671818,-0.307115124700624,-0.507211041914855,-0.187602264707003,-0.601186896446741,-0.218836478654249,0.164324954293631,-0.579438422473964,0.0572875212415344,-0.513252804672745,-0.581296491712178,-0.506407949016971,-0.0650925066576047,-0.382150988919743,0.176330894786672
-0.312309396344098,0.312583536612647,-0.103792830059373,-0.526460632499316,-0.267763314216412,0.177981533889323,-0.258856250687358,1,-0.293054258085589,0.330230479969181,-0.340468621091462,-0.32292235941481,0.188571498963474,-0.0246885386113958,0.192608146946399,-0.0732027797658163,-0.112948636008782,-0.0141593651895855,0.34588174546347,0.0107248261713348,0.206630255564908,0.214607557022384,0.0383692231758675,0.303401108046256,0.481428216832427,-0.16328763743437,-0.312086163319492,-0.165244926549798,-0.0339037853560521,0.271334537920671,-0.101008622896196,-0.422527441414788,-0.328347326475627,0.06007869496921,-0.280242465628488,-0.132345443864598,-0.128960326598158,-0.394531681989144,-0.181733913193656,-0.210762554914742,-0.176903905635308,-0.318720992619597,-0.0884673569130026,-0.0888318257840041,-0.28179649136313,-0.473714162809812,0.0702697017092692,-0.17308251693859,0.340854273874382,0.292274512520333,0.006010383407601,0.0753720333644373,0.229728862042799,0.525582116970992,0.0459423698245165,0.268127152380649,0.285856921703276,-0.175902815734405,-0.193048059735999,-0.250656479103942,0.184592484674415,0.150127684041949,0.326602833738752,0.169556852988545,-0.224046851595165,0.129499851499266,0.353162258116985,0.0504047492596701,0.318637835065107,-0.0166867426087972,-0.0157927622550256,0.131332217040776,0.0297668348465255,0.226685769140238,0.189506548423512,0.347636970013998,0.247619089968057,-0.13126287588607,0.0920376884115299,0.339201251796868,-0.192313131459819,-0.0647884082055735,-0.0692975808043497,-0.469395922268605,0.215311569916704,-0.389487054765371,0.162093584433801,0.347843878012936,-0.308226343395153,-0.278513938652455,-0.546799328927153,0.302886070410199,-0.420664226173875,-0.25201844764287,0.0435025599229872,0.322859060840101,0.132611473530039,-0.16154386734503,-0.0603438799988741,0.132303386298017,0.352630988723688,-0.271371761469663,0.312617452119714,-0.103640309680338,0.263823040700565,0.0785563805131793,-0.394714755308289,0.239062769052684,0.166359646319194,0.350584440082582,0.403367943707988,-0.40488191326148,-0.147076731551822,-0.0758644084340939,-0.108827092477406,0.0034336139426931,-0.217739835280523,-0.155050669247939,0.0878330190611748,-0.487884638081,-0.325272864352946,0.0391400090745782,-0.250377470277971,-0.436090919069003,-0.115950706533575,-0.215870678571779,-0.119259616248834,-0.192901408769801,-0.156378476870562,-0.385397161802603,-0.583635091092847,-0.197330716622937,-0.302824042549902,-0.0576177450289723,0.159090903979269,-0.126785898639262,0.238908105098744,0.360973923720172,0.0197349378684393,-0.088861996625691,-0.291506197389947,0.17147056301283,0.295761459175564,-0.419106178208561,-0.170712386921757,0.0820748890614136,-0.0724588948052431,-0.19170259875329,-0.313271597209424,0.119271838367733,0.262819565172822,0.0496586901819179,0.160909979829485,0.0458245898168586,0.247898630619049,0.0213164815325668,-0.143707813836908,0.240964716798027,-0.0855196099868256,0.104400832283436,0.0793196657926619,-0.0077540336810385,-0.365919911909144,0.0303942486724006,-0.469949811907832
0.698492257193062,0.498222160605817,0.13350650611315,0.809603217502414,0.50052434479379,0.631048095374541,0.449180433096092,-0.293054258085589,1,-0.0329780473403565,0.887585650285668,0.850008025287489,0.509866786954839,0.0873031920565191,-0.218579329852656,0.0446746500415212,-0.0462625040925652,-0.438657836054854,-0.619323228667949,-0.440740484375025,-0.582006074099354,-0.607575199780408,-0.553287486213515,-0.664978919859714,-0.645403361092357,0.288100614420423,0.549242357593295,0.217173773415155,-0.0164726373879374,-0.573158768038273,0.127726940453828,0.756454409735801,0.276303068967732,-0.193369837636533,0.600081896234954,0.080312681915472,0.154632323216452,0.474730728746016,0.30442958254968,0.441191671429083,0.429162765819756,-0.0492812822718381,0.301984348750467,0.456049404425258,0.473139173715574,0.546383707436311,-0.224035000167085,0.0385174110031444,-0.205549411903217,-0.361673469229086,0.0576786545346737,-0.0221837537751628,-0.574216098183914,-0.45937299071085,0.422089719326998,-0.362334673318917,-0.463930173397915,0.570498536825126,0.368060172325275,0.481234367023857,-0.472191446855531,-0.411443011165198,-0.574086118232953,-0.215138732390904,0.230807341665494,-0.469517456980692,-0.494951830930699,0.086097729513602,-0.544095010367727,-0.363733831768025,-0.0984021717873397,0.0825633635763651,-0.187503886525762,0.231510026773988,-0.2800905993297,-0.16276309435215,-0.125380588663201,0.46777747144969,-0.213317936814083,-0.434620228622881,0.421203425865508,0.229000073065236,-0.247859106181682,0.62192390625336,0.297159739803427,0.81574586084984,-0.385790585600414,0.291749345252529,0.548549406923786,0.906006132855516,0.751727294463574,-0.252971708545904,0.911696033738941,0.417552611561733,0.134495866295433,-0.397680878528579,-0.453313026176702,-0.208471892309662,-0.278744290293963,-0.433077173601828,-0.598564997103244,0.275160706815576,-0.644746266455845,-0.142024436795303,-0.512656698677474,-0.630801132999937,-0.0129917663822189,-0.566622504196278,-0.310082265823098,-0.648508069203398,-0.649387376758851,0.234273288194053,0.161235319820542,-0.130836760069809,0.151190666033017,-0.153478243879617,0.198176843432596,0.118282955494114,-0.289547390830149,0.576950666716743,0.289492895293364,-0.230799651181783,0.22337045996903,0.485835886070346,0.0487834762537393,-0.0570185355911106,0.305002595371447,0.292501556190481,0.325376627307209,0.467659204097044,0.683747954414814,0.337119366061118,0.255170380525139,0.135893717995226,-0.383747890841641,0.196693831063964,-0.569801643091961,-0.389220834638202,0.0757464187978406,-0.108591995326043,0.537430961959596,-0.203936806769905,-0.489246756662498,0.790605281978372,0.275513441736292,0.0457791274939144,0.358990327928808,0.148528778609792,0.17499219669812,-0.475688179036719,-0.47564120865352,-0.3389753847202,-0.607716895809966,-0.232833940455943,-0.575648984371267,-0.295757061118933,0.0602683001524239,-0.424046228647892,0.101380452880406,-0.450580658804802,-0.18697386327667,-0.151375758200973,0.578271906120915,-0.266860969398861,0.40882062317529
0.322399419311685,0.207673343625733,0.332232898020154,-0.103336068681676,-0.0886395982479268,0.104330888279329,0.324718832351315,0.330230479969181,-0.0329780473403565,1,0.0425634559813736,0.0250533244374335,0.527246694586228,0.0819091170140227,0.0654688032444827,-0.0171148324042728,0.0172462583973085,-0.0172663790894214,-0.0702341144851943,0.115800235429987,0.0260802568027461,0.0434245770554635,-0.0075146004074097,0.0697924501883041,0.128510191635543,0.262684279691826,-0.1396029777489,0.275178959125105,-0.245150644076325,0.0013467321881422,0.138797612299604,-0.179893139288126,0.0864966928645313,0.312662539089762,-0.254451671498324,0.0989928825503044,0.282379079340729,-0.178739248154865,0.0676799050530098,-0.0186943150598619,0.132539643388306,-0.003471821615919,0.117054596994492,-0.181929891016512,-0.201329229752404,-0.147518301172798,0.179210458670172,-0.279042979782241,-0.182402265202884,-0.004956147690949,-0.169102641851634,0.0457340525337723,0.156064228139078,-0.111839709188168,-0.0485570927172507,0.194069896348347,0.132428992625323,-0.155320223868354,-0.107758240760126,-0.346184661714483,0.193119485598676,0.0063987581653467,0.0832677269088848,0.240873882404664,0.226749617310502,-0.154654967358947,-0.185380255958933,0.126005994252219,-0.0286647552535835,0.236947863612063,0.111775772215093,-0.232428482656466,0.0250373904676779,-0.146401322253767,0.0959376077486079,-0.130169824128303,-0.32949495385049,-0.29491378664846,-0.0753642203378978,-0.298485198418866,-0.120048622158164,-0.0803478139120185,0.315898484928847,0.192765860475373,0.150012647157479,-0.0597566654544212,0.136945948214929,0.0088533930923856,-0.277296795747543,-0.0022699807147694,-0.0831113500228346,0.698401398915291,-0.0167230274255771,0.587769740869244,0.0329156797834949,0.187166991823236,-0.0798232811634022,0.17847007024889,0.142011346974778,0.0719434236675073,0.0007494799567925,-0.104055954066102,0.103157269429105,0.201666059619224,-0.0427595422345695,0.072920373184907,-0.138267459832429,0.200680796858455,0.0442975385956585,0.182982121273476,0.10909487456372,-0.0790224383969475,0.370549165072509,-0.150980389425347,-0.16142992464676,0.0359156983342127,-0.114218019741454,0.421895046221405,0.432357186146058,-0.209127178580514,-0.0234556920351747,-0.167608387257121,-0.040564243248603,-0.0266740459622456,0.0372166385688872,-0.0435288082123774,0.0177219199485771,0.051287496542986,0.0029891891665099,-0.204023181025325,-0.198772962731159,0.0353806275107808,-0.10054438196981,-0.187177819087606,-0.130860937036374,0.0967668332559758,0.0733760994646961,-0.0577941898086776,-0.0998982970575366,-0.0046147435835179,-0.321647532826119,-0.120437086627272,0.0788416527922926,-0.0515275153626627,-0.345842333903825,-0.154549897045038,-0.29366732988788,-0.0016280272921671,-0.11001715871253,-0.154321332555692,-0.187106974016892,0.0471901554557259,-0.0109930556934271,-0.0111137970581951,-0.108641388101028,-0.0142962101517887,0.0490758787063054,-0.258113940098735,-0.332379749911718,-0.110566698630127,-0.305826546866526,-0.287861516818489,-0.258118412701486,-0.106491490633873,-0.247413481814468
0.663341970996786,0.347527968037722,0.199389047452086,0.768552704439884,0.492790169794559,0.507894613178981,0.476351457611991,-0.340468621091462,0.887585650285668,0.0425634559813736,1,0.755176233061752,0.446676259799653,0.233801536476719,-0.101760616258817,0.0850422185706973,-0.0166821486995503,-0.378693166882906,-0.610081415129335,-0.352719619130152,-0.509420889156272,-0.59861218778693,-0.501094806016449,-0.642507892505992,-0.575532178943032,0.34037805558185,0.455950886722507,0.263370897128731,-0.0108986331987636,-0.517595185893799,0.189915116908051,0.682812204100178,0.257393710049211,-0.08954735361252,0.5045119667461,0.0938189753995798,0.285915645649833,0.444951636944695,0.404086719820044,0.385934360296073,0.412297165377949,-0.0456080917937285,0.309111073731564,0.479781973199221,0.474216892304175,0.582573702561293,-0.116284844071919,0.0010434705042513,-0.210764633658378,-0.282876363497996,0.0733500970651064,-0.0165422422327286,-0.544820571560827,-0.458576936961861,0.369355249551009,-0.272942283996828,-0.389666337676367,0.65280578441842,0.473310016698878,0.415366030798391,-0.356293106832029,-0.2885141188173,-0.449398341227473,-0.0741337507837474,0.319540743855716,-0.342563252223042,-0.449456301358786,0.17832931575061,-0.486795962404808,-0.278473010534805,0.0079061974786012,0.0704252484981783,-0.0921552730157378,0.219090212092023,-0.31291539522901,-0.22234733658589,-0.182866648746509,0.460701974742375,-0.09610113962627,-0.415295341761378,0.483252283927467,0.177153494488641,-0.197094661300445,0.660809473867694,0.162220527751387,0.853163986682257,-0.355517231636922,0.060216146309004,0.563440983547828,0.815312054050569,0.8032537519895,-0.170893087616168,0.889708961372587,0.496816527783924,0.200120868175881,-0.298779395188843,-0.457685839131231,-0.164310443893167,-0.214025322774611,-0.49115973219787,-0.598947125617625,0.355493286941987,-0.558732688952008,-0.0072982292258508,-0.475017777203915,-0.539777778847462,-0.0395069632815601,-0.491748585585468,-0.323005307506635,-0.581830283705051,-0.610897676761674,0.266010903146887,0.204411214492111,-0.109864844678942,0.128778103739483,-0.0484237498567554,0.226815596013412,0.217043631534259,-0.196451952202987,0.50859317800866,0.251575483821992,-0.191228506116075,0.277660524395986,0.463183831248222,0.0787804001943519,0.0520293201857773,0.316844365343147,0.189292267699556,0.326220239853237,0.441046030721378,0.601842663941931,0.364477602358594,0.290043877588981,0.0961894194982489,-0.38417103767978,0.111223660100895,-0.533203912887701,-0.491224196919873,0.0267455097047575,-0.107744752505005,0.478810235178243,-0.280453653012697,-0.50359133781017,0.81429560514667,0.338827350721126,0.10870107535848,0.287626160077429,0.106457347930753,0.131747936336338,-0.445876952638232,-0.50174698851969,-0.219472897496578,-0.515065940261336,-0.213158310113593,-0.560514251230092,-0.199437392548995,0.154750117501422,-0.452068581573256,0.0914848922249831,-0.457715136773323,-0.285389804340385,-0.240510886534299,0.54196742728721,-0.232331774218507,0.416838803486741
0.691323133499773,0.407741076491371,0.216841549157073,0.673005448558922,0.349836404574898,0.676195336214658,0.288212653057221,-0.32292235941481,0.850008025287489,0.0250533244374335,0.755176233061752,1,0.611994099465072,-0.0109524313458743,-0.0990488405168973,-0.0105986196805305,-0.205513151466572,-0.387585997544571,-0.560480100535882,-0.464662680577304,-0.52556050106807,-0.540331478285312,-0.472440350110975,-0.506297863061841,-0.555767773122557,0.314009060503777,0.515828708384975,0.439224738488001,0.0249901646675985,-0.42197001249379,0.185122209164193,0.605747088743396,0.156746300107031,0.104477234500217,0.501673252333171,0.137249371442057,0.0562989733208837,0.293064161687351,0.220049903028503,0.284379175675348,0.411058814729675,-0.242125759519204,0.27225414465368,0.280016941633356,0.261474377235398,0.340065223023798,-0.334776180519573,0.11053498319757,0.0255505898664503,-0.0798082541015859,0.246019450235062,0.143915232977219,-0.286444778274838,-0.27989075110783,0.487685361681807,-0.151448730644514,-0.345765414799832,0.546614516394736,0.418141536221892,0.320317528517998,-0.482599473636749,-0.533830374573397,-0.533171158090025,-0.220814744127051,0.131348292732703,-0.406217314575708,-0.372496624240972,-0.0664053526058989,-0.567870353741264,-0.283107956359442,-0.0691805959820995,-0.117933981380666,-0.379855442505367,0.148592967131319,-0.0257022617958523,0.0531089607845471,-0.103073530720455,0.349575275687102,-0.362579438514311,-0.394600219288277,0.197074783256342,0.21264874293719,-0.164139858184307,0.664986275787825,0.399433416289829,0.677431702786264,-0.542568345300411,0.197340130838769,0.38608224244145,0.85481837469574,0.622497519446036,-0.171588813082936,0.892260431130648,0.565673952336236,0.23563826873369,-0.209936237119765,-0.391626447208314,-0.201190497114094,-0.26994605985666,-0.379788601836026,-0.527699614605126,0.0874703165575356,-0.471772758981,-0.151956298589094,-0.423208206583294,-0.430334346283955,-0.0678562046271859,-0.395756208541318,-0.34704945598113,-0.571945278189565,-0.536484799186114,0.16754185966962,0.0494225664470414,-0.156107038006943,0.209008585763632,-0.103492979319446,0.259037649306466,0.27854308351576,-0.239439002883375,0.470410878737109,0.201379962344923,-0.351426973545287,0.0728203390423496,0.31982194479221,-0.109066949297691,0.0579168738773065,0.222070906073982,0.340246257846796,0.109687824986571,0.181152433887001,0.508184824798407,0.116472018272256,0.184039207567276,0.2193754433593,-0.261006745126998,0.224912582860408,-0.297254777763878,-0.315549973532514,0.223639853461934,-0.0412069854705665,0.369503829001345,-0.0196783392674191,-0.282429630945484,0.660507243772735,0.146676213889153,-0.215849144566264,0.187834000092638,0.231296244327082,0.0992330615458273,-0.483233439590302,-0.374473380816922,-0.400384295400595,-0.559164888225115,-0.316082588347196,-0.567756274701163,-0.304520043397193,-0.0108743339184564,-0.557814304520609,-0.226676726911002,-0.524576256112407,-0.172535011340983,-0.198322210267486,0.414463705738717,-0.421932264518689,0.204712101060576
0.684436015222923,0.735392758177008,0.306502368693086,0.270608673205753,-0.0328118156109667,0.776619433223015,0.401084114622193,0.188571498963474,0.509866786954839,0.527246694586228,0.446676259799653,0.611994099465072,1,0.044382802410213,0.209493285136805,0.0084093931480617,-0.0464354432823631,-0.193109923706656,-0.456665086794314,-0.180133070291949,-0.434348488846013,-0.360474871996476,-0.461249037993432,-0.394575227776427,-0.33371775391081,0.455772967940034,0.362879945388593,0.543852766594034,-0.0685347353067397,-0.291279708047389,0.24717589275058,0.273431939214508,-0.0489240194910728,0.355861541681778,0.154381027907779,0.192617428714242,0.276331814309737,0.14860844123681,0.246776332808161,0.335605689244459,0.460144307582667,-0.286142525829405,0.296585903302274,0.0032937397575117,-0.002454577873844,0.0923330237122781,-0.19537649114951,0.0967037635402734,0.156111044468789,0.163109437144005,0.171718377093852,0.23696302728724,0.0351678490113119,-0.18069311990935,0.334899049816325,0.0985379367041168,-0.112080488172572,0.292787501261255,0.219629491386256,-0.0662816649263361,-0.338745150633648,-0.51343782808433,-0.328663557043546,-0.0536897884433169,0.324737469879,-0.363031030827634,-0.361583045709929,-0.144875390990556,-0.500759654854393,-0.0832307796683378,-0.159880294654436,-0.356827424895391,-0.403105251639312,-0.108320740174037,0.234457219363068,0.0890540808253912,-0.2916272152383,-0.0666276681451789,-0.410181546058979,-0.464031821336012,0.147942117956365,-0.028535554885253,0.0083288988826408,0.466294283053337,0.383726521418687,0.314820624956127,-0.449871875483959,0.330489177390582,-0.0291730179408188,0.525382239082238,0.253538036348319,0.178876521814586,0.524328018815386,0.695327994989697,0.266775290956775,0.134606337799123,-0.345245772966375,-0.0849728880039071,-0.0087736086829246,-0.187666273572669,-0.316602521979728,0.0681905110318668,-0.181336717506308,0.156776045088913,-0.402585832085623,-0.345298627148785,-0.283418786326319,-0.195014952196679,-0.441271976516022,-0.270588257090504,-0.356229455518276,0.0505283107134743,0.136816049504894,-0.27756208344921,0.203447242447903,-0.0238685332753751,0.126240761095614,0.431456836875368,0.0128831484346888,0.0577664194640622,0.121805181860942,-0.289540310837483,0.136172695112014,0.260043791810047,0.0753040856077096,-0.0607644989156566,0.0864185437822621,0.40761456485646,0.0327248373034512,-0.0862361602774024,0.132110893746421,0.161091221944525,0.18342981020141,0.200455083355844,-0.22086734136554,0.20104060763458,-0.103711821492475,-0.0399534063318812,0.205677642330035,0.0744274978755902,0.0682834196566167,-0.0772283637026472,-0.0722301169681297,0.374575534929232,-0.081168165536257,-0.326747892125788,-0.11263109439349,0.24894567046815,-0.122525646657604,-0.405492800523412,-0.313860446534506,-0.391465936810592,-0.476355613583925,-0.213717557243469,-0.414777813336126,-0.279737557960334,0.0051321878068525,-0.617248620739258,-0.337285985297438,-0.462066358378191,-0.352596544229031,-0.394095298549042,0.0278138398239884,-0.470104183875492,0.024277373616803
