1,0.525965977844228,0.209527626203248,0.710094580621467,0.510987420052246,-0.104199842686421,-0.211591591826131,0.206631280100506,0.676121601344233,0.441626487564719,0.637939522644025,0.562948230861024,0.663926084190689,0.19167739180433,0.166979058095272,0.0679227946664034,0.0931380036728678,-0.121727193405207,-0.153809473765587,0.148678843665949,-0.0310910935552083,-0.288604895922267,-0.346505177219432,-0.181527902888499,-0.0846339993496208,-0.0168803450548814,-0.134167032719203,-0.0591142542325539,-0.277405319888732,-0.331492954525012,-0.237508095017163,-0.140429861757221,-0.179741287634024,0.271794879812616,-0.141833460764613,-0.203072842119293,0.455824386366439,0.0102642265352798,0.14753078454423,0.390676182032875,0.137499559641925,0.108493814306554,-0.0142275460425674,-0.125897792494109,0.18022958543144,0.197002293531099,0.105491793174267,-0.246149128549407,0.0239116274239129,-0.183709272174636,-0.210916372022662,-0.0516479565999845,0.139871846758346,0.0740730081735052,-0.055013840700225,-0.139530511811657,-0.0536234649624249,-0.0590502973039416,-0.332078701919292,-0.160399972928417,-0.309002635011675,-0.340290814047722,-0.134567553095425,-0.112473104774548,-0.5375826550991,-0.218133351759193,-0.399474630010487,0.133883762632662,-0.20852827047144,0.0645263070855569,-0.0471258019225888,-0.186685191257963,-0.280836634619228,-0.19617365984369,0.0350890378575053,-0.0191831618722654,-0.361989647530287,0.0910710331747945,-0.514478650338882,-0.235477838015459,-0.389348008596154,0.0894551924884377,0.197327659661858,0.301624380049405,0.631336207984707,0.784890930723029,0.14624064244506,0.10315909650198,0.543768009961609,0.48033014186251,0.59063948534421,0.185899306077575,0.612218667430429,0.477887223246862,0.294730416854496,0.171022129763895,0.0740213124389476,0.304794011232413,0.124261775207142,0.171107947322355,-0.179333362517021,0.166448402322188,-0.152000526960996,0.288419791074099,0.0792963854234322,0.145866714679718,0.0449984005541579,0.172532858548315,-0.104613579750861,0.047131572678863,0.00323675085817893,0.126654494429496,-0.0068031461770065,-0.051133958203984,-0.206436686909467,-0.239026470171049,-0.0926420038760289,-0.0910663411049705,0.585533308295287,-0.0406331395906019,0.184494470913426,-0.264606209238671,0.283988984843139,0.298065525755767,0.129082912353397,-0.00507838272753338,0.321703280640057,0.24409740714653,0.194611952195561,0.248602899812754,0.252760741445434,0.408555921846408,0.122010616233649,0.011506359794074,-0.18809497905769,0.0998454850586856,0.0784666967532822,0.030676371277663,0.0902039907688067,0.099314185189855,0.0153453613352415,-0.105663766267707,0.0348638423181797,-0.0219223759149691,-0.272849687194961,-0.0381720364165858,-0.0642055616947172,0.105146512735611,-0.166678125405774,-0.335220064635898,-0.202904704785292,-0.211069540204098,-0.175060163114307,-0.366624072904149,-0.0700872471000628,0.214999280592448,0.266725306318955,-0.211639836961857,-0.251093814298373,-0.21541502563467,-0.351725427773891,-0.310632282237084,-0.14788326104878,-0.498939014677237,-0.222295472574585
0.525965977844228,1,0.282053721691203,0.602999415106408,0.128428457198504,0.559301343006582,-0.239219669164898,0.38393918875267,0.572740646350823,0.427220184425256,0.0208191157299378,0.0631998965029893,0.486344840354001,-0.172661423249445,-0.105181910750861,-0.275456685798955,-0.288886169081268,-0.245891644110655,-0.348816634912575,-0.12466730684906,-0.348258442007492,-0.253438987564721,-0.0778735865801888,-0.0114725181391179,-0.249172327497903,-0.0705412127965226,-0.38573545566665,0.0245232747241581,-0.173758546263205,-0.00484586540950228,-0.123070367731768,-0.315606037942947,-0.141408259986328,0.175667328951808,-0.193397964834489,-0.21215453703743,-0.0495322801537487,-0.263840244740103,-0.186937099555731,0.0624455221036241,-0.127859006998289,-0.211327238852235,-0.239896379728582,-0.22758450341333,-0.193150246042086,-0.33720191864778,0.0045077991582563,-0.139497944430038,-0.0762636185180039,-0.160743325331858,-0.194897078275269,0.0482463588579255,0.185721688220289,0.185646058805932,-0.0986024484206276,-0.0375977484334871,-0.0413262896786075,-0.322153243661924,-0.279257307378586,-0.210960400763748,-0.279988902889187,-0.359899950849161,-0.111387498834959,-0.427751874774315,-0.604522077890493,-0.296671525572698,-0.376442790642851,0.0130720914989701,-0.11544610258283,0.0104541794323682,-0.0174910791799238,-0.194591498946452,-0.193990588583085,-0.247732917214489,0.0645684912850984,0.0446574208524176,-0.346250287701399,-0.0465788416722278,-0.469290315645132,-0.220291488309555,-0.57590208198409,-0.177097215381936,0.323772813951871,-0.11561039459611,0.805067084733988,0.297692436881067,0.383095082162931,0.680364719771705,0.0428001000904677,0.505588623195082,0.143231828853229,0.600464454549789,0.186654557647827,0.29093708455423,-0.0569992634617066,0.0156365327215098,-0.206216457290107,-0.232460333003531,-0.167399820044433,-0.290449324129537,-0.366718630443309,-0.151522980798519,-0.0744738889975805,6.93452424567026e-05,-0.206683257768739,0.0279393308403819,-0.193589673405505,0.210056033372258,-0.214830954480443,-0.291032768608814,-0.271267622675057,0.2005362572784,-0.0239443593637141,-0.257182752356264,-0.177863353938666,-0.165076199397653,0.0569963998594598,-0.0106742471662624,0.171425847133035,-0.230414584320992,-0.083299717808882,-0.358940244549889,-0.164644793768804,-0.20420747728828,-0.125657387497015,-0.379919682837442,-0.153683092240906,0.0533615019287047,-0.147845507420796,-0.104619461772452,-0.13337122679978,0.207668105347303,-0.166247370981674,0.0617948545816787,-0.137383996601414,0.14481683848295,0.338799696448034,0.137931371958676,0.180148314195331,0.126532396041693,0.0334388514427706,0.238497929204423,0.0919579833818802,-0.349927599518893,-0.218534013281228,-0.0387821516322999,-0.168981415639387,0.207044090126286,-0.373390464255437,-0.517001865619065,-0.133125575963477,-0.190467392607949,-0.234884629029315,-0.43873633467887,0.116376873035866,0.16773063101847,0.411434738747972,-0.087173128866061,-0.0447348173457794,-0.0108813508670448,-0.233631330037657,-0.274362148723585,-0.253654567735736,-0.49904757729764,-0.470507794000366
0.209527626203248,0.282053721691203,1,-0.0381903542013136,0.0812333946561845,-0.117805571233222,0.379066507898895,0.136042197188815,-0.00353301379372321,0.686865700701603,-0.0542443503913627,-0.0655769511824329,0.363637063266446,0.0111994960435289,0.0758811180165395,-0.0721575345464097,-0.100992136485003,-0.357607021622266,-0.272785980385684,0.0241889811225368,-0.201127179574038,-0.430789116846556,-0.13218379032844,-0.114989427070144,0.175095183751698,0.414483010765456,-0.0669526053753972,0.694693780111847,0.0532778376720299,-0.117550170327439,0.128666620060982,-0.316816705593313,-0.13786569540084,0.700036854721106,-0.0565065332409231,0.522538008151177,0.111682781076136,-0.233335269244933,-0.306107035547897,0.0345592514614952,-0.00712860314910045,0.056313141550919,0.198122444842133,-0.430978639397676,0.152014800984825,-0.200894739416766,0.377030549630217,-0.0147939973118413,-0.436511857369204,-0.38867405434337,-0.00206735032945848,-0.367952624606078,-0.130236723254329,-0.19978742586496,-0.404977514535743,-0.0349126687612003,-0.0900557520517642,-0.401988984630707,-0.29194220302506,-0.111492286294859,-0.0282985545111293,-0.121006385742058,-0.108344506114502,-0.210470580687387,-0.529568617161762,-0.458327533832314,-0.338309593061202,-0.1367199638548,-0.104224817101219,-0.12983822837531,-0.18232778965638,-0.297237636850103,-0.0113815105275211,-0.214608455079079,-0.0317925035096492,-0.218002399923352,-0.511807804710907,-0.241815709198387,-0.240314108043014,-0.296372176087318,-0.388476622098747,-0.231466668940835,0.280172458384886,-0.400576397871,0.0640490005039894,0.166253043684654,0.797424900039741,-0.0546984666439366,0.174687197318376,-0.0124406269156378,0.28204487634359,0.659039421578819,0.199216855328493,0.479204640505418,0.129493718223588,0.2893801196004,0.0169127940643018,0.0504637996698136,-0.0525176573480645,0.0359390676203737,-0.265492160506025,0.0375154244024468,-0.150145870708222,-0.0811679125499099,0.102943689433959,-0.0724639646382076,-0.0529297452956604,0.165454516167625,-0.193678394839559,0.049836345233733,0.133809962140129,0.796848099207107,0.225201410754698,0.170319979742752,0.327178748174318,-0.0243813793248217,0.628573493942145,0.51923124620691,0.545680441768516,-0.148175472139173,0.310179411824557,-0.0569521217368932,0.00577573442741765,-0.0180014478808638,-0.0024182944522279,0.0327992052072813,0.159870707596542,0.0558379735676259,0.126199894698789,0.121468161067331,-0.241370775058777,0.0737470002340508,-0.0997276314887282,-0.163309269657287,-0.114394297453199,-0.166414604966322,0.257970241521791,-0.0574969178128158,0.0743456432764544,0.199086380361904,-0.175644809938563,-0.0790239125326798,0.055471554981096,-0.348719792292996,-0.219371796276781,0.133394829759527,-0.199191696261771,0.178975959101528,-0.395757558344418,-0.263038801551458,-0.0599569217874028,0.169316902549729,0.0521065432372848,-0.0824819187849388,0.209842355685849,0.289474948350128,0.184025406435097,-0.18698971890112,-0.228078539612857,0.246642042625685,-0.207391805874152,-0.443816049761496,-0.394908347550892,-0.246022105800047,-0.477085130162166
0.710094580621467,0.602999415106408,-0.0381903542013136,1,0.310444558255334,0.159839249049306,-0.17409585913813,0.349013957150002,0.842888811373442,0.419625574406955,0.388105258074328,0.522908602981842,0.670004786520854,0.0405119478006588,-0.00811730582115294,-0.139170433561856,-0.170685563222879,0.022458805188832,-0.177169231402408,-0.0896853982297293,-0.0928461132962368,-0.13341124587328,-0.118849269788662,0.0058420987296098,-0.180640794485448,-0.00813064926221052,0.0250355842963694,-0.211093269647168,-0.0150480683887979,-0.0962742592669714,-0.174232360520205,-0.000243981482607937,0.0392666059049032,-0.104592821412506,-0.0387305922123226,-0.360592159392001,0.238892269144401,0.212231744953963,0.364431777993591,0.36900727511677,0.102739969181421,0.0843847517827934,-0.0124173558428829,-0.0194667936530591,-0.0374366613013338,0.18255927181581,-0.11524705197059,-0.137081135437191,0.190403142001618,-0.0669038384060286,-0.128665744381665,0.183999098449764,0.157258510058902,0.10464864417974,0.139730340950158,-0.190851624533943,-0.0885078732124703,0.0209230703957821,-0.251696194397999,-0.118431832267383,-0.331737349577097,-0.410739231796693,-0.0966491441921358,-0.200296824813964,-0.37258634874129,-0.134877707037053,-0.356596473357445,0.0581700218951744,-0.275223709428044,0.0382126273919202,0.0161964816793699,-0.178475986693613,-0.320733502448381,-0.158247571585937,-0.00327061331681869,-0.0130909495351718,-0.246753277383524,0.0504706628324313,-0.592345744733514,-0.282355640612171,-0.348606527948557,0.00573975213494252,0.00106301826251582,0.130696876463861,0.783510144238711,0.644774470899107,0.0788333039599835,0.514768428543777,0.269422294235698,0.710256987998115,0.289276471086805,0.35059036924767,0.414383934278671,0.326156233232331,0.0107485283663355,0.0295788559611048,-0.177075981405872,0.0738830283963583,-0.0943715691671976,-0.129533149694704,-0.172954015892818,0.0240173883878874,0.0277335541139837,0.0502398912532651,-0.0663275978253728,0.115492552759417,0.0223772862447144,0.111651050682184,0.151524579301846,-0.13135476586165,-0.124788673750572,0.0254342007202128,0.192677222317784,-0.00667640504199845,-0.206596085116945,-0.0855644185003158,-0.258101036676539,-0.119997882173765,0.23377690655862,0.0376422558958364,0.0634167884185691,-0.247091941797898,0.0837146960033863,0.276075977190838,0.136450597070105,-0.313965763834501,0.0147478378093915,0.17074924962156,0.074286655709859,0.124757558503148,0.193635346077718,0.301217204359014,0.188579982288107,0.0552605801976903,-0.225942860455772,0.110610647774661,0.0549197752418822,-0.0113395075012102,0.157702231638496,0.0224678177821843,0.144694917508778,-0.0424625468505288,0.0333118568279726,-0.0377978195350377,-0.194506221647579,-0.0463906957461695,-0.0167696242616179,-0.0717093213298433,-0.199068300765664,-0.386345884986054,-0.330901277214889,-0.34598074916349,-0.432610543302641,-0.530109513036934,-0.192920434241232,0.194094422715104,0.330800728448925,-0.214353676982347,-0.0860105425081543,-0.360245370678209,-0.508916329774092,-0.229830784131195,-0.158760023050131,-0.652933374788885,-0.210901474507885
0.510987420052246,0.128428457198504,0.0812333946561845,0.310444558255334,1,-0.185330908340897,0.258423806610558,0.0156287913916605,0.339878504495576,0.253855664898417,0.589072881791419,0.25315824162638,0.290744070798351,0.183880431985246,0.241426613537325,0.31509315072647,0.251033401246899,-0.0834167023896471,0.0926018384485086,0.27741152328206,-0.045079631389087,-0.268457262361458,-0.286447195639318,-0.291185240434869,-0.101015825911082,-0.0960631330460421,-0.156893895568639,0.0025767507477744,-0.254029744310907,-0.279449964483475,-0.340883903743499,-0.139267456279877,-0.210478921167187,0.220578335579657,-0.20251317081143,-0.185659108159026,0.340742263076384,-0.134041070211198,-0.199106590516149,0.112328874162214,0.00367110373161241,-0.041965793757499,-0.156036277863517,-0.0169804267797024,0.15677096196845,0.00775607394718886,0.114240279925674,0.111889442085491,-0.221609424949224,-0.152788583692174,-0.359834857739594,0.00112715141918429,0.112840551830573,0.0582598120164424,-0.260202132871234,0.14998718494848,0.0965502161694877,0.214645271560656,-0.0271783472298918,-0.204994639828765,0.0582726601296519,0.24425995844356,0.0622595411282546,0.194689896069151,0.00958223208430188,-0.1172439989182,0.161089826099813,0.0642780218032104,0.251033488074529,0.12527268704346,-0.0751696585666024,0.211212997261814,0.111516384039697,-0.0315915411989318,0.0154789940596692,0.0204468486199927,0.132893070471485,0.539379133454024,0.0519342550585073,0.0206313709490845,0.0102331346442958,0.349779614912611,0.122784091540019,0.508875295274174,0.232464271001472,0.497064791558506,0.0329299215109447,-0.0227838133860622,0.639617175299005,0.183445995982436,0.55269174590014,0.1028390460064,0.483173280706712,0.248299371433151,0.288395577399922,0.217073548089778,0.311636900977153,0.284920506873058,0.33604165810651,0.294483401746677,0.165315373591069,-0.0114738136285668,-0.129068341638582,0.378355222121683,0.127298932878849,0.152704790569685,-0.0395835029651158,0.00313039208766026,-0.152539821860603,0.0502958793377805,-0.00471494814263605,-0.107911577154359,-0.0645680997963464,-0.0570702529345734,-0.336398035117063,-0.203271569033922,-0.173796297958038,-0.123580979330962,0.299702042307279,-0.146433276041439,-0.10560104633453,-0.227490682667932,0.262367464489218,0.100301134537767,-0.195712686485693,-0.0473757092346733,0.186228004841658,0.00440541245032396,0.0293829092342794,0.0131756746140125,-0.0455754565144863,0.0429825362951386,-0.255471578888457,-0.32202093095431,-0.209743126705393,-0.178753613104523,-0.0583702134364846,-0.244355955842325,-0.37583321991988,-0.00142475731977436,-0.303423202749854,-0.215643323132644,-0.287058524151914,0.135541092871872,-0.283420169020553,-0.20819004690829,-0.0518987581447989,-0.107391973713232,0.190591654198742,-0.200671285854905,-0.0642916058633906,-0.0320690267318846,0.0224389175321444,0.137290327515472,0.0260423647414224,-0.0131399942387951,-0.180552109623888,0.156046575035861,0.0343798119962337,-0.0687800294579106,0.0554865927946443,-0.201897412324572,0.339355614173438,-0.0221197988046881,-0.0498256066388672
-0.104199842686421,0.559301343006582,-0.117805571233222,0.159839249049306,-0.185330908340897,1,-0.225779712126373,0.426839208317373,0.237489443058911,0.0247783674239699,-0.179364475234659,-0.048621534737586,0.114647272220884,-0.419282325112616,-0.163663593605531,-0.260254304855882,-0.228731590137979,0.038627880485035,-0.160637820978673,-0.215736511764192,-0.145745462557674,0.100558180076743,0.288694053747972,0.264882147108563,-0.243079636167774,-0.243865445902259,-0.228708223184274,-0.211726714304992,0.191190061375236,0.364526720416378,-0.0508184603677446,0.0196244374883579,0.195421091705928,-0.247645179956368,-0.0133039279358826,-0.249798228131768,-0.425058340894909,-0.0257892623177566,-0.121129477841015,-0.181137831634474,-0.163533100933173,-0.149091119143707,-0.314350385720752,-0.0113467681494756,-0.282109576019224,-0.310039709030989,-0.0981288968530272,-0.0750609362446237,-0.153998812252948,-0.108304006894983,-0.11665995695358,-0.062742377103156,-0.1412125435622,0.0383036424133969,-0.0144813443877055,-0.182489020137109,-0.214989086468245,0.0277743521898373,0.0743700319739021,-0.173175031209957,-0.270973192889126,-0.266184082881927,-0.177740603477835,-0.328959880111666,-0.0977066374623909,-0.236561460396318,-0.199617599367167,-0.300451183649461,-0.130312800056981,-0.23256594574928,-0.120680038798765,-0.113501022246644,-0.24135791847471,-0.0917326261173223,-0.220832972023358,-0.0930450550105294,-0.00720586813634969,0.0387387260741766,-0.165430614768888,-0.202926458364196,-0.17650099716653,-0.12147111240966,0.122532438559511,-0.0490303765061319,0.394421802330359,-0.150149661308689,0.083284771724236,0.762585679306636,-0.185778712701116,0.33939773069943,-0.189195626467481,0.364550912623221,-0.116886919501636,-0.0383709616769615,-0.290803909940194,-0.20845778919572,-0.223559351046124,-0.393571841886766,-0.0738444441679691,-0.297051437501169,-0.129553635055692,-0.230738278394062,0.296314928891125,0.0514717795989153,-0.179085719837089,0.133513915078637,-0.00660845474240811,0.117301869327902,0.142140146363568,-0.289319118064274,-0.316643499806163,-0.105264201350701,-0.0406433541404145,-0.0731762656886531,-0.126580921371123,0.192534637744583,-0.106762178744931,-0.10408649208416,-0.198790797844423,-0.00370896078402833,-0.225767760053246,-0.271459953112998,-0.348339200851601,-0.2580981231995,-0.0154673156293644,-0.464392587059851,-0.345009643686956,-0.101442161240491,-0.0804143015644838,-0.181414114315209,-0.126986746540084,0.160990113942446,-0.13361416344523,-0.0412983345036862,-0.151407678748206,-0.0201524515957803,-0.00975661412790374,-0.00752238126852216,0.018276465426842,-0.192666436348919,0.154734182281744,0.13265529220546,-0.0639296362607931,-0.0452787597478822,-0.0634265995054498,-0.171064901936672,-0.00225427043323871,-0.192132198689087,-0.051221128136917,-0.281335161254509,-0.196389183453189,-0.307646470313846,-0.175133709926261,-0.275714554671373,-0.0973376662946994,-0.128674543068369,0.0447400656497613,0.053429664337828,0.13163805271443,-0.143895195978672,-0.0416562705154466,0.114652347080294,0.0532433749515767,-0.178573820977736,-0.0236824409776589
-0.211591591826131,-0.239219669164898,0.379066507898895,-0.17409585913813,0.258423806610558,-0.225779712126373,1,-0.14345272119629,-0.172851606476202,0.380589540179555,0.00868258440799063,-0.079152715522121,0.0167560942009017,-0.0589739381130856,0.0784841352854484,0.137735386260137,0.0427782516738544,-0.0108253294482586,0.144232127011611,-0.0149278931320335,-0.146028704456471,-0.0843757211752469,0.0140748219449217,-0.102042080551808,0.005553411993148,0.336767864920351,0.236755851585488,0.362772926990785,0.145758336609678,-0.0701653478204139,-0.0234141035545643,0.086358369434842,0.0441085714662142,0.133500621786132,0.0129520337989483,0.257205814744164,0.0351154840045041,0.00871223862658521,-0.103519192550825,0.0166061334555245,0.0349115467498103,0.0529094494143396,0.060907290068868,-0.108789066747322,0.0510541515833795,-0.0872045312849245,0.13393574789383,0.242050807479018,-0.364766950498109,-0.234355029230845,-0.0851871408047804,-0.185495065123188,-0.247664898065092,-0.385246194309185,-0.270981730220287,0.0141747733610441,-0.106082902914885,0.107476592359636,0.00558127472971051,0.0280242069638957,0.236619106073185,0.355943665944283,-0.0971405622080905,0.117316090032797,0.217505230078336,-0.227254881625117,0.213446536309582,-0.233308491321023,0.281704807923847,-0.148879184195941,-0.232219099023154,-0.0262472635448266,0.265853879098278,-0.0340712410984221,-0.222349639862836,-0.202853566444008,0.103464721511573,0.144642761851554,0.309411681292095,-0.101031563830545,0.195596832810066,0.207360705620318,0.124872377286108,0.0160055080676789,-0.295026167405453,-0.0387036278723931,0.366325464293495,-0.149599706582682,0.193593487696053,-0.16605423892202,0.124691895247919,0.335275647714656,0.0544057338841649,0.13522116651156,-0.0951126840862564,0.0562987506743166,0.0436968051084442,0.0690240871385576,0.0583540493657808,0.0893830929970117,0.186365603163236,0.0117951537667292,-0.178682330204077,-0.16116597808109,0.0539967959872434,-0.1660303818037,-0.0455896701531695,-0.287616759312761,-0.0441303166785287,0.0762705140748128,-0.0225038363577611,0.274683638936994,0.46200590618569,0.235828467075774,0.0335429203751598,-0.0717286182738986,0.0988856895604134,0.242886574476254,0.0336137231384264,-0.0335272464398498,0.110965579575781,0.224606324750926,0.0982003867283881,0.0627568596244755,0.0187086098721407,0.112008708564153,-0.0226309331791268,-0.0847711813172304,0.0843653173463328,-0.0701864644608107,-0.237777297371686,-0.104458673937074,-0.0913652064195235,-0.423121431852614,-0.196316889292399,-0.418505106453013,-0.232951940345773,-0.479454820690281,-0.310737429409761,0.036585053900608,-0.296675723988263,-0.346261136117616,-0.278002869906761,0.0388041026689626,-0.176645058062647,-0.104721876965653,-0.105468043287571,-0.302228984921544,0.286815312251753,0.182038433846176,-0.0366727596163249,0.275489059969588,0.182932848077741,0.453094081545848,-0.0738361791574215,-0.0361960002954886,-0.296505036935136,0.00698925175278735,0.0452836234779471,0.151964600319674,0.0739431649118816,-0.178296545717537,0.212513495399639,0.259339035590289,0.0506082689103133
0.206631280100506,0.38393918875267,0.136042197188815,0.349013957150002,0.0156287913916605,0.426839208317373,-0.14345272119629,1,0.387835084828693,0.389922350975305,0.0407356842427697,0.319382653512273,0.457426560978374,0.00386122626876649,0.0217903900556127,-0.141428924430413,-0.182074626835275,-0.100866233344515,-0.363933258461335,-0.171009950613429,6.87030088691293e-06,-0.218008905113951,0.0513533636294643,0.0319137776432573,0.0766272005984493,0.0586494162041057,-0.150202687473617,0.0560006335577413,0.132235215675966,0.0525063766738374,0.134298976417955,-0.032599138358662,0.071724264831373,-0.0208204198629105,-0.0274838946385499,-0.00754379234896187,-0.0552456630369399,-0.0295349515414294,0.0842015709043889,0.0538158694478645,0.0754707148557762,0.156009532956015,0.100769893483166,-0.166446237498613,-0.0358501605897363,-0.0385545318395342,-0.00694305787751186,-0.12702223339231,-0.0464737347600978,-0.0797938767759633,0.0469473365331242,-0.116289625585318,-0.017271464540003,-0.0173371575851703,0.0408688625325162,-0.141226309715868,-0.183633884946555,-0.134769619085167,-0.224324957799887,-0.157835683879038,-0.266607782920621,-0.346133348782564,-0.165063995874751,-0.128074134840424,-0.339764120524771,-0.266006044665366,-0.277692844141553,-0.0389235951066542,-0.224497599377431,-0.190869264073222,-0.090371065889984,-0.158423322817707,-0.278588641278779,-0.157355515020612,-0.0883485339170546,0.0300410463879844,-0.162818856769484,-0.137343783617674,-0.435947078395182,-0.303879724711747,-0.322083919310527,-0.135307481296951,0.227058385306822,0.0363154366746305,0.460788252923658,0.186034318081594,0.120248432883747,0.466057124183231,0.0292127844054119,0.531664515649386,0.126609586334398,0.435858688940691,0.17847570947858,0.309250590700838,-0.160096317882117,0.0726338704024761,-0.105437384944172,-0.0789409944256729,-0.105865223788531,-0.189394415268835,-0.362779109080009,-0.0251782442432324,0.132681857697855,0.0418333331322328,0.133082967145786,0.16834517307342,0.0838406366022983,0.212612115296043,0.119057090548645,-0.110475031892308,0.0362600692027398,0.135566366816052,-0.00936858921727545,-0.0287881978060239,-0.0029057119929659,0.0471122051024499,-0.0315021458535843,0.0561003027179575,0.107314529502022,-0.0956094060502466,0.0602704136872088,-0.202500511967809,-0.205885958732209,-0.0410744853594662,0.042262757721463,-0.426483224064732,-0.0460120910173671,0.0429212854013384,0.172570218055096,-0.0335143360167882,0.00505245252240127,0.195324176660107,-0.00083668897897122,0.102610970513885,-0.168613437476634,0.0813642212927776,0.0567262539650147,-0.150197063782355,0.170884309358914,-0.0885139982739616,0.0127070376251896,0.0431650693184157,0.0141902576788645,-0.122289712881581,-0.144571189938516,-0.0487648695068708,-0.0310634075265382,-0.0213526473457207,-0.201212221075624,-0.285300114564379,-0.147142007165038,-0.200797862987414,-0.125774690530715,-0.340656076687801,-0.115340026823782,0.0252188955130905,0.162756672335973,0.0289379203174892,0.0259442288540651,-0.164648078815361,-0.277131943752771,-0.192928483495033,-0.154191892348308,-0.361023789389547,-0.203816304089143
0.676121601344233,0.572740646350823,-0.00353301379372321,0.842888811373442,0.339878504495576,0.237489443058911,-0.172851606476202,0.387835084828693,1,0.254890078683703,0.496728656532936,0.481337633300064,0.529220351571322,0.0078981283161106,-0.0234613443856898,-0.100567981032223,-0.0165853958011665,0.0636284478164043,-0.114083859861082,0.0344915318881289,-0.090354386068266,-0.136114335522249,-0.154254753455642,-0.00420294608399345,-0.251667753081702,0.00352881676034704,-0.0389745162037947,-0.272470013451169,-0.0513693109280587,-0.12147910369696,-0.284678262986057,0.015749435252924,0.00898955599966915,-0.0607259806827855,0.00579882294058734,-0.331347394122568,0.147005455037357,0.196859815382018,0.259924874495859,0.274230765481999,0.166076157192246,0.079956145069924,0.0541120414886423,-0.010423747190776,0.0935471634618821,0.0882390854484797,0.0529563020541781,-0.205695091365297,0.0241064821805751,-0.183201200071224,-0.206786385771583,-0.04319302524407,-0.0146763491078109,0.000610833500105544,0.0442800972343947,-0.191694797650825,-0.0674504380061532,0.140673611672756,-0.15695643497601,-0.150458767797413,-0.300587839034376,-0.289147543616216,-0.0871038137575576,-0.133980794244031,-0.26908030290864,-0.119091500321145,-0.358083229090622,-0.0137083967007904,-0.23234520045313,-0.0774081342233653,-0.00506542351382369,-0.225773208871799,-0.307399379543711,-0.125359670746702,-0.119058075022803,-0.169501081888674,-0.191936412253513,0.20394842449334,-0.474098581971576,-0.310559700020837,-0.225912752473388,0.142216430393581,0.0168829629417843,0.197224684603341,0.741173781547881,0.482894726285207,-0.0359412970258502,0.60161245241105,0.202752541839483,0.634870238994026,0.261200217042078,0.213744683149953,0.347438843818404,0.162423451588831,0.011708742648521,-0.122200656183926,-0.0501489127135475,-0.0271426066266262,0.0751635370300521,-0.0111435450229312,-0.081751711301021,-0.0694125550175385,0.0443982527443426,0.0750274019551706,-0.101504258230899,0.0899572559106775,0.00699140598267777,-0.0201648366716905,0.129357091733826,-0.271564607385926,-0.223480762292064,-0.0651850988225489,0.0398592586755968,0.058433672994845,-0.279471694320458,-0.0687609393458213,-0.373133527465451,-0.268826310117756,0.170774301332462,0.0601465853443509,0.102299561472119,-0.204010735490057,-0.0131746254130812,0.203113491815355,0.145918820551439,-0.368126446309575,-0.0392639563178942,0.177157152859916,0.144655052826234,0.225291739684221,0.123946165794781,0.433982037097544,0.13334938937543,-0.0727660624028015,-0.344670403024891,0.102725793417647,-0.0830877237161342,-0.156655982392412,0.0126902862484676,0.00410037190669375,0.161409270528463,-0.189244820948563,-0.104973002208401,0.0200291181894526,-0.219163813014778,-0.100450128746673,0.00616198156207902,-0.136472323054464,-0.136334274493236,-0.325842952630582,-0.420272370771837,-0.293532960220749,-0.442550382876126,-0.321671781253913,-0.274681182638405,0.183660387775516,0.209548819299353,-0.200956546956563,-0.008263708270474,-0.29911178113017,-0.445161742075174,-0.142754052444369,0.00616506958765193,-0.529217749527044,-0.113259271222891
0.441626487564719,0.427220184425256,0.686865700701603,0.419625574406955,0.253855664898417,0.0247783674239699,0.380589540179555,0.389922350975305,0.254890078683703,1,0.144656391918317,0.326897988628684,0.797315972225388,-0.0263617095377006,0.022690591058105,-0.199090608141805,-0.242896424443467,-0.349609139634338,-0.285142970956355,-0.0680790174234089,-0.329072858149924,-0.458762222231726,-0.130378526230647,-0.140738661547508,0.0366253814113678,0.198532380388893,-0.0257102147372855,0.512098351381551,0.0343480384913397,-0.166700719379172,0.0341344870470474,-0.154372947199897,-0.0268137995940288,0.497142242399346,-0.103963989370809,0.14412522280697,0.210756766751022,-0.149703781250895,-0.0532565449969108,0.260357810552154,0.0242318261567872,0.0337839414899514,0.0726245362559606,-0.262751305561881,0.0500809334419016,-0.065593789351674,0.2155175085301,0.0805099679200629,-0.305318181619894,-0.374262920386378,-0.0825983100448505,-0.148113216800821,-0.0643997947297186,-0.105307106836579,-0.287347288275187,-0.195829573538674,-0.206983612345026,-0.271507428290081,-0.381728071765766,-0.244507125563287,-0.133961816542514,-0.254686206855706,-0.183978887010792,-0.265226222117157,-0.538692939985686,-0.53533811716884,-0.383742421683688,-0.0954430163063814,-0.156364657588681,-0.11842880281658,-0.235175338890975,-0.277232258079673,-0.152932537407404,-0.243113218618747,-0.118703647217549,-0.15209450641481,-0.509348330094398,-0.134040303266908,-0.434497549364878,-0.382993793478179,-0.420777915635073,-0.155444067372077,0.185723059164592,-0.108598094577406,0.364435474073165,0.556090521979684,0.693290154651376,0.13824586674952,0.446799171704897,0.380765128610766,0.393202114413747,0.816730770442382,0.457181008815132,0.743041184271238,-0.0489157251876976,0.249006779442011,-0.12532761435092,0.0879038721437249,-0.127885426279666,-0.0845182917115346,-0.271724098988073,0.0655960865547459,-0.182023531208176,-0.0315213908505212,0.0280417625394895,0.0203247992125071,-0.126329666372067,0.157191930311297,-0.167473533518751,0.111451200873233,0.0472806237552699,0.60513197323444,0.381193706960237,0.0664217972005909,0.103924186487925,-0.174542594291754,0.358253453687245,0.441253066726647,0.566533321391159,-0.118193765428772,0.186045244045981,-0.176630704600687,0.0799672797540947,0.0931071909367805,0.0478202821040699,-0.0963941379869101,0.149392189946134,0.121177713636007,0.123626085313953,0.0189947262860372,-0.103737870256435,0.175298628440256,-0.00261409711084135,-0.159240373248469,-0.242322560443572,-0.197888794161541,0.122476962889051,-0.145296861259089,0.0925933944255467,0.0784928287426324,-0.125277137038563,-0.144396429453659,0.0140386827767931,-0.213956333953813,-0.283465630152834,-0.0219622221237424,-0.157324505842679,-0.0274077068020673,-0.215302601236973,-0.369264470382061,-0.241364365873706,0.0132440367574097,-0.0563092872323162,-0.282868590761266,0.00588375733600681,0.275367792518164,0.205268144009166,-0.184399944717916,-0.210720561420186,-0.0148139623192071,-0.388851550112474,-0.542092486640715,-0.276238447091162,-0.427639640453865,-0.400941675965075
0.637939522644025,0.0208191157299378,-0.0542443503913627,0.388105258074328,0.589072881791419,-0.179364475234659,0.00868258440799063,0.0407356842427697,0.496728656532936,0.144656391918317,1,0.688872241562522,0.41089691835176,0.182971070445992,0.164772792214262,0.289522984292114,0.323187889513701,0.0343134785797106,0.164744186354791,0.331244269781386,-0.00334434087232672,-0.193252247254972,-0.308087364616864,-0.25232232890395,-0.232438205149528,-0.138666847797251,0.0073433856214019,-0.129008799868295,-0.237059566602845,-0.360938711540656,-0.236971436101259,0.135602981521355,-0.111211871438294,0.141562946233176,-0.108361788516515,-0.17668754368617,0.442529206195325,0.190499459568204,0.101228294885226,0.388893332404253,0.212487412244596,0.207866697409892,0.0930489527843741,-0.00372220416405503,0.301796570804702,0.222698685771478,0.200574824284793,-0.154821179684464,-0.219062765976215,-0.218700029003437,-0.228197129633121,-0.407504737911939,-0.226072893033571,-0.138168385001195,-0.169191067949921,-0.222967878896004,-0.0904269657241575,0.490727926318193,-0.00873884265897406,-0.246284234945688,-0.12267076622107,-0.0440460148342164,-0.119239758526387,0.195215313227479,0.0494964614755761,-0.134030925774792,-0.194797952938565,0.0482044673566474,-0.126070650163825,-0.156709581128761,-0.215680338040762,-0.0598151638907495,-0.282594234066233,0.0194484912359523,-0.304593332285628,-0.284754978665336,-0.135431600393297,0.371896582670483,-0.0480497226200138,-0.297892952085901,0.251172950189631,0.19748789654528,-0.0543831998496393,0.44162801673631,0.315358030628149,0.565764323665907,-0.143006924228381,-0.0314232213883876,0.615628406713194,0.347651711097603,0.634675961073488,-0.153946109592383,0.713268006024631,0.338810900881786,0.204595346942268,-0.0148523836423338,0.328271708755763,0.368046042083802,0.389433209775076,0.392926030954938,0.193589619606725,-0.0330240645526707,0.00873284916231025,0.389819726023956,0.0300954613389672,0.270217588589406,0.139936919631633,-0.0455007117903414,0.0441071921973129,-0.0233571491903209,-0.125107812396417,-0.0792476954000064,-0.0275506993303296,0.161539020906857,-0.130763388346912,-0.0598334696021758,-0.221684512115978,-0.0990948110902803,0.489122751598612,0.196085067397816,0.160718432939213,-0.0952659040415903,0.279757908225385,0.391286239019168,0.156784016578403,0.00207874134074457,0.256515671306906,0.171696195830078,0.301929807041248,0.313957865094682,0.219324912784858,0.269826931057508,0.118084239364775,-0.180089176266654,-0.216866326706532,-0.0285171327636497,-0.512754912943536,-0.199506257119848,-0.272663213056669,-0.199111003359694,-0.00499280535143071,-0.528401984054821,-0.348651613166494,0.535535245699479,-0.131958873478399,-0.249463507052178,0.158029966400404,-0.371323609634501,0.220057140140479,-0.0443169432236633,-0.413028149379359,-0.176898098856834,-0.138822512457588,0.0385138347771366,-0.328366776847463,-0.00849551037322558,-0.284337071612092,-0.092005409941223,-0.0835917640651527,-0.321930853840009,-0.228000346656533,-0.0573055200831306,0.319103198104548,-0.0457168893992314,0.345754731507707
0.562948230861024,0.0631998965029893,-0.0655769511824329,0.522908602981842,0.25315824162638,-0.048621534737586,-0.079152715522121,0.319382653512273,0.481337633300064,0.326897988628684,0.688872241562522,1,0.657721921905496,0.232231859094016,0.0798441882868905,0.0928995251617367,0.182342098313092,-0.0254757141944953,-0.228718060809155,-0.0035647551334928,0.0693454292870466,-0.240263194882374,-0.24130054558995,-0.228119795886885,-0.191620763456084,0.0193005838507857,0.24909644882995,-0.0999464956890741,-0.138181163930364,-0.285891724902711,0.0241161695916602,0.317764093511929,0.0416359071357466,-0.0705008168392172,0.0140084120533137,-0.301026236948193,0.413535553745145,0.364978562398688,0.497157735332225,0.675319499136958,0.460599673736559,0.52219540360547,0.217538708649643,0.100821660253988,0.389725726379504,0.44432104236696,-0.0385126960668751,-0.196842524077857,0.0729377465465504,-0.104716361402052,0.032017252500173,-0.282281224161794,-0.187666512276617,-0.14700131172521,0.135994181967116,-0.263020875093375,-0.228731805827973,0.345069976487203,-0.164427630556692,-0.0245598998032676,-0.365011843170655,-0.440219671188882,-0.23056737858868,0.205086884191276,-0.110109923245766,-0.184871229251044,-0.472204138715496,0.0778019774738178,-0.343894279477556,-0.271688644859465,-0.183873499519539,-0.144782289276221,-0.50330851438878,0.0902935640317318,-0.200594361262836,-0.174514711408827,-0.290509042243284,-0.108454375956231,-0.379074060991042,-0.453265009005087,0.0651536251626864,-0.0834758756925484,-0.0629457453825224,0.247638255066412,0.404269982148269,0.646189205993993,-0.0972830446465709,0.0793232875769183,0.405773178762539,0.657907496949902,0.467139894685554,0.0268599811136112,0.717909954176588,0.54536921425831,0.0166077434763347,-0.0768070260193298,-0.0304656602362221,0.359380582729317,0.143279660882774,0.172177144297404,-0.194995026893489,0.188219167710829,-0.0219997191400336,0.287302507199376,0.0551930058297371,0.167817806184754,0.171790922947021,0.0543210111385046,0.0880883362243754,-0.00691091942999161,-0.0679507974515203,0.124347790873257,0.285657572766842,0.222936245532608,0.0557328224125098,-0.0829754389074763,-0.166978882710469,-0.0591018332595449,0.527152624186812,0.276165988363156,0.386657625232732,-0.0514676235546225,0.288100643092954,0.569440409926865,0.394654529247877,0.0722193159525986,0.279499918540984,0.455537965437996,0.503124674084278,0.4770320587472,0.479246892409898,0.451878793853311,0.491919326552974,0.107085453965396,-0.0930858217943941,0.174869319505784,-0.418141335910462,-0.170901088248422,0.134810748381206,-0.113746096204737,0.169677277131905,-0.339390587505549,-0.0303349773988079,0.461032577965974,-0.0473605165430209,0.0412037843004153,0.346943919345738,-0.276403323997751,0.075420382317766,-0.1492643702616,-0.431765412514862,-0.359099888690525,-0.441447957156087,-0.372487144672886,-0.348579224991079,0.014292809229515,-0.0501650633143567,-0.209559881754607,-0.0903921822942695,-0.545543353228342,-0.559493333836314,-0.171707409004692,-0.133436268285261,-0.396104590704781,0.246023461107454
