1,0.721160970759248,0.48843843135281,0.544108153451131,0.402031051057987,0.323673271856682,0.181518766715006,0.494079588919376,0.336253427876869,0.588672959495065,0.47144052855872,0.533237954355428,0.608135335174327,0.0764034375951358,0.153629893461019,0.269146129356025,-0.0549758421479753,0.339244456943473,-0.0227382829757269,0.04884045377342,0.205216892282207,0.236811325011696,0.346319071451117,0.31984979668861,0.302283042879255,0.0534697848888866,-0.444365181786191,0.245211253705354,0.0990752055528084,0.360775789923356,0.0069077342086329,0.0511563661817916,0.384271065484226,0.33414266486176,0.0964828529829893,-0.177518004618523,0.435324401468278,0.104025877525568,0.0188493014393725,-0.024446438259247,0.205117024693143,0.0925616766250652,-0.0358993265088945,0.149094930218794,0.202186991301703,0.259435804521731,0.177816050870835,0.153389702113734,-0.262866607920133,-0.128521343034445,-0.360585762806572,0.133637727806878,-0.202156284217884,0.265792708410201,0.0232531981111668,-0.306653518532687,0.0233387948168607,0.0837831344722608,-0.0063763109823183,-0.206272685592244,-0.0684626101125941,0.254708355896102,0.111614005764838,0.330557123628457,0.129386148688793,0.103233570378094,-0.0385516282984315,0.132674783100716,-0.0085186232636541,0.0505635632469158,-0.269893984746143,0.112972289896879,0.164568897850972,0.206539177897767,-0.233699600843194,0.0217230796036967,0.0081172853903622,0.163286342332748,0.0255166250591614,-0.0375302086691059,0.0597745640450857,0.0841044976144391,0.687077630404963,0.548867099215591,0.697791389032177,0.62817235862112,0.423667473910374,0.372203656285556,0.502343614693041,0.383012535098076,0.463829867279812,0.407090095738787,0.57411932898724,0.601959919607533,-0.0054299237154022,0.293833765279599,0.27478222395762,0.233481355293001,-0.0439833422287914,0.0944696078249582,0.0041898939549981,0.199207656336356,0.290823139412231,0.0101957056122221,0.308126869458613,0.284344534092121,0.348074416785843,0.365482956695323,0.337314424778657,0.144301009281101,0.270205965986491,0.216774451503579,0.178276884859647,0.157965096762438,-0.195039493081127,0.47488413860849,0.360681991065946,0.300548670602965,0.336434594518722,-0.0713158083179141,0.0460352503304369,0.382484934325912,0.573714463302429,0.0882106927502984,0.295828526994123,0.14058755451438,0.133398656881134,0.180558772450047,0.111775799109876,0.123777782742562,0.263938742758181,0.0862578300012705,-0.0054378972188174,-0.414426961931851,-0.223962951954574,0.0385908430007096,-0.331602277433891,-0.117939098460728,-0.190307621562743,-0.266122878993551,0.21233892961157,-0.0302629572720002,-0.179011717563836,0.0757611878850921,-0.0699518900278146,-0.123333770968484,0.0684310896713327,0.114163974124162,-0.0533315614379316,0.0707646831694363,-0.134134148713638,0.0887984597590039,-0.0295405396677695,0.467695884511115,0.0834141620327007,0.310221198065598,-0.0671395916143829,-0.0090365130625507,0.119718433947915,-0.0884164994555418,0.0468554635350334,-0.0030168895487683,0.054926386213581,-0.0684314016774801,0.0989301372256258
0.721160970759248,1,0.698680148354117,0.730249944776041,0.322707056485816,0.589535586826126,0.228294196269345,0.717890258134035,0.403720027501468,0.808835722324315,0.364416171865176,0.71254532336731,0.808161497798242,0.13446848362334,0.306480113009244,0.307610699490769,0.143363933571346,0.331022794530089,0.277032165724123,0.281146459826069,0.209763238180606,0.200264371341566,0.403807054825516,0.355976861578848,0.408805114791672,0.108595295221933,-0.642765094546021,0.113738134809625,0.132450945032164,0.328853603974519,-0.0879267057012593,0.035781935382134,0.50035399678456,0.358880810927174,0.0900886869615337,-0.206183004079654,0.512924132364636,0.199136929339585,0.111463980392454,-0.0149583361154586,0.188550848300506,0.216745770079639,0.106556461817784,0.184998533383421,0.239300710012462,0.152759398747595,0.369803128606665,0.0736642010032289,-0.256342132230639,-0.214659847596707,-0.287529960657707,0.0425009544293468,-0.17595174261268,0.285931620209867,0.0937641247875093,-0.356985070108022,0.178358331169733,-0.128072349031276,-0.0762836679732427,-0.276700647511486,-0.0008595904241641,0.28444095347786,0.198665458865616,0.425996369124652,0.236337101120116,0.270240772120998,-0.0727705658162845,0.179167831584085,-0.111094095145002,0.299154772106285,-0.14287123315931,-0.0431493401148414,0.108074607055168,0.0534197178274357,-0.106196883898024,0.135770765854853,-0.117848499658993,-0.270732524654412,-0.109153168378735,-0.113317373713601,0.0721870332288814,-0.28598537334513,0.652670886955504,0.263379788024919,0.822311447948293,0.82463352073246,0.520953262491277,0.630866722114984,0.363883339994901,0.511109399461966,0.286437032647402,0.528570293895147,0.574304072291145,0.395276333254349,0.102311581129124,0.261707944121624,0.314116796885214,0.220781279014197,0.208021252854041,0.125973323100528,0.170262624891776,0.269556917694702,0.30857097803836,0.0404237125081283,0.34786779493193,0.238968567488827,0.378177117839442,0.303039699576751,0.386994047429633,0.255508271528194,0.342161415396583,0.457167857871816,0.187829896714715,0.2705792905732,-0.124062666074541,0.458495783235351,0.274420141544145,0.406982115508579,0.244901834901881,0.0496891750598882,0.117601329144761,0.314369116632728,0.472104767925799,0.17813835258126,0.283879345955579,0.130441259862534,0.185711083475825,0.191569504391413,0.274865786063776,0.166064732212407,0.22511235621193,0.228764644045519,0.0051435742300031,-0.346385743466655,-0.178016058030716,0.029820284883244,-0.296026569202769,-0.0386931984061548,-0.0198786677469805,-0.292527778669349,0.367014275014253,0.0936565461638796,-0.1224710250074,-0.110428046436861,-0.137650767149033,-0.230501339943588,0.0925458845471393,0.231781178219185,-0.168005167628428,0.002868017540024,-0.149391447720356,0.0226299142564531,-0.0837907509903709,0.313298555498011,0.0850073209150554,0.259536249061287,-0.0177506999129825,-0.140520201658395,0.030760236911841,-0.0627919622570796,-0.0443192580201616,0.0129814321597639,-0.39846667866858,-0.179180971335733,0.0819245058272805
0.48843843135281,0.698680148354117,1,0.613094055625358,0.142205541767067,0.38775322650701,0.58512490166084,0.816575300771008,0.141435961357444,0.799967320828508,0.311639330311054,0.620300986450889,0.609254322470099,0.206111775171693,0.289492889171082,0.396526195626138,0.228197474026446,0.32522178462886,0.254625757392479,0.106290494284867,0.220067497965811,0.151013860035868,0.43703512933192,0.382650828267774,0.487795042536305,0.240312376955733,-0.351231614251982,0.193369814753845,0.267680844436839,0.303197989341647,0.0624292898489528,0.229725209157845,0.657198255710736,0.352927685461032,0.191369072332121,-0.0545688366322901,0.48218824388759,0.366567854292168,0.381418614676116,0.109828278476412,0.2866748052108,0.345126309870389,0.365484306751958,0.471831934326797,0.384216033842564,0.359859063453292,0.421559958286219,-0.041681984763101,-0.152926533989533,-0.265896520927087,-0.143285953975655,0.162406010154313,-0.0766427833245512,0.411336316016117,0.335847103163784,-0.277582877264531,0.107983204230375,-0.0096097143549823,-0.0978326973803862,0.0238427865195071,-0.132524785975203,0.196641648549316,0.141068044762816,0.4847550812469,0.486191249855393,0.265351725612039,-0.114504309011827,-0.0709087559463308,-0.0886554183579734,0.386167461470488,0.0852845775108815,-0.0523466414956052,0.122644768380849,0.100016629224193,-0.0830682109382408,0.112215585789411,-0.0326828320478529,-0.20849445863951,-0.0793055815380076,-0.130337052363661,0.0795574689086039,-0.229391188722876,0.59018309535488,0.302409949728619,0.74130242438415,0.709923275318468,0.780649170785201,0.614004229665451,0.165265456575963,0.370757100482811,0.19894242460638,0.714682887757431,0.605016715930793,0.464623067337334,0.165839882133971,0.278981504923622,0.296566419740396,0.248102667524587,0.341157709316151,0.131570123951225,0.135376547492127,0.272309789802784,0.331018069108948,0.0114492269277813,0.38409762449076,0.330480162918457,0.550815703344813,0.442586065265903,0.39714984932443,0.496734259958354,0.575819639978856,0.618749232871363,0.429173699508211,0.280463810064926,-0.03417008073707,0.437660694488142,0.179586310731993,0.514337432024907,0.130689321932972,-0.0273154171050591,0.108355847334106,0.37171423384651,0.352965919721731,0.336345181843759,0.296143007001629,0.211513485773504,0.2510890300051,0.272888234664121,0.344860024989421,0.281805345668125,0.445850497736539,0.375489630857051,0.225640680832154,-0.374733054192601,-0.284954369354308,-0.185103199242511,-0.312109648952246,-0.0125655248927041,-0.0688692207312052,-0.378478633546115,0.490330950005418,-0.0435370487244596,-0.306366924529935,-0.0887318171842109,-0.275688450308185,-0.351568909769185,0.1193326571093,0.0740688268400189,-0.177484281518245,-0.0246959637523201,-0.260306436591601,-0.107477410207038,-0.197771419577609,0.2115151181138,-0.141134946496173,0.45221573550091,-0.0378076947316276,-0.188775288247712,-0.0145351536959453,-0.224480038922309,-0.0175368414731504,-0.057444892329808,-0.365694902225738,-0.289048741193662,0.0702694424046229
0.544108153451131,0.730249944776041,0.613094055625358,1,0.419248051650335,0.573566425546268,0.199398717331509,0.597901415481876,0.558085763288329,0.670086776400268,0.472464879346566,0.699859578861636,0.612421563457664,0.187948053323549,0.447876015849601,0.521467338040582,0.359550025583059,0.567678405045839,0.340940840012002,0.315640306320739,0.379868767930291,0.477354093482228,0.591613820381029,0.485529553238743,0.372718530079944,0.0608636544932057,-0.518248154794543,0.0719668374040814,0.390593005556777,0.45213959826417,0.0120712245405489,-0.144072393085427,0.557712489955542,0.364501006829964,0.135120054749382,0.0267116929898959,0.544014251458925,0.395467688875664,0.0691894077442366,0.17500701833835,0.259142825464634,0.434550063170606,0.246978834305446,0.119009604251713,0.360064553037728,0.0209219970824708,0.43955022005146,0.0158264082011226,-0.257358362601362,-0.17200987803185,-0.0715129472942666,0.164207051753183,-0.0431585231804527,0.119300378007547,0.179795233433742,-0.172827706790906,0.195965401574965,-0.192815791671189,-0.103219719697571,-0.0433959826415733,0.0687614085118182,0.403737559284564,0.328099308554288,0.607820783075526,0.192171811812952,0.164912290754412,-0.0267552017121329,0.116494073882239,-0.0224528272925767,0.339977431847038,0.0056414299766264,0.0955733522611189,0.146660809626707,0.228885602647373,-0.0667083278221005,0.095125223395093,-0.0545871851194958,-0.194208313883254,-0.093047401114312,-0.0471947172429284,-0.0297737753384337,-0.205533841768869,0.438824782549761,0.0642384708086393,0.721697237298906,0.797368558259206,0.548586781136326,0.591798158327174,0.454942496382769,0.680341360113611,0.491830202288016,0.57112398028506,0.705526219950051,0.323118209416191,0.145649159305459,0.349473154330878,0.456340133971772,0.332408129029947,0.348874966489908,0.250044979904567,0.309948611017069,0.201383580613623,0.534641818579957,0.0757896167512864,0.508907535926004,0.326428705003643,0.533057522109135,0.469629978911485,0.356187850143527,0.249527623874387,0.366608000213262,0.425087015967825,0.19786098293393,0.430578106054082,0.0576842888027334,0.525778663401378,0.32298539553369,0.587730928672171,0.116541335982463,0.0245495659939105,0.134207291909571,0.262162752995701,0.367728318985518,0.255242338015032,0.302320892419521,0.216488985879468,0.295489140944472,0.0594924476780315,0.313836430961271,0.289982537967975,0.186419608849289,0.150539977677381,-0.118018956940788,-0.235057459533929,-0.0910236889406663,0.0801904298923192,-0.0939932645033199,-0.125798873124748,0.0042913841923222,-0.132919686056016,0.209524998024857,-0.010027015637384,-0.247370901519155,-0.109947265504632,-0.230964868844009,-0.0892177834215891,0.141311383942229,-0.0512797639777089,-0.145823675857937,-0.10887305954869,-0.17655555807794,0.143443583288904,0.0301890497431263,0.219085674378756,-0.0861439262978837,0.27779925856165,-0.175015996414542,0.0845410129816147,0.0582152854758699,-0.135281787332341,-0.129948374826262,-0.111690834168405,-0.295782018032717,-0.202595571986039,-0.0136571139184553
0.402031051057987,0.322707056485816,0.142205541767067,0.419248051650335,1,0.338914424242101,-0.156984736216312,0.172127949619499,0.480070748482356,0.287766099023946,0.491468632722441,0.474150961002336,0.318679802475733,0.211721024850321,0.363352429431212,0.359165270173449,0.175319913884399,0.253230047096715,0.13248065947292,0.308973078591356,0.221188679663745,0.305113249976476,0.167786536636103,0.263681069624511,0.151313552929511,-0.0614335796219718,-0.314713374651025,-0.118884926184962,0.100548997384495,0.370627755216059,-0.0792362417850108,-0.255593651659645,0.143949178663668,0.176133600371714,0.114315565956132,0.0999553668656253,0.299747573010639,0.105008902862244,-0.202745679253128,-0.0023351838800997,0.145432332784696,0.125293113147482,0.0065541654611121,0.0132381005180303,0.248756430726001,-0.162584284460495,0.249141446692941,0.0822656982546492,-0.308738244378388,-0.0225335895884241,-0.138762562871438,0.274167333588681,0.0121211896888902,0.0424944172798584,0.170418136120787,-0.0506544666474881,0.113601469552825,0.117500043562316,0.0241578950865489,-0.226906701055709,0.0683321516396329,0.378609399012974,0.222938299214559,0.457593005746379,-0.0696228401886245,-0.0941798182481081,0.058194206727482,0.0093977570986468,0.215965169777189,0.111646331772731,-0.0934133063786292,0.206054894195287,0.251347611900799,0.275578160035121,-0.162502825924934,-0.06859875115615,0.0602831913141397,0.171492160177811,0.126395821563972,0.130953442497144,0.0421503771990431,0.106964523832265,0.377274039058963,0.208303288817873,0.329430407603429,0.392845607774602,0.19478601962056,0.0916230538094091,0.660525946365735,0.48909027452882,0.510806117658964,0.218715234786553,0.470922825875234,0.145351800113764,0.133873767625308,0.215909353218521,0.326282718276005,0.209717763652503,0.0566260325450808,0.111587404528732,0.251916186003722,-0.198086194002708,0.250219067398946,0.092195262270324,0.19766140464559,0.0138459701746111,0.0874974044104292,0.182752624436747,-0.017410236435257,0.016674978701723,0.117570538345525,0.0396984280691878,-0.17560546735888,0.193778179680431,-0.0361295939787184,0.293059815956318,0.200232195946368,0.279277270647701,0.11463604742464,-0.179707108910108,0.0196054776083288,0.188581023220611,0.337591704113742,-0.020221846876542,0.217235017572385,-0.0448305370831878,0.0412612142319919,-0.0806548787800779,0.0387924646472815,0.0203697696540946,-0.0960314190727922,-0.118424564633494,-0.260836976077633,-0.255570969004519,0.0220653800244357,-0.0216748558895746,-0.0449469332434571,-0.201674996152661,-0.142608504255053,0.0119827066320185,-0.0502842884508134,-0.110548170602666,-0.151359579362594,0.147400858533006,0.0768794579693366,0.0852761438059159,0.0513562412306412,-0.160151364013278,0.0444777173689178,-0.128300284009186,-0.105229380686046,0.112726722414599,0.267166168668172,0.176113229893738,-0.0794091675258762,0.145976255815296,-0.119042417656564,0.206599973148116,0.126503194109478,-0.0443577631094911,-0.166433592170453,-0.0770351401549927,0.0808441615797471,0.106801286768328,-0.0108037475835045
0.323673271856682,0.589535586826126,0.38775322650701,0.573566425546268,0.338914424242101,1,-0.0690785991741962,0.416469087917614,0.713650788778941,0.449845942191281,0.193808639205052,0.612109690137256,0.433878320584764,-0.203181799688228,0.0745806943048967,0.197192678913104,-0.0131708742982634,0.232620566456914,0.146626387371168,0.372845964504109,0.301504857102411,0.320496344819878,0.232726214898476,0.318655308691162,0.176162794256625,-0.0082992764628808,-0.404980292125356,-0.104743979295707,0.161552841152561,0.346021227388867,-0.147512319776172,-0.202079067501501,0.293785471624881,0.241528970418414,0.220074032179888,0.181676709832704,0.16298110350924,0.0623745064134717,-0.134542152062461,-0.101022249853343,0.0041024006534111,0.220153582054211,0.181361236726433,-0.0497356965913322,0.0848101711635248,-0.159578217085341,0.356003415924566,-0.188780812975994,-0.313252056873241,-0.0201327823121876,-0.108427517361349,0.0689857579568402,0.12869776841831,-0.017889904665743,0.0484211502634437,0.0183709468948628,0.335636279859766,-0.235162882449597,-0.236102520294623,-0.180179384873872,0.0320093363724232,0.246797954580744,0.152090387911173,0.347845414021742,-0.0224275856662198,0.0184599305985104,0.0994610919432384,0.149086664473172,0.152360150641366,0.321818533551735,0.073438024862391,0.0233053929923088,0.273730883994245,-0.0953264125352843,-0.024454700848244,0.113543110003928,0.0854241700070704,-0.0973282642970649,0.0404456799905637,0.0427400170477462,0.09706553336847,-0.092987172301427,0.236582407419681,-0.0096559473930234,0.394358433802447,0.48430973110845,0.226039549433619,0.470026287107646,0.337068310257949,0.80470534072532,0.477903351778614,0.288678553028964,0.400461247505488,-0.0047991858080815,-0.237941046992962,-0.187915454886714,0.180184751608921,-0.151355559776108,-0.0072370729891231,0.0632364206066012,0.169706890450152,-0.0766841958153941,0.173005115344012,0.0053973540150452,0.204275803253938,0.0190296741365413,0.0961516183591455,-0.0090820560259845,0.053600054878,-0.0229237825501296,0.0896892510029143,0.0947927893349983,-0.192177479239254,0.205898841980443,-0.0746603387586727,0.198236261178518,0.115778391565391,0.141209536907933,0.0132624264706691,-0.0570708397376277,0.0551598724599447,-0.139247136311632,-0.101300911085459,-0.0526507458295496,0.234333295613084,-0.0544049361394737,-0.124914603455277,-0.0245326483952181,0.0958721766238993,0.0241435770463109,-0.126433760892582,-0.0104599994590109,-0.226412659504662,-0.256228572873558,0.0276944790512866,0.01958986481485,-0.0198005766515466,-0.251941522123289,-0.0691881531759909,0.129977127348707,-0.132145725136335,-0.0411714549385084,-0.0882607914006228,-0.196002499549432,-0.258539469590448,-0.0168998702285536,-0.10001889705069,-0.0870367730290547,0.0662579350375541,-0.262329872848451,-0.0900426442971258,-0.166003078630168,0.133794288058206,-0.197862006367772,-0.223057780447,-0.155301980216831,-0.0378928920896695,-0.0605633656962865,-0.162640017020522,-0.0458770337937511,-0.270956540534896,-0.0178823845666375,-0.18878229146991,0.0165377366037011,-0.175115004921271
0.181518766715006,0.228294196269345,0.58512490166084,0.199398717331509,-0.156984736216312,-0.0690785991741962,1,0.484195344889312,-0.333687403232009,0.411470211323617,0.102398620841829,0.209951121204435,0.171798775005362,0.201146373939125,0.0850437096843938,0.163603897255426,0.178277619056786,0.195451928543708,-0.0664343064735535,-0.467414836593695,0.0956085480622625,-0.203524559045255,0.198654422433411,0.0500003365773745,0.0945248614168483,0.475725904883573,-0.0012460470649762,0.0829826743284,0.29589205124733,0.0206742319625833,-0.0131594677865995,0.315319808078265,0.446632585444749,-0.153244995561294,-0.0743771363728315,-0.207905553228177,0.258889450496741,0.561673400241224,0.617217129753191,0.431974160603634,0.160008885451512,0.290596670060379,0.300391648813702,0.492730427405079,0.095599877302265,0.637412804954371,-0.10631238711892,0.0841689299022137,0.0688088806117024,-0.362666333204333,-0.0603541777860298,0.256785537341788,-0.204068589504501,0.365828397329639,0.226357290349189,-0.373396672222929,-0.404677300733522,0.161010544463913,0.151910474855757,0.379363123455721,0.0094558552285039,-0.0852504296414013,-0.0457598293206329,-0.0143757901204641,0.754317083912846,0.196668382870205,-0.135563478310319,-0.207565098559715,-0.135966873965669,0.052262790877071,0.0497302856146383,-0.0434747326406652,-0.0801253076904257,0.0392107628954067,-0.0891148382677077,-0.0429737121320336,-0.0995694147683919,0.0284098996544548,0.0183010940315641,-0.0707651753218771,0.0479946266125923,-0.068937562539219,0.208621533150825,0.15267726130132,0.378175270924683,0.273763611901528,0.606942893934565,0.358598923325337,-0.16720533858212,-0.158407982674561,-0.0278305240228215,0.488516139991651,0.31363943793662,0.248556149685892,0.26471782405174,0.243525090946135,0.036478365393087,0.275600039594813,0.351435826627856,0.0486914250144143,-0.223139838116028,0.424070795445737,0.226590292390055,-0.278233163651797,0.0397676069421304,0.0513427036736638,0.500197690924289,0.369775070326888,0.164243408793502,0.31035935734712,0.241076836840409,0.423675862041517,0.821432782643882,0.186286728163458,-0.0012820387003776,0.104339086802033,-0.098784911989577,0.0189139403933713,-0.170546840402123,-0.121849977663959,0.0235160729383097,0.287446564868718,0.262459784892737,0.574444325276964,-0.14102656838874,0.309200829710063,0.44060841642935,0.25150535860697,0.268760324432291,0.224233972844701,0.69966286511772,0.218139432467643,0.505698732326666,-0.128643785307529,-0.362464844579624,-0.159459461362995,-0.214900564725238,0.170305010666213,0.0445613657757325,-0.531955861082005,0.52066224646969,-0.0583784515002473,-0.230941690285857,0.127961766360744,-0.0190761494817484,-0.232248221002812,0.0996258721766173,0.101226998306034,-0.136882930851994,0.24684196370261,-0.076429019566553,0.0855669631437029,-0.313833122707132,0.220628048670917,0.0567488891863633,0.195272608872467,0.091662874106736,0.0121363371363179,0.14778550022638,-0.0815099221169115,0.186764890251624,0.0289048667838073,-0.0773439699493189,-0.209656089032005,0.151483709765467
0.494079588919376,0.717890258134035,0.816575300771008,0.597901415481876,0.172127949619499,0.416469087917614,0.484195344889312,1,0.122992973275629,0.904216055140558,0.220438642249295,0.698029812776229,0.763000869459933,0.220041398444261,0.332389035072244,0.386688267809377,0.234718664566706,0.278981112178075,0.256147695627992,0.164993804478466,0.17201281718413,0.143724608620603,0.37145335942868,0.368732265568227,0.558476176971962,-0.0601140216875702,-0.620814338914424,0.0289684131237775,0.139255166778913,0.152212708584524,-0.161478364556148,0.0958182692527115,0.654566903049033,0.346126087771641,0.0713438369920349,-0.275285015314504,0.514725258223199,0.241774695999503,0.302811173786576,0.168489998722094,0.369938741591079,0.331201335152815,0.288425676734698,0.442687596353055,0.459158044789093,0.287697663108948,0.488296468990739,0.126570694666031,-0.369423736961538,-0.53407273002739,-0.446058908381658,0.1971093934166,-0.264961216337126,0.371131908365041,0.172034001103301,-0.480188294480223,-0.0642853023624366,-0.229909192181349,-0.308991514394154,-0.0808627687027374,-0.258005323135585,0.163703398805517,-0.0621105122733596,0.416156411395422,0.25268480477033,0.031606802476406,-0.243739541609727,-0.0518450514982836,-0.0207320829583204,0.312407793577987,-0.126171388468006,0.0628236033503211,0.208281334552638,0.137680946346134,-0.214300869474921,-0.0811404102211081,-0.0615686623078547,-0.229658597137607,-0.133964599810201,-0.17185163639016,-0.109828826897936,-0.207215387816392,0.485681876552708,0.234249973896911,0.833540988043058,0.797214353799744,0.817637895058719,0.655423045968692,0.242282003513492,0.337417049162668,0.246725631426398,0.839429104359871,0.621148701064809,0.550621683282097,-0.0599684156885752,0.290181976709738,0.23472880799071,0.19591604748029,0.323792096963893,0.07836048388679,0.157286849969689,0.319679539761206,0.392230340147942,0.228298577352427,0.326911316419626,0.393417330202287,0.554427526798259,0.558895514958388,0.408576467128184,0.581389708788418,0.606831007086764,0.52254976437337,0.262241408998992,0.249890810936179,-0.203811260840407,0.465357504810049,0.0944400749628717,0.479536927167969,0.224156413750717,-0.0987836955571633,0.106069336341504,0.263629595419131,0.349957375159177,0.254300605833987,0.374163026909792,0.243217175326288,0.300658911446307,0.378294024535867,0.479223622065171,0.352573920597703,0.291795021236713,0.517509567023529,0.177969566647713,-0.494291654691777,-0.450799351482481,-0.14575630377265,-0.387615178697628,-0.135777992640667,-0.163323619854322,-0.46215126336737,0.509406736039685,-0.159260331552299,-0.46826322625258,-0.260352970649941,-0.455168944988218,-0.380521558687699,0.151583155752831,0.0895151572287038,-0.246592773432119,-0.164612127015775,-0.41081596852418,-0.0966805984758946,-0.172550855893905,0.231295040779679,-0.228238334326114,0.466989273442306,-0.0880597498185328,-0.123133572486967,0.0755424207520977,-0.274574736797044,-0.0769056070155068,-0.0566558149696097,-0.467938179161215,-0.320522748723651,-0.0886973526344969
0.336253427876869,0.403720027501468,0.141435961357444,0.558085763288329,0.480070748482356,0.713650788778941,-0.333687403232009,0.122992973275629,1,0.169193968174654,0.434007540003144,0.637007465085752,0.371276953200398,-0.0308117034894924,0.135056545886105,0.2483442813964,0.106584124292329,0.296222060173433,0.0967477547445671,0.567349878042765,0.337055371389836,0.549268598665931,0.223367396084224,0.428638213387994,0.176215501395626,-0.125573225578318,-0.370094424314597,0.0760044506839571,0.275487573035943,0.434491761396811,0.176609196601002,-0.219206385001193,0.193445630764705,0.499906266376937,0.314183438082987,0.450918436724258,0.190484595363989,0.128480596746822,-0.197985653041821,-0.0697851814757067,0.219818218345059,0.161723736455581,0.216668598139432,-0.0822214822667501,0.284132941709748,-0.279019508158286,0.480985688495237,-0.0329358751954657,-0.311330085457254,0.139287222319918,0.0661228832137478,-0.128794176511062,0.103480587530452,-0.108482901276999,0.174792867352926,0.288660970737857,0.483359293124288,-0.10034768490543,-0.144993837476378,-0.30015435083523,-0.121899477847633,0.181587824895822,0.136524124551975,0.324355489918342,-0.196675214902204,-0.10315390880429,-0.0658587233488525,0.242737983196918,-0.0647396171966139,0.259282375049527,0.0254213520018362,-0.122175714608864,0.0955367155116445,0.0433872542785198,-0.10449738175548,-0.0235357576237357,-0.0417995694819269,-0.0768198161063732,-0.150514106654444,-0.15482292464895,-0.0374530599163626,-0.0952100638779614,0.172808270804046,-0.105372673365518,0.276721811822395,0.474947682754506,0.0752316287802817,0.267069321574886,0.512583081742235,0.869602976178091,0.667460857793157,0.0770222538639103,0.453007353501538,0.0266783102430576,-0.0839696559366253,-0.0941477971901318,0.329836425972291,-0.0007156736444829,0.0364736993074136,0.187647708156064,0.138720623404282,-0.072217806447018,0.246915984491653,0.194851940063791,0.413374044995822,0.138598818480089,0.0600869267780216,0.0785524203927355,0.0626531645071604,-0.0434238653198464,0.0747346267067435,-0.077882631388929,-0.339946284537539,0.259171634989325,0.177501068216929,0.301229873626366,0.411605195273432,0.339534827620972,0.255367754314102,0.011932219305566,0.213369284096064,-0.0092557290984967,0.0632736676879571,-0.0403260552684794,0.34653132104294,0.0355332415037215,-0.0018382450378005,0.0165124755336271,0.101230441956844,0.0830473589438064,-0.211330258118975,-0.0057547301214513,-0.271637264154914,-0.120960207638003,0.115948015029361,0.238837615255334,-0.0276202656223137,-0.303948494091121,-0.0445361931486971,0.377195801379454,-0.227887606153489,-0.0468720696594959,-0.0138462535033764,-0.0614858198632569,-0.205608755620499,0.0025766904995963,0.0237609413033441,-0.156800416618794,-0.0844538153304337,-0.209271954580546,-0.147123407877094,0.020052203069736,0.0992996968392367,0.0046174597714034,-0.138409594740349,-0.0865221470981488,-0.0821938702939904,-0.158913868870256,-0.212703693225188,-0.26854346575522,-0.454577046210327,-0.228889848195773,-0.0845370402479152,-0.0968555296525271,-0.155551548597917
0.588672959495065,0.808835722324315,0.799967320828508,0.670086776400268,0.287766099023946,0.449845942191281,0.411470211323617,0.904216055140558,0.169193968174654,1,0.322444819570503,0.71679968047623,0.824386776570181,0.162939508899654,0.33650616026755,0.321884249585838,0.177662178652092,0.278719406065629,0.290005445146619,0.175276769623843,0.104198111669882,0.101650684736518,0.345452653016877,0.285578402399432,0.466723912632307,-0.0345048087140186,-0.686373256537999,-0.0276879566384933,0.0637586268293217,0.161340866076345,-0.251610283642083,0.0226519879035977,0.545563434558922,0.260350554131987,0.0084581970563236,-0.275737194842062,0.544084684359521,0.159955110100581,0.131878580510824,0.04362822842129,0.216290722543416,0.24155042959468,0.133560155735655,0.297665700469784,0.349790800387303,0.188422339624079,0.396315439138761,0.0578243444926867,-0.357546173281893,-0.468969195573455,-0.442121816618445,0.24905399788224,-0.2536866935574,0.400237133775204,0.130037237503301,-0.518172972997915,-0.0091425824144185,-0.179173130639872,-0.16580852431174,-0.126873386380536,-0.040132889886116,0.273492326158964,0.0612486694640925,0.481586161941278,0.214029116599942,0.148971006985156,-0.130582232675094,0.0194780226667815,0.0422494202553244,0.282899731399849,-0.170914615450831,0.179246241230207,0.281034366285537,0.178979112743278,-0.221315416894681,0.0256394132473361,-0.0476419031041508,-0.198194641811222,-0.0723315495866194,-0.0460305626250919,-0.0171128525621906,-0.233976978834664,0.593872983149951,0.20416891107009,0.853840379295162,0.799083648526076,0.802059119560778,0.586184240349459,0.289531081282396,0.351577443577195,0.276747904320282,0.834883166693079,0.621648550929818,0.498539924952807,-0.0154224861951603,0.355362033064942,0.264860153718841,0.188123643700522,0.224806325856685,0.0344096526023447,0.2298376928996,0.258391097594287,0.37764041801846,0.147101154778705,0.300915491069486,0.384391795875851,0.501952949573508,0.520734159650107,0.374213343746183,0.470011194464395,0.520238695381483,0.580404222957992,0.282331069430585,0.237611162101167,-0.271052050946047,0.493628308146433,0.0896128827390678,0.454388041653779,0.153039348529382,-0.117799530942115,0.0218304631082747,0.319679454664502,0.466144214733422,0.17099781600387,0.329803557609793,0.140535427798109,0.179688442348093,0.174773885217219,0.29889340236482,0.206209439189563,0.213606702053899,0.3021988005528,-0.0098067361766645,-0.499343642465279,-0.35949821678,-0.135382440459086,-0.365831987528062,-0.129344803630049,-0.15412565108308,-0.452841687526848,0.382726928519398,-0.0949065046580179,-0.372641273532178,-0.191439803694443,-0.25075672568924,-0.282541643959297,0.133326080700937,0.0927279846115508,-0.189708090959184,-0.128573156054064,-0.299614249273242,-0.112434934936635,-0.0894707901358486,0.226431800362319,-0.123466903193621,0.388827009779361,-0.125068442979406,0.0252563116244452,0.168514300904155,-0.112339833965467,-0.0114366607941578,-0.0222317231617615,-0.437545419056642,-0.218021424947513,-0.0133980990861385
0.47144052855872,0.364416171865176,0.311639330311054,0.472464879346566,0.491468632722441,0.193808639205052,0.102398620841829,0.220438642249295,0.434007540003144,0.322444819570503,1,0.610055597644532,0.200610430529296,0.087206342388612,0.12959295649682,0.264175984881704,0.100146110275543,0.365991218327377,0.0699947067104059,0.130178276016938,0.267899060643109,0.469808200807082,0.299499331714084,0.344082431094071,0.325595319140966,0.158559305899038,-0.199064264519187,0.0769751368434033,0.25466392364422,0.460406443920625,0.257526049462552,0.408515812800701,0.269764599629803,0.254858044236814,0.409100903420001,0.12737009214877,0.0865080501399331,0.173324578640002,-0.190530470948104,-0.0751062052448468,0.134690410963678,0.148093654872556,0.0274523353975721,0.209131327267027,0.211826803827669,-0.0811037932860308,0.266467675983575,-0.0308261230305509,0.0200103502373586,0.228834410977181,0.156215020181743,-0.046887993707758,0.0277981530048913,0.319745688324264,0.367192467065522,0.0251503392944097,0.191715144541176,0.501509087322869,0.322545683768987,-0.164200501064149,0.12140559910006,0.332283783807082,0.365640652085409,0.434920595375684,0.0801706317145575,0.189784921548954,0.123272573381079,-0.094231483536734,-0.123354500171409,0.0079199053217242,-0.178645501629268,-0.0170828793015375,0.108040954992373,0.132881438780975,-0.221419601831909,0.117335720794716,0.0838558626575358,0.278817591796254,0.152691511622422,0.0256888016047854,0.331993371135894,0.0635485672484057,0.47887498559581,0.216631805017764,0.374548010370743,0.456795628795346,0.353937032126888,0.160652352665084,0.570547729608832,0.339389717053052,0.591106188488891,0.252308364068194,0.661717431500346,0.29243411942956,0.111010704711685,0.230582361421866,0.414370362572467,0.108673957835354,0.088793066368623,0.122387549514611,0.122410017869648,-0.205098667239217,0.273032944811399,-0.191859405849143,0.440696361213714,0.291488229422397,0.137525064879334,0.325324818076207,0.190901495574284,0.244599855856009,0.31241848135597,0.379753694978003,0.181358481450694,0.178799208308051,0.137142365440773,0.265831080107982,0.327188642736094,0.347299891367853,0.0281944995690223,0.123385938767453,-0.136159797809013,0.123506963560135,0.288317031372473,-0.0027419285762491,0.0674369490336164,-0.0045948815435008,0.0308198496486433,-0.121803028318353,-0.0771538227646527,-0.0092360475014403,0.0977848313936269,-0.139687007627893,-0.0840022825473407,-0.152169118645395,0.187744616039815,0.0559392360864554,-0.269246404483992,0.0282383649894406,-0.103610401168634,-0.0563874765860064,0.0729128867043433,0.0575699126594107,-0.0485117930649833,0.489284081811902,0.176816497024404,-0.0956072667001665,-0.0497342262432669,-0.0847534202320681,0.173427973397759,0.225219258811661,0.0883202129988147,0.263228703014351,0.226948414770637,0.456857307787907,0.209271037710663,0.251603884015855,-0.26918173324081,-0.0773863743034253,-0.125087988360466,-0.131557035023382,0.0084518371772187,0.0473410401826707,0.222148153006961,0.131831095580181,0.483927342556963
0.533237954355428,0.71254532336731,0.620300986450889,0.699859578861636,0.474150961002336,0.612109690137256,0.209951121204435,0.698029812776229,0.637007465085752,0.71679968047623,0.610055597644532,1,0.716035976386145,0.14966866760379,0.177194199053661,0.337553811957997,0.152579480016746,0.311823289357174,0.0748061102901271,0.412349185257094,0.261613295009499,0.370346725942198,0.273817226027585,0.418304041718969,0.377762819067682,-0.0144302818314602,-0.684392193331361,0.0140857171537066,0.236559852818315,0.328209674367105,0.0449237653732291,0.0877538075262003,0.527607860135042,0.491503647403046,0.317152680475212,0.114503747918296,0.385710981950243,0.290669636316785,0.139721555874109,0.082562807035396,0.426585777375752,0.247306007702475,0.402042325919365,0.367755410662047,0.523177699980279,0.0307654564768679,0.618814376981401,0.0201039417214332,-0.319046885276336,-0.233366740482794,-0.16690682752162,-0.0252032009765969,-0.115230908672602,0.290182538121204,0.401847061413113,-0.107616550622373,0.282783877269977,0.0874659817503424,-0.0308538682321946,-0.240853303929805,-0.215751548782453,0.117694215072547,0.0837480392631778,0.475799107083687,0.178528501441217,0.0547105817004597,-0.23076686023369,0.116809295753488,-0.206143819295606,0.392223411817249,-0.0317969708817329,-0.118424063236101,0.103816669318036,0.167543932973174,-0.274090661987247,-0.118086555909698,-0.159897236801471,-0.181159052425412,-0.190190303256624,-0.254553549922078,-0.0309093333684775,-0.342796507598084,0.458191734759164,0.0365171863934723,0.74401377397661,0.841503110894193,0.628544182153255,0.483183536393287,0.430955316783299,0.670250330827377,0.605327532344327,0.592056644442667,0.731810343561895,0.29276690854957,-0.025743484978368,0.0723801354193884,0.2930667696762,0.118008264442236,0.260874915995804,0.0951151573318205,0.0510560556938105,0.121961003670102,0.327470275650119,0.139559135135429,0.421039241679591,0.295318782639969,0.320559485446794,0.401047328038058,0.172094423547202,0.335404841575534,0.377949033198734,0.323018150726872,0.0333664018658213,0.263446096884762,0.0272378206809598,0.385644768592236,0.336644856543975,0.479533577985875,0.249447492076006,-0.024378982962409,0.204010899200361,0.119959130771283,0.273633412458987,0.140204882632746,0.402594347355498,0.142917571261477,0.204006501714184,0.272413968978766,0.348862113637105,0.264230112094692,0.0646175940410216,0.322754254862752,0.0633513158147108,-0.326523085644321,-0.18253443946764,0.10302208690764,-0.359191183066644,-0.211913141933104,-0.0581104230473163,-0.0882566552406322,0.310533462096056,-0.0585004179473313,-0.250768844777754,0.0305268917416221,-0.26910845826719,-0.297416585844245,0.148214238981552,0.0254003974080397,-0.262519429957513,-0.0857822269998252,-0.296525733887565,-0.0772280359369638,-0.105523759729477,0.222933459134019,-0.0725467034417623,0.240777573004182,-0.0479437268065187,-0.240085587093396,-0.115460647235395,-0.369845428981709,-0.32743205757725,-0.247387650242404,-0.349313666424378,-0.285491296951971,-0.0094575342310056
0.608135335174327,0.808161497798242,0.609254322470099,0.612421563457664,0.318679802475733,0.433878320584764,0.171798775005362,0.763000869459933,0.371276953200398,0.824386776570181,0.200610430529296,0.716035976386145,1,0.0625578039785881,0.225503864072702,0.177816677128297,0.07276844107129,0.0844911832536145,0.140303375450171,0.343637405147182,-0.0176269161583501,0.0281370185081831,0.187182106816449,0.185658886231312,0.327199223615575,-0.152611859944384,-0.69783434119099,0.137158799905735,-0.0206371227103228,0.0787388741446845,-0.192611202246661,-0.0811698399370391,0.366426945820186,0.407824293004871,-0.0210697133904851,-0.186174211924985,0.536143015720623,0.068082555246606,0.10919689050634,-0.0450467441549474,0.313206352228016,0.0507802070246323,0.162015210711259,0.208852408236539,0.411654187708927,0.0708082170272471,0.441161778778831,0.0191039948597872,-0.384550790134867,-0.446064038206956,-0.467057261372524,0.119931600379428,-0.253555976652242,0.317436441894203,0.118362251115446,-0.357715410981525,0.134194159529725,-0.220694640486845,-0.206273985903244,-0.317220115616777,-0.197385505863029,0.0947803935907156,-0.0049379622666632,0.338139476545833,0.118205464772966,0.0878376437866697,-0.232550118247351,0.185015979286111,-0.0291834250904685,0.323704485045111,-0.132449086727817,0.0946256985159498,0.247225167917366,0.158350534681176,-0.155724236978912,-0.0234422613387656,-0.135648846220967,-0.254496663109391,-0.171506487062627,-0.151183492548338,-0.0913828873247451,-0.24502354773572,0.48898450681424,0.1020017198387,0.790891913608572,0.814274072427295,0.604292662247281,0.526658840121206,0.371995921452335,0.47356465797983,0.383116246199304,0.644466834008699,0.529483219616083,0.504226472784172,-0.0997949706517086,0.246920204001701,0.156704941318629,0.162826092454385,0.125635793485061,-0.0621208660881536,0.123164472734955,0.334015436711991,0.241098721265554,0.378515274225555,0.223094122259049,0.290555911083403,0.389980183921713,0.433319901038027,0.216841389433468,0.351647802466153,0.390570174817423,0.30055870078624,0.0552462396657213,0.126449631392614,-0.282266703180861,0.431653679972456,0.149990424910712,0.469087632112446,0.340064782878409,-0.162692647569295,0.171411906122651,0.339623177290541,0.507743194620289,0.114706996520594,0.449148782020863,0.0498260242428456,0.110821447146347,0.259785734551377,0.343242218320393,0.186966581231735,0.0849035832192309,0.391767751614748,-0.0071649698366628,-0.443373711242197,-0.422102819921007,-0.0643053118382049,-0.35823143678223,-0.232607493600864,-0.155071915762549,-0.288580816845274,0.314204229969558,-0.128154725653249,-0.324627279442999,-0.269906308624741,-0.261588628718,-0.36991591554682,0.126051383959841,0.165294140242082,-0.39098091996465,-0.204339795056908,-0.39808677420633,-0.178308345640484,-0.219542612131448,0.179080948917007,-0.147179789931489,0.301307651853188,-0.0580507066844393,-0.133612007847909,0.0302081514618475,-0.21115158435031,-0.1772180429993,-0.18426403263546,-0.472181441958995,-0.299403893524594,-0.177796065602804
