1,0.782949462139698,0.391800608435541,0.760854677387527,0.689902968358885,0.385424284737821,0.526377875229963,0.375655992775691,0.691334158331064,0.787661747894619,0.717995020759783,0.789197347939444,0.816597133119578,-0.265624592113045,-0.348019029754355,-0.3727560724276,-0.389677959539678,-0.418436068779803,-0.298169276805315,-0.239990353682218,-0.489042305188126,-0.473319795957128,-0.405768503477881,-0.30729316338724,-0.423004190795031,0.0080549842411595,-0.113398321147843,0.142339133946198,-0.295221534515518,0.0364830583658887,0.544938542583303,-0.0574543705676022,0.107644977324998,0.333798603359059,0.0776060764661333,-0.0410508031289037,-0.229628450296643,-0.418450739367479,-0.414657833787201,-0.524422026985287,-0.0683834806725671,-0.378536470069088,-0.479976262944615,-0.252603352231758,-0.431336376038361,-0.360091044255636,-0.447665752740751,-0.546898022882989,-0.360279208781276,-0.229063677998312,-0.281507543986522,-0.423481102117536,0.0563482204702019,0.216323810356962,-0.132072512883714,0.0070394056856289,-0.158897947595467,0.558252160971488,-0.379722105680753,-0.527065269520935,-0.310081778666817,-0.359635297648404,-0.273563514057147,-0.4378669181943,0.252349899215253,-0.0815917984664415,-0.061168504278381,-0.326232043819464,-0.359816833457004,-0.147244123136391,-0.255368749067655,-0.465126185219675,-0.340169030210615,-0.381001028373053,-0.30480620479994,0.0286853976527023,-0.0297385720346753,0.269279913465788,-0.149339717760792,-0.654089983998676,-0.270590991942089,0.499483362960433,0.166018825715237,0.879204066069457,0.852947515481034,0.817831513054259,0.643398319166897,0.215657414858354,0.64840779527735,0.680487192655572,0.644662742846981,0.765664349468027,0.70646085522459,0.72281708843856,-0.428025965248024,-0.243776024484173,-0.385140026777225,-0.195981473242943,-0.399019344058248,-0.143168411494585,-0.294052184139175,-0.356461855103143,-0.141862127733371,0.261318742218702,-0.535753445500825,-0.395313533095455,-0.450380679011877,0.134751020403468,-0.353500319529065,0.123358758680378,-0.519880656380564,0.0853213171005742,0.494546869236592,-0.224814074626748,-0.272169204422659,-0.147164099551575,0.3070518915207,0.284924562430116,0.507938344825863,-0.302191775044185,-0.221745660954095,-0.0256375408670421,-0.059268827225152,-0.303882129056236,-0.0112907080796455,-0.359181170564746,-0.480408136082059,0.0094665321053801,-0.34747444171198,-0.350537573617483,-0.208878960935132,-0.318205160948178,-0.198943518177982,-0.29016800641568,0.125438115800646,-0.256840772638647,-0.128550235010714,0.0373114848104293,-0.193577896961244,0.130687484550983,-0.18935091802251,-0.169737001000812,-0.110540603762567,0.148489760933058,-0.452320463483623,-0.559266100035806,-0.396804320930722,-0.347565893853458,0.466533104176274,0.0318626731312116,-0.333649719403434,-0.331232404322485,-0.302316523461976,-0.166568084245646,-0.235403564594849,-0.384754642566706,-0.134150847765778,-0.481576438687677,-0.316694781807721,-0.329698843051615,-0.335637229592484,-0.159193235673443,0.236420385924169,-0.320325584863929,-0.0407242809728364
0.782949462139698,1,0.459613199316964,0.65624825228976,0.613355124309104,0.593658339032066,0.433846010799513,0.631787080124253,0.634449421558147,0.804285066093878,0.539424451739214,0.763314860493864,0.920953072240202,-0.460005932566929,-0.592741789573889,-0.611037370592692,-0.5879757236282,-0.641486853071396,-0.458370607333514,-0.411617763676514,-0.641666227254605,-0.586404000351456,-0.580095946186214,-0.487338616794068,-0.617616876297207,0.0900099258178212,-0.0420868534465558,0.230994308888247,-0.469100228035798,-0.107651107367164,0.370159957310175,-0.10802363501346,-0.0381842854476629,0.243974428487974,0.140407597170039,-0.119392483181361,-0.398592403196537,-0.587258346376254,-0.53500758691975,-0.664832659404777,-0.274929287781112,-0.543612227389626,-0.657958109387268,-0.470978969817602,-0.672803038239117,-0.608415920469114,-0.583773938567674,-0.517987482809899,-0.265499803404244,-0.109185183979498,-0.365919929970608,-0.402712858365489,0.224938090082967,0.222899135071003,-0.121653409910677,0.107807672819233,0.0191018141633355,0.481835131203917,-0.507415849168685,-0.694072070760185,-0.371910290066143,-0.30852169174652,-0.259954960820092,-0.292766143327346,0.155696943234758,-0.360497712118089,0.144702293630974,-0.566708455239094,-0.2782922256292,-0.206886623129033,-0.259604926603535,-0.546579677599052,-0.373404989527481,-0.572976673732973,-0.345807549639034,0.191200635713838,0.0896485314015461,0.377114621327648,0.113569145236067,-0.515861482280163,-0.191578365495896,0.489177054398223,0.208044503473356,0.731503391359747,0.912691602096863,0.717843152425887,0.644191289314519,0.444698388883501,0.588977141725249,0.655094505459693,0.559523968232507,0.867150813147507,0.572813636039761,0.739301476890155,-0.597250867242521,-0.427848867516846,-0.523847712964801,-0.413218712317358,-0.564715034616148,-0.196848364928062,-0.445723203516217,-0.588664480553364,-0.209574155645239,0.106316792174099,-0.605325119045748,-0.302037176509243,-0.536740146065871,-0.0019526622500619,-0.539157271287093,-0.0136522415103632,-0.675119059130491,0.0772818191313352,0.384678892086408,-0.439278892814651,-0.481936734848796,-0.336244813136127,0.104488004371943,0.118557867193669,0.312414826728214,-0.353481430032143,-0.499077294957354,-0.0834277839615191,-0.384557388378859,-0.515941202163649,-0.246772479307242,-0.531364046047373,-0.637927205219567,-0.154583095185585,-0.615486458391986,-0.612630983206968,-0.460338653584427,-0.384983368243556,-0.438516592591128,-0.480557629068145,0.20069104466762,-0.425787618020233,0.0536885665652369,0.147353545889086,-0.330644815809927,0.0689981161288687,-0.370257563878042,-0.211004416388787,0.0431239534986806,0.134690498441887,-0.618710863270016,-0.684470746039528,-0.627546548079775,-0.31266951100579,0.590341143840971,-0.143618923465611,-0.0994807143739636,-0.311086090432613,-0.105007877951765,-0.205584977602091,-0.159042809808344,-0.31504749656385,-0.0695344619037467,-0.529113849692125,-0.498241927997967,-0.246849162494602,-0.23907255925218,0.0252465429238127,0.270541422246639,-0.12418680444689,0.0972121131159586
0.391800608435541,0.459613199316964,1,0.0976539241099185,0.300915108601467,-0.0564753770467332,0.545367644254308,0.324275402931217,0.0251458193532357,0.569835020028242,0.121221984944416,0.293366909896224,0.525373791735831,-0.262652824370871,-0.463492547696212,-0.38933471313616,-0.537167340000135,-0.425295879981137,-0.361504360918558,-0.423018660894879,-0.684146788695932,-0.33623273942525,-0.289445639308012,-0.388861373042529,-0.419622549710062,0.666104676697247,0.510998790953548,0.728529775742705,0.0320378305180336,0.187566862900289,0.655700330348317,-0.0775835282010532,0.0017901076987013,0.520621281414378,0.478161393979258,0.524646912988979,-0.289912388821305,-0.251072132666623,-0.345185320312639,-0.171764557351771,0.116957951830979,-0.215095500096831,-0.455233092798975,-0.537325112371357,-0.557484467873045,-0.405969968789747,-0.829636922841302,-0.529222191418378,-0.197959061870086,0.305831549274327,0.309185893942689,-0.0999805109926452,0.43239680688017,0.0929465498550742,0.340487603748943,0.260609000755329,0.339736154885234,0.253581893306856,-0.293663256620776,-0.217115670643124,-0.559406071535967,-0.392958386948026,-0.0913284161493508,-0.458872242859658,0.462357450330401,0.0254014669442926,0.0413804773171791,-0.536450066322374,-0.317704791610832,-0.337946184206057,-0.362609994572618,-0.672050344281518,-0.544028110249079,-0.540285665432397,-0.321460160230042,0.27986627848844,-0.0906148763437435,0.0108676466460711,-0.0314656237595664,-0.425961000188478,-0.169373572190577,0.570286052677692,0.560078170506061,0.539645883951965,0.389040275573073,0.23519355193629,0.719453403382095,-0.16330087773653,0.110357244441962,0.0961238754030086,0.0431190694397748,0.564878344499673,0.137748427823107,0.673346474696914,-0.527704825189065,-0.327522058850501,-0.311283924224225,-0.292670555807866,-0.485435057846013,-0.147176135562579,-0.396996170325148,-0.642451522629888,-0.0987935056471491,-0.199064314325203,-0.657380975810567,-0.12867628380538,-0.368738681593103,-0.249021096041183,-0.473206453642096,-0.138110610250069,-0.561067976812118,0.752228606693262,0.737713501847917,-0.0730432893105551,0.188787557543576,0.0877080601543001,0.496433234954444,0.360808480653434,0.475726774203245,-0.309571145674514,-0.0466058096674057,-0.0423809844262046,-0.378203635176599,-0.328383117589087,0.1891280732725,-0.374942334508683,-0.407291550549935,0.107126077902421,-0.370773064091017,-0.439353059648885,-0.251059794358059,-0.67876775472188,-0.0180925109477984,-0.0453922860442224,0.550979192744096,-0.355895140989507,0.266351868052646,0.342925757800258,0.187663677466968,0.578520413913572,-0.496620198051574,-0.158903329441087,0.459138798888404,0.0487224257262961,-0.488509754543847,-0.225120034433488,-0.538975623471937,-0.214928151267098,0.552409703831645,0.0533965644737266,-0.208017513262544,-0.581269982699652,-0.392830349490335,-0.211951051196654,-0.397987548412806,-0.491856642795098,-0.1588602933426,-0.616994882908673,-0.290576339231617,-0.568086762994095,-0.438027537107639,-0.142089700549898,0.0945935931329522,-0.251533805182148,-0.0192240919921467
0.760854677387527,0.65624825228976,0.0976539241099185,1,0.731131344057797,0.551300726149695,0.342803414772313,0.284327390421381,0.941221402758748,0.616376133757364,0.905178249397157,0.851624153768498,0.596632113952555,-0.261893605920105,-0.314860053495979,-0.357198968612961,-0.275575156681638,-0.314040885910164,-0.285401620447669,-0.197122637935297,-0.26229025111363,-0.444025877203073,-0.445365878934298,-0.202264569635862,-0.305017898867332,-0.245170975780664,-0.384681849713429,-0.187534901958738,-0.228687157477951,0.0279262552283779,0.281514123856858,0.136982790957171,-0.0749971707002632,0.0593292054747503,-0.179754484993599,-0.281104574016821,-0.307658348862446,-0.331087653759787,-0.377196537099679,-0.496508014248712,-0.130258191222118,-0.343700934446097,-0.34563305410514,-0.0580342200120962,-0.16371727983468,-0.185754707304102,-0.19466594757274,-0.38455933151905,-0.291715736658522,-0.400040488111442,-0.429913843109023,-0.52304329268659,-0.256145486013656,0.0680219636358572,-0.332974396170434,-0.225802700381714,-0.399921642871701,0.695568108973869,-0.0641917714672696,-0.432768471824043,0.0344898492547841,-0.0723741849151382,-0.148130232445078,-0.125262313058336,0.105582060030147,-0.160881726457853,-0.0948138284999036,-0.0626190385677736,-0.36035453932872,-0.0839584249158395,-0.163957574666245,-0.271113188746462,-0.149909292572433,-0.114719437814209,-0.283879127903606,-0.219574789251349,-0.170766642114565,0.437419573481779,-0.0645908444721958,-0.430119062392276,-0.0364831912555192,0.309685888524284,-0.0335807818304099,0.545661763843994,0.748982434029736,0.948049542706651,0.408946560892907,0.360030868334246,0.809038688764888,0.938515159022708,0.90955941780723,0.580457848020064,0.895808197370761,0.403099282252668,-0.323150574787427,-0.271746457097644,-0.350454896743939,-0.191285245195886,-0.186366195280684,-0.255482512137412,-0.210963281499393,-0.18222784151765,-0.160047471645759,0.363581754047792,-0.29928822054474,-0.325529521206433,-0.355986641590181,0.234270426341166,-0.165377889691967,0.086248193328929,-0.398189361956816,-0.193610508469173,0.083899118213994,-0.228180898423108,-0.434869794496463,-0.210143803065622,0.0252707681333114,0.108217929631164,0.246736397169439,-0.239929467279776,-0.334494729885276,-0.180339321882718,-0.10536954369993,-0.273093322444575,-0.230513957274336,-0.361580828349234,-0.396022592579765,-0.15204271662276,-0.242790581643838,-0.214270708583497,-0.160368257266392,-0.0381552048124134,-0.255926754021942,-0.390099846592446,-0.154712357615325,-0.145345863814871,-0.386624448350534,-0.21319058565086,-0.346283510890367,-0.223148982283446,-0.0471411679963185,-0.171529231385443,-0.359151328004782,0.225316574670127,-0.169712853031012,-0.512900940056488,-0.189285449219049,-0.371138800765683,0.224544344649575,-0.150283131367954,-0.23634176629203,-0.0280784611735782,-0.0941311609358583,-0.100366989083006,0.0218341736191921,-0.0444414120102865,-0.0925325321951486,-0.326935043369464,-0.34409099633535,-0.11126469825815,-0.285099524522766,-0.192579221679824,0.251855930583791,-0.179658049160051,0.109137921936555
0.689902968358885,0.613355124309104,0.300915108601467,0.731131344057797,1,0.386657002726583,0.395150247676906,0.218032110945483,0.730543014898116,0.580236084278163,0.724776931467381,0.680170979643239,0.618534233232905,-0.146269909343191,-0.284879856430666,-0.393041056801405,-0.323834391002531,-0.322528164655854,-0.224040460824718,-0.100238660290697,-0.332308058436775,-0.317489328670066,-0.483578005140352,-0.330355392337305,-0.288391577510572,-0.0246797722799147,-0.138215148744175,0.0733127181261402,-0.222307375109021,0.281804603746592,0.453999076541954,0.0273465515045076,0.0865223243825808,0.185112366549651,-0.0131913513466464,-0.0591498210750108,-0.0906391739149599,-0.265507416086951,-0.444063312019527,-0.404245249700042,-0.146069452685121,-0.359212643399728,-0.478449030222467,-0.267271165019475,-0.312316270400556,-0.33672018495315,-0.396053257636149,-0.3931751493129,-0.443967260240833,-0.216337001297584,-0.287636470978379,-0.579182525170527,-0.0922011280484096,0.0502274417110827,-0.258727069094892,-0.0466844112310399,-0.196591225143388,0.535279153640899,-0.150375533515127,-0.470158230910556,-0.213256414350332,-0.117283782960857,-0.164792181588016,-0.255561402738409,0.280855135417049,-0.228566933784795,-0.0141346771519756,-0.316639485710748,-0.239791434694622,-0.353375857709973,-0.384604105258941,-0.365895737906756,-0.280117799592079,-0.289782474091769,-0.409553751020934,-0.161192513488563,-0.052875180353275,0.30686601595291,0.0747169365311985,-0.515253341878566,-0.100683562053019,0.320706130129164,0.27011322900949,0.568464624738578,0.644775108628957,0.753642451588065,0.532048069195117,0.255491601432994,0.761515644000615,0.736541385902059,0.751502229498075,0.588138385940482,0.738760759927827,0.556065401204604,-0.321831672171079,-0.186311068679983,-0.276830473416769,-0.0501777368225891,-0.208726643557369,-0.228809229965524,-0.18709916372011,-0.256741631392709,0.0537868632301152,0.390108270634351,-0.380191784718622,-0.152787091701422,-0.323811186720993,0.13957173581592,-0.285626420112313,0.176506997754965,-0.383388247648716,0.140177331356106,0.38230389963339,-0.0884952433356649,-0.30990474518426,-0.0331737882564401,0.149429014633182,0.106836867601577,0.365731891678287,-0.403432838337989,-0.311963503319385,-0.0870175907310432,-0.127571668405778,-0.244600608130332,-0.166158866540912,-0.48114784233732,-0.369244067803087,-0.0944968244994297,-0.347882532379285,-0.315334333042412,-0.334628168256708,-0.23925610526438,-0.265377614361118,-0.476147850502615,0.111670294558577,-0.229251807235973,-0.27974113661894,-0.0158502383225277,-0.289889133629087,0.0971005882737278,-0.267996814315526,-0.249912089663245,-0.0693476517816046,0.259985247423665,-0.34673971621258,-0.411596906149996,-0.314758494499496,-0.378978304694923,0.40938663321088,-0.174640392232537,-0.243270467438418,-0.228051236464818,-0.143808297357874,-0.114054401735497,-0.219306103828044,-0.269886348738516,-0.28294492963435,-0.403567071188586,-0.260107953344007,-0.202043052179546,-0.251315513939299,-0.0254874515306418,0.227728328927555,-0.115065731794785,0.183775103294972
0.385424284737821,0.593658339032066,-0.0564753770467332,0.551300726149695,0.386657002726583,1,-0.0552960475777189,0.583763008640088,0.676998822086478,0.293514432648901,0.466371381789119,0.616914785053284,0.507559477593003,-0.260034618379523,-0.286703146598797,-0.283657342081477,-0.347816711365952,-0.333141165460479,-0.291058286465557,-0.206019251456984,-0.223464554494318,-0.265688055852717,-0.244974311958792,-0.253582579755335,-0.195869020931203,-0.0704494954501002,-0.143361867093925,-0.0194164749870174,-0.22229558643506,-0.049603608224363,0.0161836756667635,-0.134705274420024,-0.107309654740616,-0.103438170539594,-0.135877921751892,-0.273049087503934,-0.288185752850236,-0.290555577957084,-0.242048085599524,-0.469810324263213,-0.174958864297376,-0.384978078107604,-0.34083387845808,-0.275033167282629,-0.338786785497739,-0.232289412408136,-0.11328066661208,-0.323225233113269,-0.0128227369812523,-0.085972239077053,-0.232088379940595,-0.359264137635943,-0.0065158387302171,0.0467070603938668,-0.129166835378142,-0.0484039427123578,-0.040645157065251,0.388081771984161,-0.160934979369922,-0.351891417260409,-0.0373955037540902,-0.0411284656103284,-0.207944224233766,-0.0170848385499621,-0.138066942153939,-0.288900556284383,0.115786840540538,-0.232440540484272,-0.291792405677124,-0.0444067991496307,-0.0321767561686913,-0.247153359000126,-0.190664702036721,-0.260156441294369,-0.146380763514292,0.0403552608683948,-0.0347307116916319,0.38467016349358,0.047057898761132,-0.197946632072765,-0.0446483773739325,0.193702731186268,-0.0657183043532261,0.263076334900234,0.608280803560318,0.54667836891952,0.229111948182736,0.913384320134844,0.47332758978462,0.695291168845972,0.570825299363175,0.439235739230014,0.567355043340157,0.244638912574308,-0.229964534437357,-0.2069938107843,-0.269786235130196,-0.237878708314442,-0.18007938698164,-0.36106914836906,-0.186195588142557,-0.21933108221694,-0.0760328517322893,0.194634301789433,-0.195499564766778,-0.0587051319264015,-0.202806778288528,0.174898279823954,-0.263058983817997,0.0020542517026173,-0.245950044613223,-0.209513195517148,-0.11971556518571,-0.216321346519808,-0.440413406404729,-0.342726843389858,-0.176853905173251,-0.0181478548862338,-0.0368069786246353,-0.306345899739548,-0.484083321882672,-0.311983863255877,-0.38815671799337,-0.25692188419258,-0.366229377462676,-0.342956096638459,-0.283025959383365,-0.180669152314512,-0.354655322185829,-0.400208981073395,-0.270196136465744,-0.162829133243609,-0.333219962929143,-0.355194594821823,-0.0338948196864984,-0.250958736818454,-0.102115214645986,-0.11992096786292,-0.266393936487668,-0.20611849909851,-0.283249499469649,-0.187622066677228,-0.124094725846641,0.0593520893849837,-0.244283023813791,-0.542648066733721,-0.401607016094707,-0.283752554346176,0.107876016978242,-0.406099142884551,-0.0766417214475688,-0.149158011103111,-0.0781140462074752,-0.225521625206293,-0.0331382972793183,-0.0922645988183351,-0.102039539721702,-0.348177655391165,-0.379538201005719,-0.173677190331404,-0.295851611408279,-0.174966244376307,0.188433491105925,-0.0275341012786519,-0.0377596886768022
0.526377875229963,0.433846010799513,0.545367644254308,0.342803414772313,0.395150247676906,-0.0552960475777189,1,0.223828044009469,0.250665396651292,0.657230279436843,0.367059084225215,0.324033242715568,0.482885278244316,-0.194508411770707,-0.22233551124968,-0.223803552980547,-0.176710714486741,-0.163169508397046,-0.186519440292384,-0.295309944296648,-0.227687702131619,-0.251139962970244,-0.0807804012972021,0.0456009583527977,-0.234467521571307,0.102412622996671,0.095968243778823,0.249848399174252,0.0893879919880126,0.353628497873185,0.728929678462874,0.198142047391456,0.0785171245918468,0.459514519581946,0.0615664395339317,0.218150693532716,-0.192007750872196,-0.0783062468951309,-0.0950711143657879,-0.0497616278368166,-0.0037254841484656,-0.0872771608886151,-0.205069996402422,-0.0666507586608726,-0.234138754343391,-0.0458089655115342,-0.44935448902078,-0.230986142959066,-0.346058552265214,-0.138209300083287,0.0633438697468007,-0.327171875380486,-0.0070507345990782,0.0232101256697001,-0.0161068935364388,-0.0420817332721246,-0.0756227644096788,0.311344680287314,-0.170661259686544,-0.230418156839652,-0.289430780270622,-0.189385250280843,-0.107149362479866,-0.454914014641249,0.508121039275803,0.184122988927283,-0.300466785986109,-0.312594120098647,-0.357391025062063,-0.274000607580826,-0.26338970045936,-0.541071920960676,-0.375392636346563,-0.323089389753991,-0.524618192821546,-0.0643855951369787,-0.298297573754079,0.0790948648894835,-0.243530514545994,-0.603320549071319,-0.21021809038097,0.368065997566392,0.21124364428931,0.538984751941255,0.4167801082278,0.396016364763471,0.531008635003813,-0.11942544684319,0.229344041485296,0.2201425353867,0.20707419829863,0.506207447795165,0.237734817090155,0.600545537175972,-0.360986621101477,-0.32781847914916,-0.284115275899571,-0.0428519254230455,-0.273268605902899,-0.143486861641117,-0.37102873489634,-0.0865499181761425,0.0080512716513421,0.0176887393788111,-0.220097655914761,-0.297187465245399,-0.167823837578042,0.144781717926573,-0.0118357856446094,0.161586146267149,-0.258588379937617,0.29711055740508,0.587650882800564,0.0101840581557411,0.040146217370612,0.219724300190796,0.515453432809414,0.47475887460606,0.589230445625086,-0.0844187910532508,0.0828361354063945,-0.002905495038959,-0.138077316354935,-0.146684349757729,0.21287089941779,-0.332821388657872,-0.265783550768992,0.0914211098655228,-0.110336195592504,-0.153791606788236,0.0575931718383607,-0.315962783183676,0.0660354877155665,-0.119052317345821,0.197308975640182,-0.0945350558015023,-0.16686859989472,0.0970237012292144,0.0333815449986687,0.222610458126358,-0.0503384321582865,0.0297455650380713,0.0151827531525778,0.0977169514202145,-0.244169383302683,-0.196315801969859,-0.29864081430831,-0.310982208081072,0.359501724863018,0.288614772917577,-0.337495728005342,-0.250260081916094,-0.325049331304884,0.0624154785142695,-0.175967164329222,-0.292433796270607,-0.0461289280653043,-0.451049665012114,-0.190674602341295,-0.371268410379017,-0.308158458438936,-0.0915374890226007,0.0570291280534996,-0.371353204312674,-0.0228860659542262
0.375655992775691,0.631787080124253,0.324275402931217,0.284327390421381,0.218032110945483,0.583763008640088,0.223828044009469,1,0.326782868745203,0.610639658003857,0.179967305955892,0.438653960150507,0.601752875336198,-0.291116488827734,-0.475542129078408,-0.38029188161119,-0.397746045978472,-0.446938967482135,-0.209084386929953,-0.322366877750598,-0.422803643619797,-0.331330812598266,-0.225702917916293,-0.215214278135754,-0.310376160459665,0.0699527810113533,-0.0554648645640789,0.185662460299763,-0.333385550730846,-0.0771416135171586,0.196614723525504,-0.190019599214354,-0.153902799773089,0.0893984051341925,0.0993709416504705,-0.134651999458266,-0.379268438079218,-0.470320287115641,-0.298249483357906,-0.532240576594179,-0.237197083876873,-0.324460556209624,-0.50681447225883,-0.392411384119715,-0.511962786424242,-0.422764298258899,-0.30406854883908,-0.234610326757411,-0.164039596335193,-0.069936324617949,-0.20720698491043,-0.263602357126362,0.163297524343461,0.0795989656807194,-0.111108160364752,0.0317997549496658,0.0499955824030972,0.122038405780137,-0.488042745269884,-0.491147008204646,-0.251016351206538,-0.0623250221793164,-0.244719228352753,-0.170398470766289,0.0307890321744738,-0.387933072773515,0.236945544205452,-0.444881588237916,-0.0685448879777028,-0.166521824600316,-0.16702654284287,-0.379464418660953,-0.202209030050098,-0.407938529013726,-0.184011938962627,0.16012141113035,0.222542335950829,0.301172408728898,0.158471984086575,-0.465070351405747,-0.0666895958625936,0.299055798329661,0.134597663121436,0.406909349991911,0.605877049471992,0.3121887265874,0.520641492449933,0.469367623469461,0.320683099197762,0.300083852410033,0.257152262725255,0.689368718997206,0.265304779350198,0.52908131969091,-0.298820664920309,-0.266701722055429,-0.232828776268373,-0.310473014904927,-0.39527533244195,-0.147844238179919,-0.142703039561979,-0.428916654965076,-0.0321328344911145,0.0132678753246718,-0.302771306444553,0.0082879219380564,-0.262412858840722,0.0020627539542423,-0.311441368218597,0.0110316428380944,-0.314698248059254,0.118077632387964,0.164533809481388,-0.302106739397748,-0.265211146129414,-0.0793148532353645,0.0081418096807466,0.0173921890306639,0.0603862418346761,-0.355582026278183,-0.405842017565925,-0.197635150247342,-0.359186488484281,-0.324580000134679,-0.196384348004008,-0.328441774384065,-0.399773096829426,-0.180272957988953,-0.440796283368876,-0.494536275314658,-0.371408372234614,-0.37003604105079,-0.370355722651422,-0.319172210680813,0.135791327016139,-0.28511074876871,0.103476007116367,0.0495726394293644,-0.246887634445027,0.0093267195223423,-0.329617417522538,-0.271694814451332,0.0435984481139841,-0.0128465053629522,-0.515581875637757,-0.554619141926512,-0.537446627654342,-0.305790294111364,0.418568321542277,-0.291989274396923,-0.0800104308578224,-0.216704500740621,-0.0278650761236923,-0.033466305998761,-0.135063171842526,-0.0623810231856494,-0.128817022599452,-0.433623041869036,-0.34211296116091,-0.225379718650806,-0.248783043587909,0.0097431738272271,0.275704152795646,-0.00529357155128,0.0589821464323469
0.691334158331064,0.634449421558147,0.0251458193532357,0.941221402758748,0.730543014898116,0.676998822086478,0.250665396651292,0.326782868745203,1,0.559897072596789,0.88981904387587,0.810431852771275,0.564195747491303,-0.175756646361984,-0.254002613651899,-0.275366683249426,-0.219039269825565,-0.237442838564584,-0.231255325412274,-0.161415213654459,-0.179827667614323,-0.377507080760704,-0.428052113338512,-0.223983184479405,-0.30317053484291,-0.281737057820677,-0.432105922114597,-0.250179337235457,-0.225676496280169,0.0593197910796338,0.207219909038267,0.10012513758256,-0.124612486818297,-0.0612098659126303,-0.214826821638503,-0.361498538182924,-0.276740313324079,-0.291599775648176,-0.36467018751648,-0.507847616770029,-0.130487166778991,-0.314262677085044,-0.365068815144406,-0.0716680603665902,-0.122736087044751,-0.19086979339436,-0.151383477659144,-0.322597477229718,-0.261226949012585,-0.438727645305211,-0.462879310194012,-0.590701356590654,-0.348037939407978,0.0282064296959228,-0.415958982654526,-0.263131851609659,-0.451123350550248,0.654117700258687,-0.0158936962608285,-0.392928009917039,0.0908104712243703,0.033903232330958,-0.110622138401539,-0.0458108124704835,0.0718383925417975,-0.181628489603299,-0.0185816204159909,-0.0178109852585589,-0.344591370120541,-0.0794916302561662,-0.136675584298058,-0.201809629595113,-0.119635654162003,-0.0623732368654641,-0.258904398410831,-0.281561424412986,-0.154361895751318,0.479884530407182,-0.0389840603744374,-0.408852912652299,0.0446844488185416,0.279854137337326,-0.0278972804732701,0.47758621316061,0.728346827581741,0.898774536756017,0.378165572354644,0.503157142276217,0.832090366403012,0.954565612280338,0.949674164756995,0.557502210962155,0.91255916338031,0.360994979672463,-0.191095898003739,-0.179772336802498,-0.217490893534565,-0.0796372241605377,-0.0908042535903482,-0.260496549903514,-0.13019288410859,-0.13609605300631,-0.0727574175203965,0.4058811865557,-0.234648328543143,-0.280881816977855,-0.235726907437189,0.25088458982143,-0.145328413397138,0.0385161371788736,-0.369210511500443,-0.211066775804838,0.0244245161086666,-0.143265263840526,-0.467487956137789,-0.181095846238156,-0.0520014858620549,0.0278591937522323,0.175435108587143,-0.230736189307746,-0.362466469031534,-0.232958240101471,-0.153359943462159,-0.239297071381329,-0.277879830725952,-0.343131065362392,-0.334284874905245,-0.135347722828444,-0.234378086931075,-0.177751426408324,-0.198856873224817,-0.0132738728384486,-0.297933579276384,-0.420258181244471,-0.206229814889727,-0.0912924332220676,-0.413005344407856,-0.254158981384333,-0.410055153330169,-0.290554650627635,-0.0478163201477968,-0.158659569455137,-0.402082027995237,0.278614726036865,-0.100123982241377,-0.466715733404466,-0.139934400543999,-0.342985537927162,0.233572777195162,-0.187552997725767,-0.200560770523476,0.0227639291923297,-0.0449749945000806,-0.0671606287968624,0.0600545151416392,-0.0022402709241828,-0.0748232558117042,-0.23999789653315,-0.282200752432007,-0.0545282760020888,-0.249591745154131,-0.150739974306919,0.250387874985763,-0.114106595538087,0.185869196769649
0.787661747894619,0.804285066093878,0.569835020028242,0.616376133757364,0.580236084278163,0.293514432648901,0.657230279436843,0.610639658003857,0.559897072596789,1,0.569537564955058,0.642810654171961,0.826431189705028,-0.43558290583104,-0.56745921432694,-0.503536939709927,-0.51098009497742,-0.54574520974993,-0.316762051994779,-0.393737296263693,-0.591099132619487,-0.437717841497451,-0.490728901609659,-0.354146396119514,-0.526690897943885,0.036869906659787,-0.109688848398347,0.171165158248503,-0.392935835498141,-0.0048911296510769,0.528485963400094,-0.0639711568599403,-0.0600069210504153,0.333659918988541,0.0776458512923449,-0.0921400803275221,-0.441644741135395,-0.572688068438542,-0.526492587080354,-0.617052033175004,-0.242707959513547,-0.430965684638249,-0.652776241412666,-0.368252200533682,-0.555112859083445,-0.487620969772282,-0.565590944846757,-0.466321250025873,-0.298689690686788,-0.220482928983006,-0.351761766134206,-0.495477773143576,0.0493597359649119,0.139033598791031,-0.227202523108855,-0.0215354862689791,-0.138275892527679,0.457608905259586,-0.411020677698112,-0.562230983632922,-0.225560096552596,-0.154217457535427,-0.143253079870265,-0.341692355943005,0.384201862870532,-0.215983305670772,0.0927852222346388,-0.389262472162784,-0.20446218923532,-0.169958635491044,-0.240079968362754,-0.456651105552642,-0.273993294292651,-0.401374845244435,-0.328824338528635,0.0599719854025445,0.0537961068802343,0.306959108823721,-0.0092948654212928,-0.639799356191018,-0.0972651077877555,0.497653395989518,0.284148144828649,0.748427845973807,0.829996330994195,0.668380877067313,0.783444133672392,0.109470048116011,0.537161478253059,0.532721656959295,0.505829053049305,0.913983410318268,0.541980702781144,0.843370363836852,-0.536573729629243,-0.435464511383799,-0.42511078396583,-0.315034745108532,-0.573741150257545,-0.166558176843709,-0.335318068197724,-0.489453707092459,-0.0869340569165701,0.152881167428906,-0.59324834760463,-0.251206287179901,-0.432174862898459,-0.0368111374141055,-0.376256228389252,0.0409378596885044,-0.587536693389052,0.202585927874937,0.507683210929501,-0.347450443414664,-0.270380344680931,-0.0130674359415931,0.319742992052121,0.279034056521234,0.457857999606878,-0.303708215044542,-0.350187848470507,-0.016430866833418,-0.287885631471992,-0.498899140135719,-0.0404605418834128,-0.508992805657163,-0.625948674714148,-0.147214413936764,-0.523535103903602,-0.475440021552849,-0.353330628763186,-0.33048629726533,-0.379723328737458,-0.411276699525473,0.196375881728709,-0.265544328415912,-0.0610930533165656,0.0928374123499097,-0.296480377429418,0.127415897595461,-0.266482369283991,-0.197605905732487,0.0094583666350753,0.206081895591732,-0.479001725945385,-0.536437877653281,-0.460348925818318,-0.319208328650096,0.586089549748928,-0.0459738671472077,-0.225589919236527,-0.18725116730894,-0.138605163197276,-0.0477309242100312,-0.104601332619239,-0.21039942127397,-0.0354941446776961,-0.438023983567795,-0.338343244824581,-0.225708025617922,-0.26588852466551,0.0196970357239126,0.252003322004388,-0.173804142478809,0.177669054124001
0.717995020759783,0.539424451739214,0.121221984944416,0.905178249397157,0.724776931467381,0.466371381789119,0.367059084225215,0.179967305955892,0.88981904387587,0.569537564955058,1,0.744932580785982,0.494617600446321,-0.197998871507452,-0.220195770065571,-0.258095207774447,-0.192377161940525,-0.192334953645738,-0.183608728131915,-0.121135229911514,-0.200859671699225,-0.395621017387521,-0.291717720188562,-0.0927386209682848,-0.282279583745193,-0.235308598902252,-0.327853695573921,-0.163532110004146,-0.0954071000662809,0.147330414060217,0.349195922274422,0.259691303207516,-0.0167926592810082,0.0920625541093677,-0.20463695069292,-0.264586318871278,-0.268273942200936,-0.176966936493166,-0.265511507129835,-0.422701206158099,-0.167375106054637,-0.279426227271091,-0.312369731377487,-0.0567842818880939,-0.0937742052374817,-0.0781736676061486,-0.167912298454179,-0.365736365511799,-0.329669559066997,-0.366983004653065,-0.359424985929242,-0.575321154892945,-0.313177915544873,-0.0271886609052458,-0.376790820261112,-0.174569743688829,-0.450066548676377,0.726678822279577,0.043186337024273,-0.367565251276111,0.0787332316121991,0.0359162976611922,-0.0882605817445278,-0.139320094766849,0.235869572952043,-0.0704837343646674,-0.0240182989909279,-0.0477632905901646,-0.286432165768378,-0.111325133330385,-0.187671771906688,-0.243840850738232,-0.0975159288959242,-0.0973468586116821,-0.348005950238528,-0.267956799020606,-0.157957895653488,0.493581745821092,-0.0531453400254838,-0.427208829934882,0.0950943756077468,0.385453409514297,0.0200071722634212,0.570762649054934,0.652624094896432,0.883073739219804,0.426808654771339,0.288883980558279,0.811918659743685,0.854780890576761,0.855725010493838,0.501871601654531,0.884034146403801,0.366890810035294,-0.223735609993673,-0.23267667989962,-0.235794612664739,-0.0775035381354913,-0.0773000360387383,-0.179902339803423,-0.149307103197278,-0.133972657128438,-0.235011003160438,0.328829129004087,-0.254535151722703,-0.370871845014395,-0.305466500122936,0.18850972845719,-0.106034637635454,0.0231361475320174,-0.361588138173071,-0.117905765123519,0.135943498118343,-0.10576953911393,-0.383728142919767,-0.215751184912008,0.0313467179318755,0.162182433833148,0.271747380692322,-0.21813885298279,-0.283444809528226,-0.272447154506744,-0.131966230240934,-0.163574452759597,-0.246835605918055,-0.327014147230742,-0.256637695088877,-0.214168578848209,-0.215293465963419,-0.178551150469816,-0.0786775179636251,-0.0988180186340792,-0.166885408953442,-0.405011472002739,-0.105533542096419,-0.184065268113273,-0.482410441769269,-0.28459809155563,-0.38874861815248,-0.204632230115576,-0.0914711704217118,-0.239755097284271,-0.326843547337942,0.398108168420523,-0.0292846594887173,-0.459345864743107,-0.166281188257409,-0.460810511195974,0.254076831378533,-0.110005039455212,-0.271648684695073,0.0074497424988579,-0.0520048509184837,-0.0485666001973937,-0.0193591312159875,-0.159945245329765,-0.150792303081427,-0.28156799548863,-0.192192360365247,-0.106793184318112,-0.309925590135963,-0.114453101837191,0.367637787098894,-0.107254698171462,0.204758048679041
0.789197347939444,0.763314860493864,0.293366909896224,0.851624153768498,0.680170979643239,0.616914785053284,0.324033242715568,0.438653960150507,0.810431852771275,0.642810654171961,0.744932580785982,1,0.786421837774532,-0.322105203644727,-0.420210273204325,-0.494433289505085,-0.465605934971243,-0.493475568835509,-0.422082096151615,-0.312972328849631,-0.463643657103855,-0.482308897382071,-0.484666092808143,-0.382147963712572,-0.407617686417834,0.0189098264520616,-0.0915322219545667,0.0770829157983503,-0.284515250109102,0.0243000181307396,0.282869687185495,0.0511644369511321,-0.0791055040769498,0.175756066301989,0.053774638335647,-0.100472580465649,-0.301563223887509,-0.428255071141966,-0.445708696206881,-0.557329239057749,-0.123476111360873,-0.432415786154044,-0.505273962027146,-0.341875736245833,-0.412730735556278,-0.3316120096539,-0.387277444556296,-0.51330634398297,-0.276725064884269,-0.141324020532716,-0.269332518531635,-0.439083068369718,-0.0039480737128035,0.0858944874283236,-0.136362147859858,-0.0095777949037074,-0.151408654374127,0.683404080976449,-0.266763654444956,-0.51421302798302,-0.198755417129109,-0.248433155504725,-0.262947466985356,-0.24168007397346,0.13034078802632,-0.197502010900189,0.127269330628329,-0.322705330177558,-0.295118261342752,-0.188127686687571,-0.297263749473678,-0.435243389389063,-0.30152991368223,-0.383450898135623,-0.333558787297101,-0.007933671046959,-0.0106941373376839,0.520831251448734,0.0660076400423251,-0.421950240266214,-0.0486408835726011,0.525507303840237,0.118316182322721,0.680516351186153,0.834797505232686,0.877012343559922,0.463534086289478,0.430209021100438,0.735068673435663,0.865570105029571,0.785768354212512,0.628013508891433,0.87179170321316,0.493054687781081,-0.503249060529158,-0.338578109448353,-0.447198625004268,-0.379397157315158,-0.367658916710485,-0.356908184070809,-0.29877871561299,-0.410083709007173,-0.228445544564397,0.23276055371987,-0.491174136658327,-0.25602022980074,-0.396935055350033,0.12126541756747,-0.380526135695233,0.0260560147621223,-0.531077696450289,-0.0383141714079394,0.263782077459545,-0.287141081714912,-0.43212428666106,-0.298289366823837,0.0007344951622046,0.0529015973822229,0.236738092627696,-0.404813251549668,-0.388497742560852,-0.199754065270808,-0.240363780628149,-0.366278952246559,-0.191325760516779,-0.436276941925795,-0.455683948036571,-0.124215764867013,-0.382016167733559,-0.389356346569837,-0.266690513768101,-0.29578298025134,-0.303647800008419,-0.408550555163442,0.0435541735101932,-0.391174163616623,-0.199612995740659,-0.0925598982518244,-0.268876491436868,-0.0328804158303256,-0.361488331241317,-0.315164624934183,-0.0949142984331714,0.213207866194772,-0.45010096275159,-0.632457705260395,-0.463709382339102,-0.407420082493839,0.451228088894944,-0.15664514144183,-0.162167473246479,-0.229450451826913,-0.144568433454302,-0.198990602608914,-0.203685975237346,-0.261865162618875,-0.229110596888233,-0.512974431759803,-0.418566569775723,-0.305352220408155,-0.389728635917067,-0.195980644266895,0.397800547702535,-0.117571764257022,0.075092840275674
0.816597133119578,0.920953072240202,0.525373791735831,0.596632113952555,0.618534233232905,0.507559477593003,0.482885278244316,0.601752875336198,0.564195747491303,0.826431189705028,0.494617600446321,0.786421837774532,1,-0.400655778513181,-0.553732535762301,-0.560504120328959,-0.574805414892911,-0.618300400434587,-0.363724910954769,-0.382129845771562,-0.6520619318658,-0.488346818339686,-0.516191216321294,-0.442147706530103,-0.569894503469939,0.183268245887429,0.0804772780152128,0.339961002538424,-0.424894156877895,-0.0723044724423884,0.431349559459373,-0.134249969724828,-0.0315782868385309,0.41688567887447,0.267597074364248,0.0264403803260139,-0.340901294953644,-0.563858122912672,-0.509110149815725,-0.638901297961129,-0.248036954920403,-0.495675583617799,-0.639126544305945,-0.499041441689566,-0.676582786339549,-0.566544727626292,-0.59538384678662,-0.514068891755028,-0.323669562667122,-0.0627845437646805,-0.271265462458419,-0.382233076070069,0.219255167414048,0.178552457388476,-0.0852128476453026,0.138333494447094,0.0638739694038695,0.440464805648034,-0.545278601755203,-0.615684082486769,-0.469967987572967,-0.337323770059292,-0.322443509182616,-0.378950756149773,0.309104285747382,-0.25105306492426,0.176124452243186,-0.606288178617805,-0.219211282646689,-0.305883660247802,-0.352911717910269,-0.5526972014591,-0.420299700793058,-0.601293036669881,-0.408953389003466,0.151101232513062,0.12530740050562,0.344820240871809,0.0447207454315994,-0.594389831896313,-0.239170592551161,0.564360267676701,0.259055790673665,0.797713985582705,0.912330709171045,0.679804698591534,0.654328720727941,0.386428593011174,0.549433022816189,0.5882766000167,0.513101894271531,0.85631514431974,0.565394396037121,0.81335628576478,-0.622426346226279,-0.39989510130088,-0.489470088681459,-0.384290165941514,-0.596759541898251,-0.246509492197762,-0.34466254777105,-0.577780385712209,-0.139996267295486,0.123277695128606,-0.621197148742896,-0.267344537199939,-0.462714534009823,0.027307636041772,-0.504626849727866,0.0383660258414259,-0.62791856263191,0.187508801049794,0.549116651319081,-0.355769604383784,-0.370465269154596,-0.230735606950609,0.195344259486251,0.192890303597268,0.443354801283988,-0.3845934197719,-0.37637652891898,-0.0408098677744515,-0.318422606853578,-0.485914502140656,-0.113214021435728,-0.495996408789604,-0.606054854979484,-0.0813799303078499,-0.563588755311631,-0.562409741717061,-0.41906283519929,-0.466985309921127,-0.375859148084395,-0.442047155543595,0.309294656026833,-0.432202203015768,0.0740397295703956,0.182606364179187,-0.281771075774105,0.230930402238096,-0.418625824492342,-0.255688069584969,0.106752764676617,0.147596671173293,-0.691914652191689,-0.652184205242824,-0.645126552878417,-0.380741052061212,0.675263434111683,-0.0600206071828497,-0.198349258796844,-0.398404260856962,-0.223830031603404,-0.123684513281463,-0.297873463860663,-0.361248561850249,-0.187882113530811,-0.576170379791102,-0.458386496221473,-0.360355346890396,-0.315568164633894,-0.0110338993211766,0.338686389740221,-0.149771240300439,0.0338848139975935
