1,0.514718950270535,0.526905591997644,0.210711182565944,0.36109886337218,0.315117531262386,-0.179328922935106,0.362471062755437,0.539903914869849,0.536228867844971,0.262728640758093,0.409468250277096,0.608186729100798,0.180057651995333,0.444437737070296,0.306552941947812,0.342527284981606,0.248373234300081,0.323670174486548,0.478999833922821,0.602127189560334,0.17920687265782,0.313197714615387,0.269656056936442,0.344535051995004,0.150461762934755,-0.242320674954523,0.269133220583939,0.337045089735594,0.0983476123784401,-0.026946491137948,-0.50967760370207,0.511315856411079,0.286683631002748,-0.381616786991587,-0.0739768183445324,0.401010879318731,0.352468229650752,0.617342548317021,0.46923014026265,-0.133822057007391,0.546945904773608,0.195606951257446,0.0712047991085462,0.257656879312506,0.445303661270768,0.562404546559374,-0.120944902092917,-0.289022693696434,-0.166043319566998,0.0193457791695856,0.0312335095820084,-0.267124402586861,-0.251112184200725,0.253581773817923,-0.30814724922653,-0.199784877863441,-0.0108188470680875,0.0171046476191393,0.263673157244779,-0.0257860802635857,-0.296679239595612,-0.292715739789882,-0.016702649245861,-0.328205979344482,0.085929932757301,-0.499984728150369,-0.330142106120832,-0.116597588536014,-0.332917317310885,-0.306850972663291,-0.493263209171778,-0.515184668449707,-0.181251929412248,-0.502603131469384,-0.508289274824203,-0.617077919865787,0.113422730254154,-0.528370527565944,-0.418372989377379,-0.586532475030379,0.310834454164973,0.206995799840293,0.445539943309347,0.556205123908342,0.216202542046465,0.542579106657647,0.407381924635107,0.14936146285671,0.376511256564204,0.396539650807403,0.466263891667833,0.391283362386608,0.448767019948973,0.5940018582034,0.281144904515058,0.243025388064937,0.305452258914455,0.485621736301314,0.618836023797518,0.379310584946776,0.139285391930196,0.0387105655868958,0.46918841881826,0.404570853403638,0.29626158920801,0.40912838525803,0.384885813189832,0.465219905467128,0.575659028823329,0.241719459763984,0.316332778949123,-0.226923890557037,0.390467702408738,0.341079650693819,0.198918742435831,0.268909928924658,0.191281275263527,0.574267721162877,-0.190164965437069,0.522471371021211,0.0467371871981784,0.507197025195957,0.638033194904293,0.573708882941104,0.113818278612508,0.547301548619246,0.345744521019965,0.605792234334781,0.430145637522388,0.348488444006566,0.475410562304339,0.592772677356673,0.261985143868773,-0.25205025000406,-0.21661919944198,0.0258593456060621,-0.140979937921645,0.367841856747739,-0.232476532641314,0.346708607191166,-0.349590340373093,0.0652395327461817,0.123129998568156,-0.106315404844379,-0.120752991875305,-0.0286049096525691,-0.269548296678257,-0.292222416004818,0.0524400659344505,-0.19385777597134,-0.153812436657552,-0.279546645286752,-0.0491285492951922,-0.352283556858879,-0.0944004472946082,-0.205864530797483,-0.0101803444467706,0.114747067478654,-0.358561880496985,-0.44899241387122,-0.199466830938921,0.0628793509207463,-0.480117101963874,-0.386427507361127
0.514718950270535,1,0.485882717301417,0.317616234341741,0.145757151330853,0.230304998271906,0.050240773677111,0.793308551439574,0.179406395401685,0.178845142746908,-0.0475064317919479,0.692899857452283,0.607744021423775,0.0956973751518751,0.375015921715636,0.261995369567097,0.309306323556355,0.212213586642106,0.229852376239248,0.47950174565404,0.244203174216635,0.253104844578745,0.0699449046460338,0.35943572202844,0.23449688251876,0.422248487081754,0.127064706691001,-0.0873486772958409,0.133137548266535,0.108567643790595,-0.307641174860681,-0.399627068347434,-0.0101118292825936,0.249598095997406,-0.116401816068424,-0.197977398435945,0.482236162571567,0.183919439458028,0.442816730027934,0.158853675215472,-0.411254439924711,0.210474704135604,0.0405358186384479,-0.0142901759732997,-0.101733415530462,-0.0438815456224727,0.319445996468619,-0.285808405109881,-0.117719332556886,-0.240715430947336,-0.302695452001278,0.201179466208173,0.110555923901485,-0.22310824299308,0.0069436556179773,-0.126166776338141,-0.172655189372527,-0.326503922234526,-0.0858193012107067,-0.102642782908794,0.351967215381971,0.0383874963476501,0.0579153621196303,0.20384136979507,-0.257023358780833,0.197876376057222,0.0822627536460703,-0.109064473489364,-0.161683517224258,0.0851634455857414,0.103873738910557,-0.406049339602722,0.0080295405227474,-0.424854490648522,-0.333153839914437,-0.0610224994376763,-0.264199119752212,-0.336497535867116,-0.33579313913253,0.0358557031347983,-0.306395810111064,0.0582285485090421,0.159530709756408,0.0079273970580184,0.671518259559552,0.0808973563737639,0.37274514696776,0.273745236794756,-0.112099095380768,0.17966175132741,0.128418869445025,0.379160405112055,0.222700565777204,-0.152431258561963,0.5908073721781,0.441106769818278,0.245007431124297,0.361354544698219,0.471439993509264,0.498624023720739,0.254886337952051,-0.019635474871115,0.108371125560666,0.567327734730429,0.210848260909672,0.26779472080418,0.225185169762129,0.174909203914214,0.128654445646089,0.0680438172001738,0.178282953940793,-0.0283593483224487,-0.229897345192826,0.239306455364797,-0.138623641588706,-0.129707756547222,-0.225220680809073,-0.326446222775438,0.155020836937083,-0.230975024516898,0.0382869623721563,0.0903987367675541,0.579251017001637,0.425663502697141,0.181254431674266,0.112868655997182,0.437658077644466,-0.147527855859241,0.245690386444847,0.118651743926872,-0.16117929261467,0.0760340978372617,0.278319206891497,0.0124429276190583,-0.272886335418683,-0.453825119950887,0.165763853371482,-0.114603911132702,0.0520777598069828,-0.288267325772172,0.0549458932750556,0.0119484793457723,-0.154403027472361,-0.230786983194114,-0.259116967199014,0.0211156176928461,-0.370744236955428,-0.271807070149031,-0.297907417529702,-0.0248771646423224,-0.0692936448467225,0.0028958246171047,0.0815691434473192,0.0554225965041688,-0.109746256130928,0.0209758706650602,-0.128778356710993,-0.238192486005854,-0.287719513848962,-0.0688277665668961,-0.286833309678372,-0.158517008503546,-0.387832203458555,-0.377676826266953,-0.404528592316898
0.526905591997644,0.485882717301417,1,0.217474041066354,0.165059793468731,0.316184383883475,-0.0023713244421166,0.395433025194083,0.189887837594108,0.715945985210091,-0.251041171135545,0.202567626093286,0.503011110237915,0.24716053689267,0.322947090389175,0.0810678581993127,0.198586099375062,0.381653225843399,0.423116336836093,0.326617227707854,0.345663464888853,0.272916923184225,0.704308809660067,0.420727430031823,0.263180123777797,0.390217074766231,0.0339293442054704,0.450358080734632,0.801654267186574,0.674731587507769,0.176792337299284,-0.619472381677424,0.343970626251391,0.484254642775833,-0.290782516932255,0.346212473596676,0.499751889434313,0.566769086276749,0.569459566519433,0.515258708253215,-0.0935506904773508,0.592109297895537,0.295590614193288,-0.0388277751882632,0.076315001732387,0.0332663534089121,0.492583428875241,-0.378324114059256,-0.138394879192885,-0.144751225031083,0.292017565025516,0.294481831740271,0.0265076282478773,-0.207764858443182,0.34228861721916,-0.124387895698368,0.131399329790732,-0.501705738333316,-0.467495166492367,0.341346780287245,-0.0007635214497871,-0.290279706904179,-0.385951663646319,-0.0306606340985984,-0.497404975227226,0.111843249371164,-0.392438182738171,-0.12894457790002,-0.204520125708769,-0.0801592703645795,-0.0992071298317101,-0.480194550157432,-0.363920297346726,-0.420989454845801,-0.397754732584221,-0.402113750352368,-0.544488187308382,-0.343641717259623,-0.59220559516788,-0.36954573283362,-0.608524291149322,0.265771072229887,0.265445813554576,0.297039220027775,0.670917741099092,0.324850821014539,0.71135391046643,0.285981972085193,-0.248197874453432,0.175943963297053,0.0003525699879562,0.734753384006423,-0.0910504469265944,0.360641090331094,0.497601523670669,0.36496534549036,0.207131187238909,-0.007509514701576,0.216933579621892,0.658925395824237,0.402925678811186,0.163820073851908,0.363670661821338,0.349471810287007,0.231897820904273,0.302348068906504,0.528152298719176,0.349596026792109,0.48683599012813,0.478998150069715,0.272400816891967,0.48725460294262,-0.308203417286429,0.697782058772123,0.465073101954544,0.432270877421624,0.362271197090128,0.136070527750328,0.599843066327679,-0.551274494629125,0.575404914132619,-0.154938440768907,0.541589874911637,0.661621648399642,0.616233237142494,0.180534612926456,0.508637874072142,0.233980138324346,0.453799068563757,0.294193799928741,-0.0475762180785472,0.242642034090699,0.557811269939575,0.197656123920072,-0.319037265829862,-0.219378438705342,0.293549403282898,-0.424363778028777,0.332614879394349,-0.131513970207392,-0.0501300276281131,-0.201558664749434,-0.0352133554097923,-0.421466865380758,-0.608616603431641,-0.0813502147631998,-0.380346805060718,-0.380736807379165,-0.285523790794031,-0.20472216244284,-0.341435493829933,-0.174746493784818,-0.249998893120066,-0.292032501468673,-0.399070726568969,-0.232667683300036,-0.0142771148705889,-0.299468821887935,-0.295700085918023,-0.264028582864201,-0.461297176446031,-0.44032273520266,-0.38785615248221,-0.618547799103117,-0.675186403406631
0.210711182565944,0.317616234341741,0.217474041066354,1,0.222252873641415,0.330370633343532,0.195678539250637,0.224430137670345,0.23940272732935,0.166739157791491,0.394641365053686,0.359520322444957,0.556758752154407,-0.0361646064050563,-0.0525055666745969,-0.149229662416211,-0.0497736720977976,-0.0961393405708171,0.199795343915525,0.0076036104783851,-0.111360433574133,-0.0787069181009914,0.214823726676447,0.160221999200298,0.0832479099007357,0.120248912354138,0.0095794107515127,0.327827194095908,0.183434472945896,0.0675502477776578,0.0839241343097927,0.0505684443415777,0.326365753152451,0.203808405881686,0.2182233007606,0.1869754453357,-0.0468284435983974,-0.177777399962372,0.102587084636407,-0.144128988074445,0.0618508096378383,0.124266397176699,0.237447596132364,0.337501730941558,0.162928633915351,0.134696514439904,0.0003460857309592,-0.153089679703007,-0.166221155680443,-0.0788193191339599,-0.0358013944955669,-0.0726259842805464,-0.22899200927945,0.24769105868323,0.160465287499283,-0.108213632925913,0.048412997857171,0.0621064440558279,-0.0986179872417037,0.145861060614831,-0.0877836600698708,0.0218103022113321,-0.0987213525943907,0.052858011257082,0.0034897021697092,0.163421652517781,-0.361466068322396,-0.226279990954992,-0.218590096286269,-0.136330480890683,-0.0946566660969026,-0.117799001910442,-0.176081031999485,-0.0020443084739968,-0.0618736796362471,-0.12073480571008,0.0158264688733964,0.153431126808196,-0.0450795384961296,-0.276787941944161,-0.220792429184373,0.153023090005617,-0.0472768429390863,0.331690993787474,0.258994190621344,0.270871948566191,0.229674082411146,0.0946099150010103,0.0635274123632729,0.203416028159639,0.0929331927489914,0.177310010510268,0.44321618279291,0.244212016398089,0.0899552725275723,0.0102056876822717,-0.0781745915974899,0.0698987168468195,-0.115717726644772,0.161985692455658,0.105824504116405,-0.170082046336598,0.130053330277209,-0.0716491065662796,-0.0783878660997692,0.0621423503805438,0.0043492063552691,0.0536768799039764,0.21461577019922,-0.0268300937586698,-0.118261555331303,-0.0764977746760717,-0.124455437016016,0.308921869513812,0.186982762342352,0.0248895183159011,0.0717177682115117,0.0012830848158335,0.326079244389619,0.0868512811609201,0.0815357215024191,-0.0636211110893577,0.0698249706694653,0.0911412677621362,0.184425151436316,-0.20160098162113,-0.0229199195967883,0.186399082238711,0.0052619286424592,0.1760728275728,0.200223854115274,0.194089873631812,0.132251196862712,0.0339231487557169,-0.253248456252447,-0.199798399317016,-0.204652075911374,0.064610647660375,0.023302775980529,-0.42789438554908,0.295843179823664,-0.217042846001791,-0.0304501389208078,0.082782291110747,-0.0824548715848463,-0.0951457151462366,0.0706802930463019,0.044290675333463,-0.256710073495063,0.124149197891671,-0.229420616398716,-0.235554356335749,-0.396901003976663,-0.0474493365969189,-0.153740811672414,-0.0387204403564972,-0.295031239575928,-0.149198210961749,0.0574082410843182,-0.203078812476411,-0.219271368965943,-0.0847857681047598,0.193529931246595,-0.137250435804597,-0.195652064348514
0.36109886337218,0.145757151330853,0.165059793468731,0.222252873641415,1,0.225349286259578,-0.182706411449692,0.0893502661325285,0.644687757168094,0.119388767021119,0.364098471460725,0.371506158930651,0.290170688247297,0.224982391130146,0.272510239387408,0.367928579432561,0.308778381819747,0.10571635557992,0.343622370454827,0.355316658915459,0.22305211684993,0.263251788407182,0.088612265164636,0.482179337992111,0.490285791424282,0.134643908538867,-0.14272795275396,0.418371764809803,0.0528876336436777,-0.0011475321306602,0.220876904317135,-0.0452195714748539,0.108393521133704,0.277763070571102,-0.185698621513538,0.208264116976057,0.0905484722500625,0.0904272326701479,0.0571426299021292,0.127249404295389,0.0776244428703944,0.231086304581597,0.0682543175097301,-0.183206099091952,0.09727351733285,0.104879072932776,0.302646841458442,-0.169912696296952,-0.239285387279626,0.255969249221843,0.188323703505786,-0.322160526263471,-0.0679644827064801,-0.153450722381778,0.171384332372851,0.161658045944065,0.185099256187075,0.281748706367185,0.140736758162331,0.199486988279379,-0.141766877924854,0.0277093072691449,-0.106095584852219,0.079595946615753,-0.241060281326585,-0.34301646108006,-0.341859649074488,-0.176959181584248,0.0851604982503581,-0.314751324449242,-0.219198265786943,-0.371227655020679,-0.45624255084361,-0.199851736318362,-0.204822887032167,-0.216930732196854,-0.243863267816399,0.42098630862234,0.0274399590943752,-0.148445274683081,-0.29413688604653,0.575785925649268,0.241076829478438,0.539905711663531,0.312702593753282,0.154815325259686,0.225551083029534,0.464046443397931,0.239662577486714,0.439514732392374,0.401290768583976,0.0941493114865849,0.438396034736752,0.403562756638654,0.345757137754355,0.0125967624655563,0.285953569271746,0.280565929358511,0.217666042236958,0.288674040844022,0.380406389779074,-0.0426978717170767,0.0047194690667659,0.145484664377369,0.10209766170131,0.375240211565363,-0.0074304073541637,0.220518321199898,0.151476742460776,0.175485730995355,0.418792335984036,0.262189497983461,-0.278090654369827,0.158157399974146,0.235754311003865,-0.0995456616370604,0.281417328510577,0.354916918752062,0.139943000307705,-0.0338297220283618,0.206550586251526,-0.243064074413069,-0.0403086101738146,0.0426553590312836,0.229784690798386,-0.253915235137703,0.381352054247616,0.131278633845718,0.0657018959939133,0.127514587927242,-0.0327503579178223,-0.0195244988329619,-0.109195299237963,0.0274477797614526,0.142458443657964,0.0160716111467881,0.0186922691463975,0.0725453593971183,0.165902420245801,-0.0783258829020144,-0.0413515967433943,-0.0581162729132444,0.2530552742387,0.255677659799198,0.255067426690073,0.127468741298692,-0.0130020355476605,-0.238919425800706,0.0457182150382979,-0.283306252682293,-0.224666619482159,-0.306947809804304,-0.248664482315903,-0.0851230502862719,-0.371921583148167,-0.251263894460548,-0.48221540023375,-0.0155485148295822,0.041032888441631,-0.361639811305784,-0.0002423595729545,-0.107754748885226,0.329139424674212,0.0407623207498844,-0.104882177382661
0.315117531262386,0.230304998271906,0.316184383883475,0.330370633343532,0.225349286259578,1,-0.117886923091425,0.348809550636234,0.597857165641702,0.423255328573727,0.133499801102951,0.357918804706697,0.3237879386173,0.284748758923608,0.295205188841797,0.286576657284619,-0.0158525928471501,0.522924581083929,0.373304730230628,-0.0341754190494119,0.166000288297855,0.331880645654221,0.248633538226656,0.170492283388403,0.355002478821068,-0.0490022532741269,-0.410544195832855,0.359809484334599,0.43210349931513,0.330192014570581,0.338787464602237,-0.178285929306065,0.271686725602639,0.104345050298276,-0.0403466956345015,0.171840812242758,0.0791247981761129,0.10660553219712,0.0074700754377108,0.0982080537858604,0.161321354561627,0.214358755994219,-0.0633083322299314,-0.0629307583025366,0.0424382831450335,0.140682380863522,0.0399889889908208,-0.129372274592537,-0.257499421474183,0.0603612123710167,0.295211907715888,-0.166074129453496,-0.366884113751618,0.134442748768761,0.155773091249962,-0.0920931198575234,0.0414915720148119,0.0671025139361299,-0.0457332213778526,0.250360206117621,-0.291660259935629,-0.246720453704111,-0.287532599506171,-0.275232510021073,-0.211268156722169,-0.139074208020399,-0.469212641210316,-0.156475110558338,-0.0371709941140276,-0.485154021604701,-0.443299255604012,-0.177596512742839,-0.421325413481775,0.123322038182765,-0.129349356705358,-0.321858231570932,-0.0877884832851326,0.220768580218685,-0.037652801699346,-0.312231412333641,-0.211179033830657,0.136397516641454,-0.129318599893721,0.163189597846094,0.233392574388708,0.32543074098874,0.471946410665587,0.674841775218659,0.0637754675756952,0.73949352678148,0.510395939191503,0.447299288207276,0.375778437795906,0.343362036229291,0.459487132973883,0.0990521577545086,0.41186069421917,0.340787889566899,0.046868605547154,0.467904091234014,0.387342920018582,-0.0306846015765608,0.272781473878785,-0.0416092561226075,0.292950646825395,0.410566311752391,0.364876664419771,0.277641305946188,0.451216424171445,0.400641209250846,0.3995368471336,0.223220908444827,-0.224476159113508,0.325138760891908,0.398511050873437,0.460257954567494,0.295531656798085,0.260791412458102,0.359946382334038,-0.0712375157955534,0.238273596602844,-0.270716661545764,0.131024327883833,0.209352181772656,0.263202220849026,0.0453396528274958,0.221211910818813,0.393850074551553,0.156068041319483,0.0974929157218812,0.224863560848003,0.224314942009439,0.203481405215302,0.0049860046185074,-0.144320171993773,-0.0793164170083222,-0.224424989808254,0.149690621882525,0.0158353479940557,-0.421536396809907,0.130786290203961,-0.367151140562315,0.044217064261822,0.0503361408612214,-0.0157709659645626,-0.0663495919265375,0.227907368051357,-0.138160226037325,-0.198781757481754,-0.122096400028909,-0.283688232059429,-0.283258782110795,-0.385422975021367,-0.30751930020989,-0.309239338295869,-0.306557868949911,-0.374285497540225,0.0618681497809718,-0.0067969110919054,-0.372045050085174,-0.212636714222428,-0.0638173228788344,0.119463229246751,-0.12299968012241,-0.176910326126139
-0.179328922935106,0.050240773677111,-0.0023713244421166,0.195678539250637,-0.182706411449692,-0.117886923091425,1,-0.0116104504248002,-0.213234296749387,-0.182376157299731,0.0296544975249305,-0.230730202222901,0.0738421019036114,-0.0750216471702869,-0.220351164851728,-0.27872605435739,-0.0638806002301284,0.201337373524891,0.0336982720726526,-0.0517955679917596,-0.0426374288315954,-0.14996510189937,0.032713476244021,-0.159136305011556,-0.220697839465947,0.224224830793424,0.472338144875525,-0.240138444545008,-0.13218552106038,-0.0705874687678552,-0.349993290421266,0.409506408524314,-0.0162519228314382,0.0506963418163556,0.329151014890559,-0.181247990305827,-0.0079861071131275,-0.249859188657881,-0.0047799682434577,-0.109020065065673,0.081508665946185,-0.135997505515153,0.0847904188324736,0.303856519982653,0.16723892428622,0.20217956487782,-0.113108631964728,0.325331708507825,0.0617082080527972,-0.215547196924029,-0.387579440387609,0.179635976972494,-0.0558339509985172,0.132271518950366,-0.230034436782753,-0.0661204439049759,0.0536883128829167,0.0257555826962595,-0.0560335799441808,-0.0840363860572667,0.440804284951165,0.569402822130531,0.480930366025979,0.248995362572571,0.716558934473209,0.512717237198631,0.209609522433993,0.413908554264883,-0.0205125534593738,0.440029311289861,0.447806342291095,0.545264955215978,0.619540608877354,0.135036423041521,0.291004056597352,0.283614005231228,0.422767937470663,0.0705218263310417,0.388734872282024,0.16741282782263,0.505086485696807,0.229037885408649,0.132335466174253,0.0559051268652207,-0.189460170330442,-0.0627309873331847,-0.395271015091194,-0.433532296935338,0.254859882138022,-0.203009636124484,-0.119683051837335,-0.338240141583445,-0.0073855307835424,-0.389707876733481,-0.303393341411105,-0.0130693526880777,0.18370782095791,-0.29707316223337,0.0050922703873009,-0.0554264916130589,-0.111340708554006,0.195755742607723,-0.13976914750191,0.0888840156402131,0.0571401386343295,-0.0466848549433023,-0.0209815039513088,-0.139123363035993,-0.2525413269933,-0.205788344415873,-0.456623981424033,-0.603999784447665,0.325112994629672,0.0684562856700191,-0.5327309785327,-0.252321421604328,-0.609824852022877,-0.597493066925023,-0.186871856497119,-0.151856318266969,-0.559599239757323,0.453721582869313,-0.050617729450446,-0.0665423866267987,-0.265167434390243,0.345694317664401,-0.378344092332568,-0.240934388304831,-0.112471261138394,0.0157377598898939,0.112623532401483,0.0497990728720892,-0.0807174044889434,-0.455902232379073,-0.561759239468536,0.0992117323608221,-0.466124746291698,-0.404485702903276,-0.542962988534367,0.109392576349691,0.0141573129942074,-0.324547057605164,-0.658023731703922,-0.117815277779302,-0.0294640940160253,0.0757392036009639,-0.0507472406147248,0.097379485870202,-0.193340909954384,0.297419543461149,-0.234403319252408,0.483196495143583,0.18293479198374,0.425462096664006,0.483292840443233,0.500213472641059,0.295570721659989,-0.0850430762963557,-0.142303006682399,0.278321709315969,-0.295957770503875,-0.396870237287851,0.0161798803569228,-0.003239587424207,-0.0122952932549848
0.362471062755437,0.793308551439574,0.395433025194083,0.224430137670345,0.0893502661325285,0.348809550636234,-0.0116104504248002,1,0.146915255642995,0.118933156390683,-0.0926343017409802,0.730910919172624,0.563897452816267,0.186483267458737,0.493926786731731,0.22955526536092,0.247380590829308,0.362069781815768,0.251432711456619,0.445438600814875,0.118177162846549,0.304026465485546,-0.0469092624502774,0.170331899224574,0.2391527193198,0.290615551486561,-0.0571244229118453,-0.175995162052159,0.176378378236482,0.181164423777555,-0.279497939082309,-0.396361849608116,-0.0950345612373959,0.0312225053314252,-0.248163247717166,-0.236245366136709,0.532874117334182,0.25712410330302,0.21481572716478,0.0876915467776583,-0.513634390937818,0.157605933505708,-0.167210409251124,-0.161546776162628,-0.255963001024652,-0.12202029125737,0.184006854875105,-0.168072585852322,-0.175086977006628,-0.233210620003316,-0.232004987572816,0.0914071894147499,0.0350322941057348,-0.201539368244808,-0.0797105206172114,-0.207276963392661,-0.284204189114967,-0.291387599662581,-0.164084790814865,-0.0883198042561854,0.243211911035573,-0.0009749092480088,-0.068335635339233,0.176642435660174,-0.318763577534931,-0.0571183872585556,0.0391060674732714,-0.232717953604801,-0.0775015958687704,-0.0934659887890628,-0.10576146520412,-0.321243767581372,-0.0454513361345713,-0.46043650237731,-0.424881992955544,-0.157049529324483,-0.188635373434925,-0.269933036706364,-0.191976056651917,0.0413935779585737,-0.186235106524123,-0.0480625990767254,0.0578127097707814,-0.152280546818704,0.618241006721212,0.237303734068602,0.399418116828812,0.253145043591015,-0.0305619761355072,0.252351138087347,0.0736063409342979,0.358495891659688,0.185455055142941,-0.191961252085392,0.507010662467861,0.564148937083334,0.192926068884392,0.320432864518902,0.451764029852842,0.463704463114549,0.202476333850505,-0.0006319754959687,0.246516168318367,0.490075817103714,0.167106883251326,0.230200086039749,0.202561716927814,0.156341653521458,0.10389596529118,0.0608166134671525,0.217053564896718,0.0716098668423737,-0.135429034937577,0.172126225665484,-0.0427920778275506,0.005871648224245,-0.119794019840875,-0.279077196139275,0.0175021306643346,-0.202615098257771,0.0582791900024171,0.0272006650215452,0.56135449452277,0.335894006294589,0.180814040893181,0.139759578866954,0.424486247232163,-0.233214125959171,0.189957972385636,0.0093367701992987,-0.165517895755137,-0.0332453750244056,0.210620778746517,0.0242667279598022,-0.140325264532174,-0.47917912809267,0.151951252032647,-0.0721429375094133,0.0304102365023127,-0.278383139163778,-0.0500189159277265,0.0195961884156655,-0.108434593894417,-0.162130721185707,-0.24815335325765,-0.0148694147175672,-0.281104355336705,-0.330086916959336,-0.147432755764572,-0.0557893979699314,-0.0279772620648919,-0.012024073183153,0.0791257032231715,0.0718243139686984,-0.103010437428549,0.0231376884651578,-0.130889668823422,-0.106838121793467,-0.23863955770963,-0.0043397711443771,-0.101649001423312,-0.0716367346571403,-0.359688094538115,-0.19150985893595,-0.268085552139775
0.539903914869849,0.179406395401685,0.189887837594108,0.23940272732935,0.644687757168094,0.597857165641702,-0.213234296749387,0.146915255642995,1,0.414867180001087,0.499241969100238,0.391054742438693,0.404894152650831,0.300099666585654,0.412805759905952,0.487334829772969,0.235729998014563,0.32940720043872,0.413826200256511,0.243375584964957,0.374730392275786,0.245726651380561,0.1942027576074,0.359669211741767,0.413866017010289,-0.0871239368301609,-0.405393099861108,0.478575003236607,0.207938434210703,0.0550198199177979,0.289894880025239,-0.088761152483055,0.428747601511753,0.281781170028252,-0.204588145685606,0.0672913429545736,0.129176235347672,0.141138267978113,0.13442590470994,0.238987675285193,0.0925850818557659,0.317740085134458,0.0569770499805423,-0.0484925864064734,0.279191340730372,0.41793061716616,0.307252473547609,-0.0513885355617518,-0.395026552277,0.112507253148837,0.169559084766184,-0.414613001749428,-0.496474818787177,-0.109064733844489,0.0903171542912911,-0.147982611386434,0.0376327726388675,0.373698426823403,0.193146078506696,0.273320964548555,-0.316589425485113,-0.211681959293058,-0.225937543298968,-0.214128925224563,-0.134829540020273,-0.205033336210317,-0.617054149585333,-0.239777279025275,0.0610799088775889,-0.582246517218335,-0.471013856391021,-0.291629844382511,-0.624076869223243,0.0600927764042928,-0.239851222226178,-0.449995867963359,-0.33543160839464,0.579124372030376,-0.0441495843658591,-0.414609315759782,-0.314540668278157,0.409179469619417,0.0100243648595807,0.495703342796188,0.202021773732681,0.273067433496242,0.350328939094371,0.698011899527483,0.310326723578186,0.773949916929481,0.722806930318708,0.279974739354299,0.623643979617939,0.587838767893212,0.518126790489405,0.0006082247768939,0.483343915604915,0.409882662674525,0.231077638964433,0.412581353050254,0.42342836882833,0.0338015482872253,0.0562622502345176,0.0466843231925371,0.29726437800809,0.31937922965799,0.267111792889901,0.287643119863109,0.375181664460964,0.411640750147751,0.362223394450018,0.226107591669617,-0.208577888945088,0.195474600119434,0.392841927672491,0.22441240807702,0.378324704566108,0.452668897367441,0.393078247195302,0.0674912484786219,0.314825471198317,-0.2255648897819,0.0015348579539111,0.211763480639833,0.444974134882095,-0.0808583552402292,0.342072408510362,0.407464852455972,0.241324652200827,0.253887001992119,0.339672534151961,0.273841307878548,0.138404822535036,0.09289732995139,-0.0184420922156446,0.0841769131138994,-0.245472523560421,0.105185137560457,0.110982113809482,-0.240114826289242,0.227297650509128,-0.375089917569961,0.183714722286762,0.41615242860019,0.223786412818835,0.190675184467632,0.281798509144733,-0.140731383104562,-0.0990126147369518,-0.0850269729735277,-0.290789159653015,-0.304147886234915,-0.443653576321045,-0.173662506861335,-0.294060056716394,-0.278720353131671,-0.449517967921097,0.138672659512308,0.282497227932481,-0.516536983157484,-0.223017486535013,-0.0856620111201395,0.5096021310205,-0.0347692962935473,-0.0385208700061057
0.536228867844971,0.178845142746908,0.715945985210091,0.166739157791491,0.119388767021119,0.423255328573727,-0.182376157299731,0.118933156390683,0.414867180001087,1,0.0991482427794353,0.122999758680186,0.552290974563861,0.239349868557942,0.249277016757714,0.152041587427167,0.054596342965272,0.308077525370488,0.247255086742446,0.0200099849514741,0.341293782706459,0.0937306257181683,0.587415866520071,0.247317365216253,0.0682737765139603,-0.0069587723557033,-0.266518619571402,0.632777356794909,0.723231518427459,0.447922838799263,0.322038749780506,-0.559126055986444,0.699768861932234,0.336173417547518,-0.231695991769819,0.326109903400602,0.233881903594337,0.409294658262547,0.578483619196047,0.42187053361705,0.108713752003753,0.506867374251465,0.200506604661949,0.0776295852087048,0.218010885328751,0.313075064020533,0.30634285435111,-0.364299913844376,-0.328562725575156,-0.174570624672022,0.307757304893083,-0.0131858256004046,-0.295779020027682,-0.114961067275621,0.353760126102339,-0.223493359308473,0.0708802256187762,-0.282864515229602,-0.412364348331639,0.378827967498982,-0.382388687457399,-0.539402114519611,-0.54035758411391,-0.392986147391802,-0.386242848561495,0.200592751360615,-0.68981713221581,-0.12728315715931,-0.179943662842069,-0.356762300735554,-0.349895222945095,-0.379219842814728,-0.539464057831229,-0.0857615500927492,-0.200799308181526,-0.473911985874309,-0.498779824358339,0.0229570936871222,-0.495800688239567,-0.569570177427872,-0.616517898221201,0.210974073615048,-0.0464451798249711,0.385876915401451,0.285152882705509,0.348342459654927,0.652675843797952,0.340946720522548,0.0199748098120993,0.440470246209189,0.337937113315223,0.70010739784683,0.131548189874068,0.70195554838659,0.441662994919565,-0.0079991162298803,0.206217906254727,0.0538111619602771,-0.0072224742892114,0.387149815543061,0.24928913996316,0.029578864790313,0.260859795567335,-0.005552622838473,0.192951786218553,0.172266652791098,0.536707089949711,0.27894467024207,0.598259143997819,0.61003840400996,0.106723189512753,0.427311792530023,-0.219606893722831,0.385468118805954,0.6290569714094,0.552942992439913,0.577660314274641,0.398664044166537,0.771120093478239,-0.209961105746959,0.64787054068807,-0.267609449577195,0.240098648226255,0.505905832471648,0.652434340536095,0.0336942594797202,0.307287525085497,0.550154800562524,0.363028683704332,0.23302094270948,0.35139444735601,0.379896823012083,0.587098004650806,0.310962847824459,-0.201646762792812,0.0196227784141683,0.102230267058767,-0.163016238125348,0.323386952553598,-0.194404018678394,0.199073908711026,-0.316715891524743,0.183674444907397,-0.173788349370188,-0.431992619248838,0.0040432473220817,-0.0076255094413471,-0.0628449983513685,-0.167829945990945,-0.0709913334848885,-0.210821979466737,-0.361319746162421,-0.480763978068863,-0.469767682304681,-0.414185692684699,-0.407544008247929,-0.120988319194891,-0.0696763576521661,0.043229272437771,-0.352729884032684,-0.375365589661096,-0.177520547109665,0.0412600860468514,-0.479449729352442,-0.461423991876892
0.262728640758093,-0.0475064317919479,-0.251041171135545,0.394641365053686,0.364098471460725,0.133499801102951,0.0296544975249305,-0.0926343017409802,0.499241969100238,0.0991482427794353,1,0.292077639013326,0.397209319598151,0.144001513124454,-0.0521088140516414,0.256492049541583,0.211310773548512,-0.153303109330297,0.114116088189215,0.112165071081684,0.2040217411986,-0.139856005525004,-0.218274153016885,0.0511678209208272,0.181307930814463,-0.186349164156616,-0.273091551805098,0.238322218539246,-0.290174634785744,-0.509992398858644,-0.0288415127360727,0.36349505121805,0.412656996361277,-0.0749283913312773,-0.055041876911952,-0.163491876340369,-0.104238440008511,-0.289279258890881,0.0552007504934159,0.0314863479869638,0.0660716971531732,0.0048291504952928,-0.122358937070529,0.129394917931997,0.314764698534683,0.532977716137807,0.135968612730291,0.0469018923843894,-0.388632073169557,0.0457318467074533,-0.219520660947545,-0.367058043912971,-0.429704257524673,0.0609947379133958,-0.0595181140654272,-0.246497556905392,-0.254024238094632,0.686882602390369,0.406109864223494,0.14129292163978,-0.280805268679971,0.0027576309062305,-0.0741107387335461,-0.0440937867445995,0.269823143214793,-0.0108694114199859,-0.407297981205217,-0.255057652047857,0.181007898155262,-0.372919876510459,-0.311759092763565,0.0451107851497641,-0.304527007484941,0.218575329720197,-0.141223580660268,-0.242034419689422,-0.0277136773423897,0.733358505466331,0.285386453179529,-0.248336772929113,0.0298676729879859,0.275128702774237,-0.0574696844637331,0.565043034690647,-0.0868171313613206,-0.0801096276061011,-0.136783879721149,0.151533772449324,0.492370801858065,0.371696174917718,0.389685923524374,-0.22353755854548,0.715649866035136,0.455320563114202,0.0296438996740014,-0.245406111668478,0.105937880190738,0.302546455838793,0.105807478611929,0.0205565032581123,0.161491044067011,-0.0154201170643543,-0.182347750485337,-0.0643450593921634,0.168625098051859,0.0373429358023621,-0.0977444804334002,0.148973670108514,0.131933004177827,0.151886449609044,-0.102335855480361,-0.150602700327614,0.256287851664484,-0.161304924527723,0.0557746289748504,-0.156823875088626,0.0786429369899341,0.229063089293237,0.169802878284034,0.403235333580669,0.0417838522953646,0.177009537214087,-0.120017443892971,0.0195915502256432,0.141868391257021,-0.216652033787544,0.0036871136342193,0.200755660737511,0.0660174356257733,0.15333036121921,0.555679528853834,0.261716516981319,0.0131967586304993,0.0504288708316528,0.0091514973287603,0.213009214395361,-0.354343991311495,0.339201367360834,-0.0186819279726348,0.0323199939385708,0.415631307213316,-0.228479184683941,0.123404541084658,0.733555677429078,0.490961159105366,0.193634333541737,0.403496068163859,0.206295771446278,0.0873329453937198,0.372253833142627,0.0141913685180802,-0.149306461941383,-0.273154131293882,0.262344809713426,0.0569470716087763,-0.0184007924035183,-0.230125774453107,0.397823884493187,0.412388703151365,-0.172937982393932,0.0213282015981353,0.153736549819805,0.788593336992648,0.279820958236781,0.344294451886064
0.409468250277096,0.692899857452283,0.202567626093286,0.359520322444957,0.371506158930651,0.357918804706697,-0.230730202222901,0.730910919172624,0.391054742438693,0.122999758680186,0.292077639013326,1,0.622001659198341,0.161730888147841,0.350441113808375,0.371088955570537,0.310055208284927,0.0305481948284285,0.228935485749779,0.472301939728515,0.123608470843259,0.258671644781221,-0.0934271153540342,0.325455267363495,0.389185288433589,0.131567947071431,-0.19169349326112,0.0599152117902234,0.0198091187801575,-0.0334193489350536,-0.197714220661146,-0.229706790943216,0.073079995961126,0.0359959449306837,-0.251684285198575,-0.234252310934691,0.312973842573452,0.0714839711041547,0.157355251171873,0.0077348201177906,-0.488907082648617,0.0803466565991525,-0.283576119868828,-0.203912512250234,-0.226162390937063,-0.0417980599514551,0.245169645025983,-0.324006481859575,-0.314598704111513,-0.126084382497533,-0.221028474498811,-0.104896848607631,0.0110891447345053,-0.174049758602961,-0.0285288613257784,-0.170194479440202,-0.314098787820584,0.0020334084443482,0.0439630784121066,-0.160880492541428,0.0237626611006059,-0.086832178966864,-0.172616414745428,0.052525412594493,-0.372212263131053,-0.187929093797059,-0.0616173003298254,-0.429571750595348,0.112105452147593,-0.252629854611319,-0.229113461200885,-0.436917293613158,-0.265010232942944,-0.415359867840098,-0.470113385373895,-0.150288215603961,-0.234950280522357,0.0225314472558246,-0.105812132972232,0.0188311589513082,-0.269922269813785,0.0674989582210345,0.0529013863233225,0.0163080979778505,0.579746181081152,0.099468460269147,0.3830737015923,0.401692324705308,0.0680815355802104,0.451688680582824,0.277003793338233,0.301320482875831,0.53744020865013,0.130541656013764,0.454793892405256,0.177735301035221,0.0685857308776129,0.453709511127948,0.386068193269611,0.312354831018208,0.303250234589951,-0.201978871868601,0.234550470385781,0.353236486708669,0.126764327379177,0.296178015821786,0.15511277290674,0.310904086828116,0.168960852766944,0.145250312645258,0.302191462942791,0.142700159771462,-0.0896388243319683,0.12273651937436,0.108865749983269,-0.0445966154456859,0.0773586536692712,-0.0284230729818737,0.0745809584203965,0.0235252493550752,0.161899162928425,-0.121221377351553,0.305023089580866,0.237509751064956,0.15289975216049,-0.251818424996562,0.378504917688543,-0.154243466347426,0.127349461507383,-0.0784099535257544,-0.0440680432642829,-0.0445164807885307,0.128413074600226,0.154170898353381,0.0686440390433246,-0.380162200081986,0.162797854735382,0.201120062121028,0.196353143378298,-0.304658711943613,0.0249633185822669,0.136473091234511,0.168640713791475,0.130030615143439,-0.014709459325177,0.0006256919850041,-0.185660739236939,-0.214426217447082,0.0396979103472512,-0.0182606829313769,0.0611266748240282,-0.237788954480456,-0.0309442650454762,-0.069627169340402,-0.192113803754077,-0.234136614362294,-0.325765706326751,0.0661402139041298,-0.0701086585282857,-0.117148640585294,0.0480050796241487,0.137597986230211,-0.0015280370496109,0.0074423531230643,-0.0641377906187641
0.608186729100798,0.607744021423775,0.503011110237915,0.556758752154407,0.290170688247297,0.3237879386173,0.0738421019036114,0.563897452816267,0.404894152650831,0.552290974563861,0.397209319598151,0.622001659198341,1,0.14872421888121,0.240538008545206,0.1219246382853,0.237017767042048,0.075225029522711,0.379202582193196,0.370135698678427,0.269609146096844,-0.0293170442229612,0.226822618139008,0.364029076820104,0.144031765115692,0.255108661311441,-0.0298604205733416,0.399197152220398,0.24969054508575,0.0552250795324494,-0.0576690348205584,-0.306601240379336,0.537544595073935,0.33143998674302,-0.0868839218415769,0.0287840494808753,0.316352822372188,0.163532925593086,0.537196043877857,0.233870037957933,-0.10985858811403,0.369026087095553,0.179662690003305,0.298681838954485,0.196687979540142,0.333296432160867,0.339246471325835,-0.280429270343837,-0.237420540544716,-0.22104072802785,-0.0972408465134683,0.0426760442249504,-0.174284152892859,0.0253938351242796,0.249231843400397,-0.228242866671958,-0.0867374407211515,-0.0887015033170669,-0.211810533347319,0.176344182242466,-0.0976080779466361,-0.238950079534161,-0.280144024314231,0.0169436630459306,-0.204015374866378,0.275400600379446,-0.455211433708721,-0.224377677533457,-0.245049228601374,-0.159194150552042,-0.124648273546628,-0.405685604463481,-0.320757522882547,-0.242125637260762,-0.317712727879724,-0.250197232482109,-0.348093988135493,0.101764775502681,-0.369000269268827,-0.438780631722336,-0.493412418002386,0.224001120575393,-0.0210123091181937,0.390472635916873,0.47482071164614,0.13597527942163,0.376371370670873,0.203480650282711,0.0931981087386759,0.294401326125099,0.251746389894594,0.345667627423171,0.450184794936443,0.377759959083708,0.417012579437732,0.135692545934124,0.107132502413221,0.199140293903727,0.280292795649959,0.419014340706828,0.321198772135635,-0.0047681186210906,0.100289549919351,0.296830456225002,0.146802930174989,0.12755596300273,0.273722110338427,0.166661957362143,0.344845318074492,0.256378028911364,-0.0925699364503776,0.0579171738886218,-0.186940275460765,0.303827935780486,0.19776867372932,-0.0028978157717774,0.111225432971703,-0.031761147068092,0.451890792047544,-0.0448145471640701,0.268139122138841,-0.0054575838652074,0.371155006996272,0.408277421117519,0.432751069892312,-0.0281651643386246,0.319531554241888,0.231063963403711,0.29596135368286,0.25405376956035,0.312521817226699,0.33133376320872,0.397055582878641,0.169650385219982,-0.367986141210085,-0.177037422977069,-0.039502954865509,-0.0560312493044518,0.213644369901843,-0.344095203134565,0.355918077184287,-0.274539408376284,0.0019317353103526,-0.0217185892414742,-0.325551990298252,0.000556853497025,-0.123853527398713,-0.139656694442375,-0.376625458329873,0.131678810656186,-0.220279364544628,-0.283068994166849,-0.445958435186698,-0.100233376286723,-0.251175831161402,-0.0735694257548823,-0.234082435412639,-0.201052373648272,-0.0032457836754926,-0.354548975798371,-0.447965889949778,-0.212652656682411,0.0794191060735555,-0.460667816924246,-0.463266023083843
