1,0.660770945286945,0.55445171953024,0.703613612326203,0.561110279408404,0.0235783846399488,0.604691455620096,0.471087819302261,0.496905385497475,0.62338258851316,0.492451983213409,0.640330577895172,0.791709886561477,0.314755584007049,0.505187099828503,0.400796405688741,0.330852696099319,0.180580586176092,-0.13665373664023,0.390239568976735,0.639757381733234,0.479731655921889,0.205663422572353,0.55973849934738,0.475150847078963,0.430816221975915,-0.0146006832440287,0.415596596172015,0.044865240472191,0.320797673435597,0.0124964709752614,-0.124421889651424,0.352481145298528,0.300561296973717,-0.321446904342502,0.0761494534455526,0.540075774502573,0.099280704085658,-0.0856919415297333,0.163905888129445,0.280001667889146,0.31519525489043,0.205275866200126,-0.0088674481614727,0.326734011414205,0.428867609503087,0.484727357433734,-0.19279878183583,-0.289822711739504,-0.157402096963378,-0.102742077628008,-0.284700720361782,-0.21221368529502,-0.286348819355845,-0.0848795713347474,-0.0959217339621592,-0.216621578781895,0.177269106780041,-0.0619195064979668,0.234382073221397,0.0058150468603379,0.243661826667406,-0.140907032771809,0.170287824903281,-0.0128135678995224,-0.302584046644189,-0.26725547515295,-0.0317933162847115,-0.229759668092859,-0.0861303297108635,-0.126405612577054,-0.0291197538846502,-0.246630613869684,0.112510868209574,-0.294005975962569,-0.321700593715648,-0.233562911357636,-0.0064498737780533,-0.21220090988728,-0.0955205191626446,-0.257746741406977,-0.0242770568949984,0.646885560166095,0.491289306478084,0.756530375715203,0.693371646019585,0.320868091278148,0.341742385803505,0.470200616154078,0.169204701637936,0.466040817066136,0.423115243192969,0.44345098803271,0.337773425769108,0.396114365738799,0.303035269666583,0.193813777834698,0.404442032460564,0.244555978521649,0.0570317740920878,-0.256759229085629,0.567288999335901,0.333054608604474,0.0804831560418903,0.535117704946382,0.338076909430481,0.280550585886444,0.323174007730718,0.242147202073525,0.283855408739441,0.377026734432483,0.346247772818096,0.0752781039811057,0.161597490450194,0.074573282046643,0.0094770582943115,0.0388585704683652,0.322081901492237,0.356666197026353,-0.126189376973862,0.10112016531966,0.102557187761165,0.38592023666395,0.185293649735921,0.140841380536368,0.0029976563770021,0.203800412327229,0.343918279548946,0.25937451489996,0.327834679549353,0.26052064886396,0.297125363570012,0.124676845454185,-0.136150846860417,-0.119911762868572,0.129335782521273,-0.218763481350705,-0.142008185628858,-0.0270680751331387,-0.0853251610095966,-0.0132735654576523,0.0073723262829589,-0.181700984222044,-0.0514006789622983,-0.149110681937521,0.157402170123767,0.193854839747029,-0.0082675627316182,-0.190895397793886,-0.0567421710003145,-0.192521668064481,-0.0513808701449678,0.0048270909529893,0.24264515125748,-0.111999203726402,0.260400129785585,0.0540585975521329,-0.0651910871207963,0.131607176529937,-0.0892526426517106,-0.0959304271354035,-0.0499037204658098,-0.0181188431480944,-0.174798965087663,-0.0574085307524626
0.660770945286945,1,0.729353830246834,0.740625278341866,0.38454535124088,0.378411839678378,0.605394888682536,0.680025951937967,0.512468063132822,0.803247705270222,0.621696818964429,0.785842423630959,0.764735670942861,0.282482145659366,0.363508245094801,0.128409846045247,0.0609151890345498,0.0662753097313337,-0.259092671880376,0.107752497333087,0.267972827587776,0.315726307891048,0.364468362064981,0.31169554848249,0.302405931359855,0.582227359823648,0.155330532105872,0.455717357754282,0.119455409293328,0.295453476937033,0.130884950359819,0.124905502436311,0.519528133689605,0.381775389837695,-0.214145050213112,-0.0625860597654196,0.499850155640161,0.292963900861272,0.125451376486069,0.242959466297902,0.261199290318621,0.210099272508929,0.216174385788563,0.184253984996827,0.277661647300252,0.641018089101357,0.18965038716953,0.007220412837832,-0.310111152582836,-0.310111492314659,-0.0211683371706792,-0.182281840256842,-0.264128081458846,-0.0964407568230382,0.0139673458750944,-0.21116853882665,-0.235146023157666,0.520057517669859,0.27272352460668,0.0563526838163402,-0.0733638328879081,0.219367290223027,-0.135393627033388,0.12428931026078,-0.163359710035907,-0.266649885595748,-0.459426095494364,-0.0853063290409902,-0.413810848581415,-0.0902093728911992,-0.237850812472857,-0.0183636279767699,-0.330939316287338,0.196429291412402,-0.33254742641053,-0.376446144400496,-0.461850220283772,-0.0466296920393969,-0.323790549264054,-0.116243152152304,-0.224689130455819,0.0090826679604118,0.464772020079455,0.360213003009551,0.885867522786621,0.828334111855369,0.626406209335312,0.630382022819793,0.451093619375524,0.231307183425124,0.391874752710647,0.677473373185299,0.438484263926474,0.44001209280339,0.282572511699486,0.312070647284017,0.0221617789698832,0.333756712425025,0.232832426600796,-0.0241352499910783,-0.275892858025802,0.458716669460479,0.103664921277019,0.137012304744931,0.207579118864112,0.167328098503526,0.310351255057423,0.401499657937141,0.424936578340053,0.335317668092841,0.185524996851516,0.554743276111012,0.130520815004633,0.126322220302665,0.128958841318089,0.269093299706955,0.106309801311374,0.46634025812808,0.325762870422188,-0.0728764844150273,0.174963594158439,0.123113713596432,0.442721733887855,0.331056306749702,0.352844276309977,0.26674997730073,0.280439634127306,0.354421624695455,0.308112456361145,0.458079242478872,0.522748099822792,0.320824686658993,0.346893190005254,0.046292276657787,-0.256860237762819,0.131514709761967,-0.27188962014447,-0.0058389477762377,0.118610601254876,-0.14215107963399,0.266594420496269,0.263644521683153,-0.20501904241865,0.203428773087171,0.082289846205744,-0.023897289310472,0.310295069356337,-0.159307420386955,-0.381190859193965,0.0658413391864321,-0.265398306887003,-0.190757712078526,-0.0883153392150219,0.165706347968577,-0.181916506221103,0.299272590375317,0.0883452833415565,0.0002383706959857,0.133120519265817,-0.263149500996192,-0.28647665018172,-0.358191321296157,-0.0731247878628065,-0.232742683904392,-0.0544478738106043
0.55445171953024,0.729353830246834,1,0.487884889245211,0.457054948155217,0.147040119847127,0.814575255867766,0.790116821182085,0.274727123012881,0.830420681839825,0.404211019930261,0.601347818414465,0.694674478482958,0.329782656145975,0.559954465385629,0.392920502705107,0.310422930557537,0.246929576842734,-0.0247814628502705,0.273751496249134,0.442219622834554,0.546585832277661,0.475537658214165,0.304660970347897,0.394412842538213,0.614746294703296,0.185889297820691,0.391934630549972,0.18068112137754,0.487111462821564,0.235536835630796,-0.0510372510788213,0.522435132956042,0.365069049183835,-0.368013557374037,-0.0748924841457833,0.540773107439817,0.284645149955914,0.0231273362512192,0.254563775323175,0.299456258377997,0.29992415625504,0.244955248313325,0.0859522683595762,0.287419874529404,0.499337193258247,0.241745210059898,-0.243841380777308,-0.278325462856574,-0.267277599275674,-0.0601874009227935,-0.174244583759352,-0.360886510325349,-0.124282973995194,-0.111651627758092,-0.261580423749969,-0.257408440051536,0.3356728184133,0.26657644203001,0.119838035631012,0.0566949219304187,0.332613642012859,-0.0358773942754231,0.26161953908851,-0.0130059089376704,-0.290327636957832,-0.321402782809768,0.0515929272444771,-0.249735448044137,-0.130223945525439,-0.22933395606344,0.138393887946711,-0.247121593313772,0.277738915296079,-0.319679757631944,-0.380527076141248,-0.397623413886287,0.0016162119577422,-0.203640093639974,-0.0144860024424658,-0.185194113684212,-0.0395593033042906,0.496997372131365,0.210338317628848,0.773164988545932,0.49977370805547,0.820647035045911,0.425013806369856,0.368025993329523,0.0031810756085181,0.254015103553492,0.814210322294032,0.24254686668926,0.393448565373765,0.425119355321946,0.44014907156244,0.298147656597186,0.437250098053833,0.41176915370867,0.21350794506585,-0.0681058839759991,0.432140915258261,0.357346897061381,0.209111143314041,0.391014262776553,0.47229997651715,0.561427589692587,0.584032839589691,0.31954691761551,0.503239479386007,0.383520497811307,0.417285855006838,-0.0374113871527769,0.207338075343826,0.0491281833678197,0.181237375274308,0.0816620307440476,0.475315851897148,0.232253474425454,-0.284174488143503,-0.0116240598393854,-0.0362543727770672,0.42400992475875,0.348606378703913,0.164469780338875,-0.0007922004520853,0.261662795510637,0.392402534727674,0.341396548024239,0.38393927178926,0.340327043466793,0.264413987304476,0.229024081939978,-0.114869735323539,-0.284260281299235,0.210735431043153,-0.213883694301602,-0.0642411952783492,-0.0052249009701259,-0.344827071500676,0.107820702079596,0.176601186411859,-0.217496559492543,0.0967818643719989,0.213258981879005,0.0269738788612806,0.391670244036818,-0.222106458544754,-0.298459267241482,-0.0901837472717488,-0.155997213649233,-0.089812664593309,-0.0682089428239901,0.0797665664684543,-0.142577370451268,0.218895910956603,0.0107133104647436,0.14279859556795,0.0306843494044949,-0.184166952523066,-0.263708538971698,-0.25563021825972,-0.0649302411974251,-0.227831380328258,-0.257727756414627
0.703613612326203,0.740625278341866,0.487884889245211,1,0.567047034678651,0.513725226257749,0.472641033224292,0.466908024537877,0.807463959088834,0.591853716171078,0.730056365794889,0.846650961714434,0.801234437168332,0.193056001853059,0.307846282973763,0.0506800097618219,0.0017323565775164,-0.0479719343075724,-0.187412126029111,0.206650456732192,0.304713888935162,0.322340804672896,-0.0253232234856794,0.210343706981608,0.383509528432635,0.432261243352937,-0.147542132262516,0.365750374003074,-0.274919589619284,0.0834835231308792,-0.189435131387745,0.216246920186201,0.208103037080213,0.0684779604457207,-0.198135691425781,-0.0445661027537938,0.331362510780956,-0.121294240255722,-0.213388859928691,-0.0379057727989867,0.0424374453838065,-0.0206692365765574,-0.0406373287535388,0.0150464503887267,0.0542214010479779,0.335965258101732,0.238456607995494,0.0355942679584493,-0.188708167118491,-0.241824697747902,-0.280425743565675,-0.162520861118038,-0.112506038165486,-0.0040646593472722,-0.256980581753026,-0.0677694230397175,-0.0772270967016636,0.479060595839478,0.156136812163967,0.0476926812220617,0.15051896328756,0.285117850554535,0.0736358060629687,0.164694722793739,0.11411348628824,-0.0359743474774619,-0.118087728418412,0.148527488930546,-0.124050079164524,0.115143199789186,-0.0218702289815013,0.107452376328717,-0.0119399548769857,0.110579444824527,-0.120853369005362,-0.238172635895802,-0.173926535406708,0.157099530105903,-0.0080259065266487,0.0647218725591707,0.0184402964843411,0.190500235903567,0.434684176084752,0.47861624088158,0.656197703146793,0.824032270009367,0.24062924515998,0.730260979518904,0.646041381465651,0.63254336174074,0.649606406343132,0.468892935851061,0.731630558855822,0.325460423514379,0.220921666374926,0.274464660876644,-0.102267646522726,0.118128237015137,0.0472280521841039,-0.127492741453145,-0.311519686533619,0.379046565284876,0.0655660434909282,0.115067964635876,0.199771880889822,0.240439287424111,0.203067850738461,0.217364242449811,0.0910631039608312,0.305968209902553,0.290950357280398,0.29881273654141,0.238603164970483,-0.109262194844748,-0.0750866425615116,-0.106117521760602,0.115730069364424,0.412145843616827,0.328315294416631,-0.0925188378364557,0.0722627894293259,0.236511901449374,0.231549624255159,-0.043234673187365,0.0553840171277832,0.136003905899352,0.0107771234024629,0.107004609241432,-0.0105116167581535,0.169786973197238,0.313744927816831,0.16609121269865,-0.0476298574526231,-0.0505133301048347,0.0425798834197389,0.265065871991306,0.06368661700658,0.073454838349288,-0.0093828822796822,0.119227932017364,0.109713015509097,-0.127731107758026,0.088363938828311,0.194460104980352,0.0334049344513894,0.0666631211942394,0.196334275067261,0.184542362110147,0.0033612177427302,0.0776823432216314,0.0019572761613055,0.145321853016373,0.241689419901466,0.38847135922161,0.163843539026938,0.407850596765532,0.238674734341897,0.0848038997961046,0.0662504790181502,0.0915226838087215,0.0655932119557246,0.0493505353386737,0.126520552222634,0.102708651259095,0.190854723998084
0.561110279408404,0.38454535124088,0.457054948155217,0.567047034678651,1,0.136996536373537,0.492823073575466,0.516857954151831,0.616708645230752,0.389242829479747,0.594842798950335,0.511245010068799,0.590031279490568,0.320615065919483,0.568879527881186,0.358473026831653,0.358876955905381,0.205570744821205,0.221750062801213,0.517739906725284,0.521621474811882,0.552187470640235,-0.0459156774555516,0.183927912885642,0.292784788190499,0.130478649468696,-0.382282834677435,0.0456685624301173,-0.242270114317164,0.148296440502101,-0.29507158946658,0.0992010426976204,0.0086911245377318,-0.0285161466063063,-0.160677679561683,-0.207405671915754,0.216330382420193,-0.189758513166513,-0.486054639936374,-0.0665399991796781,0.055948516038608,0.0798217593448522,-0.139740797348719,-0.0548076001036227,0.0456737678497671,0.0691866624171654,0.441219156529876,-0.315942946088925,-0.0945244191316789,-0.194823017857506,-0.395389053625664,-0.371008167753743,-0.296032816897506,0.113256437210676,-0.339787153521707,-0.0885454922339357,-0.214408550543975,0.258984064239404,0.100225280066988,0.249993931442119,0.193128010336578,0.278705012721554,0.0167350185792514,0.0519654293730235,0.154970130351619,-0.161078389573489,0.170550777010234,0.353342829746008,0.247999022791135,-0.169608669771507,-0.150047045403705,0.573145271752197,0.242672263338793,0.410759649137882,0.0287431053477218,-0.123948757901463,0.182143476024689,0.511120178661323,0.295648960080473,0.344488936677014,0.121907982330019,0.310141465546487,0.234466266695658,0.487066885026173,0.408982492659281,0.386080131521906,0.28806573779447,0.468724218576784,0.703845218850254,0.464811133134919,0.706368465338088,0.463126717761389,0.536145944803526,0.0740853636680543,0.406182199485486,0.46578143155251,0.297964156227377,0.230561599305628,0.24493548718586,0.195045002670513,0.0607484675161453,0.183360958024083,0.385262115958173,0.267510643744449,0.352361736707333,0.43821769712339,0.369744615445232,0.339579416774449,0.0051929063698356,0.237113354614474,0.315067601639069,-0.059661117535363,-0.0028226016379117,0.146999164823793,-0.121438774221437,-0.220620241965953,0.0160005287666661,0.26441165680428,0.143409723420056,-0.0582756471378186,-0.204642484897368,0.0165891632205358,0.163355303069892,-0.0534342236920243,-0.253579814291532,-0.185720535409017,0.0069699078746533,0.0895402172032663,-0.0072249429903689,0.031238930050974,0.0003144185166443,0.194290398447385,-0.277904347308497,-0.216306109237918,0.0362405582237056,0.178943025683105,-0.0108695167906183,0.184746474847948,-0.135907804996167,-0.0004375262113467,-0.0122892734095747,-0.230787342690046,0.114934569444396,0.0494487665184399,0.192702653642191,0.267861540850285,0.382628335707931,0.251986503529893,0.241962891950288,-0.124778362239923,0.202213155257121,0.316982271775834,0.274167336958558,0.363236103623188,0.349004013048219,0.334511600401728,0.0391060741569939,0.49150104590268,0.245561492616121,0.326811708573508,0.244057510116721,0.313961319963453,0.420761927882411,0.262067246514457,0.143143872949051
0.0235783846399488,0.378411839678378,0.147040119847127,0.513725226257749,0.136996536373537,1,0.109075343928519,0.254914134986834,0.608489089142908,0.252685324080453,0.557311228157996,0.56551289677089,0.376774109933607,0.0599805929561716,-0.0029273125894282,-0.187746564086199,-0.17428828341275,-0.0367404908713429,-0.0103761558162013,0.034305725906812,-0.223962362238996,0.150538458525714,-0.215220061273042,-0.116636367346545,0.242881548025795,0.377431811008665,-0.165094101884001,0.229491769521797,-0.364177851890627,-0.0654322201006449,-0.165664940560671,0.402738468883795,0.0623827798512213,-0.179292638209878,-0.156132699056014,-0.153659516246915,-0.124299725464869,-0.246113347429405,-0.41240909604159,-0.190111626246959,-0.341003899756576,-0.290037780331253,-0.186414440335464,-0.346627683105037,-0.177280215073265,0.0058243201274275,-0.0131804894427839,0.30643857719467,-0.309463493865005,0.0182268587736623,-0.296414805953602,0.0424968449356126,-0.089918095340697,0.0106652301881347,-0.442105474204192,-0.0710840371981042,-0.031590209085061,0.455846821523207,0.238736607417787,-0.265378050278053,0.0748983737695448,0.0477991198360729,0.162403036564969,0.0474877743502606,0.0638177892128105,-0.0014310760322606,0.0639780789173246,-0.247578122501467,0.0931550954932768,0.14365639422837,-0.197605232564324,-0.0212059917467895,0.0258771514807909,-0.278829720418476,-0.20694781720265,-0.280152575583992,0.0016033904640238,0.261410874515406,0.263966431280923,0.0752771878084344,0.265397814199176,0.418502979260518,0.193183046749302,0.313377367301172,0.153177171901581,0.338548107973566,0.0067224687482624,0.761782696718425,0.41273222528911,0.726481043897449,0.40701833155447,0.232641924552138,0.612244871121553,0.234963303207014,-0.0798664330377048,0.111094364695703,-0.19237191733883,-0.120116297027226,-0.028515555938903,-0.0455809833984014,-0.0701341180276073,-0.0449121180847885,-0.153867413053469,0.200829322232292,-0.231101785501408,0.0939785437073759,0.173347335354954,0.156822802148637,-0.0823488477009503,0.277599814731877,0.129926087437631,0.108952991083604,0.136438656321817,-0.257444087143852,-0.286482618446091,-0.123668654074367,0.0760118441625725,0.373360182082196,-0.054860093458748,-0.226200301183633,-0.198045070221668,0.0433969661134112,-0.148098026223644,-0.262844101913593,-0.244685416528013,0.310009613929843,-0.182833327758337,-0.360037270136718,-0.285268618863824,-0.0886374039754802,0.0964769490650959,-0.0668930202097105,-0.287727754451995,-0.206857981227844,0.107943267790348,-0.116006420577995,0.0390053912299665,-0.0769083548265968,-0.310198417159651,0.0494255578290957,-0.203935372680433,-0.374189873545378,-0.0484266781281396,0.252917557696996,-0.0059023589569824,-0.0627684229466586,-0.189353148483011,-0.015067436527776,0.18646932238703,-0.171389085442456,-0.12329414238277,0.327386527177435,0.138098502544393,0.107201386413918,0.121833162658691,0.0942980786312233,0.047124426132152,0.0717891129920083,-0.112317248341334,0.109740544367259,0.0551969941569986,0.0331143101824808,0.238042725611545,0.349006067351336,0.426086762477422
0.604691455620096,0.605394888682536,0.814575255867766,0.472641033224292,0.492823073575466,0.109075343928519,1,0.735427580242737,0.409160416581885,0.682034667728412,0.432309429329692,0.562191397628055,0.727109511725252,0.214871798868562,0.464737505776492,0.325208361058086,0.23691698924157,0.144251383973183,-0.101119093616022,0.324393730607384,0.528898693668155,0.674819913246119,0.342864827713309,0.350728100315818,0.591981721736049,0.560368036445271,0.10597563172533,0.484010621526038,-0.0392805255958787,0.492057022025869,0.21469510595216,0.0197053338210453,0.422699101185591,0.345159639253088,-0.229031308086434,0.0473825093744068,0.37010569385795,0.0202209390630674,-0.169034724885153,0.0614524203772591,0.0892788128723999,0.112634073084966,0.0475861760079074,-0.0770032633449882,0.0764238527218385,0.257884965809393,0.221818523565806,-0.269907912100918,-0.12428300410955,0.0350980080405619,-0.119947232162455,-0.127882090005642,-0.123946525592808,-0.0078457727411282,-0.204388606129049,0.0093469873020645,-0.0302841192899307,0.231581040627307,0.144079503249226,0.095817794401806,0.19079975183019,0.442399441035276,0.15434414245357,0.425426491285159,0.292565900323072,-0.130291383593692,0.0109180923584532,0.0676137258495492,0.0068432978693267,0.0600074518546147,-0.0810581260380241,0.0266419726973194,0.0017496225689731,0.0195362000440376,-0.271033659767061,-0.154942481977315,-0.0272645678339965,0.137585369884575,0.004999074021374,0.145714367556172,-0.0325515065306526,0.0374482611977344,0.51605329702009,0.295798293769704,0.673428961270206,0.498917199232783,0.65257191561168,0.408906934870413,0.451996854882786,0.108591941052859,0.392839493466049,0.76978845981718,0.349027539075689,0.420132044545734,0.354312804905367,0.334910824612242,0.24154408352067,0.249446740452415,0.218090080142402,0.111079717897199,-0.137456783911655,0.323483051852757,0.437504072061486,0.145537018168854,0.405845745368953,0.60239822080232,0.573182709468356,0.539440013107282,0.173752823859109,0.522070952805985,0.567788930653986,0.277875243425081,0.11290248533053,0.107516379972189,0.00785835414103,0.0290716512619224,0.17221067961984,0.517095015428944,0.349909667336966,-0.202455114882671,-0.0530847915217582,0.0143922648111018,0.271326179446776,0.0886583454724713,-0.0149215688042408,-0.164181799333236,0.0663988815945894,0.136071418438513,0.0705007832612671,0.11493315794512,0.0822574919640009,0.138057687248072,-0.0164336480648056,-0.223415552183836,-0.029580753981651,0.0812936015494065,-0.0641060491680251,-0.0673878279168031,-0.0098052232092159,-0.111606815326392,-0.0806167590261185,-0.0425462821325839,-0.0395506571661523,0.0119126322756748,0.0147697135294931,0.0121573405517381,0.0594404327256348,-0.0168098151481617,-0.0653164257584349,-0.223791955564358,-0.0747375093682269,0.136310935779784,0.056533812084226,0.193164798727229,-0.0214789824581651,0.274192123133608,0.0491096789536267,0.0531048612416525,-0.127945471586521,0.0374488157046715,-0.0506860526592229,0.0745160169821413,0.0887802210517811,-0.0953227315061314,-0.126141457233347
0.471087819302261,0.680025951937967,0.790116821182085,0.466908024537877,0.516857954151831,0.254914134986834,0.735427580242737,1,0.373491624597832,0.78453296708198,0.386039501860397,0.607903078918434,0.689518311956763,0.422141734028043,0.522742690098753,0.329035966717518,0.315255624218877,0.251993038579634,0.0863644299007549,0.379768809791975,0.452762099063092,0.600925139998478,0.387461966955921,0.374156791881788,0.458575627872349,0.475894508512079,0.0943549305888449,0.358782720344737,0.0519626628285373,0.375065272469506,0.163627312073293,-0.0350105572418888,0.426298906040176,0.282205147696354,-0.135433558423527,-0.0227573911875303,0.404502064185004,0.119089527673004,-0.0884531756468231,0.238230514084761,0.222906594525286,0.193664246674272,0.171951998245172,0.0924122815751548,0.246570780285857,0.359479403028908,0.395184833452372,-0.167451717430464,-0.177270170008314,-0.0962304770028801,-0.0817810996098353,-0.170848445885362,-0.136501918722522,0.0207488495134858,-0.0830935861415031,-0.0348256606442888,-0.168266901587676,0.251462610860451,0.168435220600672,0.100700914255712,-0.0431660263999736,0.273229383054608,-0.0694680801943372,0.251851457525714,-0.0631867157615066,-0.289325775852162,-0.194453765838855,0.104471025844314,-0.214147217816808,-0.117055028692508,-0.166357830617346,0.12526386961696,-0.165363614547523,0.240994408681372,-0.137674221596333,-0.23805987373299,-0.171911706023494,0.0566674335441841,-0.154835595700477,0.106707420505313,-0.167368285314984,-0.0075912764673629,0.251763423986191,0.191365518996267,0.673140899712733,0.458669189397463,0.733234596917144,0.624203720068763,0.409271054988119,0.13459097398806,0.300773383655021,0.76707316996265,0.212709504366229,0.349444943449048,0.403610365658435,0.445216081847307,0.317394357319079,0.381870988418821,0.340817519040058,0.17354175795352,0.0207189802210143,0.280959995109691,0.375753351654174,0.325103281153286,0.389426994942622,0.509991942233194,0.574803809458884,0.603395466065188,0.327952430354822,0.573790292581684,0.453487536826817,0.26760120156255,-0.0324296324836726,0.216780441705132,0.0442857871554364,0.108173886665714,0.0249704780298794,0.467420424848069,0.186009326125205,-0.179593623787783,-0.0507536563475005,-0.0644924202442503,0.36995228389423,0.198093963427393,0.0503849755885111,-0.0394493407650151,0.25207359755963,0.285673869657628,0.276105612099437,0.30918357592946,0.315028329486793,0.365220093408379,0.111278368497271,-0.0714436791596441,-0.25472606892694,0.120360809759983,-0.222695391074244,-0.0187256876850382,-0.0294528646832031,-0.165271293986805,0.102934736321023,0.13536303301556,-0.174925867418874,-0.0710720650935876,0.0517595277249303,-0.046088255926289,0.302728209310063,-0.0772541225574381,-0.254892510378586,-0.1559177269273,-0.144516415976012,-0.0938066609888708,-0.0861681577439403,0.168080478255395,-0.14100412882536,0.274100957194806,0.0082086758329157,0.143384316820266,0.0177428166023438,-0.176177805625453,-0.211547771882712,-0.132420349095874,-0.0016676191457883,-0.214734855920102,-0.232328402806118
0.496905385497475,0.512468063132822,0.274727123012881,0.807463959088834,0.616708645230752,0.608489089142908,0.409160416581885,0.373491624597832,1,0.373698525058992,0.695539557063054,0.795131513582771,0.67401030023211,0.214986408741838,0.318975866933991,0.0880712672360795,0.0955337356611971,0.0782858270051598,0.0580343712170717,0.358999267343488,0.316880951902651,0.329913857557232,-0.205716311568857,0.154197438389091,0.365400101872117,0.37256842716932,-0.225778690645737,0.332646645585665,-0.339441355496782,0.0036774638340266,-0.288640208230001,0.318944293169466,0.022848283786045,0.0402650671131296,-0.0900105671968284,-0.0125953325530607,0.10263387283483,-0.213553724142738,-0.437329561719341,-0.104114101038261,-0.109414142682479,-0.0430825268890248,-0.0965235603633361,-0.15865645258856,-0.0070558070110221,0.117831974029678,0.307499180327029,0.0218699875323479,-0.235039036698553,-0.041183608176767,-0.332413806857344,-0.174145067677405,-0.0948217627717073,-0.0103522655619169,-0.335177471460592,0.0193557051225207,-0.0319298784292752,0.357945971287255,-0.0008602015544154,0.0761578510013842,0.10413364968595,0.13720853833709,0.0620846821300972,0.0769743879944665,0.154950495365684,-0.0498244845832394,0.105423266528942,0.0953578830876324,0.222161700488739,0.0996291619242608,-0.0756700956502831,0.10340465431294,0.247787817209172,-0.0460417801395841,-0.0662773967755534,-0.12988845578469,0.195046736228576,0.351248724889344,0.271866254363336,0.142826751802528,0.155713921869139,0.354219734749929,0.381974760352994,0.486365749575771,0.424548693752357,0.632230929855097,0.0494630315434076,0.794790476271782,0.729607107018009,0.874385807858232,0.80759907087825,0.36922752394226,0.820632661948176,0.214751148335843,0.253674613741532,0.351260475817783,0.0228820168270796,0.0762597442691314,0.114268169772634,0.0363900520134421,-0.0471953027817727,0.209774061865494,0.101810349722533,0.345494136126669,0.138693628172955,0.279257169301625,0.204995073721037,0.235548613915417,-0.0035079286489436,0.203393171874466,0.281945434663106,0.133097954631713,0.212970806094775,-0.0504454689306519,-0.181705880303278,-0.203830663337296,0.0539094792489762,0.315807247476519,0.317816023848605,-0.0966511149063386,-0.0386823170445209,0.119794219423843,0.0680294630692119,-0.168140758485871,-0.15336753110489,0.155803852282132,-0.035419237653322,-0.113289904435161,-0.144554908206212,0.0462066691538137,0.105706427450455,0.137543258403488,-0.247999571659498,-0.219175747350082,0.118887140001335,0.0106751250283555,0.0886895427779646,0.0035231347700508,-0.162575248578595,0.228112018575867,-0.085567524217941,-0.331151873390078,0.117139372212222,0.0772486143608972,-0.128355348513339,0.143698121284494,0.003071177955331,0.293006188262067,0.232785455209371,-0.0968761314863028,-0.0106943991737322,0.3362735029276,0.228092432606296,0.340126553702642,0.257252474751384,0.293953023260907,0.21475293724741,0.146469818165493,0.0351170362143931,0.327896250988134,0.256883696830507,0.289241756408422,0.288334989964558,0.298088761202834,0.376096763320084
0.62338258851316,0.803247705270222,0.830420681839825,0.591853716171078,0.389242829479747,0.252685324080453,0.682034667728412,0.78453296708198,0.373698525058992,1,0.480602336588672,0.652299202972107,0.79347519865568,0.440173249002866,0.416627659645498,0.249782757563186,0.296150602392318,0.25816775771653,-0.0502363466807226,0.280650545724311,0.325695474069313,0.419094099866718,0.419063771567142,0.448863759167189,0.300163022479311,0.533422411297735,0.261492702371419,0.44847702915556,0.173383699346048,0.38382832390683,0.210595650346366,0.0175487692707584,0.470734797158722,0.403260133639195,-0.284901214232296,-0.108377542178993,0.502712348830614,0.27668940709687,0.130237230797328,0.328472442626126,0.307509186091812,0.281520500141714,0.324333455662915,0.169387395160779,0.356348541738263,0.567913668640923,0.389227342666078,0.061555623616177,-0.323829017337122,-0.356567712218576,-0.103413107004188,-0.322638679531156,-0.338245197810353,-0.210707205938597,-0.0559119675380804,-0.221721965108278,-0.301253830537338,0.421663549553601,0.289472529238451,0.0528877380297332,-0.131085406288626,0.183199283695297,-0.147567058486866,0.158172450866919,-0.176033421086381,-0.274371597836936,-0.448850420640764,-0.0202767718745127,-0.443737970988639,-0.109363701808749,-0.288684134453528,0.0270048166532999,-0.39267342279042,0.181425868957457,-0.422126484224504,-0.453484914499931,-0.514374337608494,-0.0212632928898362,-0.36284268603219,-0.0945338496705317,-0.276743545263085,0.0414930452352682,0.491554491957027,0.348613592406882,0.791321325682735,0.619962474239466,0.68640031947196,0.50918768937337,0.399784804257701,0.0778610948067869,0.312155164629216,0.764686898431266,0.297953920667343,0.487566790931672,0.276374661847143,0.302346920891191,0.122317830692476,0.343326524883898,0.330530783355151,0.17746838214514,-0.128104719547403,0.367568931857344,0.1796302223401,0.21680692610131,0.298500233926384,0.194850274290939,0.43419487561358,0.430719007656239,0.462680005672864,0.411553634469256,0.269482681599916,0.493364948339907,0.170981505411303,0.155686020946722,0.0901706772526391,0.110196752377449,0.102741726990457,0.560602588349268,0.327952437389052,-0.0850614886330596,0.192027695903715,0.185669562759067,0.439234846712148,0.244192058907251,0.302806679637802,0.246027169984183,0.312833968689863,0.340026681268637,0.369559994836947,0.476243429830298,0.520965685629919,0.42951314171221,0.31987932900427,0.0505456266748782,-0.249395894487711,0.143047119391217,-0.288856770226503,-0.0476275423744992,0.0363023386535466,-0.090800833267606,0.262056165623027,0.276762191581251,-0.210057890073634,0.137929676986993,0.104493608099793,-0.0916869605386855,0.376582109726742,-0.10191596956676,-0.353847265923563,0.0985430064464386,-0.211823711065761,-0.206035726774483,-0.119784598839236,0.240440295253109,-0.146787835339475,0.366191349926993,0.158268677117601,0.126701186759465,0.110009102082315,-0.245319699654396,-0.290115161550147,-0.301308637000101,-0.0489244197934748,-0.235863370405968,-0.13655432815923
0.492451983213409,0.621696818964429,0.404211019930261,0.730056365794889,0.594842798950335,0.557311228157996,0.432309429329692,0.386039501860397,0.695539557063054,0.480602336588672,1,0.668810981568311,0.617349472313063,0.0477069480307938,0.179377734084932,-0.0341936760324428,-0.0947220356802791,-0.13018583064158,-0.132514965237319,0.0994193036309319,0.135565226271314,0.370619047380827,-0.0332757152683157,0.0937992600830511,0.339566377888537,0.359628005533061,-0.249626792628836,0.177885259525232,-0.35009764011251,0.0523656495736321,-0.295499419224211,0.611161253001689,0.223340119168359,0.0310892216310307,-0.106489145008216,-0.249099838374408,0.0506618427676703,-0.193458199369085,-0.369859937562036,-0.164218336232752,-0.08294330689768,-0.149115691479996,-0.242597984596191,-0.126066444842259,-0.0578053170584072,0.281959851396665,0.0839078190488823,0.0088777995637365,-0.153654750320272,-0.166170495570096,-0.465145494498569,-0.337397557145325,-0.240800234877892,0.110853072746233,-0.461899520490169,-0.04884952970033,-0.119070330727191,0.808551795150017,0.431515874579807,-0.06821379962065,0.230419449645849,0.30102174668059,0.180313007274597,0.049375600915736,0.207274342553975,0.0091190109534531,0.112238820226302,0.0359876962867028,0.0600149080094295,0.029640342846999,-0.130038152960313,0.226125818832268,0.0992497761759369,0.0584487649287707,-0.163910477744886,-0.27707034879922,0.0100871511372269,0.573925747570758,0.322705469146878,0.28422933141501,0.385181418854853,0.522077680151109,0.459586825605123,0.67089536621292,0.528488979099399,0.652350348734913,0.262537977527664,0.655139760217722,0.780815584272729,0.62032322730974,0.76784233410194,0.480792529049532,0.848069013810728,0.257111009756685,0.0539185504469325,0.152098621204777,-0.140355176003893,0.0162485634457827,-0.0082738321829128,-0.06301387656264,-0.232695262852979,0.289106300374452,0.0126904593771315,0.0877091300893049,0.0889363611053477,0.2269974706606,0.292355709018709,0.266577916023961,0.0327086049951346,0.385241602091703,0.260034421810781,0.091231679312689,0.358472292379434,-0.251830137817713,-0.316772380368932,-0.174425413199367,-0.0950332313254017,0.401280738964481,0.158359707766317,0.0102459647609159,-0.161488109676528,0.19505357306127,-0.0673926304478844,-0.138856364656698,-0.144365106548105,0.14789039135613,-0.151517064711293,-0.0971164521606743,-0.201221740234719,0.0696972621682271,0.239459722438102,0.0244876455327085,-0.25471559665899,-0.246705570881719,0.1116229107793,0.236646434297552,0.0101794792734185,0.145368468276566,-0.24818230899172,0.0649428896524039,0.0496347048787745,-0.227194257426605,0.0841532588801315,0.523176907733055,0.26518511335269,-0.0016583228183593,0.10767176213558,0.120021531051545,0.25761848055981,-0.0286766280609174,0.0414898020291281,0.383109934111575,0.373174891365053,0.487145336325294,0.325484112523091,0.372433250558979,0.159439241779351,0.300482516953255,0.0491523403747966,0.248819570209994,0.212794489335853,0.180711505840217,0.536368549261139,0.416284332937453,0.501210665379177
0.640330577895172,0.785842423630959,0.601347818414465,0.846650961714434,0.511245010068799,0.56551289677089,0.562191397628055,0.607903078918434,0.795131513582771,0.652299202972107,0.668810981568311,1,0.857840385250307,0.277159305369292,0.470195508549553,0.201710016570432,0.168133986469264,0.115705975256305,-0.0758854029477464,0.302228872468388,0.361819767362513,0.339038316527852,0.107114695326774,0.197976946117573,0.377704134037327,0.654272296696384,0.0323562506089779,0.482380283379091,-0.0571881857071526,0.157497076637497,-0.0520569512189056,0.159297945213988,0.30484413735547,0.197469142756852,-0.222662164421351,0.0689654457439827,0.422092473577954,0.0986442649937277,-0.138244435249641,0.156704394348048,0.167926710108483,0.16166454020876,0.176169431149081,0.0301780577850299,0.232847000406457,0.463535039255672,0.303140560950505,-0.147771060953782,-0.349889043397225,-0.130888865223159,-0.113084546887068,-0.154756671180406,-0.234133689676487,-0.158938452655147,-0.144320096693945,-0.13118849915946,-0.136114981303206,0.424629847669825,0.117393419485899,0.195571566811546,-0.0351414926350385,0.0881865257610636,-0.107033563110306,0.0578482081193594,-0.0220324273764112,-0.209738979588381,-0.254545658981222,0.0241389252485557,-0.104388284858029,0.005929727222378,-0.164916638469517,0.0014192969974876,-0.0457480326436019,0.126086297707179,-0.187049249497776,-0.293697394112353,-0.159863134228849,0.0089829176718295,-0.0723091134070015,0.0113168169300752,-0.0835169245190497,0.0358668882933189,0.515984045169716,0.297694748233294,0.752161348815749,0.750261486042835,0.434741210909794,0.795809256666642,0.5377958396337,0.575181247039739,0.535406073478383,0.579053356293817,0.669172568463784,0.260008718543595,0.356336396952639,0.434327862148241,0.0835736896837098,0.303210329196042,0.300647725508903,0.071927653795031,-0.124997597178487,0.394684866201659,0.170278075106489,0.345927899160682,0.209595787731323,0.255006793747129,0.273935857264369,0.381017118581496,0.22587154107726,0.324035519468647,0.249817089652593,0.404067158460297,0.229682010684309,0.0552525878189114,-0.0517124864377598,0.0081187660768713,0.0208214648270941,0.337255513275935,0.301105046264954,-0.240827228931152,0.0768893716144406,0.150257415898898,0.349514340563841,0.150600001155257,0.156469587476347,0.112506646206287,0.181520852911113,0.230881082925596,0.187543685666829,0.355344066291745,0.413731919526027,0.303934251773583,0.122900496195454,-0.123588562629195,-0.153843463852171,0.16200303494929,-0.0714528097667889,-0.0588782877285131,-0.0732957409526522,-0.0218980867162413,0.0940485241001444,-0.0221301864002721,-0.0901312497102992,0.0629692883449418,-0.0236345531941914,0.112094342853986,0.251026804185017,0.0388526748992338,-0.174183095331017,-0.0036207266588494,-0.182491846127387,0.0465917709375649,-0.0050359419884533,0.198045912838965,-0.0108503339396347,0.277082700640551,0.211144250809738,0.0378660381747355,0.0553411351094145,-0.0145858596152862,-0.0819500640769792,-0.0983995942739801,-0.0582856448579197,-0.021415423826904,0.109233375575971
0.791709886561477,0.764735670942861,0.694674478482958,0.801234437168332,0.590031279490568,0.376774109933607,0.727109511725252,0.689518311956763,0.67401030023211,0.79347519865568,0.617349472313063,0.857840385250307,1,0.33089547739414,0.478781329631933,0.240790799565892,0.266298248561402,0.149055694595931,-0.0891390840165169,0.414919633173,0.439775757237435,0.485914767682367,0.158833960133549,0.419319256168268,0.469576842602042,0.542633831871281,-0.0288796527524577,0.515572141886288,-0.124338458117159,0.26445281756539,0.0029259749413735,0.0064021680517253,0.281344882195003,0.217464607943503,-0.254628775497947,0.0742472990614604,0.440564645511874,-0.0361875840538705,-0.149283484635862,0.116421294256314,0.171997220203794,0.134407944538577,0.170672466468432,0.0225101659748032,0.235080834237621,0.378556807503738,0.420277219464329,-0.116159199633014,-0.254936488062377,-0.11480944805564,-0.201367186041155,-0.296675007603161,-0.190312038435611,-0.168917456819028,-0.232156161563464,0.0221029403619723,-0.0531331729122529,0.338297191154396,0.0848248016032643,0.115099535925431,0.0382507925775703,0.25645390534012,0.0062839711188667,0.27571171762274,0.0915817905612493,-0.200265411212485,-0.171120215024319,0.0848415401328197,-0.181875036670251,0.0964594731430013,-0.0677098968648983,-0.0117420291359876,-0.149978925232351,0.0866749737622053,-0.245531143093634,-0.268831030349067,-0.191996095264932,0.0205078173297833,-0.136720158071824,-0.0139119169230168,-0.113487923988324,0.0383398378875344,0.556372162321809,0.397583823614417,0.818945157741608,0.733277995071826,0.499650864046469,0.64603241546852,0.535048075436421,0.385209162338769,0.524432703813109,0.717360944237388,0.576459012279427,0.458602422831708,0.306167866850742,0.394542103561072,0.0878506655836101,0.279478536687656,0.22034666600122,0.0824563495027753,-0.172478835472403,0.373334217515537,0.295632639973525,0.228268052814393,0.348560714803218,0.355723068583658,0.397689619140466,0.383596197718104,0.232995053548142,0.376549553878047,0.401046077787259,0.323903368505211,0.175050095748747,0.0796337189036878,-0.0362727451536654,-0.118038673719242,0.0877673371522781,0.536102466689128,0.425726354394326,-0.218873741578828,0.075116925486605,0.160501714974964,0.37313507228731,0.0256675192406478,0.0751226247871009,0.0179205830720513,0.122053621423843,0.193098133876867,0.147860215624577,0.287709967815665,0.320760032267695,0.316782926786862,0.0482304633279066,-0.132225602016076,-0.0964571650749202,0.162559351783994,-0.147609157143225,-0.108816038875465,-0.108018854770733,0.0291044746820487,0.0409126576231577,-0.061800913978533,-0.0683409813082504,-0.001623310528516,-0.0745386528774965,0.0415532303381957,0.181324940779925,0.0486594626993706,-0.154044171140564,-0.0778096175263141,-0.153063904658669,0.0377493311362797,0.0206307679522301,0.295339903664153,-0.0371607211599603,0.392930797462418,0.190496793995596,0.0061679303065159,-0.0330308627679618,-0.0793329044400654,-0.0996675241005843,-0.0207727499112557,-0.0317402613748561,-0.107671175638828,0.0022017287810238
