1,0.846250148778034,0.436302392953776,0.809765607052173,0.492920582966168,0.489750393724148,0.626060802373705,0.581619791328754,0.697208600547031,0.601907025538624,0.798278956252936,0.59828440666918,0.802309250672364,0.07310328342772,0.167707859533892,0.218025487687663,0.131471748509652,-0.260256675402487,0.120617928461954,0.268990481891447,0.219427316868013,0.31508462408392,-0.384481660045549,-0.108490502200406,-0.229420691910998,0.185718892573626,-0.201982484288287,0.226295064605203,-0.241133567977666,-0.363899371946895,-0.162177705735992,0.05318290408659,-0.345469105120284,-0.197789232081586,-0.18986254411709,-0.184867373637482,-0.261527786882919,-0.176823175100499,-0.134358560364276,0.0521974705659269,-0.0780320439612729,0.0072100943878356,-0.0966629171149825,-0.0851728916314125,-0.0397458093108687,-0.0632773353559852,0.101635421114547,-0.268035116328831,-0.239435275834134,-0.106656931519112,-0.248240316156669,0.152640269617911,-0.124364637237503,-0.191141262248628,-0.0634528401990561,-0.27862066126345,-0.171445268568879,0.172971413521192,0.0377047281575492,0.08387658700445,-0.102180204414722,-0.217629689416916,-0.103927507152193,-0.0524626428899507,-0.0786499682439215,-0.22926856741988,-0.19599556321349,-0.166860440750402,-0.365138581271745,-0.157862052381172,-0.127075020009187,-0.134763036705267,-0.308137823906474,-0.134160931105364,-0.258981671852109,-0.203451223983741,-0.0999375240129153,0.0345436689777001,-0.223727810786217,-0.0863222692343558,-0.193234296429914,0.261225829848917,0.699541701329807,0.647443737248485,0.847745156897489,0.840174482662506,0.586065457062115,0.593372963896872,0.53212728910021,0.768629797109377,0.512977762314969,0.70924006246489,0.759052377638379,0.505033645987956,0.324072676545277,0.154325616729076,0.0604155429123944,0.131707930609791,0.0212677784062493,-0.189880560875487,0.155656982687758,0.320017662972318,-0.0223787045838985,0.485647873450362,0.087782025099741,0.154845822253973,-0.16538617949433,0.176526160586235,-0.192564312954787,-0.202532393238043,-0.181938995850765,0.138185316691454,0.0379618764842248,-0.217669575578621,-0.407939855214251,-0.32362855744617,-0.362554198195194,0.0834274354017319,0.0192487909012873,-0.292853868473819,-0.224965369585312,-0.0082582619724742,0.153936613744854,-0.125612116771051,-0.0667770742782808,0.160567226216149,0.080303067891771,-0.342222026852013,-0.0924066313721268,-0.154507978812086,-0.112065630135963,0.0190437357787187,-0.193150899568065,-0.370682252812932,-0.222410245925255,-0.222058168072107,0.183018400031115,-0.135337313993019,-0.0626220242318166,-0.151577211867508,-0.172191346210105,-0.199778685126276,-0.189733342460203,0.173709098747833,-0.0856278718602084,0.0566543055193669,-0.229037230343021,-0.237563038425042,-0.145417662829538,-0.234496873080177,-0.304647099918159,-0.102071836308101,0.059753906263348,-0.0745706434412366,-0.124379267398119,-0.0853125040261012,-0.102770081496857,-0.113261470288478,-0.0361362900934964,-0.170266164405675,-0.0952262882804794,-0.0789992851354799,0.0432583099555735,-0.137087966277587,-0.0930835604757495
0.846250148778034,1,0.418779530179532,0.842702319209472,0.501536545603865,0.451631147162904,0.620724971228968,0.626365300698492,0.694695166268158,0.390150629091083,0.792930527108518,0.680848919918924,0.859779089806057,0.200441236346273,0.197324653688102,0.245171728278112,0.229337513024662,-0.20387373543291,0.167508033555413,0.250818293190219,0.267984663089898,0.356371428694046,-0.449606485122109,0.0467140115904157,-0.244831476762923,0.0237194181756748,-0.229339937517598,0.0753299350973187,-0.409928900462116,-0.410136118765951,-0.351535773110477,-0.0679494647909761,-0.48414562385655,-0.205032957822728,-0.294971927587849,-0.170208521384408,-0.214303358075263,-0.310424325109059,-0.270528042703482,0.0839232542740704,0.0195557569838049,-0.0075780069294521,-0.0949114571240165,0.0820830152343232,0.0769707962951394,-0.106766717102194,0.229751324084197,-0.34525339705396,-0.407382142514809,-0.199144106248587,-0.457820126538482,0.186958436781678,-0.169265503245385,-0.26323973861381,-0.15215802378828,-0.164985078749397,-0.210381735337075,0.206604408178085,0.112061783209564,-0.0561689206087766,-0.0573398736552117,-0.0139431406549851,0.099162870978992,0.149118870827116,0.0687552994149907,-0.145844482569591,-0.21999960973486,-0.107605580838827,-0.188729334385062,0.0082017926354019,-0.047769964333315,0.0605140948541545,-0.152967446923917,0.0016831280770206,-0.304279835242408,-0.0997952025514176,-0.0680251897797126,0.165425434386411,-0.0879647228960668,-0.0625760603634795,-0.0987065055964141,0.119220212676155,0.619454306703072,0.557018191045028,0.878578131251315,0.806022561766343,0.499601650213123,0.491921972327885,0.563475258064178,0.742312549875689,0.53452007678138,0.634954887516751,0.791410619932107,0.295246055665771,0.376267731678886,0.222500171318316,0.107118720181308,0.137213070049391,0.0502083421677164,-0.169347822754979,0.212618288541322,0.266942952385119,0.0573635719563349,0.463081713919271,0.162789759435471,0.231883323008742,-0.139938143371822,0.203300960807473,-0.22429180319844,-0.387975424471501,-0.141311561002447,-0.0085153189010661,0.0944191542178549,-0.316763957849543,-0.487133972424241,-0.413443176273615,-0.49839309844119,-0.0691030722380441,-0.092275576833301,-0.327392689266011,-0.261544982733582,-0.008959227500016,0.202166120899419,-0.209928847653141,-0.113996489154918,0.212000867490497,0.0948357716400923,-0.393917672323838,0.0220227864724814,-0.126614295163955,-0.23311606100467,0.224220256087462,-0.341615298526367,-0.481802751176856,-0.344845591195392,-0.134065073781332,0.126043410003766,-0.246216387769616,-0.08989865899026,-0.0200075164316963,-0.145894361100808,-0.33802188772688,-0.275105525958223,0.13910310744404,-0.0256098054752601,0.0106219422572706,-0.195821576208621,-0.268153378804101,-0.170416757013182,-0.299797186428973,-0.421746187127736,-0.118070358477681,0.0487938333840113,0.175655736457873,-0.0418008595135559,0.155563743815176,-0.118462374495026,-0.0312929089720673,0.0057448431945743,-0.100101167568593,-0.104993316236323,-0.113909695797161,0.108385477303888,-0.0643872014784497,-0.101642403038215
0.436302392953776,0.418779530179532,1,0.433687590972561,0.247265992806456,0.16094770270323,0.542312009810693,0.715761040612404,0.336159085033765,0.659111443118769,0.403333017038898,0.454965035155614,0.522399082230026,0.449541498428513,0.544955058717761,0.490605435930532,0.3902050892001,0.337220399228054,0.182333828625013,0.314190672124679,0.532611193345459,0.490226729338742,0.409506310025972,0.498589022577115,0.298570121901308,0.43178770752482,0.467828268574189,0.456739150520433,0.404269701969415,0.376686385725243,0.412179746504616,-0.104809373000517,0.344880592773727,0.182024747058604,-0.0319926960128558,0.410596896900755,0.0081961498595607,0.45281378535614,0.233031240042167,0.426286266340591,0.168345554072106,0.37400407182843,0.472507945156913,0.247219199435036,0.239268889165892,0.128394148838236,0.0248533678300168,0.155006435990785,-0.360397941002519,-0.10664403776709,0.250562629808696,0.162116572465997,-0.117497388866682,-0.055692665537737,0.276269859970721,-0.0946621966692621,0.0631422082768017,-0.163093542856345,-0.221384717964375,0.158175189749266,-0.126861930467026,-0.453608949721335,-0.18458190713159,-0.0711785558113847,-0.462204984501594,-0.476505889006913,-0.551269564517718,-0.330950710703921,-0.4599978954904,-0.0871645692583357,0.105917623579074,-0.41715830474208,-0.492608173764633,-0.0903559161757937,-0.459689509307611,-0.0537329816422237,-0.554866596992227,-0.224182748673745,-0.524309629061143,-0.623325369301768,-0.578270984653872,0.128903426620033,0.239884499121898,0.396094254328505,0.48375653181097,0.492824155427805,0.479046059695739,0.281260202413392,0.0050642985685148,0.317940740497876,0.124334554270001,0.482949512834195,0.280095383218952,0.299110956422845,0.424724015339634,0.0318776583771315,0.141685245378152,0.114251698176969,0.20987729717768,-0.152262924274103,0.217963356146324,0.426236167259535,0.259696854066192,0.347546842993354,0.453510442389305,0.326466844276564,0.41592823391233,0.516598699018963,0.502388798728207,0.263128941994251,0.336682832986963,0.517334396549788,-0.247191678665905,0.393403203086131,0.288419802074809,0.323932615000508,0.326480171104563,0.170941725056056,0.222488926978953,-0.266065468865329,0.432603007773723,-0.234263307905818,0.193060182139337,0.519640648376341,0.30442817447728,0.624429975283477,0.27561296324874,-0.168304992606526,0.290077482418401,0.194360366614298,-0.124976458268591,-0.0900946843166606,0.310979215679003,0.258362656288581,-0.0319981062718825,-0.122296955567744,-0.163740494077932,-0.280514168833309,0.0816395007079406,0.0134659738077078,-0.166533836357927,0.0655464318139893,-0.370149683396831,-0.11204455901931,-0.443557925413159,0.289346775328382,-0.246124618934874,-0.588996227995469,-0.52962253016359,-0.507104114913128,-0.495688221334186,-0.272212033512564,-0.523679406594599,-0.0930610468806735,-0.188407413723917,0.0520414443006309,-0.434930146039215,-0.471313895482706,-0.119170345365455,-0.537484324891325,-0.464668227325105,-0.568319499743126,-0.209427760828628,-0.542566503964053,-0.472297227259815
0.809765607052173,0.842702319209472,0.433687590972561,1,0.550550921392945,0.409116369330309,0.530861669445471,0.570363658084734,0.696121386868992,0.384028525804248,0.825695075129133,0.786044168126518,0.846342972797251,0.19192244340763,0.152253739073417,0.180474239440162,0.203090996480454,-0.167807100400648,0.142618015690702,0.346118761261039,0.320590754293267,0.388856790243642,-0.373857036082531,0.136180865051534,-0.0966066807600424,0.0500542079281596,-0.144351864948995,0.0538950673517114,-0.247555507210124,-0.34689798346454,-0.264442904181037,-0.0654930456971576,-0.381307859484397,-0.154908353221847,-0.263737776067381,-0.0637477812666391,-0.132685805751565,-0.152169361309278,-0.10794824325766,0.0929597021986981,0.169676373124469,0.107990085417987,0.0538740994839474,0.150004504790019,0.222916824236869,0.0123020277920212,0.332057778698293,-0.12977596307978,-0.423135740105997,-0.199191036716551,-0.352950780613766,0.226893257974341,-0.240070269053241,-0.294192037210267,-0.0852678343962458,-0.195052790181039,-0.245621193736968,0.176053905505969,-0.011638934554856,-0.0106183713760559,-0.0939949636455407,-0.190934721801431,0.0065273459076585,0.112680685871195,-0.019575595447608,-0.231001278128658,-0.337545655137152,-0.0203243803128201,-0.284662239058713,-0.0740086521211555,0.0209101828114093,-0.0461459721344299,-0.240139273401336,0.0641237644459344,-0.343658234108541,-0.155670178844864,-0.209596356528344,0.0095590572089955,-0.20293501736791,-0.157332635742092,-0.213176214055941,0.0986108668615293,0.566955343657679,0.474763078988886,0.875074913912976,0.898601093438369,0.580027230680567,0.560766384904068,0.444890383414245,0.765026164596715,0.529675493529807,0.593298712927118,0.743210489908993,0.238559707452224,0.336967532415452,0.109682862480189,0.0199511722115433,0.163664623392338,0.113111031834741,-0.130836008913117,0.229051294207968,0.326518201814343,0.0424135351251368,0.51747368055908,0.326056460697465,0.26906228513046,-0.0413225951401184,0.27361410711783,-0.0451642996978354,-0.248745924483911,-0.0043541051204177,-0.0166282562880317,-0.0309628942428809,-0.253194026961924,-0.47006379101502,-0.349791652261473,-0.425151951508901,-0.142260290957654,-0.166914027123951,-0.422327697045366,-0.18755736089035,0.0763174988097628,0.302829078473005,-0.106600451096505,-0.155995038568922,0.266378342878578,0.0434372140837203,-0.419612936335162,0.126007003449729,-0.0262445950332887,-0.226763256585438,0.221704087564601,-0.239813401572544,-0.496415982526763,-0.401233972570014,-0.0436229881130984,0.0578617486910413,-0.361201732095414,-0.217431094889298,-0.0810116792267305,-0.14090661814609,-0.394554306269809,-0.38861076061564,0.0683141951015871,-0.207748328244875,0.126383178938132,-0.155885532178896,-0.410895915694385,-0.316620095465662,-0.421930705627114,-0.496192946255048,-0.0536224229173164,-0.12671888978813,0.0795871705556187,0.0963103311214426,0.154336235890077,-0.0437546750450505,-0.16165540161803,0.126648145845318,-0.27423859077252,-0.234338965132214,-0.265202862879844,-0.0410547889525612,-0.233691526646402,-0.196067149381438
0.492920582966168,0.501536545603865,0.247265992806456,0.550550921392945,1,0.245443135826154,0.166875002974355,0.299306719029489,0.640520011425207,0.22430233931039,0.616947833730862,0.580357027634384,0.481048000055062,0.250996661726634,0.373782304787981,0.384145772783367,0.264710063229765,0.140369648213174,0.440243427642883,0.403655476155413,0.327241048313061,0.54601414354999,-0.378108796991172,0.108190465598751,0.0551469217602591,0.0663614002636795,-0.365737536214775,0.0454081249648181,-0.225608603086211,-0.178970615330518,-0.222345507001909,-0.2322074752741,-0.420813805254439,-0.200775682793475,-0.33877515728469,-0.0489587629515084,0.015795445760139,-0.24323376499313,-0.247738993385643,0.0243105235302581,0.107916885039214,-0.00753308858513,0.0063587224622823,-0.127077801222716,0.138005723145236,-0.141355364708725,0.139629822417895,0.0252031156320626,-0.548899213533492,-0.135528405664181,-0.24601639442872,0.0837933580256247,-0.344255664746732,-0.414775394297885,-0.188212531193701,-0.124876469092558,-0.43486642287234,0.0019077021202773,-0.0710372936867074,0.0041383972053164,-0.142367575864415,-0.133831429580509,-0.171800555458024,0.0870289784538324,-0.0605564730731774,-0.369320715005547,-0.273142171610891,-0.0574023139554708,0.188400675435765,-0.041332285060289,-0.184876822595468,0.170238237703938,-0.0597652350616394,0.195545058823516,-0.375629449035225,-0.244921160327168,-0.148212060430504,0.287110360850288,0.0583902683833345,-0.0891210885230949,-0.203128510035439,0.483081014281521,0.406364306372144,0.400815578756421,0.616536497871953,0.568305790213051,0.365164980705322,0.396937905669149,0.57971481795206,0.542350127313223,0.61436132593562,0.39038316617336,0.535123828552136,0.147881613368783,0.258411476069378,0.314532640731686,0.175137181608554,0.320716596037575,0.0690328840282768,0.292456732376427,0.584714330866598,0.27001843342284,0.393992315222105,0.635257873719483,0.26040739413154,0.377309372772993,-0.123455355639457,0.47423091627706,-0.0990744023063506,-0.002607289874752,0.073392193456979,-0.14522938896372,0.129378173024947,-0.0472093892796064,-0.240782399594884,-0.14351060824739,-0.216850928517847,-0.14101955408025,-0.128183315407229,-0.188380784686351,-0.114965024624835,-0.0956910973449776,0.169125207761578,-0.202362622901069,-0.0237442272478136,0.0503576529037105,0.0056110696384435,-0.195938428733768,0.0892150086059578,0.0157244721064994,-0.348150171594019,0.29743552546589,-0.209237628543427,-0.270071536375482,-0.186158924312032,-0.111571010870695,-0.054494942601674,-0.427096071261367,-0.117188160971636,0.0171321761621979,-0.373719482108993,-0.310430137610867,-0.268268136575827,-0.0306691288543294,0.0123810767941649,0.262124729455659,-0.0333258619034572,-0.269849383011529,-0.128443421416478,-0.402473833234552,-0.407483591321767,-0.0129955333135669,-0.128660877386628,0.140236708866693,-0.142558896128915,0.290135607170292,-0.166151369158877,0.116440171218929,-0.0196077667937284,-0.0865346686252079,-0.157029039283702,-0.0656527325613391,0.293993560992034,-0.06759089224013,-0.131974630860602
0.489750393724148,0.451631147162904,0.16094770270323,0.409116369330309,0.245443135826154,1,0.352152909626564,0.386852911922329,0.632248441159552,0.335229700122081,0.55897482096639,0.178000783815297,0.367324197471082,-0.331229114939464,-0.11357922392646,-0.171957655844982,-0.0591598782649478,-0.387898669251498,-0.0196652191403794,0.0270121511113142,-0.196073072790279,-0.0360633789657842,-0.35950137045145,-0.157372704288432,-0.464769936074031,0.299061192158166,-0.122521127812544,0.21374001170178,-0.158897438153196,-0.342224547715644,-0.0158803998233432,0.0612021493254987,-0.337971959761547,0.186684226445275,0.0460179136532984,-0.07360896126909,-0.156582180441407,-0.0602772357123543,-0.0912416898715826,-0.302480715345633,-0.0543360299828519,-0.247062962816332,-0.0980864466813999,-0.119426177928909,-0.199177117641544,-0.251491015840916,0.0505338353454745,-0.290676555083547,-0.0397646239029113,0.119036910066313,-0.0569070981444319,0.143714266399305,0.113577979420545,0.0565076332829961,0.066280306210008,0.110239958673026,0.079680238049069,0.152681387853841,-0.0861383530788821,-0.0455366340959557,-0.219206014402509,-0.0839607142564153,-0.0811478081309178,0.0551117274134871,0.122641979157691,-0.0765651839326513,0.0036003209006794,0.0250511361827368,-0.318338662515928,0.0215718806965083,0.113684282939789,-0.155977394575071,-0.16273490980172,-0.2017488561731,0.137879074233159,-0.0765227091108436,0.0443639869445407,0.184641183756221,-0.0843187970802852,-0.154867829310146,-0.11449962809553,0.296256577131872,0.360656484484491,0.494340730908101,0.343644013471773,0.517570847628441,0.192706464224405,0.915507530352585,0.38538191577526,0.716661780107822,0.573720369290792,0.277153100660046,0.457225831955682,0.415843695095849,0.132560184686942,0.0856111420327297,-0.142718049753033,-0.170999578076793,-0.195151463269244,-0.00178237846311,0.0160693673471872,-0.175802797571642,-0.240962879859478,0.174758963918571,-0.067809911032897,0.0695758163903157,-0.343664083249844,-0.0862244309387924,-0.289184445399955,-0.338314301052506,-0.371623000207932,0.432001664688139,0.0301131670486981,-0.209108501801932,-0.228177410110169,-0.216289709159201,-0.250518972126549,-0.0685655862890167,0.0725288011670042,0.0004076521058767,-0.0882037175335879,0.128088597868181,0.182648604074133,-0.151746363114499,0.131446629694549,-0.0005242422306938,-0.4148051993531,-0.168759852961255,-0.325696610103451,-0.198709238505566,-0.155835889624119,-0.0009445595357797,-0.162632694013195,-0.154134309494787,-0.0701826778010805,-0.17924308300377,0.0053426468207135,-0.0112236221807377,0.0304873722292773,0.164366358719611,-0.102139080123679,-0.0222666893063215,0.0264199326651472,0.152424849311269,-0.235202729144432,-0.130151676525867,-0.219810753151308,0.0195818498381301,0.0726373934831127,-0.0422625066876211,-0.186119322594995,-0.0417564918846467,0.0580501227901839,-0.119827995153479,-0.278833753427493,-0.215965617394378,-0.0551477365342862,-0.21966789652735,-0.211592937696576,-0.0439394915219834,-0.107751774289663,0.0207879014359849,0.220331226101176,-0.0192750846246186,0.0197251711425417
0.626060802373705,0.620724971228968,0.542312009810693,0.530861669445471,0.166875002974355,0.352152909626564,1,0.426727430039682,0.457661218333841,0.5890690745619,0.529111838007938,0.403003212593764,0.598387069218459,-0.0882652765348693,-0.0431321272021964,0.0612593323487514,-0.0166258551542794,-0.18360704106598,-0.240257296349735,-0.110097854514623,0.156526011949192,-0.0107037399346302,0.0393626221446425,-0.0765340586021555,-0.108527632883513,0.297123670257446,0.255117612186309,0.227078309908228,0.117242998135078,-0.0437643874000516,0.0537363267683364,0.385356336195301,0.0891282029556166,-0.0550369866663224,0.202485886519241,-0.0416877675316252,-0.255485821706202,0.172124165869155,0.215357195670394,0.0899181653634436,-0.163385383505102,0.111467912725624,0.0485297413508508,0.224387514821565,-0.0898164231595681,0.306130617010262,-0.0939354957961848,-0.271319723463536,-0.0201621461842697,-0.141072825655838,-0.0507140380481487,0.138593939133834,0.0066970383746139,-0.0393156083273114,0.0299050872470209,-0.269678392528824,-0.0787908730253651,0.346730215947793,0.0120111755003489,0.0119890539281334,-0.192158990492657,-0.248527592248126,-0.0685875047007775,-0.201055191593336,-0.0337641454920374,-0.0484479230776056,-0.0942172471490065,-0.257740220446025,-0.440737170699188,-0.116063888740474,-0.107523106190422,-0.239348579148623,-0.256753447982522,-0.245755479821277,-0.187730738208352,-0.046350854835365,0.0117610959451289,0.0034996885545917,-0.240386122547012,-0.11584144260989,-0.0803182735662473,0.236751296535199,0.508856063337608,0.459971035857521,0.545385346919473,0.538163122957143,0.301064561245752,0.414044330926055,0.217357339614311,0.481703768161958,0.182840314310571,0.400476274443826,0.432514179625352,0.538401024004756,0.0400887320789108,-0.307701362812182,-0.210797061689412,-0.0349085716019515,0.0180374993801475,-0.414616204732846,-0.199943153282496,0.229323611897841,-0.22041750139219,0.0690073213518084,0.0508267607744921,-0.0594596275122545,0.0795947175852062,0.0508455407863244,0.159911139724003,-0.0899735197494123,-0.0309121916605066,0.210923839025071,0.235026724218204,-0.183190060947709,-0.246175316113783,-0.183751502407412,-0.200971387679248,-0.0195525138007657,0.129822157264973,-0.189203062145604,-0.136848806397199,0.0841470226191535,0.0082229634907415,0.081200856471934,-0.125902989141428,0.202823298902578,-0.0275837664972659,-0.398552900862793,-0.077163807866288,-0.152820119433425,0.237351553383157,-0.311803933064969,0.0634587717407766,-0.205219001534083,-0.222703003933342,-0.220365805622062,0.0541895717061117,-0.102636434651363,-0.188744914862021,-0.13470358328764,0.0677665695970084,-0.0615216554097925,-0.183167715155078,0.284309481368236,-0.215180465457409,0.156479102206861,-0.227484587006574,-0.227839011243871,-0.0545568230707089,-0.0877736752134842,-0.210760072738435,-0.0487334988276647,-0.0378549904543917,-0.15061644869269,0.0083879977328384,-0.32547125800028,-0.161003483574589,-0.191608707335339,-0.0744348546684633,-0.168409098678221,0.0205385292569837,-0.076180163888252,0.0680272556547771,-0.160299465167769,0.0563896445826201
0.581619791328754,0.626365300698492,0.715761040612404,0.570363658084734,0.299306719029489,0.386852911922329,0.426727430039682,1,0.540202270862613,0.493756763732616,0.522536611222885,0.577246386749054,0.714290500055342,0.411251544864547,0.534132785162552,0.292032995801079,0.336368421803414,-0.0034742510830697,0.167086334704481,0.33783467554742,0.312331920801421,0.463986322388107,-0.0889097860441652,0.207211068538441,-0.0310963579735764,0.236840951936043,0.0806194336697777,0.282050200728828,-0.126882606970688,-0.16248357023086,0.0755694110507199,-0.132088590329185,-0.154495298019332,-0.126242403541216,-0.372174126800404,0.065066507676852,-0.138074655889853,0.0291807845969522,-0.181579442683528,0.255049148879954,0.019087052461708,0.0912507807755466,0.110227790636743,0.0432680529188442,0.0699847734564461,-0.163949080697633,0.0704587464577567,-0.0546395736441698,-0.4054286125384,-0.0334420836091762,-0.13246315730934,0.103270212277532,-0.225761872774706,-0.212205690281139,0.0191788096636655,-0.132156090706869,-0.0425647912271915,0.0892596680444727,0.0566075557170717,0.0794423297006924,-0.0860460769260468,-0.16690422728721,-0.0662769590771794,0.114269116351933,-0.178479785384798,-0.231278665388192,-0.358415392072552,-0.270218264516413,-0.372398712549293,-0.0634684387531063,-0.0045047145740619,-0.196886831487605,-0.391297320856298,-0.0543823769339416,-0.436496657698883,-0.04426812996023,-0.410348334783703,0.0673014164745842,-0.251346406314706,-0.327434577630988,-0.26504055268492,0.0093631149624951,0.308698753832295,0.544156412469401,0.645125143027052,0.589497696703652,0.54317685656239,0.44875184733503,0.289178472168574,0.523130700757739,0.309968477423944,0.658619015676665,0.539818735425045,0.338092994569853,0.548406315983145,0.208016973076921,0.230142264619281,-0.0270763803938806,0.158941199969265,-0.164379752881277,0.222928703915913,0.260235579527385,0.228489923372162,0.429414658255128,0.183230477346722,0.304692400106618,0.187277853116777,0.364814144332753,0.0734139232739295,0.0454426469645327,0.0506617938461864,0.326147664754614,-0.193150084338559,0.0462335693879938,-0.0598840288496111,-0.0385505585739224,-0.0352080782606455,0.242233907375931,0.0543575340654997,-0.252808703577498,0.129460553835188,-0.293355250163852,0.110647009756509,0.204610130709437,0.192477912117242,0.454609491447848,0.235654500563116,-0.250656239334878,0.0976261770774872,-0.0073398048020949,-0.1873823448311,-0.0107456074899126,0.0227675989634168,0.0277678512359571,0.0606665147259304,-0.123994209799044,-0.0147078351208186,-0.17316315113556,0.11115033396152,0.0214929151638107,-0.124652307923679,0.0028530806513825,-0.246141135395971,0.181956962262427,-0.108048274265838,0.0787245506513154,-0.164469049949011,-0.424074939385875,-0.285240808056512,-0.313078449915383,-0.333196103189074,-0.322628354781027,-0.222587278650827,0.0699926247658971,-0.200438965937072,0.0782614655640821,-0.438017799494925,-0.312947993805914,-0.104526665061376,-0.329604212853459,-0.254164892427221,-0.284405052836659,0.0710346313450931,-0.205209022639346,-0.234749847309743
0.697208600547031,0.694695166268158,0.336159085033765,0.696121386868992,0.640520011425207,0.632248441159552,0.457661218333841,0.540202270862613,1,0.408046546781275,0.878612795451766,0.57136519095261,0.670825962803638,0.12440649714813,0.214560990679202,0.0124185023041012,0.0323424223484463,-0.224467272051225,0.139947186145415,0.376896940596983,0.126604500226819,0.400536558913329,-0.418152475726114,0.0025578618523767,-0.163117414978312,0.149465865852938,-0.265480245057636,0.207329621974219,-0.266255463437782,-0.378068172094209,-0.121134997622534,0.0910781716517076,-0.413976459718472,-0.0562211927694455,-0.255369648963737,-0.0012339017884032,-0.300722634619696,-0.290066095437282,-0.290862757197337,-0.157346137368733,-0.103506410796305,-0.222701669227534,-0.0939784186639979,-0.175087324534871,-0.0927124699457378,-0.202567907543158,0.17953202303534,-0.286967941905767,-0.380379787260906,-0.0077903782541135,-0.294686077532681,0.0384778183275976,-0.110744133579724,-0.237054768950327,-0.122457500382744,0.0288217211241781,-0.109352604912062,0.307582549862032,-0.0115533214589289,-0.118225342645905,-0.267121747476204,-0.0125491894343339,0.0748223579258712,0.161067002638373,0.113564443713232,-0.146057414655936,-0.0722832537778229,-0.121995954684793,-0.13253405981059,-0.0089942376109522,-0.061004492559648,0.0305978642841232,-0.17000102010158,-0.0963635950400987,-0.266831317857423,-0.150039914669902,-0.005061322116236,0.484542524754207,0.0448443184761764,-0.0907450490632857,-0.0357668751290378,0.398522898530925,0.476416721527128,0.674273514980859,0.72559190337204,0.775295579983132,0.287079711210147,0.700462881192998,0.640329423285552,0.885830297593368,0.757077606398138,0.542080443198824,0.819736554529098,0.524153135377074,0.226029042557246,0.139139128239852,-0.147736240190222,-0.0972044627243058,-0.216274877034014,-0.18140549673298,0.242297176175091,0.0489322768028716,0.0731212300091426,0.563032867625837,0.150374645928139,0.277069673987209,-0.264206493283377,0.188153266391575,-0.217089331747711,-0.210829178190403,-0.0729045187287106,0.059079266062343,0.122615776986962,-0.245712639854959,-0.407944447244678,-0.26129583031081,-0.362913575476318,-0.0017209665116587,-0.0275488331856901,-0.308303416552007,-0.21302118450768,0.0937753957817449,0.161210787255046,-0.274939393751907,0.129182719443624,0.0019892487250095,-0.148971685177772,-0.44596195837772,-0.190418171444827,-0.298743580497551,-0.290821077296379,0.11008437416481,-0.321748603870182,-0.34374395630475,-0.163920238757747,-0.282141551612979,-0.0568375539376595,-0.392359385393455,-0.232589264585205,0.233256558911479,-0.399173540239627,-0.178826267084472,-0.180410909568734,0.279934557149745,-0.121475663250525,0.081126285074251,-0.31076662257299,-0.306242895463795,0.0780342602613045,-0.226424984220983,-0.403019624700578,-0.158016110185066,-0.0361406946175401,0.247365979031133,-0.0240254041979439,0.0943090175804724,-0.18758811561328,-0.058387869737162,-0.209284474883108,-0.0875766860669038,-0.18081972949112,0.0508945650723977,0.501581906977866,0.0344607802739158,0.0437486978994077
0.601907025538624,0.390150629091083,0.659111443118769,0.384028525804248,0.22430233931039,0.335229700122081,0.5890690745619,0.493756763732616,0.408046546781275,1,0.422959793968669,0.23623687070835,0.452337565977502,0.0028740641373611,0.232633493255174,0.204605510445019,-0.0305805398539914,-0.110459348966966,-0.0545267936349975,0.177265507267195,0.23387915405822,0.272012036200536,0.215916764821075,0.0096528057585019,0.180199989291736,0.336033595266064,0.189093582916139,0.441205857105075,0.333957445359862,0.181727407910966,0.261118050088717,0.180265972496826,0.299768483066646,0.0816882054717219,0.114327405530112,0.177024807711093,-0.14204981117948,0.296711834941125,0.147260845229865,0.157340292355,-0.0681514032051664,0.0670364533600728,0.178659350267971,-0.0098055297476132,-0.0585904262028237,0.0960196744580215,-0.0286698596032892,0.0282362320137145,-0.183359902297938,-0.224699540259589,0.201233686573263,0.148999908223088,-0.0249000882307135,-0.140823604118322,0.145019666881623,-0.285568584348247,-0.0932130977659604,-0.138948564633864,-0.314723042316653,0.161212529168662,-0.216050423565424,-0.481766196197323,-0.352121988888854,-0.311445017899203,-0.403160676732729,-0.415667420901973,-0.352081537716149,-0.231736834167332,-0.46561175799452,-0.168867059728022,-0.0649739252008605,-0.348142103670562,-0.380727400672805,-0.188988095239223,-0.202160049825378,-0.300818071695434,-0.238166355020787,-0.192453015105469,-0.426668908839663,-0.408795653940115,-0.451195918770185,0.378085202141284,0.482481828547591,0.550470155354482,0.395982577017552,0.493869097969101,0.596407363760943,0.422477003695456,0.121528340383523,0.403995252918989,0.194642734274755,0.636945376168195,0.261031625048126,0.651967128969714,0.172932294194795,-0.068519270458952,-0.0653608300696392,-0.117738990627761,-0.069291088859204,-0.2684100064851,0.0085520028527338,0.23421261802101,-0.120803058633437,0.294698596861466,0.182565275672177,0.0811094584304969,0.0860975507780653,0.140567979781469,0.293146277934589,0.250596776738762,0.0794209145639514,0.528571976029777,-0.0403797788780141,0.262417901111843,0.145583806013758,0.273282954557983,0.242477534750966,0.172289223079891,0.257180017512492,-0.222035016138695,0.234450246986732,-0.053883474012297,0.127670638585852,0.300307064622058,0.199989153366407,0.384923752497596,0.0146320615471274,-0.240096743684267,-0.0113019996459049,0.0012127548174581,0.050110643623076,-0.242909119460871,0.253761844432029,0.137766636287719,-0.106361573380546,-0.232033256366353,-0.0403355929348751,-0.207367294956717,-0.0342054583246651,-0.0664769641869151,-0.139956520408425,-0.0081927845519508,-0.296948066783514,-0.0206795470396966,-0.448957826728517,0.25676746596957,-0.202293649366571,-0.352729438961263,-0.263837321284594,-0.29037885125538,-0.317012943990417,-0.126325873070371,-0.233226566999403,-0.24096731716804,-0.244595470957926,-0.274585411377767,-0.19329595496301,-0.312524992673783,-0.286605507504735,-0.305743903130815,-0.191296377108197,-0.265486210884756,-0.0755516635763462,-0.361556191981958,-0.202572263100118
0.798278956252936,0.792930527108518,0.403333017038898,0.825695075129133,0.616947833730862,0.55897482096639,0.529111838007938,0.522536611222885,0.878612795451766,0.422959793968669,1,0.714546492088377,0.741604470381181,0.190216623561353,0.229838734669455,0.208582788152848,0.181250635792199,-0.0946345314044778,0.190535709085566,0.328105225018414,0.273294997520798,0.379431764136165,-0.384090221685918,0.0790975280930798,-0.0986575699029342,0.130796246701161,-0.194996885018837,0.18243182110561,-0.208415203030486,-0.347872135837613,-0.158846619074373,0.0452228674865046,-0.374091334511541,-0.114257957900106,-0.193888193710398,-0.043974709759969,-0.155904146318915,-0.143456786436262,-0.137300223267103,-0.0265085586768487,0.0246500909374159,-0.0387396990765123,0.0257821808164107,0.0300273862797099,0.0906034602787936,-0.046893826542659,0.287742086548598,-0.189358056027429,-0.37461331144419,-0.0756403821436225,-0.269587204111532,0.0468599124108741,-0.197203782040267,-0.23783602687291,-0.0791154947099713,-0.128043189840361,-0.172835382495031,0.286645110022366,0.0970991318563913,-0.0428618258658143,-0.211558385246491,-0.166408049976309,-0.0131674015045597,0.0532640445987165,-0.0268152827154743,-0.253475338637926,-0.222188430639268,-0.113115793396302,-0.198755912073992,-0.139853173280245,-0.0774712262329744,-0.0663245157524844,-0.244420123814563,-0.0468647646732219,-0.341185929139112,-0.0844985215153842,-0.133223578822102,0.217117436390795,-0.122398831405636,-0.163891129052341,-0.14828030145231,0.214987752543612,0.507190391964381,0.473627567437028,0.822251899222278,0.842146359474586,0.333124447194588,0.681721679692141,0.598371461510296,0.856533868514575,0.678511487665974,0.513786872497924,0.844033681665439,0.360123030243794,0.312689380557706,0.164571923321622,0.0163796930492003,0.124883467890758,-0.0063808225661771,-0.0790205304106923,0.276362709990768,0.270415529187914,0.0538618054776269,0.556323100794268,0.305737941898037,0.265273234452191,-0.143386934937495,0.255101760000153,-0.144284594574629,-0.255997737577334,0.0140071802309147,0.0190961573331557,0.0514776638946416,-0.201265454687222,-0.429440894456931,-0.329357624277378,-0.388614658612542,-0.0738347498856328,-0.0823824887001995,-0.271756127527128,-0.156563191247182,0.0713458390678205,0.201667823736234,-0.138506434481864,-0.0040906813137168,0.0929200046296737,-0.0310934876673629,-0.396738864008739,-0.0111667296919238,-0.10229855144657,-0.198433043101457,0.240815218073158,-0.228909700785459,-0.369859746879667,-0.261028767220256,-0.159891737681057,-0.0475011838313593,-0.339730230630918,-0.167576233360531,0.0276369372251828,-0.199126066806623,-0.235533520079792,-0.217607054984388,0.220931339343369,-0.071506180076638,0.181362989431066,-0.227371448377135,-0.309428390484174,-0.115418709474043,-0.264312931310257,-0.405525030105497,-0.105876760040413,-0.1060226239294,0.0496349564041468,0.0106770962667745,0.075297248688027,-0.145442893158461,-0.0984103931628882,-0.0007632862604934,-0.200624638526437,-0.17625214400964,-0.0958934894141602,0.24291877088431,-0.122648529975838,-0.043409486272874
0.59828440666918,0.680848919918924,0.454965035155614,0.786044168126518,0.580357027634384,0.178000783815297,0.403003212593764,0.577246386749054,0.57136519095261,0.23623687070835,0.714546492088377,1,0.78068261942298,0.390659038219218,0.40368663774481,0.304819795874521,0.318871854581338,0.0725984807734942,0.117117674327285,0.379571969400843,0.315263901206922,0.417606506310527,-0.294173874673137,0.198252715145075,0.0339952667149629,-0.109367594604273,-0.098050610536736,-0.12638606244477,-0.234437192865785,-0.317676335699418,-0.244482460632813,-0.0726737384046415,-0.286399078886429,-0.396717674938374,-0.392302377088248,-0.106613208091158,-0.0302926816226652,-0.0804615685635341,-0.0890183326166888,0.182923943379877,0.0993281784231317,0.150126413277777,0.0645479865958676,0.228112137196318,0.256456610600271,0.108185143873016,0.176890877129888,0.0456244852329358,-0.457084014536568,-0.261393057244726,-0.406402118367005,0.0263563656761098,-0.510678857933063,-0.442579019481106,-0.212790414749726,-0.366751189527606,-0.380195434994046,0.274611071531095,0.157106740241154,-0.0426733227052054,0.0504579558585195,-0.190404868548972,-0.0600179118762228,0.124966230466648,-0.0716591556627405,-0.190719135287713,-0.35426494395893,-0.166140344023624,-0.181379036720654,-0.250630433182685,-0.150021090702341,-0.0311245635995965,-0.205005481902252,0.180288592449135,-0.558787268156133,0.0728519160654078,-0.347649046242568,-0.0101386166199316,-0.128810502286164,-0.129595313590843,-0.10441294308117,0.0002490605570387,0.262610725152234,0.21206114789599,0.799665439129569,0.684703907470383,0.452835349563489,0.396054400439865,0.347669502164179,0.570320132088572,0.343848822834491,0.472410149846741,0.682730751421166,0.0633712203727645,0.413857951002954,0.0942603647938686,0.133437639518292,0.23968690754132,0.288455407399577,0.0318311093515622,0.272962862429053,0.404037099702097,0.215751165756024,0.535466552455067,0.299255441970224,0.220895508981612,0.179542466585579,0.391828119119898,0.108159983156933,-0.0465940630006803,0.146548621394471,-0.212616884109666,0.0522145093931236,-0.134945044476862,-0.377152204234059,-0.32577086943662,-0.316097425203691,-0.0058354300709882,-0.161679600662528,-0.317844647721448,-0.0862819266921791,-0.0347997110751254,0.292929337501506,0.0794996073109289,-0.096014055856384,0.278843811829431,0.21632914981695,-0.341996169638864,0.265358631242026,0.0694801933229846,-0.0983909554054979,0.249888036821166,-0.0206193287634919,-0.286847210533814,-0.232078584045187,0.0092000998959928,-0.010466927534264,-0.341210881382231,-0.173932428960838,-0.116639102199304,0.0196916339252018,-0.29014006573574,-0.360799158675303,0.177631672661529,0.0407769796958611,0.216907277660251,0.0212946961497824,-0.385090896796625,-0.352167449858041,-0.310446943304553,-0.302912631125346,0.0531449857825966,-0.263426473825041,0.126620415994818,0.295681446138897,0.265974622117366,-0.165791507267004,-0.124549318918975,0.136525975322341,-0.307524321159705,-0.166240988804243,-0.245723923973058,-0.0090232145961399,-0.205991100456897,-0.118522025431271
0.802309250672364,0.859779089806057,0.522399082230026,0.846342972797251,0.481048000055062,0.367324197471082,0.598387069218459,0.714290500055342,0.670825962803638,0.452337565977502,0.741604470381181,0.78068261942298,1,0.236440266630867,0.277604314352558,0.163830138224021,0.192988183687479,-0.19301063385182,0.0944115559428736,0.411958216915762,0.359309117335739,0.463202268287133,-0.375172518403673,0.0961293782661487,-0.110706405257003,0.156490962151608,-0.0352729488046817,0.195082175305113,-0.289002119772288,-0.430486393495448,-0.143458129000435,0.0020701796029586,-0.365441099771816,-0.24400740637371,-0.321647719878061,-0.0364408402109737,-0.192857185596586,-0.168549073724337,-0.118965103361024,0.132734617596026,-0.0030336554239143,0.0456055924351725,0.015274219340802,0.0882331922123278,0.109802674391445,0.0045052176974235,0.213506038838512,-0.16137425281199,-0.377080524510053,-0.0577119727861864,-0.311345015088389,0.259047982852718,-0.248418095780182,-0.292504106029775,-0.0367136004570559,-0.217304308390505,-0.199709057514287,0.302619802751604,0.130350662694762,0.0111069422712683,-0.157406853682121,-0.132118195364846,0.0133434745414903,0.178262827607017,-0.0195410770952372,-0.187113963206874,-0.298956964187831,-0.216527748080424,-0.334645424329454,-0.058399803379185,-0.0309583119343926,-0.093211803614545,-0.346161727191662,-0.0323756883607455,-0.45336555805981,-0.06216440047554,-0.202628996845469,0.112850881870726,-0.194336567059157,-0.124555896959549,-0.137601653045607,0.12734145032165,0.515984092794854,0.565767622660331,0.849959768402029,0.78054759420145,0.566107422451163,0.482663075697858,0.382211860806439,0.683512935703317,0.496490073535856,0.720511528926942,0.733837020515535,0.393815454703952,0.393835804999853,0.109192359150228,0.0904365254073888,0.0779993412026725,0.112812885880193,-0.198723884824691,0.18475901042923,0.328728551193412,0.132065929245065,0.607276551058104,0.228948200251488,0.327512926499252,-0.0384074025968512,0.3612826503594,-0.0337893383843158,-0.103659088272679,-0.0162349809848537,0.0522253080696344,-0.0683378447657674,-0.306743448907498,-0.44423054511624,-0.388869734006976,-0.424647232516237,0.10239501962655,-0.0620777856291428,-0.445951672425695,-0.17537290775963,-0.0064321191463495,0.261567831451871,-0.0935045140083608,-0.116209201843422,0.348411937073735,0.126570641126647,-0.499899270647247,0.0622010400936032,-0.115227631798473,-0.129280269302071,0.0850851768462039,-0.151993058140796,-0.378266429529706,-0.190578636941413,-0.166444179847838,0.0676284064112066,-0.338590677606919,-0.0968956448694784,-0.0308751761807837,-0.165821028442526,-0.229545237689678,-0.382120747411713,0.237433427179721,-0.101045014175119,0.101360349309606,-0.250426374598736,-0.458637164382308,-0.277771175244909,-0.369053227874756,-0.420823094882762,-0.232599179837704,-0.143122708792957,0.0857424266342427,0.0402536744479507,0.115283581484919,-0.285355371530212,-0.212841451182612,0.0461989033366543,-0.33089306106261,-0.179245765290896,-0.228517063113205,0.0349235518419601,-0.217012020407867,-0.154848689145179
