1,0.429537197536994,0.142967282570531,0.57406177288233,0.718202138864885,-0.126918301714239,0.0118607519860818,-0.450782784907786,0.493427936212505,0.399226549536506,0.696358292212171,0.590526415215451,0.389376149744969,-0.0776181473347433,-0.277447205356218,-0.218828329587887,-0.292035051501478,-0.204970529258077,-0.341725139406888,-0.0816331230068114,-0.114443780537181,-0.262416322941744,0.156846300794081,-0.18445367375837,-0.0557086320367055,0.239641282579043,-0.211911100024616,0.201969730031806,-0.330687735713807,-0.232026110460026,-0.25124503938737,0.17385820076338,0.0622917025288288,-0.0164923496488622,-0.0695039475529425,-0.301880839303536,-0.176511349353263,-0.155433372367639,-0.20489812056497,-0.148460338358963,-0.0906164113507015,-0.151901694957636,-0.212859978617984,-0.0948400192161813,-0.0702765112292157,0.275113048690894,-0.173531631470962,0.0222821409622603,-0.203572331617443,-0.140346608872492,-0.202430912054359,-0.0773470365871313,-0.0738989821343319,-0.13130988332795,-0.33373833820011,-0.265967592086797,-0.237454937842232,0.451559918876833,0.165141550048725,0.0560443367311347,-0.0107692377722552,0.155262939193452,-0.0395043078314862,-0.0061330727297387,-0.110069462917538,-0.113409160382967,0.0014014294924787,0.0614261262577208,0.105987496145195,-0.0334119511091738,-0.0917718222047573,0.140279477594608,0.0321051205300887,-0.0069940866988956,-0.0714995240317375,-0.125589595986799,-0.125534595805082,0.312159164752924,0.0282897450678705,0.0185621000577683,-0.0515421632080925,0.368607123035269,0.178840523864604,0.696135010145312,0.776175773612343,0.458962563701512,0.1482841597782,0.321579381553505,0.595684558670781,0.334731804650657,0.407509586017274,0.0761961789201495,0.571042861394381,0.478785943537902,-0.254752362266038,-0.188485989133741,-0.303212925366799,-0.0916942819842016,-0.175200708255758,-0.292489648184376,-0.316123945974238,0.0570619187540218,-0.158394103754793,-0.0411217595603032,-0.413343420116884,-0.316550919494054,-0.137497425279259,-0.190769709981286,-0.298935287700281,-0.0713693683447674,-0.124573666132826,0.0203292224325339,-0.037403433315771,-0.0980999598034863,-0.0674704623841037,-0.0110535156673777,-0.106498042841593,0.499420032465803,0.060175443793356,0.0423861345482913,-0.135423422152,-0.0639478390704512,0.109351742554237,-0.0463629432270751,-0.111636957146414,-0.160881843890352,-0.213674266702549,0.0062246813824754,-0.124900746402897,-0.0153564170988488,0.267582118335356,-0.22382887999446,0.0119352147532771,-0.0540258744767794,0.148509213221685,0.116358357277203,0.121323165815865,0.0895004428608205,-0.0084068777207761,0.127535225034003,-0.0294657677959752,-0.0254978194590796,0.0229060317661286,0.355725228691592,0.0669011244333612,0.0525428423426548,0.0947175256923831,0.0079350697231883,0.43773106648105,0.007786204956008,-0.0081791702620133,-0.0778386345042686,0.0496220702114187,-0.128852288385953,0.0294177412534023,-0.242307448718993,0.078821764723263,0.231040369113969,0.211264837194851,0.0773435972140987,0.100287767124796,0.033810064850033,0.167318995511444,-0.0375533836431187,0.0629300552950222
0.429537197536994,1,0.558067096562684,0.593618244475865,0.316910586676225,0.645093518260632,0.401169628696039,0.266477360616811,0.476481375659369,0.682061468927913,0.275924255412484,0.434441524649882,0.598425425407769,0.0990787182677483,0.0470893713107571,-0.085322850479886,0.0659811988344255,-0.0537969378100629,-0.239905065601574,-0.098437212194096,0.0749197607530938,-0.175508081713046,0.104356274162728,-0.255318037342875,0.187139023506392,0.591169395058581,-0.13971875040313,0.461594735682625,0.0039158187429536,-0.0179626761109926,-0.0266695048962485,0.0555965958500232,0.0984667786017846,-0.119646608720842,-0.0127622493199756,-0.106331678828163,-0.0918006095279027,0.030160086544084,0.100707750223119,0.146597878136786,0.163417733605547,0.183629504252267,0.0034996386386163,0.230165683610528,0.137574411535351,0.0499272468194321,-0.050465958733044,0.069230412447687,-0.35815066807093,-0.27656814195658,-0.0648091802633327,-0.278214828664374,-0.355581831876103,-0.0038393514647803,-0.148120322112899,-0.189414626202267,-0.317095295836773,0.107641717776544,0.0698345908996491,0.215457279380689,-0.29042185865402,-0.0444054093582097,-0.0258711857639751,0.129472987403058,-0.0862733531071132,-0.372446300234436,-0.324805823746926,-0.28592502883416,-0.109800339606559,-0.176984227206838,-0.306486458900858,0.021087639842698,-0.294297438320256,0.224677422940811,-0.237646064047527,-0.432570929675919,-0.330693291161424,-0.0234714060160807,-0.273812946231648,-0.307850122185614,-0.21365868374142,0.140934230283692,0.607707576093752,0.334870980490659,0.744405907761734,-0.0467153490770189,0.433100973296806,0.660514103656795,0.184170811000467,0.0739364982195562,0.114865569603308,0.614887868872439,0.104831418770753,0.721659278632017,0.117556546673982,0.216691316845165,0.0902715501237116,0.0263306118032253,0.14511859434555,0.0087059718340612,-0.164061261517847,0.184630147086668,0.038864913701914,0.1112396706352,-0.120947415188168,-0.0514073827971186,0.123263412169444,-0.0587592505349474,-0.227569771193506,0.0540385228023485,-0.023380293911985,0.240260332427356,0.260478274414377,0.0602808397814103,0.0384993217917721,0.213893753293833,0.252334904178965,0.354119091663617,0.143189354542855,0.0992683220834118,0.142513955417377,0.327741867567551,0.257492244303507,0.14020369596688,0.16125502604131,-0.0519326542933863,0.0136318498869864,0.135186255876867,0.189190093274286,0.291192221450876,0.12361340197257,-0.0740000431682427,-0.113695836671137,-0.284154237733601,0.126180961378074,-0.206589582066093,-0.327554948114205,-0.167041129427492,-0.350910904419483,-0.126283674080019,0.3421600198438,-0.238343073402664,-0.285177727104183,0.0371352609933176,-0.0496111354457314,0.0395157929025188,-0.114100660833278,-0.46467387038393,0.313111154034299,-0.184024445952677,-0.281125177907676,-0.199611378599889,-0.212475570880494,0.208211342467868,-0.135872456853967,0.153394699816288,-0.244919677918204,-0.0086508027351097,0.174897144543434,-0.135552734091079,-0.145696496115364,-0.321705868661515,0.0581848454581271,-0.223541811091402,0.029966685687526
0.142967282570531,0.558067096562684,1,0.214823661707946,0.0370706567642378,0.674462784028213,0.66867722149265,0.300584939013946,0.384876799729009,0.572175881151465,0.122103414079532,0.210699006147383,0.386808848391388,0.0821085712945339,0.0163175331571739,-0.164920951871262,0.120001977893316,0.103491218284481,-0.332974758074432,-0.133607897702812,0.168182105434083,0.0204828660568738,0.504926965791629,-0.128500150699961,0.229201196425213,0.808232483776024,0.306320759493209,0.728665524241777,0.441424838414993,0.298506838812213,0.201340354921582,-0.104116961465717,0.368491984413824,-0.0950253699098159,0.199164599439935,0.171792627016311,-0.12212440545108,0.308604948774886,0.172062170884381,0.392967914489427,0.232423921844181,0.338153324124229,0.184975850522877,0.315615872338579,0.249327774710947,0.189670228737374,0.0447199483618317,-0.101339713088134,-0.474589969821512,-0.394002327215881,-0.125171431828689,-0.260227948113716,-0.474681111222972,-0.254057985889218,-0.0861031002097164,-0.276800733297371,-0.428089470065686,-0.0332907929100213,0.0775183254210709,0.40990713022469,-0.525805926463861,-0.247284173965439,-0.262610878248726,0.0852665197395738,-0.17740208635078,-0.554297704222546,-0.444234739656591,-0.228403815262644,-0.19280999124875,-0.214911730919182,-0.413521759020409,-0.0505272562869157,-0.374163000298606,0.284028575341188,-0.416572714641266,-0.558452287836334,-0.350222626650974,-0.163691823371073,-0.406239668962479,-0.385815348383928,-0.373056601525221,0.299615590382738,0.537141979355411,0.380176125957719,0.494704009385174,-0.256325599802848,0.56418369048611,0.514113930668827,0.098061089503444,-0.0247348106677836,0.0375494748687139,0.534672231955906,-0.0509719244054114,0.777861974496706,-0.104307060241761,0.178590106508738,-0.0114814390892205,-0.0344602710841982,0.222930799922253,0.0463894515548989,-0.280491120007505,0.254204526291166,0.436349350344167,0.22863044229183,-0.154190507516124,-0.0546470697974222,0.264600154425962,0.0364471516803891,-0.174980667576347,-0.001623724938047,-0.18441218267466,0.732340687921574,0.57591985308299,0.50693204810742,0.213330160395665,0.595298818188842,0.689581557546507,0.486464551629185,0.183870115333622,0.323309170089459,0.584818426285158,0.544122314086918,0.272688193067213,0.366256502744193,0.40424405537431,0.200321238107862,0.0941678822960796,0.30545718215541,0.35019164900242,0.447794371739146,0.181689809050848,0.0901008505379357,-0.0224174346645598,-0.283170650530798,0.16298348028779,-0.0769431876502111,-0.420275994863135,-0.298234992720252,-0.287868092484585,-0.0642551474475025,0.482270618554648,-0.0742859261022687,-0.248663200638085,0.0502397483708338,-0.0100344591892169,0.267279242548178,0.0408848878216531,-0.341554537048229,0.460832473987799,-0.231902117337237,-0.30847637661594,-0.314881104351402,-0.262340295899271,0.152317373059305,-0.164703505356776,0.123747796224894,-0.184293679108437,-0.0363511671997087,0.267996022347888,-0.235817238414679,-0.197644777926316,-0.210331498688063,-0.0010138759206905,-0.251589522804106,-0.0487040681522602
0.57406177288233,0.593618244475865,0.214823661707946,1,0.559138471429808,0.24253788850626,0.251768467310721,-0.0442156481010059,0.603232959568705,0.546005101813998,0.60017676818994,0.758270045432666,0.546170094976009,0.0350278124450371,0.0192262846771551,0.0158411952288987,-0.0241583057624857,0.009928254957737,-0.0123604439194308,-0.0763769682697559,0.060954225567876,-0.0867013708290328,0.154398510270297,-0.167871159773944,0.189236214267777,0.23670211743244,-0.163054438463071,0.146685954523429,-0.105060034047394,-0.0714425850607593,-0.115700194805978,-0.0614938614037057,0.16143954005906,0.0002376861761994,0.0045757901883781,-0.247094423568616,-0.199795064970958,-0.0018777768276401,-0.112361822748087,0.0289453574306765,0.0770832261949933,0.0208752958729379,0.0185415083467458,0.196589493169931,0.116675962477938,0.209936924722294,-0.0393869869175139,0.232270899177693,-0.389391260796131,-0.406217835766542,-0.206753698242096,-0.248997463858284,-0.282871649357841,0.109180832593904,-0.222523354819833,-0.311897095648305,-0.359350040997882,0.259602686057027,0.138320450824414,0.187106761366343,-0.221614297402106,-0.148263334986183,-0.143277137209108,0.0295956759478475,-0.182974235900941,-0.315202743878208,-0.318220238807263,-0.0802221495366682,-0.0140287965700292,-0.0294658375378839,-0.10794964185559,0.0592714339861482,-0.190410689191154,0.317603574941294,-0.275404798378672,-0.269633937383669,-0.355358864433357,-0.0341161456608287,-0.187728622784958,-0.191846850480548,-0.287839238927568,-0.030792439448199,0.300668471955534,0.18635541625517,0.723395985439875,0.521886524483136,0.40063046036516,0.551581525536075,0.523912442777257,0.448610570088823,0.405577270735984,0.42389105908116,0.600144447109483,0.515555517315176,0.0366131081676762,0.0971889902230929,-0.0240093769984769,0.0474664854176016,0.0329452388513787,-0.0365971240511177,0.0435271671794782,0.117205816667194,-0.131827109235242,-0.0366255229922348,-0.159074359950066,-0.131534380354361,0.0911999329693841,-0.041681596247673,-0.2814354770311,0.215536210162785,0.0131823674074561,0.0815287554484655,0.191652300520237,-0.0020041212806311,-0.067502531538914,0.067104132578179,0.0649453635239796,0.326179370406531,0.0415707621273691,0.0209977610827558,-0.0412290254470279,0.0284015022453813,-0.0340245340103346,0.0701954973070869,0.0388373241665055,0.0888398144917567,-0.0362080686734972,0.109506526162971,0.0549480109369131,0.151528965498909,0.241770138311339,-0.0967905470705868,-0.208790692647989,-0.285082911818817,-0.132285976499391,-0.0736520578678765,-0.168312924078843,-0.0308038859921989,-0.211772406000462,-0.226582308045695,0.15189070135324,-0.255435090055947,-0.35064291329555,0.316340532405749,0.0740500359525226,0.151564245538457,0.0349510606819197,-0.260773568616305,0.166546514150162,-0.351700886263136,-0.349606180478791,-0.286464035940696,-0.241973060773845,-0.194521837968585,-0.346252582826691,-0.120843746030786,-0.172307645726024,0.0301268288670153,0.254625438453537,-0.149250228641392,-0.223307819712167,-0.33523647832305,-0.0315238294561681,-0.225812655339334,-0.125443161055922
0.718202138864885,0.316910586676225,0.0370706567642378,0.559138471429808,1,-0.0170627990207423,-0.0586606179967382,-0.292956262254281,0.569832039267354,0.161388576729405,0.53961027915137,0.389556345244581,0.172083478678175,0.0681386873186798,-0.0889825825935258,-0.118071394065223,-0.140666972452033,-0.156016558308835,-0.195934227490534,0.0778461300917284,-0.0856602366919184,-0.255460383823924,0.0489366909970105,-0.0980596695645312,-0.162879217690896,0.160814393282308,-0.251883145646582,0.118960823943721,-0.306947511582009,-0.186645815186618,-0.0161426721553616,0.0833061250524225,-0.0599553096770043,0.119538385283108,-0.115387569936373,-0.172644423546164,-0.301414144366148,-0.23021152805863,-0.304123192667438,-0.18134084845776,-0.0256539773321398,-0.0831805518386173,-0.168292126258164,-0.186949813577832,-0.011220292871064,0.118653963902577,-0.0893103730920235,0.114679785646398,-0.0858928288852316,0.0457443848507136,0.0251820308407979,-0.160943258710584,0.0119426619820259,-0.0354239494570908,-0.264221940568183,-0.0194887814979378,0.0073204238816974,0.407380538108637,0.282195900200853,0.0180690850448376,-0.0125615484599472,0.161176814123248,0.0350925300929036,0.0298242214632033,-0.0432305422011397,-0.104014332358571,-0.0128447646470392,-0.0439355657200613,0.0691164599245975,0.0239295696355673,-0.07520143629776,0.123440800864538,-0.0102233262804628,-0.0376014047259875,0.0274486575781434,0.0111132602523869,-0.0478907810693764,0.378442548413477,0.0764540620026817,0.0913264867416171,0.0260173047456993,0.178733446127994,0.159273004712872,0.500106604215894,0.565480761183989,0.459650968584247,0.160414425233315,0.239951007725391,0.754366476140214,0.403081925164565,0.542706332091112,0.0802263540759867,0.604474179544722,0.331998788807755,-0.117686112200986,-0.0535179200104467,-0.132422383457553,-0.0244555034855959,-0.066021778875313,-0.105077909375166,-0.210345472245562,0.0394007350450432,-0.256649127928391,0.0131118197112731,-0.304691890602192,-0.305914862150382,-0.118819552194006,-0.160059269716093,-0.202444586341715,-0.124010604279675,-0.151025891506195,-0.0469046905121518,-0.121442426903162,-0.118588437930429,-0.0443309584787536,-0.0263959520526415,-0.0503247508810922,0.249167826718615,0.106737531010764,-0.0547625674624444,-0.159775766897897,-0.251179606015424,-0.031653513314101,-0.158065775845566,-0.162782553641824,-0.095169314186767,-0.0541744587830681,-0.0090452603109286,-0.140649845140723,0.0162968302267051,0.0990235223930944,-0.143108228868145,-0.154844366464338,-0.0836060876071013,0.0119158494531682,0.0298202081418319,0.0544318995727034,-0.0305999231571033,-0.0164503586470392,0.0512680905520281,-0.195344436369071,-0.285328838713196,-0.0644085184193914,0.376690907286346,0.199755529313062,-0.0552644720476348,-0.0148480621490848,-0.115544738374377,0.107976056585368,-0.144310851889835,-0.085013553859008,-0.0538145220164896,-0.0321609410945305,-0.0536763942832209,0.0359609464286046,-0.09081239718591,-0.0697196810623421,0.14863831925579,0.0588392256265856,-0.0043487021015518,-0.0764045959579991,-0.140489539745766,0.212707413650033,0.0314004725666209,0.0171021314772834
-0.126918301714239,0.645093518260632,0.674462784028213,0.24253788850626,-0.0170627990207423,1,0.539182142398008,0.649032514609795,0.367736060279646,0.513009413302329,-0.108539373649427,0.123204324154164,0.409552620975955,0.170639828519824,0.232379261717602,0.110684294137208,0.315562839144273,0.186526973220222,-0.0297440481363735,0.0244822678081099,0.299129772819546,0.207070722157393,0.314373466344847,0.0021754248844304,0.376978696817997,0.5449604291196,0.131831479864053,0.544883912829986,0.387302281647195,0.351968835095495,0.267766261068075,-0.153826193754811,0.331990372953798,0.0165116186519106,0.172639938874712,0.168950476072235,-0.0869068218068999,0.199977396776052,0.175975729317276,0.35730792724479,0.365692589470352,0.394557716032735,0.246498818868948,0.391886072974775,0.330780618820479,-0.0118885491582161,0.210515567933636,-0.0688924122116056,-0.323604163856178,-0.277645579690466,0.107973492640373,-0.33307794169959,-0.36092753682066,0.0971237259385518,0.0777239695046959,-0.0393233899950975,-0.219698995768684,-0.17573155257159,0.0375355593399482,0.23509524965924,-0.577290528005157,-0.388915645965063,-0.251087390941327,0.0240729166977731,-0.247608874179031,-0.574237835190935,-0.51772147647248,-0.355865684113348,-0.226682218331784,-0.197054393613273,-0.356009111567412,-0.156995183887363,-0.488839612583092,0.292475875426896,-0.276448987426626,-0.568007393929715,-0.320562720158028,-0.175475503131078,-0.408279581694131,-0.452657654975316,-0.358357200476837,-0.0280377826903145,0.481581677276722,0.0209050808049512,0.30346754471033,-0.32163737722388,0.500284552108414,0.577364304123683,-0.0307804318685688,0.0062378889050629,0.009082571919183,0.686410413138413,-0.180372208949889,0.623847006614538,0.170995758179994,0.254747197231368,0.297785338179127,0.0506728463136761,0.355611015810854,0.197446949574253,0.0532987846461538,0.284659711239585,0.311351934745924,0.274283108800053,0.165679918551816,0.175135685153182,0.450833161365598,0.248070559705796,0.0543825792895505,0.169130637571179,-0.005165469776513,0.444800685785009,0.409189446111053,0.362328895412017,0.113501470462012,0.499639856294103,0.573552501650697,0.280220859161668,0.280282312526082,0.25741488576335,0.378565322475769,0.44720300526857,0.117873454946984,0.266126517859348,0.327396048787095,0.122474742090702,0.21709527131716,0.224256138196122,0.370441787048026,0.442728176050327,0.024460215072803,0.250175014367328,-0.184827330295399,-0.301562320429252,0.0869686841964095,-0.265235601721997,-0.476801351535113,-0.275724839754935,-0.359881570022642,-0.218119498973593,0.436806877628019,-0.236090018229659,-0.343242188059876,-0.130910174305789,-0.0900752459383878,0.0135127623233683,-0.144114439426209,-0.577899036881763,0.184446026874199,-0.334061490928502,-0.380669270683242,-0.326114613463205,-0.404488227798271,0.153678225191429,-0.292791183121563,0.223368980455105,-0.410570963593447,-0.152901777501703,0.0372307933918815,-0.276589046897238,-0.270958503516788,-0.386996936447047,-0.0488942406900599,-0.28027102900829,-0.0963031437618816
0.0118607519860818,0.401169628696039,0.66867722149265,0.251768467310721,-0.0586606179967382,0.539182142398008,1,0.159679130423052,0.271805367940544,0.549656777390918,0.0686251322237342,0.227319697608686,0.225676214171051,-0.0399460852097337,-0.0784073203512533,-0.0523704633535559,0.0036709482767616,0.189610958747304,-0.145440264651499,-0.169982344287794,0.226551230303313,0.2003398081499,0.440538407384594,0.0107646414154536,0.444431060869446,0.435104132148755,0.214471522159225,0.351589242797605,0.330505668185484,0.219653029532257,0.0148150673774194,0.0157460451483555,0.376686380422902,0.0478858717631631,0.234866280298279,-0.0680707049243681,-0.157348493577701,0.274093038875408,0.0186409186911859,0.282428361232328,0.159619110697149,0.150058689506184,0.192284798658543,0.327486316471701,0.255649718358725,0.181180016837949,0.110277252599967,-0.269597915810615,-0.581517668945994,-0.524609409335917,-0.234612106508603,-0.452259100969782,-0.523395126624182,-0.184540158493627,-0.237606086895306,-0.27061754175307,-0.490204346372995,0.083913492952179,0.121288033540049,0.396751134154135,-0.406613119816331,-0.19165201331944,-0.110038233263996,0.265479928958562,0.137159526217286,-0.531769255963527,-0.479433669436649,-0.173613811610936,-0.15782082400667,-0.10714814322599,-0.346621663514165,-0.0483572236356068,-0.363029882846186,0.338458484854621,-0.407420010122745,-0.4937012835494,-0.491191168961159,-0.0915492966471519,-0.379615594870625,-0.494843211298672,-0.242151278519046,0.0798643632155171,0.508212562682364,0.134686144859602,0.379259424189335,-0.226825757150826,0.792168676905674,0.280172464339021,0.0654662486324534,-0.0068979484461836,0.0367174265363586,0.425045732644548,-0.0057084522354212,0.552415780027416,-0.0907890050029297,0.0915609862747766,-0.0104418829618682,0.109923662042047,0.0350303601808417,0.049243048441072,-0.128523473652702,0.293105350667375,0.267354768693517,0.0993693030682946,0.0249015190443521,0.0962403417834058,0.571202342244858,0.339455249974555,-0.0931025830926656,0.142960771769912,0.0837825803357992,0.660587377522851,0.762828025100251,0.506524542275724,-0.048093802127485,0.531109114221464,0.502420286094268,0.392916782237057,0.0978801730049266,0.39410573618965,0.328593945149699,0.515669480149971,0.26444359799839,0.387719916787138,0.449146468593239,0.201576252675526,0.0935786579622041,0.104732801710361,0.214041239282885,0.342175472792633,0.256247847234496,0.169531831046558,-0.180992820303829,-0.402626072666264,0.0294681985792013,-0.128683343877257,-0.51059941512716,-0.318405646907774,-0.488299880958023,-0.298980446501086,0.320517079612136,-0.27279794751625,-0.293184677519107,0.131623670864394,0.139622487174448,0.301856772923691,-0.0296344746608496,-0.340330149223247,0.359113870391828,-0.314043387619341,-0.422803872607199,-0.224302471233507,-0.334520620873478,0.0822987308973066,-0.324551986036956,0.214134238956072,-0.163862275634227,-0.040052882408574,0.370690946656199,-0.294750640284106,-0.226485243785579,-0.301451805368421,0.170892867527595,-0.203489706772525,0.0584484237746692
-0.450782784907786,0.266477360616811,0.300584939013946,-0.0442156481010059,-0.292956262254281,0.649032514609795,0.159679130423052,1,0.0519899695451309,0.375843676997758,-0.22473724889649,0.0546579672458771,0.42674086897053,0.199810985929024,0.302746196786288,0.0409024277915685,0.273461395409759,0.0583509286424287,0.114903475298568,-0.10316958759442,-0.0392915820407734,0.0320349405796112,-0.0979890481323422,-0.139332617266793,0.231911880752922,0.20547158579361,0.0754931576191196,0.268349503236623,0.260921835036821,0.160844459539175,0.26933581165647,-0.189798118536978,0.0644560265248176,-0.165179517901373,-0.0026664980889049,0.0768567629556982,-0.0942468791359498,0.105466147479587,0.0800689809966724,0.27654342066088,0.194558786025873,0.22324125358002,0.09182534516651,0.188747009736219,0.112104123416554,-0.305456286322585,0.0376369799003504,-0.151337344946436,-0.0221279398653269,-0.0253999246887366,0.201466600123368,-0.151341442207427,-0.231446769044805,0.153063776180684,0.145337573116266,-0.0811731729504902,-0.116470888176702,-0.210894236654269,0.0017899113193431,-0.0136823437477535,-0.400491338732147,-0.447141627347196,-0.308487341037741,-0.238776270545753,-0.365763471945739,-0.252930233854147,-0.314579551401609,-0.350699274404335,-0.0776441820954908,-0.437104810603085,-0.375294926467738,-0.0762685837189676,-0.31887619877184,0.17561007749416,-0.233466041778429,-0.293801008585146,-0.08939850815785,-0.186721381756405,-0.19346328611291,-0.236236427404676,-0.229138198191266,-0.154133143102438,0.23914688408852,-0.307166679224017,-0.0456218822446251,-0.286606897536748,0.176948953525131,0.195715204296668,-0.322016764431089,-0.0594274103515873,-0.181315387992392,0.629648222345244,-0.229407322712115,0.243488559529215,0.286799440497032,0.219449912334307,0.424058222932192,-0.207622475757421,0.37621513501132,0.19428526261403,0.205626196431629,0.0374198416597462,0.365183855690894,0.248419870738595,0.116663328381577,0.404078384505555,0.176258492111572,0.15050164772203,0.10813049649225,0.149155976609379,0.15645502626342,0.135104528380849,0.102361980751923,0.0669670941885904,0.361491369067382,0.156186881779702,0.444071239073317,-0.0343927277641942,0.0380194418243396,-0.0831398087418766,0.235919396258648,0.116828792634705,-0.0904171025224793,0.0237603627902048,0.0543457650870411,0.0352771927292258,0.217697195500458,0.142013970452007,0.25001572852385,0.200970465234078,-0.074610429439383,0.0738761718838718,-0.0496394249231039,0.0309350314074539,0.174892729909789,-0.144295643729906,-0.232657279030061,-0.101397823043924,0.0254082400280935,-0.0025682513976694,0.30031608496048,0.063356087911563,-0.204050246120671,-0.119928834429408,-0.0482838782780093,-0.0889788289615952,-0.0598903465277443,-0.316038711908409,-0.101142016501418,-0.18957795168136,-0.0954272842261111,-0.24044283474145,-0.200444942733665,0.121357374057449,-0.22580812916647,0.115849572364894,-0.468437491503279,-0.0505673888355848,-0.0070987396850034,-0.140457659108487,-0.117338800690135,-0.213423894802524,-0.107265768521829,-0.103890262127788,-0.0975220621451761
0.493427936212505,0.476481375659369,0.384876799729009,0.603232959568705,0.569832039267354,0.367736060279646,0.271805367940544,0.0519899695451309,1,0.379695521489277,0.602249892542237,0.67657590581354,0.464571029467845,-0.128869345356176,-0.114959204971024,-0.156961587629917,0.0646983284327491,0.0369031645327087,-0.137649094751829,0.176878155641701,0.0774375405459632,-0.0521775946315916,0.375115720973049,-0.331143965092224,-0.0502703875038128,0.527695469951868,0.0458492501226269,0.463058278480028,0.10440283383962,0.115394261980093,0.180209446811122,0.0248124876344358,0.342917310917541,0.146833331349467,0.175058786827212,0.0013988038552381,-0.103507296633166,0.129149133708805,0.0057450564657649,0.20406035459801,0.293307337131933,0.261481433950012,0.161252957110664,0.226505602661619,0.313097505331298,0.327204338032994,0.0927633454572316,0.104269430391577,-0.36550494036899,-0.253502360876324,-0.0537953666190955,-0.381584751739697,-0.350757356275311,-0.0938738468119393,-0.192862961295791,-0.204644777834642,-0.300664846725648,0.358710687786336,0.337014995566159,0.410960139524597,-0.391145554105037,-0.146993089906227,-0.198495844240136,0.168655551273511,-0.109674563740931,-0.483577610502033,-0.386356442481857,-0.0745775984239262,-0.235671368785935,-0.0554319357853721,-0.257069158766663,-0.149647125419626,-0.428715295503376,0.308531955515961,-0.351804312679742,-0.390515444192958,-0.329765957254909,0.156786757045461,-0.34018450793594,-0.105274707975818,-0.317611556164316,0.169472351642814,0.354097100651299,0.429762229554687,0.690184088416916,0.411850510960295,0.29063383152147,0.618820817332193,0.620912861437956,0.735002821454819,0.823111479366658,0.295381510321982,0.67341367504805,0.640595692071756,-0.132022994483854,-0.0304152837950749,-0.0416529547623068,-0.0356398138108719,0.237974506057762,-0.0347983033792373,-0.135292249085202,0.291731257215243,0.162670319746084,0.236180022636929,-0.382779921176926,-0.282634749676991,0.181811085627501,0.0401397234439134,-0.459862614135396,0.0475211456054458,-0.49825985947015,0.277708659679121,0.268790230059155,0.182791709995768,0.125361542454386,0.335840974473162,0.384666525652544,0.556789375203105,0.232167321781812,0.237245502914118,0.302136117440171,0.277244126538898,0.200272494624493,0.216717341954822,0.320015941878633,0.173865783585134,-0.017117160855727,0.261467852290598,0.225734720012689,0.431703115538281,0.304162339832876,-0.0126053971719525,-0.0643705403842348,-0.168194189183667,0.150199362837084,-0.0968794120415786,-0.353070768305544,-0.284643853168024,-0.198542261738922,-0.0887703705331843,0.213159123553167,-0.238066813399032,-0.241475925590852,0.464399971919793,0.158065162726952,0.279253227038902,-0.0207583261582151,-0.347982189375781,0.327595647275945,-0.318008487700032,-0.267009151814387,-0.321297128019516,-0.37976992391071,-0.216036041976112,-0.246921990406095,0.0234565002923628,-0.239878046019153,-0.159494104242204,0.187054922626611,-0.320099981506734,-0.246712027249268,-0.321647246628834,0.139279262113338,-0.264143043226585,-0.0764447758399722
0.399226549536506,0.682061468927913,0.572175881151465,0.546005101813998,0.161388576729405,0.513009413302329,0.549656777390918,0.375843676997758,0.379695521489277,1,0.348859902618428,0.564514650328706,0.779625195303317,0.0461864364190603,-0.0345514159275005,-0.165264544554673,-0.102763119477422,-0.113350694247279,-0.261000705634635,-0.341941175434826,-0.0907272872714119,-0.188960602024285,0.15084126854904,-0.264580795020924,0.295318947575904,0.395303224189798,-0.0942132569895361,0.362223609393774,-0.0426588600272996,-0.132944871603258,-0.161872846732214,0.0039312834632975,0.158513277141563,-0.204192535473745,-0.0493586420121428,-0.296522881145944,-0.297577110390588,0.0348300172525561,-0.135780623129381,0.131344869615855,0.0282546594476659,0.0114838476066186,-0.0945286923057879,0.130749001897771,0.0211328564898238,0.0111557668831259,-0.164426067138729,-0.123383134690331,-0.457792135575013,-0.453957241654095,-0.260371477138808,-0.367081689852334,-0.480955577841433,-0.1281212435177,-0.298299651236723,-0.490205202754593,-0.532518089952644,0.154492765351484,0.0547858069449076,0.101735575968026,-0.386595390038732,-0.212277039560828,-0.211528343050582,-0.0643295378943149,-0.26133130003533,-0.372896240237828,-0.378332690260114,-0.294496978338307,-0.0146651575939048,-0.460292069365213,-0.49297344744134,0.105668947033945,-0.245495691355169,0.21491372662999,-0.366244059531809,-0.447025626425382,-0.389339279502863,-0.0588333216012567,-0.234912653808949,-0.392647326477277,-0.26949375173058,0.0623408102007659,0.493291782212766,0.252375171688417,0.722656466828412,-0.0520605722094035,0.591357929252645,0.522114783817029,0.189461619058172,0.0285212216566856,-0.0147087089542953,0.795495721329702,0.104823818085083,0.789812297772513,-0.0417301131331505,0.0509479840637684,0.0410998230595855,-0.223506635032262,0.086158494952398,-0.130316340538255,-0.155955564037983,0.127022060107482,0.17784729921363,0.0641559358102668,-0.0987286379821037,0.17289837467434,0.16809966484845,0.0502877659590251,-0.131822165336344,0.144903778359128,0.17010405261489,0.392479506387507,0.325553452472481,0.0596396591608767,0.200863223405214,0.164953794505742,0.366933402075203,0.485691257900298,-0.0127500531140159,0.037508411767592,0.138728081630034,0.218830243502455,0.103155554442358,0.0882430603244309,0.0664549516409911,-0.0713745689966766,-0.062026555560019,0.145341831552433,0.0898853504781002,0.18335798844264,0.246883535163717,-0.116975742195073,-0.0528972412541976,-0.130809776502635,0.218283679823468,0.0166875812754736,-0.218505628545327,-0.0378426927305855,-0.110213345715746,0.0291497385400341,0.287767719043678,0.0096917536119675,-0.182633813085971,0.174307607115194,0.0149400732245291,0.0394260325444138,0.136375990832183,-0.196814380865266,0.471524464553261,-0.170714207980205,-0.187479287348537,-0.233930161284405,-0.166585472877304,0.0428033088771677,-0.269953268420869,-0.0222951262404856,-0.281634838430835,0.150830580016343,0.274069989150691,-0.0621083243103506,-0.0326175657235556,-0.173710923864843,0.0273821568022641,-0.145991289610556,0.0272032738844599
0.696358292212171,0.275924255412484,0.122103414079532,0.60017676818994,0.53961027915137,-0.108539373649427,0.0686251322237342,-0.22473724889649,0.602249892542237,0.348859902618428,1,0.733941837728233,0.386538426492751,-0.0069083402574653,-0.0814128911293443,-0.0699470045145408,-0.042341113598934,0.0391780464847838,-0.0642629661562163,-0.0373408013992492,0.0461500948418688,-0.13236661254778,0.172068565221503,-0.200016407430764,0.155457763512143,0.189122387240947,0.028961303641687,0.160340239027255,-0.0586928858737397,-0.0496760394430439,0.0026992344607601,0.159247278109096,0.26160435937382,0.0256296758791227,0.104148699268105,-0.232391100002455,-0.0646807569774133,0.177804820088673,-0.0567690848787793,0.173487290119885,0.122364604047992,0.0732701123600185,0.0666514920766181,0.211298850463235,0.198660300914486,0.580307764454946,-0.0091128420434876,-0.0880645341232598,-0.401932789460541,-0.355762372557326,-0.112990437726533,-0.29934993601008,-0.446196063652558,-0.136999783741372,-0.328286352901553,-0.390168014529731,-0.412115448949436,0.759274193168947,0.592486005247028,0.337879592792186,-0.152522082554711,0.0602521374553037,-0.175820155990999,-0.072107182380277,-0.194903546367164,-0.27686244743595,-0.32744407572184,0.130763011727273,-0.15585789856539,-0.088835548052977,-0.163244824675189,-0.0365006105014447,-0.227499393408517,0.334093904968592,-0.421895187050798,-0.243948803437951,-0.412979878210345,0.107955296942538,-0.183821879737486,-0.0075956218261375,-0.195971405244248,0.151757271612616,0.0882202496063565,0.398800230637763,0.63263012569251,0.534357511664009,0.108074944551526,0.274756108817945,0.511921193015792,0.543497922277103,0.530636091634727,0.0674079724567389,0.785282367912859,0.369899387143641,-0.0853458229760079,-0.0758472602001085,-0.0717569963115275,-0.0900061218744251,0.106684283884289,-0.0716117631495248,-0.0636934956710392,0.311631752755757,0.0723544164378911,0.073301971974032,-0.344359798227479,-0.201090697089367,-0.0431063844233339,-0.0662385698032552,-0.283656965154592,0.144104774941169,-0.0916739887143676,0.0799793613328193,0.0730286053066871,0.0741744364577819,0.111957627097529,0.0944477250169076,0.146544755462607,0.541899353946383,0.0506701610592884,0.194771892937064,0.127139361308012,0.0668518555174777,0.153653509724765,0.191829895311386,0.117154391253899,0.104690198792895,-0.0198242401770591,0.304519160817476,0.151777560015469,0.305213060759846,0.606099174796489,-0.0747946100737327,0.0376837708942452,-0.0537138533806594,0.0777986831569624,0.181412779654747,-0.278663634487049,-0.0950782690190267,-0.114346126006425,-0.125710536122944,0.29837982437066,0.0202987953368195,-0.230155972880023,0.76557474026198,0.458937602500767,0.422706991384857,0.293089155208639,-0.0249224118517135,0.304460198645455,-0.256989485166315,-0.252130428103535,-0.228106853202694,-0.220475478113321,-0.116174509695778,-0.129170507744193,-0.172252939273387,-0.015137322929105,0.0742326004417686,0.480231321366262,-0.218090166454897,-0.144712769375141,-0.176038707803003,0.0617379763304764,-0.206283393533993,-0.0386369361936397
0.590526415215451,0.434441524649882,0.210699006147383,0.758270045432666,0.389556345244581,0.123204324154164,0.227319697608686,0.0546579672458771,0.67657590581354,0.564514650328706,0.733941837728233,1,0.756541293036423,-0.046793456535945,-0.0701876120349106,-0.127272470545095,-0.0499397524392626,0.083125275169987,-0.0658802495197451,-0.139843861672932,-0.113549645444655,-0.0975541952846952,0.242453689331735,-0.351884090372737,0.215929880480362,0.338469000577267,0.125168459912118,0.28755472553355,0.0099749406270912,0.0055068550728565,-0.0800517916798383,-0.012963603879807,0.350056394786252,-0.0945389194900042,0.0707155487976679,-0.211277762268244,-0.114730108058446,0.251652174118913,-0.0196392647851887,0.272728533227495,0.178110940729692,0.108569193761637,0.0917644945504396,0.279469674592905,0.169167855177777,0.347066105026666,-0.0460927598684454,0.0321879201505135,-0.474462165912843,-0.45891006902826,-0.237063890378084,-0.207664020191133,-0.385359792222243,-0.0394014948363707,-0.173480719709662,-0.462115391979861,-0.52821003025127,0.376118417997371,0.209871635628225,0.310308628786443,-0.334756393303692,-0.229299979122548,-0.369497874360466,-0.0397173495853831,-0.334616338985234,-0.434853363614911,-0.411068572381077,-0.0217774236278728,-0.0402526710196735,-0.166643245832436,-0.228544711903574,-0.129040317803484,-0.343012891703141,0.359414814469174,-0.479636594941396,-0.436284372088467,-0.45884260868602,-0.042839399159947,-0.351471748940314,-0.244802106427665,-0.424806787144763,0.121002629044658,0.189527991145511,0.309040381859019,0.698126603270645,0.566706303907821,0.303125894475913,0.445142628848037,0.412523054682049,0.642299517549438,0.53615163938557,0.33290938884362,0.720819420424452,0.540414307707671,-0.0346875508111394,0.0248554558209014,-0.0887935678077007,-0.0909712656865423,0.141145600702237,-0.0774493068886608,-0.0074534722207948,0.223435895743644,0.18186087453393,0.0521454782293032,-0.417374353262583,-0.143023606581819,0.069629462371363,0.0148353529709758,-0.423996264470523,0.284404218439608,-0.115670629248855,0.225767402283046,0.313641393109263,0.128361924138488,0.0954645343772102,0.179130763647248,0.200766622613574,0.553356080633985,0.0077469984533545,0.133914054642579,0.210334008826083,0.179617920252254,0.0674676641457111,0.294544678805378,0.159659865278246,0.211995443015954,0.0469012339661218,0.260918534442438,0.20504755754554,0.257129935669883,0.49758503196247,-0.109294494772322,-0.063903877393048,-0.220543730475774,0.0420798925303268,-0.0286077111540339,-0.249697919113407,-0.127627395499274,-0.124276833581691,-0.105744765347609,0.326882152305106,-0.0418509057915309,-0.371858497163789,0.422816189188587,0.0482405959955249,0.368929562754597,0.0541213808952451,-0.243157995104574,0.356849188993788,-0.386622517684069,-0.344870307722477,-0.440913562348929,-0.343413140954333,-0.321863511653021,-0.410988535711019,-0.182470522157545,-0.25099492690824,-0.0235751992543713,0.400177994259553,-0.291578335152781,-0.229940657662041,-0.317666662215353,-0.0222053722332286,-0.383254412705279,-0.166676640577778
0.389376149744969,0.598425425407769,0.386808848391388,0.546170094976009,0.172083478678175,0.409552620975955,0.225676214171051,0.42674086897053,0.464571029467845,0.779625195303317,0.386538426492751,0.756541293036423,1,0.166115057183288,0.138480259700356,-0.11369941178862,0.0671485528613185,0.0368517577429604,-0.188360588157766,-0.242342340802669,-0.178120118831059,-0.122406243320716,0.157310034461858,-0.325794424848756,0.286700147981929,0.435792436462991,0.123775066513829,0.439450621637216,0.0109222810930596,0.0058217045900449,-0.0704813841456744,-0.163882722964096,0.222347479533057,-0.302610262787218,-0.0258849771797911,-0.0988932443549274,-0.146145611505181,0.210982959320078,0.0652672308484005,0.321557602774726,0.244329608658839,0.170413724960657,-0.0198436283603329,0.20718174730837,0.0911744608566131,0.103540434500631,-0.132609340305957,-0.0454750617705429,-0.310665463605,-0.307662191639102,-0.0990326301646548,-0.093839103210245,-0.312338992599076,0.0448238349283049,0.0179770089258134,-0.443117080638197,-0.426571398740212,0.0488477184605628,-0.0108801317301727,0.146556826307509,-0.46937135026815,-0.377538893057745,-0.477612582578104,-0.203463395718768,-0.545811547270309,-0.455399678081651,-0.374682189190033,-0.328446079608782,0.087821030788986,-0.466440520275794,-0.401033960715503,-0.0520825409208233,-0.384495092475554,0.259490946754517,-0.380558169647214,-0.559913594301115,-0.311301431099861,-0.136522223988955,-0.306317761079442,-0.220394303814165,-0.464124986344383,0.042158890298854,0.238725142422879,0.176437669552864,0.614118781896741,0.143627746078998,0.319084971675503,0.474380331319223,0.11234049456885,0.25073794849252,0.144319851218642,0.630920951232445,0.249738648978489,0.683442620573263,0.170100224713841,0.202346790390735,0.0884964145448717,-0.115407901721159,0.29337950945477,0.036014289074829,-0.0626448479739345,0.190713392180503,0.320160509739621,0.176974588193919,-0.179641759660351,0.173736440945981,0.0672046413166099,0.0642308432672505,-0.171117417605543,0.307203079931363,0.0555129081762761,0.25571028603098,0.251949277963413,0.0729289887198138,0.256165689797636,0.175662646868352,0.285607204008744,0.416643158834488,0.0935101945878049,0.0092471039133753,0.281319073013694,0.168443251003455,-0.0376970400266527,0.235879021020328,0.0428200136205093,0.109937604421399,0.171622521038087,0.321164490958142,0.27228944960719,0.255057987299525,0.307883238907094,-0.0924698655083216,-0.0384904840916133,-0.14930304992106,0.134570698333292,-0.0706616149583358,-0.134114930927084,-0.0877754659995649,0.0426272437813555,0.0843602950686338,0.369835866938563,0.0953269587066178,-0.338869221628452,0.0468706841641317,-0.164911927232661,0.110265049968392,0.0183716966062404,-0.377839546933164,0.3446172002556,-0.313236776681433,-0.237683776899688,-0.474384780183771,-0.279519166030399,-0.103786717105058,-0.397706864147308,-0.176689634791103,-0.470263814626111,0.05809755578387,0.196518817747691,-0.214507087078917,-0.13210491506922,-0.299199964979914,-0.145193977007068,-0.34300184921313,-0.227541773310552
