1,0.66445698880704,0.524436946141701,0.487436104633999,0.172318367512188,0.230067883353423,0.457876375710811,0.236303498088458,-0.0307324918318259,0.512229034581456,0.44297855125829,0.425027940723867,0.467367792156804,0.0223371130021089,-0.0135068709779208,0.238943270521152,0.315705616989818,0.133354016512544,-0.0048603665474405,-0.100506602927053,0.319079945007896,-0.129931413019611,0.178678770553938,0.226897400332256,-0.191779116834976,0.0828585972597975,-0.179084206308503,0.15441279911504,-0.170374536964086,0.158767142828139,-0.289877452960497,0.323610902960016,0.36342744129495,-0.172306519075604,0.14055907375474,-0.180265499670769,0.301145786219335,0.191974339953111,0.231612849550539,0.440139633044785,0.0960373616874427,0.441574179446649,0.213353209671559,0.0048585923986083,0.283478482710176,0.415568515744132,0.227068128079738,0.127876494386147,-0.294341612992611,-0.466548911388978,-0.186237240656311,-0.082691458167961,-0.431176522899653,-0.313363218523844,-0.163023885400423,-0.360679317408321,-0.520112142146098,0.349393588488428,0.30238917429611,0.364721501827517,-0.209896028197354,-0.0907157656861751,-0.180582267944955,-0.0385731712739257,-0.134501524844766,-0.363013583297119,-0.394921402514425,-0.212550151079253,-0.308769291328703,-0.207283945353996,-0.311963658092292,-0.167981523852498,-0.311276571073049,-0.0549919277791246,-0.472488181756361,-0.345383754866032,-0.478318272976632,0.128051954521006,-0.166717538912326,-0.241653514140792,-0.0204601984383894,0.184075324701275,0.285862194209288,0.413463810512367,0.768732311869846,0.521361108936364,0.431148668181017,0.139558794955416,0.195105412250546,-0.159105762078745,0.020064900330597,0.463980221828548,0.524183012121769,0.308055791750622,0.457641710789387,-0.105688211683593,-0.136676605317571,0.079810890132199,-0.186447675025933,0.0853917285160873,0.222598051595143,-0.0133275493611228,0.202105239148067,0.0626116954986326,0.0344400664654609,0.144321352850664,-0.165786199371162,0.111844526813551,-0.173917121652891,0.180548071174773,-0.0209315017415648,-0.107116257532888,-0.40528750907687,-0.0257837812006943,0.323501426545276,0.204423310803725,-0.121706122331571,0.165890540953156,0.0073418352269233,-0.0825151469831465,-0.0328261786686318,0.216247786973472,0.20504639918754,0.0127886043340017,0.203212199092189,0.427601232987434,0.30708978017135,0.162523343318287,0.200038881560394,0.394799206071049,0.367772865939137,0.406179655775767,0.390791066835333,0.183661360505569,0.2294067965965,-0.155525064823175,-0.309177046284153,0.209032954199443,-0.24549241119195,-0.181286669264301,0.145105946691118,-0.101223178018332,0.518471335423579,0.0153638472825213,-0.208127830392576,0.406021886582734,0.341571863314307,0.334095176747618,0.066753800100435,-0.372535677588396,0.0181377121594268,0.208097337827189,-0.264021157003583,0.0045241505146181,-0.27232281725104,0.320869872451019,0.0816227556944606,-0.175215511722791,0.189598031498524,0.0661676602061117,0.253556598793047,-0.277826763381899,-0.109355553540254,-0.0541821538344265,0.0360532223957347,-0.0925011346988918,0.112441302646293
0.66445698880704,1,0.722154195306127,0.729127243335272,0.176670042229873,0.601584752470646,0.84195465131352,0.629074769629892,-0.0892311409368622,0.873676140899695,0.550371081494832,0.842029714674911,0.89230902280236,-0.144525377186066,-0.070243657285813,0.302163454801898,0.421011505272294,0.249076989125891,0.123633528969273,0.047086834534132,0.501873094765643,0.119054973557677,0.231204849535169,0.394663665285459,-0.0012286156689758,0.0882778519528951,-0.0781794033575192,0.164358374387456,-0.0561055484223386,0.134909768296229,-0.28006197171484,0.330655348183605,0.42432113833258,-0.284726645071208,0.0337495779598174,-0.208301196306901,0.433422185497809,0.165184990364819,0.241439958838641,0.456797710346791,0.0379650037678119,0.447252977427035,0.258832264754798,-0.185246379572122,0.186322208905607,0.555610793972025,0.333154064073603,-0.0266531073111634,-0.369126423422642,-0.622542797526308,-0.198189951198703,-0.0430157662332126,-0.493871162547266,-0.42151889950241,-0.239442384251824,-0.544890604246136,-0.61722724891689,0.472810818997075,0.338312396688933,0.282872460901097,-0.148514792343733,-0.110496645136233,-0.10518587769566,0.163091415115019,-0.121760679494514,-0.364181218105991,-0.500958092717089,-0.299368050366656,-0.395171541476976,-0.293886938919627,-0.274544312400976,-0.300303189690144,-0.368498878326406,-0.280738074712987,-0.627287953224588,-0.465696743499504,-0.509893004440886,0.121453775792749,-0.110087262337616,-0.275804110689945,-0.0416473591864764,0.0167991210876682,0.284779451633229,0.184180924608879,0.874395305123599,0.845295289722576,0.688363131016841,0.146140035279716,0.394274304648659,-0.102663314546093,0.118540092960734,0.778866550611107,0.885290851353155,0.659675670674855,0.730997704095727,-0.269734030596302,-0.256102291580341,0.250001455626328,0.014899692199209,0.267712888694752,0.219256326471144,0.100605519312436,0.354489444602559,0.10749688313796,0.21722358272648,0.408701390385086,-0.0194625907333005,0.0045391172494186,0.130688192319601,0.407080614215934,0.178588976097773,0.0300027868922085,-0.246310605545612,0.00300866923503,0.469423987209918,0.1994886988908,-0.128085485897941,-0.0283790760902373,-0.0486974855549664,-0.0305442117555453,-0.0559866874097119,0.142771027937598,0.144202115381566,0.0966881799548654,0.171788009315359,0.400305038914216,0.193306025836246,0.271000226595585,0.211620346436683,0.254774456468103,0.344102143090905,0.355774882251046,0.557622850495788,0.0649771814162541,0.189775736384931,-0.209102523108224,-0.330652018605724,0.0469675090827571,-0.402609137108088,-0.164129703361462,0.121956595749978,-0.358374136328953,0.476850308193366,-0.103512106329555,-0.331675162582295,0.523422011990372,0.316444805907936,0.184768668455662,-0.172368841166552,-0.596779716996547,-0.0285962073574152,0.0581321497158677,-0.293884835877459,-0.0653321711573585,-0.255261755543087,0.345206762841011,-0.112903962825724,-0.167052766684773,-0.0491182409188426,-0.184635638496051,0.170527091693882,-0.379179475226518,-0.243451860954885,-0.198273313635411,0.0488233415926126,-0.0459833898298026,0.191158668385282
0.524436946141701,0.722154195306127,1,0.527620822342475,0.326858645646263,0.497991004442941,0.790883449351255,0.631979262507708,0.121104725775342,0.752770179264954,0.4020330027818,0.606291614729739,0.614517172611082,-0.0289125035779488,0.0724513416142256,0.28050927946528,0.326628988506135,0.32859818183839,0.206238638724858,0.19240368124115,0.305427924446255,0.279419011980086,0.496733157148167,0.345276988073048,-0.130919033858673,0.307521964051545,0.0082276764305178,0.247806175816326,0.341862593875459,0.469294485798502,-0.0635840917606368,0.213297368470903,0.408926642103232,0.0329623268334233,0.158103334582698,-0.0369450820102302,0.226308402170689,0.372891613950491,0.0867403328241522,0.307694516887003,-0.197323113505513,0.276066242449559,0.185682841221964,-0.208144197854895,0.0279665243693726,0.337273329593556,0.0163379704749043,0.16611993947273,-0.478289950353972,-0.655453044908759,-0.107047480413732,-0.107231982573305,-0.535182560022928,-0.483858914027297,-0.2423579421047,-0.573728832070813,-0.522688713967785,0.177390613915991,0.0488437371653624,0.208295050313469,-0.0521281717971708,-0.0450507250077132,-0.275252583447935,0.0678451917813853,-0.172752247045983,-0.345782054729576,-0.446253495999864,-0.322864931870175,-0.24659731801073,-0.425794004389665,-0.377962549682178,-0.125344098437134,-0.194048386761734,-0.311881119248908,-0.591873280792749,-0.400704510079717,-0.329128774546986,0.208142458568314,-0.162883218312207,-0.363070167384787,-0.244349234620363,0.148615073004663,0.509980935828392,0.332766751655708,0.6463453414435,0.570440929464242,0.750556309795014,0.254958617524596,0.417851483252195,0.136766647969224,0.237257646824352,0.625150417627991,0.591200729642738,0.481264599224741,0.671412296677067,-0.107964390355135,-0.139814251671259,0.181044364316725,0.194023324561963,0.0568211595882568,0.252215996087374,0.231271481036767,0.172019971269622,0.398874779584655,0.17276688968254,0.148849524041509,0.125903359666735,0.287254394318624,0.221550536251629,0.456532363184549,0.263015821157423,-0.0354835480455517,-0.221786931645579,0.039829352359583,0.527226071207742,0.469025727382957,0.0262735860326056,0.32453663430784,0.0058923040336393,-0.0419662687364262,0.272376533303836,0.132480950410156,0.139460177706018,-0.0154819890222199,-0.0407297408144971,0.292865224283981,0.075380140264816,0.0857627617797321,0.199270560083163,-0.0235671290189411,0.148835312240982,0.0642225489650221,0.253031233112661,-0.175041616801737,0.0196578966721106,-0.333452348401986,-0.382361572550698,-0.111257954661557,-0.462146257953804,-0.264518987970961,-0.0016907588521424,-0.538800281928055,0.266990111075466,-0.260057406109244,-0.442199199579493,0.200316101653309,0.0787161460966706,0.115765359716237,-0.202389157008511,-0.640199536573417,0.0731729396605014,-0.236825341032129,-0.416936700169369,-0.0091053214628382,-0.242394737681062,0.122981462512324,-0.322150988865789,-0.128579465932007,-0.310597379502987,-0.0500707116263752,-0.104634582060652,-0.264800897962132,-0.213067833760432,-0.260300448813781,0.113724602564756,-0.203484970831102,0.0035152889002655
0.487436104633999,0.729127243335272,0.527620822342475,1,0.396241615005556,0.472488493384819,0.628336931559457,0.340710986236957,0.27394155851957,0.620912384361208,0.779459156149471,0.857683891123289,0.524610406677919,-0.14305729331921,-0.129823563858922,0.201871294048547,0.367593620220118,0.22432120234863,0.289521989513921,0.240023579735331,0.328808222725366,0.184635715622369,0.0608800331600896,0.240836428457085,-0.203766643878619,-0.0595097896138307,-0.195951748404773,-0.166121027528046,-0.15646886439789,0.168284020436409,-0.348255367886555,-0.0223590986281283,-0.0845634406996995,-0.246530617666612,-0.26759965630483,-0.234213469279658,0.359739725612706,-0.0408338270060646,-0.0300528837696248,0.154063448312879,-0.0769249706570771,0.218174703136635,0.0969712493157099,-0.0577765028271316,-0.0086926239680914,0.224598536115868,0.158702039671261,0.0315214443670615,-0.20192035717424,-0.338944410704697,-0.296691496397364,-0.273231117235813,-0.361150966049992,-0.0802216224198786,-0.33524201066392,-0.241203777286878,-0.276148429504729,0.212102689767892,0.247715918195286,-0.0310113087934428,0.0383075050231485,0.10605390360949,0.128844626213373,0.286482210400504,-0.0019152759861407,-0.0261859925771796,-0.189560501280807,-0.22241455185916,-0.204763571374443,-0.102144353132604,-0.0937772532459826,-0.191820894964162,-0.097899142269412,-0.267146383748537,-0.353303696455686,-0.301540315150639,-0.221473554471581,0.0619616743164351,0.0608891044006189,-0.138638934534879,0.0810489042377544,-0.260470014984691,0.188538177060375,-0.0538324771933007,0.616674927599593,0.841620405910558,0.444643830970287,0.0175664367723645,0.644044073447944,0.0577445291030573,0.332860504788089,0.395562366498721,0.538253212568935,0.825836981259827,0.309034495948539,-0.159511048225455,-0.0846532956100933,0.198167637616542,0.134589863064412,0.376260271961278,0.232654592838812,0.285125181989346,0.117618192467732,0.234711831873723,0.40959938402341,0.30603781244236,0.0903008402916628,0.0723434052586357,0.226411963504334,0.447731871331593,0.0738523343850414,-0.20669382099855,-0.304841722903374,-0.239419714125917,0.233850107772833,0.0895230011173969,-0.170021321963818,0.0187365072598039,-0.213279865466318,-0.209993292358312,0.124132174738501,-0.123839958859748,0.0440983631108971,0.0935994860317356,0.189477750465336,0.19763350306343,0.109296292989876,0.118211228472644,0.0134815408489914,0.0383296605179538,0.17637834264351,0.234980805712136,0.184953090635724,0.0716574185513293,-0.0865532524104715,-0.273756843329919,-0.314301348778959,-0.126959335367042,-0.29669912503031,0.081885015008918,-0.122365440556929,-0.240730724142407,0.170963653457977,-0.169023687366731,-0.155670789969046,0.300741348517465,0.175791149349562,-0.0939927370472655,-0.221993973501452,-0.365522766526257,-0.173934521052222,-0.0446253634397503,-0.114451879611179,0.0230950930797561,-0.0815303161195757,0.203615453114486,-0.0290864955262317,-0.062368059413792,-0.0106811944893814,-0.184357935287886,0.180971540086891,-0.135369095064337,-0.121295935138714,-0.122437202626757,0.005003652093893,0.0204046874774644,-0.0082253718735557
0.172318367512188,0.176670042229873,0.326858645646263,0.396241615005556,1,0.271483622204956,0.322648099697765,0.300444582975995,0.692919525174102,0.152655189109787,0.526183363700212,0.312142041602732,-0.0030456808616924,0.0189848343016271,0.218867076810683,0.0803381125183677,0.125122494832764,0.209633782278303,0.33740578290862,0.330895124599558,0.115863195153492,0.393947515250821,0.173752306260619,0.148937351035387,0.024390130232514,-0.0859764692367115,-0.272788985157812,-0.137894114350457,0.163556476352913,0.33419521348025,-0.19712624125772,-0.3210445457637,-0.155598568684212,0.0974551715070044,-0.26339310839495,-0.113772162525343,-0.154042439174373,-0.0123653359036977,-0.390404851937693,-0.149177555346138,-0.262561772643274,-0.0552832525231636,-0.228448987092016,-0.225294294645431,-0.132168395599087,0.108649223949303,-0.116154918684314,0.106286005484429,-0.288169945824718,-0.0909530121980262,-0.276086526130611,-0.176367159444591,-0.28244987603432,-0.0735081963082202,-0.289430601380708,-0.160186506489177,-0.129998203668567,0.0007871852984585,-0.0936312623834846,-0.0388633395964421,0.211818533816602,0.405203888770212,0.173563538280062,0.185500428241311,0.110505395828845,0.114363113634301,0.101561915831781,0.270855596930394,0.363168101725168,-0.220689467104145,-0.0985348364320273,0.361263650146897,0.223943390190779,0.112201382816623,-0.0441840670465501,-0.167107688683253,0.0049673054286455,0.496860289313731,0.242912677791186,0.173129682650569,0.006020578448904,0.118519058459145,0.304904449768752,0.310242003745856,0.0420334275249586,0.149407448270565,0.239470809123258,0.220073510197653,0.767938796210208,0.501324525703111,0.63678872471254,0.0984675498918255,0.0973307548868303,0.499009772336766,-0.0066978836523732,0.220039298584115,0.176704498776726,0.311978223473264,0.531479709744384,0.0448842310383016,0.296618771074155,0.409177031192005,0.244331643767704,0.481043241075346,0.468760730102331,0.25476848559609,0.397163623404078,0.274126770684681,0.551821170593727,0.425020898781529,0.157984015890096,-0.0084720022039939,0.0307909331967284,-0.305067211361559,0.15229657999362,0.273487965835867,-0.184444947114662,0.259524522455421,-0.360364673717845,-0.377823292448889,0.432061992100573,-0.386804458885404,-0.159094291894627,0.0284628833233596,-0.130729231714387,-0.0134022543496304,-0.113836203987632,-0.237471399553104,-0.0929426822704224,-0.218207478530821,-0.122070387255225,-0.105397858128657,-0.188922271855143,-0.195380639762367,-0.470757078635123,-0.404723913580608,-0.374643670757652,0.0016730879989645,-0.219337403209941,-0.0880553218950889,-0.348761421029043,-0.317981599384182,-0.328104944338283,-0.550861051834304,-0.245413975209605,-0.0554098969298759,-0.124847968977835,-0.0876790527145991,0.0311802219600718,-0.255160062501657,0.0865491869842663,-0.28157724036523,-0.119983168321898,0.26307007771829,0.071423509761781,0.0335207102400508,0.0360889941707157,-0.00763182385316,-0.180065734459747,0.234138148997771,-0.0669808769297813,0.215017285985824,-0.147310153389668,-0.251372521742607,0.409528947740191,0.0485935015977146,-0.388279919867277
0.230067883353423,0.601584752470646,0.497991004442941,0.472488493384819,0.271483622204956,1,0.633488626392804,0.752652389558582,0.328517601373571,0.657830614865392,0.438717426125914,0.712467250751834,0.609513046180307,-0.0996480298490574,0.0340803351481864,0.107213875777673,0.126621110359439,0.0698675413638138,0.0975735608561315,0.142600135131559,0.112446837429929,0.195800282522783,0.0570018619078137,0.0585767426180608,-0.0227865073158619,-0.173900542565673,-0.221014520201014,-0.0490848206281015,0.0412758365185859,0.0400583664645377,-0.282047404289522,-0.159652516876656,0.037537836810662,-0.144096161180903,-0.197836605745626,-0.217867092130964,0.0349192373627015,-0.0353606090223274,-0.162738211262271,0.0537006468032213,-0.170939469431896,0.027865985680261,-0.043032460356354,-0.0067951188827851,-0.101653243522496,0.182256798671773,0.0823018945009162,0.190768789778495,-0.29022103788979,-0.421201220232998,-0.268834989971385,-0.0261062044148597,-0.157173751862098,-0.178731091942721,-0.201139792175116,-0.381987658154845,-0.285374314186475,0.0664035618695734,-0.0817708304111082,0.0510995888788505,0.164392171872362,0.0902143106223515,-0.0594722154070182,0.0759754446951863,-0.264932124933312,-0.0982453017094491,-0.154708325410904,0.0346335751061992,0.0215879520280574,-0.28045949939964,-0.250195185949245,0.0980895945765901,0.0265964719465401,-0.156449283551759,-0.215757689730439,-0.155514996356235,-0.0337408040613132,0.268995152516784,0.0166540081544159,-0.109282531769659,-0.164632176855672,0.0093822944454648,0.145532941438921,-0.0918538846954784,0.390903260112961,0.45665152411812,0.451391737607048,0.544972572721059,0.430706081615865,0.447372131529073,0.346406809795397,0.511166277338524,0.5124365266224,0.55338907558044,0.254082221291802,-0.0773300278434456,-0.0939732403783709,0.146584758296773,0.0278906502316564,0.074523328282556,0.191868028965576,0.0713210433635588,0.133751795083284,-0.0362443836104616,0.305562935608141,0.103675809955876,0.100845582508077,-0.113582886131123,0.208592994648948,0.0809815310926709,0.0406678443168585,0.0543742198929251,-0.0505946949315724,-0.188432474106675,0.132157197412714,0.0496550399211643,-0.267605395510453,-0.176046281718977,-0.302901797124629,-0.169001217809102,0.139616831567281,-0.258958395841232,-0.087334422329595,-0.0083679612437206,-0.0734729074077568,0.0483854032216768,-0.171577407641419,0.0451156238583862,0.0494459670379428,0.0589225608253927,-0.0196222741920134,0.0157761254704915,0.11214288872358,-0.173248767845758,-0.204416067564401,-0.234251198637554,-0.303635810391522,0.0945466596791851,-0.108517148442912,0.0386389569513054,-0.0581950697322948,-0.416088943201337,-0.0062077549479715,-0.276900229647995,-0.224508547647021,0.116090415816681,-0.0103828100167428,-0.0902122276284584,-0.0437801118455871,-0.277282709932228,-0.184043661454754,-0.280245318331586,-0.143635920833153,0.127320029016513,0.0797494461835007,0.0522667424746074,-0.136956054352881,0.0101213052659303,-0.246461834216235,0.0803133965423714,0.011413780375295,0.0283370256543801,-0.0551291165429668,-0.146380828151203,0.2101230420862,-0.0506264440132501,-0.267568266670196
0.457876375710811,0.84195465131352,0.790883449351255,0.628336931559457,0.322648099697765,0.633488626392804,1,0.675499899787419,0.103745408811925,0.825089236314551,0.558111810931969,0.794612763178206,0.796616578437912,-0.138755605168456,0.0176293695703463,0.149046692637112,0.284530520712291,0.285958819075045,0.0753345631022011,0.120707794295306,0.353358066512029,0.264739363926044,0.319855198380729,0.336995438968278,0.0162507107907966,0.131646862637091,-0.0314616105647969,0.107192640299505,0.170659282780274,0.322078716888141,-0.171209844088162,0.143256840216027,0.338067784867369,-0.191322908098406,-0.0600660869944981,-0.135347628256053,0.263792521761621,0.184660027913943,0.090456103848345,0.292948564582786,-0.12779901641047,0.247627564681519,0.189203341895158,-0.238710912172448,-0.0347992757359657,0.430033654090634,0.192159920106104,-0.0276872840330065,-0.445053115994586,-0.580961330824568,-0.177174073367687,-0.104988799309124,-0.509922398543096,-0.434265588868442,-0.259067126528819,-0.575346925062746,-0.561923179045428,0.340341606088841,0.243204798619673,0.175961655762438,-0.0288696941542589,-0.0536639510754125,-0.105549374057558,0.178556303515193,-0.0560039309244373,-0.295366003293468,-0.414095533831409,-0.209498126957274,-0.253329777242469,-0.389630654451867,-0.318389558367253,-0.147529292203083,-0.225378818281132,-0.31847069537113,-0.539871740510588,-0.411910201094921,-0.360300056541982,0.200070612231818,-0.0226354480715232,-0.196856041759914,-0.0597702882843034,0.034647090112721,0.41106619286478,0.183447510706487,0.67899716770828,0.677742149563584,0.718725938663336,0.214266390268801,0.481016016637308,0.109346310213246,0.259675139352445,0.732640028197777,0.767438531492751,0.664666213412613,0.680704797924355,-0.247934424014425,-0.175019123488566,0.153446607040871,0.0798588782239469,0.129283560621044,0.160410550926079,0.0704473918229202,0.236792843076438,0.237645807975195,0.225293322824582,0.317255157249376,0.146230124484744,0.0787452238990108,0.289072704135776,0.404796122728384,0.169618134907175,0.0222188818937057,-0.132043733214428,5.75105799844413e-05,0.552894985750551,0.28849559748387,-0.0790460927174273,0.037416966319808,-0.120722976163929,-0.0796254216714878,0.114381285029222,-0.0083538456706027,0.0954595758634797,0.190623501129818,0.12380670570241,0.251018076595782,0.0937418188242718,0.12589522959032,0.118975420459775,0.0620077950757573,0.170571906049477,0.120681218858059,0.353938110661134,-0.0427127456995711,0.0439324261768563,-0.261071683982238,-0.337781672701402,0.0416418304520817,-0.42178027563301,-0.188050210511011,-0.0016323996827312,-0.41991344492475,0.248075075856879,-0.256524061966502,-0.350727311208096,0.375342545122931,0.225083884671542,0.000532130010559,-0.148676170663362,-0.57859530446413,0.0098875409257499,-0.106633249326108,-0.254066460211278,0.0458629932247483,-0.148488368297478,0.309115864749704,-0.137760274321203,-0.0933883571870971,-0.190430547845631,-0.0922784146670376,-0.0188753270551418,-0.242947499419401,-0.249331508464145,-0.243723808803671,0.0924526204486904,-0.0250547920066765,0.0447824952684876
0.236303498088458,0.629074769629892,0.631979262507708,0.340710986236957,0.300444582975995,0.752652389558582,0.675499899787419,1,0.241406583381807,0.71292935620588,0.36135550662887,0.607228996167017,0.678565706996789,0.0452747328060326,0.216944883980366,0.300275926933648,0.203688939885366,0.251875710277885,0.213527091475266,0.167670023596328,0.277722676757911,0.400077010022153,0.271370190501276,0.197360765887272,0.0753083501499949,0.0251664810034723,-0.269438954066832,0.128970746563588,0.151521592070564,0.286659943409749,-0.297145802987939,0.0770871244800425,0.315686595029529,-0.12992277838741,-0.0973154865213026,-0.223867701775624,-0.0585071672308774,0.0427721764068661,-0.188324103785784,0.112945119192845,-0.262796452738322,0.0902480759350932,-0.0536374394074735,-0.317803325853635,-0.0523140090550201,0.379078232284202,0.161482621711754,0.235982624128962,-0.479584078693701,-0.536687576326755,-0.294218412997088,-0.150282435437442,-0.427993286094628,-0.424648163429089,-0.327629772361263,-0.618283679973136,-0.564469947595014,0.252212035705472,-0.0398902672943694,0.103098156795454,-0.0468417574019374,0.0332226650549042,-0.213997374835925,0.0279253734513379,-0.25228292880928,-0.34733116842195,-0.264872997869431,-0.171146756650266,-0.0198228628117514,-0.594750306286962,-0.502545584876081,0.0932345180292914,-0.0463949414254593,-0.249028869198973,-0.494558967785849,-0.304372228981717,-0.252218870956679,0.401021144747897,0.0699210108489879,-0.0951320823978331,-0.150196189154125,0.182962654997433,0.353310061130053,0.142264921735816,0.489046505007484,0.409509770324137,0.625987311456785,0.588322330141048,0.367467380998694,0.403798261026895,0.326029810638594,0.726769013609063,0.65257031324448,0.464120082864742,0.479779787493468,0.0460788466031495,-0.132061764753033,0.276078194837642,0.190961941394966,-0.0001983328066915,0.341995700009284,0.242611340483646,0.224494044212797,0.209274891830984,0.384671838768355,0.311916097909443,0.251276308928128,-0.0715092020834425,0.369636809437609,0.317444926510899,0.114708836118436,0.197905748715706,0.0058483722045288,-0.0667872733741871,0.232770226319045,0.156008656454594,-0.251667034448035,-0.0505532737737457,-0.319741931901149,-0.174244680418449,0.0956308486968003,-0.121769793044684,-0.0813565839955499,-0.0562017501102226,-0.184674581595622,0.0625058214406196,-0.191048303183706,-0.0055136917360644,0.0936081878045887,-0.0014250099335401,-0.0549944499254544,-0.0246975367033172,0.333788236906422,-0.167070293323812,-0.192557394231305,-0.373608189772612,-0.285313792168657,0.0354048513933781,-0.412617870854223,-0.171838456920746,-0.0480049816674825,-0.585181603182863,0.0493188586288724,-0.366904451026287,-0.467179435085448,0.258213743009058,0.0203166063719305,0.0136069262683555,-0.0242575062541438,-0.529488526649446,0.0843617089305857,-0.27405856840032,-0.307570883258673,0.0411528475009446,-0.046961851100155,0.167466784769476,-0.204655324416237,0.0258059071550751,-0.385237123214878,0.104750758303866,-0.0537868241023871,-0.0461854325830704,-0.138132075334108,-0.213455004879616,0.342139654837291,0.091250033434883,-0.0302106855889334
-0.0307324918318259,-0.0892311409368622,0.121104725775342,0.27394155851957,0.692919525174102,0.328517601373571,0.103745408811925,0.241406583381807,1,0.0108415438952069,0.428619698814642,0.23146593752307,-0.259534727819967,0.162405495549848,0.356126705001863,-0.0060327838764189,0.0583033364125664,0.14397062220125,0.351135659065885,0.349033748744571,-0.14062053725247,0.377750954676675,0.138227836102468,-0.0811806335251886,-0.103426720944403,-0.290444603243608,-0.249631670022358,-0.276603175038643,0.125111585389989,0.344371363687412,-0.219514472982866,-0.494399982695281,-0.356351060123915,0.200549134206008,-0.341143862932196,-0.0836741087043489,-0.228974141459245,-0.131796388121619,-0.445079683028273,-0.342729866954103,-0.329446690272881,-0.344346744874999,-0.287014349932967,-0.0953526966054653,-0.27656924642285,-0.133538455703492,-0.149686159409708,0.269296214873657,-0.0749522987402012,-0.0145846807647868,-0.225451426178222,-0.271127199521359,-0.11552710543905,0.0143632776268989,-0.260836599866542,0.022322265962432,0.101614326060576,-0.366042376534754,-0.37030627055481,-0.252772950377847,0.345629026958253,0.407971046869662,0.202334067682506,0.16875825393196,0.121238007571266,0.269508239437283,0.27853107846565,0.310540098505548,0.418582996427709,-0.108945593807147,0.0390313958808765,0.488805829100416,0.409691982440916,0.159224267990181,0.324588737607451,0.0002908099270238,0.307458537674027,0.23888723000714,0.151247031190292,0.125861127552262,-0.132253952089227,-0.128666012460989,0.195033189669099,-0.0366224416418136,-0.165603263266709,-0.0121221126340013,-0.0161104007940868,0.346369699736522,0.624301104788884,0.786812128563074,0.771051180731866,-0.0656735746020985,-0.209491818800128,0.412626952166537,-0.320195242263603,0.484354982097193,0.460099582580071,-0.0261208901604343,0.409310711365753,-0.0228229599031434,0.316475145970764,0.336586919494589,-0.0170032565912478,0.241544363927627,0.451426183960852,0.0030427141371751,0.358764263439097,0.0202894654382769,0.394273934737024,0.0793819607709099,-0.103770822287962,-0.15447819653922,0.0343953731647437,-0.461642715288306,-0.0355818835897031,0.0396200305834864,-0.220192132387028,0.0810191888221088,-0.537488205170566,-0.48960725350019,0.481201051288567,-0.532727780008108,-0.236904013260088,0.148233362570522,-0.0332147636190872,-0.214784672956849,-0.185143428417014,-0.256361305099363,-0.122707278536242,-0.241674275368163,-0.333735264370187,-0.288117951000338,-0.389675790653258,-0.134194775522056,-0.520542023348021,-0.331592555303375,-0.279579446524416,0.0271997956325633,-0.059068603713032,0.0033458879185086,-0.396653263349265,-0.154398410624047,-0.582549159452374,-0.483290867700571,-0.0746187039317899,-0.337764505332841,-0.303367763575993,-0.339045137390405,0.12437584114311,0.0725026179439312,0.062052156782665,-0.265958482336929,0.0168603365581385,0.36395699812934,0.252132365426446,0.0311669213466134,0.13319042656938,0.289508848178311,-0.0601016740030916,0.337183875097602,-0.0530149816148916,0.430198791240311,-0.0633426815964159,-0.173345121467532,0.173625171499183,-0.0373495067514602,-0.514964610209964
0.512229034581456,0.873676140899695,0.752770179264954,0.620912384361208,0.152655189109787,0.657830614865392,0.825089236314551,0.71292935620588,0.0108415438952069,1,0.415321044486042,0.782271687799109,0.835134772033589,0.0143013115663647,0.0276378225618944,0.310836974762812,0.296501432526606,0.190301813634204,0.0656081429100197,-0.0056812165296274,0.345295752663584,0.0870268701835708,0.226568173632403,0.218743190125538,-0.150769505246636,0.0272217215534504,-0.186970097258914,0.0802117483215986,-0.0909384192613405,0.166782274899348,-0.34564126081893,0.168157209749229,0.347091533126707,-0.298505856203396,-0.103299595877402,-0.286405729105561,0.331738686920236,0.0383564855891004,0.079409522989262,0.3055764516048,-0.0878419756397856,0.258518935635335,0.101144425147688,-0.245445215267093,0.052079980582276,0.364315734730715,0.259584969346827,0.158196292815562,-0.445300970982611,-0.629916131776773,-0.294088912426616,-0.103140325552622,-0.50586173759937,-0.468732855871355,-0.312388418857053,-0.567447551046972,-0.597949574916266,0.279645365832711,0.177250288040553,0.15725796882434,-0.0386873872229181,-0.0564637371045793,-0.150124059789446,0.117337906378261,-0.204817693595551,-0.311491981346201,-0.40459917143148,-0.277100047026855,-0.296104910578555,-0.401752881755851,-0.375319128722884,-0.213468371805408,-0.242320499298985,-0.343751800364755,-0.555479550372255,-0.476058000408751,-0.422508231775475,0.120111609200165,-0.0507335233512915,-0.263460609433256,-0.0968743893016135,-0.0144887498827042,0.340776742089257,0.0839075780305738,0.774635602323912,0.732034373764332,0.804205188069665,0.264685432171463,0.342130979448889,0.0597048361282837,0.140322104777649,0.795706596585044,0.815297219194296,0.561269403947304,0.645262624212071,-0.123699312959557,-0.141167012543763,0.169361396518354,-0.0107414261990604,0.165589021752235,0.152350661931556,0.0286606273827655,0.17799620355546,0.0160254016873684,0.191720783399117,0.287189846480756,-0.0579230895951422,-0.042459644073415,0.102007373592856,0.255024505584724,0.0600098455781522,-0.0561466273554322,-0.319685830014955,0.0325094207170011,0.385818042894188,0.0756967230116945,-0.165848739756015,-0.0768604095734906,-0.126066182088748,-0.0496774600793787,-0.0265799525305493,0.0398293543903245,0.086528855928365,0.152934711514176,0.0824787901991884,0.242503314038871,0.052513210517601,0.272347200373748,0.217505365075063,0.170926561330625,0.207433546873207,0.188484512289906,0.452163658326144,0.0225964125255741,0.0914902373769415,-0.176773791697732,-0.254881093429756,0.0667187369329143,-0.285502037438249,-0.108588105441378,0.130249018131143,-0.311311690405494,0.338232398541748,-0.109514108732389,-0.228142406111371,0.394537206883707,0.271340576006724,-0.0017624077113586,-0.098543364655015,-0.4430528435542,0.0724099032545122,0.0079805884651834,-0.178257152705301,0.0569306559842829,-0.042298689569857,0.365332694286492,-0.0799621098156968,0.007829202232914,-0.108541152109758,-0.0673159800104872,0.0970874229744269,-0.169847057629456,-0.097244416594038,-0.0785614343308762,0.0207370892802617,0.0183558777455899,0.0625688653138774
0.44297855125829,0.550371081494832,0.4020330027818,0.779459156149471,0.526183363700212,0.438717426125914,0.558111810931969,0.36135550662887,0.428619698814642,0.415321044486042,1,0.715893538327711,0.405608229460876,-0.193686346154491,-0.0521339612394089,-0.0108144358140839,0.252191304887791,0.185787193860126,0.27792270511028,0.378515961431692,0.379428246288865,0.300278959273589,0.17149358604538,0.329634599858734,0.001481099359953,-0.0672565724844574,-0.302949304289089,-0.0881073992220636,-0.0844246090492207,0.292613152099329,-0.305288213457539,-0.100132328945347,-0.0993344919407044,-0.0927244849443996,-0.321048234394193,-0.204183545769772,0.0644370857388213,-0.0951308159737021,-0.222595433873679,0.0522521346396332,-0.20001063710695,0.124027074069639,-0.0560161060743943,-0.161495462601047,-0.0841477422965124,0.315238580506086,0.126344125491772,0.0981254027091382,-0.419201464672713,-0.265877317273138,-0.334425275207468,-0.286476341951722,-0.378106368152862,-0.0611146535754585,-0.278179650350701,-0.250643588123488,-0.330687215706266,0.261712335069401,0.278724705210697,0.0836266723167567,0.0755507437079975,0.200273526461627,0.154324036797456,0.261543422757878,-0.101989833074905,-0.116259521685307,-0.207700568891593,-0.0476843662033922,-0.030006973018381,-0.21465009080256,-0.23804367972627,0.0426572137432151,-0.0078284601634303,-0.147162176162905,-0.355996769155205,-0.273573645516449,-0.259358547707316,0.312322977521174,0.098328007712316,0.0123504034972469,0.0594184876006767,-0.0762837747375456,0.266572675886349,0.085868709541955,0.392939228454212,0.565215513240242,0.30477943022269,0.0911388319198879,0.661734017513906,0.121937916561685,0.458353119483526,0.305122178535211,0.366993451638214,0.80610199379631,0.203993575044186,-0.144577170409412,-0.0436550217577589,0.13109591056852,0.198496925404603,0.236145432693264,0.285796827895155,0.302480442636501,0.194664532002886,0.293565710715744,0.494317283826611,0.429908380945421,0.167895501037485,0.198326416322087,0.342930532071947,0.518329660372849,0.16048095718152,-8.99325165289464e-05,-0.0552915961088606,-0.206309735130554,0.092784593427247,0.0708523545495723,-0.199742423492026,0.0757723917150494,-0.316955253045921,-0.251562499842354,0.318394769884925,-0.203552541670763,-0.027138342579942,-0.0385887277599513,0.0187934523105873,0.0679716046532285,-0.0540127835025461,-0.0329007929867802,-0.0569056667602864,0.0048504701226756,0.0176832589817701,0.144002808624122,0.098961052812338,-0.0105849538489634,-0.260366638013086,-0.346689084852601,-0.315384640787435,0.0612427422669781,-0.271455948616739,0.0662282239341995,-0.131590482061685,-0.27073218392041,0.0309201934872602,-0.30685458238139,-0.236284713852629,0.255571595532077,0.13783508641868,0.0147680618516573,-0.0474746674241228,-0.424098590008842,-0.182448610891559,-0.197339350779404,-0.207700317349548,0.17544190699675,-0.107154420941681,0.168783067615618,0.0180367331748155,-0.0542938072652227,-0.119915027832994,0.0755981772396921,0.03267783566293,-0.0293926902685679,-0.147138221891336,-0.20315954730112,0.208333508304411,0.0577909682331858,-0.0671910711302487
0.425027940723867,0.842029714674911,0.606291614729739,0.857683891123289,0.312142041602732,0.712467250751834,0.794612763178206,0.607228996167017,0.23146593752307,0.782271687799109,0.715893538327711,1,0.764195075697713,-0.166476023332325,-0.0069729635967065,0.180007685660275,0.426116530824975,0.281642305569224,0.208722829866594,0.289748669760616,0.420065202242432,0.264557290203249,0.167081999860404,0.344648615809053,-0.0546261561084753,-0.0158567266285379,-0.107808305920428,-0.0821853271400441,-0.0102493927633997,0.175086731803832,-0.296193254961182,-0.0125115999856287,0.114468243081347,-0.268163068849434,-0.2362344651209,-0.147994129157414,0.377375841132551,0.107283638425802,0.0314431239845885,0.277521585059348,0.0052474141806816,0.304656843983028,0.22078737955059,-0.163768454621355,0.0327938837025081,0.393249748018291,0.299956566136952,-0.013043034072692,-0.353534285666879,-0.522374995011823,-0.23125551436308,-0.0970762620921064,-0.326338329455581,-0.289801026954199,-0.221302313717883,-0.440239958125714,-0.410746051550167,0.27494161212412,0.288525580864062,0.157123737502636,0.0243027805663491,-0.005172076880698,-0.0370627045449937,0.240823899069313,-0.180520256533069,-0.213379191992735,-0.372480554294063,-0.12887566935272,-0.234421257876005,-0.202196846775743,-0.142309810884297,-0.175857372461979,-0.170898449949627,-0.270541852461254,-0.439350005459803,-0.35339541050422,-0.326478591541889,0.114927938954559,-0.0469962301909836,-0.189929633806431,-0.0967427908936196,-0.151393984735782,0.216727068629283,-0.072523959423895,0.630483507267661,0.872174549628461,0.534416053788276,0.138997224023993,0.610094529766868,0.140779752792368,0.372834905461377,0.571442752901286,0.72108757861999,0.857559843735318,0.501311756858036,-0.102995022053187,-0.07905235743004,0.188782635925451,0.0912073006670844,0.412413707564753,0.209751394932469,0.199462497458559,0.289781733820098,0.187286858598375,0.475545230815398,0.440081739531574,0.139521462370386,-0.0022379869627856,0.319932844431513,0.419668756243351,0.215556399278377,-0.0098594354696076,-0.143305504600438,-0.155603593934257,0.378430550976921,0.180547528908003,-0.125631369420309,-0.0434657007824517,-0.165205628336992,-0.190614212797491,0.198562855015581,-0.102877192233987,0.140065762543404,0.140343140014272,0.192240977713776,0.318016182616499,0.153861227402562,0.249848033844728,0.197815387138344,0.178017245448442,0.276517374069881,0.303633273695347,0.324107167306756,0.0734069679367426,0.0131833201581791,-0.24129604705919,-0.429573430474833,0.0378264456914433,-0.281484511819822,-0.053982642505176,0.0432053860347444,-0.372970944228127,0.261167718792541,-0.258532919216322,-0.280823953341052,0.328935366237316,0.207118206176159,-0.0037828915978229,-0.175736569479416,-0.483786336321292,-0.237255901938779,-0.208837719123116,-0.283245152034558,-0.0136321914610564,-0.170598481149214,0.14969833937884,-0.170181949250632,-0.0251925588824769,-0.0971283782091393,-0.153302555784374,0.136725555131038,-0.241538848541652,-0.282294367740966,-0.306426853623884,0.0108389511560473,-0.0750249557783029,-0.0339219636446401
