1,0.795566134308636,0.541174374627325,0.589670355648826,0.354753607685815,0.582404056395946,0.317854244595329,0.177796767514089,0.630542992399619,0.643378557653112,0.57763668294865,0.674432408342569,0.552639344313443,0.32205888251855,0.168278493767436,0.190240163929978,0.291430463007242,0.257828162788422,-0.129645058538536,0.36869617262402,-0.0054207126266555,0.0430404206154169,0.233919389317132,-0.0506242841131272,0.130306053540414,0.624373725504774,0.225416964359617,0.492720398178925,0.325453664060511,0.166241843484038,0.460483147438423,-0.22151645445931,0.364534798260441,0.336421136217281,-0.194824206223105,0.32760532943574,-0.108380881304045,0.313095102230018,0.0768370370243907,0.217444459933319,0.058034678331108,0.0259944397136128,0.140999248005269,-0.539181713310284,-0.0930475172132471,0.0587273824906075,0.0455464800023948,0.0661488277928051,-0.360656735051311,-0.32782138855842,0.399494060047346,-0.187884297097242,0.0413894076079881,-0.589653714315006,-0.0920022495935199,-0.0806344728545151,-0.0924137772875612,0.05375969934782,-0.530408708845788,-0.179689673582909,-0.36829989569334,-0.187791975367482,-0.0433574322685507,0.240322278355465,-0.212943865218312,-0.333869962639803,-0.477609365064683,-0.48489026026638,-0.475528069022001,-0.185453387671466,-0.0145437464050506,-0.523274605735779,-0.502257110623069,-0.510504192894762,-0.274693882849794,0.0134779468879358,-0.349903004625702,-0.337792918881115,-0.534062692134457,-0.593021647266449,-0.663361706614669,0.0070389575940846,0.55318462614853,0.536422314398598,0.821894662823825,0.605046908493549,0.188496405207474,0.330021863569492,0.642775252554418,0.576413276289496,0.57157696159927,0.433371726173187,0.602844273974773,0.472637190657758,0.0531473837734447,0.0830498124272967,0.238804081023444,0.217053591057234,0.323029381665997,0.0122881534729764,-0.0377862164142259,0.268679124082146,0.0824376073168857,0.421948138441946,-0.133400961344015,0.0733598677554205,0.29250198351973,0.394738608668435,0.166150844581528,0.183945610304633,0.0380884862287716,0.540769699179885,-0.16682346725087,0.196351392986802,0.390114751225744,0.163754360668091,0.51998567996451,0.540908504957228,0.535136256340241,0.0084493314055619,0.138452282058418,-0.518867669276244,-0.167531078207834,0.368290574254862,0.0976465870091242,-0.0112578637572917,0.180893321298574,0.148835904413284,0.158406648363286,-0.0265659074839998,-0.100136390385067,-0.201920036073673,0.135247528226926,0.0602189270813995,-0.260265924698555,-0.231909014573801,-0.152067705668123,-0.311338068193865,0.0251057821814668,-0.146342093512962,-0.392642383001785,1.49788379057874e-05,-0.0720495652991004,-0.0051385430254327,-0.488708384033045,0.170629419953565,-0.504877100796174,-0.357589571244568,-0.380460556832404,-0.554049725535111,-0.544307348968842,-0.491832938198272,-0.420748120822191,-0.286219413691929,-0.209622636097695,0.175307562644379,-0.290981146905158,-0.576075945151218,-0.299062970330938,-0.386343974233606,-0.431383557514629,-0.482984095263143,-0.177382575699489,-0.593700804996043,-0.544773468448869
0.795566134308636,1,0.787321132565955,0.371600089920342,0.187708092071495,0.702981494223865,0.629040499548456,0.613577479932711,0.345611044382905,0.81991604834056,0.328791410284131,0.529743280365728,0.79284517973912,0.352573565955422,0.200110278360436,0.299035415189682,0.316086167376267,0.440950186477219,0.0213541573927309,0.436379123019049,0.0114679886154353,0.324619727894619,0.260794462666621,5.57883171867708e-06,0.34397475144448,0.766880886008939,0.454821157989931,0.683924423959041,0.263397098493692,0.106403625513855,0.567416201060858,-0.106373673207937,0.426691841858266,0.433291029078656,-0.259092575014773,0.0314904096402883,0.0551187357320159,0.328746895987763,-0.0888887703623103,0.209083768637531,-0.0043142291076138,0.0317389893824362,-0.0085331980184081,-0.546698406067633,-0.266158763774646,0.0906710059021542,0.0502337008240032,0.0906246451945751,-0.609159767519349,-0.486817782701867,0.192281607738424,-0.37102900658646,-0.169355735827548,-0.52667119204059,-0.275251046339225,-0.244454676853973,-0.162622666371883,-0.0716036421697417,-0.568689413157404,-0.311476886869363,-0.486444106627474,-0.12428739767413,-0.0322710524055333,0.351901158235776,-0.0822439982745331,-0.376136065305552,-0.437909936973371,-0.494664249297665,-0.514074194082363,-0.206836100435068,-0.214166686096846,-0.535008826061791,-0.546833549984651,-0.586241758151174,-0.580809844193394,-0.198975192744189,-0.342539743850723,-0.266400532800548,-0.527192284271471,-0.616212244005472,-0.515907681460264,0.0865493519435574,0.693171416193144,0.462637306097468,0.916750592158512,0.358663283231732,0.630992305906918,0.632506026178409,0.378449332545877,0.218428511458263,0.310325004846574,0.784505263670243,0.275199349007139,0.708197733383436,-0.0174862917815947,0.219039025403868,0.3899170450897,0.362146922779722,0.337936984057741,0.089644759712545,0.0796059132886176,0.228572048295701,0.266777147770835,0.560283984521,-0.0092939466285663,0.350284671544112,0.403205041238291,0.530447207251603,0.250608045494032,0.367476850944903,0.268337087195698,0.759513612124561,0.0749861636647726,0.310973266435363,0.336061915367613,0.271828575637067,0.57839118236832,0.65086116486006,0.689148141359975,-0.0704778177865575,-0.0241247842935179,-0.39451356581196,-0.132440508609086,0.410165727010571,-0.179846514576224,-0.0212378591238647,0.133655373845241,0.0083653801148581,0.0764173009060063,-0.134695059760644,-0.0863860100297763,-0.396253151809054,-0.0781279869030659,-0.287966430690862,-0.254098150332046,-0.305037189459744,-0.341924266493183,-0.484931933055384,-0.259994830047245,-0.383533422214732,-0.610798578119097,-0.319325503029041,-0.253832213369695,-0.187460858166058,-0.579453445344793,0.109001530329084,-0.688154161722897,-0.59268798343171,-0.207530760868373,-0.686865238139515,-0.674153254645845,-0.600668110847517,-0.627360855162382,-0.311854430694487,-0.222248912044951,0.258057762144284,-0.463328653009913,-0.632586030643412,-0.497850880659061,-0.495845876619831,-0.438147977887367,-0.4631036085786,-0.193068009448406,-0.600521256841844,-0.45206738804555
0.541174374627325,0.787321132565955,1,0.288500619435694,0.0064227226421127,0.537310415183128,0.77058075312335,0.609342068736773,0.200504096142201,0.817896211457952,0.235755556394784,0.399736326273294,0.683591761716796,0.290660371902031,0.256954343143587,0.204058789132982,0.191686270742546,0.420829022105636,0.0264472076845645,0.449144482995759,-0.0304758919712281,0.39405865600087,0.554400145446384,0.1967898927798,0.433648864522575,0.785746416628774,0.548653187753974,0.713410109004084,0.371996919694136,0.321100125255447,0.763299421026364,0.157079387685397,0.630110733035518,0.621771820325219,-0.144974838515379,0.0244511658499678,0.0673903394840611,0.399284875399138,0.0646198304918676,0.0550234547947859,0.0660105552569166,0.0284561649273492,-0.0011132810275023,-0.495762947937028,-0.179229199594588,0.233265282726872,0.139166654005953,0.0400813789651543,-0.64965255410704,-0.501030207248898,0.381933530601791,-0.310803422510706,-0.366043458122273,-0.44360852362037,-0.228027432511579,-0.219071420910051,-0.216395290558557,0.0214714734930532,-0.450724168183092,-0.287468194296143,-0.443532328703502,-0.252623811539978,-0.0713888830865844,0.299986592760435,-0.0713945059787121,-0.346847755324108,-0.556009126979249,-0.317916764549602,-0.64252424169054,-0.260588232038597,-0.288463251642322,-0.630172345503652,-0.627413065052774,-0.522152443566856,-0.704217818917765,-0.336549768224234,-0.47810172056924,-0.349877303791506,-0.487396507304057,-0.636214861195862,-0.430262104295674,-0.111188308580477,0.62913332255115,0.163988043544215,0.704677142978819,0.238439109859662,0.724698143160977,0.549544233151945,0.239931640552318,0.111394306218578,0.24720332512493,0.789178934044532,0.166597341117592,0.724683292798484,-0.0002526627297574,0.0863172503787412,0.239046731549996,0.308890205300978,0.170355954822835,0.0410724030259368,0.0319792668270697,0.181421374577727,0.311842687677152,0.508548898686462,-0.0652924556834009,0.306809641446195,0.511550977247022,0.571182659246342,0.339690801594182,0.495041353418293,0.418274994501693,0.842802441965717,0.144978112315868,0.272385196501136,0.479802282211799,0.424721900980261,0.709789516528912,0.724068407965876,0.644024831710804,0.0696722738884842,-0.070757245058482,-0.422229367473611,-0.123690631800618,0.419530401037555,-0.18559105082728,-0.0555509106499034,-0.0137452635608605,-0.0272106097702366,-0.0098549960368916,-0.132699976144851,-0.0034973584335295,-0.4402134209316,0.0093460292494741,-0.245545879011054,-0.145320238483593,-0.354055886435621,-0.36083543756749,-0.547734573205399,-0.300028646351941,-0.512645166126459,-0.512069246510986,-0.411665070195391,-0.375070647883691,-0.156738689438482,-0.49873362198234,-0.0045940864521019,-0.68986433870407,-0.710945045611397,-0.29134756546024,-0.752019159975341,-0.738248731769764,-0.614473371465184,-0.691074221425274,-0.312849835330698,-0.245372342829965,-0.0208282105685647,-0.491432943421882,-0.746792012799309,-0.399272068649771,-0.681781155809238,-0.598801277302448,-0.641304114624522,-0.304296717345511,-0.624693506079669,-0.429596625651193
0.589670355648826,0.371600089920342,0.288500619435694,1,0.345768919503534,0.0665885509096616,0.0660251897177481,0.0766483048425789,0.808380667901913,0.137252941123077,0.785135934937252,0.491043582099433,0.0313206644480797,0.425397467122541,0.274226472061223,0.307113820746445,0.420776766690878,0.417528531453374,0.283869546222814,0.423291170144377,0.250240414595962,0.392956686420098,0.557689742320038,0.439573766004691,0.366544434360783,0.189296574392058,0.196178208540619,-0.0484671822427298,0.520124457526573,0.579412753794752,0.162913862370022,-0.0751654575331919,0.499875018965165,0.0514519192584091,-0.294913041880584,0.218727124970323,0.143302692039827,0.328289406428941,0.0260700525220557,0.291004154897564,0.197615509532749,0.190732738974939,0.222281254098564,-0.417380470919006,0.0394471857221545,0.204436622937634,0.361166651870403,0.305446962393692,-0.22619927765122,-0.237654939571916,0.477200063802978,-0.0266902793563484,-0.122935696300067,-0.445360560225432,-0.0239506295317696,-0.177755785435612,-0.187938178393137,0.293283614186358,-0.260461178149399,-0.178716498225259,-0.159004128064434,0.0137268486184633,0.27280447418495,0.450819560225089,-0.280490090563452,-0.273459928314447,-0.526077170488414,-0.293459806691962,-0.337999786998188,-0.173325145815933,0.043958177416818,-0.385179285809856,-0.538571079101547,-0.270418655830906,-0.237843866163702,-0.190522930829575,-0.480988145002842,-0.319222418554382,-0.372564685490454,-0.469485545264412,-0.408286708017806,-0.435760262542498,0.110534446446608,-0.0729099593790367,0.414286677602354,0.818654129961777,-0.0100532252051592,0.113773791873887,0.812083854339588,0.634583524409386,0.834119262998527,0.151159371288384,0.731536052130537,-0.016603980422611,0.29923388376222,0.291266460892438,0.389705252975183,0.338213014869499,0.365810607321596,0.307347774552302,0.304890741779453,0.200001500188549,0.495248505945267,0.520329374903031,0.238552289163053,0.259204794259101,0.59054932897118,0.589033332585936,0.407614313276989,0.4611709243525,0.285535246336269,0.365681617797646,-0.549183195840086,0.38947983554985,0.303284196263579,0.572626913663662,0.125646656743395,0.254207040494886,0.0368378163447229,-0.21243820944123,-0.0357490260654031,-0.474832339193425,-0.205394557427896,0.351921490384944,0.0683822808653804,0.130840337598568,0.417788598582592,0.218781656481545,0.280340584215564,-0.0581951276912303,-0.0976813723561198,-0.217599158253267,0.0362864363137072,0.0682419233015589,-0.157305175483799,-0.0401316613097498,-0.108027515239739,-0.198771985281772,-0.0460066485008405,-0.339751419117186,-0.175302069687739,-0.122955955086552,-0.326693586578464,0.286437479617907,-0.344427870566367,0.114950162157128,-0.353898558873877,-0.47572730600284,-0.602391532285625,-0.479289128560502,-0.400576979154645,-0.320267344072886,-0.38840638989576,0.0379586947450158,-0.0872659493679153,0.345867582239395,-0.312433247572694,-0.385857438553205,-0.17853966387524,-0.442563535008613,-0.533111802030605,-0.492702665864161,-0.190952338315895,-0.321247503065694,-0.265049508273006
0.354753607685815,0.187708092071495,0.0064227226421127,0.345768919503534,1,0.245203194915884,0.182999629754345,-0.10786282998724,0.340468230569072,0.183801007369727,0.40775595705667,0.485175556646389,0.224862570603021,0.329762828311864,0.404491378150425,0.266282260661067,0.114532939934218,0.190384132043705,-0.0348839153331543,0.448230017537878,0.174051999933433,0.12463279455265,0.0897954233483416,-0.0527059977751509,0.206950865951785,-0.0068395174458165,0.22499455698201,0.16016106588885,0.0630351868322169,0.025902085791291,0.188932605455073,0.144271493521635,0.21025049169624,0.178679256903625,-0.15086387157714,0.119907662606827,0.287445971857131,0.143718476398033,-0.0728103922034676,0.164676641122369,-0.0279872724484788,-0.0613346595288317,-0.0260904059743093,-0.115998245152764,-0.066061590730939,0.259436393011279,0.306591339446597,0.274571218710129,-0.203812079725904,-0.0791365950328185,-0.0717281436515038,-0.371887054033995,0.0509137127615569,-0.366916627747237,-0.444532903678008,-0.217159044197145,0.184977982330411,0.0870565201995129,-0.273180472132344,-0.133454785331612,-0.0063680003192041,0.156208933301492,0.253371915652717,0.323116474793989,0.30369121687701,0.147834119666627,-0.0088520103008281,-0.0281439202255024,0.129520354960374,0.192819806593832,0.201865628072624,-0.0157815216625361,0.0008307726299862,-0.221750866811443,0.0222817429316674,-0.0452968260278226,0.0111371131809009,0.329802103798039,-0.0925883894162873,-0.133669973199005,-0.124919866033131,0.377137697338261,-0.0581415523006553,0.326465779966193,0.0959372515547108,0.159220164101648,0.0636130774458114,-0.0169364169048906,0.499753625215259,0.268414017859057,0.264027190225877,0.0765281249022378,0.382471131953544,0.212790313389227,0.333549555224094,0.270553939195606,0.100953382570156,0.159648725478972,0.106093569465311,-0.0547837574881543,-0.0561008927560771,0.399231421153208,0.145448777088812,0.196864084348332,0.117480810550227,0.159908378074951,0.318791403676913,0.282166936029847,0.0802082897118487,0.27303091483589,0.23965302160231,0.0452990971196736,0.0719351191190917,0.0649815509051234,0.136845153764511,0.117656134854502,0.270818186770892,0.246082623318963,0.238692080961504,-0.0848315974079509,0.021894378134082,-0.300404205192891,-0.0697801534337008,0.276168659638576,0.0463266446544551,-0.0652626984871261,0.131911391415401,-0.0397825668708084,-0.0110913272321215,-0.021782617674681,0.0741317745979474,-0.127030656280405,0.0627246802598909,-0.0624536087626769,-0.0879767820368631,-0.0963298736060688,-0.24425766220834,-0.300981465948909,-0.216784510113184,-0.192379612252098,-0.390907352498836,-0.0717701436574586,0.0018168187182687,0.0748569695252296,-0.238993642364121,0.268654208826376,-0.30512022058414,-0.0798076948541326,0.0660435023057661,-0.226261684250841,-0.164103750628271,-0.229502395958348,-0.156966742457776,0.0650593770010929,-0.06947801809331,0.288663296283567,-0.149298950124284,-0.177490036628796,-0.0932704288890551,-0.124722162316119,-0.092941831193135,-0.180671618444633,0.262681154290935,-0.14405671146654,-0.0953399440438956
0.582404056395946,0.702981494223865,0.537310415183128,0.0665885509096616,0.245203194915884,1,0.386478156065425,0.446895861200513,0.291252008868154,0.776639226828227,0.222040550189002,0.67791097998937,0.766281548945854,0.178111668092314,0.229001578932875,0.168235933925827,0.0652318037865332,0.318190289536564,-0.42852363967697,0.272405827523834,0.0837857483444807,-0.0379376448020839,0.0941233199384786,-0.190485834664912,0.133010742311174,0.506359953272689,0.0510057662423977,0.633700145129364,0.0118861260269275,-0.148488480862018,0.563645974209659,0.0854026837175414,0.295237227016997,0.369016020248177,-0.206243658184612,0.048497871687408,-0.0878991265427212,0.28005800390471,-0.0199241395538573,0.141167525091364,0.0611839590981574,-0.0199276422967589,0.0103138964165375,-0.225324931504142,-0.0965204900684298,0.253348138077114,0.20188282798095,-0.168640787389438,-0.436147104416399,-0.392374050888849,0.0089046605686713,-0.431965205364559,-0.235410716064954,-0.460957366795808,-0.36348887443642,-0.407211533230896,-0.155541335663484,0.119045348693513,-0.316495197616984,-0.036057946515556,-0.513143026412873,-0.405992482391051,-0.360121697400633,-0.0333363659702145,-0.186132350312727,-0.422294018493032,-0.322518385888799,-0.29844663420554,-0.321380275722921,-0.24743450286143,-0.266587755489895,-0.407319981453551,-0.335145905235348,-0.384187925212699,-0.362749733593841,-0.0838818191411654,-0.214293506114382,-0.039960513904496,-0.282203651766833,-0.425279161352621,-0.412473549313081,0.340141863616821,0.512784053436649,0.649533522630697,0.640692766500279,0.0778855309029934,0.369239279884348,0.717220844701396,0.276174740000983,0.339427238706171,0.136170149746152,0.636554100103167,0.241572461945591,0.736762108193926,0.0570679425760284,-0.002416089004464,0.0445524045340745,0.244069403051032,0.0967291472356045,-0.256546529245867,-0.375994773056447,0.347470302913508,-0.0263754068003489,0.18686569573089,-0.0667812011003182,-0.0608583811690456,0.232840712641072,0.270775699006735,0.161455743253393,0.170638734284759,0.0416103123808896,0.591812441474507,0.226345733173042,-0.0284075789643178,0.214454577533501,-0.0149603674513804,0.617889195774376,0.583882736638572,0.652976873671578,0.0752407647986083,0.0448452362091455,-0.368611965277943,-0.111142880276216,0.379864173823652,-0.10152229856579,-0.175699002861947,-0.0424326095701411,0.020397158927423,-0.0539774003480279,0.0847846205083954,0.149792123911834,-0.0277359640789794,0.0797084167604877,-0.231217632293724,-0.120139534214492,-0.235178247773307,-0.379384959346204,-0.424572639197136,-0.288298314415994,-0.273319004170979,-0.445187369465897,-0.110694539672447,-0.0706688100784044,0.0339240810838292,-0.315201892139105,0.132405253099075,-0.474551819251496,-0.305826866247818,0.146323795784452,-0.584191257638496,-0.457534916490033,-0.587206816474584,-0.464125740339302,-0.495606366721179,-0.405195064866101,0.068876140626819,-0.321970004407323,-0.490954940600242,-0.399911337910131,-0.357525524763001,-0.230846849203008,-0.330994692747935,0.116269014512249,-0.366728477507511,-0.292281529550179
0.317854244595329,0.629040499548456,0.77058075312335,0.0660251897177481,0.182999629754345,0.386478156065425,1,0.60037273989986,-0.116004540874606,0.651828848597052,0.0255874397373159,0.277595395779791,0.659708358315364,0.307526480774098,0.336406874729951,0.304353050784793,0.218566308068428,0.410967341841956,0.177001898889759,0.492377469531588,-0.0479698174136687,0.461738403716452,0.395509054241985,0.133715545985557,0.500619727991599,0.583422372936494,0.809767267155002,0.623837944767135,0.233071225652797,0.138467122961444,0.746032421978605,0.249436889951311,0.590010997531909,0.540714352338068,-0.131268227388236,-0.0694600038156174,0.243781429651223,0.370785906612603,0.168522073245698,0.154684419806767,-0.0294736340933118,0.0174749201317456,-0.0231189974804311,-0.300329906883355,-0.346845959565811,0.362911496322765,0.0313012222575064,0.065341420825444,-0.515551730288643,-0.42948166271257,0.0488273299977871,-0.37132488718399,-0.286125163411394,-0.298494192696293,-0.381655378249814,-0.324692078367039,-0.177201865314105,-0.117790685835886,-0.55995377298462,-0.297041411501409,-0.480581720134927,-0.1413148864788,-0.0547894476851623,0.392859162242508,0.2145778317581,-0.146698383099146,-0.390060947936625,-0.211589317283388,-0.460316490525086,-0.12157854722528,-0.181858926967758,-0.426986743762212,-0.472697665257647,-0.482192914428808,-0.579585315829233,-0.397363352558139,-0.361897589235317,-0.156952129416464,-0.459586936581564,-0.512156377629663,-0.220113637333867,0.140754949284551,0.58047701821813,0.124893596007262,0.448221475853044,-0.156744846232982,0.880443217357266,0.349210650798695,-0.0221264037964502,-0.304537351530679,-0.1097672138921,0.713410627564567,-0.182992843192783,0.686237180760689,0.0126406116022762,0.349494315845591,0.300746583937795,0.280339618054806,0.14556924227967,0.0583006139275202,0.101667806675797,0.250120182542261,0.350297912699881,0.498166760315243,-0.0478682868314169,0.496941094245957,0.457708257374073,0.565310362586351,0.262749464703842,0.565637336386675,0.523765656560182,0.650008511419272,0.4608810668372,0.21117430313898,0.369297675307462,0.378108549604721,0.645361829002945,0.636613283093652,0.607316421430861,0.036184583201558,0.0322816027698506,-0.103731530301399,0.265699548497021,0.403371544636689,-0.0787736800708205,-0.094874017380635,-0.0346534067705085,-0.10484649548994,-0.0709226745121825,-0.239562415619982,0.123940516575359,-0.42153392123419,0.0685280025964699,-0.241196551939358,-0.222887911923856,-0.254817385957648,-0.334508010413979,-0.603889225306287,-0.454158675425773,-0.427659185688458,-0.634200875627098,-0.409990395664698,-0.343057614059991,-0.367714131763813,-0.538513300456411,0.0393869371914075,-0.667814411330977,-0.534756496777497,-0.0848315983129954,-0.593958352960049,-0.628561552109705,-0.595353829023247,-0.661926540415274,-0.16332129599949,0.0954372069257136,0.194880479131631,-0.290029691388487,-0.580349605562238,-0.37306488892698,-0.581051378671732,-0.456277037189001,-0.524772228253746,-0.257507644497508,-0.532348623021916,-0.163358174185031
0.177796767514089,0.613577479932711,0.609342068736773,0.0766483048425789,-0.10786282998724,0.446895861200513,0.60037273989986,1,-0.0797145142248407,0.601126504463989,-0.0028717229223279,0.211815375202099,0.631258519744367,0.219555098567995,0.20215537921785,0.378078650350569,0.15697397546906,0.536389617775851,0.114815122921719,0.161598118128941,0.15359485000493,0.396650206095454,0.240200298736687,0.0829863529340725,0.497900627540941,0.375905813648506,0.398820011764639,0.481453341778265,0.0392252306356512,0.0143635108914897,0.413643746332075,0.26550349128657,0.362981032721788,0.181399627600236,-0.321610781546295,-0.349137984444923,0.162394344106232,0.203498295446178,-0.142897921932464,0.10023088220387,0.0189172018126109,0.0616492589901041,-0.116096586421128,-0.239529575550932,-0.287021138375291,0.238088745691799,0.0948044601945756,0.0673746301141452,-0.459196787821568,-0.317736854866487,-0.0523760895249511,-0.30809544700659,-0.390814603966019,-0.166685367572843,-0.33283330890702,-0.443788034550415,-0.361858055478116,0.218150391095134,-0.0824320244584439,-0.277534794949604,-0.411152103646342,-0.134601106001785,-0.104155317184533,0.230750911112538,-0.073889119736103,-0.344465912145529,-0.309492504392517,-0.126136727006285,-0.375438705126975,-0.286348352620454,-0.362150456253728,-0.331168356446956,-0.393340461151048,-0.360448566065618,-0.625060189096142,-0.388288201182593,-0.315521387957394,-0.0159318954796917,-0.1833006798123,-0.350459948712893,-0.0554907688381193,0.0699091199508082,0.335340346229372,0.0217161273167052,0.439381887556132,-0.101164070328485,0.663943069453495,0.637323622745797,0.0084324915471022,-0.269468119974556,-0.0312818439319168,0.825998241031657,-0.137327222110827,0.552049481487486,0.0051030676752794,0.293409803466855,0.307441900593591,0.457638681569262,0.246173237295696,0.0478566956089136,0.111335015084519,0.089724775544103,0.387446175501654,0.416011482355817,0.183383577508415,0.416348345096393,0.456308171526495,0.550973156785482,0.260333607833839,0.533145410477865,0.459027030174525,0.511175094357446,0.099985567743837,0.151686461218184,0.12214382776874,0.338705499143651,0.33648687154066,0.498591442196795,0.309510295938408,-0.187773203112924,-0.20749633481249,-0.133700832094988,0.0535592364238577,0.348443523020848,-0.307375478533015,0.0321019151347971,0.147764300506154,0.0065808112965982,-0.0361877419313106,-0.197948090976362,0.0384517280287563,-0.378824639748981,-0.103377752307891,-0.410636791815595,-0.0058202205205581,-0.140966720790999,-0.401597878659621,-0.389099318087716,-0.455070469909391,-0.571902451355771,-0.466834763282334,-0.502605069015084,-0.463063021689044,0.0168264082820281,-0.190355416796828,-0.0659446915041346,-0.520805142153357,-0.619205767392146,-0.0143110191140621,-0.528529177603993,-0.445648704965312,-0.440443911004292,-0.574990393204744,-0.179807881453252,-0.099390024072016,0.266714551348471,-0.468603425225993,-0.390151166247575,-0.372930773083203,-0.440520903434868,-0.352319487583109,-0.327452312875363,-0.0430426997537161,-0.18955971991043,0.0221508592326476
0.630542992399619,0.345611044382905,0.200504096142201,0.808380667901913,0.340468230569072,0.291252008868154,-0.116004540874606,-0.0797145142248407,1,0.242046690463882,0.859912900157046,0.563500331626261,0.0498504881963157,0.541561862208807,0.371004213281182,0.219429536229166,0.326942073363084,0.284182606830466,-0.0548176229911018,0.373596001156093,0.206506989816771,0.110553590821212,0.344067931844384,0.180913204175147,0.162562489236641,0.251575730849866,-0.0766333662621022,-0.0551203191413078,0.374992930944595,0.309570560136131,0.123441632882345,-0.293530081788226,0.294297473156522,0.0440956062944904,-0.143222186153228,0.378088036915827,0.0103688067632048,0.288608979420313,0.0403994161379696,0.253389385018788,0.18189538738668,0.10926925602241,0.259625685781088,-0.260603258981825,0.151402067089089,0.148665708767677,0.388608738973277,0.117555625469136,-0.154179550544238,-0.171300567318039,0.415114585000189,-0.0438319595071228,0.0084245630158797,-0.406414235318637,0.126069883577364,-0.0398055874647236,0.0489126907281477,0.24310311656383,-0.244570558985095,-0.0720555622261568,-0.157868401014654,0.0289321479279863,0.233154478032686,0.377485205060746,-0.379848210764171,-0.286565667846202,-0.41569975397824,-0.445083711528816,-0.277991916412222,-0.190422513524369,0.0589833116229934,-0.38396462509456,-0.400614491651564,-0.207115809102917,-0.0567777227332487,0.133634764293739,-0.284313423417718,-0.300759332911114,-0.304096680354407,-0.413312034622192,-0.534814569507009,-0.302580577974183,0.150016406978698,0.163240534223396,0.424083839735786,0.780671163369808,-0.191541769468363,0.173996088111734,0.822882039997112,0.836071762765103,0.865138785941407,0.0574445564144739,0.828001721414171,0.0244350788416463,0.438158155033391,0.138455108557225,0.240042806893388,0.24677718532801,0.304793503303068,0.140029357896251,0.0010886443713151,0.275559211227051,0.183559738001837,0.320008265918957,0.191714991549752,-0.0668247430668851,0.357445298213312,0.32562765308779,0.320876716594111,0.216552376146503,0.090869211495933,0.336488232911358,-0.541408283292392,0.274704586457725,0.292223577958917,0.281815337480164,0.123562470844296,0.149842770750145,0.089569305418922,-0.15726864861167,0.0374096204425612,-0.573301344722673,-0.367853572194653,0.342586854082442,0.117347221911784,0.0252581857183927,0.385065560634764,0.194486386810548,0.223252756546493,0.128121759636236,-0.0624912776987111,0.050837364409838,0.0607770066023332,0.0421353719261403,-0.236632413069811,-0.0937193911674223,-0.148118495741712,-0.12216782571421,0.0817308243117486,-0.234918625342498,-0.0507362006773034,0.0610339426443424,-0.169558178256212,0.284445650413905,-0.290920813070359,0.177269657731315,-0.266408219724348,-0.297852620030185,-0.486453548697512,-0.499672757551821,-0.394709021014791,-0.32611616317012,-0.27907928992905,0.0004571339778372,-0.32246788779938,0.187615342820056,-0.291829645250252,-0.386049331460647,-0.124824265846027,-0.282692435121024,-0.370132858320272,-0.386657546365181,-0.0969807103663081,-0.344293639149419,-0.529735626206462
0.643378557653112,0.81991604834056,0.817896211457952,0.137252941123077,0.183801007369727,0.776639226828227,0.651828848597052,0.601126504463989,0.242046690463882,1,0.24698108079764,0.605787338009534,0.906320913444939,0.300957879040461,0.323711290895425,0.226335588911346,0.068628409031386,0.339193414349568,-0.266645949437047,0.354499360014265,-0.0290034942858863,0.145019166493888,0.234672816630666,-0.147853482281381,0.28616737177691,0.6988473306926,0.33695574694865,0.859650739877684,0.0985268669376653,-0.0661270856556749,0.734144147551884,0.196189289937242,0.478050154943371,0.56156023811055,-0.119909160896281,0.0772269519248559,-0.107492321832263,0.279455611271082,-0.0313693700112039,0.0168515352071888,-0.105553171653995,-0.0883893103124343,-0.0948523929483058,-0.472910661177671,-0.279595845826304,0.185967278891893,0.0700804810018163,-0.069565497979188,-0.579670694502914,-0.339817835363169,0.223939858539342,-0.437851877941211,-0.0846477506981412,-0.43461236488842,-0.271824698851161,-0.243404493715905,-0.0994272128282289,0.0917366364789615,-0.447680172067382,-0.272501786641646,-0.443937039780098,-0.302453957846985,-0.215150231223846,0.148271615255818,-0.0710101594557169,-0.358134763677338,-0.352991198016493,-0.427449137733397,-0.537046901456903,-0.265999815677913,-0.278804126215796,-0.606016427906342,-0.453221701033785,-0.626988920212983,-0.552168676681245,-0.0642056456488312,-0.251694354588991,-0.131158974422656,-0.370563192856902,-0.576829718959798,-0.456696554213311,0.213647697951162,0.562978046416715,0.462660359415663,0.725662132790895,0.176916246068713,0.547806716443764,0.587921401091657,0.263079896990033,0.230386639943651,0.179951307660679,0.83542971585094,0.279478758742424,0.894823301405196,0.0580882654037782,0.0394591490969137,0.114156105304546,0.338728843465655,0.170361675479481,-0.208862953386033,-0.222264007704784,0.228965145700813,-0.0083572860651773,0.368810830045793,-0.17396385066183,0.113387867199697,0.294420637924303,0.390243212851603,0.0899680980906956,0.334821664073404,0.288141379424313,0.700777656262814,0.210947019037973,0.0086843559782169,0.359068976463066,0.0817247055457174,0.769782413240926,0.828589192242921,0.694845439774548,0.135142918388757,-0.0537541327370744,-0.48516180488169,-0.211089887890062,0.373228724851098,-0.131482671482232,-0.179212266835162,-0.0804433312026731,-0.116137772743323,-0.14557992103731,-0.142520862095934,0.0216221029964273,-0.392624443198096,0.0082055833726466,-0.25780984724455,-0.0682487831055116,-0.471649608866774,-0.384619749998267,-0.505499735077592,-0.240599889027976,-0.405059838527418,-0.610543812424958,-0.228640718044988,-0.153507020453643,-0.0679729668036322,-0.459591811892673,-0.0583771068498669,-0.703219221397145,-0.541386650194001,-0.002577413529097,-0.669350743443252,-0.59401171185233,-0.605247008546741,-0.547211925645649,-0.425705973298432,-0.419185875847171,-0.02009315343458,-0.50758284100123,-0.697124284790486,-0.390819213700961,-0.458300557369537,-0.327981523597767,-0.443452894753652,-0.039954606181593,-0.547969725610313,-0.42517308815947
0.57763668294865,0.328791410284131,0.235755556394784,0.785135934937252,0.40775595705667,0.222040550189002,0.0255874397373159,-0.0028717229223279,0.859912900157046,0.24698108079764,1,0.663542230156856,0.112495239138444,0.635982561844837,0.462722943464458,0.251143637279856,0.338685629363053,0.313397947156592,-0.0568374187806986,0.457147209014946,0.100650095136141,0.183772513051957,0.400399494884048,0.123898712099414,0.242771729442597,0.228240530896012,0.107858370751529,-0.0291876046117839,0.343498198962744,0.347783243996512,0.213598906784465,-0.17837740012307,0.434610299131508,0.0018710177613975,-0.337892479408849,0.346013911658863,0.122891315047155,0.282621355471853,0.0841770102331433,0.242192276053218,0.0477226220189945,-0.0135884554167057,0.179821957485867,-0.376261205338271,0.0109712084877354,0.165351966940792,0.353415853146408,0.281449851958065,-0.142212087467477,-0.0371830576063287,0.413951128386957,-0.110568674942309,0.0517056120919537,-0.530463503065842,0.0583671298210983,-0.0649482884060221,0.0973825685503896,0.365381136738946,-0.258543437707985,-0.190361946311355,-0.164492394931267,0.116508984179948,0.328893689738929,0.50453533390776,-0.259192667994012,-0.217528477791189,-0.371607962499741,-0.459197132688502,-0.246018331620257,-0.133984016966421,0.0880632754697944,-0.383809600983089,-0.399655981001273,-0.351082438217674,-0.0200241601285092,0.103114907559111,-0.247207013658941,-0.226772749492482,-0.207413599067631,-0.403572945838967,-0.457174346507501,-0.282974516230692,0.0683821731453058,0.110478473722572,0.419182836820879,0.648248644078729,-0.0523360166854297,0.0740027640338956,0.69552328106154,0.669651718737012,0.684338421823697,0.121556633680851,0.845829455178045,0.057328496428926,0.48884961302084,0.305677434458949,0.244224131895011,0.25216561289966,0.279027988297637,0.148585343705848,-0.0412511521903919,0.275459646093452,0.219677657547127,0.361945209638006,0.0768131357187843,-0.007271286124829,0.463608428167224,0.463611053391454,0.19662356926964,0.305523666454674,0.125548546715017,0.264387654821702,-0.538251269479763,0.166753750657617,0.262570582583775,0.284822970380372,0.217788054036016,0.228094707855284,0.0307045318850152,-0.292572514396411,0.0082638120652622,-0.582084518240921,-0.254429859270785,0.372593466368688,0.130796367616077,0.06327270019737,0.445735925820408,0.0724635347280533,0.121056966759388,-0.0597423298948672,-0.166472105133709,-0.0763883010296209,0.0852350320529164,0.0718528092051452,-0.238786868279666,-0.0758664080308263,-0.122859041070049,-0.225291394397172,0.0848710896169237,-0.229622908163624,-0.166318530384936,0.0625208462074557,-0.117728313682817,0.327448198619212,-0.324209828116117,0.0691066821895556,-0.40882080710075,-0.35470102257081,-0.551007304403214,-0.512395100576537,-0.405129603416079,-0.372890680498808,-0.291963233444698,0.0890399866617955,-0.195948388759773,0.327495081648787,-0.291491819465534,-0.434393068328197,-0.29758889198114,-0.293373440700405,-0.401752631748905,-0.445089132395969,-0.142075402864723,-0.326598329329005,-0.438934963071938
0.674432408342569,0.529743280365728,0.399736326273294,0.491043582099433,0.485175556646389,0.67791097998937,0.277595395779791,0.211815375202099,0.563500331626261,0.605787338009534,0.663542230156856,1,0.583097663127452,0.433318034285756,0.480848375105777,0.321065329772437,0.26877721332988,0.379546174694884,-0.331656126825176,0.349160094894795,0.244116626048882,0.0769624326411259,0.305213729589181,-0.0012345580278226,0.168686930014522,0.310355211270519,0.105462410702865,0.397660216326048,0.186755020417134,0.132348548098569,0.553472919849648,0.168960299919977,0.489863914446939,0.149478684991736,-0.36594811420572,0.289459453655936,-0.0692820252294284,0.373976568607313,0.165963878418748,0.277033967789251,0.0718266254228583,0.0734033043169584,0.15458916776607,-0.388927952353602,-0.073490934598778,0.378236211829194,0.352025935004706,0.077022374398099,-0.25127548340644,-0.219803701811184,0.274547241326844,-0.372307276012738,-0.0892545582277229,-0.6483442966005,-0.315842321133894,-0.412476385935169,-0.145175998608378,0.440493219458467,-0.316329737156063,-0.0661968098625524,-0.347740615280728,-0.305385230785871,-0.13931469980357,0.158847532259525,-0.230840777038785,-0.372684886769423,-0.414411072876798,-0.320205997076586,-0.293160333572629,-0.201995393483581,-0.0477131932358543,-0.413144777187652,-0.384972308150707,-0.459097744755243,-0.168733565020136,-0.0445416330557588,-0.316556866013406,-0.134762574792945,-0.258611198468168,-0.488034517419496,-0.499991604302705,-0.0015403777280559,0.168692037300127,0.385151978550604,0.495380748719839,0.350529714430493,0.139474049587246,0.284261769443615,0.533413381097619,0.574031710230258,0.346197880287772,0.420124657957526,0.665778235504725,0.487320934121461,0.35714309792755,0.231679547492421,0.158145531726738,0.235870894234533,0.264758237014073,-0.093840737633657,-0.296406600865619,0.483731654936128,0.0151667636563171,0.266985287502759,-0.0783755702824561,-0.115393251908553,0.388525384574502,0.412830371709188,0.127893100945323,0.241000080857527,0.0576088388334524,0.398607693920577,-0.137430743286753,-0.0687778151516566,0.280239236104805,0.0962900738184714,0.599136209909834,0.599559730131198,0.314073747073818,-0.125585212391639,0.0787202877399414,-0.596077310161706,-0.100213790865173,0.468329058804104,0.105702348146953,-0.059664775612191,0.189711413100517,0.140503352933188,0.0808895828523834,0.0262824435447729,0.142318503961142,-0.129922324918146,0.277388834775066,0.0744533837635486,-0.142529818114005,-0.10250371802603,-0.303659681642997,-0.515782673393541,-0.242376850415055,-0.315796552410931,-0.48715658188474,-0.0176792749715313,-0.139116752337609,0.332076118842513,-0.314356714488755,0.154571579791965,-0.485572028458435,-0.352334652937637,-0.177334322277313,-0.592267806660806,-0.455321604512001,-0.563338833158862,-0.424166135237204,-0.258128946243653,-0.266820272582183,0.237946301847191,-0.299117524737178,-0.494098968367171,-0.315496709465138,-0.3898483444913,-0.393280007678473,-0.479463994024161,0.0021652085936546,-0.37091912407675,-0.293060605334891
0.552639344313443,0.79284517973912,0.683591761716796,0.0313206644480797,0.224862570603021,0.766281548945854,0.659708358315364,0.631258519744367,0.0498504881963157,0.906320913444939,0.112495239138444,0.583097663127452,1,0.161143061630133,0.188681655825478,0.245166372634494,0.0585825456092688,0.305384181710626,-0.218490825510704,0.298079256616462,-0.060492172467969,0.126296895538014,0.0527872848604284,-0.232834319337329,0.265460826733279,0.522595222141322,0.336500816528403,0.871515086822967,-0.0782760388386252,-0.233582160769069,0.657847513452669,0.256087053941007,0.372731492806023,0.469942988609779,-0.169936276416397,-0.0471352431877502,-0.0988405048338426,0.167557222255513,-0.0648865712753756,0.034039102441224,-0.17058827103614,-0.0998200283228416,-0.156178789079903,-0.411634497143695,-0.381050352585967,0.151527042376385,-0.0343812414621306,-0.0860099609508107,-0.47784003665243,-0.268516392581344,-0.0152017564286895,-0.462799450987274,-0.0344689857694811,-0.361998502537963,-0.39669505153179,-0.316081873562555,-0.138303908751558,0.106758898343499,-0.411317157100672,-0.279069987871385,-0.475682304815529,-0.332649207782735,-0.32357830307343,0.0221442102136345,-0.0280647641756837,-0.31088444578528,-0.212766663938341,-0.361371671164795,-0.392639233487226,-0.191268039477772,-0.249955428606835,-0.432425455835986,-0.314672441298873,-0.574624547431757,-0.468300547698212,-0.0518693005437215,-0.115071033004651,0.0114998508214984,-0.28454663885761,-0.458026681141708,-0.317186727515924,0.32502050914657,0.50071091591703,0.479148210753141,0.685200325012403,-0.0034970444068447,0.611678011357295,0.567774114421578,0.0975398105986227,0.0528154838259141,-0.0354201752066492,0.845618343540893,0.125493022338894,0.938966364948618,-0.0394988902460261,0.0900866932722326,0.151683319425158,0.341889771801494,0.167922346312508,-0.209731212867529,-0.192176591703331,0.190699435296357,-0.0419902693995261,0.33501874304091,-0.176080680953176,0.22359783603102,0.219065145668031,0.369463679404326,-0.0015436672164965,0.312525652499724,0.279901925287503,0.558320419503237,0.280579842507915,-0.0909850487417545,0.139660555043906,-0.035695711832603,0.696446113627676,0.817697683488088,0.733616624263117,0.0369125371133037,-0.0934158186627958,-0.321056164680841,-0.0537612391020079,0.262083528782151,-0.19028974581959,-0.235270534264621,-0.18822878498526,-0.171258348162499,-0.199993685981232,-0.241870687622808,-0.0082792011619232,-0.399405268475256,-0.066602737443117,-0.30037101292086,-0.0724555383077841,-0.409152731469414,-0.368792583501242,-0.492767841197256,-0.331425199641362,-0.346199011924505,-0.709540091826136,-0.269240436437379,-0.0985339911930234,-0.0588039860229244,-0.408126159250296,-0.0735617856092629,-0.667315026420952,-0.480304823554066,0.138653166981847,-0.55378004584774,-0.468622032964998,-0.58659411170217,-0.49689565774471,-0.499195558928668,-0.305680749212996,0.0547362536698572,-0.451030520482631,-0.54725544665457,-0.450010169758379,-0.342300062011631,-0.194507738239827,-0.290489742495707,0.0507540629017583,-0.414576715519688,-0.206446411389574
