1,0.776554692402281,0.665773398105906,0.658062768443443,0.489149235393043,0.354705148621476,0.570225819626644,0.393251696929312,0.600676646871474,0.554944002648112,0.580383482596418,0.696871034578343,0.692528978247592,0.361767465166327,0.342899923817436,0.282124189465496,0.338720958058751,0.265461119320904,-0.15148009356665,0.0577082953467295,0.204872741514529,-0.1819674827884,0.324528668290596,0.275693375039344,0.11970695296863,0.290185034140452,0.0407019306179513,-0.0155367399306078,0.373404514773354,0.232262388818164,0.113132677933334,-0.175627857508172,0.29245768075935,0.167734574323677,0.165195958627404,-0.0857526826231143,0.318595849670518,0.299358615761032,-0.130870425205508,0.201808855407974,0.0548508768589858,0.382585810954531,0.276975319963331,-0.0403053867726806,0.182034939499502,0.273093829261619,0.115011107933712,-0.0160385609440733,-0.424367782602336,-0.456371588110253,-0.137991426700618,-0.286308538482713,-0.354496768994783,-0.107449772476221,-0.0448358179149965,-0.305077714715465,-0.375828693145419,0.216333074342802,-0.0439442081024614,0.206605442239566,-0.191458363764264,-0.204585438275374,-0.307756740654226,-0.0688346835850682,-0.0157782594306065,-0.401416109864906,-0.378178170605536,-0.219243988769154,-0.203887589748273,-0.252303693166475,-0.26274576997302,0.0158582310877603,-0.307441461864938,0.0981109991846762,-0.414113868909721,-0.525251815819979,-0.248902990769335,0.0516307174109651,-0.133865871006768,-0.489270415839199,-0.237099599454987,0.0660454150073849,0.172169187552951,0.343629819594261,0.573119354082277,0.586005616495829,0.355058831394852,0.0479081961743357,0.412987727147261,0.3883662280429,0.468074822366545,0.195948749288052,0.131903880197484,0.564156394690196,0.226422559491375,0.210632779791227,0.318988927839746,-0.0990696023916634,0.292518793033921,0.206698122280434,0.141655173868881,-0.248238291935699,0.0536109332216957,-0.277486045328464,-0.373435010122138,0.142449060015577,-0.376839344698203,-0.0479195735042038,-0.19364186973383,0.256515444114912,0.383925572634847,0.0041665159983287,-0.101547203669881,0.199504189480969,0.192470772190971,0.0422613199854048,-0.200602289744878,-0.0107942710455626,0.0479192124610455,0.165208956269855,0.387367702539595,-0.0742128601968638,-0.070627955911151,0.0236601350124621,0.27471100091676,0.224306073870753,-0.386641249972624,-0.0520360723346461,0.238136527515672,0.0281425050114347,0.199951125168499,0.224486324699287,0.236551168267402,-0.0119022330110541,-0.0885553795812721,-0.242154101435533,-0.364228368881556,0.0023073190886853,-0.208097470056597,-0.430488031474125,-0.160629050012518,-0.387610950767867,0.039122967331285,0.0577606763492029,-0.42280449073466,0.0787226500576797,-0.0626765845763933,0.109397741170986,0.211184584503387,-0.409637372803498,-0.0085433783813417,-0.146748438063355,-0.32614699250556,-0.100507572834563,-0.0594735676032602,0.110417681750923,-0.201586140991348,0.213493335662107,-0.21491087073392,0.0052034104217588,0.118335607134669,-0.28193086715279,-0.0786939022515106,-0.283881374008488,-0.0394445221100936,-0.169771633941802,-0.136679391783496
0.776554692402281,1,0.672287720642987,0.574331768140385,0.230815013233665,0.378662223046167,0.690849548583042,0.653049562801966,0.563929865450049,0.654644035262349,0.517529397891316,0.746098182309203,0.812075357835001,0.32354552460246,0.372555136933833,0.363441831870067,0.350608760292647,0.428759280060386,-0.187815971477541,0.135381583235309,0.293738956089427,-0.176958183223014,0.391914501646499,0.288613787106567,0.116646444230894,0.238966263156104,0.0359252067313253,-0.0302355514592571,0.236167576375804,0.17789978559776,0.183746040272163,-0.200696627871121,0.108190117976768,-9.1692170864732e-05,-0.0504497032833785,-0.0473177068915748,0.490957804416213,0.300894042734246,-0.0544996970034923,0.209368571563945,0.120623419949257,0.443652950116204,0.234521095382447,-0.0584010113277879,0.116410940737524,0.301804301413416,0.146256002331512,0.0446803077232928,-0.463593799305745,-0.312430375338547,-0.203160545529167,-0.135327977959064,-0.29610189394397,-0.0976120638270442,-0.0471323447733693,-0.226101866392411,-0.394719999901629,0.156070100071282,0.0888872701392671,0.118133773844823,-0.226165756075039,-0.27421027621431,-0.327366784918096,-0.0983275613642964,0.0910285728926704,-0.405915269445496,-0.399592570695553,-0.150402567082394,-0.243098103803073,-0.254508198939534,-0.315543329500663,-0.0768510317420197,-0.300394525230331,0.0469807366378579,-0.340364262149131,-0.498333154751447,-0.27067735821969,-0.120637256253669,-0.147597210841495,-0.35212256898465,-0.272421598474854,-0.0552358760411924,0.313408295370358,0.185487344872502,0.622303816191346,0.508060752212908,0.413054334304598,-0.000699109455477,0.28989259935046,0.409579700140903,0.353326664458984,0.349137012172117,0.240342172895782,0.494027520727157,0.119062697860619,0.277242798673786,0.389671365671091,-0.0346437184995078,0.261051556210983,0.30491630856648,0.235298126420426,-0.176722396979896,0.0937120874281497,-0.23869817801467,-0.227740388018104,0.196951953269352,-0.29730383358851,0.0826830834913273,-0.074140107085914,0.265305723507876,0.438578102407019,0.0096960724345984,-0.0707270661210324,0.286696206655114,0.260067813446205,-0.0598348650100112,-0.159925672804542,-0.0132142522111584,0.125387573426112,0.179405054273264,0.326075138011433,-0.160807345610026,0.0867277831182977,0.0612534889729758,0.350534710493354,0.332601060420048,-0.282416996034725,0.0221824900971218,0.263137786656999,0.166901124101699,0.244004858038865,0.230799811559021,0.25152017141601,0.0750159472041925,-0.065194307878427,-0.292070184856256,-0.31513479000628,-0.0142315423902537,-0.220843349090449,-0.360516711259552,-0.156276041284234,-0.232106588564118,0.0553235132081673,0.117691971875515,-0.361983258398347,0.0385463898057451,0.0489005879317211,0.118380994910611,0.19325238583691,-0.398673266308785,-0.14630580515284,-0.231521543572025,-0.324014814306167,-0.115737765340655,-0.133504026461627,0.050658061326315,-0.26066804997971,0.164581522294493,-0.124642161384747,-0.111219820733218,0.064810573929822,-0.330793057653563,-0.230261879582122,-0.353516468024912,-0.1864233813142,-0.194814812256833,-0.081840060299279
0.665773398105906,0.672287720642987,1,0.494098897116439,0.332900776037812,0.380638399591473,0.593819430600032,0.5984885769183,0.402291179769198,0.787885700828043,0.502161964907883,0.573756453445475,0.599689968176544,0.281616655053277,0.418584055511529,0.302031803911062,0.492793901335921,0.317943709983762,-0.0208190246517568,1.49254555882274e-05,0.164090897900018,-0.201474857950028,0.417834092875287,0.0864517275374891,0.142676773613938,0.357529566560977,0.0822949423747696,0.0769729391359701,0.63530623371396,0.363542547012785,0.0454762727790029,-0.37742883090398,0.408178383413847,-0.112854414868751,-0.0321182329541733,0.0524162054767122,0.255143393111784,0.559525085625438,-0.244128732843905,0.278943981132387,-0.166440428717434,0.434201113781211,0.310875413527013,-0.138583012484059,0.048170295313732,0.194126367039782,-0.0923295368580998,0.118969182389565,-0.619479402400144,-0.525108169343556,-0.189034583851818,-0.406022577112263,-0.417405053143403,-0.175116565417994,-0.12997221676594,-0.467968570744865,-0.56340218732246,0.127569658053588,-0.0309420907426064,0.244550573010769,-0.449442278610161,-0.413958482242776,-0.493927563633499,-0.385407644144931,-0.191679726782283,-0.571340825770875,-0.393377511848121,-0.394626710384184,-0.0691481755280989,-0.512246618645992,-0.448657294387362,-0.087092739215322,-0.198737609807661,0.073206615710213,-0.460600950593903,-0.442635756561095,-0.315865551239145,0.11090938866068,0.0113015595675668,-0.474528203446023,-0.167556535852321,0.0758242559459959,0.308467435869337,0.333256303434852,0.398961296382889,0.363765458614215,0.61336962877047,0.0171136955975984,0.146976454339285,0.306355175091032,0.370305800848466,0.521109445914343,0.263575095899463,0.454830134243042,0.455529077941473,0.358240427985474,0.399973048483389,0.152258925816508,0.311998018637621,0.272588091217576,0.358153058100568,-0.155668667269048,0.0237357189848951,-0.132197673115371,-0.402638411195717,0.166470385858586,-0.395870532735872,0.23830463467591,-0.109519373201162,0.396589617488752,0.285746208136659,0.128486810158641,-0.0270575895795341,0.465694819527608,0.171379845394594,0.299649268708958,-0.0529739993128889,0.295290815204582,0.0214910780945967,0.408847303689612,0.319244386696507,-0.161614023241582,0.178317475292734,-0.0883021026312963,0.089935028642733,0.39867685361068,-0.459601228706733,0.0082372521201043,0.427521829437255,-0.0955474680672549,0.191287838504399,0.0621400403167741,0.179255266290529,-0.2640833959359,-0.512250536087832,-0.236217318989824,-0.209570560757085,0.0260763488285739,-0.20977896077853,-0.331866838973352,-0.0309982513714998,-0.300258465071603,0.0191778479573914,-0.0627345091595789,-0.265627468025761,0.0852983341089048,-0.0600105481920186,0.265398324765989,0.195810807910274,-0.402138780655062,0.117220844164845,-0.249957148586442,-0.157953885719224,-0.283380186347879,-0.137902419989135,-0.181600033423264,-0.352127843471689,-0.126493490113045,-0.393081432197073,0.0776828277685426,0.0533866623639569,-0.188492590300273,-0.0704938254105498,-0.11960994849368,0.101571881974548,0.0196741811677148,-0.066157610267319
0.658062768443443,0.574331768140385,0.494098897116439,1,0.464889030929467,0.445820641948244,0.379300819212068,0.337327183436253,0.664182060426315,0.458178829875113,0.601936215285957,0.595002457072149,0.398231397918925,0.402620256357014,0.258314057950232,0.188870373481493,0.487090383216309,0.241835642216428,-0.136183809837909,0.0797190966827937,0.29811040637064,-0.331214391786606,0.30694937929886,0.384606338772908,0.333113242444498,0.0201544406384399,0.0484511976496,-0.0771016041224268,0.384882075788485,0.140729399934508,0.242767915118414,0.0558111227646737,0.448845781411881,0.323156539169048,0.109191734167399,-0.0987978214969096,0.167333679638695,0.415268000558684,-0.0089507383859733,0.392363303822123,0.316586468146874,0.475547419269806,0.418376155730046,0.242986898008045,0.356599417125704,0.435874467465807,0.11382954599442,-0.0914814942400226,-0.472019681389768,-0.354377672634331,-0.0033660075253932,-0.152310844675688,-0.458996066912663,0.183767149575257,0.0166381453021171,-0.225397616069295,-0.3433724214419,0.416235025271394,0.318521973072103,0.0353531796818879,-0.17005287343297,-0.32625594507468,-0.210340750158954,-0.0715404131636363,-0.0207067247858845,-0.429574329302054,-0.488019421530741,0.0072357157895131,-0.273071710877817,-0.142023422223238,-0.226487961970916,0.0824196935165342,-0.173722678398708,0.380718577817983,-0.208810751187486,-0.551646823244747,-0.112854147667111,-0.19255010104079,-0.115459343636042,-0.393112422395441,-0.161207802728679,-0.104925931077574,0.009150274442222,0.0400000833267534,0.39675016345695,0.683223100218524,0.275992769278629,0.212397382558142,0.231434892005007,0.452698435192115,0.445393049700748,0.155261005719294,0.124167048256108,0.568592104936022,0.127342732593759,0.335348858402355,0.1071403215603,-0.128746992740688,0.233689842219775,0.282848970870875,0.125860772427154,-0.266543255133206,0.31089380959633,-0.266296167568122,-0.328310801862612,0.144384540603606,-0.392044856156619,-0.113649863862827,-0.278429455342335,0.12238348609787,0.341460038440009,0.120636641252769,0.0290221642056861,-0.134993636976195,0.0017107124568767,0.0017539951892542,-0.101234924807023,0.13022850751031,-0.0132871392726875,0.229320664946842,0.442738018682452,-0.269966326142293,-0.0592016362899581,-0.253679529813082,0.0658329474000272,0.359392083071708,-0.434580667289625,0.104797229659978,0.316338017448127,0.240739447384107,0.323802760316129,0.348445435684075,0.274920256585721,-0.0526252316995437,-0.0667101724413641,-0.310436667750012,-0.432486220853407,0.440488905853072,-0.328335313987876,-0.478510944954073,-0.186212977089352,-0.346064131098998,0.0903024487949351,-0.0331480758178597,-0.516793642541611,0.300572007571174,0.257524079757275,0.1178595382129,0.444938474306442,-0.253206736384892,-0.234632395384606,-0.35980935282739,-0.406792718095492,-0.147690569598404,-0.228235733496987,-0.113577348026299,-0.407846412185138,0.0568259765515848,-0.179763812587413,0.0678275232328026,0.293126270649639,-0.307434057549726,-0.251021677890986,-0.376870752605402,-0.078861797608513,-0.169885780942226,-0.021029803937735
0.489149235393043,0.230815013233665,0.332900776037812,0.464889030929467,1,0.351439080727575,0.162464596510882,0.319460140298372,0.493929786951179,0.266700415558949,0.467954526516877,0.423915517646937,0.286044001033506,0.165529764963598,0.105318244128685,0.216633417219921,0.482399692965521,0.0391093907528057,-0.106633218170242,-0.0669486858627653,0.40983776093817,-0.0117223866399005,0.144678125048902,0.0139961964025104,0.334562244764162,0.193760886834223,-0.0799503852296706,-0.0200062993688013,0.25989382084967,0.038249188364196,0.0019535509822063,0.154344420722458,0.335620116832144,-0.0791623960064414,-0.13320582183996,-0.153070042131166,-0.189416457926533,0.124056005401319,-0.342634003874207,0.165819966119202,-0.0551447542886561,0.290652326563115,0.054142563947005,0.0341795376503009,0.0726069984171836,0.288782809694705,-0.0869023510827556,-0.289451223249628,-0.242705207841175,-0.157930668897754,-0.130356512613859,-0.249983929043627,-0.278562461238715,0.0900866560420547,-0.0517323485836361,-0.245718179128625,-0.37075309022241,0.575622293047381,0.0171565215576609,0.11592240648215,-0.116373237617713,-0.0404904760490489,-0.199789932234258,-0.112210690059217,-0.158777750767077,-0.304950076661733,-0.132245797298003,-0.288143290923881,0.156669347639551,-0.441764598805557,-0.3832352539072,0.301826357232833,-0.0100165223467109,0.139872267529712,-0.442744372182006,-0.2314166430871,-0.327148042857703,0.417516763586873,0.288839358989255,-0.0793139082066937,0.228569931274531,0.206109302918603,-0.0095471142557028,0.289082493135394,0.179255537429657,0.422056179465247,0.072732860071636,-0.0487480814936987,0.617218426188567,0.273921781955257,0.385253096611461,0.0475627290506338,0.0567913313463029,0.500081343628759,0.100395264611494,0.321236161521221,-0.148322969609266,0.0584048890215764,0.0448117150821046,0.275157701110524,0.111939202717933,-0.235548516285706,-0.0025719410627766,-0.162021625079204,-0.244555908409433,0.136411239481303,-0.224719841166534,-0.150690041278164,-0.121441332518662,0.125358836717767,0.135328827082295,0.105648360179628,0.209789946943212,0.0013771740039945,-0.0371216414367731,0.0670389577138129,-0.0549179966044773,0.0903513086185899,0.0596289628879732,0.0912583174407875,0.137804935005187,-0.167051275829488,-0.158087855172383,-0.112846386435365,-0.115119191293051,-0.0461856953064764,-0.418287264778794,-0.194167425875273,0.0691680281653842,-0.220353102916194,0.0725161656023142,0.12564144701324,0.29039225768004,-0.429397474852518,-0.26895414712444,-0.0490372352316194,-0.0466412621510959,0.0246060310924901,-0.309578218187184,-0.287531856000419,-0.0484296491013045,-0.224230027903493,0.0073801825596798,-0.0519606902094481,-0.388074596052854,0.45490578393276,0.0395977387920023,0.185061256217922,0.147024673840178,-0.419434452011043,0.0951953606587488,-0.188739537974811,-0.140129296469329,-0.149377961667074,-0.0431288020957088,-0.0031635621962682,-0.109283574484822,-0.126731404389298,-0.577582972891392,0.227326051642312,0.134179450971631,-0.141074445176783,0.0730130712861298,-0.156891343796655,0.443786952749626,0.219691378396437,0.167607535795723
0.354705148621476,0.378662223046167,0.380638399591473,0.445820641948244,0.351439080727575,1,0.356702773958619,0.53276954081069,0.645811884561926,0.458297450083871,0.342149337253771,0.484212718913087,0.376443506989703,-0.106143394131643,0.180231357996691,-0.010060607882791,-0.0201310609684771,0.0094193441367892,-0.125144894213532,-0.147867423990245,0.097307842067656,-0.367609166998251,0.105969433535247,-0.0842990354631535,0.232604258530812,0.0455446388479282,-0.107642385635511,-0.22312957890681,0.0391683520577715,-0.208804955325255,-0.150470333624447,-0.229053850399071,0.246917226397431,-0.196968759408517,-0.21807214908743,-0.269291624996373,0.0297490373666166,0.105130136373295,-0.288870097909432,0.0872536187628102,-0.150977185053305,-0.0382964577220147,-0.154190538012932,-0.198479611175584,-0.135410129357744,-0.0351005845339382,-0.187935066773533,0.204052185400309,-0.238275545017621,-0.273753469996535,-0.30500738863652,-0.273928576930062,-0.282227987587446,-0.154149366396841,-0.293057054517712,-0.26502830624732,-0.252916504922432,0.150165107730261,-0.0426183322115372,0.0230419985218661,0.0098400815471647,0.0092539967084799,-0.0394927773560024,-0.139101884227604,-0.0354637382560383,-0.221843742447103,-0.167588500541946,-0.0786712307602317,0.151288484344158,-0.248659657711691,-0.261698954680478,0.0512545182689584,0.106622693985516,0.209760549483211,-0.153500038183278,-0.320463010907668,-0.0621407728866492,0.0817552194435435,0.104037593412513,-0.233209058372412,0.0191826848220521,0.0691117559001165,0.187919883944551,0.337021057153124,0.102367017814054,0.26780940385022,0.333166115836918,0.370831690977064,0.172935526359388,0.543417414695697,0.337773145600607,0.362957465571737,0.40699698978575,0.187797451993856,0.331919290279344,0.0982315292535753,0.0770412124598614,0.057325701415539,0.126191895960859,-0.009805467233974,0.0410736326239825,-0.184288571725728,0.0412315908612016,-0.119895495704625,-0.321234320721632,0.103480309887917,-0.247056490430604,0.0374182652301651,-0.0017819905068324,0.0460748446725245,0.13440443834156,0.325035311861276,0.093890695458546,0.190944318867532,0.097769317989067,0.10553119793766,0.0362539197693714,0.167796287175946,0.0170807492341657,0.103031457819232,0.0914005550560363,-0.179119682515418,0.006663476998508,-0.170096237464952,-0.0355097699327577,0.126667815327263,-0.17398673294287,-0.0173424764939997,0.168202695746999,-0.121387539882461,-0.0779283704071632,-0.0556489287233394,-0.0091286103650265,-0.241388353697939,-0.346913228038298,-0.105183921762329,-0.152741348336986,0.19009775949295,-0.19970027748711,-0.340059106438627,-0.0661127012260068,-0.217093451459489,-0.118819127657975,-0.188894798673008,-0.0294167689857491,0.161962824140759,-0.109816014351414,0.153238291869184,0.160775273226918,-0.0606648355344315,0.0745995298282584,-0.21630354494252,-0.0143444396815405,0.151794525967903,0.0456328813137383,0.0088036483777097,-0.123636607447972,0.0816045127457497,-0.258079909601556,0.209802722071686,-0.0104006732797673,0.061159282411135,-0.133256400405857,0.0593214086669699,0.142405938376849,0.0544133422839827,-0.0116585897540989
0.570225819626644,0.690849548583042,0.593819430600032,0.379300819212068,0.162464596510882,0.356702773958619,1,0.653757793788292,0.628117482190727,0.776463764793922,0.440427647028424,0.681224384200267,0.526298021861808,-0.0590286241488828,0.230264957075715,0.38836445430896,0.182281715847898,0.214269701341973,-0.121518220335714,-0.133026666616002,0.0012569852211871,-0.0228648994057789,0.558982325085543,-0.0907303033345746,0.248734997741118,-0.177394964087379,-0.33983418020168,-0.36083454177913,0.184024723161201,0.209419568124228,-0.272757730249374,-0.281127441931868,0.221484795974266,-0.278042670663599,-0.320013692200433,-0.462928174239136,0.216496622674471,0.0403084780579105,-0.363990961995154,-0.132697297222876,-0.29987708250578,0.0911391695191787,-0.254450703634953,-0.233138036906162,-0.229191505801499,-0.040205793704057,-0.160405271293267,0.0726728059147203,-0.204241173011063,-0.383190047342158,-0.470534508376746,-0.109832450859525,-0.298232619144203,-0.0857647141115713,-0.430158562954937,-0.429033986855767,-0.366284722390966,-0.041704910683672,-0.128476334497814,-0.199758310622057,0.113704351964707,-0.107789585884277,-0.0978203097244921,-0.0949579273229615,0.297098066170135,-0.011711789945087,0.0916982370733525,-0.063020513297046,0.0912578734717538,-0.325327988288609,-0.434646162776188,0.104505074339932,0.177968223589487,0.0119548851228523,-0.222221768374765,-0.257763895790802,0.0371812534005226,0.0323046413929995,0.151023185807552,-0.238347339861879,0.0597257062624511,-0.167275931415509,0.345908394203207,0.0244409574538461,0.667507003051027,0.314206315644213,0.788123506723756,-0.179017989673414,0.172450765661271,0.425990591664699,0.31718199300694,0.754206147691289,0.550463131012284,0.30222803688248,0.11748611422211,0.146421222531228,0.518318265193039,-0.0065718200542839,0.378576834371818,0.0759787584705491,0.124937973110663,-0.211720851380244,-0.100422431503923,-0.0915162115186915,-0.45115868409226,-0.079880495517426,-0.24640175613574,0.170973053298472,-0.157755984066985,0.273439050109076,0.0119905009998369,0.287005253286899,-0.0028110253900673,0.275297096553092,0.745927531960846,0.101017286463924,-0.261626029067337,-0.0274499251134473,-0.135555031387384,0.0425309965077923,-0.0897673778529706,-0.220790766080908,-0.327204052252181,0.345830534765379,0.61140386032488,0.0312487365620285,-0.306169641445919,0.0065829835828611,0.0536952424110031,-0.242623090641344,-0.118640100366739,-0.181142743140517,-0.0675302716727424,-0.213042174960176,-0.236756506558883,-0.061192793212879,-0.248623219829788,0.0153933299132434,-0.0290117005479537,-0.329722223402068,-0.249849898037487,-0.326890011285949,-0.103570486271314,0.023225759515046,0.0444444029673137,-0.0524973144110816,-0.0260697048545897,-0.15849626833113,0.0491720069266096,-0.166228871818459,0.120003377727927,0.22222389926449,0.123762711881805,0.191407332982357,0.269695036042869,0.241127470604229,0.054462133389904,0.365212080500797,-0.233870162185578,0.0933957485928103,-0.18908503098479,0.131716498036443,0.0163912038828184,0.0949701356516355,-0.111398068512162,0.0884984334738746,0.0959814835448924
0.393251696929312,0.653049562801966,0.5984885769183,0.337327183436253,0.319460140298372,0.53276954081069,0.653757793788292,1,0.540969777139865,0.690172479084669,0.392359229093554,0.613246434500299,0.608523891837674,-0.0463093618938506,0.402141086540625,0.201045619228939,0.245505061623927,0.27514294886969,-0.258720229319737,0.0090503511621898,0.190499058745817,-0.161172917259606,0.20446526650807,-0.039940079048659,0.0851441803697585,-0.0520479587578958,-0.0250721366412918,-0.101014703137631,0.0995870882257503,-0.0050154684943081,-0.0430017174841302,-0.0825449582493752,0.141805685890374,-0.224069385219868,-0.198853436909326,-0.189265023275093,0.29473597470113,0.189613272057556,-0.289697972022266,0.0311529257973361,-0.144232699497762,0.189281203067321,-0.132099290491394,-0.115699542793819,-0.0434102570521041,0.170991843416714,-0.0695927452512173,0.110850165343193,-0.30406667395883,-0.205585624123678,-0.319506995784015,-0.109276068821907,-0.206152325032988,-0.0391732562840609,-0.257060937978966,-0.287835524397956,-0.366553223846497,0.181430108328882,0.0548369607925808,-0.142423000923489,-0.202967068231635,-0.216820083474371,-0.17793224698587,-0.161495387979587,0.131687731139811,-0.158443967528439,-0.0775900520076142,-0.31488674998334,0.035789075160869,-0.415122236914762,-0.446727853754323,-0.0208284515438975,-0.0567321931793967,0.0676983689561586,-0.289321481674776,-0.197581949061259,-0.0842836023231685,0.0259205730575269,0.115980596558785,0.0294161117672555,0.0481744556681559,-0.0762311034382434,0.146656013393264,0.195500420093986,0.344197794140763,0.312136930756725,0.514076765729653,0.11821159283722,0.118891064869286,0.451168676306931,0.313710367228353,0.556224059019806,0.553531833204815,0.298760197402508,0.0835339896712138,0.380936457628249,0.361622248986907,0.0207394875231822,0.153530644513449,0.117182595429607,0.29772119816868,-0.254787057409074,0.0990882026477454,-0.174384617167542,-0.353284957460525,0.140538141765257,-0.273139199879224,-0.0120798176148047,0.1172137634376,0.238788462892339,0.185335703293153,0.0825911529560672,-0.110693982661745,0.208522950307578,0.338962406522694,-0.0685409212422492,-0.16919547793445,0.0137587770672048,-0.0855077237914306,0.0810521677204936,0.0644302843467275,-0.23082913523826,-0.154361545670682,-0.0716001315096857,0.248446669166784,0.17509008989005,-0.349139163957543,-0.0677662191101416,0.29163645280086,-0.132423964736056,0.0195543689767487,0.0282142697766324,0.130332628426741,-0.188767319972097,-0.395231630987447,-0.18638897512639,-0.242603674530469,-0.0054224067426291,-0.228671928809258,-0.332874769160326,-0.179580658576266,-0.305777875616338,-0.0879290122127509,0.013614441332618,-0.151273357876528,0.132159441208819,0.0157060236195395,0.1363409202075,0.103804776352014,-0.376082637488952,0.0113000943529158,-0.176283843035331,-0.0681550462834588,-0.0651862319527828,-0.069156284255893,-0.0325949669104427,-0.241576450943564,0.0704149606860968,-0.424134976125884,-0.0044791635133224,-0.0828363705111196,-0.171010472434738,-0.161490683836189,-0.101186722164056,0.0035658784620753,-0.0102177972026486,0.0055431004407226
0.600676646871474,0.563929865450049,0.402291179769198,0.664182060426315,0.493929786951179,0.645811884561926,0.628117482190727,0.540969777139865,1,0.496814417950305,0.610474329803345,0.680441042471825,0.455463837232447,0.0161831013486613,0.252066308490337,0.228473930527496,0.220418357128675,0.218242207832376,-0.225412676534573,-0.0867562112005036,0.294299396974473,-0.211535910847834,0.269550569637063,0.100127992908017,0.321325948760029,-0.116795815009639,-0.182772594630431,-0.317838178726039,0.166731439793807,-0.0275864314109319,-0.100534134579129,-0.0833733157164153,0.292267446983337,-0.111615221947531,-0.151056957542795,-0.35886307168428,0.13956717071063,0.137596402652531,-0.319776433215388,0.0820894273091289,-0.0309465264734959,0.23586065730209,-0.0563016746049526,-0.072555391291709,0.0538728155449366,0.190324603796488,-0.0290561779911228,0.0501659169908837,-0.267175006795984,-0.341542610666293,-0.315237780553004,-0.161877732988192,-0.401791500697918,-0.0370881513667141,-0.310283412161876,-0.361293280505302,-0.376797252943398,0.297338830456713,0.0283708187156529,-0.0549810075698567,0.0219502451504218,-0.100321263585897,-0.114401870820255,-0.0855644197036744,0.0777536098443858,-0.193049773508133,-0.186090936510435,-0.129692411966619,-0.035995070717089,-0.328027545376835,-0.380719587976622,0.209819669554721,0.0531051706363693,0.291474369231329,-0.351026714635161,-0.443017699411381,-0.0754332845357071,0.0310076503406168,0.0248939827203402,-0.304031731897359,-0.0007460838319645,-0.0854278871618514,0.0870119562660111,0.251288580717728,0.4820150241866,0.60713961805328,0.411779904304094,0.0561519061539998,0.372132035290706,0.80508668210575,0.615921784023867,0.414288938001803,0.419302522389714,0.536074774466575,0.176953301525625,0.181108324258312,0.205235101609594,-0.0580436841022271,0.265056697301016,0.0106715390201181,0.0880126888101555,-0.359986750041326,0.111184799497253,-0.214343859612753,-0.439622293364192,0.156409011530513,-0.326269548874077,-0.0742207401765133,-0.0894591035005821,0.0789857453002273,0.244078621076428,0.277552378291613,0.0035080077276448,0.116809139049814,0.357050931755119,0.0174220339438358,-0.0634731350469933,0.0934962605719757,0.0510538662031586,0.187672088041601,0.202866070571624,-0.130765443884937,-0.192305244022931,0.0114099327990899,0.303187765796394,0.130416891337768,-0.399909586552368,-0.012416306964516,0.163081966540025,-0.108647035062397,0.0296179209540652,0.124010862185958,0.180127965910617,-0.178995952542553,-0.17203776605443,-0.100209168941626,-0.297546152206242,0.142787476579514,-0.301948847724536,-0.431953815235871,-0.141889164735749,-0.395122165333764,0.0222476920636786,0.085015335087853,-0.233775857665258,0.217341569506742,0.0335207859267117,0.0446000759080348,0.304381399307422,-0.241607869269219,0.0418915401133675,-0.138121707240305,-0.0860229098033892,0.123245371618436,0.0746266902937614,0.140087266801159,-0.17883035311994,0.286729495240348,-0.348456360530438,0.18727260740191,0.085028049203429,-0.0527921627373632,-0.0479430666538769,-0.0978184977861852,0.0650025159907972,-0.033614352119555,0.0828246969477114
0.554944002648112,0.654644035262349,0.787885700828043,0.458178829875113,0.266700415558949,0.458297450083871,0.776463764793922,0.690172479084669,0.496814417950305,1,0.463391229330952,0.530930668422913,0.48371810500325,0.0430909892668379,0.266740608451976,0.19881456898732,0.332717579119247,0.197683120583355,-0.0792608132137711,-0.244261569825202,0.0015428978498005,-0.261702677516136,0.514750796729919,-0.0760080430556117,0.265076260431421,-0.0050663377794864,-0.0779330777920997,-0.162313435386705,0.438916370588813,0.231264860928815,-0.147455161149695,-0.37139864936271,0.451858352881395,-0.285497755743127,-0.29723217678506,-0.300193450386406,0.169900097412583,0.381798014555823,-0.203135277075537,0.113994694576086,-0.216960553351541,0.248346491307724,-0.0177515088170754,-0.203088455251896,-0.197987338470442,0.0771282445752143,-0.309051724319322,0.0447205798732513,-0.36632544721956,-0.457830153564152,-0.31806672966377,-0.177647275993347,-0.340562005438318,-0.162562601849608,-0.249349910889381,-0.479701509070368,-0.521559176919112,0.0491343108425021,-0.122745631971129,0.0600243759630057,-0.0963120314752755,-0.303068509627647,-0.301685412108835,-0.314981390397503,0.026364181361613,-0.366071809770383,-0.160402782978767,-0.110847870515438,0.0554985868574627,-0.384505240355034,-0.510331599098473,0.0158247927519121,0.0202328878197375,0.0168670932538906,-0.311761498187673,-0.3956688701455,-0.22594097934528,0.041184841781888,0.10226940880851,-0.34387383035042,-0.0975428599162055,-0.0743246699785142,0.229033437292489,0.161577532366351,0.430508235276306,0.240078022195126,0.742132751207922,0.0464938193898333,0.123908726726206,0.372650136324778,0.19788057287856,0.722763532648351,0.39214081493357,0.310454298328002,0.439283593593241,0.25745023763537,0.383262095103155,-0.0515123205676013,0.175671572454348,0.15046596060645,0.133124095214157,-0.174759289335951,-0.0591613129514171,-0.131988430386557,-0.493381432532532,-0.0828826782227156,-0.378391243705616,0.178673845876601,-0.265361468020182,0.178687714941845,0.0749124906152572,0.270145755812877,0.0513408095440482,0.379199502098451,0.344620590714246,0.215529886846566,-0.017187540086732,0.247141199527352,-0.165420210565653,0.223500107639978,0.131262230585216,-0.186287404523296,-0.0577820598486081,0.0586075596396751,0.193025926869269,0.215434800371816,-0.261259498654471,-0.0388049532160535,0.184216585591647,-0.117758418278735,0.021070625601403,-0.128402951813841,0.0380854011066536,-0.38704257304194,-0.381772163807518,-0.0718372375598413,-0.207025870942792,0.147995137294082,0.0018787569393045,-0.401804898951887,-0.0535066720144147,-0.20513401454643,-0.0121670894560492,-0.103001409363979,-0.0593938654994818,0.0247353184007785,-0.0440106016676533,0.188874279902908,0.164813915493597,-0.179991288275583,0.126492389129373,-0.0821516464477864,0.0461834642587784,-0.0005840721469524,0.117795983048376,-0.0989555485591642,-0.109455383634706,0.0223146084274382,-0.307431333791841,0.201195871000881,-0.0561299172527,0.057955932481097,-0.065608810982839,0.0110415045656153,0.0004818863003314,0.0356874838198235,-0.0491706639570032
0.580383482596418,0.517529397891316,0.502161964907883,0.601936215285957,0.467954526516877,0.342149337253771,0.440427647028424,0.392359229093554,0.610474329803345,0.463391229330952,1,0.687485172767111,0.374073498023061,0.267321137278658,0.310317210674268,0.266631899532058,0.471236329840117,0.179412608023968,-0.187067271075682,0.0224045804182707,0.340194661916436,-0.187092528252848,0.142932361583755,0.155175556440571,0.251178033260038,0.0397515372646346,-0.21245674612577,-0.225134672855151,0.212199557821528,-0.0677267796458236,-0.139581904338758,-0.125207936079517,0.232903487551425,-0.0811207844064707,-0.0907835758139812,-0.228800999780401,0.0907440096385491,0.287539883742662,-0.272185660433783,0.343249161573422,0.130167874555432,0.334755108099741,0.203252953201241,0.0221902766548258,0.144828241822623,0.40550622315094,-0.0061269642630274,-0.154402207170194,-0.432455150513282,-0.504366630393188,-0.296954338019135,-0.107927069908142,-0.443726432654628,-0.0011231147118581,-0.157803165614313,-0.412464053002119,-0.560267245430107,0.392556544795539,0.138312302284681,0.0801021603613389,-0.204619488311795,-0.306818328734427,-0.328922279800739,-0.300425963396093,-0.186205804725897,-0.347824620949285,-0.283460139318058,-0.0678807008436444,0.0013390198739776,-0.34219848332246,-0.434711781233363,0.262565734316028,-0.0540708652577856,0.310607964081783,-0.366528269731986,-0.465178721253278,-0.194163629149396,0.0788049731857259,-0.0355798133178646,-0.373162929088292,-0.0785453571068619,0.024737440140703,0.047649968961009,0.130191625263108,0.607755701613145,0.607382347206198,0.327421422186494,0.206130083720046,0.326629829703312,0.404775943298687,0.577301195154037,0.228078405515179,0.31067730239872,0.778784320564001,0.129520032456887,0.33835805543497,0.231113761535249,-0.0736476721456918,0.229712342950475,0.207066985133607,0.185625473675014,-0.26807725294999,0.320283868233906,-0.271646792982977,-0.275379677891225,0.319131360670571,-0.379936367840884,-0.108603439850481,-0.106654922607066,0.222147507898663,0.302741432272727,0.148880778892533,0.173374685722806,0.108881375467114,0.0789468033595997,-0.0428647468517351,-0.110092460182958,0.015637453678959,-0.110730962433352,0.146325024778134,0.216468871931565,-0.136330357769224,-0.0370942149832085,-0.148852188912089,0.0407533298089532,0.211764431872382,-0.335649471337204,0.172830056053,0.33781101942804,-0.0042122758496914,0.234403207553512,0.307585346717939,0.311069136001502,-0.181627524735881,-0.224827597434879,-0.166506291252481,-0.346555832123966,0.30737003591876,-0.167606281690215,-0.390363974239707,-0.0547783742386213,-0.349958641997836,0.126981967644109,0.0183482154694064,-0.367173360975496,0.256562705904825,0.125520620300278,0.140898139800284,0.404106963760193,-0.211441956036171,-0.0679865505048724,-0.250474570148194,-0.244200059434633,-0.0396299117877034,-0.0285298290570602,-0.0293879871007998,-0.192839974228273,-0.0787610260190906,-0.23651042112694,0.182329337177912,0.179496288677804,-0.0659867141370482,0.0112722955269402,-0.207084529164106,0.05228345989672,-0.0516278647956238,-0.0011679467167504
0.696871034578343,0.746098182309203,0.573756453445475,0.595002457072149,0.423915517646937,0.484212718913087,0.681224384200267,0.613246434500299,0.680441042471825,0.530930668422913,0.687485172767111,1,0.688080422905421,0.18204009505139,0.345856224231686,0.320773786322958,0.347169803482033,0.260914212522209,-0.133598542639226,0.136381283126954,0.290664268753072,-0.138337231263485,0.376212156688563,0.130865788681698,0.191625086838363,0.0318005379366728,-0.172586885693771,-0.196375853303717,0.15566320674734,0.12560245419875,-0.0185842266272583,-0.159051673015099,0.132860761926059,-0.00032612668879,-0.11728544258163,-0.262984302963909,0.258385473271113,0.165912652504178,-0.246492361068584,0.130225347559468,0.0135328225523407,0.290050243163338,0.100514003124852,0.0154327697994635,0.0991502362441094,0.290293348007199,0.068940804866095,0.0416358811056787,-0.408695297095507,-0.367927500098712,-0.268102407727805,-0.180460392023496,-0.38896822350557,0.0399432625362487,-0.187027726078447,-0.327635639120231,-0.380726409639368,0.283760043164286,0.0932795820929559,-0.129994014485381,-0.100337212295279,-0.178368298830411,-0.166349946349565,-0.046528589412149,0.121883833485834,-0.220468213188545,-0.182267726400279,-0.129475741535544,-0.019163702336663,-0.281356289996121,-0.337537053820782,0.10522863722754,-0.090072659854313,0.18249542374149,-0.294934596251944,-0.37435249614377,-0.0914565918247682,-0.0517314795080479,0.0239437113520826,-0.240295978830546,-0.0053798400225438,-0.0500702243259828,0.263769961459894,0.0667369003682892,0.702190178271615,0.614975203848498,0.49626166149251,0.132468285260527,0.318613516079039,0.533591569325501,0.645084904003112,0.388632201129845,0.48157945633273,0.62183316516893,-0.0388327294557411,0.353612341028734,0.447080275401826,0.0762477716659815,0.392570145259095,0.242409179926122,0.394183779360481,-0.182396072488453,0.236959318085283,-0.112751215261657,-0.257737673173253,0.291572365440492,-0.259305712273643,0.114484932540642,-0.0358864894718349,0.432239587889665,0.359527086664264,0.167642581941406,0.0195031158766274,0.040401921337927,0.394830895333981,0.0445126540445405,-0.288219807054975,0.0093991464415545,-0.081833289684372,0.0384961754326634,0.17850253026435,-0.319320604833983,-0.172175033476564,-0.0035268140448846,0.367378646887881,0.242135723704999,-0.434716944745774,0.0873438353729715,0.318423693941604,-0.0781806903345271,0.189079940408241,0.174553077948884,0.227946876650873,-0.0988879404780149,-0.233587452540011,-0.319193043876285,-0.451700960562044,0.150012024302859,-0.35007255864196,-0.496101828124548,-0.330593274072684,-0.486020577417572,-0.0393558237982416,0.0333173807736139,-0.383612025903336,0.164993468730316,0.0279851586311894,-0.127261136280095,0.149419543875261,-0.436460935415561,-0.158750416042196,-0.15555913411264,-0.289457973493463,0.0061598620623973,-0.142235272372305,0.119947519757705,-0.251413404727297,0.176635137381875,-0.239379215777169,-0.0527538148184793,0.0532507956050102,-0.216854319642353,-0.153434562148066,-0.240933915035068,-0.106156488428098,-0.0644784956915326,0.0140386720647042
