1,0.773419058460382,0.555300930179333,0.652268156841645,0.289195677141384,0.558498055795606,0.631039458518667,0.416330743198149,0.326026606484658,0.622850975748394,0.644724722828939,0.636836319814844,0.621221098785761,0.0027752754324139,-0.173825457681032,-0.0453377441366206,0.219497410715415,0.298694850501546,0.129232263289753,-0.01208730620176,0.252115856470991,-0.0307790335939103,0.177350988676266,0.180970496725024,-0.0890480421531303,0.078244117874022,-0.0609626134652509,0.346461117560502,0.0095917443478468,0.158812521018269,-0.0868276522449113,0.399344183406883,0.337998138322807,0.265323223522911,0.213558322181442,-0.0314445405942956,0.115374797505465,0.184098678007804,0.0313181462053598,0.18582722350868,-0.0982619952864541,0.167744173292063,-0.0182304520583638,-0.0452912311245926,0.112609000291986,0.241800788927902,0.220688869707581,0.0364931265141358,-0.190285488101809,-0.253459564587693,-0.0829703298825672,-0.24694870508915,-0.274028362572842,-0.169262683004242,-0.16864675040684,-0.0361104714657767,-0.270654489280063,0.287894272599206,-0.173346736286696,-0.221908081095969,-0.141662309869049,-0.111636821591909,-0.0581086010739953,-0.092718449010524,0.249817229316518,-0.168372595190192,-0.264174180804322,-0.456826260343976,-0.362680892000784,-0.195906491206495,-0.218680660684089,-0.396404165094082,-0.426384869201124,-0.281765595406853,-0.33461194865689,-0.315099210464787,-0.263489935837094,0.0397678355716079,-0.215816573608805,-0.375593133308929,0.0466277481889617,0.0780918221265256,0.557613979744595,0.350226568314101,0.700576860891871,0.676777050538501,0.372029523639685,0.142818174295178,0.511876257843576,0.235732995740849,0.477693431068946,0.580207708080326,0.669897077048556,0.637753425893357,-0.269714613056811,-0.0546261250709625,0.0002323324279599,-0.13690965976194,0.148670004556613,0.109853410585182,0.0226210792983174,-0.0552152262069726,0.185840519505864,-0.0783704172429965,0.0390560727356382,-0.0642975644217819,-0.074860615347924,0.176153800920674,-0.0125100177330868,0.0051161348992408,-0.209420721242949,0.0036488443956715,0.448731211651484,0.260481779919151,-0.005653581704424,0.12473451490579,0.0022654150416302,0.158018095712326,0.21933117219288,0.263212815832,0.048843670373411,0.414220778004754,0.358766989284412,0.20897595596439,0.199123533446117,0.0774630951868281,-0.0473240751593939,-0.0636046445011214,0.130867522532729,0.163559928226611,0.0879176406477763,0.198022792888233,0.149986435261248,-0.224627310869058,0.0034334179205904,-0.26953752446764,-0.372537483594124,-0.0913295452440565,-0.0815989207221474,0.0663911707183353,0.059033554905704,-0.0087861747426871,-0.191130840353545,0.437265978247234,-0.14175564055838,-0.121388530554092,-0.313540566711688,-0.457429106072694,0.400559474915063,0.214700280968358,-0.242685678870641,-0.105755745040147,-0.244537595776722,0.253821213472288,-0.0159432891623039,0.0644715345543459,-0.148279239562874,-0.499098765663018,0.0116071102438675,-0.49393695902647,-0.211643087059434,-0.0921738998767813,0.0770348707489914,-0.0798091763047189,0.334176189003794
0.773419058460382,1,0.719375985337472,0.828224403954598,0.388041317839613,0.751948026982543,0.834969569565085,0.740237670891273,0.406504133561989,0.833126524470407,0.765895339520292,0.918063949361245,0.879440865535104,0.0605426492027577,-0.166787777830649,0.0700996260414717,0.278407230209864,0.35736217748334,0.200193875577155,-0.0204867886410649,0.302460310592374,0.0933876876639815,0.394797662656533,0.270123491169553,0.0139986171349293,-0.123858338951354,-0.26644281741694,0.138628470030292,0.039511200418685,0.386740747804145,-0.233117645364538,0.288287827830982,0.376852015625513,0.0265572581050005,0.0204288164710582,-0.309073551491426,0.143569042408556,0.163307078350272,-0.0235815633237442,0.140058142373054,-0.233231800544131,0.199171707087076,-0.117657504298654,-0.070025410194222,0.0630004469791678,0.14489761800681,0.193092560827271,0.158353717842992,-0.26754700745124,-0.438631559699674,-0.224686697137958,-0.118483365449059,-0.416012328137956,-0.304526569441494,-0.385151301011988,-0.292881654621868,-0.398904530844972,0.140890780016999,-0.21105785224336,-0.279412195310639,-0.114515945692077,-0.145154963685284,-0.036769767136468,-0.0450068620134218,0.0096793181560511,-0.184334074981819,-0.437608179531944,-0.512002845334809,-0.320708737434951,-0.249742992678686,-0.279830973820495,-0.416500950941632,-0.45081475989564,-0.341512630066762,-0.448767467020077,-0.487750398313015,-0.421120371603031,-0.0458450973026236,-0.284939458135663,-0.538238102931214,-0.137202171315284,-0.0856431033438152,0.471192608090321,0.271187890285013,0.896082398902237,0.886696909601866,0.69265400813128,0.290025984259967,0.631374350629934,0.300125228293506,0.596686611923689,0.860183900676897,0.855705366058017,0.826726181442495,-0.357369329489188,-0.0294658994451872,0.102371921222295,-0.106298627848281,0.106418540783308,0.161118309880853,0.109568930572056,-0.106620299202606,0.361446177168199,-0.0501701859829137,0.0782156675432868,0.117764761845355,0.144646486141657,0.314922003286793,0.0813665462783461,0.0064491482893562,-0.142287147071125,-0.0340945745703879,0.558858149139445,0.411530368026673,0.100910241759288,0.334979951620533,0.0661583283355378,0.208149527184031,0.337722310732168,0.202256175054129,0.0342092371781746,0.34313816588238,0.304395911801093,0.225084171590423,0.164186216648392,-0.0655530042987179,-0.19593597727623,-0.139317482459225,0.135802141576968,0.17368466068249,0.0779080443893853,0.211350779953044,0.128911792037866,-0.147559420105058,-0.205340146118761,-0.391565444700134,-0.306159246526192,-0.0899669641536748,-0.0112254928178092,-0.0438808895793068,0.174225855983191,0.0190806639636876,-0.141057401750039,0.343867319771738,-0.187668167528586,-0.0550046707129836,-0.311878183754031,-0.451293236255813,0.304003423037263,0.212034219459921,-0.319459991907014,-0.0624169840545235,-0.253287467033313,0.232159611182349,0.0363571244486792,0.0589272091189688,-0.124845481203576,-0.437716493497386,0.0347618265053,-0.466902936313564,-0.246511821854965,-0.130921983651418,0.0110471891248606,-0.22141132518321,0.220491531399998
0.555300930179333,0.719375985337472,1,0.736825759161166,0.404093461543423,0.642239525726002,0.704838341113325,0.524464573541114,0.422522831136693,0.671179613592919,0.594580928631085,0.680803450899562,0.615338311783199,-0.222823617781621,-0.355980658685875,-0.160325115916944,0.153054180494006,0.232310048967058,0.0013252474584826,0.0002494712688526,0.087017722495301,-0.0062858129620922,0.506422644385487,0.21005797677422,-0.0394801477137912,0.318122232424667,0.0326669535399143,0.377097202669947,0.431429665456246,0.493646609508536,0.182979982200023,0.252993347064631,0.384976328182321,0.334223937036332,0.229260958266144,0.0419879055562787,0.112690485773585,0.440172873589759,0.0675884826417692,0.145781501826311,-0.306866729067479,0.0848811766483109,-0.0707766393610372,-0.104236869976635,-0.0883455971160298,0.0103766157353705,-0.0189510377231419,-0.0018166043910345,-0.18239625520138,-0.228882020754902,0.131279457846531,-0.207125158485112,-0.159287918184559,0.0299459923528073,-0.0981525850105697,-0.0682565587575788,-0.183566877519376,0.0599576760617054,-0.204765412743024,-0.297718262457183,-0.164556208461567,-0.192588550463193,-0.128963289231496,-0.188315271865158,0.0880593941792759,-0.196958225293608,-0.285222123169466,-0.532088430731749,-0.242824341875705,-0.222628412494776,-0.336323965464556,-0.339806031912979,-0.388534058853682,-0.334726903117118,-0.359189217261724,-0.305027023535882,-0.231852573698463,-0.0395322939686087,-0.162597163357463,-0.345502940714039,-0.0581276087122547,0.0333238803366064,0.480157188283613,0.202750623540989,0.701660479901855,0.732356348966278,0.692996893913474,0.350725336262667,0.547006518027067,0.326232434812402,0.59063090320058,0.656966116679721,0.668632564774354,0.608142100867535,-0.418245346468701,-0.195263389806234,-0.0343883434892939,-0.248633826529723,-0.015604319526827,-0.0795478991991596,-0.0856932232937269,-0.211339473076214,0.262994229247655,-0.263539240159265,-0.0841586926295572,0.0742344159494558,0.207527641274455,0.243379094710796,0.0615679534047141,0.0092988329594699,-0.122941721613613,0.0679391495617512,0.44644165880933,0.422845356363869,0.146075363832595,0.334656338504294,0.100259901952545,0.223924304795341,0.281476758264575,0.190792968122682,-0.0288781759140744,0.182270640196269,0.162289641588917,0.220768879353676,0.005935738073073,-0.151381669163047,-0.0957018286713772,-0.240412341632045,0.0188059404167123,-0.0084207154397152,-0.0887076067413273,-0.0584503249396656,0.102648870144706,-0.143468935609519,-0.189406029942668,-0.420094607024345,-0.330097151946344,-0.0047473295760088,-0.167525690778977,-0.113483194217365,0.0788500200521907,-0.047667340016485,-0.225882531408015,0.133380561062081,-0.213116523331259,-0.180364836521243,-0.359180605165069,-0.473676093294924,0.192099440892627,0.0400304267033222,-0.285474248517988,-0.117305312336735,-0.280065482211281,0.118245794011951,-0.0279049259887811,-0.0986072519973771,-0.275381496730907,-0.462418902452938,-0.134996119900969,-0.391456917871885,-0.245997372843736,-0.224243159392522,-0.037723690931614,-0.188320416283849,0.0918941795590655
0.652268156841645,0.828224403954598,0.736825759161166,1,0.365532637892804,0.68617108073293,0.79382896512935,0.519053653567841,0.561675046931718,0.767144925061776,0.805887007848496,0.86402725347664,0.72105871062879,0.145501951709202,-0.16060282381371,-0.0199740557782582,0.319638555733247,0.39026997715927,0.0833567255908658,0.0067759188845149,0.299535667053508,0.0338652579627097,0.536945286340052,0.35388841211937,-0.0205332473461958,0.0261505090313017,-0.0986651065353632,0.107861698578436,0.178694697348527,0.450477926130494,-0.158268775697904,0.184933040325423,0.448541982781739,0.0371356353119428,0.0750055210383764,-0.193787500982359,0.274440639553861,0.443512087765913,0.122004062021049,0.340129827222896,-0.156229686045831,0.349993755959181,0.0562190374104867,0.0614598914672198,0.128702202305644,0.160855965406301,0.206800697823935,0.0975279740776163,-0.397273204666541,-0.470247357522615,-0.148403727277094,-0.0043460494940793,-0.345002391783634,-0.198164662327993,-0.279524900116929,-0.325295958040956,-0.379270199132424,0.11707365623304,-0.162763399446907,-0.228728521250017,-0.217550673708572,-0.189102414597047,-0.196665064248925,-0.105633440175786,-0.135468537363027,-0.254523481970199,-0.51345611372601,-0.503583865431463,-0.299089583231923,-0.248115406346723,-0.256630816655545,-0.326248563785442,-0.318859491649691,-0.254023013266425,-0.400299809026998,-0.378416795407563,-0.380111270008238,-0.058618489838868,-0.218354415220797,-0.460540337686266,-0.157043373821053,-0.210711398207993,0.370215058275643,0.0873800555598315,0.806435748673248,0.882772236029091,0.714342569856402,0.278133402000681,0.730468505650107,0.333698959228866,0.708749425122819,0.777904720100971,0.82687724018572,0.659150201825309,-0.272324710145601,-0.0239473285730452,0.104328312024998,-0.145205181111981,0.18633195512051,0.0863712274702221,0.0341268435429945,-0.0154862347806251,0.284259162705404,-0.0346045925999287,0.110189352400073,0.0754649146266888,0.346282666788751,0.265997197768857,0.23414882434173,0.0340378288982996,-0.172737731176996,-0.241218046202754,0.591913852409107,0.39840451626947,0.0002290308323649,0.413317197171247,0.0089235705389878,0.0292051719211012,0.41250833559149,0.148489693182062,-0.030365270495822,0.282613984329267,0.361978798755573,0.401673089273231,0.205168631927213,-0.0183431836431468,0.0091666644283667,-0.0727173386619846,0.299288437811265,0.254787038612733,0.080845612313979,0.212950432021475,0.164809778898105,-0.293414662383996,-0.441339259469579,-0.359352055204416,-0.424549788293929,-0.157952115115519,-0.103958027121537,-0.249979027528985,0.284534923979581,-0.113853241570771,-0.249246012236644,0.224649636304885,-0.101737984249312,-0.0638696682403773,-0.325739028792588,-0.455566528852566,0.0894018386567531,0.0217882567913265,-0.490799414371791,-0.113130825319184,-0.457664348133055,0.138850717258957,0.0293549065461293,-0.0297892874004744,-0.181260121412094,-0.453819307206872,0.0100601586321914,-0.454131157285329,-0.402356482914302,-0.378235332968276,-0.102038442237911,-0.342910782236801,0.0765296916679297
0.289195677141384,0.388041317839613,0.404093461543423,0.365532637892804,1,0.393732024141954,0.34833900692297,0.462758760182528,0.434438093309326,0.255135461480859,0.399897400361476,0.422997831216548,0.381212854862934,-0.192470119300455,-0.140813409051415,0.254175331945225,0.0807041191543505,0.0054428712493977,0.127104120869297,0.125093661411563,0.0785178612406028,0.0541951266150358,0.0151499740312274,-0.11718712871183,0.282872048716898,0.0355684280123215,-0.0291253020460605,0.341500743410926,0.228136042873851,-0.0561624050985159,0.218915323339138,0.20527511579035,0.0139110157084487,-0.015135819296286,0.118795017203037,-0.0403847582496971,-0.183804770768561,0.0145107920415884,-0.0595008218619572,-0.102336804065093,0.0192476125562206,-0.0174914443300827,-0.28723381056306,-0.289799298433297,-0.156120898461658,0.137040733857129,-0.196418132080783,-0.276561051986889,0.074761965721721,0.0581058122778198,0.16249558739636,-0.14657288841372,0.0440022479273056,0.0187638276606118,0.0028336631436035,-0.114001722103096,0.0340689697768189,0.18081761822194,-0.174207131453996,-0.124962470183464,0.0138110551556767,-0.128946021494372,-0.0499743672089986,-0.124310158902749,0.0318185374911948,-0.0593940802661455,0.0076903306796527,-0.155257298530191,-0.027450185301227,-0.176093706030944,-0.278919140815294,-0.0827939882352149,-0.134159946124969,-0.121379249680253,-0.0971809158080488,-0.0614291197741946,0.013014678133283,0.320349974025796,-0.0434318327441402,-0.0919407781058508,-0.0646995743476885,0.231429845485955,0.224140433046946,0.333856135602888,0.33856286238348,0.36889145619394,0.356863199343495,0.3716257301703,0.594718228082334,0.336498839936912,0.449173202770213,0.331415917203721,0.300856236608326,0.359230431010591,-0.198876269671794,-0.333707553319457,0.200254580571174,0.167399257172437,-0.0074072875922711,0.0238417652790086,0.0492598654386458,-0.0495537427297871,0.123607949952441,-0.0754514905734266,-0.0002673999669361,0.127556210539684,-0.180370432362037,0.157832262068991,-0.172896930577797,0.0093285038242712,0.225266763024285,0.200081272632098,0.116941181220797,0.11403562249342,0.0185362641121806,-0.209600639576021,0.0129975997203859,0.159686557823069,0.0445618069973685,0.0093109897378539,0.0314849499932811,-0.246745383586247,-0.241375719745313,-0.117455900530836,-0.25184860333758,-0.0872206105533925,-0.137849233624763,-0.100883594456679,-0.0887280867169434,-0.109398065242915,-0.0948710992967193,-0.339959613429891,-0.0842927115067755,0.061118392548288,0.0563616557550037,-0.256225748892572,0.0589409209899205,-0.0098436694994791,-0.0509119888439894,-0.230428276132271,-0.232377897725766,-0.0661235080278995,0.0096874024218019,0.105070165575717,-0.23392726408333,-0.105841382844054,-0.0632363409262635,-0.151483662710921,0.127133948167265,-0.10381044008137,-0.0997457134296377,-0.0895489969899503,-0.0324192312845631,-0.218755886047785,-0.290109444474076,-0.286539347044424,-0.274508698320961,-0.130314708620739,-0.31901589235793,-0.113351246400418,-0.12106437059899,-0.0800879473858797,0.226744718633239,-0.0994657710806854,-0.0214328324004449
0.558498055795606,0.751948026982543,0.642239525726002,0.68617108073293,0.393732024141954,1,0.591749838663782,0.741732233773901,0.592648579994792,0.529197254168442,0.512853184336798,0.752482484944588,0.672092727267336,-0.0707604122087909,-0.142447651022311,-0.0323553984727552,-0.0087901144891719,0.0929307554772504,0.0467108868855131,-0.0620545864719536,0.0388636190401953,-0.0445241804761822,0.176462598909853,0.0646692224772283,-0.0133318026058969,0.0041433894402988,-0.19896111163474,0.264575310602145,0.146092756301775,0.267683362193718,-0.014160581402716,0.190381177345098,0.155526679292012,0.241384041695429,0.0863232872652466,-0.0431794300568672,-0.0544063008646787,0.171968511873723,-0.0515477579530591,0.0082036742508388,-0.164832983179695,-0.025666828815339,-0.178183941764871,-0.197352032825312,-0.0398907451627739,0.0275109963362845,-0.003362233259595,0.0269956536045856,-0.272849372919335,-0.225486614810507,-0.095312130944655,-0.169996314914595,-0.263947011513716,-0.10440838356395,-0.185515985912142,-0.0731596518999486,-0.18203812002797,0.189446747618591,-0.106154802391891,-0.245523738089768,-0.202163021292089,-0.131909534075602,-0.033646856049614,-0.088325235620208,0.0064187890584081,-0.219986540710474,-0.263548548278155,-0.324208943956287,-0.0516365111292146,-0.199879390527223,-0.304427281840713,-0.125693150100069,-0.178313174757945,-0.168344885451408,-0.240535410641298,-0.197511380789232,-0.172253622927628,-0.0048788556056687,-0.075031955669279,-0.281099664902852,-0.0359350662169464,0.0043558193663501,0.254876117010533,0.151740756211667,0.742283816101992,0.724748670635242,0.605752155189067,0.658483438218789,0.566062855690819,0.578116522809589,0.648741096289542,0.699644227584456,0.597575664171346,0.624274737617993,-0.2102598181459,0.0102546256276524,0.0771582093909514,-0.121999173442556,-0.105261790864282,0.0650445643956911,-0.0234087323616934,-0.235531713481937,0.162905559918069,-0.142385792484768,-0.109725028589778,0.0421082104825688,-0.0484631362750027,0.0948829944442996,-0.088508526964214,-0.122824561252017,-0.109820519046555,-0.068288327012528,0.370171250426623,0.274132843057464,-0.0306697033590346,0.161066050677896,-0.135948661550729,0.0485107244033312,0.49227850856757,0.0219389533081766,-0.0183657794330729,0.191358859878801,0.141669668202973,0.0510376960616395,0.0945265546971554,-0.260941453934909,-0.151457546696816,-0.193508477690301,-0.0576450539040038,-0.0023328377694397,-0.160135967060165,-0.0200720113072158,-0.0508561006408877,-0.308358627466286,-0.184850271197014,-0.290606648806294,-0.278234847686954,-0.113858845514948,-0.185171724856987,0.0104000130372538,-0.0661079859655307,-0.21491180211959,-0.136968205645887,0.23153342050541,-0.109679115808411,-0.155398711530993,-0.225522071636015,-0.301860189154247,0.134790737809303,0.0465687292549307,-0.240670768570809,-0.077263316100603,-0.167446872914936,0.18653440926621,0.0722299938599596,0.0198838586203858,-0.226923139149964,-0.287529198978953,-0.0249264765662633,-0.174773859143267,-0.210505180593028,-0.228237116760092,-0.0054824133756248,-0.117962231757274,0.0655528425855421
0.631039458518667,0.834969569565085,0.704838341113325,0.79382896512935,0.34833900692297,0.591749838663782,1,0.669295315360019,0.277228627834538,0.90989175765979,0.777978317844779,0.863137073457053,0.897837659947762,0.104767035612093,-0.0581072959743249,0.116011750670386,0.396732800223085,0.521764533743679,0.377157995536857,0.0340516232395545,0.434937528672663,0.324913090451378,0.651788081951289,0.392830010438884,0.167374482702071,-0.0556204292536551,-0.020071200983946,0.17096252412662,0.313662570810829,0.557711042042133,-0.195577087372231,0.276705968178367,0.585361496580207,-0.0498289512871674,0.0171015939135326,-0.239572955054863,0.314216442295658,0.359391848805104,0.0152699075834171,0.262845335498878,-0.386752487570587,0.177483591807872,-0.0134197591831681,-0.0993396783911369,-0.0448083035680069,0.341010778354741,0.287170128825537,0.232437024824196,-0.503996709482357,-0.586229378098876,-0.227391846373163,-0.134738857003963,-0.512188927258692,-0.487267871835621,-0.438285900976882,-0.503979304053147,-0.599854300901488,0.0726440474160246,-0.303875587197533,-0.371406177668945,-0.236670231621088,-0.17742887880209,-0.188134165100058,-0.0173259296061309,0.0094255148432117,-0.363647378866025,-0.576005999759196,-0.722156239944822,-0.39938233735325,-0.372310949399362,-0.361984013229776,-0.514468539816263,-0.527810771493048,-0.538916713158823,-0.649112958619625,-0.662584375373391,-0.559532411031008,0.0877667672928853,-0.228404329127359,-0.473389190738404,-0.170491426142462,-0.0482153348291243,0.433482373055849,0.333936269737058,0.822105951506101,0.809117133877852,0.687638242789499,0.18432075947645,0.637799121803025,0.149404727428596,0.562296333759287,0.852204304992152,0.815261826224059,0.87892093261922,-0.273335800953347,0.0181981882397855,0.190437592355846,0.0541216717521703,0.17129593088471,0.254889876601155,0.304961983722656,0.0862648389732877,0.595047390408367,0.0371481251125651,0.23796054876212,0.378816304168458,0.409819133282063,0.543709965659277,0.307547939436137,0.234696023128552,0.0275771952512012,-0.0305337725788891,0.783989711418631,0.641305471354837,0.147085863641967,0.54366898124468,0.167753984667545,0.31283493478602,0.256273266035291,0.250837090899661,0.0540581404777022,0.415374590213895,0.355484190820741,0.477981688940478,0.199851302237915,0.0070946812666548,-0.0521338555173618,-0.307917551011278,0.196656179091321,0.115816359564963,0.23739802071239,0.205374488314706,0.230425426059453,-0.270143035883535,-0.224574093446681,-0.57734273190671,-0.417706710092913,-0.276895266137336,0.0207015357732252,-0.151560233500484,0.205776390949056,-0.0442938448348212,-0.3413031815003,0.300109612716852,-0.244790384811704,-0.029899242969823,-0.519284843920883,-0.647079495770817,0.410649569072247,0.0776660083634119,-0.475895057127199,-0.150670732000472,-0.369980199360505,0.220273668089872,-0.111860367675593,0.134839017213337,-0.262816410900892,-0.526565313736068,0.0131853557644423,-0.561969841423424,-0.321822427101738,-0.272970957474184,0.112870470112134,-0.192605719683972,0.23245512977064
0.416330743198149,0.740237670891273,0.524464573541114,0.519053653567841,0.462758760182528,0.741732233773901,0.669295315360019,1,0.345426408142074,0.62604887256867,0.507360822562639,0.756208059900534,0.782271278974494,-0.0612428473527302,-0.103067652569946,0.109786433533923,0.0187483210377747,0.175093581600229,0.216891010942755,-0.0875530186833908,0.103919812338386,0.213854809622164,0.184376761722212,0.0825670952523488,0.151034316217936,-0.259558625474868,-0.331638885638477,0.124047972686901,0.117677538039063,0.344137913465323,-0.190669428393638,0.104629872599711,0.121248976125836,0.0206838979877883,-0.120005948855557,-0.321656302256372,-0.120669020415256,-0.0643444017563728,-0.245498283985109,-0.203107760550289,-0.367583611802348,-0.171634803386603,-0.355644588212526,-0.172728476161931,-0.212947370092412,0.0209306488051903,-0.0637220100775689,0.0955771910218456,-0.16908087018458,-0.253679823410804,-0.248224199317144,-0.165434738140028,-0.243074988199483,-0.201891473834862,-0.392823664024488,-0.204917186070169,-0.225069339455964,0.0463089887802905,-0.316049246805863,-0.443724879455698,-0.118506746612222,-0.129128377347376,0.0942282594849378,-0.0128807564242013,-0.043331912416857,-0.0639432956022353,-0.155366468035378,-0.412929870497465,-0.105749092688418,-0.184678710973494,-0.333016138633627,-0.210795686006054,-0.178105921460833,-0.334024237802553,-0.287836573335205,-0.254743288505625,-0.279112203695384,0.0708013426341716,-0.141190803116105,-0.390369954499743,-0.141805565748896,-0.0543231847064987,0.130116840353657,0.238950294122414,0.770441964550958,0.707268442040954,0.621046526327188,0.564132674836905,0.529396655778938,0.374090055089048,0.550019574586856,0.818591491828117,0.62434581099045,0.721908158760143,-0.257576288594186,-0.0993260685635371,0.134302943216882,0.0239832319080441,-0.11968273588506,0.16701560708136,0.154108397764669,-0.232366060219655,0.415807512997085,-0.07626499424962,-0.0787817870028062,0.287535174170571,-0.0246770417730338,0.306334469982032,-0.117308029407244,-0.0354006036444042,0.0452391165017073,-0.0081464113944356,0.351018337939665,0.328440875809336,-0.0001602492943289,0.246580662598284,-0.106327041473312,0.135293724700564,0.255243835976951,-0.0182278386263415,-0.147107234527929,0.100576132085441,-0.0316470872143975,-0.0214577277948367,-0.0674116461116787,-0.33653974506676,-0.382444650116163,-0.364226046105952,-0.229582092816867,-0.171071617713781,-0.148791068773585,-0.0146965721351439,-0.0948189810634373,-0.169477513731856,-0.106259922954673,-0.426017444083199,-0.0921723967327965,-0.074495759709404,-0.156661971141221,-0.0643773606930094,-0.0767276065062889,-0.0339191750080982,-0.0265414082905849,0.171041527511955,-0.301618829436574,-0.148758768108217,-0.285096198862641,-0.271899814184894,0.25825644766713,0.078166673858774,-0.120876641856408,-0.0587803958365515,0.0263960373900585,0.0699696078790229,0.0061407820736339,0.0048252426626865,-0.247526810476858,-0.287306247895917,-0.164878554041841,-0.144823394544321,-0.104919294127247,-0.033262816633587,0.124449059784949,-0.139717708380342,0.0403646430813025
0.326026606484658,0.406504133561989,0.422522831136693,0.561675046931718,0.434438093309326,0.592648579994792,0.277228627834538,0.345426408142074,1,0.238129090254887,0.42624984444171,0.50407251513035,0.263286061096926,0.0565214249326675,-0.0854280697674563,-0.143151068925998,-0.0546646325477102,0.0225587553458757,-0.19338334544616,-0.0476356010100187,0.0099139372918129,-0.218119659008946,0.0165636082739378,0.080249173417302,-0.070267862132359,0.0351839601617962,0.0489035604071399,0.0266361588517689,0.0519466389403812,-0.0757245893280864,0.0023809965416097,-0.10843899386878,0.030779803752612,0.280242865053138,0.198057196012876,0.157478593424943,0.0759438037388201,0.265398479261012,0.173765694207465,0.105227369044059,0.21848979883779,0.0753130997805643,0.113434521969429,-0.019218720238037,0.081639419245768,-0.0524472956059871,0.0059458271688523,-0.194418726594315,-0.0054425659086521,-0.162578622130907,0.149622349428538,0.176055727751843,0.118787816143168,0.0415826943157612,0.0926698267684812,0.0136978436370375,0.159427250657407,-0.0725104888521671,-0.199083565907494,-0.0851237497185151,-0.194308687840296,-0.382509436843567,-0.0015889799815072,-0.0376724111314587,-0.14095868461029,-0.0418675772814526,-0.253353041400257,-0.0707438983963303,-0.152949073896046,0.174444042127796,0.0564350181572857,-0.062819616130072,-0.106011586820467,0.0348333555716985,0.176718759404953,0.0469813415166517,0.0234981226901056,-0.146205067224937,-0.267392561014293,-0.292922657058247,-0.351296746789727,-0.263224601805169,0.118645645896817,-0.15125919752213,0.441428306656199,0.469592215555394,0.326036021635059,0.504127487852569,0.496788631555812,0.82465506322708,0.791379297675051,0.386414943708725,0.371157133152701,0.220035239603371,-0.166768946000248,-0.0600244340787881,-0.0944275008884085,-0.235221566328723,-0.123516368702862,-0.183083743645655,-0.20197460328862,-0.123287303628555,-0.156235031778727,-0.108706494918314,-0.0380072249628419,-0.174733938028576,-0.0255254542143858,-0.122021108789688,0.0395994092227933,-0.262880383086819,-0.136669581041685,-0.262709719464481,0.178307006868851,0.0256209771039196,0.0116111605205326,-0.0454941259424065,-0.11491122046656,-0.279806223257863,0.548161340824203,0.0149398958014275,0.102821514687666,0.052613889926817,0.148319993073927,0.0319702600692047,0.167184735456293,-0.226713463878478,-0.0676734902617986,0.16781270671544,0.0458353982994815,0.091326488859585,-0.219405260420749,0.0096213518199455,0.112532870834244,-0.0276845408599643,-0.432416023294737,0.0581012945103071,-0.0067041259807291,-0.0878422600287535,-0.0393003293555609,-0.0156164454007332,0.0436019063746569,-0.163104183867419,0.111614668379384,-0.14875006326113,-0.167577746596154,-0.178980545930361,0.0746958594886898,0.106107189563549,-0.215197082065475,-0.152867112603533,-0.28813639112749,-0.149042835986702,-0.287105551202452,-0.106200662816153,0.0697547573232588,-0.0339882561326008,0.100745030115376,-0.255289696370343,-0.201983387445646,-0.0959484020467798,-0.39911094022201,-0.33499785580526,-0.208829793885911,-0.495662506401902,-0.272492801950873
0.622850975748394,0.833126524470407,0.671179613592919,0.767144925061776,0.255135461480859,0.529197254168442,0.90989175765979,0.62604887256867,0.238129090254887,1,0.667289095719838,0.858249688427025,0.895751808456476,0.115792268725052,-0.150710955072936,0.0171833963340931,0.331431827263774,0.475524156426753,0.232441126321288,-0.0931707364574951,0.411450077702572,0.161354292773421,0.638324897193746,0.409229133365553,0.0305079968930597,-0.183784062166447,-0.0912915739243362,0.0579417679973036,0.0994376828010271,0.472459463928368,-0.345385716176421,0.265143426512585,0.586584076148584,-0.0382916919945399,0.0222379862175978,-0.384932253178095,0.431231343756663,0.295475177881214,0.108074555020677,0.277171230258766,-0.334420691904392,0.203149548146907,0.0639389816027364,0.130283953729633,0.0888228805739043,0.200212056960189,0.313191761951986,0.235298376879169,-0.357426966425381,-0.605374877862925,-0.301965609836585,-0.0391637101049522,-0.508963798636744,-0.41826856597248,-0.476115354940235,-0.389890683822313,-0.566398401046708,-0.0247952206369943,-0.275559508690508,-0.366461620684202,-0.106819568759108,-0.120394211702744,0.0371556795768106,0.0893168602995947,0.0176011461881004,-0.105625791608025,-0.537624739702615,-0.591107921182254,-0.488647069740026,-0.183633914292362,-0.155637765982075,-0.520082078675163,-0.517014527070157,-0.387151921917904,-0.507817677755767,-0.596798267177474,-0.610952072466501,-0.17721637511148,-0.342162496720886,-0.590865893364233,-0.132374626572409,-0.258045483788757,0.376551587688065,0.182660936518028,0.837366424599666,0.840294345709792,0.697501300951121,0.0863498493769454,0.511568787959557,0.159090219449368,0.52044374776362,0.869157524148194,0.805406766471016,0.825242631145106,-0.425872366986661,-0.0262464569449223,0.0540864509927567,-0.105220520271041,0.0954478647502612,0.0825096488696804,0.156554619713764,0.045651170260293,0.387324555010714,-0.0996557312561993,0.172722618592284,0.169666736680601,0.348383941417737,0.377669413226651,0.298580151042461,0.165266945237671,-0.111463961164662,-0.179084009118452,0.6946309149452,0.452610459822446,0.0728517467206317,0.439735538559842,0.114249722888221,0.216139796274212,0.175847399426856,0.317848272143144,-0.0299643436224688,0.43756826406207,0.41322892805465,0.430942888565052,0.206128923156086,-0.0273152858002717,-0.0295562281193591,-0.135928506648951,0.237696380296652,0.225173560612552,0.237100505781193,0.33326511887187,0.298514669098879,-0.147785563672952,-0.324761178872317,-0.397525761302433,-0.444632450491561,-0.17266660903986,-0.0033126154881896,-0.119046773885565,0.400853096306586,0.178655261089077,-0.212099382303286,0.251231987840764,-0.212930361630477,-0.0340854459893737,-0.380057428473715,-0.507409939346844,0.313954847613339,0.249156005267944,-0.352431924113721,-0.0179578172421851,-0.33371536495304,0.335060142515159,0.14496039411564,0.113090943044981,-0.0509577587916328,-0.495174773989579,0.029160841685483,-0.56205700455754,-0.313513626257053,-0.203736498469066,-0.128043865413688,-0.287227242258235,0.220624935447739
0.644724722828939,0.765895339520292,0.594580928631085,0.805887007848496,0.399897400361476,0.512853184336798,0.777978317844779,0.507360822562639,0.42624984444171,0.667289095719838,1,0.773272360576163,0.669985496932356,0.102855577254094,-0.0571127427793174,0.100439012509189,0.320056396896738,0.381575097254967,0.309337198367474,0.142249184637291,0.278202901230605,0.197050401780765,0.490587658028687,0.277706001688028,0.0670224711722463,-0.0478246777471313,-0.228115016282562,0.0866196890293627,0.168560170203279,0.427566548711881,-0.119546985676181,0.108361079094751,0.267399083806324,-0.0856873973510882,-0.0776564708921648,-0.253690671844818,0.054339336209077,0.191826634463171,-0.176438272611921,0.0925940963442113,-0.327790235487594,0.206469485903182,-0.162411649953629,-0.175388679881439,-0.118612815392543,0.170567398085118,0.0963524966452483,0.228227962599661,-0.361479772247742,-0.274296492929179,-0.223811109248399,-0.145139670266126,-0.277465092793059,-0.215674942168366,-0.310802196617052,-0.327967366804454,-0.2849552978313,0.159763362903011,-0.203125204966406,-0.3008829783357,-0.170227222977395,-0.0918738506825013,-0.251781939149605,-0.0389348056083399,-0.216294660021661,-0.293907622289772,-0.362360778638085,-0.564153939110212,-0.148607682104351,-0.370492329666035,-0.389812781078939,-0.312621433615791,-0.284449395479076,-0.414308655288318,-0.487575224267385,-0.358218616744267,-0.257107199728521,0.0961795665653349,-0.0714935233783389,-0.336690973418277,-0.128003474536754,-0.0568615703188778,0.443003496015325,0.218635405319193,0.716780642469866,0.719577596763776,0.515035722102568,0.174246254128323,0.713885809962101,0.134769326794661,0.584692425358139,0.697234480017454,0.833962190844498,0.622816706185128,-0.130897901348396,0.0323566307406663,0.178467381376609,0.0458150025289708,0.179505008917828,0.282151127525396,0.251015954466984,-0.0760347022632004,0.470648229138323,0.0721485654990669,0.0485267902868845,0.230021625751013,0.199639843857449,0.382325990990102,0.0589944423367025,0.0094721758088029,-0.0895161495566583,-0.0062980950040944,0.447945386861382,0.397178610234713,-0.0480170013403091,0.422899803219253,-0.0571828736107469,0.140355019158067,0.200098554423948,-0.0560000946881918,-0.148705907880294,0.218611664646053,0.173984866628175,0.239676287929706,-0.056954184481555,0.0584587543431619,-0.153723260154834,-0.266642041582923,0.061190973490441,-0.0211241536410984,-0.0016600814371547,-0.0138340556963647,-0.0798238941017059,-0.235406370841852,-0.214222617846379,-0.497490833114717,-0.19900646826071,-0.0161078845957615,-0.118032487198412,-0.297981433509709,0.0049074426599432,-0.180691719709455,-0.201353218891322,0.269873431903588,-0.173089555358264,-0.135214011114781,-0.311009880988242,-0.465750262833628,0.152305086886645,-0.101467062833522,-0.336316448137984,-0.0852517328655809,-0.243994027743331,0.131602404024514,-0.0909497988129695,0.071313706198394,-0.332258677689948,-0.297633380283531,0.0326753111494201,-0.349438621909815,-0.220392651851114,-0.233261018365367,0.106426254334654,-0.166785228696424,0.0441199396268226
0.636836319814844,0.918063949361245,0.680803450899562,0.86402725347664,0.422997831216548,0.752482484944588,0.863137073457053,0.756208059900534,0.50407251513035,0.858249688427025,0.773272360576163,1,0.916422188250636,0.139975436590139,-0.124637253283955,0.0160014783462302,0.251447462801625,0.357348221904967,0.233164077623646,-0.0290230318799678,0.282955332493465,0.106454198081167,0.453696461414031,0.26383131267159,0.0121898857208101,-0.164847225860181,-0.171421356641274,0.108784177182158,0.0956627694796962,0.393896427965418,-0.247736365442748,0.222519441073253,0.387206737296827,-0.0136638540714879,0.0374870670707796,-0.272117785640719,0.226991682722106,0.212491534912615,0.052088407962578,0.17072598028396,-0.212338583105341,0.185557359059424,-0.0862187607052355,-0.0193003241303203,0.0063006744974847,0.121175400171989,0.158306949011931,0.15242121298857,-0.301256717304029,-0.510341385875385,-0.194639115279017,0.0079935328892342,-0.349676896713616,-0.355150993062326,-0.325987336833446,-0.385060895423156,-0.402854725945398,0.0284522217525113,-0.290145422755191,-0.310790358036082,-0.198326372468461,-0.237762092150351,-0.0962185440593213,-0.0471638230970124,-0.123784785664494,-0.227714309516158,-0.532376323779666,-0.541291188098119,-0.334288427771999,-0.224302485420939,-0.248594313163935,-0.42174033872598,-0.42134408869252,-0.387073262808709,-0.422293640966864,-0.468430743258906,-0.409817033160313,-0.109536420790918,-0.362833110737066,-0.582594257967955,-0.247517280652907,-0.184693105477822,0.325882802170938,0.191698977740847,0.89499302978672,0.926480472537285,0.723712142325401,0.333988866025427,0.666133533763622,0.366488961536585,0.674672655262732,0.897010080859617,0.877677521747279,0.847021335048115,-0.35966442999105,-0.0520707837522848,0.0801360071102626,-0.108011709725594,0.0705968509652421,0.127546993198167,0.167431398952768,-0.105809271773943,0.378149449995542,-0.0282034975048765,0.0644017786670657,0.125803167990838,0.216499923488212,0.250153139578385,0.120575223440317,-0.0276531118547168,-0.18096308638703,-0.124916301309363,0.603123602900089,0.39812608035626,0.0363140371144702,0.354725741256914,0.0212984826831539,0.154120525402356,0.363115944547849,0.158504172762658,0.0364243433479678,0.343719302824244,0.338914962092606,0.266004259219173,0.179288912616539,-0.117147858675057,-0.179527778358313,-0.133217127110127,0.162714986813027,0.163101054384689,0.0310252041891076,0.206501325975611,0.190454660352126,-0.177235942448784,-0.324965664051579,-0.398488579069282,-0.264719144971101,-0.160715358518099,0.0591781726899646,-0.085848387242022,0.22452631033459,-0.0220206017588182,-0.115491732812824,0.221309063413656,-0.252628629491258,-0.106555339780187,-0.338574632840749,-0.387840119949641,0.210324938351113,0.119433050075009,-0.387186739659739,-0.147808820529772,-0.354028502401542,0.176634472789185,0.003822594082617,0.0558919792559053,-0.111017484303872,-0.44912845732378,-0.0252530203557821,-0.466101469504714,-0.322028732683445,-0.243994364185069,-0.0641270619304445,-0.345914160545077,0.111273589994645
0.621221098785761,0.879440865535104,0.615338311783199,0.72105871062879,0.381212854862934,0.672092727267336,0.897837659947762,0.782271278974494,0.263286061096926,0.895751808456476,0.669985496932356,0.916422188250636,1,0.133212256882506,-0.0884773178326487,0.0848778612787515,0.219147532823608,0.321272934495235,0.333774377523171,-0.0899650649735486,0.281522181988421,0.22964284313886,0.457578218813981,0.177065455247036,0.0973239503245709,-0.1582599161322,-0.141581018242898,0.227018447154923,0.122345509618328,0.414578078542691,-0.246007963492749,0.33286122777636,0.467025144868336,-0.063348508045061,0.0141099358868651,-0.313546874117137,0.200265688707429,0.102827029727913,-0.0067591300038404,0.125799573305485,-0.326370036829802,0.0725029366879538,-0.16369961628734,-0.0691863204564556,-0.0748881777541997,0.209974447789333,0.140381724263707,0.239434034073221,-0.346444678598205,-0.530043971623869,-0.243582649532931,-0.0722423804900204,-0.430072330169829,-0.462086683382984,-0.366890459074759,-0.449100025077267,-0.557544952497907,0.0651822784325794,-0.282614031699595,-0.346315135941448,-0.189426153802379,-0.185352171351653,-0.0812250680627025,-0.057464280414534,0.0330544084830941,-0.258587417282613,-0.492917070801604,-0.613496914274226,-0.357060759478419,-0.322097782828441,-0.332271876305426,-0.468227979090554,-0.508210106443031,-0.473989856046919,-0.552642909908998,-0.579316912289906,-0.471670905676454,-0.0121464732809534,-0.286390865005185,-0.499869939776826,-0.130044693218506,-0.0687913013918822,0.345902815537888,0.332429258932292,0.861030596604263,0.841354513551419,0.680963911166393,0.241030576194913,0.545196320840374,0.207068989716352,0.505710623977552,0.911231809090041,0.808467705762317,0.935402227956356,-0.334323618800829,0.0013589515700302,0.0915401204691294,-0.0388893865823364,0.0864362966649432,0.198530671670025,0.267162629422497,-0.0606360989592795,0.496231063410555,0.0213410857476753,0.114770126675263,0.26449862908687,0.240261215377474,0.379248396504777,0.118288841139389,0.131451767320802,-0.0761360115630995,-0.0203981986546551,0.659430212259049,0.45496108262665,0.0526946350737023,0.378945377835896,0.0662756263663152,0.314248880411728,0.248731304971853,0.185275602377166,0.008965239161013,0.399032178158572,0.312950543353649,0.24821096560764,0.140919396451278,-0.0708305458433151,-0.129674782518118,-0.235545820700666,0.0860465127893992,0.0799647223894939,0.148343382211955,0.223042833813282,0.188257089132629,-0.210533483578237,-0.197598170848778,-0.469746899769646,-0.317512256558367,-0.234904943265022,0.092871670503911,-0.0534488632451496,0.211463193085456,0.0656205935382634,-0.210046553900425,0.292884187694998,-0.288691230826908,-0.0449841940906488,-0.408703670314365,-0.49967761709948,0.394811629348686,0.240010042213998,-0.313739966346095,-0.121542493476876,-0.260963691174912,0.322833158077027,0.031910261825339,0.167003728051128,-0.157011951271442,-0.446181914658695,0.0299807843374468,-0.489898492562908,-0.218748121708946,-0.158466152838409,0.0521062696940236,-0.187806144994305,0.219761649466537
