1,0.298938853387024,0.436577941776356,0.405332920702196,0.447351997033267,-0.055786544069499,0.170573820007659,0.0828046415215785,0.318548429600401,0.103462737168923,0.446151974755913,0.183696237391329,0.302696943725792,0.383865076584945,0.384377950610678,0.119819367097079,0.225142303474122,0.239455078753382,-0.178259243367944,0.017254642661923,-0.0375407065779599,-0.0815179437292411,0.263693001990377,0.0549583764057031,-0.168020007818751,0.420880915958443,0.204260804125906,0.445844653375361,0.290095888857338,0.414040293533787,0.265328933031608,0.288071513947765,0.257451954583047,-0.0504275686313502,0.387281603614803,0.514733519293721,0.10711630426671,0.260708060458785,-0.0970582144942767,0.445420726893018,0.555692821117785,0.380840716318104,0.257157620472179,-0.0903276344242486,0.421868155175579,0.225662330071887,0.215524072683931,-0.0262916095627633,-0.464471248964394,-0.175331490241006,0.0041765848124068,0.0126880112350588,-0.357034057988052,-0.110289523017577,-0.138650260455839,0.0114966397891732,-0.0309301815445229,0.161665940492688,0.411095055999066,0.407874759384292,-0.385579983080343,0.0182372297779611,-0.419650070327943,-0.278078530400729,0.0994577929510112,-0.41430249774552,-0.459568575550098,0.0376510384001674,-0.392566308142975,-0.390284999462271,-0.486469937074008,-0.15263366252026,-0.347978398412353,0.267558101069823,-0.0691576899580424,-0.359698947681287,-0.285290790720456,0.1318518747741,-0.306434850518192,0.0438628397580441,-0.0973109310815756,0.271790312276085,0.465666901566409,0.560789876565778,0.244428783066928,0.476279962221198,0.155107344672541,0.134614490321571,0.475350103811059,0.130447067640936,0.220450151969748,-0.0156893774940906,0.629294163644774,0.318126848589974,0.148862593323032,0.0037484726214117,0.180609864149452,0.124147648910161,0.15954945423673,0.274969638112218,-0.198604045894087,0.169313512537797,0.310834654349725,0.0648578581808533,0.163360371236792,-0.113778880030309,0.181927969832184,0.130053686483868,0.264348839012854,-0.228116395978243,-0.254439360164991,0.341944854127741,0.205139723836938,0.321733896842454,0.171293284073356,0.453360609065223,0.160839027987202,0.35372142214068,0.467291207552248,0.441682976492872,0.302590783446112,-0.0551814592375584,0.0605416845071917,0.235413441925748,0.151647715003675,0.381310557461891,0.400712131847229,0.464260110859463,0.369338162633298,0.390333946113251,0.289476961568601,0.0796229986642338,-0.1045214073913,-0.0931289837723003,-0.300551695713767,0.39548945790138,-0.28540610460007,-0.116121773359695,0.0911159124557037,-0.162849877118044,0.102375655812608,-0.125460926829925,-0.133647501371994,0.238703761378945,0.172959307802903,0.450181081193984,0.352114952238735,-0.335080347937847,-0.0374018591739937,-0.126471646300559,-0.420208611042482,-0.195399967518649,-0.306697513100526,0.0704568494634819,-0.274397574624947,-0.103310045279564,-0.37608407254532,-0.0257036297601308,-0.0392977738091634,-0.348149229539303,-0.260174630493644,-0.0938142110436192,0.139766849080722,-0.110816814069479,-0.0417549202201135
0.298938853387024,1,0.164576334167973,0.81652917496864,-0.305985142478946,0.11251828853962,0.539609887332511,0.771185092389466,0.173274103110343,0.799336453732075,0.312198595112677,0.803031031836436,0.844056685906184,0.389828961864176,0.427067402493442,0.343676989107028,0.387459605271118,0.247729027838927,-0.0220780425530699,0.642437586020763,0.303639330155416,0.0441718028859606,0.04347282916034,0.162393295322834,-0.163219681679638,0.0279680061580518,-0.196693489950751,-0.0476884359412527,0.103273259697159,-0.0208929207995001,0.307168266835889,-0.365083342796509,-0.109804295925349,0.400070752469239,0.365472506995778,0.126599521083783,0.377695116861027,0.0714359122513896,0.165952524901821,0.167973773211994,0.466327345484999,0.220997003362341,0.450772641762322,0.10330927752255,0.245440610115187,0.337745261778746,0.502341348304222,-0.20368134386289,-0.242257161031404,-0.329501702652457,0.138372673613315,-0.104736825824906,0.118996096138627,0.118363760247951,0.188965006596652,0.264830102077594,0.226977580598292,-0.484489335444594,-0.0304068122998591,-0.0652645544660044,-0.209916803571702,-0.131513589983683,-0.330671766481894,0.118439653834867,0.281869533948021,-0.258266187999618,-0.57344199702428,-0.113740835135708,-0.285448957104561,-0.0692126666200241,-0.0713142542528528,-0.386086234858691,-0.318716984648987,-0.048354944389912,0.0917329615487201,0.0503591787513631,-0.123526837777191,-0.577090183472553,-0.529352518039236,-0.504439743566154,-0.508016656699276,-0.561352472418835,0.276472364116202,-0.285548754054916,0.800033262667961,0.778417438382329,0.662325477758954,-0.06519983377071,-0.200801200271472,0.187379939459895,-0.15857354025555,0.576537721411081,0.402229767772675,0.316399811317193,0.36754702401956,0.375246947500318,0.188592517719067,0.245190257949384,0.464042283531434,0.305145680466203,-0.0769135654765431,0.297615068694907,-0.0099240425293649,0.586337579868645,0.451105526905852,0.0302388455667068,-0.0169751390425223,0.0484771805586513,0.0054953609416244,-0.194008198350732,-0.0591653731427972,0.0486521905862026,0.391006347952605,0.152849961369378,-0.0063803220603617,-0.0409852271481707,-0.0331068788843625,-0.0719968575497713,0.406755362103602,0.0664755767270927,0.186656426710106,0.125854704937968,0.563680502063087,0.329972883509447,0.35031350057581,0.231719816590247,0.487244197768702,0.442681934524054,0.459568275326981,0.338401489819572,0.183907531755293,0.494487960586497,0.17333541722045,-0.087820467733994,-0.355608211754158,0.202294740290656,-0.188626933431832,0.0935779408735291,-0.175691857052905,0.0272307965011215,-0.091460992976578,-0.152768665971307,0.147694326525534,-0.489544928825902,-0.305413163041523,-0.182851792828167,0.0168278935741028,-0.118869448818741,-0.49586769884689,-0.220713234135694,-0.348837431146107,-0.252472758982978,-0.276808974342052,-0.194539982168464,-0.256051210668603,0.132828564101011,-0.213422242027805,-0.343571514917879,-0.0952971450709586,-0.46750594715101,-0.370525067784744,-0.175565222842028,-0.673817178153183,-0.546166853038044,-0.451762514310227
0.436577941776356,0.164576334167973,1,0.196679080100298,0.0745565600693822,-0.171181688083616,0.321627649342281,0.0863432880556914,0.104424110352935,0.16566011545382,0.410712125899478,0.0268430272036407,0.235337381561419,0.356913970908867,0.315821203643066,-0.0381569948586836,0.156271341324785,0.270197594891301,-0.212567161578761,0.0414698058622091,-0.0650347655243561,-0.197207258936041,0.173678670044723,-0.0238555266233747,-0.107220721138129,0.734135744856268,0.407670619132258,0.672903647139338,0.400766988587038,0.637688717985545,0.415783708202834,0.1335668136787,0.377887966348441,0.017081932060356,0.261391836848836,0.730156176545435,0.149672147713588,0.491173220925805,0.066756038859926,0.425636761060349,0.450514322834008,0.431482791325117,0.349614546934347,-0.523830499958023,0.288316478263019,0.143355323511327,0.123574751491016,-0.0263225129615506,-0.472893428574552,-0.154707623447603,0.159689259745215,-0.0456445276812038,-0.29049982980187,-0.496311764691936,-0.0259530379853229,-0.0027507579982085,0.0982106274320303,-0.168640612164225,0.252271133595303,0.356812884714628,-0.323555154046519,0.0865193850956999,-0.351314114336365,-0.0517193291980936,0.328597270809441,-0.373687875693029,-0.441200227049413,-0.145804727430467,-0.465978274114965,-0.361836159570776,-0.332868444447334,-0.320031702799612,-0.484456649995519,-0.210993982583224,-0.181364234313155,-0.32944144601067,-0.389468558390323,-0.0850301664264187,-0.350355711267192,-0.0199496716465018,-0.281794409292066,0.156583253277098,0.221072139793442,0.353155901090918,0.221094718613867,0.310418823351819,0.293470844054856,0.0407341523890437,0.0236743388315387,0.012944128508041,0.033656800554296,-0.0684424761236713,0.247626134303289,0.688155261476434,0.141013338975907,0.0655318521500842,0.152171930754265,0.148126993462947,0.154542914422574,0.168713535081521,-0.23945688008759,0.132216658803544,0.313691706432664,0.0375133880627692,0.147481371471739,-0.239387242330456,0.0943348291203978,0.0444322679477718,0.16878120247517,-0.0571725575954988,-0.2348856633026,0.703150093551717,0.277109575406795,0.399157516043949,0.311046355366958,0.580511669474091,0.49278651818743,0.560356977631778,0.463848829965299,0.361854945776106,0.454977502877366,-0.142387548435507,0.092127438559659,0.295039630161526,0.194290290966883,0.479523583006258,0.313828493620961,0.424177951403786,0.342203713439553,0.337693971718264,0.310351622952804,-0.0477630307133776,-0.208838116910964,0.0586992207304779,-0.180464884192552,0.0999228339534936,-0.0341681936974128,-0.0812700342051268,0.249951028539687,-0.0322092180218209,0.098121084493811,0.0433568831536661,-0.0409801078464661,-5.83053225002576e-05,0.057529569526554,0.406083178318753,0.175014904878596,-0.5904396132167,-0.212313117604103,-0.423774271788087,-0.479819541199041,-0.421414301051796,-0.23433030356426,-0.112466009383356,-0.217838922162347,-0.128764640817452,-0.222114484868677,-0.200393256454283,-0.193839641465176,-0.388084177595548,-0.190047909100663,-0.0306678496235738,-0.061242629433449,-0.240387449349585,-0.211157981359183
0.405332920702196,0.81652917496864,0.196679080100298,1,-0.0939683599621209,0.201261448108981,0.553562188556004,0.658626329133592,0.411345552867875,0.664543425234637,0.41067510325411,0.737643489586368,0.747872289013116,0.384162645194388,0.466526714356026,0.318144933142548,0.345804900914493,0.288617349509691,-0.120929859982747,0.469539944972906,0.222967531435915,0.0107998997084787,0.211993914642625,0.177546888917698,-0.116067012926779,0.040906610058768,-0.0864401083694461,0.0792413464144299,0.0536885906329602,0.0617911949541849,0.310551591739859,-0.339899127456421,0.0198888068487953,0.357356800577,0.285552246530968,0.246916643890716,0.355863158663078,0.0633661022966882,-0.0141570947007277,0.214832604506353,0.468990958019618,0.306336624497718,0.351976817652375,-0.0635678602595421,0.266837550399351,0.206853599252639,0.399921408492901,-0.309319247383286,-0.326955078011475,-0.290452022386512,0.103404853885949,-0.159126729101623,0.0441439338887689,-0.0447098747722651,0.110167566192707,0.370214688618191,0.148300874675401,-0.383403864130453,-0.142470511841693,-0.107422899450097,-0.160335158266859,-0.0012348705572553,-0.2850201439159,0.058433218828909,0.246311083426412,-0.344599793440846,-0.494133614167402,-0.0831939142820865,-0.266265289763053,-0.135035493061012,-0.127233682951941,-0.340985384165302,-0.298958756316522,0.0205286157858595,0.120719185418999,0.0328354398648931,-0.124143619649452,-0.46453187798883,-0.450832108100236,-0.467899051188066,-0.476156917247775,-0.431160628774286,0.277478786248289,-0.188047071114624,0.695446206698438,0.812123434823041,0.571643997269708,-0.0008275784499873,-0.0278047298308106,0.380835498078942,0.0127809582148565,0.538914822961985,0.487882599818409,0.317980248990604,0.433387130955718,0.36037328795617,0.179551259975851,0.339573505864182,0.410610498049275,0.355131447197615,-0.164648392796351,0.225988974060126,0.149639393785984,0.469521645266476,0.414128399048299,0.131387224445265,0.190794084974489,0.165280255924215,0.111183494706983,-0.102911195984567,-0.0548053096079479,0.069091910703321,0.325550688541878,0.201710174356784,-0.0186452051751138,0.0739849302864898,-0.0442813572167394,-0.0685379550247065,0.455103950147513,0.102401046420246,0.159426332993316,0.0075339246068252,0.435545755516334,0.29622831566392,0.240519600632064,0.178681977434427,0.522672267264434,0.421347629003892,0.445705501763968,0.315844775126135,0.158470836405083,0.363619921313892,-0.0444814174831057,-0.228174983040242,-0.306661919156776,0.143475055509772,-0.288562061125748,-0.0732749217269303,-0.263233781747774,-0.107425910459667,-0.241260035072033,-0.317901794010308,-0.0697625273035396,-0.408771631929175,-0.380424556824447,-0.164300326427183,0.0756533288132417,-0.199635311116809,-0.431967968207698,-0.292711589595914,-0.358540004927475,-0.226609130427516,-0.230402118163191,-0.152073032297655,-0.307808357470712,0.0379701945296567,-0.312969917782128,-0.303854893995536,-0.144981338385378,-0.492164286414774,-0.339369112013957,-0.20325469183424,-0.517557923260897,-0.446268419090231,-0.460549678420355
0.447351997033267,-0.305985142478946,0.0745565600693822,-0.0939683599621209,1,-0.0644727485565156,-0.270272822677876,-0.218026574899287,0.273062363721013,-0.375266585785767,0.0120501008371844,-0.209379757028318,-0.288386524786504,0.0914799772340349,0.0436774087271006,0.117433738579927,-0.174355105560039,-0.134929219964439,-0.163701534487503,-0.255138240161175,0.0022727268470417,0.0365493963565081,0.111721109174111,-0.0348932974998901,0.0430857627021256,0.147748035143247,-0.0066222577219216,0.213102787495519,-0.105294314221509,0.255767888381866,0.0293775878453329,0.369670012150967,0.120332858515774,-0.304473226594363,-0.0408164648509353,0.266622585203692,0.127280507059532,-0.123670335127387,-0.440183644308394,0.253877502974911,0.0461671876081656,0.154987102631584,-0.336525305879464,-0.0834850318588374,0.0844888385032546,-0.163572142326027,-0.0976896754242491,0.242202088504869,-0.225377426964405,0.121272040671577,-0.235013408434148,0.12965902505088,-0.320536879460021,0.0216692747964749,-0.324678711701842,-0.0288452405024813,-0.138155331071326,0.460494915701564,0.0345035617768751,0.40483743617973,-0.0169612237953199,0.105514231011792,0.164420017988597,-0.309588305448243,-0.238518059045397,-0.210564906391843,0.238274187330322,0.192879808478999,0.164681448030655,-0.316091380911313,-0.319329726397011,0.480302438918833,0.215965526463076,0.525875111838435,-0.0233209788534559,-0.256615117332907,0.109360251158581,0.745335358589792,0.357150172412082,0.463965936327378,0.361257950566337,0.672035008956283,0.321175542736949,0.556390696804412,-0.345924726521118,-0.10861949292334,-0.245185835587668,0.0850218743326004,0.76402099349804,-0.0142044865856054,0.465591400331177,-0.298744588177429,0.354708410754107,-0.154750857614104,0.0348216400228032,-0.145776811837099,0.232992716496798,0.0755540844409614,-0.216438980349689,0.0946770819408927,-0.182799929443029,-0.0959499465744729,0.263182971298151,-0.360760882981085,-0.306590920793107,0.142117805860801,-0.0192686616766296,0.0597078816466165,-0.07981990432334,-0.133161439308852,-0.10718748863126,0.118575955955547,-0.303886930686401,-0.0459260013937983,-0.15759294257494,0.29544126150802,-0.102609145422893,0.0906187006312738,-0.0852159412243008,0.019407010318714,-0.0593478329834438,-0.330042739197769,-0.331721926991587,-0.236654839423147,-0.316136003335156,0.0453519659697485,-0.0733665116049042,-0.0352919879210135,-0.0868431867168364,-0.0506379308432733,-0.224238461074137,-0.369093606077926,-0.423604900222404,-0.311978506050208,0.149144992637567,0.136821507979527,-0.120025303568269,-0.266133055900203,-0.001005661841986,-0.2569059534167,-0.156358056595234,-0.219979066211646,-0.381957468169221,0.367292315719801,0.013176955486129,0.256883064309814,0.364783080373724,-0.237182980096251,0.215380748682805,-0.0587070686788544,-0.0025575949570148,-0.0084695828187726,-0.0057749094004705,0.210746307167384,-0.156129853529463,-0.0750241625162228,-0.319839893379401,0.468057881956193,0.205689096435823,0.123307179564694,0.274610957901793,-0.0751498336303388,0.660961048984539,0.377864129680672,0.2409578855851
-0.055786544069499,0.11251828853962,-0.171181688083616,0.201261448108981,-0.0644727485565156,1,-0.0361646453630236,0.402742389720835,0.557026622415256,0.201418658595762,-0.132003710769079,0.292721284161258,0.140821163205036,0.131550344444661,0.173576304736805,0.0577022912021815,0.104119180662504,-0.0496808298528169,0.126255786638259,0.0124797343300714,0.123924163374947,0.114754290813813,0.134765919971796,0.0461802677903885,0.130379682590496,-0.24913727837462,-0.162754513707563,-0.106473304875037,-0.184966598010873,-0.192091991456147,0.0079493518338759,-0.233001787204237,-0.0178485503339291,0.0442848270967331,-0.0706839298013185,-0.0450845321173376,0.136441573421766,-0.173368966847057,-0.227287980179625,-0.123826281753499,-0.120751473773205,-0.0435009838594981,-0.102950073280539,0.127540667313924,-0.146601866447949,-0.171338419637935,0.0147512370708353,-0.293169464961756,-0.132386838141343,-0.103553891009458,0.0117891658189835,-0.130693414308015,0.0018511266583678,-0.0227432136331232,0.0376885788911365,0.0719298575873595,-0.0628044903663909,-0.259086166587663,-0.21276350282985,-0.200973433625975,-0.118470232489206,-0.270994319758537,-0.149089753014286,-0.213168043377201,-0.353611909738731,-0.37933519621578,-0.0772680102061461,-0.149993449662228,-0.0559908013095853,-0.10338931451153,-0.0425690509530923,-0.065029224068657,0.0105290230967544,-0.0563578354007197,-0.0892145756503421,0.0249023995895246,0.0746156156778328,-0.232446712740929,-0.0872186924003505,-0.288207638982367,-0.241362301488845,-0.130011115086774,0.0135066127736334,-0.250318405253633,-0.0116668765444417,0.0385066019184738,0.166770820422116,0.521096792187896,0.0810739409070308,0.723760919379283,0.316395707230777,0.169949919612006,0.0202748743790644,0.0581650938148657,0.12500717561406,0.123672067402937,-0.116159215739062,0.0027878935402047,0.192111375763266,0.0095239674069656,0.0750305566205727,-0.114521908973974,-0.0799094414286896,0.0103376992821537,0.0943798930500389,0.161116744013415,0.14626398271387,0.0496656097783981,0.147617176763324,0.057215055480767,0.1638868874431,-0.196665939459056,-0.0404937261506764,-0.161992951226607,-0.0934744317884463,-0.186863025978275,-0.172826831645369,-0.164592063630181,-0.0052001670750157,-0.0586066650364263,-0.101080870594748,-0.174678620204764,0.0333027821576433,-0.122172791548342,-0.0753123286612138,-0.181175178864272,-0.0171847025204974,-0.0077569520104313,0.0050436812410213,-0.0912119182165124,-0.16808682118211,-0.0403770530477695,-0.0821819960188258,-0.0550720871524515,0.148416168236023,-0.132671266943975,-0.138757483250236,-0.102481415736924,-0.192347100390743,0.123191011088739,-0.102937871333566,-0.0659949373904887,0.0106481948586232,-0.205866727547065,-0.21271337938584,-0.19923052888982,-0.131467711453361,0.209646073022358,-0.16619992427422,-0.119637454271245,0.0715497899951887,-0.11461169792588,-0.012430479239007,-0.193029835473037,-0.182300219590801,0.0300762530226959,-0.047385973715789,-0.0021023581405583,-0.1448761322962,-0.0133305190995428,0.0715184341438096,0.0554975490212074,-0.225562311409924,-0.0555788493931303,-0.0188467810591444
0.170573820007659,0.539609887332511,0.321627649342281,0.553562188556004,-0.270272822677876,-0.0361646453630236,1,0.630401569207728,0.265318063936312,0.713614232715886,0.232964070509117,0.603754691166853,0.653905582952307,0.481394442887066,0.561478636468658,0.29328943457616,0.474292169096822,0.569042541748836,-0.0895606510769362,0.442448104336132,0.115737637747818,-0.0592125077210178,0.392342006807029,0.301137205526299,-0.206841426803242,0.070351753766315,0.0337648925759731,-0.018395410765776,0.227215108275961,0.0753005185822986,0.0805817164262053,-0.361277387066531,0.233754284677808,0.306167522862182,0.294430900464364,0.227221949966307,0.335980050685193,0.39500386277253,0.335082039626673,0.353486963652508,0.485350978620641,0.28979370147919,0.528538755720285,-0.018477149020874,0.32586263507038,0.519240166321887,0.479573210115065,-0.0466050816037881,-0.261400961454397,-0.498576683917644,-0.166978833195366,-0.340324037348769,0.0596309604696179,-0.298668364763053,0.242035919574186,0.208670323776614,-0.164901863607585,-0.411593544886606,0.0007656451568404,-0.138153298150381,-0.0584990417439336,0.162647410228584,-0.382838232015269,0.274912725509852,0.690383231264772,-0.101482803645372,-0.492816881063315,0.0065282785016618,-0.379826892561579,0.0575086312181842,-0.0157082772486653,-0.538458925013117,-0.471567425442615,-0.191499039223496,-0.0568380727358178,-0.0985374617809913,-0.397872909807605,-0.504529743919314,-0.621626602542416,-0.64937060989133,-0.594088836049726,-0.530684852165214,-0.0408872157985502,-0.213964183089178,0.519280182436996,0.53902935094489,0.691501306708089,0.0360050403139808,-0.153670365628398,0.230949373157509,0.0059157661186676,0.623084963313709,0.302750100118612,0.280219572899435,0.514893544154289,0.58582783150906,0.216013823145128,0.412171169615972,0.517374110163503,0.53233977697026,-0.113305924911719,0.34425323992731,0.216098273778369,0.432524476659287,0.605144796740095,0.0318592288672844,0.494645613613608,0.162859976831271,0.356775072276165,0.0098909504306365,-0.0370290313420466,0.046343175635013,0.785565698568225,0.494265958155674,0.0868647281540376,0.162539094418268,-0.031361719465771,-0.0548528640959824,0.541445923270735,0.21136191905053,0.358385420278531,0.262454053792861,0.640527514893035,0.664237743237172,0.474460032001927,0.401813468093777,0.587132338332025,0.499370477251666,0.587953193039345,0.428738269907856,0.426539284988214,0.558729820835457,0.230333806946008,-0.241917804595596,-0.649536046485897,0.0580953024500121,-0.459717328398859,-0.346766357535185,-0.144703517311225,-0.0857548144583718,-0.0562047525441967,-0.242164306174752,-0.335340760858791,-0.394809301179402,-0.257270142723213,-0.169628967553923,-0.0322349376151086,-0.236441919891982,-0.239558066126105,-0.185776527801429,-0.480589728257774,-0.149391023228865,-0.334569829462202,-0.0282709358756214,-0.310498154743671,0.194340341997789,-0.112401933866037,-0.570500348068794,-0.230559066723679,-0.568801507357387,-0.611513457822474,-0.39265563107436,-0.568317829032872,-0.656211272130042,-0.550498576296184
0.0828046415215785,0.771185092389466,0.0863432880556914,0.658626329133592,-0.218026574899287,0.402742389720835,0.630401569207728,1,0.384159736492568,0.879294796792725,0.149760796331902,0.896650822623467,0.804656856319625,0.439893430353156,0.497585123714795,0.414636520884179,0.407604385703878,0.24695326347093,0.0504168623020888,0.604580608099996,0.351114464505287,0.205952222032194,0.159127205234559,0.254407639608366,0.0554355867992538,-0.119522647533014,-0.333891449888243,-0.162577871462713,-0.0374978505798807,-0.146359835339002,0.158922954921257,-0.551535780920933,-0.0713844836390998,0.335102252402649,0.302529989009418,0.0616028726687879,0.530084880537454,-0.0059230669788257,0.0341802381075514,0.0780493883561137,0.288076314032432,0.116861959144386,0.267324508581087,0.212898473629191,0.13181932753122,0.243960354186065,0.454448418554906,-0.18273364164097,-0.279877219946811,-0.390672674478364,-0.131655320193585,-0.243070269580935,0.0225784850961412,-0.0261807368010403,0.0979978084074263,0.191760359540421,-0.0020494288613053,-0.532725377183652,-0.224707566647253,-0.20148865397036,-0.0786132780414691,-0.0995377996899437,-0.247192713052815,0.141433336621107,0.279593508407866,-0.317227613073546,-0.402406529579688,-0.127670775481238,-0.195651520076316,-0.126162799038231,-0.0814232314345806,-0.244561248201467,-0.215890858021759,-0.0063069751614585,-0.116309642028872,-0.0420024576928185,-0.0652332468624958,-0.465614073877217,-0.439875836072398,-0.55331841753309,-0.604840899799795,-0.471999073303975,0.187809916818983,-0.382705987399435,0.615703946936084,0.607050432474247,0.782255851898634,0.253300628742184,-0.0941512262228028,0.432567066617838,0.105285346472393,0.710042678297452,0.347453401124672,0.288249381339851,0.450455681930633,0.484642438166412,0.256701415032335,0.350194846503163,0.526113886249332,0.373350794989706,-0.0270952693571609,0.315096983281636,0.0777857637400793,0.489553759762165,0.508642682531765,0.258613543222571,0.199655028141932,0.157487378452042,0.175016378976975,0.0484522891874065,0.183262699694643,-0.0459260880350425,0.417053822341903,0.0902728182638277,-0.14265842111391,-0.0786003487746239,-0.184154514201576,-0.202262353708685,0.329758810055199,0.0148885603123364,0.077915320418306,0.0097182871787539,0.583069168307006,0.296004761343446,0.299026404467755,0.0880361478810591,0.412782245921737,0.331545963001271,0.391866143469525,0.224579442520843,0.0733895529131311,0.427126759726192,0.0916628668116679,-0.253944497014201,-0.281676875004311,0.0160332418286568,-0.375475181573719,-0.181065080550139,-0.343868796141602,-0.132195701591871,-0.172908523032118,-0.26272244638869,-0.112155910145689,-0.553300005078415,-0.434038535327794,-0.308649632146359,-0.0359748864715062,-0.145952921498062,-0.444374235522517,-0.305713416890878,-0.307367161300833,-0.209681595390502,-0.222554261741313,-0.181121380306501,-0.386201772768066,0.201240391907411,-0.305388159920453,-0.203629165761902,-0.0760610694005613,-0.437295927503171,-0.247704654759194,-0.235828725102573,-0.601877692215117,-0.473487238662821,-0.455616955498474
0.318548429600401,0.173274103110343,0.104424110352935,0.411345552867875,0.273062363721013,0.557026622415256,0.265318063936312,0.384159736492568,1,0.181108136898786,0.271450884912087,0.389861677985666,0.189699573941624,0.545582471496665,0.595856041154746,0.245159719431683,0.433795663944808,0.395264993040933,0.132975652481847,0.234986351911178,0.0740366737419156,0.0339605201994328,0.439095734569196,0.307020811803529,-0.041837579035164,-0.0490420678926054,0.0578427772241898,0.129342933427285,0.0959141251830649,0.246966217064414,0.255122671409015,-0.167927317702029,0.30378793947435,0.228834413545892,0.182167202912749,0.393196756769137,0.283858001326554,0.181423376794766,-0.135373296277197,0.433224591824742,0.385188057918398,0.385850995727294,0.2663549833624,-0.0635840006411683,0.395815764931648,0.200403418013907,0.347070481086314,-0.0743042762208343,-0.406383220618671,-0.170034281443281,0.0780273083860604,-0.35051709112061,-0.22103444087045,-0.246310695286963,0.0949929596577157,0.265415272526056,0.0972919668569761,-0.0341890020206068,0.0547531428453615,0.0963385407244415,-0.124457213829167,-0.0116070380964843,-0.25725697970989,-0.181243325882116,-0.0126103986059544,-0.376477093171361,-0.321656551938167,0.0419611904715329,-0.323554783962521,-0.262221863635341,-0.25182174839539,-0.18016087032839,-0.28835087975599,0.214864770053861,0.0045975316421173,-0.0680926622658515,-0.224783590110124,-0.12078194607869,-0.307015774423959,-0.346146373360835,-0.387116133544312,0.0051583002370416,-0.0005054465421319,-0.0123427170000072,0.0982241557114363,0.310809917308408,0.174552047516688,0.406392332754326,0.331870655436763,0.830620997340307,0.628631274730734,0.114134270500719,0.431351135081544,0.0837339392036525,0.582460737114195,0.398502937310602,0.20133155529049,0.329064318302058,0.468201408453213,0.457999047429067,-0.0013948864429432,0.0523548222239253,0.166128981805543,0.0663770359136026,0.343806998250287,0.0560623560500346,0.410429101777433,0.0410213701374576,0.290906809570809,-0.140120770207918,-0.0872462719959802,0.0591918240128568,0.278135250373406,0.317750998598387,0.0722974929610549,0.314338062709852,-0.0272226827230248,-0.0165580734348481,0.316600293960728,0.0830994218478554,0.286072889473591,-0.120356391241421,0.270228793858195,0.273400222232649,0.167948662129282,0.174218102842932,0.438249597162075,0.38737401808526,0.451977849313076,0.41356642605375,0.0751629819435665,0.208102852692244,-0.109320413294707,-0.259785368109847,-0.228933436171775,0.129503306974069,-0.49907208900255,-0.411991224084304,-0.0988747731474387,-0.0836764339024336,-0.312191224637851,-0.421839059264327,-0.303734631870207,-0.0679683416528097,-0.1804175840171,0.134021412383363,0.238341315322807,-0.0939429039139129,-0.274220861048627,-0.329896395950126,-0.402828612916907,-0.234080907744751,-0.318123072883362,-0.185666136397342,-0.404663400773442,-0.0433420643135077,-0.31921513285756,-0.224607259848675,-0.134318468056675,-0.471046779711748,-0.306374986789432,-0.322859344326261,-0.154940975407294,-0.353954139219445,-0.410306976497562
0.103462737168923,0.799336453732075,0.16566011545382,0.664543425234637,-0.375266585785767,0.201418658595762,0.713614232715886,0.879294796792725,0.181108136898786,1,0.107156290018853,0.87138052299796,0.916674190213793,0.374807528659108,0.40989575690818,0.33865485427333,0.334768555603775,0.248182417637055,-0.126936145371375,0.527543181480054,0.293715260076029,0.0448213592299015,0.0539512099109962,0.123341977605768,-0.104068160819437,-0.035464016957193,-0.256371739925245,-0.192571787513812,0.0147387908785988,-0.18736698859789,0.0867415344458916,-0.489496633247897,-0.101133361975946,0.35311441253416,0.296547149185326,-0.0225760520671811,0.430848877078256,0.0442171563651572,0.193553810578279,0.0621999108457777,0.356803108385369,0.0805009041877488,0.352617344841384,0.180948823548059,0.180945404121614,0.294715396627719,0.351449005547899,-0.172364586370437,-0.1371726810231,-0.463926955882988,-0.134924485524503,-0.212209698144034,0.0786459349389889,-0.0183641852322663,0.101948336624716,0.146693547712387,-0.0340818311318987,-0.596774414692211,-0.113586354969919,-0.170215631241921,-0.0449494681195528,-0.0328189493316432,-0.303637258509178,0.267108792117825,0.387159844449032,-0.187521963777762,-0.454001587182295,-0.0669163905168355,-0.234780383100265,0.0358702159324377,0.0533771041545605,-0.290520283396388,-0.25530287577641,-0.0356311211889586,-0.0423125394157949,0.0106522883391206,-0.129005403024734,-0.586953035460787,-0.545305052390015,-0.5345449708624,-0.61820388670703,-0.588688720479448,0.192014917511262,-0.399931027407195,0.70286199383266,0.617924236175511,0.795564876060813,0.0024043647432848,-0.297370092480154,0.262319267022668,-0.162281384078361,0.751559854491961,0.297327590614081,0.352771734650433,0.394261820210611,0.497345218062003,0.144632884410304,0.301338737698522,0.421187407949234,0.294086227921951,-0.171596302257348,0.338999117717511,0.0452053649294108,0.49057910846444,0.491321127021503,0.185436326231548,0.121804173191253,0.0813896706951005,0.121880902341718,-0.0286936765547956,0.0707541525436326,-0.0264326444153561,0.475401529457058,0.085164106554171,-0.120754087632982,-0.171793789601908,-0.192400728483976,-0.175090593684878,0.358425009200486,0.0917826055159834,0.0525252244058611,0.161956262403096,0.610835516088735,0.341480935220816,0.297466500642962,0.169356385542682,0.384281670220497,0.361063536835594,0.378046143281108,0.245021306296734,0.217782226130483,0.415354879999592,0.205188108043524,-0.123625120332602,-0.417279998208412,0.0397108073057867,-0.31251964463171,-0.0946944645255185,-0.365540021247173,-0.151211710289843,-0.0456575642109451,-0.131776903554573,-0.0386150327823154,-0.564060862778898,-0.316931048580363,-0.299044511903921,0.0021923889627526,-0.168783693748868,-0.396740642735882,-0.208414483782694,-0.282542683085663,-0.176750790434364,-0.212333586778256,-0.15865020991368,-0.23872961304721,0.23242407726349,-0.16401638623696,-0.262224317994989,-0.0462871120118585,-0.412314681624455,-0.337797732983438,-0.204217698987644,-0.696652799479057,-0.546735335879484,-0.455249786341439
0.446151974755913,0.312198595112677,0.410712125899478,0.41067510325411,0.0120501008371844,-0.132003710769079,0.232964070509117,0.149760796331902,0.271450884912087,0.107156290018853,1,0.257310868491156,0.225213288559164,0.320118099708096,0.456550262818119,0.265411999450583,0.334746592807204,0.356564692452621,0.0942191659699497,0.272094327526324,0.0826903671223687,0.0333866509582634,0.246599893163361,0.272815597151231,0.0779367278698898,0.342978798712717,0.275533376637984,0.424548822509145,0.172614684537939,0.327287490727256,0.371535588241088,-0.156458921544307,0.116707622202973,0.241595119989441,0.191961545549353,0.550087496911276,0.134584108450774,0.233876122038362,-0.0716965632695631,0.325691737030583,0.405648272793015,0.342810252614673,0.350576194643485,-0.290496502483841,0.249146392058069,0.180712784074899,0.235918587221745,-0.204717339346682,-0.408921636046577,-0.0006326852725782,0.148335573099844,-0.208135474673824,-0.0659868801905419,-0.327119094962561,0.157427586268591,0.365096231743283,0.144579343262968,-0.056615695917093,0.115000792937776,-0.0036045948513185,-0.250248438658377,0.155907290922991,-0.295239500075648,-0.0159445347179551,0.298911774354639,-0.194889900389049,-0.362557508666928,-0.239882874425917,-0.323506225737601,-0.303849594444396,-0.241922025100682,-0.456423160335597,-0.330657011385491,-0.232786433273189,-0.0049704399649255,-0.122439950892488,-0.209047637619504,-0.180257777217669,-0.282312743162153,-0.250562242918533,-0.282877490725127,-0.0521999690378586,0.243600635531802,0.191392809147339,0.394949779532103,0.532177666031795,0.183488728661718,0.139859853290134,0.155701722092078,0.092890732772099,0.206326547806047,0.0316402849530401,0.40446852672902,0.217484418589598,0.318428312307734,0.231176369892355,0.334942747875091,0.338931036677557,0.321813652288983,0.370310942632884,0.105842356837934,0.266082287110174,0.0609321623087718,0.392964073235034,0.365161628817027,-0.0731753033893828,0.174097856604152,0.105199209808791,0.314096463778846,0.0300953733620787,0.054781873561936,0.457391914031188,0.269339778110368,0.288530515315978,0.132050387354505,0.308907312964421,0.215411695329749,0.188914538289412,0.453482032953302,0.129219523759834,0.339644167456232,0.0477154289773597,0.335261613925603,0.286720441061809,0.276742816010291,0.235074392450758,0.514910600561242,0.365192166651541,0.356840400959959,0.359146173839159,0.263720206389009,0.173756609062877,-0.141587599595669,-0.237825638791722,-0.179146820134232,0.0202392503624884,-0.21204525549289,-0.0793304890575337,0.111985123339152,0.0441309770242905,-0.111455185957817,-0.154998661325503,0.0021920878272139,-0.0777815241475804,-0.082877899939728,0.275413860606913,-0.0112229149851151,-0.24941356442697,-0.215104181158869,-0.32787119627547,-0.424441554349352,-0.200759268360671,-0.195455185695667,0.013498973184416,-0.190592265813762,-0.143243554635342,-0.310290030627029,-0.322261068102199,-0.174599786228825,-0.448683160735693,-0.29164466499879,-0.221434014526049,-0.201420233900235,-0.287241178668743,-0.346274475247504
0.183696237391329,0.803031031836436,0.0268430272036407,0.737643489586368,-0.209379757028318,0.292721284161258,0.603754691166853,0.896650822623467,0.389861677985666,0.87138052299796,0.257310868491156,1,0.8848493445331,0.403901641116878,0.504273080258242,0.456881183485181,0.425878054620179,0.264253591991062,0.0260049115171543,0.632700480499559,0.412288756802273,0.200369407898061,0.0693949667972461,0.246752933422416,0.0835500572741993,-0.118546408703948,-0.344034896395488,-0.130254709376748,-0.0808687528578828,-0.174254653884616,0.288225108618799,-0.531389023832858,-0.163329704831557,0.492397746554765,0.312231087974408,0.0555538914269006,0.53488577629495,-0.0878522134388165,0.0602451342650693,0.126390893293079,0.389997134592964,0.106325347496016,0.338587588307969,0.228875303190096,0.228288513172187,0.252252693021271,0.443207170243057,-0.281778294116129,-0.206273150674669,-0.307639483039067,-0.0321452001838205,-0.169694222341432,0.143590668287887,0.129680149355649,0.171489978337154,0.375886350005567,0.122578110603893,-0.48908960075818,-0.189003615105535,-0.125592906834239,-0.0631149188931085,-0.0389705136169048,-0.24079751965749,0.220124614855163,0.316198328188357,-0.245020543464533,-0.462296797536508,-0.0709538317703831,-0.15770918516107,0.0102499852681264,0.0211877058931236,-0.217164871633786,-0.19202749591096,0.0978695546788953,0.117408309094431,0.0422147859316539,-0.0374195075691831,-0.528661696627792,-0.449656171659574,-0.54791898095638,-0.551687614832483,-0.577582904881065,0.152790456769378,-0.459404686005717,0.721605972681749,0.745339698735338,0.716170038232511,0.188805139536447,-0.0810082094911644,0.417877031256674,0.0471576989447791,0.758598656295568,0.520618400309029,0.272043056225314,0.488825227289021,0.543539594714298,0.260315341369292,0.466163571455907,0.534716528938508,0.465829336081431,-0.0118806950364141,0.317885168945169,0.102632761334379,0.615876007488778,0.573221538734822,0.339701327889427,0.130161836076584,0.203547577585132,0.180639669465719,0.0754891468258882,0.213155887681248,-0.0684469226541098,0.411230448910404,0.0730171353297917,-0.191027937424086,-0.103859515882563,-0.250443192550542,-0.212760605104865,0.415343891754072,-0.0668277109218031,0.0829155796016142,0.0722506941442584,0.680783905168081,0.288453783009714,0.315971163960701,0.135938938715668,0.478713677743165,0.372075745223124,0.431213240909309,0.287537064988154,0.10007593036192,0.494223345732575,0.119180499846735,-0.318526308295912,-0.365941572468147,0.0522941542458662,-0.340442279119746,-0.0872628249400405,-0.418141857087046,-0.16845848061901,-0.257813518298533,-0.345113011172667,-0.125100999876084,-0.556926247733495,-0.415775447146126,-0.285650037382425,-0.0153497015865246,-0.119167371527437,-0.541925296111406,-0.356779208360898,-0.375857762639807,-0.266593663399139,-0.334366956083634,-0.228211316358603,-0.395281125722437,0.215510109340348,-0.330121455416883,-0.232419871665685,-0.0949924377930002,-0.531654316173491,-0.387759327177692,-0.361704280591316,-0.670983825887587,-0.506604188652775,-0.50785562393381
0.302696943725792,0.844056685906184,0.235337381561419,0.747872289013116,-0.288386524786504,0.140821163205036,0.653905582952307,0.804656856319625,0.189699573941624,0.916674190213793,0.225213288559164,0.8848493445331,1,0.293069535051486,0.379241127408441,0.242493175166103,0.273068717004481,0.1716996511293,-0.174868295471137,0.467851984226009,0.221273249828795,0.0280159545672021,0.0168288718221699,0.0423786448929378,-0.131179989667752,0.0897428045446177,-0.196022687810949,0.0222070122025419,0.0371414913107607,-0.0740302301045643,0.322742279019735,-0.310329631592773,-0.0845084032588614,0.425088109182325,0.383159138011877,0.0840308059734953,0.307688490157832,0.0188854343794526,0.0922318133947712,0.0471823253026818,0.392449758432895,0.0561283427378571,0.332960560933829,0.17452239708492,0.179270076894592,0.229422802763358,0.323179761848879,-0.290422873640219,-0.147988770024185,-0.279115571012862,0.0230307631298374,-0.0729350899769083,0.136113761722977,0.122249293792364,0.0935333255944824,0.252625546976267,0.0751809010598283,-0.532213042037867,-0.0456895351422862,-0.118513056245324,-0.12409516725286,-0.0699761805410734,-0.27462084107175,0.23548376263989,0.30942458057034,-0.281790289179373,-0.504486906690956,-0.143909167897579,-0.20620056424491,0.0137109438328279,0.0039337742716928,-0.293381170382005,-0.236690664602798,-0.0271329328492255,0.079659102244028,0.0913359029428933,-0.0478556637259735,-0.58768312142574,-0.496313091655725,-0.438660465230673,-0.49765205198342,-0.55020498244434,0.221933269772294,-0.34416475679029,0.788514485647584,0.764149426358945,0.715613672082563,0.0338866932754565,-0.249974641178941,0.255853557875653,-0.146944375120675,0.744381877762404,0.473211048854964,0.480787945731724,0.321513816304892,0.438733370239675,0.154789686184435,0.279735659119815,0.380998541257762,0.30302869729483,-0.173321120637976,0.226839452940727,0.122794970606146,0.563143117356275,0.443364834939392,0.186645573785421,0.06147714327617,0.165089460634126,0.132127669609092,-0.0420726315830308,0.0347274796359351,0.0150718839419053,0.401063555135463,0.0731447761614945,-0.096312820450517,-0.0592288695959637,-0.0682135824159563,-0.0184952432606608,0.491706618858889,0.131509877841381,0.0467055676401408,0.0331126251215413,0.553751464566797,0.271335344201363,0.254712356517472,0.183686600108573,0.362494240871664,0.3615102618952,0.350575794035209,0.255802011170161,0.164080485160938,0.408826063223363,0.0844375179501342,-0.105630320294436,-0.336233658818794,0.0606608320004255,-0.202329987884225,0.0928158166944806,-0.39594714280503,-0.202523064147208,-0.056457911945044,-0.108422133293516,0.0383115798545204,-0.516500705471828,-0.269544529467799,-0.286185257224434,-0.016106442189163,-0.238608503390955,-0.503667955009634,-0.329751831365615,-0.309022974052127,-0.325842315272918,-0.226026104256222,-0.242609976484968,-0.238814530618474,0.0821723912825213,-0.281312943758194,-0.280655754460577,-0.164780858582263,-0.47013028001296,-0.373371588646927,-0.156818364597755,-0.673128825118351,-0.467344418609348,-0.383240321493741
