1,0.497931957691146,0.14907356149567,0.587095103196213,0.421036929535204,0.205283369358361,0.415612187517299,0.166720807206517,0.56668257226311,0.488107390961695,0.381441252083131,0.42306611825655,0.416696139170531,0.0049757759611841,0.0135765238306383,-0.126254827100761,0.119602264384582,-0.24201139171109,-0.0916955704912786,0.081895151349463,-0.14122445551609,-0.12136567988394,-0.325975844729029,-0.111426103372243,-0.238257476597914,0.28706121255592,0.309850261392468,0.381422340025074,-0.172449799470658,-0.320171064034827,0.146125862486439,0.0564636904490126,-0.344131375449954,0.33779783527912,-0.0342361328626517,0.201954364681913,0.036355857306227,-0.0396790212218844,0.031487677397931,-0.0530793396837818,-0.0138832331951985,-0.0618725083320563,0.103253255802958,0.0599874498720083,0.0455192217026152,-0.0460998616523576,0.101610818420927,-0.335151376228333,-0.357615695347298,-0.16504389608424,-0.105027764274291,0.0328733299928562,0.060229955958329,0.0145786414218275,0.142664221985061,0.105287465283476,0.139704222834671,-0.10333458530462,-0.106798147049733,-0.135734313158403,-0.314240391559235,-0.24166014966798,-0.243742582026821,-0.075026930556365,-0.385398667937346,-0.2459399200874,-0.354744242962673,-0.211167440517436,-0.142992865575881,0.0163603841218911,0.0752844712168256,-0.214695325733331,-0.0878987502288626,-0.197137983350474,-0.0090725512154832,-0.139298949558417,0.139217277933754,-0.132945222588354,-0.265205456038198,-0.152748853875418,-0.13892631323175,0.112924452326377,0.25406799184107,0.454135008777436,0.616083453962642,0.609652611949584,0.26199688709395,0.398106145018959,0.60165251865159,0.490169206547229,0.567691214861754,0.337396223688181,0.201486929464238,0.548750825689473,0.532216507423059,0.114305317577755,-0.138927889353207,-0.177558152125776,-0.0315576338087558,-0.045996467992929,-0.111973067528445,-0.123154066847801,-0.129813101308436,-0.152148244176051,0.0845473871317259,-0.0263389345628215,-0.0956315290252361,-0.489159001346669,-0.0955873180572174,-0.322981253435257,0.0248754783042618,-0.162698241616822,-0.202973588761353,0.169414017832567,0.250536770880114,-0.0249849847199427,-0.126090738809525,-0.340109613620015,0.263862406526516,0.295411414509492,0.408458502439703,0.0282187000604974,0.263250834093769,-0.000415524132135,0.329631606886466,0.140127894779562,0.295953265630811,-0.0197637669468617,0.245068536553564,0.0348767134585702,0.107737098923471,-0.0114804247757727,0.173180264139979,0.0900063378037052,-0.0061154254735664,-0.295512978689694,-0.212881532674277,-0.288733383788001,-0.0854033699708567,-0.0556759173333731,0.111278093195029,0.0618141498728202,-0.0441059480480005,-0.0155149199683279,-0.20518468484686,0.152230661272813,-0.144320453953644,-0.0712011627023535,-0.216698098110824,-0.115142670826474,0.230298209330905,-0.440485772142322,-0.425389464758636,-0.452648534640779,-0.390214235579516,-0.372050748534974,-0.457652596329051,-0.216355725861877,-0.0603188628433366,-0.292432039172913,-0.361974496451522,-0.141296943790985,-0.15446977195495,-0.202426719710876,-0.086616035804542,-0.249313584381958,-0.0138698984900651
0.497931957691146,1,0.423452306085684,0.661957653522268,0.240428473646878,0.633290217935036,0.323662817489839,0.678373813353199,0.61687352605974,0.747173576843453,0.251942598622036,0.62158405307595,0.610708387941443,0.0499663750861617,0.0324092003047991,-0.143502543818482,0.0652346813474356,-0.263273833349929,-0.093828382310784,0.215640762884588,-0.252208727450896,-0.0215222753296843,-0.0959545242759099,0.0278974640354657,-0.320888714606064,-0.06786702143315,0.205454188905201,-0.0026099381910379,-0.231115405307599,-0.360229001638321,-0.0524168786331771,-0.27987718595662,-0.0101951624877733,0.171674685115731,-0.406010930452134,0.285533019452949,0.261638231131107,0.194989825754287,0.230259258781435,0.0840452703042954,0.132775898152279,0.1290877819952,0.408111168730961,0.143104914046383,0.119377330846576,-0.259295738923072,0.269997380335659,-0.198083279757666,-0.373014080780315,-0.48133221929925,-0.387870482924211,-0.201831091175567,-0.137315889877595,-0.343863971723141,-0.0676636796052609,0.0225908015831201,-0.0078814399089183,-0.229617207453866,-0.259202556190197,-0.152704716313605,-0.328661311978543,-0.262180156947252,-0.085530187305335,0.119546905512744,-0.43894853234223,-0.136633831697044,-0.380165130102989,-0.0058811565147126,-0.135499206590123,0.13175298726453,0.217358518417399,-0.109076530678998,-0.0803121309179577,-0.130070015599943,-0.035417793067287,-0.258475658447187,0.118393607991157,-0.343551172401834,-0.374323041925181,-0.432041348945759,-0.456904290612834,-0.150249329456107,-0.0110223821182567,0.11487169740651,0.762409398723661,0.667838442273588,0.472684563651121,0.579544637093566,0.341775773085369,0.652222391587761,0.619335824829973,0.670614428922784,0.613855663758526,0.480503973754181,0.487099526753306,0.239329631211326,0.0328111327428207,-0.235575634087892,-0.0393944583312559,-0.062546606829176,-0.263496162358701,-0.125526123350613,-0.0019164453630663,-0.154583575469231,0.175966511810198,-0.12184356178481,-0.0199344973654903,-0.202963838336822,-0.0613460076975124,-0.168233737145158,0.217833482447779,-0.0671352335538921,-0.178006096508718,0.218011066233046,0.160719407382938,0.103334788107294,-0.0329293770884299,-0.0695406910409102,0.211226289680728,0.390335992805846,0.503958602987618,-0.0649391474574268,0.449010105976448,0.0671661885898884,0.282649904989969,0.392337845197193,0.512117983365938,0.0971761920956076,0.189656875831085,0.277986031985453,0.241523775815992,0.147773483949802,-0.0842590420457989,0.411673633982854,0.204989951235437,-0.188487277640106,-0.540271819834064,-0.058143366860421,-0.30051644435529,-0.374850382879054,0.0595334327085456,-0.200042496392098,0.156290779407622,-0.0585064521621063,-0.191361150709669,0.0239247135685687,-0.195878397163686,-0.112083194174847,-0.299111907694048,-0.176197820925971,-0.0581239962864028,-0.442548833776881,-0.512789299467254,-0.407791333657807,-0.486196160698618,-0.376439653508957,-0.243905109129774,0.0623146681433398,0.180523521477062,-0.101005498866526,-0.172949866045804,-0.159475221232757,-0.258933075755446,-0.316851289185788,-0.323827269189459,-0.465500013255371,-0.317615412979196
0.14907356149567,0.423452306085684,1,0.043777452864621,0.301740287319489,-0.0082035797401318,0.359571029780661,0.270075163287993,0.0257862241578232,0.381842553718967,0.162431270518334,0.313438127185422,0.335556858656166,0.104657863125691,0.28575059708334,0.342109027887003,0.271210180063457,0.376082659485488,0.326724187453337,0.3789056565707,0.21664325979189,0.435245210139954,0.36184871621509,0.505762370675447,0.253549483508372,0.123778687460727,0.10775310988799,0.139406783102617,0.198832777644803,0.393977214690376,0.262690727361497,-0.275007716265722,0.227223327825334,0.478660551304677,-0.1034195850366,0.39370394193134,0.369558286277496,0.148721560070065,-0.0319521904429314,-0.073863201861758,0.0564991855853368,0.269769783904372,0.168210478875832,0.0237424819807914,0.0115955327188585,-0.463250041785142,0.329683606159627,-0.495473423578265,-0.364254506942071,-0.421548312590925,-0.118667387967979,-0.200650825481248,-0.0343163488113245,-0.0658074050575661,-0.112314746790176,0.316077354361253,0.144803296959885,-0.420698930826892,-0.456802272960265,-0.502418287278195,-0.301240378051103,0.117214131777686,0.119301976337666,0.480379232637,-0.202523927513456,-0.156693550219867,-0.375436987556134,0.0931591111447185,0.018678579447813,0.130792005700583,0.119018289327961,-0.113467599846073,-0.0409837163422003,-0.265221511659784,-0.118994566411869,0.0317021478183994,0.0594296038962799,-0.197817231077739,-0.368162107538974,-0.522003355451829,-0.491373101193863,-0.0365953075940344,0.0794374270700856,0.307394869546442,0.284017682159285,0.356372339663495,0.503256527803973,-0.203774968485627,0.445014791190965,-0.0278155161025217,0.26044725495698,0.232321649037485,0.1693946926385,0.185688560931961,0.346513979774983,0.268398195812239,0.424980144085459,0.245667139681502,0.560697952596305,-0.0421768007927984,0.293166311734236,0.269709885475845,-0.252133884801902,0.49787763313232,0.301545324719757,0.29204367673092,0.449143063492551,0.328910016127472,0.433023189117154,0.523139736138796,0.503370339807743,0.438253354918307,0.391108891672794,0.514080032754586,0.375085880109003,0.254664358722377,-0.0936043854202621,0.369181685000161,0.244441263914311,0.303075918363913,0.430155020176173,0.169072901339122,0.0940592857982842,0.285852101474776,0.327799522556708,0.13514513233153,0.162129189244326,0.0278036521364285,0.0821905188614915,-0.0178865908163957,0.0089640121586318,-0.125987059989335,-0.333466585900404,0.0454050746148456,-0.236959844727814,-0.414156450730532,-0.268500308426032,-0.078921629006257,-0.17173741897193,-0.151744881607786,-0.239831718365162,-0.0988812645469443,-0.121197081709429,-0.108850198326607,-0.273675021087031,0.0066635888055872,-0.478672937371229,-0.453021490644064,-0.41313398232893,-0.434211232631747,-0.0829539560935143,-0.356697696648712,-0.386145096296074,-0.234403663593882,-0.287129251234162,0.111600758783335,-0.340896482795231,0.293935598355858,-0.0996622464243947,-0.233912701524723,-0.181778144048313,-0.15841997769307,0.0333316173823842,-0.0762819636785707,-0.119813665238285,-0.368358416828387,-0.383549907448958
0.587095103196213,0.661957653522268,0.043777452864621,1,0.355275284232324,0.423552471587473,0.264574205584809,0.393240112240403,0.822934575021809,0.480050360173787,0.524039483526211,0.49490035484468,0.492306157265352,0.127594550671678,0.0803742307319108,-0.192078982096495,0.073337025686139,-0.406695093283495,-0.2071483651483,0.166281453911656,-0.254262182557665,-0.148414957100752,-0.231622608690014,-0.0771943200944489,-0.309417362379652,-0.103869745807442,0.0068147917151108,0.0938661315439323,-0.311691485519782,-0.426188430824886,-0.0577891666613591,-0.063246079467139,-0.159926408560828,0.175792717001074,-0.275772746420102,0.0075469039556721,0.0797805495106219,0.0942414752475785,0.0861416372915882,0.194314106601011,0.196097840552171,0.151454669381624,0.26769904937902,0.0737169253711065,0.259630187056239,0.0303330785034692,0.228343391028777,0.119385833618005,-0.425958002967075,-0.311782231767216,-0.326744722000446,-0.266756293778042,-0.369303155094105,-0.374116190439495,-0.234658951213222,-0.110826082076638,-0.111760659307302,-0.0210313739240372,-0.0567564710502323,0.0793609350838974,-0.221447953433622,-0.301483449560171,-0.223934204744611,-0.123086479913362,-0.355993534540623,-0.203135579230107,-0.319047139317698,-0.127847388982218,-0.164011790189977,-0.0499710743998759,-0.0007483513797515,-0.123060989035705,-0.078764471819717,-0.092378584036807,-0.231533713956184,-0.184101302757345,0.0307035286469472,-0.180188686042181,-0.288008369849825,-0.237445929977122,-0.160748840578565,0.0054194396037223,0.0394075496994557,0.238508996029405,0.769513636354631,0.803978665634865,0.341660917529665,0.66900700163439,0.587427381344912,0.832885102949189,0.798335730590108,0.440145377872634,0.28775299373689,0.770183966156921,0.396906923071847,0.222205739816264,-0.098022893350985,-0.202911190759168,-0.224975682445892,0.161898112239743,-0.252284685085053,-0.219046059866771,0.145982624120296,-0.182507694395516,0.21272936882982,-0.153615691193187,-0.132007624304294,-0.466948765517006,-0.119295810224901,-0.319974133759331,-0.0275447876792101,-0.183871751088938,-0.291054284936309,0.134369981360206,0.116256843731722,0.124231347589253,0.0055365761438959,-0.355612130431397,0.157837948729822,0.28540293841619,0.374611138133245,-0.104098975536193,0.268869130193113,-0.0895142500402827,0.105534008039569,0.246769073972685,0.298628879081794,-0.0178172194632912,0.147994902997057,0.367424465920059,0.3187938835234,0.309733381444613,0.0959993808585686,0.343685619415751,0.167395004041318,-0.103089763246149,-0.32500106206127,0.0511781699467622,-0.422541437386472,-0.2366320191051,0.0812822975489732,-0.19994485968066,0.178582715094637,-0.0185005975685694,-0.245370455786871,0.277784388542812,0.0442417910930804,0.175369862405211,-0.0714871564001521,-0.206844419784815,-0.0041023065008519,-0.347132301169887,-0.350910211129604,-0.387629552938492,-0.295963966114169,-0.41555333707877,-0.194107313431452,-0.210723535649808,0.059230694240904,0.0244106752367186,0.0287401801723229,-0.101605725753492,-0.164216274749627,-0.182633849424029,-0.123982422169058,-0.24607589376614,-0.0083084618241027
0.421036929535204,0.240428473646878,0.301740287319489,0.355275284232324,1,-0.0892751667130187,0.401071385183549,-0.0396612431841969,0.310155647830071,0.239790134779937,0.309144082617513,0.174469419691097,0.122810792766657,-0.0606045795603599,0.193244212657638,0.119014850620127,0.0501489056211815,0.0298016065054262,0.173262975158156,0.309774672704776,0.371421295874489,0.360889042416239,-0.132190627209,0.308010817822733,0.27468651327045,0.090130097328979,-0.137221668055034,0.377127452661412,-0.206355396152561,0.112123165777407,-0.0371280620876067,0.0829199683762002,-0.26434915974826,0.26015714371639,0.106743561992389,-0.182759714767723,-0.0882633753186173,-0.322553993496972,-0.520375097699686,-0.312618990067469,-0.23730275606118,-0.0682998445492968,-0.35462242638698,-0.315867379109658,-0.19308245873985,0.196943537505819,0.0666268404537389,-0.0521129689725171,-0.531185166019864,-0.195130237112352,-0.29708708039397,-0.248619178580987,-0.354324096334516,0.107348548849883,-0.361962796034802,-0.185990569869771,-0.272286770674972,-0.264743137333721,-0.165720793580795,-0.121528381681138,-0.0932019135874225,-0.0913625421059376,-0.393309794092436,-0.215410386780586,-0.190335076252841,-0.403901473115881,0.0712193839708053,-0.204451785339408,0.455725411444191,-0.339224977537763,-0.389585839148159,0.359145394114017,0.468435932900197,0.0008325872121045,-0.358920031216178,0.538623083758514,-0.0823598736201337,0.514890248660912,0.135993754874845,0.127605227239006,-0.0505310294669024,0.619928197167801,0.195122651199054,0.689897766491653,0.390779219453857,0.392496402622998,0.246451291345686,0.217513556609532,0.703854248209343,0.291680064804001,0.535434883530745,0.129917514356435,-0.0641235934228125,0.468187658051074,0.333322023096369,0.264802703198804,0.134067938394078,0.0703542601392801,0.233956720612614,-0.195070955479895,0.0975177492113853,0.0677077210993607,-0.0146264551867036,0.212985324337779,0.330908497514955,0.392580346299737,0.400379338292445,-0.0118513802644345,0.477501958940254,0.22767896015871,0.274927052446384,0.224353712989972,0.306462398086326,0.176122389184324,0.219342531666165,-0.282188577272296,-0.521889420075857,-0.236099403987417,-0.0295755698281715,0.121137301347122,0.173133820690263,-0.0863011242139075,-0.347114406438345,-0.0759236702498092,0.0520479824271277,-0.429202559467945,-0.298726641971196,-0.257877165452274,-0.0004364230865303,-0.327200376069432,-0.263105608118189,-0.294469668538442,0.154185014367081,-0.385791803368717,-0.486060792010764,-0.482284627946325,-0.082477171352388,-0.198423567043882,-0.201034682996518,-0.0956174289280175,-0.41351801338997,-0.27837192437582,-0.36168637047988,-0.435113914224547,-0.398184181460388,0.214276790641391,-0.123511171474405,-0.119713412426763,-0.201504155032259,-0.543059320303187,0.362595102717795,-0.131381011901543,0.0715886102868281,-0.11535556896187,0.175104901435336,-0.101086603152254,-0.317897885485041,-0.187504767433463,-0.448571531909295,0.199029782030174,0.0297300434668833,0.364855131793016,0.375611764839435,0.331948278030277,0.5671688131635,0.162916561996327,-0.0846770159301463
0.205283369358361,0.633290217935036,-0.0082035797401318,0.423552471587473,-0.0892751667130187,1,0.184922641422217,0.825353266595412,0.646391851266614,0.617825014015372,0.0646596327654912,0.719216005534925,0.621838172721848,-0.18856548135759,-0.333555453460432,-0.487969845157978,-0.223724701560296,-0.510546206364526,-0.28302922451436,-0.0524563417022471,-0.419931922201605,-0.0899829255960257,-0.153041987480786,-0.149423126887143,-0.3548650418534,-0.180330918069679,0.0419398924387847,-0.0045774779217817,-0.300817081046509,-0.482456186778955,-0.21233788011122,-0.0582027163896508,0.0961418548051774,-0.0408338275068878,-0.184243518410061,0.145614400989727,-0.139764972578897,0.0053870198011667,0.223192648150188,-0.100249852329246,-0.0309406796184808,-0.137646767848747,0.226502094649584,0.207343464985512,-0.0519139211496588,-0.167503143489511,0.0630947302928542,-0.0849885328718293,-0.162624717799109,-0.311069148382601,-0.123365993778233,-0.126447434999487,-0.070694437350454,-0.341298401493747,0.0912896504330712,-0.232121610543791,0.0243350580635103,-0.172450174066386,-0.173081883738773,0.0369170739036762,-0.495117432738808,-0.597220323767434,-0.374910602904387,-0.233142665317167,-0.483449446373573,-0.203870843784465,-0.284242138516154,-0.284824778211024,-0.195693899282885,-0.11746593731172,0.0228866656607989,-0.203941625841959,-0.152055332900065,-0.166301580895207,-0.0638766407087507,-0.296683776835408,-0.0583074535854744,-0.379389038035175,-0.333543249946645,-0.25864348584655,-0.284502349805061,-0.265222920236894,-0.0225302901936398,-0.119813929099996,0.45799644051014,0.308761553006998,0.39834478256448,0.767963004238915,-0.0674175408371455,0.647262561946658,0.291783145594765,0.679245228772149,0.781498329706106,0.207748385073646,0.324709198757332,-0.0672365883298576,-0.358253843508172,-0.420734698452148,-0.488286113689536,-0.116437021519162,-0.504644358660922,-0.185928811256255,-0.0294552027571369,-0.386210609059016,-0.0027046132957481,-0.295500045144281,-0.208778249223565,-0.240357878734048,-0.249660855956324,-0.338153655647814,0.0297641321498262,-0.0513725112741065,-0.283814171509469,0.0001423401202835,0.028955648476645,-0.0227825357695659,0.112090890065011,-0.123560733852396,0.0584330926052209,0.231796386776569,0.257942669231197,0.0301002268611519,0.387558894977279,-0.162777995423741,-0.0236004163348226,0.269270503322547,0.454037660001777,-0.0606123539430462,-0.0703597928861045,0.240106751916752,0.0945795807458933,0.135506970582074,0.134269238949937,0.405472046287673,0.366939849538015,0.215144619828017,-0.261695834245754,-0.184448952463342,-0.0349837933669536,-0.207353513707353,0.379350976383839,-0.0643164793907064,0.339063134305258,0.10577598004398,0.16957580787893,-0.149942686562532,-0.118177300796299,-0.0055982287677251,-0.0557233136093143,0.187983453499132,0.0675937392654971,-0.310505495723509,-0.248728131342657,-0.433847193189568,-0.285686397015766,-0.609655611761191,-0.08774431131733,-0.267002035907003,0.121480464398068,-0.100206437639958,-0.217109682122577,-0.136857123256463,-0.158666305566116,-0.189259857469705,-0.376801984501033,-0.345756789375303,-0.127097000319187
0.415612187517299,0.323662817489839,0.359571029780661,0.264574205584809,0.401071385183549,0.184922641422217,1,0.364688886664565,0.352938974108723,0.670979272408955,0.332171557854867,0.476627227498334,0.580449869033998,-0.445414375816745,-0.300148812009881,-0.165313812094808,-0.277978181216701,-0.256228454677595,-0.0916821751238094,-0.0649543788362749,-0.289960791119134,0.0847099480210648,-0.123716023604848,0.0101166887662677,-0.140629233360023,0.164201789027333,0.436346575348188,0.5328605437947,-0.343938227933478,-0.15759651576716,0.272148251202524,0.213558265135002,-0.125542001405405,0.374531669499029,0.251102558784928,-0.118396203506562,-0.30864736151041,-0.448687691955962,-0.159161590222293,-0.409764270067533,-0.238224138937143,-0.278833535845487,-0.311392240075328,-0.0624357595744957,-0.352965163180313,0.0799704043085812,-0.179118249435213,-0.136901204077851,-0.25100163553553,0.121341869691176,-0.069128013402547,-0.281170455876961,-0.174010376540232,-0.117903417562929,0.0500545965755661,0.0193183901624539,0.0994740643622421,0.164423380387188,0.0228878386503933,-0.290219312075859,-0.197827870890039,-0.232529394184868,-0.285097170308229,-0.086071144115313,-0.0063632962435659,-0.180333119829792,-0.167919316687456,-0.460835679426077,-0.0509068236139799,-0.239336122169851,-0.232755319088652,-0.159249205917047,-0.0674959660204806,-0.427269923711809,-0.263676170483817,0.115234914254029,-0.129508093548701,0.114994481399585,-0.0935782506074044,0.0092399000543057,0.128924512686047,0.331577514871446,0.233466905357446,0.538194518212992,0.225316413560773,0.346948330689591,0.52838756489171,0.108894900440583,0.514635601738167,0.304841200699927,0.317340123349823,0.524914384646378,0.351598448376385,0.435810701664316,0.545755211576129,-0.0547827646069954,-0.272289253770274,-0.245428856377969,-0.0901623044874696,-0.403499255851742,-0.274078000994895,-0.154370011443797,-0.28790958705524,-0.0063335148954935,-0.0585846239103447,-0.295437660627955,0.0884482949537746,0.02803075419783,0.0537721204381865,0.0202856503296099,0.0921105580601611,0.0807766884336443,-0.170459034421361,0.202999120544693,0.721327455213372,-0.383851855807768,-0.20791614575177,-0.208152070106506,0.271120615480698,0.372276562860486,0.225963233837691,0.194003884924329,-0.266265630687679,0.366074493709567,0.0499294822689544,-0.256505995113601,-0.0379450954478531,-0.258210952162088,-0.261472854023506,-0.238975158969421,-0.411559887326012,-0.350925461762763,0.342632434914933,-0.182830342526997,-0.0644030013561779,-0.0752520361978941,0.160044904739578,-0.484949872633752,-0.112113334963895,0.0356245559322901,0.0337936142587143,0.124446811505539,-0.218780186504689,0.0451219057703056,-0.0813224449852126,0.456531640347471,-0.0023928824564245,-0.297564759038547,-0.340935930141782,-0.285903510696661,0.590169899249255,-0.0568699075541801,-0.190762702140274,-0.133775591802123,-0.0344923395258715,-0.229781408738918,-0.217418725470607,-0.191864400938138,-0.343793785169146,-0.127554239559539,-0.295180107235397,-0.0339072585538707,0.181009476255939,0.215304712373666,0.222840512328833,0.10424632177615,0.298283989404044
0.166720807206517,0.678373813353199,0.270075163287993,0.393240112240403,-0.0396612431841969,0.825353266595412,0.364688886664565,1,0.546799738770162,0.820299917961071,0.217841481145165,0.81857836711531,0.828612737909082,-0.201148609012531,-0.301877478840779,-0.496510964374575,-0.342524780669905,-0.509969043473454,-0.300325541034098,-0.0163400041714848,-0.444052194184992,0.0020997744305396,-0.0354505578240336,-0.0142906252986025,-0.285083790003358,-0.297139703824154,0.146833251748616,-0.0174515755054921,-0.358477004484203,-0.404098789101776,-0.150441055880335,-0.0135007888808052,0.233307070327264,0.0951687983600088,-0.153787268130423,0.116796263094875,0.0413667829422845,-0.094094193732877,0.22454117670643,-0.120053544463246,-0.0530942308986264,-0.160252440458919,0.240198001317105,0.328123530927564,-0.155318715503967,-0.28491474679224,0.12006886906499,-0.0927615916046637,-0.254098172692089,-0.391925145377868,-0.204627038179514,-0.338582326511733,-0.193758694544595,-0.450321420359692,-0.045887884778043,-0.0926995237534575,-0.0282026311232613,-0.180258817993058,-0.325096990293788,-0.250612494266065,-0.489750137082557,-0.45944114506916,-0.226801301190014,0.0427187517398005,-0.479810013479433,-0.210104391046561,-0.48465866358238,-0.338152508484894,-0.28567496872901,-0.0934295056307234,0.0332163078984166,-0.265042781540501,-0.224994453900986,-0.355209309987569,-0.204858547478893,-0.26457364717434,0.0111550850158939,-0.477880860820655,-0.470886649836185,-0.463804460734005,-0.363744479714341,-0.374676000693863,-0.131000255746534,-0.0882957062809288,0.506370349982227,0.481166316931176,0.613044005948842,0.582636782057673,0.0834303368148565,0.552440324784299,0.280244062316912,0.793015494312585,0.841338336640895,0.270328725515346,0.47673192532605,-0.0324049659518716,-0.201246111763078,-0.476801380498192,-0.379863285355533,-0.265961217151782,-0.548773448140178,-0.273323285334353,-0.063579061858079,-0.198265508099014,-0.0291817415205295,-0.323620592174826,0.0026905816633549,-0.0541159762814748,-0.113054269878174,-0.097804723745643,0.168915093462987,0.189455579705035,-0.166997600748983,0.16130595948295,0.29643174737063,-0.0885245386643239,0.108656914021496,0.0121158515915498,0.14510257490653,0.415823382404517,0.419018953991665,0.117083995736224,0.355959578230865,0.142927727454761,0.1338203445351,0.208010461955988,0.508618503436565,-0.107052207189348,-0.154025721430531,0.201331385286264,0.0063206994127578,0.0481910264537906,0.0335213580629028,0.453853628318217,0.313334677243119,0.139637413668417,-0.305468157538616,-0.239158420015534,-0.205792549003424,-0.232477217629954,0.287821386089412,-0.12214979529949,0.296878009167275,0.178018430764636,0.0962609553224372,-0.0279088996327777,-0.234571676078289,-0.199516203659664,-0.291277915434799,-0.0036771798556559,0.0028195264488355,-0.334238342610401,-0.462235242829382,-0.375489911362773,-0.4109464337604,-0.423059052250906,-0.086182288021555,0.0098373744601232,0.134539821610463,-0.103288593083406,-0.203747997576774,-0.228160854898446,-0.0856558883530659,-0.171955116921583,-0.415055136055798,-0.43737320361372,-0.0869392576038148
0.56668257226311,0.61687352605974,0.0257862241578232,0.822934575021809,0.310155647830071,0.646391851266614,0.352938974108723,0.546799738770162,1,0.59390594717933,0.571553883890816,0.685060322517623,0.656567298663202,-0.0650183936769482,-0.146849235115236,-0.338494218354613,-0.0499911116331467,-0.457394135095015,-0.206839316708791,0.195153941598893,-0.294476056015529,-0.095644329672802,-0.0906774215502613,0.0410936548824545,-0.272871475308733,-0.15402206513696,0.0083199081804997,0.178617270763241,-0.237337364208495,-0.40568651055942,-0.009337988473274,0.018687859414574,0.0383475045132571,0.261190256613126,-0.0528182034299646,0.0990321768529645,-0.0247902069177094,0.0187815231996837,0.118846295137214,0.0399454628492494,0.168296410973549,-0.005400694041191,0.251447339135699,0.128238845109572,0.224051673904482,0.0775258117281994,0.330626601786136,-0.0650747132546788,-0.296709161149939,-0.224048674839019,-0.143299048013769,-0.326443162554718,-0.272004180620833,-0.335515404928401,-0.096768474325866,-0.11484428383129,0.0507349877804575,-0.0870894684261009,-0.164844163708441,0.0911384939741146,-0.407998731783621,-0.510797717823935,-0.339709006378256,-0.184921865053505,-0.409697458576015,-0.227728273897318,-0.374810893835245,-0.236059553850813,-0.273218601583748,-0.107940371276301,0.0080532484843572,-0.267816197058268,-0.194950518710339,-0.162755099931095,-0.190176757877675,-0.238233346481582,0.0660216430885476,-0.262574891313583,-0.38675257835883,-0.25774810710376,-0.20136803320874,-0.0863851888369869,-0.0428143067672993,0.197967244056584,0.68750991909954,0.727281823915539,0.455626395346092,0.746782647374723,0.472833110562327,0.908537377744428,0.775445558243752,0.521240653631065,0.422993688193173,0.666680927599163,0.40142191855567,0.0407776628771296,-0.270302368072468,-0.358500308161341,-0.371579847691848,-0.0100778497484208,-0.363478984883232,-0.192975315574727,0.0091712736954931,-0.257485444242682,0.138146402168273,-0.20157172402051,-0.181884655468871,-0.369083770807497,-0.177557111101995,-0.315001480348728,0.0452374031165782,-0.125626642228974,-0.277277347841877,0.0814490156263386,0.179852889019019,0.0229830853156651,0.0208517987539713,-0.358213305632023,0.131859181992257,0.301684058344396,0.352175359639634,-0.0355121690340459,0.268222454270545,-0.0780529657014274,0.0802075751332034,0.133820401377399,0.33237605542431,-0.147928123534624,-0.0190654101031748,0.337977986614806,0.192419722315352,0.286021314435573,0.138949985959216,0.348916167622058,0.153724498975247,0.0389524913493437,-0.258518502197732,-0.0531325097450766,-0.288080213560482,-0.182665235364273,0.238278925535702,-0.0264164441930158,0.186457893390176,0.0651919992918378,-0.0833872330893849,0.128670729170926,-0.0930916525544945,0.134420625994807,0.0195501325837636,-0.0684697849889397,0.0280522167110677,-0.369813235951649,-0.343826650852074,-0.487120796592258,-0.344240190678022,-0.529525138262473,-0.185490198981073,-0.288985128554714,0.046394149508684,-0.0894140436539488,-0.130871552433948,-0.203990186843228,-0.239362937432781,-0.246908272165201,-0.215203881024971,-0.334241116416649,-0.0559027212699396
0.488107390961695,0.747173576843453,0.381842553718967,0.480050360173787,0.239790134779937,0.617825014015372,0.670979272408955,0.820299917961071,0.59390594717933,1,0.332744049391495,0.810137320656731,0.883132535900546,-0.272091541671553,-0.24386797785711,-0.313944938422618,-0.246421698292443,-0.39719550508222,-0.133624807489625,0.017595321212138,-0.358919362394746,0.0042767967092611,-0.108650971466736,-0.0047742120108666,-0.263718706930522,-0.143560288171839,0.375266247157309,0.256463321547475,-0.367564815764876,-0.329379025531612,0.0640476296278097,0.0866614677331846,0.0576034830498851,0.27011578100639,-0.0451575518093673,0.0831624954989533,0.023438851327589,-0.235419635905891,0.0657663578316592,-0.228009182794514,-0.151968085596377,-0.161876924021215,0.079625013949617,0.268114293975759,-0.210194819910958,-0.107790999870794,0.0791040486636056,-0.223703032996291,-0.268388500466092,-0.23193597762597,-0.120773841505551,-0.38429210430823,-0.164917791397477,-0.280734654083317,-0.0291384521807345,-0.000943151764158,0.0434810751082535,-0.105935776281904,-0.287424420388296,-0.374117980388441,-0.463440678127488,-0.453401434732963,-0.260278561414177,0.0327114146729724,-0.421408312513148,-0.184266078558451,-0.492826156716822,-0.395670018821704,-0.304823784719677,-0.126881242672441,0.012422477815099,-0.243614575279321,-0.217613322759235,-0.38600776272198,-0.195229231462766,-0.208992026934811,0.113474222639629,-0.301118449323314,-0.430546505188189,-0.358927008828316,-0.268726518994315,-0.139144753201354,-0.100316667935473,0.1871398496037,0.626763186241534,0.62398894865385,0.721586375944265,0.491863816336514,0.339241075245411,0.605632743518404,0.446710883901367,0.840685581331938,0.755276777816392,0.426480808970403,0.679976215526901,0.0808319107276403,-0.133892965375106,-0.438154844384813,-0.196198123223222,-0.402136458591771,-0.441957677377186,-0.204167052404732,-0.204569123710585,-0.169086554977258,-0.0619524951556326,-0.303611766059318,0.0212139507029027,-0.103556696196274,-0.0840692431107613,-0.0841454599865714,0.184306362613169,0.102063589281785,-0.199595403949083,0.229967143008908,0.512265338392195,-0.256930719774807,-0.0436021025987728,-0.124914080460462,0.25495500791396,0.503121623947109,0.44418511141153,0.115363036490044,0.190016209228774,0.259964451283129,0.257518653447067,0.0121844666845138,0.365036893972611,-0.177812194547175,-0.113783887063847,0.0023261650775256,-0.180610195631152,-0.132970516179946,0.126977735688349,0.230106384142549,0.0862092942880685,-0.0053644638621949,-0.20060477612553,-0.372555049747704,-0.196208712749125,-0.137570419091118,0.211208308595266,0.0085202085971328,0.0675301236259019,0.151174041267855,-0.0065593731718664,0.14499345873898,-0.240253205705342,-0.266668750492402,-0.373261100671766,-0.103900652638161,0.205071574426159,-0.368730437788016,-0.476479568655048,-0.436894951739734,-0.411687966338183,-0.390977517595918,-0.23097671524594,-0.0135474568778816,-0.0184173705548442,-0.170546971506465,-0.329130098474618,-0.205567274680331,-0.0877398428553551,-0.148253630465833,-0.24308302062251,-0.35107641509824,0.0106616737236691
0.381441252083131,0.251942598622036,0.162431270518334,0.524039483526211,0.309144082617513,0.0646596327654912,0.332171557854867,0.217841481145165,0.571553883890816,0.332744049391495,1,0.406921019535923,0.39091239400898,0.0247393766729579,0.0437047155440605,-0.0857539644262324,0.0309695842908062,-0.140155572312183,-0.0366132707329264,0.229275135160167,-0.033148927382653,0.097476238004445,-0.0099779858035358,0.276274230258625,0.103681159050116,-0.208240999464351,-0.219284589879944,0.184598503789904,-0.228288298693121,-0.105502722892949,0.0825233263433315,0.290183381613425,0.104080784449519,0.370616099733372,0.208242665394454,-0.157610017445598,0.0334775405938266,-0.116133427997733,-0.228550732588564,-0.0308751841814849,0.103482730945303,0.0776870056615359,-0.0017655265596802,0.049909237572907,0.135376914669387,0.145649751896378,0.356203237915958,-0.0632072888385238,-0.300526272689694,-0.111537575912573,-0.180865629918892,-0.526008522474288,-0.469332885573287,0.0062962990740006,-0.393646774519442,-0.0517538190148574,-0.129256179781395,0.0033932701961204,-0.191257210242282,-0.18308199637768,-0.194261518415516,-0.208291213303699,-0.163182475543292,0.0239712100563492,-0.112289162890033,-0.197485369438409,-0.267335787673439,-0.330753217144904,-0.288349596586377,-0.240958169797853,-0.193989820203403,-0.222240502402602,-0.1287734548162,-0.252341749539026,-0.391032849703089,0.053272022805658,0.160757613978004,-0.0548319540079526,-0.270422878286905,-0.206204605627298,0.07248575778419,-0.0256536767673166,-0.0593946423003755,0.316009689093023,0.469797162963488,0.598593270663506,0.41849211341992,0.242858619017019,0.561246456576022,0.375368350054267,0.59397781820482,0.222662891790015,-0.0251721009633342,0.617545227604642,0.278525278767427,0.0833537061317778,-0.0327039735423767,-0.0827632329516312,-0.0490938513160789,-0.0206799450407771,-0.107957623531576,-0.0557305047606883,-0.125841013259627,0.0589430650283347,0.158384725263302,-0.0117461880570265,0.0913621501099698,-0.0841934640692456,0.125078940367107,-0.0026139526976421,0.0615433125185249,0.170257131099681,0.0896684336437344,0.133945007062544,0.368447484854751,-0.0257512587939017,-0.0674094244647934,-0.231352420823914,0.126929163203322,0.224878504351142,0.247962296081554,0.158515527845344,-0.0511138874392956,0.109554905122539,-0.0068162020259327,-0.119335892304646,-0.0369932156401178,-0.365015576901126,-0.0801941399521164,0.0903737537494913,0.0095877022694644,0.0589648310489089,0.12083386504878,0.0485801699554301,-0.209973828171943,-0.115181339486704,0.006661858828567,-0.138918097470332,-0.289045534399889,0.161522530701193,0.0051195190443158,-0.0758565852634768,0.115454585656697,0.0648213639100498,-0.113539298157479,0.248486416869686,-0.131437308109975,-0.100196135809156,-0.0614797195695751,-0.208053367060524,0.0761931135390386,-0.233094256450405,-0.174925421562532,-0.237519300149937,-0.155087198826614,-0.13586233176681,-0.157236106820499,-0.167945416094519,-0.246818366545516,-0.0828617532073483,-0.101256437252493,-0.0887768935959958,0.15971355971788,0.134806978123667,0.0299948728356753,-0.144224085118041,0.146115836888372
0.42306611825655,0.62158405307595,0.313438127185422,0.49490035484468,0.174469419691097,0.719216005534925,0.476627227498334,0.81857836711531,0.685060322517623,0.810137320656731,0.406921019535923,1,0.886541412422239,-0.259475981021474,-0.338873348458239,-0.433139099048842,-0.265582807835483,-0.418735267459421,-0.154540322331326,-0.0156989945379755,-0.278471160594385,0.0505526435731415,0.0366954952318348,0.126290313775588,-0.133904025594545,-0.0773117418057106,0.229100454244447,0.291110964484452,-0.27996662679214,-0.299648337920684,0.0416012355011981,0.170245660159891,0.269395759463765,0.311255678817435,0.0487344169791723,0.178914620937751,-0.0043891276234145,-0.142655487347997,0.129839649307154,-0.237847043416424,-0.185386602158923,-0.169952560435073,0.132166074373645,0.270150873942302,-0.20779053412614,-0.24400166497266,0.167474149147307,-0.300698518184992,-0.290739473771288,-0.313093332593432,-0.0277981250145834,-0.388299619502304,-0.170060169425064,-0.272341948613581,-0.0451315547008669,0.0021328801345028,0.111958404161677,-0.247617259683646,-0.450536229717416,-0.30990123955049,-0.620399603023206,-0.527032195630577,-0.308542827183323,0.0567430033441132,-0.492095276509086,-0.227800915944255,-0.556519776386926,-0.453189472181123,-0.378854621614093,-0.168224923297683,-0.0256331519255538,-0.441319076060088,-0.27738656876736,-0.52556965949466,-0.175921032168731,-0.222327038532654,0.115927777536159,-0.438440463788064,-0.56932980133561,-0.482465561443302,-0.322592180812318,-0.229787544435469,-0.142723931642447,0.105371234935686,0.524899335999344,0.530835209962259,0.648043201968675,0.52469476800632,0.31751948626609,0.587760093937199,0.389539109235203,0.736225614458718,0.773541751699708,0.463000408648619,0.605432599342571,-0.047280312741951,-0.226793560105988,-0.455419006215103,-0.320094797368573,-0.31131637390222,-0.460888311987987,-0.169903133446537,-0.244173460997714,-0.169318778929348,-0.0565243767518994,-0.232149372334628,0.0222685676518613,-0.0495655674605206,-0.0470454934800619,-0.049946489426602,0.226690996310285,0.234410827823749,-0.0785892981744181,0.198184022230005,0.395756450154637,-0.0734703642910952,0.0468805250478852,-0.0216165045451559,0.233895244379818,0.510699852468705,0.448459485824192,0.251481779138151,0.288782427829212,0.12796801294734,0.210889063946516,0.107570882018401,0.409629791355772,-0.259440028151307,-0.142146056938431,0.0589896633482431,-0.0798278350095967,-0.0578719644450758,0.0659461864506699,0.321173342903188,0.12424106200834,0.0456883749855156,-0.161102186927954,-0.325493153891428,-0.0419029058187077,-0.0206991470216721,0.343452779198294,0.0461533996968486,0.31599071548266,0.200243120343384,0.147671835413239,-0.008779058793443,-0.377736612019665,-0.306647760836063,-0.300266400056173,0.0187297994973967,0.133192819020386,-0.450868384549714,-0.467729860444119,-0.560561377905862,-0.466516158173345,-0.44726239903686,-0.30335287201482,-0.124969350696004,-0.0059980495078178,-0.328241607245634,-0.422738375108676,-0.253797289501021,-0.0286123550612167,-0.133000843371715,-0.387359009980672,-0.502878697820212,-0.0353211003138976
