1,0.392782286645666,0.225096622790309,0.405574250977835,0.241591342826658,-0.0782382133573504,0.289486663652024,0.0942144865884293,0.293637779724417,0.241752802290215,0.609785595277402,0.288645195732646,0.454428264032921,0.0465380375574815,0.161634670709384,0.244032038176827,0.139623415363984,0.119443382301566,0.163525065877335,-0.035665604016502,0.0951271914768068,0.0801995133117784,0.107251914450251,0.0223338340261416,0.084790423051696,0.129301770627545,-0.0042189869300154,0.183615315253187,-0.111529846750696,0.0264343729844728,0.242950347145285,0.277852884408277,0.0766689312048286,-0.0620488652265153,-0.17281002825383,-0.213426403300117,-0.1150699476896,-0.0069503208712681,-0.271053147875979,0.177421124213816,-0.0233759629467984,0.0993345478321056,-0.0881304828986949,-0.213128401556771,0.0520244734896276,0.219028812481347,-0.0873738426446258,0.0377188542765916,-0.190583487149415,0.183120880818893,-0.143219977884798,-0.0451304483881274,-0.15427610200726,-0.203776793412175,-0.206950225212285,-0.392088432252613,-0.279104375882423,0.578789684933175,0.314138803069589,-0.0054080445818488,0.266240100751323,0.160946286660093,0.0697143905473052,0.224350136446207,0.140773547573876,-0.184960413306166,0.119182010459556,0.153174426287703,0.166055721622827,-0.0825767893452925,-0.350145768205485,0.0866912893838322,0.111075321677488,0.0806282220304185,-0.171084986734607,-0.243896694934461,-0.179053661134566,0.330045427926664,0.247553472761833,0.154540197431752,0.211311621611449,0.404528233847727,0.311846500498329,0.56182655025421,0.360091099625759,0.52820683549907,0.12586214526048,0.0010615947159951,0.324997098570092,0.253985408647207,0.339679860784228,0.297376173860284,0.642218319714492,0.299101785202182,0.155475378857855,0.0554797445987388,0.374633995963563,0.0968564452062483,0.101807216912415,0.204064324317852,0.123587572911279,0.241784826357113,0.0652487023543745,0.0991335323197451,0.0518312197827518,0.0826316133167364,0.0912618252699223,0.119875493204147,-0.0854565087668553,-0.0807880799587147,-0.233788492457132,0.143029070157494,0.183289732754552,-0.061118523768024,-0.0992790473430881,-0.0632012498754971,-0.0116964303621622,0.225351927608097,0.103676642957724,-0.114694329567242,-0.148336139692022,0.14785396606517,-0.0215000845758202,-0.0283630938636092,0.108443793046899,0.164554949355801,0.148601937361197,-0.105420329947908,-0.0056845950700236,0.0098539939142995,0.083088875888653,-0.308554366370857,-0.12985726296706,-0.0337224677133118,0.210967192419154,0.0479214221729818,0.0005282491039062,0.0267623491755321,-0.176995290472019,-0.114380765549142,-0.196999080926822,-0.0851790064259424,-0.221203939195202,0.54590948541495,0.424812490530348,-0.0583991259329769,-0.0617902799464594,-0.154047499881858,0.460502160830126,0.185759671604701,0.230702486283302,0.278037596087496,0.309706507521757,0.421605999590887,0.165380653723128,0.238559341953181,0.0043224060331761,0.149363939525349,0.0548853103153751,0.171446280381245,-0.102281672383158,0.095446844130363,0.354440216869741,0.340787530166299,0.489355548572147
0.392782286645666,1,0.292176257749447,0.712628862807531,0.047059453031951,0.0711864042189479,0.248350574495669,0.376147151850752,0.105252478049392,0.344274557484946,0.0892391539292448,0.535564979102954,0.574788964676531,0.155813800386734,0.289273197974713,0.411954189548764,0.230418499192649,0.197524051939424,0.105957570003596,0.383162099195897,0.380589418460231,0.279239380005037,0.117642613630785,0.304156226292092,0.239010333882802,0.0717331937304115,0.173248803939076,0.0771859594153556,0.0021485237495147,-0.0302932292692498,-0.0652287291082668,-0.0609808612845272,0.274447885647834,0.116420535217782,0.0709742526235339,0.0091413364230585,0.13655370050989,0.159158758652751,-0.0487716986790129,0.356025124882313,0.304124617996497,0.195452372733228,0.165314132079516,0.130715430321788,0.301944157873633,0.272729266268296,0.361819915858198,0.223087051879436,-0.248389879948228,-0.112111618613879,-0.140256900224898,0.21744035240929,0.241338543912261,-0.0377214789292511,0.196066394841707,-0.14297703471755,-0.150311733719304,-0.0520435972932173,0.049918436472815,0.199706270628413,0.139710382732927,-0.249197398179168,-0.065703350760154,0.186177542845017,-0.315165021470759,-0.185327045469365,-0.282943003854065,0.157099393688065,-0.277829654473682,0.0277477792140083,0.0876171313555951,-0.268868194562966,0.0028969547232324,-0.0104546584947946,-0.145738640668017,-0.336458464904122,-0.224687166627391,-0.262717243570447,-0.218080295513565,-0.17700503505073,-0.313184778937425,-0.177641528539472,0.0816776791420971,-0.123869969001277,0.8186327842595,0.817495567557002,0.405540340561616,0.348930963794159,0.0914292069770355,0.256717722479597,0.119845141467335,0.368248967571712,0.145646058658346,0.250290675835456,0.261473516058903,0.223132607231244,0.247617167242197,0.320841406410657,0.307597484353929,0.292598656291004,0.188821639296678,0.333086314018657,0.191426516010941,0.253378717074043,0.369249322513967,0.4880564855349,0.188035088842085,0.385844084474735,0.243508823810264,0.0530931477383979,0.205631832979307,0.379224977724713,0.302206203196151,0.103463599632095,0.0397068024884348,0.0815669267381331,-0.0193377971761595,0.0741839163588365,0.292271036108398,0.0245060661306689,0.190597668104435,-0.0228066983520573,0.110730591183215,0.260940429385322,0.0157613553284108,0.470283397341132,0.4424947176032,0.145851456041265,0.341126178771251,0.329150513401424,0.312368405945413,0.17339291736624,0.108789505316828,-0.048346124757268,-0.250294194236524,-0.0267757978917279,0.131397504953546,0.124352013459544,0.293377042542836,0.0958341088453825,0.113069461885637,-0.130189012108809,-0.0901954684308694,-0.0619611596334388,-0.0318422387247725,-0.0221358407141287,0.0218745190825101,-0.0204862411579929,-0.196035574321494,-0.323944163982367,-0.244015942397616,-0.0504968175705294,-0.175650574185283,0.152702006352071,-0.105486247785411,0.361650844758432,0.0395419361714243,-0.289459193839998,-0.231314119839825,-0.143133684625189,-0.222612700437112,-0.243272815936556,-0.302152114318515,-0.269350856623517,-0.266892835937558
0.225096622790309,0.292176257749447,1,-0.0408401012576799,-0.418150671101945,-0.151031645655527,0.154820920854172,0.102535447303726,-0.380090432805222,0.194476534450166,-0.105589258503647,-0.194618252102588,0.132665544493225,0.494810712450202,0.309300703479241,0.402272105037314,0.383475044024959,0.607794519069461,-0.171670518221793,0.131408588986997,0.340067828271463,0.0822577926167149,0.594876660447412,0.465308100828952,0.0717939641254042,0.638652711336091,0.77214108182264,0.780181235508737,0.513717955812759,0.571848352045672,0.232257421708194,-0.0639503624420295,0.612998470501047,0.461937826130234,0.425509231817909,0.44699358771363,0.436893684762964,0.65838164620172,0.287128850310585,0.578395559223765,0.373663131419533,0.40501566110151,0.533429742477261,0.403325377281299,0.393410335858719,0.407051142970965,0.266617649165494,-0.239784691809075,-0.529500515424327,0.138222186178033,0.185285238574429,0.268166102228267,-0.24950718226846,-0.356111075692594,0.345122620763416,-0.315649948423416,-0.429310225949069,0.137721139405448,0.493963446564504,0.364565956605208,-0.359676556068158,-0.204573941983078,-0.365178554767078,-0.135710732499964,-0.470980401775087,-0.355622070785672,-0.440690603153832,-0.308686070929336,-0.331327196363897,-0.46742503929111,-0.160053150316809,-0.42679663980089,-0.417958856982836,-0.0814977069010418,-0.455547622275025,-0.525757616105434,-0.309612845030685,-0.32110146150899,-0.431893824321644,-0.239556700438401,-0.465134728136654,0.206799795495516,0.128382129230128,0.0790929519120502,0.392080502520515,0.179322134574255,0.415259128670339,0.0287038721239088,-0.396392033204034,-0.330259443957784,-0.371360800894079,0.0651299728082793,-0.0422019598133815,0.451351943684944,0.533074866308412,0.284833820022241,0.233125059358257,0.477280617798955,0.200667425445723,0.342784030357205,-0.211900764217757,0.231489699626937,0.374537545341606,-0.0523219598809688,0.279595323736748,0.210717554733604,0.622205190875047,0.635824559243733,0.575557981000673,-0.0976641432904937,-0.0025897354104938,0.674191928507996,0.324396749937564,0.562427032502235,0.523321677640823,0.582196145309881,0.484280575092448,0.56378178108928,0.505908590723411,0.515350408836626,0.277003489639777,0.0765447146340626,0.224585157526212,0.5989346244637,0.129616821905836,0.331383507369862,0.575358542764121,0.183874677840452,0.456759757537264,0.428545986325631,0.580957756147826,-0.0961392305896639,0.410614302997391,0.002211525730097,0.0885077165317079,-0.181358201075416,-0.144971585383109,-0.0914356165351927,0.307511010545307,0.0950034645321375,0.500398415424277,-0.157789692044201,-0.137066832187268,0.177873583726057,0.322346820863831,0.301298459563417,0.0765068313896794,-0.291733228270638,-0.0001131904426043,-0.320932247286031,-0.403435719471483,-0.336647905055425,-0.307172340742106,-0.0415509474464596,-0.133256707220966,0.192708384273083,-0.341433583685276,-0.437638531076374,-0.0052525231755047,-0.457852300174224,0.122692293554121,-0.374217878970186,-0.25300294558294,-0.310213282190031,-0.0994777669205935
0.405574250977835,0.712628862807531,-0.0408401012576799,1,0.443798893285218,0.35125326474707,0.363346713249482,0.333575436311071,0.57779708479362,0.188549898599692,0.280895913188247,0.569906366857799,0.491868909061525,0.0784628580344875,0.325635756328404,0.336930506505723,0.081903959463838,-0.0368244857975748,0.221104805807068,0.263649381174194,0.12941210876013,0.0627320214605866,-0.244381362345702,-0.0543418268639601,0.289111723819546,-0.0170737597306611,-0.238902303642634,-0.186736838450724,-0.404262004307998,-0.319445887713944,-0.0430640632265153,0.0429108485269565,-0.151510947881787,-0.303656178795876,-0.32715486980256,-0.220948271718886,-0.249378431491528,-0.277567346919792,-0.460138281211049,0.0526208168573842,-0.0485691414032272,0.0722168661085254,-0.220704255438736,-0.35797951944262,-0.0046562693475839,-0.0609642194358495,0.0920283166092956,0.212232929148069,-0.0951724948570027,0.126750994448628,-0.31329739411737,-0.0238208933321384,0.327724304569625,0.0331878149205484,-0.0767726569706072,0.0692941787476639,0.10129544557208,0.0227847809649435,-0.246205541229865,0.0160579877301012,0.306834464853391,0.0079057734492552,0.0913032591163473,0.313003043788637,-0.0334053062913657,-0.205259343099051,0.191857026053981,0.211462050253616,0.180786689033531,0.21641841620344,-0.0243248289673243,0.106084351319005,0.377135795240489,-0.0312310948261623,0.0537797007970562,-0.0416805553822684,-0.0118472313092278,0.218854973763171,0.274291198660059,0.166283623054251,0.10578265164823,0.0703023512826738,0.329748752186678,0.0709458461794402,0.615631683248377,0.692952495161983,0.283605181573338,0.476809789843446,0.582229495061654,0.638371937417672,0.5479022041884,0.343413138823308,0.32284020338253,0.21835474664376,0.0759950533327907,0.0248493134899572,0.322455804835523,0.107270452503585,0.319645226088856,0.201279349820606,0.328811115287758,0.0212336445706453,-0.0051341287158252,0.310533568890777,0.257957926665309,0.491423756560122,-0.209306270783671,-0.0053450148465855,-0.17417336558361,0.075605739646433,0.219619202919829,0.163064928722103,0.174267333514559,-0.194672247934474,-0.352468072735396,-0.302950611427278,-0.296692495864055,-0.24734142890909,-0.0645843936997707,-0.24906354412056,-0.111152545043061,-0.228249079291074,-0.26642122324426,-0.245232142730172,0.0788917446592285,0.23851028952704,0.219310986128898,-0.099305474242199,0.0431556893320793,0.0274245273494847,-0.134677806258297,0.0336818557625196,-0.350638626575343,-0.18625329784687,-0.0982881276562716,-0.0113940799553654,0.24880275345834,0.0944816606114326,-0.0785332301445827,-0.0272351255443759,-0.365101457916944,-0.106193464272541,-0.241003021927596,-0.117818305900673,-0.219889416958218,-0.0958535363733025,-0.164401032471312,-0.0043938445733037,0.087814302546418,-0.123900201618419,0.201111127160232,0.244025220830785,0.240588238499114,0.278793128974059,-0.0663873897634006,0.224683215190641,0.125320567223619,0.063317196206368,-0.202704912172427,0.238654179167326,-0.319316145962154,0.196825481967778,0.11439972340497,0.178307396301771,-0.0172835782909059
0.241591342826658,0.047059453031951,-0.418150671101945,0.443798893285218,1,0.359386880342965,0.172270261343597,0.135770301891006,0.763212896309389,0.045547938799126,0.348433126246948,0.404187880177201,0.229360302995614,-0.211787976590383,0.348404190699716,0.0026627881427236,-0.227709921238428,-0.355588575827687,0.428808553637447,0.164687290444085,-0.138913372064249,0.0298323929381597,-0.381039905119541,-0.347126547646458,0.426185776604271,-0.0817581753639537,-0.459873843742855,-0.375977908013335,-0.481503316765513,-0.359152043408617,0.160617335496318,0.0628595932261508,-0.440929838888213,-0.416316798342189,-0.461996245820772,-0.248667512320874,-0.363443261095419,-0.540512110268075,-0.377129826397427,-0.229650880786594,-0.229289784279479,-0.242247963774525,-0.461552853797933,-0.487818968830752,-0.141655290860166,-0.0494495583551247,-0.0794624617430929,0.453798947918212,0.353702635046086,0.08230222460806,-0.188053508671959,-0.0229169329250632,0.165343026814973,0.121880393040574,-0.17761216179339,0.251760347618138,0.289976836518236,0.0886988411985228,-0.463630571376164,0.0951274125609512,0.46702514408199,0.318375397265887,0.221834081954562,0.382725590910836,0.337416378751938,0.120132062188464,0.527967367630572,0.375934660152327,0.594886144276929,0.363111158710569,0.0139266189220679,0.543162695591364,0.575703333303511,0.243989519675889,0.331242872633091,0.260297100655062,0.281103894424979,0.577118857734401,0.556235520089198,0.50199439025677,0.456135524179734,0.116330255624287,0.235215687315633,0.294218658639599,-0.116229762141713,0.156261176518064,-0.19454891869661,0.320193178147097,0.85711992883947,0.709775679026588,0.772928633045239,0.0797791169900669,0.378811852919229,-0.0152886348876572,-0.0927908172918237,0.128638453105275,0.250321150551833,-0.271739543718599,0.0491881297488451,0.0694152307297509,0.446421690089986,-0.204858822960503,-0.237645410440821,0.18136728875867,-0.0051976480329334,0.21115710209619,-0.521382155591536,-0.481075750418057,-0.490833958801229,0.372116148706713,0.333571095417087,-0.175416107130901,0.0822223040616285,-0.475295224504813,-0.398172593162048,-0.475449415690683,-0.391684360854837,-0.384249099897968,-0.34684204393231,-0.351430515667757,-0.0812767060074201,-0.0858666522457694,-0.208480176825414,-0.515633380954617,0.275650036632488,-0.0239256867088842,-0.18469433664278,0.0106601382143254,-0.277623996049699,-0.206230018995049,-0.263833652715686,-0.0043449687330669,-0.368191013609318,0.012306989660296,0.0723917446417803,0.145511265834564,0.424943181466709,0.0270220257737485,-0.177713324788188,0.207554711027569,-0.522088203495968,0.0402224713326878,-0.0835741007427397,-0.0965869932867739,-0.229826751264395,0.168263082681489,0.0076646954738182,0.162162687462013,0.416874209642157,0.238802133977779,0.43189984924811,0.355640265764793,0.436885408217903,0.329029821775728,0.154554515461852,0.0517214340696485,0.414025291087366,0.560234883325974,0.164601561811517,0.478572559699565,-0.240804104786917,0.402235321357124,0.470631308738395,0.473989014825585,0.20771741016419
-0.0782382133573504,0.0711864042189479,-0.151031645655527,0.35125326474707,0.359386880342965,1,0.0068616770823916,0.259738329733895,0.663497651243983,-0.237136783942811,-0.131049968519482,0.0391830679897656,-0.122224658652486,-0.130510588603638,0.100719230793067,-0.0105630318239007,-0.0812640781698276,-0.201851703481037,0.402514355546337,0.470076790350234,0.125720644756471,0.22146111165285,-0.0995218614710862,-0.0637082406990101,0.0906680194676835,0.0753461314205599,-0.188450322319976,-0.1839202829629,-0.283555574481303,-0.219109674946703,-0.014155592279739,0.0112937592517715,-0.187935940284181,-0.149005264347879,-0.256979092115404,-0.162521528679778,-0.267777822923008,-0.354945124613325,-0.316107843992063,-0.172389257364575,-0.222486975476294,-0.0019258212996105,-0.306212675102611,-0.304734515709501,-0.0626277081227554,-0.13436258399257,0.0177302812874836,0.164505284529723,0.246343896987281,0.135176430307348,-0.243065622499261,-0.0436146579791926,0.314618811931392,0.114681893293712,0.0512728337516788,0.343456391202701,0.342625769052053,-0.105689087906306,-0.363987240262843,0.0824175465509241,0.38746694799271,0.0928859735267389,0.326250247918996,0.366525270506821,0.239407879377764,0.0632914078552324,0.476177026300718,0.146754491801999,0.411125589315493,0.464481173193057,0.290999434044325,0.388710720296063,0.514223092530383,0.115276619805746,0.310681717381017,0.320406236267542,0.275136131186113,0.379119173529028,0.418611282031844,0.46923911598019,0.287127359607003,0.122052893806867,0.33891685085788,0.0202711973939184,-0.0804826346120842,0.0276113112253057,-0.0013135053934771,0.806793919416499,0.426557198481624,0.700614249030904,0.562135842236397,-0.138040536133125,-0.0145460910111413,-0.192415107855571,-0.142418400633872,-0.0134423802353566,0.189761714242013,-0.032952917543785,0.148047904985365,0.0905916617990028,0.421997012058228,0.0119012095808684,0.0544416865979772,0.391431021519838,0.249303185450017,0.340445020578859,-0.218174818145008,-0.141707097119091,-0.157821112051721,-0.0736549417872629,0.16227424645943,-0.0705571751038822,-0.165946962683301,-0.113338482777119,-0.322686104107753,-0.243127901538301,-0.282267811452697,-0.301934983617993,-0.104658071556289,-0.315328444624291,-0.089243853817874,-0.123793938961542,-0.385177849637838,-0.311124879038328,0.214775621697992,-0.178121793845542,-0.0405645246370611,-0.234765128078326,-0.134470547332167,-0.0643167391535004,-0.275821708789306,0.0211948522143328,-0.341180063421465,-0.216475468990877,-0.138816123714776,0.0633570706204304,0.249723660173199,-0.364720650928065,-0.135206702843731,0.13351011736361,-0.368489339792165,-0.226907670265335,-0.193911059250802,-0.289562759008531,-0.184749971407719,-0.0185075542644705,-0.242702189868907,0.0714609178574564,0.107194403322493,0.0587472301475223,0.275838113341874,0.304719975521041,0.284654881244723,0.0692370628320408,0.122609622148398,0.101055297029985,0.25727063891175,0.259382807961337,0.0922046852225187,0.410089303208283,-0.334447472098622,0.224018449922216,0.217436915193006,0.283168356308264,-0.033275548297409
0.289486663652024,0.248350574495669,0.154820920854172,0.363346713249482,0.172270261343597,0.0068616770823916,1,0.589068465747778,0.110698504856168,0.662525180255811,0.367387370711751,0.523956490484439,0.645924953599699,0.146325159300578,0.252401804137833,0.213909889327437,0.12819404016954,0.0837905984118831,0.113846472384153,-0.0644559957833467,-0.0296405019472595,0.262048605035647,-0.0394483281214294,0.158538759981122,0.355662352452798,-0.254740214022993,-0.14447715083716,-0.0655942341082036,-0.534891703816498,-0.387176634845304,-0.181669411156335,-0.159415975136476,-0.0654181686694969,-0.210899995161689,-0.459208189011827,-0.460176799898563,-0.400149031412662,-0.300998123675745,-0.603773759560021,-0.150971209244396,-0.456955014227706,-0.0924673563753181,-0.387248134591186,-0.524552477087974,-0.443392074766307,-0.331463209572323,-0.16644651883852,0.0214477951097942,-0.0574227637522054,-0.103416386903543,-0.431368791725831,-0.362876206802233,0.100834339942852,0.288063682439671,-0.522453902047471,-0.202328240882835,-0.0087594104408976,0.311268765656717,-0.0754432504491286,-0.480428856984162,0.421461230429718,0.559526619525253,0.198948536646708,0.366758472024723,0.238204851583011,-0.229095987887529,0.299539608560289,-0.0407720106439739,0.372737590068951,0.129692223991648,-0.168710589669606,0.199937699755058,0.344124722223603,-0.35787566654512,-0.153389306381447,0.0430462444074131,-0.101922929403945,0.239708620573357,0.42021898880326,0.103712789648823,0.377712212852854,0.107417902847621,0.235094468437905,0.267444253721094,0.424485025690156,0.283082044796398,0.775522944112987,0.0256121389877971,0.334701887260082,0.0821033033962848,0.292326471768443,0.807603223296631,0.372099183495412,0.60375991549731,0.0629479557923738,-0.125972970636893,0.14147746897842,-0.0084513167939876,0.113203931466953,0.0125826216815427,0.150416778856412,-0.344081291806262,0.138178056226122,0.0617582845856966,-0.0563501412474452,0.417377959960399,-0.132568207417393,0.0061095735446333,-0.209040355622382,0.0696368772144136,0.0189114709684075,0.0333473034813767,0.555823431330291,-0.126549739977044,-0.480093783013459,-0.461362241296094,-0.337196157266644,-0.0527202803583478,-0.091058196589989,-0.307571927983586,-0.378540588481441,-0.210404143395497,-0.33406265797166,-0.358119841724525,-0.0710932261082114,-0.0966230485196047,0.0177308117452437,-0.48073684949955,-0.266832717031204,-0.346573468074359,-0.338428002084589,-0.340959385122638,-0.529943596376268,-0.354375981461128,0.0376974985272293,-0.288856786754813,-0.0376753427409205,0.336588492283392,-0.378530730687829,-0.501287843704857,-0.467955254065656,-0.225520627209284,-0.337981828693272,0.263930519648719,-0.0557732304716176,-0.46327867511672,-0.427651432167757,-0.359801399440052,0.191437064138573,0.134919804729072,0.331859623478698,0.383104671001604,0.550776300484665,0.255054451964044,0.0243315658169137,-0.0950552578790668,-0.200195847037873,0.195162437545306,-0.221652367981393,0.365561899681364,-0.280190055628525,0.364744725945611,0.355843603996792,0.401011090318727,0.318462778956971
0.0942144865884293,0.376147151850752,0.102535447303726,0.333575436311071,0.135770301891006,0.259738329733895,0.589068465747778,1,0.132935998471656,0.747471043813533,-0.0321085204420116,0.628076792707845,0.605025839992464,0.105818618175258,0.149717618909669,0.124338661207887,0.226320429335481,0.0391950279484382,0.0849845635598863,0.226749055056971,0.122639308205454,0.224062767433495,-0.0303859115094607,0.174989919240343,0.244605481740094,-0.24884574234619,-0.0589803832265159,-0.178684240599297,-0.457473413042272,-0.451108700202032,-0.360036593870525,-0.309867885770364,0.103243977321557,-0.20503052436575,-0.402344625600619,-0.441713945487737,-0.107418543690403,-0.110095190756799,-0.351902214168838,0.0786686477152153,-0.160961976944026,0.0164310891725468,-0.196781896268678,-0.195373955002181,-0.161831246949825,-0.0598606751484285,0.0870810618467911,0.0826323700903495,-0.0580270920017211,-0.417655705480805,-0.472307050214505,-0.0458296587964234,0.0779000496684296,0.0443662552225844,-0.247129774741183,-0.121917082896664,-0.0867134383727339,0.0836100962069553,-0.105448468146234,-0.283740095904871,0.393114620239443,0.383406831191256,0.256803859026357,0.389337762372712,0.145646089028891,-0.0957154180589899,0.0734027920183054,0.182773567369197,0.204058803087115,0.249336521777156,0.111405998997015,0.153349957290526,0.297887628866001,-0.0888161708283712,0.0160772586722767,-0.0809400156067626,-0.246796213775028,0.0192642336894085,0.17957846579836,0.0277926216243746,0.1677395966345,-0.077014168592303,0.107475098694559,0.0168502589803934,0.422472339008944,0.381244568326883,0.606781273354467,0.319947120338976,0.215547226156233,0.246016727278964,0.252153869388183,0.64407169783428,0.105183563980281,0.183601801270195,0.0158042424782871,-0.0423454129960282,0.0654720534946507,-0.008855772891161,0.220032219431577,0.0404540876068911,0.0833681032998758,0.0113352442426371,-0.0527853733315384,0.315544168281946,0.147149833435193,0.328459783669393,-0.119409109445549,0.104178326244277,-0.120788515046248,0.0444025931799577,0.0760900440696045,-0.0906447445958365,0.198242957835128,-0.121901406195536,-0.434678635082318,-0.38505096116707,-0.449268207589545,-0.238716560813124,-0.130088229390276,-0.346832524801729,-0.106151304949677,0.0431246544857878,-0.110080880867379,-0.0950205340359011,-0.20665980599273,0.0042574905103076,0.151233671221022,-0.247937052753805,0.0106156137431417,-0.124449371057179,-0.0708299808128672,0.122017332135022,-0.271871412448393,-0.348124965002439,-0.401732575322503,0.0091236565597011,-0.129382814431896,-0.115729230368828,-0.0322561096584322,-0.195327546591043,-0.178299218125802,-0.409450827812197,-0.3086351548633,0.0542499292246258,-0.0700531633676433,-0.406502870059427,-0.244013282401947,-0.0923834046370581,-0.068275208985116,-0.0459331183448968,-0.0244585969524933,0.310798297207495,0.198639485245273,0.224530644556091,0.11854324663999,0.1798598123041,-0.0047912433389952,0.158332431427303,-0.0869024180562365,0.256672027187411,-0.369801185074359,-0.0263384211353036,0.04426307608917,0.100783102842608,-0.0405415299551808
0.293637779724417,0.105252478049392,-0.380090432805222,0.57779708479362,0.763212896309389,0.663497651243983,0.110698504856168,0.132935998471656,1,-0.163391298951049,0.375583239395981,0.32813742165436,0.0763408181136818,-0.26291464121539,0.181905485635357,0.0236658379242228,-0.150924799656398,-0.378372081446723,0.507905182903162,0.220816543947419,-0.0421278177610615,0.0325925551615388,-0.431179690807332,-0.36570482306114,0.239688850839787,-0.0228541332140147,-0.439680080587487,-0.342470745677191,-0.494921345654798,-0.407593109189689,0.181220030520828,0.254497490326818,-0.490012415858526,-0.433175595709602,-0.446086379421876,-0.32257013711929,-0.446358839211863,-0.582062057368417,-0.443778752205555,-0.217073074108062,-0.222769358854453,-0.118073205881515,-0.487305133887362,-0.533957226223172,-0.125287803961106,-0.0590185630035317,-0.153626518622233,0.325353757787056,0.348349560234427,0.269221367078967,-0.197630635397469,-0.0653791841391933,0.25936235773743,0.10927089989242,-0.189776279961018,0.252085099632858,0.371398010739709,0.152791385959967,-0.411201231747969,0.0954815518327318,0.488867386332323,0.261325248615998,0.28807424629685,0.383399783145504,0.410736206132445,0.13033847855827,0.656465642569772,0.361742842000707,0.586934819957939,0.444010208566013,0.0058481182649156,0.56377198683614,0.618757889023029,0.302023820887449,0.404302595908591,0.368102247445979,0.384723509005441,0.688373070702609,0.632876371598545,0.596929745082665,0.534159136707086,0.228649593829077,0.377973750027827,0.288564906282017,-0.0354821387060489,0.276233124639482,-0.201430416211609,0.577368378897007,0.83085802669015,0.941825443485417,0.917926987319154,-0.0653530198458531,0.463448976032519,-0.166435296638413,-0.26294891907109,-0.0613951694395475,0.27082179006671,-0.26911265981438,0.122894404917473,0.0168392546761633,0.490714905193783,-0.0184579025846741,-0.269316383653192,0.326383935752401,0.0465979678351873,0.185130352525693,-0.512353486233129,-0.456014335313344,-0.507868112238566,0.137796532710012,0.174109274255415,-0.162854765123328,-0.0878204838765569,-0.468161085353294,-0.474514343452254,-0.487653624702253,-0.429572351655802,-0.466101103763624,-0.369126149702239,-0.374899090780361,-0.213928817279707,-0.0984747949019308,-0.368647987929928,-0.567948354966447,0.220106112239361,-0.108343316974181,-0.172698003324576,-0.122911500986194,-0.245908091784023,-0.165466667196657,-0.307765416749318,-0.0581074426593435,-0.435149168033993,-0.0318118932408404,0.116212372591306,0.200639002519262,0.451540630686161,-0.0860873552908361,-0.255961252547848,0.104222592840056,-0.569916509375937,0.010120533724136,-0.0932454216477636,-0.0874969536874981,-0.174430181017235,0.0449782693982697,-0.0129132480862576,0.225605969221275,0.465558312648129,0.322980688367472,0.554129249519625,0.451489960391615,0.504242426001359,0.241935471599262,0.206382116055734,0.0178853364524087,0.397356567116115,0.555425361511763,0.220774614522492,0.572262480512422,-0.218289102900175,0.484517144395798,0.520832326603082,0.547398375251907,0.291296646508926
0.241752802290215,0.344274557484946,0.194476534450166,0.188549898599692,0.045547938799126,-0.237136783942811,0.662525180255811,0.747471043813533,-0.163391298951049,1,0.0847166785539752,0.63090669603438,0.78615090924247,0.200200073776477,0.153761652365028,0.115608671541934,0.2129766669083,0.216963696212244,-0.0356209687301441,-0.0321905811504343,0.006998239638822,0.0950756718506568,0.046203885188385,0.226038491510857,0.228184655566422,-0.264983984901728,0.127443769921597,-0.0622609575141129,-0.276869845583763,-0.274637782823609,-0.259543022282574,-0.319694335192009,0.210697064849951,-0.0418433421739398,-0.240052403319559,-0.283698139772646,0.0814483837971673,0.0560104344775943,-0.184919039062461,0.172074206677355,-0.0493825186126163,-0.0343486745612134,-0.0195062098124351,-0.07044005852454,-0.100902758898601,-0.0039968643096328,0.132281008457298,0.0672402781215963,-0.158711221922165,-0.45759381086607,-0.308236668042356,-0.0114619989503473,0.032847621497163,0.0311460324852211,-0.216275011545111,-0.160596851862724,-0.20798280020807,0.188495441589312,0.06643671346582,-0.298853082511635,0.264764036366707,0.316787150821288,0.106006241766077,0.261404007447692,0.0340640348189282,-0.143843919342753,-0.168950574360268,0.123063777418571,-0.0054069708476857,0.075292573795855,0.0353678540565363,-0.0693565532635013,0.049545762511087,-0.155846066627933,-0.150735834007754,-0.257722128549463,-0.382209296696183,-0.168717525693279,-0.0110319567238099,-0.203760421566352,0.0292591055334574,-0.133930483648132,-0.0547299487096029,0.068539969324135,0.461973304972263,0.389274856019809,0.5942998482058,-0.0833469146402308,0.0591741094854783,-0.0694538411484414,0.0140110070395498,0.778452553956914,0.108617566940752,0.424249487716103,0.149061098330674,0.0517733038554963,0.0529856221373298,0.0016949239901035,0.0566198538266477,0.0936175569625107,-0.0583361816986328,-0.0991376211695028,-0.0440286160802639,-0.0378816945303145,-0.0117629825350439,0.161976019446467,0.0043584871430689,0.135216034825139,-0.0258277615177979,0.0813931610448558,0.0370847420046607,0.0751859964978844,0.44831149543957,-0.0858989217059388,-0.235841227120033,-0.228662465483947,-0.239408795927518,0.0569446109650213,0.0004607049936076,-0.14625884439131,0.0346465062945428,0.143158000932857,0.132593386288193,0.035174069314392,-0.183400731516783,0.18349864128888,0.191344629787298,-0.0767066380860436,0.0231477612746306,-0.108266016140573,0.0514007432520808,0.0660564603540484,-0.0771702436786655,-0.149287186840324,-0.256815947557256,0.0189995383017943,-0.0849456340381013,0.213571233116804,0.128020208305254,-0.114773380702434,-0.0074248993415252,-0.174488983331651,-0.085037797962905,0.223404128316027,0.029634076275369,-0.371285528432945,-0.12084290571254,-0.0854438154019549,-0.0575800720566027,-0.0136355400958775,-0.126554800066713,0.200738845869162,0.0906438330418839,0.324597274109468,0.151962584895892,0.16686542163057,-0.0303332300729487,0.0330252519839408,-0.169537034940139,0.07369253458493,-0.194193461573149,-0.0832055773052611,-0.0710364981208184,-0.0381213233226115,0.0051616563333
0.609785595277402,0.0892391539292448,-0.105589258503647,0.280895913188247,0.348433126246948,-0.131049968519482,0.367387370711751,-0.0321085204420116,0.375583239395981,0.0847166785539752,1,0.183710549697461,0.202219988566665,-0.0670703726852639,-0.0233883366586177,0.151844102988907,-0.0447371188450197,-0.155713371272399,-0.0253222282434561,-0.288275929902404,-0.0294763105788343,-0.0524389846938945,-0.182614188549688,-0.0983517664731548,0.133329606546525,-0.030646029399856,-0.279957256109033,-0.0157991397463558,-0.380177098113978,-0.222607495503527,0.231832826321923,0.550708821319882,-0.184047323294686,-0.210929233443363,-0.248581923647497,-0.323150263504742,-0.452645075104171,-0.35912961588346,-0.410630034279425,-0.247694055454095,-0.255207802261087,-0.207204295761469,-0.372821035393546,-0.437548728640355,-0.25131990754659,0.0401648771594766,-0.289523931699297,0.0088125571285794,0.0630694147609524,0.401479704699071,-0.0216983238136838,-0.352579155435774,-0.106779359762824,0.0468534061665688,-0.506927761148816,-0.281549929443008,-0.0091015808573879,0.700500372694301,0.0900799309860352,-0.277146401602911,0.162453184060519,0.460514423265175,0.019753127872589,0.104401198382908,0.37366450682558,-0.0754677796161138,0.479400252330766,-0.0847975822408077,0.311999659901009,-0.170322375967845,-0.566757452072659,0.128695647152201,0.117954289445949,-0.180985795771568,-0.142941517269255,0.15384221764233,0.168063893217985,0.685213078206095,0.515826549856978,0.379391514168788,0.504511845604745,0.462818690435156,0.280855475942931,0.710185461149575,0.170419028712516,0.278641184411281,0.0982271024860142,-0.194378448406731,0.48293723383921,0.208123137863695,0.494635533404116,0.243725789743968,0.886271216944286,0.202313688442383,-0.122645739351653,-0.239279126780469,0.0739960366027829,-0.129038457711175,-0.0037420604959976,-0.138457583692555,-0.0338961857667431,-0.0281302449518416,-0.211589997764235,-0.0324623763168916,-0.0819149883789181,-0.0473811111423688,-0.233398874659731,-0.207856807104847,-0.384219610286459,-0.11285820287852,-0.172172746761131,-0.0441462770342424,0.220550905352072,-0.395454978005043,-0.329856993721364,-0.362588372225833,-0.202485307035889,-0.100128874530809,-0.181051283701263,-0.256909679815015,-0.438367168289626,-0.0246303414735519,-0.263760658017897,-0.406653371940258,-0.0079545891797925,-0.266165773892794,-0.169567733148145,-0.260411776367052,-0.297703074706596,-0.236109856366628,-0.202841890017101,-0.498033524823774,-0.373151866466583,-0.0130077599465289,0.470386400591545,-0.185569123541568,-0.0099035280869987,0.33760344954044,-0.471853092816562,-0.365464291666171,-0.411888724170356,0.0911218058571986,-0.124060505753349,0.54539851430014,0.168652216754595,-0.214585678576041,-0.136497439857631,-0.231982363565426,0.639972827035421,0.474497474568038,0.583639563741853,0.280372116434162,0.619800576428742,0.364957835990714,0.0790944637618893,-0.13137114996522,-0.161401503485476,0.262184416607415,-0.0287675581565681,0.194109864254155,0.0276221531278248,0.458189971968645,0.730607371977988,0.641662637619363,0.74981492157854
0.288645195732646,0.535564979102954,-0.194618252102588,0.569906366857799,0.404187880177201,0.0391830679897656,0.523956490484439,0.628076792707845,0.32813742165436,0.63090669603438,0.183710549697461,1,0.780303321316379,-0.0612057432898771,0.193188217334597,0.0331229439777161,0.0275329134338819,-0.192557084541543,0.245622771495785,0.10592310973209,-0.0073938127971812,0.12256443049712,-0.251336629095455,-0.0452269668370519,0.369016755749066,-0.360980000329487,-0.249033724587182,-0.381819580467523,-0.479087467005795,-0.518398424409973,-0.219003195392436,-0.167068596629813,-0.114573226868903,-0.328231113997993,-0.383929669759691,-0.451183194665699,-0.153026201915454,-0.282741593658643,-0.277862084630728,0.0246604050343245,-0.0774387674056326,-0.190922819344013,-0.273771477846147,-0.203962618033241,-0.109053876807141,-0.0023634598652211,0.0689670584371176,0.310014496439396,0.076407024099018,-0.369393856933045,-0.403342566874767,0.0813603015114251,0.221149097310972,0.201744767621214,-0.19539427614268,0.0171728748224353,0.0603039954274264,0.0948318808330919,-0.171631723211947,-0.180569940856811,0.450420242487125,0.235968706933166,0.262090567349489,0.456839446818319,0.181094823886951,0.0240738603710525,0.0560529634291859,0.432309533353722,0.181423606313215,0.343946611787206,0.118865781301363,0.236886985225235,0.371054553867098,0.136311960419632,0.13395598507447,-0.0194039829805958,-0.0849876193691054,0.0136968820158268,0.184092603282293,0.0258171108346307,0.222151972385836,-0.233414275378027,0.0648862783959896,-0.0527839593977413,0.436868610636471,0.623878700604885,0.303316800911312,0.143039679071055,0.384972158463596,0.426256433467014,0.40842217747014,0.610270856219231,0.236417433207823,0.149547679653282,-0.0149833944193852,0.0214039054166448,0.0551403306224286,-0.175591077716212,0.115319119188435,-0.0252911849005385,0.271073384393823,0.0400161426921233,-0.192205169897514,0.203528635288063,-0.0056829201371815,0.253839263648208,-0.29577853928198,-0.124509871765125,-0.290473451086167,0.327400678477641,0.25436236480564,-0.177270349620949,0.204267824917258,-0.38263356777993,-0.454553675993648,-0.492317511502701,-0.477530403027051,-0.273014293526414,-0.20765908245308,-0.367552684776005,-0.109708562516575,0.0421686907418991,-0.009681077137915,-0.230602015604522,-0.182472867611206,0.200431671776393,0.0820220814896259,-0.0569166597323945,-0.0576242676878659,-0.116021399139445,-0.104000321777177,0.182757777135754,-0.260805105570906,-0.194838864057465,-0.338793209882003,0.191853822913802,0.060198734018332,0.114652644409475,-0.0158944459057032,-0.097865117996658,-0.240839348022997,-0.17391697946594,-0.172478598555439,0.0194364623056318,-0.146874742541965,-0.323391300131035,0.0082938968468151,0.0353008820285676,-0.0557120125228593,-0.0256346328339198,0.01716805317464,0.309472951168971,0.148933453035787,0.33286207606365,0.109126767400514,0.220488957232114,0.223019605227376,0.265812287503781,-0.0989267110554513,0.302907972745708,-0.307519930288702,0.037714146935106,0.0090743862700736,0.0642665623599091,-0.0255127066940225
0.454428264032921,0.574788964676531,0.132665544493225,0.491868909061525,0.229360302995614,-0.122224658652486,0.645924953599699,0.605025839992464,0.0763408181136818,0.78615090924247,0.202219988566665,0.780303321316379,1,0.183980337097616,0.350469963952914,0.142064221451487,0.176925541197267,0.0495230458233144,0.213772027924383,0.133809732534105,0.0586754383839095,0.179689677999004,0.0905318911557623,0.178800854088758,0.336070887669453,-0.208703136096617,0.0103034525775842,-0.077372662192124,-0.309361888138541,-0.239456007590708,-0.106375919005138,-0.203857599079389,0.126238056943886,-0.0437896364296399,-0.295941768638012,-0.354839289295961,-0.0293525402760653,-0.0919789463781494,-0.2197561188688,0.201781154643147,-0.0581714580093223,-0.0740507746074354,-0.157638297505363,-0.132343327733096,-0.0570434731390313,0.0335536552669881,0.0837363962290667,0.173407301853228,-0.0758463816879262,-0.34100242136697,-0.346149817755083,-0.0050771436551826,0.112303780830761,0.132615087218677,-0.160607057863342,-0.154238487358751,-0.120993594753659,0.241651924533999,-0.0001871887772851,-0.140273491388607,0.387429970620962,0.249095393852925,0.213676421074921,0.496427324200239,0.0519377634499068,-0.126567415733443,-0.0811005311408337,0.32587278375587,0.0445131218523134,0.212296278760086,0.0702512846909874,0.0709802480543034,0.234299424487499,0.0141461052385112,-0.0578258123087675,-0.198355174718391,-0.295265532972446,-0.0932501405873158,0.100884471961036,-0.0335210689344299,0.0995735640632202,-0.16701812897667,0.127886224549178,0.0659172301913687,0.527708019890027,0.577946651120563,0.463154957662884,0.0514975133247739,0.200329640979311,0.143577108015436,0.162235620291929,0.759233634040564,0.249163279450702,0.515455777309253,0.201869694308532,0.166554308781957,0.136765163301038,-0.0106481046738183,0.110684392948396,0.107203580321166,0.19110309661905,0.0441074085984902,0.0888259922015681,0.155411835674543,0.024288265053108,0.405722929687755,-0.0275094691693804,0.094913507785353,-0.0782718519090942,0.230575334303223,0.0825305065240737,0.0949484294287979,0.475598194316209,-0.149319090828692,-0.261072137880892,-0.284736823753688,-0.231908425463248,0.120073487056288,0.0888328122974045,-0.223675376452388,-0.0355448838091409,0.100436332116493,0.0812668637425144,-0.0546816694772209,-0.056815491563782,0.247731577636415,0.217838999582358,-0.0682171860849011,-0.0040304074141925,-0.0871988329997605,0.0205075394508798,0.0222798176005458,-0.138361723367698,-0.151783467590088,-0.240349734156708,0.101989063173917,0.0508402270208444,0.148438669236932,0.0548184806443243,-0.0468908472544258,-0.139905487233362,-0.205195879385206,-0.171063013205269,0.241277874626654,0.0497287170576322,-0.268058154135255,-0.0589047601892796,-0.0698909392706296,-0.0501295724168058,-0.0447849681985431,-0.052359020599072,0.235996760381539,0.157944445839596,0.406723256170445,0.170657771804627,0.283947771352611,0.125472551407706,0.096077352227731,-0.211388713880037,0.182880744368849,-0.33264164615362,-0.0398514367565894,-0.030181907861425,0.0686828621878628,0.0212794490996676
