1,0.593392281206847,0.611894248100578,0.741875093515822,0.809897629418284,0.460575382239898,0.699705090562552,0.198036104247157,0.729547945189972,0.753010815053649,0.443189778046533,0.75092792187603,0.72801095699505,0.0175595113055325,-0.0909940300785496,-0.141321734506305,0.0537973358137026,-0.180299923087673,-0.100005868041503,0.297774248828276,-0.132571572315346,-0.318462186771804,-0.0833735091818976,-0.168904164341506,-0.345006210237102,0.556421485124724,0.305316360858027,0.314176941200799,0.13168657285948,-0.165278533903693,0.409887769762036,0.146654409665747,-0.115231798133828,0.220602398025696,-0.120280912740047,0.216577652706869,-0.0065891637415771,0.128954666921867,0.0534223729426666,0.0808535886916071,0.0668072568113381,0.0946881734671672,-0.0949420148828903,-0.182721667741529,-0.147500853623954,-0.177321145179519,-0.152676190300376,-0.115354128187148,-0.38325977566911,0.0053258876955119,0.187646693503441,-0.0522628563114345,-0.0938023568150759,-0.490733908339399,0.0180663981336482,0.111110281500626,-0.0368835648565362,0.105631586659736,-0.104841406512459,0.115660770566552,-0.16484156037368,-0.328646084695577,-0.319207699403795,-0.120725706661951,-0.176889020020392,-0.27519278986831,-0.422540305927495,-0.297677558289574,-0.181110615649042,-0.255071741222073,-0.242590527927682,-0.297134480098109,-0.230720530327906,-0.322125701444855,-0.473355584046298,-0.210776724220041,-0.452189082741144,-0.327514656796453,-0.369086893486359,-0.178264535528331,-0.299280799862552,0.376556054510651,0.575302853351001,0.745611706784585,0.802328129502711,0.792866633860228,0.568512725172465,0.484212536921545,0.715183473655288,0.619196747474125,0.81401242768462,0.725768882190312,0.810965004891963,0.685375367374046,-0.121618711564391,-0.115755759874739,-0.0630880401985516,-0.226648383645658,0.215943421578326,0.0551286950987179,-0.0855807723161664,0.0579375385926506,-0.375654618319854,0.526050402669818,-0.176933294154651,-0.294209245923612,-0.0134095001069916,-0.175116204237685,-0.199755518270273,-0.235614139129337,-0.290391287758389,0.413957765989675,0.0773927476110671,0.196196974951796,0.335036899060564,-0.106898657604141,0.425366612824862,0.515651353230206,0.472105338134366,-0.233811109262907,0.110017114941186,-0.144479147922033,0.116422285186543,0.158215897138666,0.163910330238339,0.0393127753420319,-0.14885302334334,0.0991707446726448,0.101799439282714,0.0867726306947764,0.0186067657187894,-0.157094870316599,0.0642382664334554,0.0454705270890532,0.173996143398232,-0.25251566448237,-0.237319054042341,-0.281081106002074,0.0061285871421764,-0.260776881881302,-0.347983317311975,-0.0104310904257521,-0.258716915979503,0.211993432500781,-0.191039976582019,0.0360509156658867,-0.280011840925368,-0.482241702130669,-0.0244373513920396,-0.471635486655219,-0.325635318383215,-0.314030110133878,-0.409286188490499,-0.175666177710456,-0.451809941342814,-0.266718699835134,-0.431622267248874,-0.381692421491501,-0.197745832257605,-0.385606258360091,-0.449050056474193,-0.448767591806806,-0.168138191246072,-0.410713269752777,-0.164222443827012
0.593392281206847,1,0.590518495738494,0.662914850510442,0.628636546677154,0.852980140355192,0.493575933133445,0.546288834522237,0.737273093030338,0.799839237814115,0.25428475425875,0.782754832779003,0.794836822864398,-0.152695462669299,-0.173709740810842,-0.237523985031175,-0.212672597587259,-0.314525803703538,0.122229821114332,0.226422151517345,-0.266082680910119,-0.238987595701065,-0.232591681580036,-0.344401685784214,-0.418081799025502,0.5107028174753,0.334652689034239,0.30432321852812,0.0528743066363587,-0.290044842451748,0.303566612567498,0.113795452670167,-0.29297977193309,0.0009469672115385,-0.116251405861281,0.209779293195932,-0.189845036138294,-0.0452167437632283,-0.0340485686735376,-0.214066591902481,-0.296405788560005,-0.175365057758564,-0.367408013776455,-0.385639020661135,-0.52714066052483,-0.505020647656855,-0.385875215716756,-0.157991698002938,-0.331215321296894,0.0617438975526475,0.14967153952516,0.0569290957930298,0.105083730055999,-0.550542436077974,0.0594481933317626,0.0647268360847275,-0.170098706617035,-0.0895128840506178,-0.342645300285356,-0.0839552680754691,-0.130155415134402,-0.314690428781059,-0.404574652707346,-0.191588054313739,-0.274603145632028,-0.281610301040379,-0.258287481749541,-0.410254280614793,-0.295956796457342,-0.369292890803383,-0.443289283454948,-0.424125423425764,-0.209786268404129,-0.507937531196445,-0.495811775715902,-0.0817611082266488,-0.483070300993226,-0.404982778724122,-0.402724130551164,-0.136149188751228,-0.385364083537978,0.201872793517882,0.649035172843874,0.511128506561805,0.871959710129935,0.604071346115983,0.482446672757343,0.819893275810832,0.599355557666282,0.660945164811838,0.681698136021161,0.66997951857754,0.66786374758613,0.569213234393354,-0.299041470131853,-0.276543026610242,-0.292236753020734,-0.382755952817015,-0.0709399926215087,-0.2091230339148,0.154026304806815,-0.266260448275172,-0.385547028048451,0.331240098993677,-0.408179466922523,-0.304827386812749,-0.335402206802694,-0.354352272630478,-0.396204186338335,-0.316604073330208,-0.394217562838274,0.531501206299995,-0.0135436518079765,0.120772040971711,0.31170220291601,-0.16526253262185,0.34899947798755,0.466019584992979,0.256231692415563,-0.167142364853111,0.0371180804981945,-0.192228514371756,-0.0658730616407186,-0.120724989251473,-0.0648308361282901,-0.249895450530154,-0.493859826734946,-0.115455957131889,-0.266848547292244,-0.267023117582704,-0.0570437290396903,-0.354010862311558,0.0535556510818827,0.209549665511981,0.266084651637411,-0.393610208977735,0.118691464512563,-0.175626584434997,0.252166846767704,-0.142037533286132,-0.267294788343076,0.128359638384262,0.0138605299115974,0.0503662788547477,-0.265826357809156,-0.0084844264703711,-0.413009123632649,-0.229201899896962,-0.0802900911569801,-0.359945679847131,-0.0864143477078693,-0.230101566849028,-0.180479442452015,-0.175721314678516,-0.415388326296493,-0.43899995348922,-0.489276767338512,-0.409492720604913,-0.274791001992587,-0.191854584241816,-0.394473971299541,-0.35176447849759,-0.235141201191297,-0.284016959718856,-0.174012107931626
0.611894248100578,0.590518495738494,1,0.392094895983834,0.472005060819991,0.379896983327523,0.670200122507096,0.205625592061761,0.377514713578158,0.676286959546422,0.0699412106126781,0.55895215561247,0.726776651715056,0.0538472424673715,0.0492811655537128,0.0346424216396008,0.0271482734028158,-0.000704485410969,0.115067914098738,0.312332116151153,-0.143775022921758,-0.0106965865793802,0.190991800757266,0.0628753464643652,-0.396203469325661,0.765332523344264,0.390680902792453,0.608231453635448,0.503758244048975,0.27734138211545,0.706176604169454,0.273016402755189,0.198910545332742,0.312931194667436,0.139526017243467,0.467271782237817,-0.205594443543208,0.227600633484123,0.0445218215432235,0.0833879975841847,-0.109317590023457,0.111090217053294,-0.109574158356628,-0.222396585958158,-0.106307377614313,-0.307534823098604,-0.2716310208837,-0.213426080771717,-0.586905425515961,-0.0666551676028951,0.458631415331841,0.0429983144566134,-0.0777491661911734,-0.571379718278636,-0.0320395972430371,0.127651934330332,-0.069749324345887,-0.113359297596996,-0.437194732922213,0.0325156104366675,-0.252762438006197,-0.414684575149704,-0.536841335872368,-0.299002098024061,-0.354395360525467,-0.48318225782093,-0.486196189396321,-0.508514402176691,-0.390336883969618,-0.367024274044381,-0.360038546877346,-0.474308702782809,-0.225920422619924,-0.493086170156245,-0.643340269831898,-0.118843887627612,-0.471914021700271,-0.429441407195033,-0.504342966808596,-0.401224827919085,-0.292496567185033,0.340996543108874,0.516583166180912,0.530475084201317,0.610859344166395,0.421127926868459,0.811675598012973,0.269539815160554,0.469299945808838,0.343754839421707,0.420449698033175,0.777851735359849,0.47090246774305,0.7372034099834,-0.0388484777623818,-0.00196536191182,0.0210502988862297,-0.0212147043428952,0.166203142097683,0.107796225118289,0.0647781650151474,-0.256877014003783,-0.0454840104048691,0.419034528777919,-0.128213013878991,0.0197757691874098,0.0315745413822553,-0.080657325402006,-0.0660740457328658,-0.337237480648659,-0.344544423851112,0.666711337153042,0.298289487969553,0.394275575927502,0.55167909772348,0.37238784038853,0.730868538164436,0.729805864102136,0.447652030375486,-0.0891139655165793,0.121540280909175,-0.122824453924336,0.113259523364424,0.126038572178907,0.175317785457479,0.0884089182989746,-0.215710166042053,-0.128161692455243,-0.081405430501186,-0.0248880043273844,-0.0359610067531161,-0.259419817637515,-0.0682624325090578,0.033794870352431,0.253399031909544,-0.542009564000714,-0.159914413013517,-0.304160289979156,0.05401729807422,-0.259269226253821,-0.385355610148481,-0.0274384939122876,-0.216467088529299,0.0086134954553956,-0.515176190873193,-0.09513846522744,-0.467251309027179,-0.472349299162631,0.013676438935998,-0.539758727118224,-0.40077929591151,-0.452124405231247,-0.404071025407813,-0.188925917183721,-0.587043515441625,-0.389745002458328,-0.517573625359336,-0.593626702369181,-0.36010932669681,-0.397541117784962,-0.447411346317145,-0.429675713721671,-0.289907483554762,-0.514710486069746,-0.112279930542279
0.741875093515822,0.662914850510442,0.392094895983834,1,0.718904453307324,0.64403063845357,0.463557065243325,0.118629535740457,0.907434848223258,0.639193738652761,0.627117868927494,0.884019998545759,0.748433046130722,-0.160799715968628,-0.263611605045652,-0.332703835117578,-0.133312797128757,-0.321701878827842,0.0752130969506098,0.0630606444049791,-0.420752604375594,-0.425851700124451,-0.204962588208365,-0.502185643030577,-0.577301154042537,0.490024987178486,0.29543866545728,0.238151897083379,-0.0277456913861657,-0.352678675694401,0.17209964827803,0.209404529022928,-0.240597761315952,-0.157045610791663,-0.220098417278303,0.0498786156338755,-0.170562436647823,-0.019610304195396,0.0538176461401394,-0.0755094574265702,-0.0597528035104827,-0.0671892767128283,-0.33477863675957,-0.280623540970829,-0.37786362231378,-0.330004837098061,-0.413315802169288,-0.0672195743775307,-0.194862523944899,0.123475597867804,0.0775282746981105,-0.0237517108370694,-0.0620980353857099,-0.378853613591428,-0.0360894944233485,-0.104455257715713,-0.227910572233631,0.282349146729315,0.084702716429178,0.0754828175632539,-0.217226238056557,-0.352551856882583,-0.255214894983837,-0.205543733636807,-0.171181994108128,-0.202554879432119,-0.306188713358902,-0.181672010597453,-0.121377724054812,-0.366545084339503,-0.331203186327893,-0.266157114207851,-0.269677782102525,-0.272807748696922,-0.417269632005556,-0.195424632062141,-0.429090215402376,-0.162508112972911,-0.246812986678544,-0.0064327834514707,-0.241296101914065,0.332633080108728,0.305863040792794,0.620825069353122,0.731522714895992,0.927751676796388,0.213927909303944,0.643217609949959,0.725541375608,0.912493596516092,0.870058753980748,0.521180464257199,0.890537528807277,0.53273398542444,-0.411202906220864,-0.35124520157415,-0.294235876355116,-0.466313368345519,-0.0804955020706971,-0.146705689030196,0.0712888874371905,-0.0227740561502775,-0.412367523322916,0.191461667977386,-0.364130263864235,-0.410180427487565,-0.225158283287193,-0.234977872543507,-0.348456702325972,-0.377805398962123,-0.544860355841343,0.305447991713857,-0.119513227359335,0.0769333559943211,0.244096752772562,-0.270698343130405,0.21539235980853,0.357057010681421,0.234445375546704,-0.271122423255819,0.0667850799120814,-0.239145214631678,-0.0734329129099953,-0.0479401176519613,-0.0787181023006678,-0.105029350980788,-0.325935762845359,0.104064435694794,-0.0725983168314585,-0.0914707002278732,0.136889523204837,-0.304120553754205,0.193907570508725,0.201779431870715,0.199636350196493,-0.0804446280252992,0.000977779350909,-0.123705447725613,0.136150302203772,-0.10530444093536,-0.160402012620468,0.107402205999209,-0.10343148012208,0.333980244816668,0.130026754639221,0.0811702522034856,-0.166349088058442,-0.189246220831054,-0.099210478385317,-0.213866645645071,-0.107533722107881,-0.197071729234508,-0.252305821373336,-0.297026035980532,-0.226071690648762,-0.312359952000051,-0.303327403273705,-0.254956264141223,-0.209140092247509,-0.261239362622689,-0.297293511271263,-0.426282569158082,-0.0382522289750994,-0.214451615278779,-0.0409650971957545
0.809897629418284,0.628636546677154,0.472005060819991,0.718904453307324,1,0.540474626618163,0.556606037760079,0.405473649044539,0.739630881753611,0.740678942987713,0.432332452129115,0.74427685308792,0.715034146164063,0.0955144615488528,-0.0345670162680033,-0.138510661474435,-0.0179953970061163,-0.105087505576843,-0.094319075398485,0.165970532434852,-0.0799276715116247,-0.26465172961531,-0.311060486411386,-0.306154728403872,-0.337072183932258,0.476498956778921,0.385849065778536,0.190263666073555,-0.0011070206584703,-0.339283190075041,0.226090793749861,0.0688411617120753,-0.306909130397044,0.0090873040607273,-0.191932441179876,0.0946257053859487,-0.0063469933077392,0.0247759277872318,-0.133168512840962,0.0578590441303954,-0.0493979637219419,0.0391045122699486,-0.129162988501235,-0.249619284129084,-0.186595086134401,-0.19716179986658,-0.141946394613507,-0.0464134047393667,-0.497111952925746,-0.0240553807920088,0.0209577107654506,0.142796423887759,-0.0822605072597791,-0.496651142000946,0.0096730978828199,0.168698930508155,-0.0364906333567948,0.111703428054575,-0.120282307332192,0.150584239638522,-0.0660870132539891,-0.131423076366653,-0.300507984513302,-0.0960839640117011,-0.204470206142122,-0.303608419363994,-0.264028306759887,-0.240553924640959,0.0418035056876523,-0.20513681963861,-0.260049709691726,-0.117573788806737,-0.0322029861763106,-0.257595184687413,-0.31353268643411,-0.354093917901541,-0.35709639230118,-0.248933213205616,-0.216793544953853,0.0587066795860633,-0.240988899510643,0.459889588279162,0.621695144630556,0.73783520649,0.808409840126111,0.727525383263666,0.484081254840256,0.613889464223296,0.764252985861688,0.642226947061002,0.747591116439321,0.69895607160883,0.739012339909304,0.518147592690678,-0.105931799659913,-0.107197526881691,-0.0977980846958549,-0.130434098413327,0.0913290706584203,-0.0041272052160008,-0.0952683331916457,0.0336851558005395,-0.363361549997493,0.30312981523392,-0.322778695622179,-0.437974000962813,-0.260215178673458,-0.211418351875164,-0.448010138818249,-0.219899038652372,-0.336293537192893,0.33426647536654,0.0328934631395247,0.110555431829824,0.143762762351646,-0.237190576855641,0.165730545516185,0.302381921430858,0.164258259721864,-0.387471388476378,-0.103081808079194,-0.0144020066328571,0.150142586976572,0.0947286286240087,-0.0221293087758006,0.0991629660663774,-0.0862068111881226,0.0673926664389742,0.0152138958073713,-0.0583862427143439,-0.0430442002743531,-0.189584527119198,-0.132664841916062,-0.0986794920724602,0.0724455546155156,-0.277113990061627,-0.0541949636723688,-0.338259524978299,0.0723680600881319,-0.161848484603681,-0.462869785993894,-0.0870856765086197,-0.334292310896767,0.116279394432992,-0.163043409263268,0.120085098232351,-0.287703007325778,-0.469376953345856,-0.0916898106459589,-0.557031097393116,-0.421468804208019,-0.215190830069944,-0.22654872611364,-0.0563674304612388,-0.549265030595779,-0.212733766140903,-0.405320050879552,-0.241945333513179,-0.162888367423626,-0.164984113223911,-0.570555967754573,-0.462404430719285,-0.126618901969287,-0.216008331119849,-0.281187503534134
0.460575382239898,0.852980140355192,0.379896983327523,0.64403063845357,0.540474626618163,1,0.392553810752202,0.490731024475871,0.774336914811466,0.642445562014756,0.245575541524848,0.773526631099353,0.679513221903293,-0.265278813937948,-0.222619862177888,-0.243331366404883,-0.318678671491753,-0.276964616293756,0.0802764219336531,0.119802350933399,-0.354117317667055,-0.266283419441309,-0.297982214778072,-0.411754371786909,-0.33147249097534,0.422467887956221,0.286252341335073,0.325808382994086,-0.0973103860062622,-0.316663313447382,0.199275857471454,0.0725565271589564,-0.34418072971425,-0.0513897309975427,-0.0864945854774957,0.232941213416251,-0.176151838874188,-0.182660499652248,-0.027911941202461,-0.316433962320112,-0.404303400692355,-0.280419946593217,-0.408740972277106,-0.462251507491751,-0.621173855861941,-0.601999088268288,-0.359093546781493,-0.172398415189453,-0.259880759735878,0.251526706947268,0.161451840927301,0.150083358444259,0.281127565077116,-0.482300555560243,0.253989808246361,0.231113734783626,-0.0026669358033598,-0.0412981814399461,-0.290913105133472,-0.0306104495650384,-0.0645977110813137,-0.221008621126914,-0.319028768178751,-0.087970945740768,-0.155488417405211,-0.251231827517932,-0.172365032610425,-0.427836435678935,-0.304189621413526,-0.293736198875825,-0.413904625266318,-0.425329478684095,-0.208615222530834,-0.570563152512925,-0.374249671247358,-0.0161284307382122,-0.450527352595197,-0.373222480464421,-0.316722574167064,-0.0351387502790954,-0.377052823099648,0.128645631970671,0.432579630395128,0.426888890544382,0.703916007203432,0.512663860551785,0.263647495415952,0.928044519513269,0.491171824120419,0.71891113792798,0.588035971679619,0.460750575997214,0.616035995188088,0.477122447715459,-0.330056241229104,-0.291584169312324,-0.366833563218091,-0.345788869796194,-0.241393473398367,-0.370538291235803,0.0985451825977151,-0.368862275352123,-0.291959793778423,0.180217595755577,-0.438580148729467,-0.296359022681521,-0.408621168818459,-0.0984389997903617,-0.440774330310087,-0.169245489541865,-0.272027197782543,0.4383892396999,-0.0196738597425086,-0.0555066870648402,0.208714383571345,-0.301694697354673,0.205445549100954,0.384232049752647,0.100935324968041,-0.118620741269757,-0.0050346390660603,-0.127327139620905,-0.131853266401357,-0.25458842631263,-0.11576227105351,-0.292918989969697,-0.538792716185215,-0.293164704027126,-0.418537255361593,-0.427086614497966,-0.110952699572365,-0.422854261858738,0.0768645129410223,0.230608250251426,0.349597910693995,-0.484045927991791,0.291761679520722,-0.0797533989167098,0.291210094311595,0.0355725354667763,-0.316554319432739,0.125050937157764,0.1050275182034,0.0998153686352713,-0.185839248754436,-0.0496201169396544,-0.49485607095501,-0.16588937103597,-0.110124224078943,-0.217006249062139,0.0183903586161809,-0.0939941447962663,-0.10174764095103,-0.0941588075701134,-0.296475159920395,-0.200817051887067,-0.419293935243471,-0.408288992654168,-0.300323975885611,-0.157989647283955,-0.389972297559804,-0.332255774479954,-0.22645527095413,-0.112389144674233,-0.141626320686761
0.699705090562552,0.493575933133445,0.670200122507096,0.463557065243325,0.556606037760079,0.392553810752202,1,0.133522097460199,0.500550111374566,0.676480210571039,0.230758024686739,0.603579582259874,0.713685003306689,0.0432292662301953,-1.5036018144177e-05,-0.0226194010382614,0.188761291535056,-0.0636311298334216,-0.166882989458423,0.234417175606421,-0.189243688527511,-0.1561519565407,0.175899832197101,-0.0959434581157965,-0.160849533016574,0.414132806430609,0.51455525631452,0.394303885116527,0.145788612987624,-0.157885574962537,0.462307677115551,0.412609157899868,0.0430098631718942,0.286057455675159,-0.0160933237527375,0.320134827192899,0.259849759904321,0.26216141594162,0.268468219953943,0.0419563275903915,-0.0123412232284985,0.0966603213736225,0.0682779919067655,-0.138102936100293,-0.203637868091529,-0.112363786035428,-0.127900654082208,-0.376106955944178,-0.339234232599743,0.0411275701378052,0.18970389501619,-0.135244747178292,-0.0118414900898827,-0.512620445748162,0.0146855077873736,0.139420196138386,-0.0299166961893469,0.0518852256933228,-0.257015468340069,-0.0726210988559105,-0.112478450354876,-0.245974639334642,-0.141618765140888,0.122990445673047,-0.0029064503015825,-0.0133531493419616,-0.449199852653408,-0.376194702582453,-0.383961692171347,-0.115363980550566,-0.101994794574069,-0.42605360352554,-0.390736945942987,-0.458183934427738,-0.505837134819697,-0.143425891507245,-0.526755494615825,-0.464839956145523,-0.431760988723938,-0.380921961708963,-0.1787893307489,0.264315901175604,0.573244104484134,0.558459350853099,0.602452532096306,0.4765681047635,0.606112565704761,0.374822607293697,0.380977091742706,0.360809387096634,0.502471866083142,0.785021848157232,0.571714515190767,0.738031490870659,-0.06737117062029,0.0218144181427493,-0.0761314785956082,-0.0107979364904692,0.388643267670715,0.0774129379181954,-0.08762005481413,-0.0333640202486489,-0.214205231712845,0.509006325919667,-0.148530274983384,-0.0667681985744434,0.134580229998597,-0.0271724774963685,-0.0840802850214247,-0.168251710996189,-0.129689415912005,0.415578920628008,0.44648860851565,0.197873486828938,0.267498025950462,-0.004637873863898,0.489699083580213,0.598231925300045,0.466302708375697,-0.137677358439919,0.19776475913834,0.220481607219677,0.436054215850521,0.255634226647936,0.271990958081669,-0.047466104169645,-0.109419670031887,-0.0083525190836833,0.0866669360436065,-0.0170969764969246,-0.0800887545648738,-0.209165051359246,0.18014162134508,0.0333549501334892,0.147356743004719,-0.371204536252322,-0.127390760317969,-0.29758712485933,-0.0455617701809803,-0.201165480642429,-0.264940282489194,-0.0741704811678694,-0.159155815404404,0.157837748463306,-0.311349348909469,-0.182973983080715,-0.456183305000799,-0.507049495644315,0.119305646897407,-0.338666144676079,-0.310500938235173,-0.37135152321827,-0.382706265513064,-0.119411446396551,-0.307160258931434,-0.0743800612429124,-0.350253745121348,-0.546225360607503,-0.411635197248017,-0.457753677810912,-0.402026346305422,-0.46980278355159,-0.305201993018668,-0.497990396298157,0.0187917362167358
0.198036104247157,0.546288834522237,0.205625592061761,0.118629535740457,0.405473649044539,0.490731024475871,0.133522097460199,1,0.206673524657394,0.532205660847541,-0.199064436504266,0.263874006181013,0.39755594953946,0.214956671792151,0.227631287155062,0.0132690851868538,-0.0226530131646178,0.0588489074416914,0.016406905600569,0.0829226592734684,0.347029489246376,0.0442407553377049,-0.428617343696493,-0.105566778004828,0.044052086587669,0.0567720164808985,0.269633784427895,-0.104121112676921,-0.0756649611515053,-0.274588933075205,-0.0911655902416008,-0.296212541588612,-0.474095691946938,-0.158046545544715,-0.197559802842437,-0.0790622127318435,0.0777006936729852,-0.0450478485172365,-0.340965280065311,-0.126945682194309,-0.40027090024843,-0.0815782318397171,-0.238063722549761,-0.271020285044597,-0.180217399252391,-0.229770442725714,0.0438255638813334,0.0769767519389151,-0.32613138002728,-0.143100941147873,-0.0968329020620843,0.403337001625556,0.0718021731311072,-0.353297535480545,0.100765676704311,0.149795910274156,-0.109201471500305,-0.371255248806792,-0.313923814043207,-0.128076260980677,0.110155799639684,0.0631243685152372,-0.242075512560852,-0.0710455780234889,-0.308625746357242,-0.265709452736041,0.101024508404015,-0.22734074150562,0.092334806250586,-0.194842907049,-0.416834792289858,-0.0312333128769642,0.288805670981242,-0.203043124186208,-0.0782071804162756,-0.201242353430762,-0.0098849039768421,-0.388155427503345,-0.0741999040654605,0.276942640284316,-0.359882367280888,-0.0696316579257825,0.375585629323095,0.034251493036468,0.509169022924591,0.0707202182256211,0.208406969944127,0.53964581238497,0.215103329857602,0.128959495084815,0.162335448712089,0.274819745928539,0.0802991453735589,-0.005691082254279,0.0816752132526102,0.111554571183822,-0.0036064594938895,0.0826373115237994,0.0732501281657053,-0.027875472354013,0.0015095218383662,0.0064629490475896,-0.0921824611808128,0.230116492695156,-0.0629640316997708,-0.110230897683279,-0.221967424742827,-0.183702699985422,-0.41747635331408,0.0329954761486223,0.0445264681152737,0.0967834739248111,-0.188086976395041,-0.0246923700943156,0.0191393670017049,-0.156622065773894,-0.143598788048083,-0.0999292049139312,-0.249678183049599,-0.302133017180836,-0.245375198827032,0.0066301079921923,0.150902954048161,-0.0011993910537385,-0.335198270100839,-0.0603906040917424,-0.10754461592566,-0.173577633976223,-0.0878272141595568,-0.169011934997586,-0.298730832554643,-0.0348756202071716,-0.315314055732559,-0.0384361161314818,-0.037444830669327,-0.405583847283324,0.0944124255337364,-0.421168735835783,0.168107326703444,-0.340724899903991,-0.467948120427275,-0.172548349828201,-0.162327922772337,-0.349976307185657,-0.273938042411474,-0.0614795646822184,-0.266271996511078,-0.3134001196433,-0.329555192605562,-0.469430852211178,-0.135719224515381,0.0379711351922752,0.144553509401559,0.0692995229982384,-0.451320619656703,-0.096154061534528,-0.359564898178329,-0.105215203517041,-0.0982427724537743,0.069976141176518,-0.45850974748277,-0.23125382389389,-0.379169539307515,0.0192490737250296,-0.518808367891288
0.729547945189972,0.737273093030338,0.377514713578158,0.907434848223258,0.739630881753611,0.774336914811466,0.500550111374566,0.206673524657394,1,0.635577606121486,0.694366804870688,0.916852366822445,0.69437612150294,-0.262300317549308,-0.286707101369936,-0.410958410290904,-0.272528271996087,-0.391065619912042,-0.05110251047938,0.0207863269887022,-0.502923635789659,-0.458294501986916,-0.286626880461016,-0.54897719731522,-0.585412365488162,0.537878057444512,0.319248124717444,0.336195474986883,-0.133659347242433,-0.411219002952591,0.219379451283617,0.284536405569692,-0.336259033309476,-0.0460479343983438,-0.0550710985415459,0.0957457628552142,-0.213294281368397,-0.130315150894274,-0.0037331838247016,-0.225123785922226,-0.0763081358636066,-0.2148493509837,-0.400503853495219,-0.287610770647003,-0.468929438995741,-0.425907577362592,-0.424308487546613,-0.136174940278831,-0.232910994983312,0.20767636780625,0.135686448982965,-0.0485232723837181,-0.0174582812112935,-0.403238979498214,0.053352321646728,-0.0138637269250556,-0.101840488653396,0.355604466378571,0.0366598053502022,0.0343848434966674,-0.284668931519625,-0.350650272120818,-0.343878446472253,-0.200635933140359,-0.127506213360616,-0.252472314938,-0.310289502206164,-0.288193853046882,-0.14495543150586,-0.367802638416452,-0.371619988318144,-0.322497451910625,-0.353186029686644,-0.359158585906555,-0.509452991483124,-0.12263231667702,-0.481421752410183,-0.0733550135085307,-0.255740873320333,-0.0639528857461229,-0.172920246411575,0.39940161529027,0.412169069836144,0.642140395282294,0.766446986109224,0.807017818027888,0.240508366531651,0.806003529628373,0.78194302572476,0.887651065119865,0.905517865885461,0.525285104206063,0.907405535390777,0.586664320626956,-0.419900969347663,-0.304244971367237,-0.410282742894599,-0.484597799697417,-0.200896441204899,-0.288870114953659,-0.0428406622014956,-0.100210924586862,-0.47672725651753,0.159538385627986,-0.477523733769483,-0.482318816969784,-0.336267650193512,-0.199092432696159,-0.38478230335282,-0.358303311781077,-0.510488300618667,0.382129464883819,-0.0224738292445836,-0.0513207014845017,0.234409293089142,-0.383330127147469,0.21381656621788,0.439977177009492,0.27446246318761,-0.148612470013704,0.0002261646710955,-0.166748560847878,-0.0323232814052677,-0.166616458875246,-0.0290311725451615,-0.219176944142073,-0.45372486253543,0.0112070011276293,-0.237978977395855,-0.21816641048852,0.167455250016157,-0.335334426660497,0.156267009781555,0.246035400525167,0.301762361886454,-0.165970379169623,0.0442303031275654,-0.0329191145124939,0.134781055233101,-0.0489548189416912,-0.199805299887464,0.208197797361556,-0.0485546243834348,0.430710571633347,0.0801016883407667,0.0947777769588099,-0.267669834259897,-0.292062458899739,0.0578646554658808,-0.221640497568656,-0.0628181309469089,-0.287088557312328,-0.324270056739278,-0.213508764658177,-0.295587816134067,-0.212667211994372,-0.394525989361883,-0.283305313818015,-0.189037432704756,-0.302195211273618,-0.300349766994124,-0.353999876773127,0.0830160689831838,-0.164094623647924,0.0638837991180916
0.753010815053649,0.799839237814115,0.676286959546422,0.639193738652761,0.740678942987713,0.642445562014756,0.676480210571039,0.532205660847541,0.635577606121486,1,0.216210062695806,0.769680938766182,0.911855295044217,0.114533265219973,-0.021799124421879,-0.0900833624326502,-0.0153234035897133,-0.177192085679626,0.0504934043513428,0.216187399260747,-0.113914170361072,-0.298623908913607,-0.279822376027184,-0.286329738233886,-0.352122064907273,0.512701336952469,0.393735094008547,0.240873655531524,0.0234049814972362,-0.279739801917185,0.251852865694607,-0.0332238186207587,-0.291197870023115,-0.06689326672262,-0.318192211944483,0.0460260871527718,-0.0577014797280532,-0.0166421728702995,-0.208210713746589,-0.0468093753942099,-0.327467418421902,-0.0381080494811577,-0.254605456070165,-0.41034867421971,-0.329718880855739,-0.41657562134035,-0.314528026304765,-0.0785177979413326,-0.440501576693841,-0.11008975664655,-0.0179787120188844,0.175680044765448,-0.030892162559118,-0.543267979726924,-0.0661132449641201,0.0957407606617275,-0.209116522837278,-0.0947830262576482,-0.25340248766314,0.0007579740169943,-0.0217829349091104,-0.179865076726844,-0.36316759899199,-0.131906856749462,-0.269383198517579,-0.322227176309802,-0.18169804687798,-0.300100544593464,-0.0693282091532424,-0.289599839195461,-0.408564530095887,-0.221817736927497,0.0010339326161385,-0.399870567830493,-0.408975921679744,-0.34795672570807,-0.387744419182892,-0.441649148604352,-0.257767547748861,0.039508329506772,-0.466571430232579,0.344381004397374,0.705096934083938,0.683350402801345,0.87092957815082,0.606768299252379,0.576412420601951,0.622570203731286,0.63016679138714,0.538440084495905,0.642394106450465,0.837896089799,0.672729237681274,0.662142258203621,-0.130578295042121,-0.134952387833347,-0.141264440056879,-0.154755808982776,0.137224115541458,-0.0501067148328313,0.0191431562210961,-0.117640643329147,-0.455148040654869,0.38467274589675,-0.301957607702355,-0.358512646924656,-0.204382412189624,-0.3268722237114,-0.471854288073976,-0.234078487902928,-0.327470729935801,0.41511744077129,0.0759651909900966,0.0443644288947116,0.144253150051327,-0.174390724966041,0.232797284379528,0.4098854709991,0.158788287505377,-0.325858811145445,-0.152390315275708,-0.0672321009294259,0.099642268677483,-0.0203401658152237,-0.178394773229564,0.0646570865549725,-0.211211951054565,-0.115975149205441,-0.10176947135494,-0.126021723950863,-0.128297482040761,-0.276643788096001,-0.17269307896301,-0.038290461864171,0.174195509878511,-0.383294358180437,0.0214257024383362,-0.324071045897386,0.148966222821436,-0.247760507008887,-0.42151776077766,-0.0920914693761922,-0.20568289057061,0.0136182487185591,-0.194589299170516,0.0324947465979552,-0.33394516933161,-0.407678158155841,-0.0847146769672152,-0.500034063274249,-0.173036971260551,-0.178263292781765,-0.0651145163602529,-0.140839456615538,-0.513658598598327,-0.354602921375708,-0.436983940129175,-0.335993851966927,-0.227573123992372,-0.0945448024057599,-0.485087192311579,-0.404186550368227,-0.282145101577609,-0.17619784817754,-0.340767393173414
0.443189778046533,0.25428475425875,0.0699412106126781,0.627117868927494,0.432332452129115,0.245575541524848,0.230758024686739,-0.199064436504266,0.694366804870688,0.216210062695806,1,0.558336334636698,0.284292800508608,-0.406341488406944,-0.50024629787691,-0.656325193192732,-0.413179754735061,-0.514163632626055,-0.142503564642757,-0.363961479129916,-0.630756297929163,-0.559938762909327,-0.186442146683471,-0.581908722928844,-0.591008805603229,0.315314990517066,0.128159834125358,0.129546321682001,-0.244310483239635,-0.387776842265507,-0.0579754427689208,0.459737901810217,-0.203736441611767,-0.11642710491989,0.0100990066939895,-0.222490584101168,-0.317458808379099,-0.240739582900479,-0.035478313610126,-0.300048767496562,0.165817933062318,-0.327904695315597,-0.234068032212576,0.138166423518457,-0.20875066695398,-0.0545294195753115,-0.387501039109844,-0.0626518609961609,0.141315440420098,0.115915038294017,-0.123047766253812,-0.27106142379135,-0.358639920213955,0.141330681254165,-0.268017528019162,-0.317033708849054,-0.102004535613464,0.857266563423593,0.530923317606646,-0.143656534610228,-0.290007418682387,-0.212898827616335,-0.0221200380525954,-0.162938225809365,0.155759003268028,0.0456499507526216,-0.105367284714227,0.18219420155803,0.213727894562065,-0.102489798071025,-0.0562154453957219,0.108921421522014,-0.260058306542376,0.155621740808007,-0.205536301334597,-0.137285739010851,-0.101125180380653,0.534254574045395,0.210756176480239,0.0586504367199673,0.375116241448571,0.509433466496696,0.0992958297652124,0.489971151663384,0.380375077346653,0.55141480488885,0.0206230354819302,0.324399437598796,0.686309289067493,0.575948618905733,0.713582450002568,0.2472052713087,0.692853459259164,0.394779395840135,-0.561620475712018,-0.436267098784928,-0.558184602307523,-0.570784650517269,-0.347302731920874,-0.38796378573863,-0.211015598130679,0.15796084086189,-0.375496066810468,-0.181472859273722,-0.495075155506325,-0.364701918638357,-0.315558217934533,-0.226795537443525,-0.228701400931757,-0.278785490428724,-0.513254141271473,0.008144956534947,-0.0218585632047003,-0.18846599645404,-0.0370422434280322,-0.366233456652064,-0.0286004418017568,0.169512658129206,0.173109676986821,-0.101009072260974,-0.19736141087882,-0.112996893903936,-0.0799450363148944,-0.243307852270719,0.0212428791723745,-0.226816399974108,-0.388853827416305,0.149968606774296,-0.151342384153667,-0.115154396172193,0.448904405110838,-0.0914295411546083,0.124983240127017,0.0899057678773741,0.0208560083773771,0.275137252857229,-0.274136126244928,0.141397997155188,-0.328552414338513,-0.0683744743597767,0.0723719697858354,0.154074315002248,-0.2187220953545,0.721143474153079,0.499223307010397,0.138410550411408,0.0966018517802939,-0.257534521783647,0.34652708349775,0.0193155132343215,-0.0675646384876466,-0.334128853439919,-0.397165046045177,-0.298648385162143,-0.102587591304827,-0.114354274593318,-0.0507964459128257,0.100455893191397,0.17778632358924,-0.236251708364635,0.0626509199026993,-0.114269491819597,0.621166530722012,0.0937049345731629,0.436729269932735
0.75092792187603,0.782754832779003,0.55895215561247,0.884019998545759,0.74427685308792,0.773526631099353,0.603579582259874,0.263874006181013,0.916852366822445,0.769680938766182,0.558336334636698,1,0.865473052886409,-0.183427942213248,-0.20744406614061,-0.32289238820263,-0.227541196566196,-0.294104468068682,0.0262604001941619,0.088025138730915,-0.461015681079146,-0.416541188403287,-0.258886227748324,-0.539959797832796,-0.59840875159171,0.612620964353365,0.389766671133906,0.397286000096334,-0.0426364197789702,-0.3460628306331,0.31268712864958,0.278763545250735,-0.246672458842667,-0.0684626674092903,-0.112170274030174,0.133453845707526,-0.188977789455973,-0.0800460522860733,-0.0393628748533242,-0.206650719100147,-0.230191428341285,-0.217284930516929,-0.387898371974856,-0.406802449473534,-0.500038807020201,-0.512732447833442,-0.431849169269344,-0.145874305535573,-0.367964597245536,0.136796750277918,0.153071192386322,0.0181838454505487,-0.0061542137649845,-0.526636597721868,0.0125936266210131,0.0431343920925981,-0.121887254446851,0.252421431455084,-0.138417351607124,0.0012759560332595,-0.24223422364465,-0.332657957867608,-0.370392131061232,-0.176866827795246,-0.148114806755184,-0.331968354576304,-0.3266341429308,-0.369882432539457,-0.189564399890662,-0.363357235165039,-0.407234517119738,-0.379549718387924,-0.303091478517416,-0.457306558736185,-0.556002560471157,-0.202787177630832,-0.529037367037448,-0.233305676734581,-0.306597387005928,-0.0956405950903855,-0.283847531134448,0.360410119249493,0.473421436805035,0.651437540596641,0.825615028597821,0.788638105285904,0.384290091595393,0.780315601424737,0.76413446333916,0.876524901033543,0.848946910651659,0.67947758615117,0.915403283595886,0.664220596180958,-0.359740378048684,-0.253384441420006,-0.338381547739212,-0.362308315836775,-0.121249683890819,-0.201303561356307,0.0059547030770666,-0.218437738553507,-0.426608994054876,0.19757345809881,-0.521909361389067,-0.464402219289849,-0.320183032558025,-0.165280739443143,-0.471020104337564,-0.383567912023098,-0.564460783391195,0.43107554621114,0.0614476324515171,-0.0119874233398603,0.264154920931827,-0.27889046541086,0.297713153184439,0.52199546859926,0.194735942600373,-0.240542841654001,-0.0883649100922085,-0.0797312660405021,0.0302423142109255,-0.147263133369014,-0.0777835220426192,-0.174475709432878,-0.431221676156658,-0.153421532147685,-0.297865756781377,-0.328903684944034,0.0128604818646087,-0.356026310414563,0.0042010769269179,0.150061931529187,0.308921117204617,-0.333801154076097,0.0612307635829581,-0.14986780442856,0.149075156334142,-0.0807642364611956,-0.376762268406343,0.066087426427322,-0.116116289064069,0.316587915584477,-0.0773444231433107,0.0473597863290299,-0.396906323934773,-0.370697799475981,-0.0259454811333062,-0.320227482617385,-0.129178487619945,-0.27193147725217,-0.310054300486346,-0.159992539479229,-0.389423484792505,-0.212451401643137,-0.426864211487668,-0.428790687888444,-0.322319413690617,-0.30275099269966,-0.442304409489493,-0.460513194232124,-0.064715560511177,-0.218415489024646,-0.0590179827229695
0.72801095699505,0.794836822864398,0.726776651715056,0.748433046130722,0.715034146164063,0.679513221903293,0.713685003306689,0.39755594953946,0.69437612150294,0.911855295044217,0.284292800508608,0.865473052886409,1,0.0013804166626772,-0.0767914406675989,-0.155615210043936,-0.0783269837929657,-0.138161092186684,0.106493398243887,0.156633958437163,-0.272186902455344,-0.259814108804912,-0.125081767420174,-0.355707136488131,-0.4417812387393,0.614551737979916,0.517106166563902,0.37160219862112,0.127182175811379,-0.215872251144539,0.349080842854023,0.171755301167246,-0.125546088115838,-0.0783288187647931,-0.240972052469832,0.179846842319533,-0.0914336533088146,0.0673438555181177,-0.0355009927918315,-0.0851782052845218,-0.379922433528429,-0.0830433747759679,-0.267969909414816,-0.456056366381661,-0.416698126664679,-0.425852282847857,-0.412884692753992,-0.146179053708926,-0.474767631165798,-0.0096957924393798,0.0955650008898774,0.179246944894467,0.0139446210886081,-0.626252138285186,-0.0559876661016895,0.108460114250451,-0.194515298649456,-0.0016187912173691,-0.293422788388838,0.010163953479317,-0.106387445704112,-0.265712532757666,-0.366952053898443,-0.138639830032739,-0.253789936840848,-0.300747496287545,-0.293564293159062,-0.378893414503031,-0.199914094936354,-0.325740863096396,-0.410425592945165,-0.356229510955075,-0.117388399721001,-0.511041493869537,-0.497473429343593,-0.322060876243302,-0.480959549913811,-0.442500017393489,-0.322727858309287,-0.0570707016388943,-0.400085853129005,0.328924746177221,0.56099882687312,0.656274334021276,0.848649566875273,0.703195366429356,0.56116124914338,0.606427773660545,0.67426663052197,0.684770419005004,0.684587719216469,0.827012867211498,0.733750786372806,0.72052286294337,-0.241898944250868,-0.191573470543851,-0.198336631621324,-0.207886961355415,0.101067168599598,-0.0712537760686634,0.0828943644350877,-0.232025423849685,-0.31839540738833,0.304794775843409,-0.398235685586796,-0.293400991723719,-0.232535034994028,-0.211561888875321,-0.45525337663877,-0.2658830893951,-0.451263619175932,0.454890349466208,0.126333126328379,0.130771196125271,0.253643488987299,-0.0971447587765582,0.363662644386959,0.510272240588862,0.177781701597955,-0.325645785431819,-0.0531753359205908,-0.0706931626145046,0.0869764060672528,-0.0086123045898909,-0.0857292674873246,-0.0677901146410496,-0.313105822115324,-0.199365053061687,-0.186809614859398,-0.24582660336481,-0.0953438672191796,-0.378047437094448,-0.0603464398692022,0.038317874520431,0.209989212217264,-0.46371219839472,0.0967177903729609,-0.35778801657515,0.172709391343469,-0.191952110902478,-0.435433474597427,-0.0891824962806085,-0.198010476180234,0.0647522304663392,-0.247697559853914,0.0088750010528836,-0.460411286498479,-0.411502848449501,-0.0995554628138272,-0.464248394754386,-0.25016825793228,-0.250124204146798,-0.18192523495171,-0.223557785642475,-0.48725099785333,-0.36584124524129,-0.445672525528041,-0.462670020702599,-0.364388402271486,-0.197614029038639,-0.542859167339851,-0.510431069803074,-0.295110785026754,-0.267178047499568,-0.259553325823284
