1,0.525718500997543,0.214761821319595,0.697438740718756,0.488480859712732,-0.0428042602518787,-0.203676575945269,0.206629241224237,0.661582362257476,0.450946006017996,0.634870263902484,0.557783896414105,0.666283830107694,0.185606376289205,0.169568943725273,0.0619659097632619,0.0784328102766323,-0.11868971795296,-0.182944885627682,0.104331808381131,-0.0443968765644428,-0.284068459567603,-0.308026236732149,-0.143521976909977,-0.125423628676865,-0.0216750441044564,-0.0905823842344986,-0.0401530850565779,-0.234940372375687,-0.307190858555908,-0.198286817607943,-0.103682488298203,-0.132351196241395,0.249757325928001,-0.108921231519678,-0.203879196385284,0.4464828485563,0.0588986613643021,0.18676870514076,0.421783156119189,0.139366560523079,0.139857391899204,-0.0003459386935945,-0.153423868150425,0.177204667426124,0.191515789581864,0.0883775464073624,-0.160760824335485,-0.0260371155053218,-0.205953149430921,-0.194605114528277,-0.0832371969899599,0.0699083737885691,0.0303032473663347,-0.0566450669512569,-0.224272759131023,-0.153852817408813,-0.0356890731811423,-0.31644149517578,-0.172158900016019,-0.37528111629051,-0.394422504845639,-0.198484387529749,-0.155200453665198,-0.549474698968097,-0.278060250515003,-0.453027346650305,0.046015852363979,-0.279364857534603,-0.0294213754231221,-0.132383737525753,-0.224498727063108,-0.355343628279922,-0.19749499328021,-0.0456503240379166,-0.38392938811597,-0.100262174266446,0.063865897202296,-0.560929522836651,-0.32775927225271,-0.376194310297448,0.0779945574799385,0.195859950832258,0.285180750461748,0.634232844548561,0.778665694100996,0.176251598533198,0.143327870822158,0.53917205853501,0.499969355601877,0.595642618254827,0.222177264340174,0.474185658836402,0.611800006054402,0.498922439081508,0.264465437488779,0.18101044771576,0.0502682079951279,0.311539639968093,0.109378453086284,0.160937079480016,-0.196497098416941,0.162918139353284,-0.114697378259019,0.260840736640215,0.0487355885872038,0.128850326615842,0.0463985401109842,-0.0318889117013292,0.175511967410957,-0.0409879414250201,0.0150887964091449,-0.0637628671153231,0.18149954272258,0.0667345072669151,0.0093611931981161,-0.164854129106493,-0.20131794716018,-0.0629550949752577,-0.0566343610827889,0.604360540541681,0.0236134490692991,0.222083928555772,-0.227788696302474,0.31196324483934,0.341915505358634,0.186084384902329,0.0237793363077773,0.320721791155555,0.256223249916146,0.232708741325638,0.287625185284555,0.253762612627711,0.41259752147852,0.17353716953951,-0.0027519006927947,-0.22101388755636,0.0343441379386857,0.0275342097182613,-0.0034204016847577,0.117582461832884,0.0570146591969829,0.0646263167988378,-0.152581186628182,0.0120231886000543,0.0140625895058594,-0.290345384832757,-0.0378536888239514,-0.0437077552281941,0.0215957539317983,-0.165883352358332,-0.349572041955857,-0.28874666248504,-0.247255799718439,-0.222450492755042,-0.39434975742718,-0.134997024886353,0.192988312227088,0.22238588767546,-0.24097088718434,-0.247221749416206,-0.269458507875637,-0.396421092840957,-0.288403556300104,-0.147730024900195,-0.532716792968461,-0.182931670269615
0.525718500997543,1,0.307889724215747,0.582020633138941,0.107865066030603,0.600369113875184,-0.19950326957434,0.373632135712947,0.552845110505662,0.447567125548686,0.038569124933796,0.0750302198950301,0.493936691649445,-0.144196711177252,-0.0628176596845001,-0.227030547888298,-0.260691317871331,-0.22989213043279,-0.347354335878049,-0.129577341856505,-0.335329777239824,-0.246868341757003,-0.0448189098125018,0.0154482484597337,-0.254468158051841,-0.0390684307403984,-0.343473481373002,0.0590720874677422,-0.147669983018166,0.0089136485351362,-0.101268850141559,-0.290877029194161,-0.125255407384898,0.181812376045555,-0.167495712207469,-0.180392593474476,-0.027780171894909,-0.212758340609742,-0.183405083482583,0.106674323189939,-0.136261567534095,-0.176684142257696,-0.202927441913308,-0.236754513823514,-0.175442522474955,-0.349023518417116,0.0168962719989504,-0.0555489152560544,-0.123652398496559,-0.185935060077418,-0.205806061418646,0.0206980959812185,0.132397699473323,0.149158798736199,-0.108291057240802,-0.0814777661693869,-0.0980114749207047,-0.302435531673686,-0.267670854624565,-0.205874917832998,-0.301035647337011,-0.366150943155942,-0.167993885233673,-0.426585948897069,-0.588615008512756,-0.335420891745179,-0.394735331660738,-0.0520367967367384,-0.140536090033693,-0.0553961150938598,-0.0831746944606239,-0.207788924321193,-0.225385236927817,-0.237690671593379,-0.0051546781217101,-0.348377128493854,-0.017467042427671,-0.057854403846933,-0.468855454108845,-0.278372517833898,-0.527628596054658,-0.174549035826505,0.364668838120132,-0.092690439461629,0.80496266071253,0.29042704532419,0.420075575151541,0.676731289432022,0.0374121091961966,0.50156881027367,0.147108204533843,0.618213935997493,0.247300201181918,0.208438455144959,0.3213590547301,-0.0466447947545044,0.0622646937058628,-0.168112981620883,-0.1823267191758,-0.13537381554651,-0.245001255473218,-0.355535303377381,-0.152159435171095,-0.0388547046403872,0.0114636781144201,-0.19517533648476,0.0377255133419071,-0.143749934256686,0.0823070955901848,0.236305394401705,-0.169159877597472,-0.309444316253638,-0.298932720347281,0.257631718467759,0.0490386901080479,-0.191217112072102,-0.128544298397788,-0.11507869671121,0.107536860496824,0.0244040664408735,0.206237219881126,-0.183817420512063,-0.0424983870380366,-0.327421774610707,-0.107808132131058,-0.145758095903487,-0.0741690078489584,-0.323340407223575,-0.0953523975773294,0.0471219611013937,-0.0876349769942867,-0.0708613413006507,-0.134771589020074,0.23338278807146,-0.13829686114116,0.0541422471441524,-0.151853618453526,0.0963874749348438,0.294649896224352,0.124957596561994,0.202188595440323,0.092358833612179,0.0730862054244578,0.185603035074523,0.0743995123093115,-0.314463090997467,-0.240209735119356,-0.0347056222945586,-0.143971044244156,0.148269633251389,-0.354900080466041,-0.498670557957761,-0.172927894475962,-0.184170559756238,-0.230694826844538,-0.423790079204966,0.0810839318059375,0.146912000688613,0.357804936463244,-0.0818603574482059,-0.0198809255580303,-0.0217945607129853,-0.22635366470735,-0.235254016401192,-0.240566742735347,-0.492758139150471,-0.425309942757455
0.214761821319595,0.307889724215747,1,-0.0688870245944096,0.0322234693555553,-0.0837136112426718,0.357929161185448,0.119965418194454,-0.0196392634299487,0.658005904814291,-0.0877195585907266,-0.091802845351389,0.350043379487742,0.0067202213710159,0.100151312423413,-0.0599499274083119,-0.0725290670701844,-0.329467142421141,-0.282169070129375,0.0277592678833797,-0.182558106693578,-0.40655317694027,-0.136251361244948,-0.0982355952616589,0.193959537668286,0.425777702845289,-0.072568997359979,0.69244813676936,0.0268455752285882,-0.0581317693917371,0.0892240184985735,-0.35303269882533,-0.144823986832332,0.712107843153374,-0.0801923633344737,0.511130453589657,0.115188760500217,-0.205395608981695,-0.302089950741193,0.0255169165378241,-0.0341618134432573,0.0489932188669526,0.170117173219412,-0.484917682428608,0.109412172686566,-0.198517429109222,0.338277460998128,0.0105006303419199,-0.43070767002216,-0.364094328546983,-0.0373086922843149,-0.372861603124762,-0.103374826505367,-0.175087442899717,-0.394422479493007,-0.0214657790541789,-0.0840680414792375,-0.396466786430905,-0.242557498458389,-0.131151238038711,-0.0455796941700686,-0.130749432429033,-0.0977537427118041,-0.218900705535728,-0.525428824210569,-0.427123910525275,-0.33966656420115,-0.146040012562829,-0.121791618844603,-0.126310042560586,-0.178530917811514,-0.29402961233228,-0.0315801858960938,-0.227257805466958,-0.0210622761956692,-0.490390529151973,-0.0872505014847424,-0.269417591142789,-0.250098420980593,-0.290951494397863,-0.387480727990594,-0.25675675183532,0.289920937862463,-0.389404175077202,0.0726427965295365,0.149631190200731,0.776293314258867,-0.0339744117431183,0.14817445857335,-0.0372593726006243,0.240033310123724,0.638286177011237,-0.139023989276368,0.172338354520676,0.454087399592323,0.131200301679284,0.279416223543978,0.0397899477232355,0.0883295589086493,-0.0489318347390852,0.058883390989369,-0.285104333814893,0.0520187090885516,-0.144212692053927,-0.0899045250415596,0.121525418476907,-0.0999382226160539,-0.0393898357413697,-0.0897627331917812,0.190622383211195,-0.207403117217779,0.0703990133238603,0.115466393820286,0.787856773555955,0.195008142225285,0.160956277428042,0.329078747361063,-0.0249364184849057,0.626653288927285,0.500799416645892,0.535081096115299,-0.168081747701326,0.304117673106892,-0.106531336734555,0.0051498417409271,-0.006443709704267,0.0051012316937649,0.0370414920979955,0.176008175022501,0.047947438093636,0.127308673058572,0.107769633768818,-0.241034763507929,0.0798950419577345,-0.11305073620627,-0.152741590744831,-0.113056065311679,-0.144774203405484,0.255609462291894,-0.0126761890755622,0.0797824741664453,0.172063122226376,-0.182689616719886,-0.0531316295171819,0.0542289102641146,-0.339090121519823,-0.207874702722199,0.111841110111418,-0.20623054578859,0.186473887977252,-0.441406918359181,-0.289742908450473,-0.0691290736893429,0.171781703336556,0.0367038109552684,-0.102298022755012,0.207120959771836,0.281952713984935,0.189444856043791,-0.202282718500107,-0.232765457489303,0.231066855093127,-0.221883842755364,-0.450270940255715,-0.427164477245535,-0.271377363678654,-0.478118143053969
0.697438740718756,0.582020633138941,-0.0688870245944096,1,0.288099639753358,0.203624126760527,-0.170431755037941,0.31841819789037,0.851022181400615,0.411752490509536,0.40239255349837,0.535149297002404,0.663120316767162,0.021839283170866,-0.0243941269861285,-0.161095095941867,-0.181219001536552,0.0200189572924475,-0.200116185473907,-0.13945632857243,-0.133680497244413,-0.151869198178737,-0.104698529336924,0.0019908070033713,-0.231547722343849,-0.0263962403140997,0.0567934764281286,-0.213147044868596,0.0129419078572055,-0.107819295919085,-0.161440491759968,0.0482933955654353,0.0593173450775528,-0.167328450936756,-0.0271740193790333,-0.377636822526184,0.223086844605324,0.250685424739304,0.39688887101871,0.378490753650516,0.121953928352794,0.0833519875192087,-0.0037189881906619,-0.0062235880124501,-0.0188586675639961,0.180254924359324,-0.114271892999502,-0.0822934237336011,0.151699853436907,-0.092262803270216,-0.133408702993693,0.183845347923456,0.071184854164445,0.0657333666032915,0.12794399689683,-0.250354366739973,-0.173945883352249,0.071766433149511,-0.210967539199328,-0.117628866587752,-0.373455014029872,-0.427537004698718,-0.146850159896894,-0.232445510320302,-0.357622440157386,-0.14683356473373,-0.365504056923591,-0.0012146836977865,-0.31652326773004,-0.0292894718544994,-0.042093158598308,-0.167818602307462,-0.353990705297094,-0.107910139974466,-0.0812867320345845,-0.248872308466832,-0.12751493956543,0.0361321766331303,-0.590341979763382,-0.329227376207967,-0.289387577660482,-0.0057075391665114,-0.0071728921460124,0.110882372028318,0.773155413041089,0.616735148846996,0.0888121796349532,0.560195582201004,0.235784490973997,0.727912507632642,0.279372981661731,0.363791216223261,0.730584461602531,0.420824910613243,0.317872433539909,-0.0256433662503299,0.0028101781234309,-0.187906569915703,0.0813753405297466,-0.11900688429515,-0.134702163769078,-0.182364754545177,0.0561826523405334,0.0566946885706393,0.023499099874978,-0.109395775060054,0.108386105994033,0.0175413037654736,0.0153668117855312,0.101812478950594,0.194379402178852,-0.183764875517486,-0.193811942616251,0.0340092271358261,0.243523539374466,0.0494825870526872,-0.188172834750971,-0.0504662372193489,-0.274036806076775,-0.120160807288952,0.225400246164473,0.0935306227505997,0.0773685122056977,-0.201745450781915,0.104736673788014,0.314058052149209,0.175409483524392,-0.272303008258078,-0.0042617340967851,0.165626649670921,0.0999019856426023,0.168691479443643,0.196041413548804,0.319582998604944,0.235818904662247,0.0230513159439735,-0.273019940255304,0.0614465824041028,-0.0248773960353221,-0.0591968005270475,0.147149616612491,-0.0595983417162618,0.202080506200432,-0.122152436083998,-0.0144213306752831,0.0188107637629177,-0.196859858398769,-0.0478113253652087,0.0420674451831322,-0.14472140579769,-0.178042568292406,-0.367485631989343,-0.38939370468014,-0.375980364180025,-0.490975649952842,-0.52723496567059,-0.265984785707191,0.193980229831633,0.285307981412527,-0.197011752350469,-0.0323494050539935,-0.400296134536473,-0.54075320090923,-0.174515523152277,-0.14277841163631,-0.660670064685711,-0.148059956329308
0.488480859712732,0.107865066030603,0.0322234693555553,0.288099639753358,1,-0.153822752957314,0.208553564018497,0.0147319293999737,0.313735101852157,0.230120243970686,0.531589093581625,0.225067668158957,0.275355260984174,0.127644411819181,0.18909219155463,0.25025136236735,0.199817435352784,-0.0825307630427538,0.049944181610276,0.208182120384217,-0.0693979939495801,-0.275548976510603,-0.281773424764815,-0.292887762542942,-0.140269266319371,-0.131381831243463,-0.164630206748755,-0.0139438847005843,-0.263174645179652,-0.272298261489492,-0.329471930260917,-0.13098263699682,-0.199709426838864,0.173503549464017,-0.214489219660782,-0.234097877331716,0.290159213482638,-0.118793193467056,-0.171221012314434,0.0876355067076189,-0.0041166832053195,-0.0602018442752198,-0.196830385528874,-0.052010246473494,0.106706242825771,0.0189324266191882,0.0234324158220529,0.146269921271472,-0.202953423145343,-0.105913530120812,-0.349586201714376,0.030288400637498,0.112521265655962,0.061583061764827,-0.224591222843074,0.122363398828338,0.0371274399416347,0.238737663001151,0.0240379448625818,-0.226217637191684,0.004662400562607,0.204037979819432,0.0372325488336747,0.147060727232902,-0.0117533933279741,-0.0985828972898334,0.174327133201014,0.0174390465291852,0.212304001863383,0.109835757914342,-0.091284811587788,0.224753025883305,0.0684740247049565,-0.0391781844833396,0.0137159523106355,0.144138899315185,0.198443220437656,0.528651722358514,0.0046981060868737,0.0112463069510224,-0.0086794646316706,0.335626769009291,0.0850982278807845,0.486946576639256,0.207655505261189,0.471542598497134,-0.0111185042368391,0.0006446070163467,0.60843076713492,0.166275567814785,0.506631851838037,0.0979397777629564,0.191556125881288,0.422252130759014,0.219267748883086,0.212803917677211,0.153343835002476,0.263831377338892,0.264694940947803,0.268254339590242,0.251885479627644,0.130635356873213,-0.0071579838740764,-0.126362986663621,0.319543106681881,0.090844978477527,0.109337167010677,-0.0461570246081686,-0.0199323726877021,-0.0162188629773891,-0.139829201675907,0.0329592631246612,-0.0504934484550517,-0.156144804970735,-0.0796081121299271,-0.0747129012647279,-0.360187325579453,-0.206546578715292,-0.205838413063221,-0.154502374007334,0.267293831136151,-0.142521303461021,-0.141614787087006,-0.225716487807228,0.239507076723363,0.0961707143269785,-0.203575245869819,-0.0569315866427021,0.129869265910791,0.0070788697680573,0.0093908034898669,0.0004685938554155,-0.0479501844930273,0.0178634726760548,-0.250127700939222,-0.301413065909312,-0.203219056458505,-0.182199975950587,-0.059557857036548,-0.225427184043668,-0.358035957250277,-0.0323470637735853,-0.281603054626896,-0.186830554838228,-0.281432815449654,0.152534648297555,-0.276319687115473,-0.234242866113017,-0.0496278943268672,-0.124142450519703,0.179900663322724,-0.223148602626054,-0.0770076390939465,-0.0762533351196858,-0.0173988156018779,0.0977031976051238,-0.0130124616194705,-0.0375679091887478,-0.192040331536085,0.146485794224169,0.0491902805079792,-0.116266125713014,0.026396345549967,-0.179175275049493,0.328175756017959,-0.0618921449587689,-0.03355249071422
-0.0428042602518787,0.600369113875184,-0.0837136112426718,0.203624126760527,-0.153822752957314,1,-0.188942292024573,0.416923582886146,0.273689265214222,0.0759963697806903,-0.0920830284334607,0.0151721821105396,0.172142357252149,-0.352686784658109,-0.106497255402427,-0.182970971313409,-0.167275080010667,0.0414188771192433,-0.126240676353012,-0.156881448224375,-0.156573260782905,0.0767582138824419,0.283159122997285,0.242664520528723,-0.203772600960597,-0.233515060983003,-0.242139703967678,-0.189626418320788,0.170210837756624,0.315752116887069,-0.0866368482197739,0.0222568375588351,0.174002342803437,-0.20998323828931,-0.0360922426949104,-0.223006586706662,-0.337712507663131,-0.0127455940686,-0.149102759492034,-0.119624359935071,-0.184446361806846,-0.151751565833637,-0.277228070795724,0.0214935499405651,-0.240924574131114,-0.330928536949131,-0.0249800958459043,-0.0368056460046385,-0.211424667904411,-0.161810788598837,-0.179934117440033,-0.0780357625022882,-0.156656176912205,0.0509096575513199,-0.0688095533247613,-0.174505475681469,-0.200374331423549,0.017914047717567,0.038545932887948,-0.196336999151677,-0.233829610059189,-0.220245607601451,-0.19770716310273,-0.294749550637526,-0.0753422569082211,-0.244709080200481,-0.19543276426295,-0.285489038942394,-0.105260798190095,-0.235272864934303,-0.144855241902335,-0.0913790773572211,-0.220065781166333,-0.0571114117672661,-0.253622210208362,-0.0253847718741413,0.136612942383525,0.0458871584102555,-0.124328414276436,-0.23617727019467,-0.123941552355618,-0.119564292986882,0.182773837474212,0.0040960591864659,0.445402257110068,-0.108546409380964,0.132089802561845,0.750773611698536,-0.151334713278771,0.355957047843129,-0.140090297812544,0.392317624727963,0.115413571561974,-0.0300222932123632,0.0212656455140084,-0.2384262102532,-0.142922931831852,-0.127194794772337,-0.321693029880803,-0.0063581704085898,-0.221994527341041,-0.0982645298755602,-0.223553111650311,0.29551265663158,0.109689706255922,-0.153357182109666,0.180656860243261,0.0502087019812084,0.320231200318288,0.181836506933615,0.138205993335944,-0.246102906540882,-0.250458932934709,-0.0602595760361094,0.019481070406548,-0.0494074079484574,-0.129705595697632,0.203828980979995,-0.0933083864109091,-0.0869908785919172,-0.128708231510259,0.003058702105333,-0.217449961332602,-0.267473786752171,-0.267191538074993,-0.215254648094784,-0.0145853765578098,-0.40936738514131,-0.259436322204512,-0.136251091350766,-0.0408949193868756,-0.169720394028852,-0.133269072835172,0.20410456059337,-0.145926665697761,-0.0695426711933394,-0.193441421125067,-0.0342571418984215,-0.0417227280359968,-0.0087362589967219,-0.0088158865050619,-0.229413479333654,0.169588782156234,0.0725983084975599,-0.116729003205303,-0.0416330651127673,-0.0985419664656693,-0.194795252027456,0.0250146779397396,-0.203022681143602,-0.0416660527535505,-0.27481036749415,-0.208921109553419,-0.264634734316661,-0.15129960099271,-0.244892584036342,-0.104613184432135,-0.115507177515893,0.0059247675280957,0.10449459024103,0.16772093416632,-0.11441411780891,-0.0267770754171651,0.129775548273506,0.0649687698311876,-0.166686945200599,-0.0059157347789626
-0.203676575945269,-0.19950326957434,0.357929161185448,-0.170431755037941,0.208553564018497,-0.188942292024573,1,-0.204233611623433,-0.158370492755953,0.362515482294856,0.0063005790516693,-0.0968781410702325,0.004114634338682,-0.157513822028246,-0.0040455632015038,0.0354518693758039,-0.0090511360413232,-0.052827429463988,0.103966586671446,-0.0392060836442871,-0.237341036360454,-0.0978104599018583,-0.047093398901921,-0.154117673035268,-0.0616394750909557,0.352949207469324,0.228058734756168,0.389595040809169,0.0944404203462099,-0.0705935905702707,-0.0483500012807229,0.0546003137922818,-0.0605332547542467,0.0937577312044085,-0.0175471329963601,0.199811094693041,-0.0210125053694665,-0.0220192454528288,-0.140810266236561,-0.0644306389622472,-0.0104331715826466,-0.0423035986486682,-0.0418223036844009,-0.172317676494975,-0.0558215950848981,-0.107258172819194,0.0479056605705246,0.287045014111273,-0.350170566360047,-0.188646066452306,-0.11965321551658,-0.164240465156058,-0.247546215061765,-0.339831560061605,-0.260475563991535,0.0639707598971511,-0.107408906465887,0.18915467772712,0.116876739525233,-0.0161904946829007,0.224798186903889,0.386508472624206,-0.0414485788980503,0.124295470429669,0.245591758207998,-0.122720647339729,0.248679929141145,-0.280593477448041,0.276631535669974,-0.136070690799998,-0.223869313974225,0.0125495981328556,0.293094691471872,-0.0268860394158134,-0.207203396690371,0.161267497620401,-0.151917610612945,0.137311369524778,0.335795841343915,-0.0647186853279992,0.248207524466692,0.211887967836567,0.133602791610698,0.0286428505056572,-0.250481313266461,-0.106033894986904,0.368814790235428,-0.0555703797887734,0.116808140489644,-0.173612453925235,0.0696054829197578,0.358851807349258,-0.114557412262357,0.0489589200352438,0.121296089423497,-0.183068109576419,-0.0721459911657321,-0.0082020582977701,0.0458936250949311,-0.0523782963256776,0.0269394039957934,0.139036850787533,0.042276150339851,-0.217568975117823,-0.231516468693203,-0.0323809900735483,-0.236721117071501,-0.0986976667914251,-0.247269420814815,-0.316875508950211,-0.117960024261574,0.0372894977554364,-0.0738667920991375,0.212527465310728,0.417907699232887,0.180756537980174,0.0064811236644725,-0.108401921895716,0.0788842582792994,0.185580796049843,0.0098538197114,-0.0490533288191844,0.0504684096306009,0.274673151469125,0.0968826531522269,0.0167794888343019,-0.0156904612192478,0.109270775674789,-0.115934604794707,-0.129167414805554,0.0054375241792138,-0.13071602586897,-0.287876960286924,-0.139187377615982,-0.11667640995131,-0.442219517777842,-0.198226826467666,-0.400280558026595,-0.259902654794124,-0.441823957618445,-0.34348398936675,-0.0137672187000062,-0.29765247723867,-0.334023283056582,-0.283662701888625,0.119473866671823,-0.180415467380096,-0.171920838121815,-0.112565265997748,-0.294151220236947,0.273011867749317,0.210068975315343,-0.0376764669159368,0.275188374161067,0.132378855640566,0.46593542415042,-0.107178007679254,0.0115776829170408,-0.297212207646482,0.0174143237584344,0.0791034314194315,0.16042638315744,0.0655211968217982,-0.109556917314326,0.21038034933658,0.249472333295717,0.0889163458926878
0.206629241224237,0.373632135712947,0.119965418194454,0.31841819789037,0.0147319293999737,0.416923582886146,-0.204233611623433,1,0.367586804032113,0.378845067610772,0.0325436417050977,0.318755302026363,0.457643879471282,0.0532888061774372,0.0582027009986059,-0.0823562501885287,-0.148343831694984,-0.0822004842788154,-0.347401246591636,-0.19436845975006,0.0117658693798413,-0.20613585316133,0.0909355763896298,0.0457847171675553,0.0976058862660629,0.0235331093792167,-0.17950309241082,0.0338581017993308,0.140235360542258,0.0696178874220099,0.0953054843465562,-0.0368399338391102,0.0967414691167779,-0.0152257441553215,-0.0505911973770107,0.0139274790977771,-0.0418054864110692,-0.0179934972709195,0.076157390114018,0.0872910510550074,0.0775963269801469,0.180036249017934,0.129334968751132,-0.128479661672133,0.0166888392229531,-0.0694093547314009,0.0182864871093032,-0.158671226684562,-0.0632748219017073,-0.114161925182565,0.0104430469275206,-0.128650698540302,-0.032889550519676,-0.0234499473693036,0.0215798469613318,-0.184760498878425,-0.235152259735196,-0.183749390597816,-0.276981005900596,-0.163156016249621,-0.27131354725912,-0.364826291933334,-0.232654403313834,-0.185429627263834,-0.366683949512425,-0.303726347640425,-0.273282388110138,-0.0343748568782192,-0.215193188424302,-0.216231244065141,-0.121376623167306,-0.142811848637775,-0.30189835371231,-0.130294730410909,-0.120159521615364,-0.186630139926067,-0.0271677850652607,-0.145094462583866,-0.440887713671793,-0.33250817956408,-0.341047916716168,-0.153395360724316,0.24619874355346,0.0404132575460259,0.430656477077157,0.187304937047264,0.0969046944892766,0.420263322317785,0.0276998632731789,0.496274051405685,0.12108497189168,0.390364137778055,0.464752474251485,0.154771897977323,0.292733754513902,-0.136439027953797,0.117569754962599,-0.0259685139090345,-0.0369845643038514,-0.052045325354588,-0.127691273980617,-0.343196797735389,-0.0363651002981375,0.184817538993966,0.0642224943800416,0.159486513126662,0.223817387482933,0.145089680276382,0.240182376376018,0.250481049511465,0.146684064681406,-0.116736828056243,0.0429421953244264,0.13772103418017,-0.0114657596403764,-0.010323164299285,0.0002167982153825,0.0941460135476308,-0.0340688126802307,0.074332477151543,0.118663447184724,-0.0943283893937459,0.0511330045594864,-0.274417223253115,-0.216264921311744,-0.0308729638166188,0.0412239133276105,-0.388719811693768,-0.0006903087934702,0.0175893853249219,0.209383805916183,-0.015148449300302,0.0112862113817575,0.223372519805843,-0.0109184000750279,0.116407185884002,-0.188436878934127,0.0693111391810149,0.0595474381818479,-0.148027039083595,0.181135536710784,-0.148799616250537,0.0433557572760559,0.0373521083703385,-0.0226984070464937,-0.172813432514345,-0.159134324789953,-0.0430250333643003,-0.0014898997931437,-0.0330314852631571,-0.208012197562628,-0.293157765012943,-0.140037173384147,-0.198837570104347,-0.0994213660457512,-0.357825588214673,-0.13212960026641,-0.0302722361836854,0.124051037230502,0.0548048989404718,0.0367913941148606,-0.154790865573786,-0.257906726369566,-0.189677228205994,-0.158387324229038,-0.371916779349209,-0.211886273618096
0.661582362257476,0.552845110505662,-0.0196392634299487,0.851022181400615,0.313735101852157,0.273689265214222,-0.158370492755953,0.367586804032113,1,0.259638943568802,0.509778282661731,0.50659865254079,0.531043010735069,0.0046869938258243,-0.0262336529401761,-0.105585944234474,-0.0249983280982062,0.0607328563781097,-0.132544927080973,-0.0024160353682463,-0.128802669724566,-0.144822955972013,-0.125060060492112,0.0002223922149678,-0.277716372056024,-0.0086254381867281,0.0031978730218835,-0.258876755106966,-0.0167954109871969,-0.123097811917523,-0.25493546389519,0.0696195998975388,0.0508740586703317,-0.106428691701652,0.027287499317089,-0.334456902347943,0.142560885313256,0.241214387236382,0.297504725590599,0.300857232917962,0.181923449575791,0.0863775836650279,0.0736875404512609,0.0003832908536643,0.11162529589086,0.0795954417508588,0.0622685838570786,-0.13629900360604,-0.017283783816504,-0.200844006720156,-0.200722295790993,-0.0540566622610932,-0.0851059293991072,-0.0250651112542259,0.0343290811415336,-0.249150697955685,-0.141543686125842,0.171851102904217,-0.139322482254909,-0.155485885358374,-0.339157681633861,-0.310443641947247,-0.14452989854798,-0.150792612151883,-0.25794979265162,-0.140491934401613,-0.385123974299915,-0.0742984477356357,-0.279135471074506,-0.148656073841049,-0.0710566687273003,-0.237667080699604,-0.346123478503258,-0.0911746058363521,-0.18847105080847,-0.202556566924601,-0.0165823364809453,0.177406275929164,-0.481009344502644,-0.379780723583269,-0.179150345854368,0.126638804601314,0.006876281306723,0.180900790108513,0.739271958657389,0.473674196906423,-0.0095019028750832,0.628972857316696,0.184303106238985,0.661406642488566,0.266092734820843,0.242298986839156,0.566741273299164,0.373758402557899,0.17154786275755,-0.0183275212655935,-0.124363777994065,-0.0612260521049656,-0.017111919913423,0.0575828797969242,-0.0133546216895475,-0.0907775017172293,-0.0673403533757966,0.0680577821524772,0.045977701005591,-0.14224830517916,0.0834961412483445,0.0153396106796311,-0.0162955656441921,-0.0146288180276751,0.169670717815631,-0.301133509154833,-0.258349134711057,-0.0317116207988033,0.123990694801217,0.115427309128097,-0.249944156030393,-0.037680631169617,-0.376609768239135,-0.249598551251856,0.179706188138218,0.122433379679083,0.127494542353449,-0.148030220944174,0.0291425694806754,0.249038032113168,0.18555935555429,-0.319566506702743,-0.0354608712743216,0.178211919619727,0.175064970722808,0.267751161622979,0.118926446872417,0.451841456056971,0.181733232330262,-0.0996190954476499,-0.381004173711403,0.0489929057894526,-0.145648637722956,-0.183107307024023,0.015557320365679,-0.068442016129994,0.220994001981621,-0.251677357875577,-0.15075192043156,0.0607350604146256,-0.230233811422688,-0.106861256110715,0.053608713783438,-0.20908048230111,-0.11774954203294,-0.326114825709001,-0.484528722615201,-0.320912152384789,-0.491011862166688,-0.327391238530992,-0.342428532951955,0.169257985764456,0.153778322814999,-0.200340186678495,0.0254662666682442,-0.340020840075265,-0.479641006216579,-0.103471125816579,0.013600661390257,-0.543952974440673,-0.0547327746401945
0.450946006017996,0.447567125548686,0.658005904814291,0.411752490509536,0.230120243970686,0.0759963697806903,0.362515482294856,0.378845067610772,0.259638943568802,1,0.142992596716011,0.33521229975345,0.803452793898113,-0.0374340186369007,0.0250800677972694,-0.191710970128796,-0.236126079033058,-0.328995993606401,-0.305355899384475,-0.121989937735288,-0.359432205661013,-0.468956031535529,-0.12960578782103,-0.145392484709906,-0.0065829988040807,0.199719546812321,-0.0310262624218656,0.488545458672619,0.0284239780496086,-0.138974259151292,-0.0343351849750943,-0.141992234977802,-0.0275776653307251,0.449392424171753,-0.134318023739574,0.109707078452484,0.209893024400663,-0.0931021317481821,-0.0251561094433909,0.280237824235882,0.0049769349498353,0.0379474490110668,0.048251089359123,-0.281690947930946,0.0366003405886074,-0.0668749909417933,0.160376914179167,0.157695476888933,-0.333023616082499,-0.402908643460102,-0.151976309767232,-0.13864843462582,-0.117669595087714,-0.134560356220859,-0.299181027719283,-0.253371801884625,-0.301632974480188,-0.229715901763624,-0.342295270117124,-0.253094406324917,-0.161450413165706,-0.269364029616237,-0.241779434825184,-0.31884564874603,-0.536975542639867,-0.533714829802601,-0.383209013100294,-0.143147048441148,-0.173532205903349,-0.16731397557459,-0.285432790717341,-0.239564977484757,-0.181240263084619,-0.190467400663323,-0.179075359855544,-0.486982415550897,-0.160100844746145,-0.153392610145249,-0.447969855219698,-0.425553313245576,-0.38662167003527,-0.16212654723773,0.206394761391493,-0.0831692188686319,0.381043906446567,0.522633050509859,0.687883055930568,0.206068417015674,0.411083225600722,0.377148784098358,0.346638984855335,0.825256423698447,0.47534465126569,0.442455947230924,0.728364128133132,-0.0812231114243801,0.221913916410202,-0.0942366132176567,0.152856512986783,-0.140576131379276,-0.0636550786795315,-0.283641689222111,0.122264182066658,-0.148295170516783,-0.0708790664773948,0.0111429281081653,-0.0002672930962375,-0.101568390118127,-0.0496730351935717,0.175444744952922,-0.139573696143977,0.0835672122150364,-0.0301888963804435,0.60002971894647,0.402447972355831,0.106569204746694,0.101981794319302,-0.149220323453916,0.323302026812363,0.432414504232413,0.555884864510587,-0.0940495440827396,0.177857267629637,-0.20283296347002,0.093739345874327,0.145117455435548,0.068161122856185,-0.0532615626513466,0.152126094961988,0.0915702828134341,0.148746731659698,0.0286610766657151,-0.0981755427672986,0.196443438602933,0.0256718176714659,-0.17567663799768,-0.309674788870101,-0.233066993680006,0.0512450131082234,-0.17836895504007,0.0796762256717585,-0.0316734113412651,-0.0912320148493506,-0.191068019964642,-0.0525951031594285,-0.17103791913161,-0.294027043643591,-0.0334584765192551,-0.104799988850871,-0.0923195196834691,-0.227494294808326,-0.359136975220828,-0.290339038264026,0.0093848063194311,-0.10781806739591,-0.30758886251308,-0.0780011768872048,0.250497700226714,0.171391486661813,-0.152645267074915,-0.145384256322081,-0.040841269024895,-0.422543233166298,-0.499962909541003,-0.279872571017565,-0.46704454346655,-0.361826651989763
0.634870263902484,0.038569124933796,-0.0877195585907266,0.40239255349837,0.531589093581625,-0.0920830284334607,0.0063005790516693,0.0325436417050977,0.509778282661731,0.142992596716011,1,0.706090024016602,0.410880098190968,0.160460784703382,0.146696190247965,0.261559106040815,0.31355574422964,0.0662513566765687,0.136454955200811,0.299365289055742,-0.0294139725490296,-0.171625548157865,-0.268488409878488,-0.220776488228033,-0.249016669403414,-0.160789095530435,0.0217558291290705,-0.144464516572701,-0.206232989441547,-0.343691167290938,-0.243585724256598,0.185032571117783,-0.0545648364695493,0.0700814278256786,-0.12233019981456,-0.198620422373853,0.437156862796778,0.255793940925238,0.148171649712853,0.374873980825538,0.199762647690205,0.194527996756611,0.0606079642833011,-0.0117607936577827,0.274391940635559,0.226347991956865,0.170545100229629,-0.0814193891603509,-0.254267922353129,-0.226552970055047,-0.253357162529384,-0.397526489562421,-0.285246866703797,-0.148031753279602,-0.188387684133337,-0.268276453525093,-0.160359519214409,0.534404753017009,0.0536644040225953,-0.283221736844833,-0.158366642172859,-0.0562554867698892,-0.152780282729244,0.172010229814916,0.0716359520624497,-0.12265770527958,-0.209731339009256,-0.0083553421185327,-0.172062327137146,-0.221358745099068,-0.271403440816427,-0.0600586932062853,-0.314399372918554,0.0540551475736301,-0.370339532184697,-0.133535958175084,-0.0207636820574406,0.335607941266843,-0.047095384251942,-0.357769227377226,0.285411027851265,0.177843427979768,-0.0671633784734788,0.435058099678438,0.342247773353222,0.532539853048049,-0.124156669168412,0.0705914665842362,0.578272652829465,0.3874851297611,0.616163271653674,-0.107069532824451,0.392879571325382,0.735546452480046,0.332180533069369,0.162474835193782,-0.0636331367668193,0.310366514033217,0.388900815375852,0.349172670774369,0.370063250598436,0.168180629589968,0.0018032618792881,0.050612941825933,0.35286081396951,0.0005453798630459,0.244970285393057,0.151069422006992,-0.023600572257698,-0.017853825200113,0.114042221972093,-0.0261222338252316,-0.148909244392916,-0.0702196417750182,0.0573222903011791,0.207992979693208,-0.12781685242019,-0.0260428735830026,-0.251875465495934,-0.0961238706649268,0.485336303643728,0.242742043729929,0.162353741340601,-0.0309939526632528,0.32447731731152,0.434221427515861,0.205039270252483,0.0381277564315383,0.233827408038463,0.148686073111099,0.309843550477123,0.337120261280515,0.22581851895827,0.295891612454031,0.156597787511717,-0.23231268258425,-0.281591800508792,-0.0880174210459395,-0.569758916671671,-0.235800055219302,-0.301046775367179,-0.270958385764052,0.0390914533256971,-0.576339714391836,-0.397718006936205,0.584606831394849,-0.122148737898816,-0.286822588485226,0.188993035130194,-0.436117886336962,0.208596859868017,-0.0517434282698003,-0.482206265639097,-0.199115141201797,-0.22075166383429,0.0275936872719681,-0.403213244476394,-0.0031115310031803,-0.32416898890561,-0.0951319144853281,-0.0522149505317721,-0.364742963829205,-0.287379048000832,-0.0118745291821662,0.31334962985803,-0.0727726464952532,0.401395241923026
0.557783896414105,0.0750302198950301,-0.091802845351389,0.535149297002404,0.225067668158957,0.0151721821105396,-0.0968781410702325,0.318755302026363,0.50659865254079,0.33521229975345,0.706090024016602,1,0.662374164626297,0.237313381598909,0.0761319456615158,0.0901881962364651,0.179053460280441,-0.0139880785296956,-0.239309671487378,-0.0421325355630458,0.0108339950778737,-0.25032753804369,-0.207658771726442,-0.215226224885806,-0.22810195521624,-0.0292800026598907,0.224478325849931,-0.115286978223157,-0.101268110071408,-0.280422938250708,-0.0195144848954098,0.364412637033887,0.0906527252018629,-0.120659351102288,-0.0107835116604329,-0.294728252076182,0.416645801622706,0.403678420790486,0.509519539000052,0.667265412981181,0.445982972155698,0.506385945492644,0.216196211628684,0.110737165659266,0.399941182527865,0.405336015301174,-0.0215783464960465,-0.139599749397639,-0.0115898139002521,-0.187213773762616,-0.033738881512637,-0.297153127240178,-0.294137041396097,-0.199941065589729,0.0626195556643964,-0.349408542310794,-0.330467121611143,0.355564389012296,-0.166461818591935,-0.057843837776869,-0.388428463366399,-0.447437829540733,-0.304892961449056,0.127165992808697,-0.104860766860492,-0.230098382941419,-0.479745690263206,0.0229372644033079,-0.361999418216478,-0.354670357316439,-0.267834079919813,-0.138255278185987,-0.53035896250344,0.146699306459014,-0.313318093691149,-0.306855529611246,-0.0962694193635287,-0.115795208018932,-0.368378014375691,-0.5310357891464,0.0960822195830376,-0.0858117606173771,-0.0645730224304734,0.248032707282618,0.423533519045929,0.616687711786151,-0.0609736498140696,0.170840845021171,0.386635591935569,0.683410369130609,0.46436854924317,0.0702957126432234,0.74379448216708,0.731551631499862,0.53681383760418,-0.0022918536761944,-0.0830048994557273,-0.0029247510242496,0.379828649240969,0.138022228431715,0.180046457155784,-0.198239994046652,0.204334650075769,0.0442761197927169,0.259625421354417,0.0163249816078669,0.186851122353582,0.16646905159626,-0.0386707405166055,0.0870520777459695,0.15494637856106,-0.0468352592064317,-0.131019136044995,0.145085007291719,0.352204147556402,0.289906061807627,0.060022550140649,-0.0276521795589647,-0.194603403697531,-0.0328273442654696,0.520021397144242,0.325390388942489,0.378783414389495,-0.0478334549311461,0.306751916519713,0.592658913305232,0.413393258277295,0.110890751165249,0.266857338940122,0.403587080133587,0.513895418712066,0.497512930223643,0.460959560749508,0.468739615695574,0.512720335433491,0.0290691160848584,-0.20818621419226,0.0828483583219298,-0.483614694161179,-0.255620304244368,0.084220068581663,-0.240414630298479,0.212512717231144,-0.432314709720735,-0.140421046592344,0.466971331800688,-0.0750251391206775,0.0237409355514794,0.389424753047453,-0.372844721273643,0.082214691914401,-0.154867189804894,-0.511786016610181,-0.373724131910406,-0.496679503083756,-0.372138312554703,-0.44133975355147,-0.0063631426361563,-0.118817876303172,-0.179109750819201,-0.0452175511952078,-0.56434346019027,-0.59016551632643,-0.120628778306281,-0.110716607485638,-0.414818575972962,0.289487586985584
