1,0.71462350113068,0.0430289385176973,0.730929842995019,0.583500986832293,0.626271198484631,0.268668054716298,0.1796659220624,0.705052545085291,0.365536524692727,0.713756903568514,0.746221101314904,0.740504117190441,0.0150209672206697,0.100860180014264,0.0126518979418038,0.135139967373396,0.11688696199406,-0.0342269149332957,0.158491837986999,0.0788459960027681,0.016059146043486,0.280988960483004,-0.0164897971656209,0.258629538560797,0.25270194975368,-0.11868108031624,0.299357136485397,0.0179207420894177,0.0625727074734355,-0.0757472665326444,0.151604133556001,0.287395688287899,-0.0918226584508493,-0.365672297699587,-0.0539366458896809,0.0605558044637935,0.181736054305369,0.0878760582176847,0.191871337921598,-0.12114733624123,0.151590554440964,-0.152829002309794,-0.0043412334361679,0.2017232021106,0.264916511861796,0.1060038725385,0.334682448987494,-0.335212064740377,-0.39656307457183,-0.0562368458082398,0.0399849970544036,-0.281403940941805,-0.130889339513036,-0.217486871584293,-0.167390853099873,-0.378274368512719,0.0954539994880557,0.0786339706732114,0.220921679472399,0.123806022614705,-0.126623895285837,-0.30985125217334,-0.134207617042128,-0.0788773775181249,-0.367677716269666,-0.297425878217286,-0.388130344093774,-0.0748509693257015,-0.207276354355493,-0.256390527312448,-0.0677018173020032,-0.110061439487139,-0.101620438571348,-0.521393021349783,-0.544523135790526,-0.100163859889969,0.42496599879316,-0.0737764584428442,-0.159377424476911,-0.205353179011802,0.530690837084543,0.550263831739594,0.708681997260761,0.754755307497354,0.79322137573066,0.289983462789109,0.527901404851346,0.79150122954985,0.760935961752376,0.691478470032476,0.181691432817917,0.764496923146326,0.440197279089028,-0.0185495941931978,0.0074953843371589,0.200714971143841,0.279773384859887,0.383134219371242,0.183108698953785,-0.0333886584297713,0.400466377695959,0.0416834521201967,0.500761932638295,0.241616318067961,0.0070110649498729,0.436491889518563,0.158731283928488,0.0365547694723647,0.569594259463056,0.252174257307435,0.124988018741205,0.221925222854421,0.166013317480774,-0.0431836161279325,0.101005813908692,0.288684827003862,0.151188670132222,0.464689634818359,-0.028128049261549,0.126003157602433,-0.107522025066033,-0.0558071877232352,0.292578138432748,0.276035436971137,0.17157302320339,0.265655755443516,0.0219432256413948,0.185232453144675,0.399371742377481,0.534954721358349,0.276849765282777,-0.0708304313721019,-0.105602325767617,-0.0661166504975323,-0.324013090872961,0.0405228154816702,0.0095203384457541,0.0308530067626616,0.0743032494170079,0.37122769613191,-0.0819142852661527,-0.372645859223713,0.21494864114666,-0.0394832968897136,0.181405615171723,0.14418739312128,-0.517580093663027,-0.0252678079460961,-0.409025073599435,-0.363618427450971,0.0896094962266629,-0.0792775627194286,0.0408293007102996,-0.432768594924497,-0.199493299701742,-0.352699944020452,0.0892641142659197,0.304313278652162,-0.207148369287658,0.0348223609668825,0.0749724753389392,0.265215919940474,0.0401334768316414,0.0084109423599307
0.71462350113068,1,-0.349440283190835,0.652142230618204,0.477266780575242,0.863179433528675,0.253628490241107,-0.020915642854534,0.698104259464468,0.0097924040654071,0.401687205308788,0.657783064295775,0.627430897019595,0.0596394438050874,0.142651195547526,0.103209036058939,0.140045332539138,0.193398183639719,0.0252638688000598,0.127071923308342,0.10411458289276,0.166055399654679,0.233586081982874,-0.120720129056136,0.315115304341998,0.19710913499225,-0.0910711343251745,0.145282047011114,0.141843771140946,0.152196854472912,-0.0484615431955215,0.119007683811514,0.321513214133844,-0.0805740366939001,-0.215189552683741,-0.173600133624324,0.250596553495172,0.321102121322089,0.276921097940379,0.254543020714699,-0.120131568393882,0.146690071639025,0.0225420289120846,-0.191782307190147,-0.0212131381693773,0.114290164663971,0.0920719953331316,0.210103402037383,-2.77042298398952e-05,-0.0876046987241781,-0.0262325960144995,0.124507840858685,0.144249221306182,-0.275422225505846,0.0129775856819926,0.0341037814965373,-0.0946353611721144,-0.0887688241575852,0.0017704130047423,-0.0276781990127134,0.148555839223411,-0.173050951424913,-0.127914519599656,0.0006149377352225,0.0922149031247418,-0.147726583889273,-0.0395203719117706,-0.267265986971904,0.0088809239550484,0.065190049714916,-0.0456105474982664,-0.169832562501239,-0.158377812514155,-0.119711962947563,-0.163218583402676,-0.261501238206915,-0.0112150669166037,0.246486376452124,-0.189390967635412,-0.134461474095485,-0.202133473569935,0.212401993020975,0.218689422854556,0.448206640187206,0.896714002919331,0.680024230826477,-0.0788812527329841,0.851234469822191,0.645278767594702,0.737507217024115,0.644148191200036,-0.251669914408124,0.591850935671661,0.106453430814743,0.0338970028242409,0.101569331600542,0.209325171515745,0.30938743536771,0.333379513477793,0.142188404432612,0.0369315957728067,0.200166794420783,0.155548719516466,0.216060760917605,0.16964784313133,0.0707175098679703,0.419012939303489,0.155047817322821,-0.0041202107962424,0.439343308302143,0.28276472527663,-0.116678695772753,0.229283211098398,0.246475125580917,0.0319186042543579,0.0798880394073998,0.0244150465420108,-0.130417456646032,0.189801261986515,-0.0580129426545085,-0.13399341169642,0.087762724805333,0.124239990638755,0.392666772181893,0.130499773129945,0.182939510073448,0.287092765130339,-0.10717294740558,0.0232933936852246,0.127542126391261,0.366358039135191,0.0865033483022174,-0.0707325687118109,-0.0171639623417572,-0.0091058496588736,-0.217396686515025,0.297067670560449,0.0196033338934246,0.214590174579414,-0.0002540109846617,0.0463445536857516,0.109056494444857,-0.193765222943011,0.0622781869308785,-0.12890855135506,-0.0373195352902917,-0.0140157384011842,-0.530197468192262,0.0294456529696667,-0.320185809464531,-0.0754585502890223,-0.0306052761690218,0.0109053363237204,-0.185705868333305,-0.344119964791853,-0.121182013053982,-0.126338700317554,-0.0824416245741217,0.128602337991389,-0.0845071612718449,-0.0208891527795329,0.0800237438664215,0.0719619330000981,-0.0960111974191154,-0.0680296006084883
0.0430289385176973,-0.349440283190835,1,-0.0044176097755315,-0.0381868786657579,-0.397822337611821,0.192361310791848,0.575882469306293,-0.164925820329703,0.714461348447116,0.16252718178173,-0.145478193581727,0.127845553334001,-0.0648646108321907,-0.0204032260808634,-0.0320669947671775,-0.0610977601157102,0.0324882839030605,-0.0529575115637837,-0.0321220002456425,0.10849041869278,-0.0246133047585837,0.0698255220330482,0.26294061439602,0.0092715817885337,0.398289515742681,0.103976421016415,0.427048153321715,0.0773798806058207,0.140344401479859,0.341167746661062,0.119792167553278,0.138376690121193,0.229962246174386,-0.0616475309600772,0.313252488970125,-0.119331534036824,-0.119625093272521,-0.185237946302544,0.0512811445980731,0.124540641364487,0.14543322692321,-0.0841570486970143,0.167199800632661,0.127861529910005,0.142468951952824,0.0087814355839289,0.0291061135726918,-0.374928220117245,-0.115921896813395,0.0837016402917964,-0.176794196167136,-0.460177671518363,0.0268285115515617,-0.154006968061866,-0.0901352561362433,-0.037229985718717,0.21708004984556,0.0631778021249971,0.320080453795856,-0.0409897267975299,0.084453566247234,0.166861404303105,-0.0617244169494344,0.0351663923270426,0.106558275143689,-0.241904261105342,0.120061897471131,-0.268019913597281,-0.0452051823918157,-0.0034668001949199,-0.114531469275338,-0.106507850469831,0.009624376770742,-0.03805047671723,-0.128230952453269,-0.388362514776254,0.295541965337578,0.0396207508244686,-0.144976236972428,-0.0353211880517205,0.259092004354805,0.591136507566601,0.376887527700318,-0.20480605199069,-0.0740287825633543,0.750261175415651,-0.424777746838151,0.0442444048825854,-0.0829885668316013,-0.037258087167395,0.771441915649753,0.0627253282855534,0.644773767642379,-0.0376189603573354,-0.03876435681597,0.063091897111352,-0.0312371932121669,-0.109256556632144,0.017788241519374,-0.103352215288909,0.174629731801429,0.048607133518375,0.16512328651439,0.0165555173408287,0.233093050102886,-0.0466925341427817,-0.0958224440861115,0.164855075385534,0.0741542213185483,-0.0202475650229827,0.693222013661219,0.178783879806288,0.076239099284114,0.263176099143203,0.364374764146113,0.667176265738396,0.732739045648183,0.417463755666268,0.196612295857706,0.633005565324038,-0.109387922799059,-0.17495817864194,-0.160779767612885,0.463256486633001,0.133572347415654,0.0636074188663449,0.297877155065869,0.262770042875834,0.286847999119259,0.0996351192626877,0.17214340561539,0.252085493608848,0.0548480957618425,0.138925802103893,0.211357883437443,-0.128301274111071,0.0084395403975852,0.0042392993418941,0.283955580394581,0.291111376420478,0.0036288665112994,0.232058600406489,0.233371968823328,0.127709077748516,0.265816634723415,0.153317372563089,0.330754444631853,-0.107735702333131,0.171971069959777,-0.238468694108291,0.323018427148047,-0.0522719874049288,0.397608861910868,0.296276767149238,0.178244775344381,0.333418106117692,0.0793473305299727,0.140586969985724,-0.085849720538007,-0.0512702470441501,-0.162666785808437,0.460560129428057,0.0695109167123257,0.206577303695818
0.730929842995019,0.652142230618204,-0.0044176097755315,1,0.629823508663608,0.639215271741712,0.196544613436457,0.141889475123713,0.78765834639019,0.253925859348504,0.59816842763698,0.756950479841908,0.585861895088524,0.0105861271896328,0.109217822684995,0.044024559391263,0.152283383885608,0.193765028320624,-0.0828642497343668,0.238329717167473,0.0116109596995906,0.127088188960931,0.327604314357652,0.0314444938363274,0.114227848529798,0.278603145342103,-0.0649402606331473,0.328663946372262,0.211751030799661,0.19467132597109,0.142727771332346,0.191900787358852,0.345661771677679,0.146600117758757,-0.0596627052280631,0.20822436925267,0.0476516692092118,0.334463884384003,0.183717878748136,0.308583194561048,0.187957236371095,0.289621233400079,0.138735571249542,0.0879240842934921,0.405691082068064,0.284462465837568,0.246259101593191,0.226156343653584,-0.323950047721582,-0.210840725478971,0.171717783310816,-0.0626692793504073,-0.153013611085138,-0.246398070681376,0.0736191940330941,0.113666591005792,-0.222561793907558,-0.0028518059640085,-0.0820482947783264,0.301058837447947,-0.200265706125034,-0.273545010636915,-0.333131216951948,-0.129610784350842,-0.127828759329168,-0.440244930693373,-0.426484102677041,-0.18307112152402,-0.22063511860942,-0.146427764470481,-0.19705214321244,-0.302835696989298,-0.257326058779424,0.047730038682757,-0.421060390898499,-0.525130395761699,-0.0994693156383189,0.437248129139771,-0.212612348173064,-0.305833979853849,-0.375511900271442,0.358245882259868,0.271785569775226,0.489890416918324,0.693048941544521,0.850549053681312,0.135357088144142,0.545476952381135,0.80927131548472,0.862929721679451,0.7446988393977,0.131799084796057,0.743281597271845,0.23639617032355,6.99728258652645e-05,-0.0753037849208307,0.0370554704703818,0.223220600293976,0.346242970212615,0.159615781410335,-0.0467087036040152,0.304055299501258,0.0653962780902149,0.430539392784329,0.0897189513938192,-0.0677800073921089,0.404120985432794,0.280235101083873,-0.0279547026758304,0.454145724041461,0.118073547050639,0.142888884445118,0.131999375441225,0.171599742125512,0.129986961234692,0.147280191070512,0.296785717738122,0.103791247968563,0.455559719793985,0.0961159152681803,0.199529334274098,-0.253847991423957,-0.111993629121125,0.333459902474985,0.239539214538569,0.198021122850911,0.276437730073704,0.239782676641296,0.314519746978618,0.445159443915473,0.465171585073327,0.367324043582286,0.0946451143885915,0.0089475113292146,-0.0925903512755165,-0.0255345154823173,0.0963756517818419,-0.103279912668287,0.148653617319534,0.215896928041918,0.329038048209607,-0.0337384124636556,-0.346734651633648,0.0493995027548619,-0.236931388741707,0.198358281256515,0.284855553975291,-0.436472756995352,-0.217680126439913,-0.595929404652177,-0.490040210927935,-0.158458543019909,-0.205349246048828,-0.208092481033055,-0.581140472589083,-0.138223773675184,-0.312167588780838,-0.213975335312564,0.167694423184292,-0.44579928365487,-0.188146911701638,-0.0485225912692643,0.25788147207389,-0.231860897825883,-0.24882726418506
0.583500986832293,0.477266780575242,-0.0381868786657579,0.629823508663608,1,0.446034440006331,0.0505067199103959,0.148195404761876,0.527203235877858,0.244414074075543,0.359553827773845,0.531036364984351,0.52314347326933,0.0815568521253023,0.0620405235502739,-0.0154722691840464,0.112422614699774,0.175332402299575,-0.115909134486253,0.174235206486578,0.0123112388912832,-0.106316827735978,0.0269548270943855,-0.169387726975646,0.18383566959176,0.11560880842284,-0.22333655003183,0.0729918007642445,-0.154482570603186,-0.164383315896365,-0.157038455609151,-0.1767541779905,0.128947336567834,0.050039623937722,-0.230580139532766,0.0323596987281201,0.0357190151282494,0.0353619404102365,0.0160307665672373,0.0763607308407458,0.0182486166746069,0.0895154551324032,-0.0369580409246877,-0.196724010161502,0.213655677914715,0.100486639230964,0.15059283659523,0.093302284176669,-0.35872166784088,-0.174084583600658,-0.167509639501438,0.0139167931056848,0.0132953257281443,-0.307633065547405,-0.0876962674482296,0.0979481579139422,0.0574759745877008,-0.0463752533701026,-0.0760754518951919,0.0635684944203093,0.12881781099563,0.0489796589889614,-0.0782942178940091,0.0574827761616544,-0.0948783378065215,-0.226336639140901,-0.0931407427982979,-0.0708306494090478,0.0093773825903396,0.0401719513838692,-0.019416854840652,-0.0322994916372258,-0.0428479210219438,0.0922755659120376,-0.157287614484612,-0.269567717778336,0.0732139202435258,0.22539855267629,-0.0138934815216245,0.0004219311757925,-0.0845800810194097,0.194349916156841,0.364880825092344,0.45772008771136,0.487832591830935,0.654329413442325,0.202208216919677,0.383610719531233,0.59729262270131,0.602749123698056,0.486411992937725,0.206599859261115,0.503759383018737,0.201012409087256,0.079372670940814,0.0184231780592939,0.0675569324194588,0.280891430060567,0.282455319614334,0.340299934785289,-0.107259729577572,0.157941563402704,-0.172412165791611,0.263011482443311,0.0915508834113964,-0.0336079556193299,0.286377765105218,0.158158542504098,-0.0656274611212894,0.225956811330177,0.162927191665103,0.0782649563889814,0.055061956462558,-0.0202493982421192,-0.17768014997432,-0.0201956714159588,0.153640327000291,-0.0335799652825024,0.262218766450198,-0.133455302638131,-0.0353878312555461,-0.124905546354318,-0.0764403131410644,0.279976089922646,0.0511873328257054,0.0785629025430439,0.236474267237251,-0.0344289297425897,0.0460677232511805,0.196866470827909,0.244125751740269,0.068844546351237,-0.199345407920561,-0.288916155872546,-0.0873025162427277,-0.178699894215829,-0.0454716159389876,-0.118646850867356,-0.139804003319406,0.0499231461701514,0.040474463342665,-0.117920119765666,-0.23872037969502,0.0063388715839671,-0.158000711887314,-0.0427038759103414,0.0608233813352794,-0.347225353174586,0.0381581998295813,-0.409468462372625,-0.268815267937209,-0.0592547820218068,0.0720974956132256,0.0103878130777551,-0.385487269921753,-0.166855439218827,-0.209646341505111,-0.0178567501157743,0.139810213956789,-0.114940132392705,-0.238794810976422,0.058715739574805,0.0363035104332243,0.0036439431543216,-0.195333545369034
0.626271198484631,0.863179433528675,-0.397822337611821,0.639215271741712,0.446034440006331,1,0.324910417551997,0.156721960435787,0.853182843385336,-0.0614641169487453,0.4371215603568,0.714657106857247,0.380959102375522,0.211145107500489,0.254370029555025,0.283865021756939,0.339387972220667,0.253758480583571,0.122303135922524,0.114391058328689,0.213681586869913,0.190286501150999,0.179219251192163,-0.177361417022349,0.303098694110408,0.180478560400679,-0.118881295355122,0.0022569501384362,0.232827288638416,0.100455286722473,0.0158865103341007,0.171450833072874,0.234300373170813,-0.166895054686235,-0.165299392651368,-0.171946523957232,0.371793988927042,0.529417845042277,0.466173073589296,0.475517928435109,-0.0191104486312917,0.285356235176671,0.166571218739096,-0.0502259675316408,0.0444478733752876,0.282535333764598,0.0739342836672621,0.376064194515295,0.0380940346808569,-0.171603328411244,0.0100303099633762,0.290731350665984,0.116888077590943,-0.127645345107065,0.12738589948895,0.0126185273966482,-0.216204010534317,0.0422859803532043,0.113483698092049,0.114438284855257,0.0778475668999247,-0.277635501402293,-0.274478793645728,-0.114252205602101,0.242615576126573,-0.188133575150245,-0.0916276052439924,-0.106023241965059,-0.0091853358264251,0.0271301333993075,-0.0544166799577109,-0.0464536471460192,-0.0893164616281891,0.132442245418427,-0.137700155709427,-0.237076638853608,-0.0053650162521315,0.265099036065364,-0.196644353087122,-0.125072050982433,-0.23974130542823,0.16053707698852,0.0290966054423666,0.342165275021759,0.793584582134219,0.624209311982016,-0.271741011043543,0.919142189872524,0.673598508788977,0.76906261576454,0.806166174537469,-0.26714513939797,0.667508301871343,-0.13462614066622,0.258667199318113,0.249463227600059,0.30441863913296,0.441188587084088,0.519656371016314,0.31503216103683,0.144277982373898,0.426575725576779,0.222955270243607,0.231189620556726,0.263122845498028,0.0253488506099802,0.522525577238266,0.298048820473341,-0.0527179931051286,0.419725494973683,0.300814195885537,-0.291363548714477,0.297795608190274,0.376056719267892,0.009537059659566,0.0293595065456138,-0.173690969723204,-0.322297463748259,0.0797370672016383,-0.110803692721226,-0.196526864166065,0.162523685804003,0.243059577090472,0.570861824206296,0.0093468432045252,0.33659537957746,0.443044652855716,0.0392878529791625,0.233385792738906,0.235089764257749,0.474816505042549,0.189311113391408,0.0675655709689312,-0.0551491379458606,-0.212625649382445,-0.199578033494685,0.255741547533319,0.0433912546598932,0.215554336740682,-0.15869159609533,0.165307583259276,0.0175424578045223,-0.371782276213544,0.136579818979361,-0.0626968281689891,0.128882300845626,0.147189276002693,-0.532533083922166,-0.168200003541494,-0.423485403261377,-0.184629275074265,-0.162392761133478,-0.135449243013805,-0.282839416137159,-0.451711217719954,-0.206449514308756,-0.15890195919127,-0.0153822108718397,0.207621931611299,-0.123774930398629,0.0665816249634304,0.0107192395032779,0.0610520928237467,-0.182755886655224,-0.24757759426599
0.268668054716298,0.253628490241107,0.192361310791848,0.196544613436457,0.0505067199103959,0.324910417551997,1,0.222690900149286,0.297065067139654,0.26357023643729,0.349694861209868,0.252763133348727,-0.0055332278032424,0.156716535288655,0.117866077883093,0.14910465664305,0.289614439124684,0.403837885745949,-0.100053390947285,-0.401634731454227,0.419379050482871,0.412633530843324,0.444523635553326,0.139859369916271,0.167171273003325,0.485278264104057,0.281257004153891,-0.0668575305596971,0.494270928686546,0.2602218432136,0.294475292804959,0.222441090698023,0.427971071110088,-0.226826269769709,-0.190072277654598,-0.311141703121874,0.23911562132465,0.562932943720352,0.557586407298742,0.461385090639535,-0.223463081540537,0.46889767861311,0.0303021018419141,0.195467019938156,-0.21676298281899,0.506425114272596,-0.250638127895165,0.160905642548034,0.0924633381459242,-0.369961067541807,-0.0915874486063628,0.251177144347117,-0.229746273900162,0.0696105939632068,-0.17008050755151,-0.401587721160336,-0.483948675004096,0.328870170061261,0.297907171582193,0.0192543518617599,-0.0371033942209031,-0.176109398798007,-0.12850039424217,-0.319841126957253,0.598866619445969,0.14844530670805,-0.0584688526920889,-0.149524679268622,-0.105319057864198,-0.278672193681147,-0.195619261047083,0.0358551341770474,-0.0926659149168726,0.0640178541712682,-0.197915247528566,-0.113073393490526,-0.220469432050431,0.338843603490126,-0.0818687739315779,-0.136977705513429,-0.126911426501377,0.251266720714389,0.120621256240549,0.151647767223486,0.360807384298602,0.225091133739779,0.241933599298125,0.317022837026562,0.247785604330795,0.233742171742549,0.371686013705092,0.252802770599843,0.277832246474888,0.146940631083277,0.300673311958684,0.258501687386085,0.0584205957010841,0.207279897918968,0.398748255042818,0.312734021103655,-0.123719266064198,0.391721935336264,0.446394431317742,-0.0324038984241254,0.242480153132507,0.353863822304702,0.737403962386003,0.253513172727865,0.276148944875875,0.131436788669049,0.232115681091215,0.0840121876844172,0.745791988201549,0.511777730697227,0.207256756389901,0.416084665438424,-0.0078501243028652,0.0054575163067172,0.0732102451693979,-0.153778554384093,-0.0381644511711607,0.271323004856378,0.201474544855917,0.52047592102004,0.273035381967677,0.264751584540083,0.406788736256825,0.153951099077094,0.328263603217077,0.18697216854682,0.528250990147739,0.278493126329645,0.346487672129263,-0.0397242288157693,-0.306745991544835,-0.297061455711402,0.0198997663050624,0.0506550103205068,0.0412785938690129,-0.368487790123952,0.280081962377044,-0.0938939634828841,-0.257735868379338,0.308688107504273,0.258187127445049,0.0442708920057019,0.0228050434588092,-0.234568447831997,-0.158024744491564,0.0173863210191571,-0.173180778882449,0.0022377151121698,-0.116121974055672,-0.0229117677510507,0.0669793634523908,-0.13726241553492,0.0305759334738503,0.163503228939233,0.258260741219998,0.0303287448193071,0.31613117946214,-0.127469189841077,0.347240090769075,-0.0667804195304758,-0.149613324691364
0.1796659220624,-0.020915642854534,0.575882469306293,0.141889475123713,0.148195404761876,0.156721960435787,0.222690900149286,1,0.261597133876925,0.540534454786517,0.184442952615586,0.170839119332106,0.173672974132362,0.0350304721966777,0.0732947581411559,0.181738615606684,0.196651135676845,0.0806983446076451,0.0880537770910917,0.0461679895817645,0.128425817089554,-0.0945931999850037,-0.159403850680299,-0.116582814734542,0.0819137792584664,0.328452120348315,-0.272073545049035,0.103630770555627,-0.029063378855712,-0.099026622169733,0.161016061965449,0.0262554657471531,0.0669883463855152,-0.0894493550419932,-0.258546852605686,0.052446274456107,0.232485170078195,0.221702674908398,0.191990258638315,0.333046284914332,0.0629994653764923,0.177519939701997,0.0484379269480436,0.079701520342942,0.0220187569124453,0.177070959675007,0.0006029108106563,0.23541262267954,-0.334913224280262,-0.284771699363807,-0.151068051894166,0.223917887927615,-0.235560659049891,0.0602494209843024,-0.0299022356262958,-0.140085778242151,-0.10979159809784,0.184341489828001,0.114174272807768,0.151259514904982,0.0978705743985771,-0.0562142775859271,-0.0462239545852706,-0.125978376888394,0.314451271665749,0.0409262466190108,-0.107927247182512,0.179990328264456,-0.0943275180433687,0.0938752380132839,0.0712747547535694,0.103514680066596,0.0646792041749878,0.187056001431874,0.0375320734455838,-0.0753412165907395,-0.272745558287338,0.225259677787569,0.0501482973608524,0.0057554750535484,-0.0549149049782648,0.0233029633542759,0.345073689088325,0.239551088657104,-0.0163512243366059,0.0436960549711591,0.312903339220175,-2.50826386636101e-05,0.180671725812557,0.195331137103711,0.346480589507989,0.536848710659036,0.310214413348933,0.288089046154587,0.184416006865162,0.205114797840021,0.240572804393393,0.226671567223724,0.220463659273943,0.237851351821649,0.0770731673438659,0.454098234640005,-0.0535073604993914,0.240952979400787,0.0973120006217829,-0.0548288032082497,0.14380878801241,-0.0098270033989887,-0.119346660566106,0.121163290460865,0.102241568532044,0.04983372652242,0.311826401863203,0.192285344234436,-0.0168183323380783,0.0951363616789174,0.212733961202288,0.178449428618348,0.121401485151851,-0.154978095972205,0.185840760637279,0.0520036300597857,0.123011806010815,0.238525043270194,0.257743188383732,0.315189779627076,0.276060577874192,0.236864141552741,0.296228724920743,0.232134903309693,0.146790470003495,0.138740248034214,0.143990798727435,-0.247113105118675,-0.258569569173736,-0.0683201779093877,-0.108139276519758,-0.0172296322969928,-0.0359167837958877,-0.128719304548277,0.283530992467811,-0.154553305902495,-0.118584772043528,0.199143961724426,0.128560823751309,0.176044379075392,0.170106287781748,0.117370489867591,-0.209611982824219,-0.080203093121847,-0.258465005799856,0.137525729789552,-0.051783148711235,0.110900436318884,-0.0098581126621615,0.0814317572584592,0.216091914738349,0.138203613111248,0.247510192111941,0.0746682275877278,0.0270209278441054,-0.14365092811112,0.255975663125374,0.0434799851391544,-0.164826326636714
0.705052545085291,0.698104259464468,-0.164925820329703,0.78765834639019,0.527203235877858,0.853182843385336,0.297065067139654,0.261597133876925,1,0.0266028076961108,0.676583037136513,0.895732208557432,0.419706645801822,0.226240750467911,0.248345312329231,0.236858763010201,0.402351701769754,0.223034551776868,0.145251239679409,0.232424790986087,0.219160379791599,0.0922921372029312,0.286102210643758,-0.0987808293081342,0.183271405595606,0.279719939187856,-0.101596469024072,0.109928295760296,0.21827736743026,0.104127707522962,0.114052545699978,0.369738377573115,0.281077254475358,-0.119698006727446,-0.144329978835449,0.0432189937724523,0.23932376464735,0.561770453907555,0.496513009090279,0.527296936832521,0.107697020958232,0.38055418870687,0.218618635546584,0.170302747122052,0.295063185623796,0.488039510854698,0.200032449615635,0.391535989842769,-0.13337247483375,-0.292186434348841,0.115464797349678,0.212959504348658,-0.108326725028163,-0.047735489054193,0.135366323387208,0.0339827133988597,-0.351421602903624,0.227945964246885,0.163834539285075,0.349449494827116,-0.0373978228371442,-0.408901565256765,-0.420368958818184,-0.230762252539425,0.184146011875107,-0.417799519355469,-0.359047360897934,-0.156286029596771,-0.202455737038686,-0.112823159347096,-0.102822346576629,-0.0957230642729702,-0.196109755909085,0.207612969695,-0.310477157371837,-0.47758943467004,-0.107156218338682,0.415850009090799,-0.178408968442345,-0.206629934807051,-0.345522599874091,0.342318449463451,0.151298066494712,0.429467927545794,0.693340367125124,0.793699951124461,-0.112687029912411,0.730030523793906,0.814243151443862,0.895139769438441,0.963698713396999,-0.09521731384179,0.889014110752028,-0.0418713882721728,0.286746307518004,0.141118165266546,0.260184613523297,0.413637781176127,0.60516436532149,0.342484989074487,0.158348695787564,0.563371247600117,0.147751820134104,0.431204130431578,0.295578193910206,-0.0674620220590727,0.513000942502857,0.264978521488816,-0.108301090651405,0.486630518341711,0.246566886384282,-0.119210716363974,0.263466119939249,0.332552811048208,0.076966404808849,-0.0146850065385029,-0.0376482479723934,-0.153114618067124,0.283628765069231,-0.0442002653293576,0.0185197881121873,-0.064160069280793,0.0520747618083546,0.571019777036055,0.110661810407723,0.412567114818966,0.486702567351057,0.227724025998709,0.471914938556273,0.499270760287494,0.64049882670949,0.460302509514311,0.205235764369713,-0.0449004083007083,-0.278000246944739,-0.1734746494353,0.0671019995131834,-0.027435375704495,0.138658752663688,-0.0574557397420196,0.411855996359482,-0.132703345921474,-0.52958980541726,0.250306442893719,-0.0328981865213631,0.317619562679025,0.285642442670934,-0.55551248144299,-0.386190498557256,-0.663916893140129,-0.478442901746187,-0.226751673819595,-0.337088628926787,-0.312057881567029,-0.610880886978916,-0.282171776963155,-0.302614544492918,-0.0112596937001888,0.30781971257438,-0.364459683145084,-0.0612819288204231,-0.154714280935055,0.200548700763175,-0.211083395900222,-0.322264616327015
0.365536524692727,0.0097924040654071,0.714461348447116,0.253925859348504,0.244414074075543,-0.0614641169487453,0.26357023643729,0.540534454786517,0.0266028076961108,1,0.263607960507477,0.136690105218879,0.479186169513093,-0.205734754002743,-0.137268563470807,-0.0667129488286154,-0.0009377528743635,-0.0067904444124429,-0.0674039677133419,0.117812086442487,0.0046633641216489,0.0149249299850677,0.0772983793321653,0.169016952005989,0.0077439234949515,0.138811527838532,-0.106328247811208,0.405367290593968,-0.0912377700890201,0.0530198558187102,0.164058300616199,-0.145476690867655,0.169021769587808,0.138899875221305,-0.266523138075594,0.0925618210076785,-0.119783286288475,-0.175909320651782,-0.277481510802684,-0.0810972131203787,-0.0687329463730089,0.124398535923469,-0.218799346868314,-0.0490556254920162,0.038820256834886,-0.0704253540907112,0.0095911228191398,0.0894100421845386,-0.419248655591655,-0.238526087060745,-0.113188237922655,-0.229414679887435,-0.362974643551432,-0.202945955967597,-0.29188386756121,-0.21352630964907,-0.0609982460865291,0.0222459894230496,-0.132433953367356,0.0021992846525599,0.0250979329750861,0.157784711506862,0.110080565748747,-0.0084033798298332,-0.0159355701110959,0.102892723746737,-0.163997908119371,-0.0465289908843236,-0.200916654955201,0.0045678194099171,-0.159500627159901,-0.232651241407653,-0.0939337257274037,-0.21642478461888,-0.147208811886516,-0.149178217431692,-0.378933845915423,0.246694146103467,-0.0763953440429463,-0.178642179705917,-0.0760656273457147,0.254433085162682,0.573648458568081,0.4237371190677,0.121077324102386,0.207784431336537,0.713653757594719,-0.222710642943879,0.246042044794661,0.136453472471883,0.10516733436159,0.727991548592844,0.241032892080075,0.743216638622508,-0.26818019531027,-0.179621290522016,0.0333593539266333,-0.0458148786718423,0.0086621221219607,0.145170235778644,-0.102866554876864,0.0991290652216355,0.0459668603166831,0.407672009551692,0.0474007819486833,0.178044794153006,0.141924163220885,0.0419542963746721,0.108226938224269,0.128866023463218,0.0034521109368314,0.436154785086146,0.18801419891513,0.073133223015487,0.0204399250029166,0.331805464796871,0.667920350712954,0.586995593630835,0.44274114409034,-0.0089993584469562,0.354975873289645,-0.157304324946129,-0.222776802904764,-0.12722814597777,0.366102488325545,-0.104677648903997,-0.0914496257182763,0.0884306039554601,0.124378195630946,0.193642148177509,-0.0012704025719858,0.0299350294203516,-0.0072452006382592,-0.178000274936648,0.0228789598024829,0.0497314256523222,-0.09173071797454,-0.211234419507807,-0.095890200016174,0.154231314869952,0.215072629028425,0.0179206486368078,0.1121810360426,0.0689924415797896,-0.120856848808507,-0.0003103214946777,0.0476853216585083,0.155847403444812,-0.0354325870956161,0.104875065921036,-0.241833041588948,0.196260241839069,0.06549019915497,0.284171254933822,0.140486447578335,0.0780379584708783,0.195339670039437,-0.129539358388891,-0.0555410085397342,-0.0392539362906774,-0.173205960343713,-0.1748956174343,0.28060001632657,-0.0158367911507625,0.0370059235818719
0.713756903568514,0.401687205308788,0.16252718178173,0.59816842763698,0.359553827773845,0.4371215603568,0.349694861209868,0.184442952615586,0.676583037136513,0.263607960507477,1,0.769317719172977,0.373642168531552,0.0816162794952419,0.194996777697432,0.151961797865367,0.137581058791788,-0.0101913683510622,0.125375296241758,0.195388871894837,0.17413478093704,-0.0172183246549996,0.217909516846061,-0.100440366621253,0.0916464480102572,0.298015789182676,-0.059734704195404,0.126821122476413,0.0442175136118072,0.0221344661618572,-0.067566478313752,0.385417255597753,0.167767081514588,-0.117150360639881,-0.380760032198573,-0.0322387983056669,0.0951748734018586,0.21355600597035,0.180630619081966,0.307763818604367,0.0003589757628856,0.105173841910481,-0.013862711314292,0.132482775920726,0.238727488481311,0.479007630645894,0.160881486758143,0.43316901443008,-0.304602704312825,-0.348647527848694,-0.0474609785916957,0.19799232767173,-0.436394642001402,-0.0110225562527108,-0.160134354555953,-0.201146675141332,-0.342888867266133,0.507032412457444,0.388469605749414,0.354863019472628,0.236389763344423,-0.0476901897099667,-0.112506811390654,0.0064033668467843,0.217264399700909,-0.161543234464327,-0.248230135118836,-0.201647666548792,-0.130052731225227,-0.0422468083098761,-0.0489346236025973,-0.0147936416322526,-0.0130907381838044,-0.019826113994142,-0.409113952803781,-0.46778109492389,-0.16729609677507,0.66502921606129,0.149319332906433,0.0365183663741926,0.0336610985226227,0.632293770962003,0.456543010288143,0.523675755537522,0.475589483633962,0.642570423741317,0.2163358784984,0.316805798524809,0.780497603515693,0.59044436283097,0.728911291447225,0.268696303635644,0.826812435925495,0.247436899671403,0.129390805632818,0.152336913249696,0.241735970966207,0.265315371223009,0.340634506518019,0.0896507129578328,0.164427116639927,0.471177230699147,0.0701653399088775,0.502526883519497,0.259746638979841,0.0798081874441293,0.436794252573277,0.214436614085056,-0.151059971118849,0.46918901543503,0.165729657566017,0.108286245960581,0.375407084199855,0.125590354977213,-0.0680622948063438,0.0524646278685784,0.155041247584185,0.114870035493497,0.302818947096949,-0.176962985274653,0.12426186144766,0.0298739409661332,0.0315697954116894,0.230856184085994,0.280674347192465,0.198883866150729,0.338435986985713,0.0719934251250533,0.350051283613534,0.419131083541957,0.563403012023674,0.416672046485393,0.0722702804418516,-0.151605668720034,-0.160238708940149,-0.246094999742868,-0.105645643559726,-0.197464646230888,-0.114971123530361,-0.0297378660751849,0.383100685233928,-0.258750373309945,-0.377190860008389,0.529614873567595,0.300524492310239,0.230373217034487,0.107350044760549,-0.268080970826408,-0.119791308660272,-0.288462849849154,-0.403096891596781,0.16771818886371,-0.0740523134529266,0.152679174272655,-0.181034244938507,-0.0497368558607422,-0.143610651906123,0.123581706594405,0.306390407346302,-0.213297578858168,-0.0573714291115351,-0.228000582352981,0.490602823316867,0.174795300560958,0.11204088346391
0.746221101314904,0.657783064295775,-0.145478193581727,0.756950479841908,0.531036364984351,0.714657106857247,0.252763133348727,0.170839119332106,0.895732208557432,0.136690105218879,0.769317719172977,1,0.568577179175007,0.12745774257605,0.185141359907348,0.130338120799134,0.383910314234046,0.15578784083904,0.217960051041453,0.404029710519565,0.196866985084751,0.121261545247625,0.291668312467712,-0.0842233302802964,0.101630968784235,0.192342071775235,-0.137419784614276,0.109834421336922,0.0846106582526136,0.107264825715768,0.0093836232908577,0.338701925855749,0.280865120142733,-0.0859730044597646,-0.288932401817077,-0.000782730145419,0.163813601918313,0.407316366129569,0.362383768680892,0.320761968285555,0.0191186942806061,0.284270803658144,0.156310583536456,0.0641482938102483,0.302178241079975,0.390170027037699,0.320727421418666,0.300814555619301,-0.185160316960571,-0.335572633036997,0.048655507578429,0.095010235392759,-0.12965270799516,-0.157401882148744,-0.0557450284048325,-0.04203462753091,-0.277343983324703,0.244726369515857,0.157076945768526,0.166888001610053,0.0850543585825069,-0.301942413916822,-0.349266463510054,-0.0850459215874128,0.150484971284924,-0.394361153124897,-0.319516193155266,-0.366917332506756,-0.212311692018302,-0.0553228301616237,-0.0889695019323599,-0.140553891503428,-0.204576685400686,-0.0131993780001933,-0.401111717513725,-0.575988714034907,-0.122636318577692,0.349746085617788,-0.125991041235436,-0.126014219767525,-0.272276398668702,0.359270263176782,0.249702026003258,0.449028238074949,0.665841628389255,0.831152014043879,0.0099546218851456,0.570343037813085,0.763723053544955,0.85245693962829,0.856666552297208,0.0001139734966487,0.919784370060944,0.112681992436924,0.155817962813989,0.0634491126886804,0.235309674950669,0.332071541153115,0.566817709275933,0.305961561455763,0.230007845094807,0.371863411756087,0.109507573366715,0.619712203387184,0.312433378131375,-0.0544082161910766,0.411940696052361,0.117015066959028,-0.194389775350433,0.525019419002515,0.212582883329496,-0.0866096296374343,0.198727936664624,0.254774346267591,0.0143430671235986,-0.0079572349480646,0.0537737042154081,-0.0604662541000737,0.342209908185236,-0.129501275250995,0.0283926899040262,-0.0687550963059824,0.0199252536340588,0.440449591600623,0.210997146749443,0.228765206897673,0.330767266563713,0.0734651399086133,0.360765560701738,0.485120711641794,0.537893484257194,0.381434296717163,0.124577565211906,-0.112395791413298,-0.215985546065948,-0.262329863466509,-0.0024943449710501,-0.204617981617096,-0.0116524725470348,-0.0307982473470262,0.358813045621949,-0.214126218065324,-0.564498946642943,0.266614760137661,0.0012686090788631,0.170178463151386,0.124658798845929,-0.578841799344745,-0.291219149940684,-0.601523683274352,-0.46573270887887,-0.181385883127619,-0.282826883085291,-0.220292666905919,-0.591931368052178,-0.22668140841958,-0.362205776836235,-0.0657343871045656,0.177303945512451,-0.363064990801864,-0.226965735785354,-0.246155273852304,0.155697593580659,-0.1179126098935,-0.218793287243124
0.740504117190441,0.627430897019595,0.127845553334001,0.585861895088524,0.52314347326933,0.380959102375522,-0.0055332278032424,0.173672974132362,0.419706645801822,0.479186169513093,0.373642168531552,0.568577179175007,1,-0.251047644941293,-0.102434844205807,-0.188111045721748,0.0367178576966294,0.0806768824073261,-0.039051597218054,0.279355480352546,-0.121213144077684,0.0147357588943108,0.166012374932785,0.0789740219583031,0.173687251644342,0.068155882319229,-0.227424078125,0.42888171818072,-0.192765455408609,0.0639330281162966,-0.0787450270048268,-0.0323449765746252,0.251469482166965,0.0458259550782876,-0.35476516655833,-0.0247100418028255,-0.113922486193873,-0.130021029768605,-0.236143993825851,-0.199087436189796,-0.169828598863107,0.0304450625469954,-0.255407417866921,-0.272072599612672,0.0771722407249717,-0.169041209466766,0.120981672014063,-0.0064447235760494,-0.343850171731734,-0.213230244762888,-0.112004235429085,-0.310240414219357,-0.119057016061717,-0.372594606319628,-0.345379509927567,-0.0714907280322225,-0.0578149687291817,-0.169342065410815,-0.190256203639715,-0.109169037920615,0.150308751900697,0.0002723519659591,-0.0793717333272935,-0.0216862943326777,-0.29709268588747,-0.250111280816702,-0.18336136031537,-0.435975901496684,-0.10021913946819,-0.0616966000798254,-0.192541917736982,-0.240544355318106,-0.204120199382332,-0.381486830023749,-0.302165030372184,-0.402555204961123,-0.143181153589478,0.128576706817164,-0.135469365277678,-0.166630075658204,-0.165088980271311,0.26295298154609,0.609343854230131,0.647626752481465,0.68649025007415,0.675800696582829,0.421492704214917,0.295094949761434,0.519312927542921,0.626308009987054,0.389930620755305,0.224275783539993,0.51657138775995,0.669550472341435,-0.317600972392002,-0.234981633433479,0.0653751326684193,0.0307329359518572,0.224119969176871,0.111649193066101,-0.0691229384804776,-0.0259382227190958,-0.0683437432387876,0.526960008719049,0.0319604753384043,-0.0582899804433807,0.0973856146524936,-0.183196820942327,-0.0236739319537951,0.456743627412724,0.138904257003051,0.21633754038078,-0.0959729664455816,0.0261303990045759,-0.0368310070266619,0.111583006722246,0.524133512495899,0.327614548411039,0.502848221132277,-0.0010702431884862,0.156825079065117,-0.300468991386975,-0.208270901518071,0.0348192899225484,0.275846183601104,-0.135479308766837,-0.0893958345820838,-0.152342193919851,-0.0673202239656161,0.226515115081205,0.113428028148896,-0.0286308197160674,-0.240292582880523,-0.0918795070911344,0.139059107084935,-0.160086421583037,0.0869488669546566,-0.121174210193828,-0.015228900845954,0.229075495902224,0.0982828125063659,0.0328730364401001,-0.108261004381598,-0.0220165368948767,-0.248588267229527,-0.116300634957822,-0.0769462041197079,-0.389699650789844,0.0785844282886447,-0.272722327812571,-0.17979104528893,0.10928212456062,0.0637300775768473,0.0331071832624645,-0.304619011502917,-0.12752112389752,-0.225541183645874,-0.0799642616816006,0.0165000182678611,-0.0953502622714156,-0.208623974404699,0.0724501448491459,0.0338650871325787,0.0449464422797922,0.0788318422966896
