1,0.681504751879745,0.387433607631573,0.825071027867261,0.563165529412113,0.0312291805422149,0.157222561007313,0.336170991981662,0.742538227243692,0.704387958488435,0.6981167293298,0.631052638382214,0.544612019555264,0.410180286875563,0.222863618894755,0.178187010262283,0.399448596852398,0.172978664364226,0.24496678596933,0.241102028996326,0.167890022654076,-0.203244569333841,0.305997578009764,0.208751175041168,-0.0693210507195228,0.110437864319432,-0.0711836559400278,0.154891463138562,0.271849042433315,-0.0712617766291882,0.0990495383445322,-0.166472139516698,0.330189302798944,0.234355160095279,0.0718273148063112,0.30763179165522,0.159406120554279,0.462497549336095,0.247586046079963,0.450693079489238,0.514493304625332,0.512680357903508,0.417377156148122,0.088902052847997,0.334599779940562,0.299992130759705,0.354665337619202,0.224742442000518,-0.405740816367132,-0.387856993782127,0.0778203230471288,0.0538824580110002,-0.384412680215737,-0.419532968295539,-0.0698419099631122,-0.152015464185701,-0.0373717776574894,0.0493857089787438,-0.144976230047313,0.421845221103181,-0.18069563802693,0.0099932535234488,-0.132204898823222,-0.0225885745241464,-0.430143823633167,-0.363548829189382,-0.501926112428879,-0.247392403032597,-0.358211092999095,-0.166325148505532,-0.258896065980896,-0.333149675171627,-0.395719238012001,-0.298967299745269,-0.41420470053945,-0.333730806073377,-0.52491494884235,-0.239543294910118,-0.444988719818375,-0.359714419802972,-0.514575089681786,-0.0029459088375211,0.141166522853102,0.500203758821601,0.813015609288488,0.848386033873828,0.37969462210511,0.313242334496637,0.663282844475594,0.501591055841845,0.605159104869587,0.537540244568821,0.712483339017419,0.564301020290392,0.196204885876636,0.183046653458416,0.376610010487857,-0.0047488439923081,0.484516840750611,0.228736653808658,0.286089503398038,0.151022454262379,-0.0376779239893407,0.256150752664097,0.191268486351081,-0.166553161699493,0.136400332341087,-0.138945187034008,0.188151913298701,-0.0621636834506004,-0.171040936743657,0.331379453232999,-0.0975983232131245,0.344848518956732,0.200768289135958,0.194108235609843,0.249434794182672,0.317750897743833,0.42436025358281,0.173429236770242,0.388480189067763,-0.146035842843498,0.253631611272971,0.505841979007403,0.464265697004168,0.408298146317273,0.361756892454585,0.392030186883588,0.487993198193254,0.507457050882257,0.301160962989529,0.363956216953133,0.238747882886359,-0.315010124295293,-0.253871747325697,0.027349583962888,-0.279678451761765,-0.382529410531888,0.110649713898315,-0.126346539755887,-0.0880745651353926,0.0016123973804573,-0.274629226789118,0.242275328721513,-0.153588044884511,0.280579638052247,-0.233835172990813,-0.366942088739232,0.0171905917450474,-0.527007090951246,-0.421016395475258,-0.251897449759805,-0.396130922253339,-0.0904199502523633,-0.529425472397724,0.0033583550899504,-0.079720036651954,-0.204771126733515,0.0772348771260868,-0.41536329285156,-0.224128122381433,-0.486438225215585,-0.17373620904036,-0.414612823926587,-0.255735778068765
0.681504751879745,1,0.613526193110628,0.803175795695915,0.3923111316964,0.452199884496784,0.258850906064773,0.679607384562486,0.78521076174376,0.822739613470656,0.630607219287982,0.830027389636013,0.702458614616664,0.31768351394659,0.167885811654108,0.090069207074903,0.374400898728091,0.200455272876554,0.215916291008323,0.293674388789148,0.185555012677437,-0.0718942093911625,0.469438979590597,0.353553524680215,0.0030047792195219,0.244286569397333,0.0076404358039167,0.194326106809426,0.332423409208732,-0.0108668186544416,0.181054378787931,-0.143821123038357,0.431996697377415,0.311281514149548,0.124632929935516,0.382472223763975,0.152784822712025,0.496738949080123,0.296836547722332,0.365680973377329,0.453067713877559,0.416527159943406,0.457911144837812,0.0813879905947622,0.265851112016886,0.175050793867031,0.424070504591297,0.0928417356105137,-0.550830439088977,-0.33239720560969,0.132325415090868,0.114592937771328,-0.340585678198774,-0.415814000631696,0.0554327424007871,-0.106422625367577,0.0689564343387244,0.203768937277197,-0.0291088965382398,0.299386681923478,-0.306258940328365,-0.0345203908355606,-0.206690729021366,0.0358579126567517,-0.485250994861034,-0.479824719797391,-0.571555831234794,-0.399867320790645,-0.474522480921698,-0.21364382126012,-0.348111948113762,-0.45623565569841,-0.514895596959658,-0.493789935257541,-0.523006023204304,-0.260871818742299,-0.499198492911427,-0.23033344010447,-0.477351325045792,-0.34731048829039,-0.464686520075263,-0.0886376405551015,-0.0574413227244443,0.268413233077546,0.920846533180574,0.76468017301418,0.669679399140353,0.69334078783476,0.485802491006831,0.554587481050708,0.507770853978967,0.820725895506079,0.758145276485997,0.672991481671363,0.0843389509277069,0.148198263756009,0.279529230414188,-0.0512238177669485,0.522222173745297,0.0845527578923797,0.256820023908884,0.0763667295198569,0.144324665315531,0.324391613702461,0.251292496212764,-0.0062477322204724,0.247326096867459,0.107211812352541,0.248050092498447,0.0959258676846572,-0.106834331021086,0.500227976042168,0.0525845473344893,0.356450194626848,0.295401246375489,0.268959095021341,0.251166292381274,0.349354935268593,0.480550433230064,0.14311366769711,0.432925224220291,-0.105225754672262,0.274099804759324,0.514694635490925,0.521555390834811,0.311534000636207,0.346560119661823,0.40560681706971,0.532204232350468,0.455610626873605,0.204654418693098,0.401891087729991,0.284441446426718,-0.338208946425029,-0.244714562351303,-0.0903604354814648,-0.28728097404663,-0.369866974530393,0.17503287665799,-0.16387815888925,-0.148115418341313,-0.0294293477511319,-0.342587223554666,0.366548561513114,-0.127747426241116,0.226281832752802,-0.423035886056203,-0.534485656745343,-0.0576183821248931,-0.648659982475602,-0.551251023964229,-0.329627060607837,-0.518277944660155,-0.0932710599724499,-0.657863433235849,0.0501696487354162,-0.0548934210677909,-0.384750596615592,-0.0484238519800808,-0.552271447577704,-0.287426806000325,-0.583417981773433,-0.206444183815434,-0.368698169117459,-0.141564879845316
0.387433607631573,0.613526193110628,1,0.469534252913432,0.21631246273466,0.130980756069002,0.0672861200596614,0.489180272977862,0.353492567059042,0.555490630089108,0.506063270968475,0.501879254472141,0.544292388335938,0.428452129824863,0.433508447520014,0.200000158361899,0.474125795388371,0.420726401007807,0.301074955888631,0.540471584828661,0.267624548106295,0.245367746058935,0.533278997886181,0.433322821700907,0.110245185267696,0.367967542770927,0.311349917996428,0.310437946933043,0.512769591214721,0.377401913189369,0.283476781506599,-0.250249212948856,0.532022478030264,0.533863433796469,0.119882151306595,0.666600260287552,0.527111819488859,0.566263621172651,0.431649792043912,0.534422376364987,0.516319676528079,0.543278174926398,0.652928753253938,0.224392457763163,0.370882385659602,-0.0316557743647961,0.520892024311788,0.0549764944330845,-0.490977889394111,-0.404539074875206,0.298255177782951,0.272862188273048,-0.146104741706289,-0.228999175798088,0.152089274940515,0.160453614171777,0.18123476926855,-0.244280596703895,-0.377656070129834,0.266360179263827,-0.374328191679915,-0.119381796615565,-0.148765744255495,0.350669520715724,-0.492584308574738,-0.461302055415323,-0.540060577522823,-0.405013794014623,-0.330946223177255,0.101770926279131,-0.0321179644043358,-0.477809936332298,-0.56378976584333,-0.476223456651057,-0.40926564702104,-0.185637863623217,-0.426470261032998,-0.512112236932891,-0.62306318352073,-0.607963297725949,-0.565796165277092,-0.497120923014712,-0.14337733963969,-0.186481263386668,0.554342915258809,0.417112427581505,0.793776153307223,0.19882929453225,0.397008007096028,-0.0125918778055982,0.235036143422441,0.615656827630306,0.380712094755079,0.44856845968597,0.185787691948723,0.459843505027759,0.447038231095573,0.204171162307925,0.494513103976095,0.35783216045595,0.324163484678526,0.0059698111812092,0.427493300871618,0.436763458615073,0.379848294594782,0.219141088274496,0.533837462585568,0.462631259844873,0.449723643326602,0.261103403371552,0.116729853371809,0.634189737820445,0.350454411715893,0.490487697848898,0.316541766093777,0.527583764362122,0.318193323677349,0.403387182359416,0.547562184606371,0.0595617271220828,0.49547633172488,0.0871850231679078,0.430144126166308,0.524974247835773,0.504033692979952,0.438886209489337,0.438277662266366,0.417494341683079,0.510254523350615,0.414541571319883,-0.210041773089747,0.358287764998843,0.186595609610405,-0.40749108559186,-0.386727330303597,-0.188079091534301,-0.0709533852112417,-0.325147964228473,0.150668926650098,-0.185717365052553,-0.194017005632046,-0.0984308977349453,-0.392486195749638,-0.129272210805386,-0.486210106043658,-0.0252786572116339,-0.449008494470669,-0.438840365218536,-0.357400613882011,-0.68153751917717,-0.575670758312426,-0.448184991488303,-0.547797678585233,-0.0283445135747088,-0.564017829047586,0.351123762775187,0.0181203613106165,-0.457723133740819,-0.165366567972055,-0.609775499190457,-0.494879340073735,-0.646025867422878,-0.548374071916784,-0.641082109322103,-0.477181396978464
0.825071027867261,0.803175795695915,0.469534252913432,1,0.621923355655376,0.275929318309132,0.211543927988666,0.501919336470865,0.87604470127028,0.699495021361147,0.81095119603038,0.800198411790679,0.647436405722725,0.465903602482055,0.321123838453908,0.284463841133152,0.444484226590317,0.29807132753373,0.267760698552865,0.383886430312482,0.352155915729868,0.0285188004029687,0.381440588947986,0.381684425329288,0.130631629061544,0.193532006984907,-0.0286321220404305,0.136337360342657,0.336777430849324,-0.0329097537340815,0.065898564582003,-0.149820116877883,0.368330859747126,0.342144213520812,0.129046942839439,0.424656187528769,0.234966564046447,0.530565387327981,0.333628225966916,0.477854792466,0.513876892175592,0.507844484577216,0.472590988866696,0.0144869785808868,0.317951024292548,0.291614252159146,0.476055710517203,0.270238817010005,-0.593013306626498,-0.455159378094898,0.0641193674639084,0.0742977531003064,-0.447607663588993,-0.551787190691439,-0.115811078361976,-0.10578199363465,-0.0140913678971811,0.0624376291718271,-0.152590020905447,0.339895205968328,-0.255648458073567,0.0659811239109709,-0.170751146511012,0.153721268004038,-0.462943679985422,-0.49744490438816,-0.628164626218182,-0.328720772641226,-0.438168499942167,-0.221231639463828,-0.357115450587368,-0.439265876806613,-0.472707152451129,-0.477377442816641,-0.536338583336939,-0.416372049637168,-0.553291997783904,-0.238114441378491,-0.511415052070497,-0.419684167150112,-0.521243782828681,-0.0140220943689193,0.166604154790461,0.476957457349826,0.859357418121132,0.889268088583723,0.52329491579141,0.535950961442758,0.742515593318947,0.563359501942833,0.711199923011481,0.600702784868966,0.850620438045583,0.604136396220097,0.266730539407436,0.287938128680861,0.399509520875979,0.0729103628342025,0.594932931313768,0.251957683490019,0.348997534217146,0.147899784879561,0.211835002742251,0.452080480172665,0.417275045175564,0.136571984775664,0.215580751872857,0.11207029451873,0.383883690234944,0.174670386833784,0.0555631140075512,0.39052384604024,0.0139987853805436,0.397969072739526,0.222036573754995,0.236917385349854,0.165130948444009,0.275002749892904,0.537904949545711,0.226859574273787,0.455385267284247,0.0477945966917489,0.325502577207596,0.503664709454315,0.546312545847539,0.427231779617689,0.500725827390728,0.35016152406747,0.535273767126576,0.49413843875734,0.291316911303899,0.359782925985612,0.231622213911385,-0.397749046699285,-0.302638745438086,-0.129645654700753,-0.276847808558313,-0.474192046200277,0.125022051440795,-0.0942629273505744,-0.23513678959212,-0.0379153202433759,-0.364731757583014,0.273157178760917,-0.215201500551276,0.276049000107962,-0.435270447920507,-0.564931315424059,0.0183015024128521,-0.637533292439129,-0.598156420196949,-0.27854091784924,-0.514945897781801,0.0704813213894051,-0.658183264926328,0.128448983877589,-0.0842913176694401,-0.355462903043261,-0.0083589325907944,-0.51475713288238,-0.234204500222569,-0.502415092830638,-0.177363208288042,-0.44782278166102,-0.217316290337792
0.563165529412113,0.3923111316964,0.21631246273466,0.621923355655376,1,0.0464364375919168,0.180611588228881,0.0393807778775192,0.656498282681935,0.262328277522628,0.564007196121426,0.337489103161387,0.122706702330692,0.364376442679819,0.375489594460248,0.546653010168814,0.216683002891664,0.393913836266674,0.0843758656340258,0.160798927633878,0.337408434194059,0.216228001288446,0.0798813404634025,0.170516194624072,0.350249837362902,0.087192249270671,-0.264784722096977,-0.0912633260784502,0.0942008503963621,-0.0112081629404656,-0.0547942000978634,-0.396007320073651,0.0160870502397331,0.0795260003761178,-0.104051443213275,0.197995956067707,0.158156110710974,0.249708503499434,-0.0400754119725509,0.273499036509734,0.101841306386455,0.217047467435636,0.0695524369150544,-0.326861181740877,0.0971822611881513,0.170534187401686,0.162192241589277,0.414386193077259,-0.419122941224281,-0.243055696636296,-0.124639792948159,-0.207097007634358,-0.31380137801397,-0.382750032014288,-0.29339065131207,0.0795079676925122,-0.147349305575985,-0.190226621902729,-0.185589099534667,0.0757094444954147,0.138734851017013,0.360174942365957,0.0845274164017673,0.207178804587711,-0.0136450425270356,-0.192353714414275,-0.229993518263056,0.0416564389920818,0.106432441369785,-0.121857568350208,-0.272264385948785,0.0460938015512068,0.0766844917776101,-0.178154027128176,-0.145755094244874,-0.280596778589061,-0.0420356616606772,0.304892344438523,-0.0670154388434881,-0.076530550732934,-0.272556229765765,0.312440723459915,0.336188317209972,0.555375247443255,0.478717254904588,0.615183351283273,0.289027911441531,0.211000004680721,0.850303015582781,0.41003154445869,0.771737855989769,0.22300202275661,0.577232690476335,0.14340287223481,0.438633661681994,0.373725922177553,0.515730982211641,0.28671139251985,0.245060441943598,0.32822364583217,0.172059406991482,0.0733812407758252,0.163372471691455,0.322753398311898,0.328448039049035,0.334483390762726,0.0660206642818851,0.0751319364077062,0.168186258688447,0.206418135287728,0.307822719293633,0.125486416273376,-0.0547481797108475,0.146937111064878,-0.171747822972315,0.0304575189623606,-0.151299092810312,-0.122002185421862,0.114928663611286,-0.196727487836591,0.0447795740501198,0.0270008546462936,0.113472678541577,0.0630688539713043,0.108742556855587,0.354880370350617,0.431658640448834,-0.0946063352602628,0.112011844261764,0.0871697148468569,-0.0104808282654923,-0.16590582580049,-0.220689416328838,-0.437973992517727,-0.313801632206163,-0.0601332445798629,-0.287658591040757,-0.453203527322685,-0.22900347761886,0.0120589483728983,-0.504696145835776,-0.406379063854907,-0.479257504555449,0.0011472437427274,-0.180436178934446,0.211490227960868,-0.216884804510124,-0.541952776096209,-0.066691181257988,-0.22345048171397,-0.256500989874983,0.0433825665440234,-0.128183957940001,0.340123304639791,-0.41922583635933,0.0888302671195533,-0.399354763692351,0.0135309004821007,0.162326528233945,-0.0893334484602483,-0.367237550745861,-0.16208238766859,0.271512817343354,-0.0825813895410059,-0.445076184281637
0.0312291805422149,0.452199884496784,0.130980756069002,0.275929318309132,0.0464364375919168,1,0.0979026278187387,0.721902102091339,0.453730324617141,0.367782387529287,0.118226553779018,0.564709748602884,0.510321326460549,0.0294839581560026,0.0324975847519194,-0.102267759727955,0.117647835179777,-0.0525334457620192,0.075165893404178,0.0656893938116664,0.140685214297633,0.166192054063408,0.442275421941629,0.268449835269725,0.256404270976835,0.166840742643574,0.101910684259434,0.354305082459774,0.360331503840698,0.302498476953897,0.46302403746349,0.2172497217407,0.308309473704166,0.365869197637769,0.188266991891323,0.261635269399531,-0.125382949427856,0.312285373608633,0.264810434218779,0.0163921224882482,0.152072806629411,-0.0154198452894141,0.19465632129846,-0.0975670609014686,-0.0969805303267947,-0.0011724610730348,0.132536640255419,0.0074121176066959,-0.248150458539182,-0.0031416986365463,0.347717346595394,0.0882587850086124,0.0336835557981198,-0.227574413686553,0.25450883421018,-0.0978285343158997,0.295614434491042,0.325691188978556,0.111047978754658,0.0829423757411041,-0.302969645054839,-0.397839488480368,-0.374340771661248,-0.404337982983508,-0.311580674946941,-0.298953609162793,-0.276440368430624,-0.302316313527062,-0.351153806011842,-0.329614935258406,-0.208835015182303,-0.348943811015503,-0.345488140155795,-0.381091298487568,-0.320953173610534,-0.0069827411162672,-0.327560265984354,-0.0905923009418197,-0.185733614841008,-0.122686818772172,-0.0567567304911571,0.034947050515445,-0.16486800714755,0.0076425557778158,0.363442316965035,0.21753920334084,0.298513686435394,0.802195832596748,0.0406842057675497,0.568176067596017,0.0723086095638573,0.441663366202575,0.346260868629926,0.436005463104495,0.0421266437609876,-0.0635384758535849,-0.133598415245113,-0.2513198664829,0.139072396959986,-0.158647088054298,0.0638935051345651,-0.0635840408130584,0.127196301011787,0.0805223400049596,0.0024867393989243,-0.0221590342260926,0.0132691556339885,0.270330931690772,-0.0429896476403845,0.347073538951693,0.142294519733031,0.151131189105738,-0.0861761144590046,0.203364990509494,0.384010358179791,0.270220577664052,0.316334083730129,0.259680912640833,0.175967049677406,0.213953913167104,0.32670139890811,-0.109822174720399,0.0718674836166368,0.168362303133708,0.320101231872772,0.123042207872602,0.10725736220809,0.174255563246966,0.163632986791539,0.0370838797524797,0.16319010417774,0.0596007843165639,0.243584390329332,0.0547530513616704,0.120746723587915,-0.0622145993222813,-0.0158037277631108,-0.14206277854935,0.284771570660032,0.124767965866276,-0.06924553348136,0.0845237102531314,0.0574401497081982,0.393031268031751,0.0212658164897758,0.0959225672671796,-0.271638814283584,-0.206855367968808,0.0579032522448017,-0.34393113342823,-0.285318550758156,-0.262365583169852,-0.333727601867003,-0.381594646014529,-0.355478217239525,-0.0990720943001527,-0.0436473456308492,-0.375988738546486,-0.246841518647502,-0.377843277544647,-0.149240635936156,-0.281603888111514,-0.076834570206313,-0.16336140882746,0.184077340475714
0.157222561007313,0.258850906064773,0.0672861200596614,0.211543927988666,0.180611588228881,0.0979026278187387,1,0.110858263182274,0.301928446030456,0.235005279826793,0.204629573369854,0.111820864222984,0.072244689246467,-0.189379389727634,-0.277121067477702,-0.062621765229899,-0.172517115317822,0.227140948017426,-0.348390079650954,-0.301836406113913,0.0394547910334988,-0.064857580239192,0.016208774386044,0.014763090644234,-0.0743601447591216,0.181269230768352,0.221842957769315,-0.0591155138476809,-0.206971728272853,-0.160934785674519,-0.167637158536645,0.0357663638969156,0.029114118605831,-0.128045778786553,-0.0530981336230816,-0.091588888110423,-0.214324060035964,-0.0538242527960761,-0.22540113950751,-0.167352373284313,-0.241494458749122,-0.0171563723295515,-0.136253616021761,-0.307084899474535,0.0307886906308696,0.205739132776087,-0.116331619514588,-0.0157417956215891,-0.310001702418038,0.0409435087646123,-0.244879319693948,-0.158252751598608,-0.231471984118368,-0.33215312979235,-0.364695815778956,-0.115601811330894,-0.247442957647002,0.15002461207081,0.1365615492827,0.0129819044483323,0.362474533594224,0.539930848638921,0.202011565556664,0.270034620984442,0.302475410461415,0.0820120831125149,0.0712201066208459,0.0696811836093977,0.0336970240077915,-0.0604412860220557,-0.238817416683199,0.0314493167566249,0.215907073319741,-0.103890297585021,-0.128065296421129,-0.188119631367027,0.120487735981728,0.329112114885255,0.237187934390598,0.179448934006273,0.177830219457954,0.45148809900706,0.381334279219314,0.481021120640903,0.131128782677354,0.179894776237226,0.0641858750325339,0.141560231628456,0.295470048799761,0.218397804755449,0.37260475216193,0.0828021348657359,0.271530117668299,0.0416417689029068,-0.197575444796089,-0.293157000679393,-0.0151058061395792,0.197921154507831,-0.0222554000314242,-0.159194359918075,-0.317031746418235,0.108796502730539,-0.106078754471089,-0.206971377145284,0.0404816299991921,-0.0597126313539515,0.171309879696421,-0.131792584582033,-0.0317299863670791,-0.0718607079683596,-0.233992565926046,0.0156930415193277,0.530792459146411,-0.191861414556935,-0.30226426919587,-0.129381067391718,-0.250279702723104,-0.245375739491204,-0.0207649376899489,-0.0900359055767823,-0.152852692593945,0.351748867109008,-0.024857601081259,-0.0021695479314951,-0.12877483804412,-0.196446657260948,-0.106391187886485,-0.234423955226413,0.058320548848384,0.0076681022554544,0.214007331900507,0.0024928591481442,-0.0542172545814544,-0.147215261086665,-0.0731913439890109,-0.17450933299866,-0.438397673518679,-0.323722787137465,-0.395350756071942,-0.153118927006618,-0.286149708406952,-0.259712332425212,-0.282647867295033,0.348019202057503,0.172581914916722,0.171869185521288,-0.182867634009075,-0.337425734551102,0.440875150788948,0.266418057324473,0.11137114276791,0.436213980830718,0.241188227423765,0.270506663678675,-0.0176781322022184,-0.167985280040605,-0.0939675752511976,0.021485602204435,0.167724025911446,0.181319177920864,0.167373789431693,0.15454704288808,0.498999248333037,0.344152325706374,0.192075353621872
0.336170991981662,0.679607384562486,0.489180272977862,0.501919336470865,0.0393807778775192,0.721902102091339,0.110858263182274,1,0.528307229990688,0.76418271535762,0.375462447732202,0.820561661519147,0.871374981951539,0.321541715888914,0.154954809358629,-0.143928781228412,0.316510230249025,0.0715849183201761,0.264565524999961,0.348531900545123,0.256089209022831,0.14972809456164,0.617406447400316,0.523032956563001,0.0602436754244589,0.049199706253523,0.229059298858779,0.214619821469274,0.460898923268953,0.149646104096232,0.261775345109898,-0.0438583425311664,0.516597331354181,0.398348962266795,0.0554527583427924,0.424595539916478,0.229240615507935,0.520874408688714,0.562353125052964,0.319510422381463,0.546822587309368,0.323643012513675,0.570668990718984,0.170648223205138,0.178284816940693,0.224202268031706,0.453733087191157,0.0510024968829689,-0.545800712417209,-0.443392193010096,0.194449184605978,0.312366780653099,-0.257751770126157,-0.448327303178974,0.144100721088807,-0.325030380287892,0.0530790757038709,0.283784126861911,0.0614116137611599,0.438556845136054,-0.569427723119172,-0.473685957069158,-0.516660002957757,-0.200300644342115,-0.682344420855554,-0.595271989592445,-0.648919445629286,-0.474406842159568,-0.545803297576572,-0.278313577738855,-0.346387318076197,-0.469825998562228,-0.665805422379471,-0.47340384236865,-0.661543873800894,-0.364820121619351,-0.715979892011929,-0.437118195406856,-0.602464294405304,-0.405435103657083,-0.524156938738776,-0.217221397035447,-0.286876768637317,-0.023838868998596,0.601730960254281,0.439582892464361,0.572805690672442,0.684592898414811,0.185770324909333,0.395533401173263,0.190284820964232,0.753390163410473,0.461549813550292,0.652756796023479,-0.0276391974388888,0.140226283877361,-0.0058951022153791,-0.161198901401604,0.460249414981255,-0.0800437223166719,0.276182885108429,0.188783939437045,0.341045030149866,0.354718382603412,0.195843474656909,0.0590805289315158,0.261867441568307,0.314626998784994,0.309247021453815,0.239522438643493,-0.0087068380728615,0.267312792886817,0.107698192116466,0.404685719448508,0.55469104103932,0.339136691822077,0.39882220014829,0.406595337034602,0.54730052349772,0.240088897461948,0.641124399368714,0.0281648178019635,0.415820770268715,0.56944724831196,0.694426029284126,0.419662075988307,0.330228231606606,0.600975602716568,0.50159025697121,0.445233845449416,0.297607701867496,0.467831463175964,0.601726764501608,-0.0225877044160864,-0.208055179076416,0.0212042894336677,-0.0218011512021085,-0.27282701203972,0.464490366447641,-0.0293297029465919,0.0348794026987809,0.218625651387068,-0.0604132701751434,0.444100438069989,-0.0358314332749431,0.309283243911383,-0.335071705719154,-0.321494302250442,-0.114688618169581,-0.627527456828592,-0.612472749276379,-0.507752575921412,-0.628536950268847,-0.358247146930567,-0.517988673080233,0.235392477843448,0.261218054910253,-0.363455298576069,-0.130518271530014,-0.592553216300449,-0.136467764972439,-0.596699994632579,-0.390121165774384,-0.475568446708295,-0.0015963306220613
0.742538227243692,0.78521076174376,0.353492567059042,0.87604470127028,0.656498282681935,0.453730324617141,0.301928446030456,0.528307229990688,1,0.678989576944106,0.774045373312707,0.782071627634033,0.5803655137346,0.38452723591117,0.248721658091631,0.245307131635955,0.430544009257088,0.259592498238345,0.25538734891854,0.281205829453261,0.296950435660957,0.0357488008678507,0.356983296320818,0.326581051719524,0.206325887951829,0.111242030854337,-0.149020420066063,0.159409594845076,0.341021114471226,0.0200842372019479,0.163510583083205,-0.0376270590910433,0.319574419380516,0.304989052190778,0.121056603526843,0.358203557802916,0.0845142740810288,0.524742061255571,0.189701617896816,0.328943065579933,0.395721294012342,0.409854064351855,0.375023338089927,-0.0726688774580958,0.281651596756167,0.281416963060041,0.400499411202767,0.265816876478106,-0.582284162687245,-0.334587449868552,0.104017342043007,-0.145641335485241,-0.432153477923797,-0.545811437630934,-0.148276578190467,-0.102210944035195,0.0070742584289459,0.213827615873249,-0.0270067992398331,0.296100503528127,-0.15350826160058,0.051683021836222,-0.173086861906366,-0.0384024888100975,-0.355699100686914,-0.417997565053644,-0.538733340572266,-0.274008878043858,-0.446149242763872,-0.360684854495703,-0.399975543650082,-0.423081464547006,-0.383520493165062,-0.455084887193646,-0.468071991919667,-0.343113955845571,-0.466704751247162,-0.0439649342187531,-0.331912592545602,-0.297110957132875,-0.33409786062327,0.156680894623904,0.122696356312918,0.532489586676614,0.803928552726692,0.851165343845734,0.46449151044415,0.640446620615226,0.715314971244832,0.74574140610261,0.751389574762568,0.536278944825065,0.900043215970489,0.520072413856392,0.278510213349566,0.159808658777587,0.318116208368267,-0.0402313554871027,0.49368744189676,0.229346558357936,0.324991111286628,0.0879522818716223,0.0737940648999897,0.355444297159434,0.285229547203057,0.0303456961931504,0.0880441835023366,-0.0022329398767707,0.174664159830393,0.14466239899803,0.0192421339107366,0.335234520202147,-0.0093805228909492,0.382498841633659,0.214315606531537,0.237224228047936,0.16092936750309,0.184720810708268,0.406040672173085,0.182699418550044,0.395788041747913,0.017868651914934,0.210274637757022,0.402611270862762,0.462714912620008,0.339573837298404,0.37006501527314,0.24080264389239,0.445612205480822,0.381804972188325,0.303862715988282,0.244638305637028,0.16834740873427,-0.318714395294215,-0.179930894321388,-0.0073006565160685,-0.387779243282959,-0.486120710827135,0.0520161254505139,-0.0507794055587105,-0.242117455299597,-0.0697642012121969,-0.334350127889763,0.428698730214298,-0.089455407469411,0.296576350001362,-0.357533757272413,-0.525667392018604,0.066293839978198,-0.489260014550737,-0.463762265873207,-0.127025675527369,-0.417589563807554,0.0435120577116031,-0.558158454730613,0.0157063270783499,-0.195239197220997,-0.336330836091209,0.0045385312338782,-0.450701172137236,-0.263319168229856,-0.403012665358479,0.0451171411633818,-0.277658240564476,-0.0830192516454583
0.704387958488435,0.822739613470656,0.555490630089108,0.699495021361147,0.262328277522628,0.367782387529287,0.235005279826793,0.76418271535762,0.678989576944106,1,0.535374751411543,0.838616784207578,0.872748711116237,0.407777013259787,0.042685580699459,-0.151500793300264,0.329732335256528,0.0301110470376419,0.227010188825459,0.273746150684804,0.135636627672253,-0.140277589221676,0.412196315969879,0.34343624836041,-0.167856924254332,0.0305043077842013,0.0445110689397907,0.136348752977799,0.297418609161387,-0.0635895130490633,0.124900665030009,-0.229520361569952,0.399421570724204,0.237274809516027,-0.0733648764480007,0.380523469693501,0.196061180211061,0.44948760152209,0.389109181041678,0.386632563571864,0.602692423747493,0.46549494486803,0.586995361249894,0.18085738114758,0.407595619518738,0.245168787811392,0.424172493466439,0.124720653428819,-0.576501812641134,-0.48321193705685,0.0556331234893296,0.174734625892937,-0.421902261116314,-0.517046980178309,-0.0634019444922404,-0.309674313311619,-0.0898121865853112,0.217068133062961,0.0167506701056358,0.439488752539846,-0.340844949195159,-0.212787324652847,-0.277488440286337,-0.102733886242668,-0.644168854452399,-0.496634208689877,-0.629364504255738,-0.298631907438144,-0.412697433440009,-0.155033889103415,-0.283571819393044,-0.362463024752408,-0.540223380773581,-0.330488776564857,-0.571372464718764,-0.456874217186112,-0.696346077292754,-0.38777528775049,-0.524311824020927,-0.414621548117744,-0.569496408560928,-0.178108262418639,-0.162950785190881,0.212639337532915,0.791895033191534,0.677377092750959,0.625302221488171,0.502080794479803,0.382162103584844,0.543669997605208,0.353691264090038,0.866803670736116,0.650520824445823,0.762531851464405,0.11553236328214,0.102925193918906,0.076628987599903,-0.133120621897512,0.485403481230234,-0.0032734629336443,0.266593159694345,0.234774860190063,0.087043186843914,0.281319751380613,0.1870307068314,-0.125675224852348,0.221488140814697,0.0064765181242442,0.239692373980565,-0.0576392215952408,-0.245840488946364,0.375047414400011,0.158484016020482,0.348472819171908,0.331167212789828,0.247476365929551,0.308631320564374,0.409757711294638,0.556196210025092,0.0522402758347416,0.534166569411404,-0.07036608115076,0.325184701650762,0.593468866169864,0.59759140456639,0.427669664080037,0.333789946715734,0.575876691388417,0.572121225664215,0.572679888334314,0.214561221457367,0.517764995616704,0.433283391709498,-0.264441393695175,-0.372853146004572,0.075274597054124,-0.251451007980047,-0.456000479899743,0.203717713158455,-0.246809103735217,-0.0271487154089319,0.003534736226322,-0.339324573731556,0.465761796963597,-0.0167245987352016,0.383088209830161,-0.273652848500422,-0.39977854710585,-0.107217396560744,-0.616391244382583,-0.550717479796388,-0.32292493866835,-0.522244482640307,-0.177520036522206,-0.504232984738483,0.156923993723597,0.203875935624949,-0.226142164798328,0.0970056926321297,-0.478352285187925,-0.21596717543272,-0.653663870304453,-0.299864847144222,-0.401330521152516,-0.150944270677034
0.6981167293298,0.630607219287982,0.506063270968475,0.81095119603038,0.564007196121426,0.118226553779018,0.204629573369854,0.375462447732202,0.774045373312707,0.535374751411543,1,0.603627154389485,0.442475767373355,0.538619691540941,0.409310314255283,0.392035408459958,0.576222970317392,0.441451442456536,0.413455091183226,0.514882948838565,0.470877795095217,0.163492120157783,0.374025234811135,0.423385462556183,0.243712994051383,0.118304062018227,-0.0477831140888213,0.0134262715790102,0.4287096258866,0.0390148730752989,-0.0225703536827367,-0.0193982899653327,0.318988963414956,0.291109200179157,0.236381187224361,0.448709855357598,0.338944769316996,0.598224613229972,0.279915562040616,0.458125806724908,0.528702637007937,0.547799480237295,0.480569699372927,0.118218027855824,0.451579020018673,0.460886274778149,0.562273524664155,0.271599464391372,-0.606441952366699,-0.479828594828953,0.0744477610039391,-0.0762584822602343,-0.556701288572947,-0.510750197563587,-0.226453673407464,-0.109012765162891,-0.0932230217466359,0.141564329689282,-0.110633977724355,0.365579918781206,-0.177168497688657,0.0881739126965451,-0.171200753998713,0.269073382349204,-0.401433997090124,-0.494295710775888,-0.592775423301779,-0.338501433143582,-0.478679178241616,-0.351392307961788,-0.448022064962459,-0.420787048694045,-0.437750075476655,-0.41721030839335,-0.55935926536821,-0.457733183436991,-0.410379344405581,-0.149204318836934,-0.409946820727255,-0.349719996801947,-0.335001567309968,-0.0060307779387829,0.125567036473761,0.386161973768796,0.658347857449701,0.803504037297471,0.428498806423491,0.305849194229714,0.793889074976578,0.318950274870944,0.762014902281222,0.347195378056427,0.824592209553448,0.299211089567608,0.298231779581901,0.388380730473668,0.471883160983895,0.1543275265015,0.575980833931372,0.504944517699681,0.466770031060262,0.221969418188588,0.278092466451701,0.531521518668345,0.524501839898746,0.17862847024778,0.212722435103105,0.10799931657113,0.381698590562685,0.136160863532081,0.0659164698409181,0.291533515486551,0.131011839890018,0.502637960847566,0.210975950036581,0.255874696807791,0.0593147625109842,0.0407410538571913,0.44442570862268,0.196680747660762,0.432894472292062,0.257866896894249,0.384590445334521,0.457072864868958,0.485342509092959,0.42727354708153,0.428204792586743,0.30915455321398,0.501084693041056,0.504375654890379,0.344105365191726,0.358109375817592,0.230944419494887,-0.355963845847434,-0.284360021091313,-0.0257974830702549,-0.473954249975447,-0.519060841775015,0.0139632839939486,-0.17610136395532,-0.250106622824862,-0.0384557568191661,-0.412868833051226,0.269502200376392,-0.203206827504293,0.274044846753449,-0.379599912115925,-0.539441341366767,-0.0940407915230428,-0.480602404803319,-0.5313409269213,-0.192993839598578,-0.501013894869426,0.20418669809333,-0.548141706219828,0.266343096839991,-0.187159774789136,-0.273366640090358,0.099987809361812,-0.495671477565905,-0.172964357604855,-0.351879736743007,-0.0656160823042332,-0.376553863960815,-0.135892184157129
0.631052638382214,0.830027389636013,0.501879254472141,0.800198411790679,0.337489103161387,0.564709748602884,0.111820864222984,0.820561661519147,0.782071627634033,0.838616784207578,0.603627154389485,1,0.903833587686596,0.469053854547961,0.241201266173281,0.0525965804496869,0.368341477490885,0.108824068635178,0.286137774023567,0.434273264526536,0.311685008893213,0.0683804021491431,0.513603188173703,0.453238695434062,0.0823796119226312,0.134875788996362,0.039222553133299,0.185011782971269,0.39162485582692,0.0482917122260055,0.210222136850307,-0.110431292677637,0.433660841804711,0.372024289772665,0.04220539159468,0.46416831177312,0.269735045516433,0.515646860586823,0.475006872401013,0.381654514527926,0.57055958760095,0.435313686588203,0.556638753730202,0.0325750001040166,0.292452020774791,0.192728185392502,0.517340469809562,0.232598326352075,-0.631483030800192,-0.466268874312374,0.159067260888855,0.178847145984555,-0.424977378006342,-0.575790617594178,0.0104531416856414,-0.241562159323501,0.0144266254695954,0.220345019050652,-0.0354279225398949,0.379105450247677,-0.44699645241625,-0.247490031815272,-0.369399983231224,-0.0576642694714975,-0.653127399461049,-0.593575412975826,-0.711690160815435,-0.403748789263875,-0.48094201126189,-0.247890217157644,-0.371754627152757,-0.47513027085914,-0.602668417837302,-0.506382554836635,-0.6425863044402,-0.443990172860238,-0.737142448489657,-0.35800121533893,-0.555683742575113,-0.432961187689812,-0.537522388684755,-0.129238653895236,-0.170719935876389,0.16932252900536,0.799549684112837,0.688427876993207,0.62334304830127,0.705561223155979,0.421603909542365,0.620562479480942,0.460172191310493,0.79547409121518,0.756099234002857,0.732443971252938,0.21571690110469,0.2974220327462,0.177785812760044,-0.019595217000764,0.539433494948145,0.0352741097240345,0.328851598503521,0.172859323210357,0.274827810832373,0.507077044300462,0.340949524921444,0.101030265668735,0.219815043056879,0.212534661806803,0.346165758818053,0.224547915533709,0.0258012461199802,0.333757165450387,0.0410138539198886,0.392317390063766,0.414359709594097,0.271639897470532,0.311315782153066,0.414238876436548,0.586563257084381,0.200475608105799,0.588754753364426,-0.0152250207817255,0.427921053839309,0.564555939797236,0.661713677284968,0.479070002256593,0.45519729717208,0.51727312103735,0.521477121513365,0.520050053067517,0.259833289957824,0.456653404723966,0.394752127326053,-0.263650497059104,-0.276598901171444,-0.0106901930145142,-0.171773540992558,-0.432428181361765,0.335925996021768,-0.0922691189136158,-0.115059562635016,0.0746751414181654,-0.247164754170437,0.41598176656047,-0.122398707441916,0.338183090338475,-0.413401362176734,-0.519929861824882,-0.113566754754588,-0.726451212052043,-0.66534988052349,-0.430300012092541,-0.63473532455379,-0.147092876520012,-0.642941436543948,0.23994990326142,0.0879858082086819,-0.364837922821995,-0.0211228122057402,-0.579405799900535,-0.267254306698262,-0.666565218799501,-0.314997828074271,-0.454041315775493,-0.0843234955405284
0.544612019555264,0.702458614616664,0.544292388335938,0.647436405722725,0.122706702330692,0.510321326460549,0.072244689246467,0.871374981951539,0.5803655137346,0.872748711116237,0.442475767373355,0.903833587686596,1,0.460654067554992,0.201775635735813,-0.153122611299389,0.319446506454461,-0.011701341018475,0.25641703831925,0.421198591390158,0.172267671108491,-0.0255301395935256,0.539922982692648,0.420449242295703,-0.109588768995216,0.120931056661022,0.188662051359807,0.276604277257433,0.41282261087022,0.134054786161131,0.287715828983502,-0.119619876874956,0.49098947276726,0.447075555181149,-0.0276659461953238,0.524228886646384,0.33346705775619,0.510685272415535,0.594695748204422,0.454836037711386,0.647708861652594,0.43361674985803,0.686782486266396,0.187953203232148,0.348988248147002,0.12679800641585,0.495876507449681,0.182397625774419,-0.63889908233965,-0.559792192259165,0.215099928696481,0.327950569863952,-0.388406875225131,-0.536171187669447,0.0767156426880878,-0.303397809320859,0.0211420705122717,0.171140935013046,-0.0349218864833024,0.481288302165179,-0.581259587013157,-0.429762081227464,-0.470232461828326,-0.113832278150956,-0.784478112193804,-0.647250368872285,-0.769666684100293,-0.427681237683114,-0.476167841558785,-0.199565147998482,-0.301383331482801,-0.47508270015343,-0.696108211850751,-0.460463472412227,-0.703577153516825,-0.47294608922825,-0.84173484763298,-0.538487558427004,-0.657174027718546,-0.560157962363443,-0.637861392365461,-0.29039866866937,-0.220088363362357,0.0084971117888709,0.667624425002218,0.523260927395288,0.648372642449539,0.549265131896451,0.22647946650779,0.461497625009754,0.221653425033677,0.816590745859368,0.548076650704207,0.821890771237311,0.111589785160358,0.260927621083966,0.0499547625760693,-0.121755650531632,0.515860498145028,-0.0424134735036918,0.296395735521816,0.158452658861069,0.247429146538196,0.406034672493515,0.207804732577901,-0.0109649961550988,0.330433297764448,0.224372381108084,0.376147562724363,0.108755076263615,-0.109438873165093,0.39653306005446,0.152738258391264,0.411351116382243,0.519609451195008,0.373947709844102,0.47121297032346,0.549870174459385,0.673689560487882,0.230717919181225,0.677421802461326,-0.0019291943218971,0.438691547366597,0.63536670446024,0.744777882164994,0.556340084465977,0.464534279777172,0.640693750578477,0.552748888240793,0.564178261801981,0.195212574052699,0.534888237740449,0.528785849364899,-0.184965590923513,-0.302657726541588,0.0293014485900571,-0.0143932481210528,-0.37765147791647,0.448155094047077,-0.095111240568392,0.013742439768619,0.179648401798439,-0.147352187608926,0.404829966577836,-0.108017255421678,0.356485523361366,-0.344427015764573,-0.390666144627098,-0.118772559545846,-0.737906108894686,-0.681142454671103,-0.517580948422938,-0.663424504231552,-0.244704325607863,-0.56139920680715,0.306786414150158,0.263829799782478,-0.347148693525811,-0.0357596433664694,-0.603017309879215,-0.209527366708597,-0.736056504326484,-0.469619430947869,-0.542942413293246,-0.103919410617335
