1,0.354054806040186,0.574322582744543,0.340402556444808,0.553727684691803,-0.122207186020506,0.285149861573977,0.0688803391719342,0.436804399006638,0.428156578379043,0.453303479724097,0.267331409223053,0.268063523019051,-0.195876434424682,0.178690690859851,0.0353701669377473,0.0238927874197149,0.196066543426285,-0.0654555727100032,0.078744300394778,0.0738519601081906,-0.151884673582512,0.178683784795374,0.0502418767101685,0.130440699667665,0.0256448458447405,0.0189630765601825,0.317124086387218,-0.0303466364112927,0.02805060108911,0.125166197480432,0.188145453632666,0.335594605097858,0.108260599379454,0.0640034848080426,0.059751912841958,0.264563069027366,0.260907532893697,0.0748132456861608,0.137448924820107,0.133054519060808,-0.0023782979575819,0.223833283682388,0.152238857376869,0.167615990471671,0.493495490252873,0.061945681607157,0.229686275006639,-0.393923392186976,-0.221656912404447,-0.205141045280902,0.0872540872729839,-0.307960865430119,-0.422735893473503,-0.211844377447904,-0.110775326541617,-0.22534519387575,0.543651621604614,0.16772396175256,0.0844102957217763,-0.403754426956457,0.0681811892595175,-0.149136649606285,0.0072772078722127,0.0768760245401854,-0.0958851905252743,-0.365276904443705,0.0439261454410647,-0.257629969529841,-0.249716193401868,-0.0125726637721248,-0.266557862841389,-0.409829761284778,0.085161355000022,-0.324763922398795,-0.280241674045372,-0.219293524908092,0.259320790613878,-0.0972167209569897,-0.0641446581440252,0.0072169230269392,0.10782881441787,0.171651057187318,0.297895528354672,0.399597061915286,0.459417377549716,0.444194641886017,-0.0312151938547017,0.560391730818047,0.297682688130377,0.48347579202364,0.188726989705225,0.541581009341341,0.361225986536747,0.0978765510217745,0.0988535730425091,0.0236121292994675,0.251070607794083,-0.0499280039477138,0.0687743363913222,-0.0701052320201055,0.185271323574145,0.0127393332182623,-0.0016548644798751,0.105275305051235,0.0495705197875205,0.150100762672013,0.251406100817026,0.129750924109907,0.3296472191821,0.0427518769740732,0.292915246973421,0.294292151577493,0.0715289931271863,-0.0862760442361309,-0.0093601479177364,-0.104929141764443,0.133233788076059,0.0607148848142815,-0.103784995326712,0.172014232774554,0.271334197514635,0.370188988753835,0.157961216862994,-0.0164896695658539,0.0122928071327096,-0.250975190178222,0.0168562709620254,-0.0236436615324194,0.158843847141715,0.449242248323723,0.113108226942139,0.0019824272528428,-0.324853182812478,-0.109679774595878,-0.0374407895148104,-0.409330717253009,-0.481604785117827,-0.346799132733927,-0.173683628789859,-0.0554770931244811,-0.48983266383258,-0.410007749806708,0.443114537398668,0.103155164428461,0.0834142005051203,-0.0743672362227725,-0.180120535105533,0.279809242682675,-0.210857043945023,-0.336165056241448,-0.138477198434726,-0.304718823309744,0.117069901807358,-0.0761723412234858,0.127081731868504,-0.304746152139312,-0.170934680847701,0.0112569233893155,-0.425729685415161,-0.0439481998780003,-0.428251222492329,0.134840081919582,-0.0047530250757696,0.170402815278241
0.354054806040186,1,0.0687385176385758,0.831912283313635,0.114825938829546,0.79680511224519,-0.13583728055784,0.841088821571334,0.70481102765086,0.509756382820574,0.338278298988129,0.798585443440718,0.832965264003257,-0.307141696874715,-0.394727055004093,-0.323023154519689,-0.565035271035332,-0.482754903899443,-0.320842904587861,-0.262457932818676,-0.354610766537874,-0.0661161225467065,-0.46382882628186,-0.411149131548112,-0.116002133240652,-0.199331625193811,-0.548883366591431,-0.374227030612828,-0.502933304560331,-0.530386286882057,0.0994341564830494,-0.0596408980587964,-0.306612005274393,-0.417141547970476,-0.37760214853166,-0.242301769218782,-0.409463243513821,-0.477891474797926,-0.279811688650208,-0.508406582752049,-0.507400005411888,-0.517098966559759,-0.328212875586661,-0.283273017039601,-0.468334049258623,-0.353008680088246,-0.437419518128557,-0.211653295281608,-0.116869747890358,-0.327476092525429,-0.309796762630176,0.103880386207715,0.0019940211470809,-0.125772683646251,-0.0778577469054797,-0.0578838195251967,-0.0383327373460134,0.0771228319941218,-0.300009374178168,-0.225874458680887,-0.124336059269426,-0.0633822563617588,-0.0474550827588712,-0.187147819866808,-0.27294610970194,-0.158169128376651,-0.0831664004313324,0.115550212386357,0.167358143034819,0.0282159755402999,-0.0953467016713579,0.223765050319112,0.239696919770348,-0.129078547805843,-0.0061624418322856,-0.029863376240488,0.0063892790212925,0.153718667727274,0.002862179230909,-0.119270212460232,-0.334787082605168,-0.132417000603869,-0.190417118972078,-0.0628856316262855,0.944908193972762,0.822669254146597,0.679893405211685,0.830155716339601,0.394678035040407,0.786393167155337,0.62645490517802,0.655571159995825,0.475223353406542,0.204940678854518,-0.382909406460882,-0.410551244667065,-0.403753685163944,-0.362457307796919,-0.486001896783309,-0.463472223824181,-0.348447636821416,-0.342966386983367,-0.349498614336535,-0.271755603611166,-0.383102335429647,-0.211769452808062,-0.413221102895442,-0.470852363421949,-0.425092417081972,0.0292953978326301,-0.0609124851653128,0.047726457113852,-0.422923317559121,-0.551895594391375,-0.383013434199376,-0.392052647927652,-0.339853510023268,-0.100321701962727,-0.347070386217962,-0.375149736114699,-0.205578548778748,-0.205423436522651,-0.340011208706326,-0.367217332374946,0.102279410551962,-0.293808872035909,-0.139688908961292,-0.367327725079756,-0.565708264299476,-0.497351702089287,-0.289982331576868,-0.0953122652199262,-0.380948147768844,-0.293023651807452,-0.273971337618335,0.0155727063610833,-0.0224926750935387,0.0124048589650087,0.0203785997403274,0.123596994962414,-0.246575002517434,-0.205618493302108,-0.127131338088186,-0.116521037652736,-0.13704106396864,-0.280078816598059,-0.291759621884655,0.0966968790027446,-0.18920034163732,-0.13760176759825,-0.140795431496856,-0.0554679595008631,0.0140492849746216,-0.141277319066897,-0.148009455744816,0.0465838277034369,0.256845811062807,0.212624097016717,-0.228397393105402,0.289089626542613,-0.272701337752675,-0.0064333590246139,-0.0677677300041653,-0.0272642103538133,-0.196654636496023
0.574322582744543,0.0687385176385758,1,-0.177390939249089,0.100784230315441,-0.298610919937653,0.401788404967859,-0.0286942525686184,-0.0654262779296721,0.492215692642256,-0.0295726578299585,-0.146237384573154,0.140839239187368,-0.161676263888055,-0.0288949523218321,-0.164615418386846,-0.128322356397676,0.0798691827361827,-0.284632106646872,-0.215582836132286,-0.187164384648999,-0.335187402938129,0.0992343309305028,0.0094590177521494,0.0242719267818621,0.437387504641893,0.335739702588902,0.598715579116281,-0.0726680730267508,0.0933470800828232,0.255565801100804,0.0333206888276171,0.31642086792081,-0.0830745922818741,-0.0031973853375742,-0.0066493834416825,0.219437759357013,0.338974485216553,0.067448210269141,0.16809166089533,0.150619122141785,-0.161383065064847,0.192226283070128,0.346961302928614,0.0738366071862674,0.364317386130004,-0.0426393355639024,0.162946114996367,-0.266430936323379,-0.118481284494933,-0.173180458514577,0.161795861346709,-0.24926413524597,-0.234254432469508,-0.0689325475706022,-0.0765924626050807,-0.0896324531918376,0.233223697007435,0.29281980407835,-0.0528035557259602,-0.128758137208608,0.10014156088464,-0.128647329375381,0.0579428774753721,0.12231298187703,-0.0518584977268777,-0.393342832046947,0.0364612327505295,-0.239876798918314,-0.143587385141115,0.0697717616846133,-0.168471483356936,-0.308037712354629,0.0852479764564663,-0.214521734533192,-0.142294708163525,-0.149455916699233,-0.0531987481114783,-0.13696132540564,-0.108804805223686,0.0299926900143806,0.197552767392659,0.35484268155608,0.428281536352983,0.125304033676718,-0.0120848805829326,0.558867154718427,-0.174742095163287,0.134962396444829,-0.144803493762968,0.0176631715670997,0.357097047446695,0.109379727471931,0.669596219867839,-0.111142406065901,0.124073710475203,-0.283170922231293,-0.0362598107285648,-0.251955512403791,-0.111835887748253,-0.279028001150571,0.0749012066455786,-0.227523456194217,-0.292429799371311,-0.216381008086334,-0.249248864634011,0.0656084267375443,0.176911301754537,0.0689261584331594,0.101721662348312,0.0247075500809463,0.708031827585484,0.360526132267317,0.0378412104643141,-0.0813342304969304,-0.0019686111157133,-0.0212742431448748,0.338958697836151,-0.133417939679664,-0.251166082443975,0.0902076397410621,0.230722567494239,0.288599771254028,0.173013130940856,-0.220562204423396,-0.0550617631601239,-0.120515804029989,0.036931393828609,0.003935899004646,0.009871674542185,0.282914187324105,0.0576932107171891,-0.0553712230878782,-0.303856768952372,-0.10258611438198,0.0692303004455195,-0.213240678779052,-0.351419656101732,-0.203085833146669,-0.0047649261874418,0.0940049551946627,-0.297363311999143,-0.192457576741668,0.341716642904947,0.261486177118148,-0.0051512563875487,-0.135953308469889,-0.19926157716926,0.415456126877609,-0.238192917368735,-0.339285528017594,0.0647650008371486,-0.22955567917267,0.191470407615129,0.057568526788312,0.0626798340577585,-0.140475975679134,-0.247079780891394,-0.0075179719280057,-0.354180291920126,0.0362531300174165,-0.358680660058577,-0.0309978254034342,-0.0621665173657357,0.0793689648664199
0.340402556444808,0.831912283313635,-0.177390939249089,1,0.294029581158967,0.670826995030087,-0.0922942039454496,0.641022546244556,0.810732002281891,0.324295890235122,0.42449842201533,0.829212665316407,0.706550851077275,-0.251202742766561,-0.199089966630338,-0.0737870806913945,-0.385805874055508,-0.24825650798,-0.0910157628847119,-0.0279376631064573,-0.12465797175507,0.108537162251166,-0.288981501897289,-0.237314652101021,0.0265895110508099,-0.354013851338227,-0.53597272224882,-0.492590338755709,-0.270618394052223,-0.388313288756243,-0.071903217573019,-0.111851308360239,-0.272065391529593,-0.17053744427137,-0.180975965591503,-0.0947952110320145,-0.247299060057181,-0.484670626920532,-0.230247613682584,-0.433331843316965,-0.257861656490642,-0.285215236773402,-0.2050423901577,-0.269816738164439,-0.26375924041272,-0.282994258243119,-0.202859383117629,-0.159808789899808,0.0331830649651235,-0.380399487076453,-0.198660842808616,0.0261186924556336,0.0559913284090582,-0.0517300254673608,-0.0923524035544642,0.0314964121096406,0.0109044220616836,0.0676454884924734,-0.37095980121332,-0.0391698750017563,-0.0875684131408594,-0.0839335023542363,0.0825398548784314,-0.0411488059608114,-0.213975496263108,-0.0515931168826798,-0.0671195663799493,0.263848538251104,0.0849812525748442,0.13890559416057,0.0877195183155161,0.199848007062755,0.171447296495882,0.0252032315000955,0.106729891976454,0.0430228061221082,0.0499841240521742,0.0725790024683623,-0.0798396295989316,-0.140280869983911,-0.379017126042758,-0.351286987193034,-0.402319748014703,-0.332383372357996,0.793228946807561,0.855007875009629,0.439436133671498,0.68055632214297,0.416145566516227,0.766046524066083,0.637674492184733,0.40969612885057,0.431804440132076,0.0119221098681089,-0.199957676780737,-0.254433211844784,-0.114651281505713,-0.151545917449068,-0.287668110508052,-0.258941212875423,-0.0785472466296983,-0.175663898051439,-0.111391944158895,-0.0180538404553209,-0.152943419604111,0.0181649288554511,-0.291333176566474,-0.382194894949407,-0.209554467838719,0.120718720557087,0.0117576936068377,-0.192486610226526,-0.302534875435503,-0.338213376940371,-0.359181065517093,-0.342115772033924,-0.363309830158438,-0.27014960266793,-0.121990360315254,-0.198891694974866,-0.0738867448247938,-0.185360674037955,-0.257232056279781,-0.315856947659891,0.238980159151569,-0.179877788796024,-0.125531711288803,-0.169959341142827,-0.379929257378232,-0.254862504843448,-0.244889140143145,0.0834115686368167,-0.251906004135999,-0.24026860269353,-0.336058909653494,0.108352936758784,-0.166891611199507,-0.102143111389913,0.0046255107916489,-0.0258163603994707,-0.228941621500945,-0.190529643327454,-0.156831954905861,-0.191155034795465,-0.265634312777666,-0.0724107018202729,-0.0402540029174009,0.227300527537357,-0.433509909061609,-0.157493842359393,-0.191925405954261,-0.0620145495751914,-0.0608060057481639,-0.119978489953207,-0.177454822971522,0.146279370500821,0.291852735630294,0.1492480678174,-0.145207030149622,0.220342567759429,-0.245040913024269,-0.0681312820604946,-0.166053929907188,-0.165073095677655,-0.278555880986729
0.553727684691803,0.114825938829546,0.100784230315441,0.294029581158967,1,-0.16676581447293,0.304540339790194,-0.119342006367402,0.479996833251847,0.0097798842016386,0.62816112659269,0.236815147527865,-0.0291175328272966,-0.113903727487277,0.376663128599013,0.350664504772736,0.263203459209593,0.431099111322624,0.309580763556775,0.447516732697926,0.368368706711039,0.191644228873405,0.354341734881847,0.211378524287799,0.328529250095639,-0.11030656360291,-0.0737377800716104,0.168336460992857,0.137379353171144,0.22824262851738,-0.056740849569933,0.157142651710104,0.187616437082216,0.417422231631274,0.204029436096216,0.244631584646538,0.387864893459743,0.163203097200236,-0.0465528096108339,0.152968123817377,0.265998898363578,0.249131846516736,0.357765788979674,-0.0187822000710043,0.34942210148991,0.415826614253104,0.381010167305869,0.302531061022056,-0.381212725307398,-0.146140007800851,-0.0754779818055565,-0.128584786641516,-0.352431951364887,-0.373610663482024,-0.288529489912184,0.0195712521907335,-0.250762682554297,0.546923088253648,0.0481637264366752,0.10321808199556,-0.317283428042502,0.156010198734872,-0.0792306063172132,0.17458830866391,0.146886722625115,-0.154086891148215,-0.215951158117726,0.0878849285041916,-0.160431602314804,-0.258960569874441,0.0527771099607993,-0.348005413949973,-0.457668076287055,0.116732761177697,-0.357920214758767,-0.293848226677989,-0.22625353421925,0.444152082323649,0.0528357077041641,-0.0581695605834117,0.0229382319734994,-0.0056382725931558,0.0308528201935243,0.0538455837199657,0.0585666648592474,0.311689580875901,0.042732014193544,-0.21261346182203,0.6620608526267,0.172215278896929,0.538417976021466,-0.205186346733557,0.50681592461585,-0.0059968462880585,0.232337302099358,0.278137653974065,0.375623283573009,0.445988856833266,0.302348508067123,0.31237661087201,0.332643925261966,0.241867254054518,0.358045473769924,0.352418138239907,0.355727783628155,0.367710788699824,0.188168876461905,0.190189530765076,0.289824046483266,0.368024453995365,0.206828892789704,-0.0672808662142823,0.340147040380502,0.292214100053643,-0.022752911337725,0.0649497996817714,-0.0052829418609813,-0.0296574329325035,0.377888615965822,0.0872676509997129,0.249516611724897,0.247159225192116,0.357035330125096,0.0854145317537244,0.106594062387205,0.108694525427191,-0.315047402063547,0.16978525239046,0.102495008072143,0.366369557505245,0.27932826726023,0.220985491912569,0.005847254944398,-0.21612282515372,-0.0071212069918296,-0.0830212447746722,-0.48272223089899,-0.37935487489675,-0.419727850291794,-0.24380976146357,-0.125944598001072,-0.341877471163621,-0.344342037892058,0.336830439707897,-0.0609546966569759,0.198790076224848,0.0627428960436756,-0.165916353046922,0.0026418239926724,-0.123992526340227,-0.237747774246379,-0.104618749590289,-0.142616399996219,0.229199753347586,-0.0251054697046801,0.316823267782032,-0.2607985723204,-0.244181561097982,-0.0088151290393662,-0.448753384965476,-0.0365717318487109,-0.343063015881246,0.278523711221898,0.0363562019621114,0.165866057695279
-0.122207186020506,0.79680511224519,-0.298610919937653,0.670826995030087,-0.16676581447293,1,-0.357492034768296,0.808563462087106,0.500539081880797,0.22393833348097,0.0987197235553909,0.68240153133723,0.689646185758247,-0.228967663286534,-0.497219567829615,-0.339974242975462,-0.574504898475796,-0.599355707029393,-0.259852018942063,-0.224634384899616,-0.430544135246913,0.038938203971178,-0.468764819075936,-0.451306038287988,-0.239143536296102,-0.280357687452651,-0.568905870461567,-0.47161712070557,-0.4285347754658,-0.448427390665699,0.0962888498256394,-0.0226137784901505,-0.465815179799748,-0.402076469534217,-0.317596038188951,-0.241540792757125,-0.621061622065591,-0.625702115720687,-0.300507773890886,-0.569392664443433,-0.597098814906377,-0.499798493803052,-0.492260779921114,-0.443638748014191,-0.614815654453448,-0.621780213778594,-0.526688811763285,-0.425951300675312,0.138183430303189,-0.0962302052168367,-0.146851238326254,0.0021993823615586,0.23232356479548,0.142368389292721,0.087816611490914,0.0001002200305985,0.160286011210838,-0.168813558915551,-0.358592736276099,-0.218265625588509,0.0572981469257395,-0.215728876884,-0.0496354784714931,-0.293664500277675,-0.427346305456563,-0.178046973854327,0.181592935579106,0.0561905742141904,0.315110168946288,0.136331422628181,-0.13169989175853,0.357866024909349,0.482799317068462,-0.245544376281759,0.151800911332283,0.204942647628293,0.198923478099353,0.0870591985724188,0.0760472800145345,0.0193255470260466,-0.281177791106784,-0.075900915678316,-0.316661736299191,-0.172368861453072,0.700421451206653,0.550814616794989,0.357595720263396,0.927054490072534,0.0676893202395643,0.684087469232482,0.342343517431396,0.508755124293399,0.166031012147668,-0.0001703036217643,-0.430818489645852,-0.552114560942509,-0.399769693270368,-0.516172365071384,-0.495990655153389,-0.504510170948941,-0.303312476199393,-0.442505930550269,-0.258678022678231,-0.244118295136832,-0.451344289750803,-0.172453812619392,-0.407276956283575,-0.579615720311155,-0.545848254948099,-0.199164040889709,-0.167575357474898,-0.258256671905424,-0.669945820602496,-0.57879674958125,-0.342345849363713,-0.380990480743626,-0.257002843212331,-0.135462489233505,-0.347873192221306,-0.337040504773943,-0.362246951566898,-0.485988730410662,-0.622920780417318,-0.527664212996104,0.177250301018903,-0.343806905985077,-0.134214355232733,-0.443238719090416,-0.58917629287497,-0.643709967989256,-0.557028092630754,-0.255422233270471,-0.44148333714133,-0.124337270851022,-0.195495662927728,0.0093002146859566,0.124591306085835,0.244032924368649,0.0735653320283415,0.171855231713038,-0.355732683482861,0.0849611660917364,0.0429870595872954,-0.331410577536073,-0.146717912329006,-0.315652833008319,-0.335738069915133,0.0443347233151737,-0.348329915981311,-0.0546619803700787,0.0790920990089027,-0.0579977116367473,0.121614576484475,-0.359661464388462,-0.185601524841445,-0.122041420885719,0.273112027397927,0.280699066160808,-0.270493462356402,0.522434601165012,-0.303194078155487,0.233431529252579,-0.0794421935154434,0.0314616081042551,-0.241748948688704
0.285149861573977,-0.13583728055784,0.401788404967859,-0.0922942039454496,0.304540339790194,-0.357492034768296,1,-0.159800562243524,-0.178191895034027,0.460747227961137,0.0831564654471513,0.0166344481653937,0.152729549518922,0.230208491628964,0.343759452307777,0.349197375301798,0.0799681822019187,0.251039595631556,0.046938604103553,0.111294212447437,0.292271102995161,0.205096716655628,0.427811988602863,0.454048280624262,0.445312272129872,0.108104084171985,0.317853251127003,0.184456686282938,-0.212797793277606,-0.14666503018622,-0.451234048664909,-0.181017210480003,0.328188692865935,0.367128893736322,0.100679614628924,-0.214643101908136,0.292315765966289,0.048454848285659,-0.386733150818934,0.211082369292224,0.320556288597789,0.101286934925377,0.15438161876846,0.281505796210407,0.18844937471761,0.258442633897061,0.293193447446603,0.336298564244449,-0.193747937313907,-0.418031133739492,-0.517667086262157,0.0637924965923171,-0.321369009065448,0.0441811956791736,-0.290754147746836,-0.0832548215241773,-0.264872871298433,0.0457461663773702,-0.120179049281773,-0.0497508496110411,0.138912779556306,0.501510363463405,0.114338238478727,0.530720158218612,0.463725704115791,-0.141942885810097,-0.0922482604478942,0.373467146414087,0.155668148121769,0.104968395165791,0.204175863628324,0.154019901581975,-0.0327653570269399,0.397339077932324,-0.0510348980948424,0.0890405522743845,0.139513434737481,-0.160104013083486,0.113220038567958,-0.322064695896885,0.0773239422617666,-0.238647187529533,0.305845062560261,0.0018817357351601,-0.0874963739803645,-0.102717178014094,0.337852708397409,-0.363363100059916,0.200890165342699,-0.406186057555947,-0.105397788477795,0.2305860589286,-0.130223133897275,0.438931045301896,0.229259829707899,0.372053763710436,0.211012552874171,0.290558862248381,0.0272514424876956,0.0775107439696769,0.0208318352090208,0.263913280867848,0.141378579810365,0.0665852663750076,0.195739697080295,0.253287240070828,0.222405197728466,0.278472626114715,0.338704677828794,0.452509584479521,0.386583467876084,0.0849147868720603,0.773944337672782,0.118965532578593,-0.491717751660565,-0.433633869664927,-0.391786332112721,-0.0349646286089383,0.274478774129944,-0.257507182023362,-0.0373738096428514,0.215650985066608,0.116470188373128,-0.102759031493214,-0.437788003482242,0.195954601638017,0.32465929132136,-0.109520439363226,0.0680885850946311,0.212653060708448,0.0085281558245482,0.162395324653743,-0.323997997302121,-0.611383916910015,-0.406519671908229,0.144891116889354,-0.442932978080021,-0.455541664114978,-0.45944256129363,-0.528167461529398,-0.0838624994371889,-0.468724311506487,-0.528315589807701,0.0389222257725474,-0.18894731750418,-0.0464051153577607,0.0748675461713374,-0.0175274557471977,0.0407654831741015,-0.0442241084683409,-0.221359260185665,0.40168182167545,0.111586045702262,0.6254939850023,-0.0208690931891632,0.394131765319505,-0.179309622580102,0.0180586340960225,0.317932689362225,-0.0296255030205485,0.137410779079559,-0.170880234880982,-0.136748754722338,-0.0981212036791793,-0.0867892651712271
0.0688803391719342,0.841088821571334,-0.0286942525686184,0.641022546244556,-0.119342006367402,0.808563462087106,-0.159800562243524,1,0.498714194094401,0.537367661341615,0.0176788819324101,0.711167422455913,0.801742706294279,-0.354226733210318,-0.53558187286184,-0.301685320573632,-0.6061514542324,-0.611999627873678,-0.301845292740398,-0.307281738954778,-0.431265444769687,-0.0763342129925845,-0.473734441166331,-0.487196605442091,-0.237227852354428,-0.230856584207703,-0.569076412796786,-0.440809416452906,-0.639659790825301,-0.636881694898649,0.0781758158342095,-0.0557513440525041,-0.415055263560431,-0.498166802648945,-0.527221675900952,-0.444859107825965,-0.571006511530829,-0.613302949943477,-0.36132794960236,-0.588580176905125,-0.585519025719533,-0.562872045988431,-0.520094130133278,-0.30102330232229,-0.572932963601565,-0.57796617270315,-0.493721904395798,-0.278301870911403,0.131350942359761,-0.323386167881714,-0.311521453853984,0.131834443711684,0.13147885122295,0.0631795746300852,0.0177330676106262,-0.0008825161192476,0.0670445282681325,-0.123961120966326,-0.285364087914593,-0.302515739734808,0.0683195877860105,0.0029238901136116,0.0534397604995443,-0.146539684402205,-0.318314066681107,-0.146942642699036,0.0277238898461159,0.104144927223747,0.202838675086787,0.153217918711865,-0.0083167756746179,0.299933834640143,0.414729899492482,-0.220835965152447,0.058292071521368,0.0584853561668907,0.0582546131308043,0.049137474300863,0.0127767277197332,0.0240689001125871,-0.31677662337848,-0.228787987745202,-0.20271361347866,-0.232793202532774,0.833612583677109,0.679636809769278,0.677936043258853,0.828437376360826,0.14381200489442,0.712270818105708,0.392631764300779,0.693284483602952,0.224209176273868,0.18828223192743,-0.515898378346928,-0.581839255054399,-0.405732782695127,-0.477228846251331,-0.509174676048667,-0.547253274723756,-0.375236783255673,-0.416646491573469,-0.352770951501472,-0.38663508075269,-0.431995764827918,-0.221473965204821,-0.367108695057553,-0.439134234271907,-0.524985642907746,-0.117019406517841,-0.11926046785605,-0.0903640932321034,-0.51010330879227,-0.668593194449244,-0.47584396094626,-0.499905946083833,-0.379653974722428,-0.0600882918627038,-0.367731852742979,-0.533673845626973,-0.396272984193951,-0.369152721134575,-0.539901964223912,-0.506899490767899,0.0002898143786276,-0.26978063614725,-0.0680618778377902,-0.438809117190051,-0.618325583066735,-0.612285894337942,-0.514157298475858,-0.145999005530297,-0.532396337211362,-0.288216929892475,-0.359499956866946,0.0156639308471816,0.0663529287950275,0.0875078353835774,0.0724736857139687,0.078477413952415,-0.255613216037738,-0.123252069958556,-0.148897924955347,-0.196685050857729,-0.0770431726110725,-0.381227483684954,-0.403471155535647,0.0053893050818076,-0.38385095719661,-0.203888137361912,-0.0934867018208766,0.111481976398223,0.0431338714518851,-0.147343521942104,-0.148306076241026,0.0299400857325346,0.272978484330031,0.200813106209605,-0.254683920160989,0.410668397644266,-0.358225825658055,0.0090595766451352,-0.141185662905618,-0.0430976052307979,-0.299231337022482
0.436804399006638,0.70481102765086,-0.0654262779296721,0.810732002281891,0.479996833251847,0.500539081880797,-0.178191895034027,0.498714194094401,1,0.270050130931151,0.501411795057138,0.804014674538804,0.513246062281908,-0.43448276849092,-0.21337880705194,-0.170511982607228,-0.153517575656738,-0.0721723644154655,0.0292562529437141,0.102088598640624,-0.133804399907198,-0.0549415554217055,-0.0649330907458878,-0.23006868775006,-0.125631614622754,-0.51335449104734,-0.547823264336375,-0.157405571437632,-0.174108888884115,-0.215620101795079,0.0115511246139518,0.186976026742235,-0.0388196789161523,-0.0638099203393225,-0.187782730237718,-0.0252698250427953,-0.118921273761201,-0.19543194238237,0.0024307086059429,-0.241857864156722,-0.123492198230894,-0.074400602345935,0.0394518082843223,-0.188313469825356,-0.105507490131168,-0.0371097892109436,-0.0918208153093079,-0.0624789574422056,-0.216346558422032,-0.440771895676469,-0.20401714347365,-0.0911281586155259,-0.183021732311994,-0.375369914445618,-0.350586539037476,-0.124156553109317,-0.200835165896389,0.374868055985931,-0.0702469841152841,-0.136429200349799,-0.392676188665579,-0.214517078874894,-0.180435523704114,-0.285506402411069,-0.246552319676761,-0.0358210039577225,-0.358158808108606,0.0754483512836344,-0.242331880563858,-0.109329350397101,-0.0276540403531322,-0.12846156537968,-0.237150991268604,-0.0733567231079726,-0.149672033228251,-0.322168731087581,-0.304196400849626,0.258430156032225,-0.11661634043036,-0.20337833446251,-0.236309141517828,-0.28966886213692,-0.518316265926563,-0.306946894474704,0.690515139195263,0.830022185182836,0.319945006083105,0.579556300074312,0.529643351204161,0.872330491092952,0.87607429147999,0.210963305086572,0.679055789579499,0.0594256229531021,-0.239559604525492,-0.310701740026771,-0.0283554711399557,-0.0489264559771658,-0.130544090075191,-0.0058607748642586,0.0288201784438817,-0.114454630827631,-0.0210556288911465,0.102056187042544,-0.0858985495161249,-0.0502511719299135,-0.0590738653462449,-0.16882549739234,-0.114802650820381,0.0701808294681887,-0.102835817316884,-0.162875403984712,-0.380389278750026,-0.0982526792680185,-0.0471841596050714,-0.0139778909574898,-0.0820184333974852,0.0512614711736395,-0.0158325966771534,-0.0883633888798391,0.162099640007221,0.0787214484104052,0.109449299755938,-0.0255275941809553,0.396017388115656,-0.0613439710037132,-0.426407117282858,0.0696962865254806,-0.211377744945523,-0.0829458834734069,0.073937948600708,0.18329210739501,0.0468009627928001,-0.0919439755094399,-0.269439856924584,0.194708053770987,-0.231243615764715,-0.200030243650611,-0.0256535039033728,0.0492799134111397,-0.0159448254058756,-0.267837914160147,-0.0649139676745341,0.185592739884647,-0.0062035158574018,-0.10185899479657,0.0149911940988278,0.160587843066197,-0.290330367022904,-0.161250902041686,-0.435238131876508,-0.254021287642906,-0.263628514172954,-0.246927678666051,-0.0866538526440859,-0.0084594737694228,0.171399963162419,0.080286399337372,-0.299484194327317,-0.128683300211469,-0.192785042912746,-0.311511822152668,-0.0149391612893425,-0.085389215879304,0.0157195993801466
0.428156578379043,0.509756382820574,0.492215692642256,0.324295890235122,0.0097798842016386,0.22393833348097,0.460747227961137,0.537367661341615,0.270050130931151,1,0.0163610278732161,0.475672156743649,0.763790296604066,-0.286041111038638,-0.266366037301396,-0.325339745915385,-0.43838684019117,-0.272120722390075,-0.393725842673115,-0.298050958418007,-0.336791826965864,-0.246823099652941,-0.0410772268906064,-0.162535062501837,-0.154886149970225,-0.0174169508414627,-0.0739912545707525,0.0350848003759472,-0.43437464412679,-0.502758691125649,-0.0549671906301458,-0.0493715945968002,0.172117659575623,-0.181261390872434,-0.185294365242142,-0.515243022765679,-0.144026543505115,-0.0868683390533798,-0.145099687412537,-0.173147586314449,-0.0564475490391837,-0.388370693140118,-0.0835175666524466,0.345072137743665,-0.237880363853982,0.0397037556694847,-0.275939641135232,0.0175534351635693,-0.125876023862322,-0.534967188446897,-0.536729675500953,0.283660753758874,-0.264082641311323,-0.147698953270673,-0.21845269837651,-0.208309380706358,-0.223125519233804,0.0635938098848644,0.0159107290857291,-0.22528507847374,-0.157044107461296,0.113482905001773,-0.112386337600053,-0.0323167251583,-0.0542082893248831,-0.067580843345756,-0.333825953558224,0.296134546638405,0.0308372023097856,0.0623727093575823,0.0887174461172416,0.240875410839853,0.0543389277176697,0.233630464279521,-0.0057210531978008,0.0055144156557308,0.071932195459715,-0.171298917501438,-0.144232267907915,-0.159035893308392,-0.183402334285112,-0.179089172968058,-0.0299884601309329,-0.0187393663457493,0.612284921780666,0.477655621011713,0.756214009679197,0.325348284174892,0.10867243633276,0.326086353208243,0.289077885074271,0.812685556381158,0.197655342708614,0.673772650967726,-0.319659797461594,-0.202854750365417,-0.409345775315833,-0.254589529799992,-0.494858656171947,-0.343993042989516,-0.460547866471486,0.0722276534996272,-0.386539492582175,-0.312987906003138,-0.346054035818492,-0.247050932106874,-0.0739261301155569,-0.0199544837538628,-0.14927153523719,-0.0277289773818095,-0.175825035414373,0.159515719882889,0.10510765702939,-0.369630651188706,-0.461919240297552,-0.469596285333704,-0.405899517002697,0.254214824845371,-0.186028173751514,-0.419709475896604,-0.139786374551546,0.0297296756401803,-0.041713138145829,-0.10004919541782,-0.234721781399011,-0.095627299400886,0.0170800197711205,-0.181518966980129,-0.327013573370894,-0.26124138531786,0.0350297900428173,0.0556792451703903,-0.246551664072758,-0.495402049512594,-0.498817234387791,0.245974845727086,-0.31437276813337,-0.395086280242769,-0.144255062864653,-0.280948200880823,0.105873706072581,-0.428659159689513,-0.279067412603317,0.135864713885298,0.0900813032881032,-0.29339961465143,-0.0193021093519693,0.0718220882881349,0.0399200328012122,-0.255037805709346,-0.39823967763705,0.0746203141116158,-0.199887627024446,0.143677507017365,-0.19241056561045,0.0215833432774885,-0.0513298714619884,0.153889953652585,0.081148926359096,0.104196278585016,0.060498675786447,-0.234693251009838,-0.254873874126529,-0.177104459278114,-0.153651199432855
0.453303479724097,0.338278298988129,-0.0295726578299585,0.42449842201533,0.62816112659269,0.0987197235553909,0.0831564654471513,0.0176788819324101,0.501411795057138,0.0163610278732161,1,0.351835020091226,0.146464738485949,0.0600850465581736,0.179012900434873,0.114540436135675,0.0827410993022657,0.0148196305435399,0.0894427840145491,0.117361149410921,0.186664128134758,0.0482863105823819,0.0419881809388242,0.0213326335894552,0.17852974352429,-0.210703778650932,-0.245127444586159,0.102731298329029,-0.0500257656097185,-0.0262769024542328,-0.0905337041937184,0.360272084105868,0.0799707514434884,0.225299277320516,0.18098090895323,0.120277535625037,0.0091823834254564,0.0859242291875599,-0.0987886858000642,-0.0078561846419951,-0.0843103846008961,-0.0477485771708281,0.188562026805133,-0.198268417579598,0.0300918373696778,0.363426820668983,0.0035472569627851,-0.129411685985525,-0.346926521190307,0.0184903481768626,-0.1006133939232,-0.231935041868088,-0.428603114127629,-0.365432334082977,-0.509582302576474,-0.227160013531668,-0.353483470949423,0.755375854058247,0.11434892005656,-0.0770871816922164,-0.431811232363655,0.170808887428167,-0.239372902392359,-0.0587154831673532,-0.0092661421903956,-0.161238192607753,0.0629396138477365,-0.15211768419257,0.142140787694577,-0.43436164305341,-0.317912442039365,-0.101697662482708,-0.308538758075832,0.0156069603023289,-0.321604891844193,-0.188930075781497,-0.0102762245064058,0.722546195798456,0.449766872759718,0.0750821276064418,0.246122990643246,0.178714877792035,-0.0355143483749065,0.272211966426399,0.295790473566351,0.4222610076835,0.108663780158197,0.0810860772599701,0.699010528074502,0.296158840863399,0.646394216363093,-0.0870938890228758,0.813612970026666,0.0783865744651161,0.019685997814937,0.0883202828479548,0.14946193915726,0.12807203978189,0.0808643177823299,-0.0719215759481016,0.0669584583978134,0.166730560453035,0.0596943373613008,0.167148624217345,0.146437940570992,0.112549732208714,-0.0893663163016896,-0.0637582229180755,0.0348710116290262,0.293144412977975,0.0919262028181848,-0.0209929882872642,0.114206268163015,0.0529475661794128,0.0721111923615816,0.0696873384515532,0.0628781034173287,-0.0035727322930724,0.0413422844454412,0.393569019476802,0.0399303981600942,0.261742229946866,0.176525030068079,-0.0502215384146851,0.0664440858159881,0.0083177043906672,-0.0551184058073172,-0.103500145189429,-0.112045690337219,0.0804608564355491,0.280794207765091,-0.078454499312607,0.0604780011032004,0.0140219986706772,0.303850982172998,-0.197471917006851,-0.361473525581716,-0.13053782190813,-0.391828197510338,-0.199751457068892,-0.153369381582338,-0.133941907801618,-0.062778535545814,0.461194950172348,0.149360408563983,0.151179811270701,0.158367201109488,-0.0483863598183154,0.308555795150219,0.319585517079306,0.168246773936512,-0.316311981048986,0.158435094511266,0.178240048121245,-0.194095527158343,0.0982580982917707,-0.251452429713046,0.049813176451166,0.0209898486219376,-0.101007670905086,0.277973919436405,0.180671226796064,0.594779194435198,0.442326686096694,0.486300634519141
0.267331409223053,0.798585443440718,-0.146237384573154,0.829212665316407,0.236815147527865,0.68240153133723,0.0166344481653937,0.711167422455913,0.804014674538804,0.475672156743649,0.351835020091226,1,0.796173968676935,-0.255031883603556,-0.257623153049516,-0.158018533398567,-0.287029109639793,-0.301697155886464,-0.124828841780079,0.0095695248133065,-0.132375657805228,0.050946326519128,-0.203909460683268,-0.22159253203701,-0.0553482303109141,-0.464347542931793,-0.463509796588802,-0.387171650450807,-0.425778165066291,-0.499918628566229,-0.163711200562531,0.051194493349057,-0.118653302588901,-0.164967681825169,-0.310859072332659,-0.267685033736338,-0.269772257257553,-0.44118990587635,-0.258128350837061,-0.318789530745433,-0.295169229195888,-0.226935092748411,-0.168936723643892,-0.230209234521475,-0.277357167824327,-0.250580701897598,-0.218692358534718,-0.151495497495945,-0.118031529797071,-0.522924546782037,-0.41027139747144,-0.107891411305911,-0.0518999892223821,-0.163544640398846,-0.246802061048552,-0.0743920124700868,-0.13882439187837,0.186461652938509,-0.277429123400415,-0.235637326806472,-0.0985553315084839,-0.0124469937586944,0.0399991802574945,-0.0271763935643832,-0.172872436577546,-0.060170469965088,-0.188594543926574,0.148056327735172,-0.0448388810149721,0.117923580025096,0.0728769165810187,0.0756168402387664,0.0810456606338305,-0.153291216991989,-0.0154035606114891,-0.0788211561864297,-0.141859108152724,0.063927388217801,-0.0846426095567792,-0.291767619343687,-0.267379615527158,-0.421780820772767,-0.43269080629673,-0.346308603370148,0.769837849758505,0.799429026111019,0.458617351945877,0.690037150711786,0.423936774188813,0.799805779520724,0.671426658736944,0.444468902957448,0.497831578043539,0.144255417632138,-0.29973394758902,-0.288996679278085,-0.126809563644249,-0.188097363330981,-0.27525810302139,-0.245062781497841,-0.129318570563822,-0.0875667127929515,-0.168963378080183,0.0187367758736477,-0.127250150546091,-0.0419848813266621,-0.186053439686339,-0.272137245478263,-0.242048825379302,0.167413665948597,0.0139178222155707,-0.21842058639598,-0.29922680779141,-0.380834848584608,-0.354453831923852,-0.37654134178339,-0.301391604838471,-0.0592132161103005,-0.141531834489872,-0.265343328388135,-0.0847295356442667,-0.0392220673634793,-0.196909707593805,-0.259461930026625,0.153703123339702,-0.0457836909860851,-0.147293151742411,-0.224783241410054,-0.340241509108939,-0.261756319994608,-0.207538959810839,0.102472734408689,-0.247785397935671,-0.274906430678297,-0.407063422357027,0.140389333842218,-0.205977640799277,-0.112405098698887,-0.048961444150984,-0.0983468689690802,-0.104879977635486,-0.221640939983299,-0.128066056833952,-0.091158036875495,-0.212083603798477,-0.350405329167519,-0.172608623244805,0.2069827373573,-0.362558885523426,-0.135693507074753,-0.286818630397916,-0.070242654615802,-0.149212889252399,-0.0816723638829888,-0.107838649981768,0.15015693620719,0.171937905150044,0.147395249893818,-0.264784057615194,0.191888554877066,-0.217024763933256,-0.134595347196063,-0.210063232533874,-0.152392906213307,-0.154006392946139
0.268063523019051,0.832965264003257,0.140839239187368,0.706550851077275,-0.0291175328272966,0.689646185758247,0.152729549518922,0.801742706294279,0.513246062281908,0.763790296604066,0.146464738485949,0.796173968676935,1,-0.235876453168687,-0.387532086618231,-0.32255446366517,-0.561716726875905,-0.474809822149894,-0.380357391647465,-0.226526129357302,-0.313881199855789,-0.0569778215890843,-0.263652009894651,-0.224078941162056,-0.0883470413055429,-0.178366470522063,-0.319098860714504,-0.296926101456727,-0.544505664901882,-0.591234824933807,0.0429096007667044,-0.0952074994631511,-0.0899729110880338,-0.246148895259198,-0.258410469356019,-0.371522662699939,-0.368942705797199,-0.446351751429257,-0.299843810555649,-0.428085552912675,-0.32253746269396,-0.478850142400973,-0.269610866763361,-0.0111694774645592,-0.393733214012495,-0.273003783466345,-0.370038748629174,-0.27203659625203,-0.0263791403797879,-0.442328326280208,-0.433627652547492,0.173227206114127,-0.00537045468286,-0.0163466294637169,-0.0512469451599006,-0.0285006265477523,0.0244254340099145,-0.0002549217700064,-0.244935484018016,-0.242770169711511,-0.0357852106021976,-0.0017183050351249,0.0379329772916579,-0.0421217492717564,-0.249205456852131,-0.128271174299286,-0.14680934193377,0.322868671253448,0.205400064806761,0.204846994340586,0.109402151841305,0.35679132993462,0.325533928187799,0.0223413955983832,0.149030859877661,0.146773333821786,0.125839941465947,-0.0991232171314371,-0.0916066884275727,-0.1311338246325,-0.350888497889678,-0.252496878412366,-0.236101324962317,-0.123276919073327,0.823358649734296,0.684664996134299,0.677590049037316,0.697100003574405,0.212447322349028,0.623949765736707,0.426777350671517,0.791203983079613,0.276326886831736,0.447061584554822,-0.419060888486881,-0.350559386770666,-0.448349691387239,-0.398068412068684,-0.528866920941186,-0.517279632210029,-0.417685545714301,-0.0911177642057895,-0.404788901108817,-0.278630456021796,-0.339787298532639,-0.203471204000093,-0.27610814514062,-0.330105968052111,-0.28814000090264,-0.0148491764395247,-0.095733156454273,0.0001924296572037,-0.253945829870153,-0.592415458112161,-0.559479681442441,-0.58059924019512,-0.46143611238102,0.0237213380390933,-0.248987085351362,-0.426597476169056,-0.236856210710893,-0.238333727265354,-0.386210065575657,-0.356424896898904,0.0103213784365985,-0.231706390074303,0.0030524759157016,-0.325244369828697,-0.469717539523675,-0.421671998323057,-0.282234162300972,-0.0251699353441909,-0.421168017930297,-0.444034957299065,-0.464283449850713,0.173999358693476,-0.178136201644001,-0.148589480198275,-0.076130070495763,-0.0823801582286902,-0.139459836340581,-0.230235106966799,-0.166217320770777,-0.142779079718759,-0.117769914006179,-0.3677713244835,-0.166888674791821,0.162695321381567,-0.205578365029667,-0.221742037482063,-0.238189037833585,0.0099667638243954,-0.0952556487706342,-0.0184022549363674,-0.247120197147814,0.0312542023526607,0.212417831790322,0.227618446627965,-0.129544665822014,0.357451578308584,-0.195200577495666,-0.0434289042044209,-0.269997074592814,-0.151836452958159,-0.298390480292901
