1,0.619454290228091,0.514350433043654,0.239718343194283,0.0683727608868524,0.105949254632255,0.466128866022991,0.104334467756402,0.131571428992813,0.623117910983652,0.215209059049734,0.22886963542336,0.690098044343974,-0.029835126760249,0.355786215650649,0.145659928879246,0.152146119986323,-0.0475628135318199,0.277798547660213,0.235658518719005,-0.326644534086357,-0.414195060987197,-0.0267434305804215,-0.241846400865419,-0.211964060269497,0.540196677508085,0.0913811118557923,0.542882685239129,-0.0365413351162342,-0.324557231286435,0.590503254945164,0.019621235060992,-0.0837811663575658,-0.147556433047767,-0.0002705703852861,0.280343835789258,0.137702426197771,0.0345352323962882,0.191441660346364,-0.136303965900933,0.0141100734058108,0.0328530202238779,-0.0444417863615815,-0.20053046412945,-0.371443583668423,0.0054609395864157,0.0226191770110697,-0.482625711322306,-0.183597176567984,0.237585548965838,0.345158858512709,0.124880037490355,0.171193560650026,-0.0354736536509779,0.23776614066198,0.168527258152505,-0.130096791822989,0.32082321653985,0.138685824430798,-0.448523690015124,-0.334774087924137,-0.225210843263097,-0.146376231231063,0.359035296351376,-0.122880928532851,-0.262724520525922,-0.409828435954836,-0.365430933340031,-0.433202455034605,-0.204764856048287,-0.139108748559633,-0.591473596077649,-0.512337119858512,-0.606598554788244,0.0959727631810675,-0.0936212752306379,-0.35370509560336,-0.0667708481091346,-0.395087554522872,-0.272337852504087,-0.232569610660692,0.201459944097575,0.591515288888437,0.636916423558502,0.788185437080701,0.259190087780806,0.544064829904682,0.377737140088376,0.030713153129759,0.120726752926242,-0.0101798122375664,0.632762809272433,0.18546400190148,0.637676083868255,0.0681781307370074,0.358682913201069,0.0921610319092784,0.0726647502548452,0.263953439163916,0.0691321210004462,0.299289613024323,-0.240631693380553,-0.206903927374123,0.0113053903515842,-0.123566124452785,-0.420496226264643,0.192591858583358,-0.104499336994432,-0.253851124239252,-0.289487544039438,-0.299510493080098,0.296131934316412,0.0794030266424245,-0.120495913686997,0.293518555735168,-0.299476312161191,0.444443144145666,0.522051442574572,0.142358273085531,0.192307044992535,0.267569148797523,0.048324994026769,0.303145505119653,0.0211994042046604,0.114545863585819,-0.147087106497414,-0.161389146415688,0.198908852533567,-0.0478902626784296,-0.190232331433677,-0.0109916169336679,-0.320644877124771,0.0425475373867157,0.0867537006332786,0.15950396175368,0.161977759853465,0.228185603926886,0.103893244065538,0.29720803561831,0.4910988877154,-0.268549505084637,0.31693047659545,0.126775204669258,0.354552457768091,0.0526380345394657,-0.282502139868225,-0.547931281250692,-0.105387176969479,-0.232366364170819,-0.184096976153079,-0.412390566624402,-0.443698376107183,-0.40496920174908,-0.101434794165364,-0.390648106745856,0.194038186895647,-0.0634249715140364,-0.507591947015478,-0.459327761083882,-0.41993916698154,-0.415876524960583,-0.112086081488004,0.12422365076945,-0.246569969950039,-0.0628279243713577
0.619454290228091,1,0.447315361594278,0.171251964286045,0.0008097403948436,0.614753147374529,0.294454547392039,0.229593885282442,0.123956741668729,0.635134997300327,0.0944449794147033,0.3017081865908,0.621698842893936,-0.147618555470188,0.222356238540599,0.0608308588014953,-0.0394003897066142,-0.129792697126709,0.277063696706969,0.143269776653543,-0.632317013335712,-0.359713076752099,-0.342795947100087,-0.451375618238997,-0.52762937005069,0.612128168393182,-0.170366117208624,0.391854933775232,-0.12211409714922,-0.36333339440716,0.485299600096904,-0.246223926336752,-0.484076837723622,-0.364519860973669,-0.39653835026047,0.152312620537518,-0.0287982169379871,-0.141106186744392,-0.0781825052508621,-0.364772420161567,-0.165865210358657,-0.207383950919221,-0.245765990579059,-0.611634325848978,-0.66299548094159,-0.475650174189508,-0.317198010502981,-0.388901428861027,-0.0870078984630963,0.283752596281933,0.194386419004645,0.107013423187248,0.309932678395931,0.0656275750543983,0.0644032337489651,0.224558323851669,-0.0895478278608979,0.18844052835023,-0.0417410904493059,-0.469907651123074,-0.097320676075371,-0.0371820937989689,0.0382340009075784,0.176147113643152,-0.153569664162493,-0.24408280178643,-0.126753576401038,-0.0783125480641778,-0.117705003520939,-0.0134751350043768,0.0973732227103651,-0.405600615233104,-0.290064782541729,-0.57766459233837,0.154204062108358,0.14703832899971,-0.130160635475815,-0.184967145584339,-0.189498872500845,-0.13106540934804,-0.236207764532337,0.131104634991193,0.640652686220761,0.412600462135275,0.726492201808344,0.146758397857135,0.453970496500163,0.372764971356289,-0.128062504107139,0.141156102141997,0.021230553024381,0.570473253556308,0.184536268901056,0.377422682489139,0.148818178150836,0.273859052272791,-0.0942966195394287,-0.106508895143032,0.191165696296211,-0.0104951710739655,0.242533352766551,-0.485270072943839,-0.211236693471895,-0.01035572343847,-0.369259264664691,-0.210379884117035,-0.0537849905414309,-0.226174191910504,-0.425736364767942,-0.515627561958013,-0.460259181817877,0.266972205171649,-0.0247718138746292,-0.154296639553698,0.306500436620883,-0.2109365542329,0.534545066469029,0.327889156891025,-0.0329046746256648,-0.020137938997469,0.131334465709682,0.010377592672378,0.145317263231928,-0.212096591605404,0.0533313799454326,-0.29653705778371,-0.340890973214419,0.155180908953064,-0.195979526134986,-0.466733853197036,-0.372467668811851,-0.463403296414297,-0.0971952207198749,0.12180507676603,0.295780922816579,0.262981725950903,0.480569839905713,0.282996377935541,0.296534657741076,0.452979030107823,-0.442230613771156,0.0389873455965338,0.443959658450152,0.092186830800219,-0.0717046839819348,-0.320356241066122,-0.580885390010914,0.20443302853543,-0.149604371668109,-0.199956852193058,-0.0677280210051909,-0.210558193979439,-0.0992154172944546,-0.124829401086221,0.0541735543995765,0.0828558025525168,0.0288737103117904,-0.333704692453941,-0.508733973295712,-0.0604879688887657,-0.226340473551333,0.138834356531405,-0.039409551334771,-0.0674524952358812,-0.0767801639051168
0.514350433043654,0.447315361594278,1,-0.360050147472567,-0.540200269888004,-0.139175001636942,0.491403242432692,-0.0215125647705018,-0.422060272688018,0.541984510374497,-0.401454232285327,-0.350207028981,0.160169786241859,0.169660087876864,0.444016612140227,0.235536013003886,0.20080364831306,0.164238351130553,0.141880953485833,0.25642957104755,-0.258167802762438,-0.0967684953618829,0.0545017202074881,-0.194565529611649,-0.0768683891331205,0.622001777174019,0.471435852248343,0.700840243673282,0.263875261228035,-0.0855361263779662,0.467118418739574,0.133752208031811,0.160268191659704,0.105670031154695,0.140072683162361,0.313074017267708,0.212625932760485,0.308655783035064,0.452655169407977,0.0993572452540407,0.0728907275710212,0.194542301843858,0.124448287804169,-0.118896351782396,-0.288141509013959,9.12730923727314e-05,0.0578859437295103,-0.486302618894223,-0.0597191919689992,-0.152390272379964,0.550593726744213,0.180607227862408,0.0077415551612828,-0.403953654161295,0.155950756229336,0.0759970307338697,-0.0809410343148379,-0.353155386213859,-0.0448705965380472,-0.514732953824011,-0.313248176235196,-0.217161827378049,-0.167163091140296,0.477593396436966,0.0521854568101231,-0.269895022448531,-0.505002083676124,-0.216506056997121,-0.502323660827366,-0.188934035584909,-0.359748113787714,-0.632261898191976,-0.542201724817095,-0.672914828974692,-0.163727509905822,-0.386520836681097,-0.481270628863506,-0.114366545696454,-0.466315789868513,-0.600781354973347,-0.270773978435851,0.0200667007652735,0.512381132847303,0.465544048568767,0.516948860735483,-0.300862349223315,0.702967758119127,0.172130738878185,-0.434238930983309,-0.455682346286625,-0.476406412455194,0.556227598719862,-0.417772753970589,0.76597143763118,0.218003709958836,0.430782567466777,0.0931468757248258,0.122718081323328,0.124965289354319,0.147642801546542,0.164483257327905,-0.137224033138279,0.079890004614279,0.116177014660487,-0.0685202375998256,-0.283633329546099,0.293258152939607,0.359251554990899,-0.093267190557221,-0.144643509458967,-0.188791880529688,0.740735873530452,0.37672017330936,0.142036934820712,0.558318950366355,-0.107939671103305,0.369846421178844,0.626788889156205,0.414838662519387,0.515535785642031,0.374206130317061,0.164352337435414,0.446553459528585,0.242485229692398,0.177970907503345,0.170331795278192,0.0357379141962539,0.173198916651895,0.0933176140458096,-0.174149116724881,0.162192321954997,-0.170334657052026,0.437287925130806,0.312580294173088,0.146686353518415,0.274116652562198,0.283753391840789,0.0995068560103294,0.459052127052913,0.523071892453435,-0.0337236791485983,0.463424450086731,0.0416209784339189,-0.219528316288907,-0.178391445603564,-0.294550687618754,-0.500947610685409,-0.145030052265191,-0.0579180343144204,-0.0013333551922848,-0.553610621075492,-0.380984932029629,-0.363432377310111,-0.0168896362654612,-0.286163089318163,0.388023667087955,0.0137102593636893,-0.523810972797998,-0.27968057097401,-0.349155026397234,-0.374377404588768,-0.16249180096245,0.0707476271677707,-0.334313895490494,-0.0671741899203571
0.239718343194283,0.171251964286045,-0.360050147472567,1,0.853554439530908,0.304879461213766,0.0175626090552714,0.0102689522466176,0.906083335287645,-0.123880337114348,0.866501191331242,0.880310668677318,0.571435447302267,-0.169114969214063,-0.0796958001004515,-0.119627712461176,-0.19680077076231,-0.136559384504902,0.0318830742600524,-0.245639639361738,-0.122157628890139,-0.201598280110739,-0.0679535948928577,0.0932076622805204,-0.122424063067302,0.116619936147271,-0.115351491500178,-0.0654375871673333,-0.132886058097255,-0.160919997593492,0.157896939929004,0.0833601487416573,-0.123092473670871,-0.0976801850830986,-0.0227385128666839,0.249194114733523,-0.167939016038344,-0.212515284036697,-0.220030478132839,-0.0348504175651617,-0.0172072267455233,-0.128467678942811,-0.183062231200323,-0.118321619442362,-0.0668573011425923,-0.19909892876277,-0.282643052404907,-0.0243287529111564,-0.166059749158622,0.329715965257322,-0.0272079077559102,0.0549970418275318,0.0446479309259991,0.215829045058888,0.325491382630701,0.346271924283915,0.135188987372413,0.571819795669848,-0.130724653939494,0.0619474868741264,-0.297445545001504,-0.233533462880526,-0.155980114582239,-0.381040719599749,-0.138351391083702,-0.207437751334547,0.0435571031302856,-0.184842837023767,0.111190957603932,0.0069627678750224,0.282975647366599,-0.008718915906146,-0.0072701710371231,0.0666595382236625,0.271144002324336,0.123685835920167,0.199213411946335,0.0633710340038106,0.103429792213699,0.122235899444273,-0.122339881238249,0.302524056926469,0.108915396515964,0.13768603863703,0.201199727130744,0.835084896808934,-0.217456587102258,0.0025068921535054,0.634494542581523,0.871212910099189,0.763109504428368,0.0071491216425004,0.904802022887568,-0.0964878238265985,-0.133670034040694,-0.148616866501058,-0.0927690905785751,-0.129839091948146,0.0916457214998251,-0.158422885601377,0.0604607703960222,-0.149919522146994,-0.217846262165448,-0.314882098132671,-0.18967729879019,0.0827024423263578,-0.10146613297048,-0.347414371831047,-0.0595394042650116,-0.184523684651129,-0.103580986103884,-0.254865685686434,-0.195194388186,-0.28297960058523,-0.209471633849718,-0.0583254597317587,0.0498998058746079,-0.140291821416708,-0.163914930034129,-0.300040714970653,-0.177981431390973,-0.413057483691341,-0.414932305121635,-0.29725951498875,0.002142176805591,-0.0267109551224349,0.0670769251573884,-0.1555019468927,-0.19859028891149,-0.0163396215558562,-0.404774271104713,-0.135677865516868,-0.479320569998374,-0.352894946804134,0.090364812732121,-0.353298860116443,-0.136193759975439,-0.250690458424026,-0.177527922184067,-0.053049593013344,-0.398195251025108,-0.133773781492386,0.0762940523750909,0.332109734684601,-0.109980680149966,0.04324485747326,-0.19541154070988,-0.0552248510204837,-0.115648459159242,-0.301918174094915,0.0449034556119383,-0.24943770228613,-0.267753808888982,-0.252864244357837,-0.18143535826937,-0.408425129973401,-0.207853766107058,-0.0717855992345151,-0.240768841496266,-0.137106348085323,-0.0291723993638271,0.034171645615807,0.0234020993298686,0.107370738735763,0.0159295505863871
0.0683727608868524,0.0008097403948436,-0.540200269888004,0.853554439530908,1,0.270289425994212,-0.141705408468977,0.128790332118566,0.881855464940445,-0.211319958001282,0.794450218633247,0.831005556718964,0.331433322650275,-0.23211914314269,-0.227681817745754,-0.11584890455097,-0.118200633300438,-0.185225209880167,0.0252302845124719,-0.243345541211771,0.028719080629175,-0.13146638510964,-0.0525350616479129,0.17181410137667,-0.0002277076454309,-0.0872031096706845,-0.219927533039488,-0.301149863084493,-0.10868542551473,-0.0817156522478676,-0.0581769022675878,0.047241375015991,-0.0663919377536393,-0.100213953081812,-0.0368914229088229,-0.019382975772287,-0.169982340297355,-0.243888048587102,-0.341417738946732,-0.0403929574804441,-0.027656569919001,-0.143352227817712,-0.224117230483855,-0.0434669253885538,0.0592669046741295,-0.190797259138209,-0.176535164929595,0.118893166373253,-0.103378115253748,0.181728596668574,-0.246552574192369,0.0047620963377893,0.034046737995708,0.280106030405809,0.116624062233565,0.135250986481586,-0.0043589476794095,0.530606348646763,-0.13289828955568,0.166290507000254,-0.0437370983375978,-0.0859494854804361,-0.0537613117214414,-0.465564645029582,-0.152972881657183,-0.0896373757336506,0.176392227324992,-0.0410655389468416,0.25464371735576,0.0735989411463146,0.315663600991401,0.173638391524185,0.174807939948469,0.2373817250754,0.221285483898819,0.178867202843085,0.296321496675694,0.118523194766962,0.186215255279127,0.233171693029297,-0.0674832074079238,0.30656688062894,0.0093086357762576,0.0509227902485082,0.0695087078388812,0.750977086125211,-0.353223362023133,0.100139343256338,0.743022765476856,0.866516774263917,0.820175479931584,-0.165815113771658,0.838295254621443,-0.308324934942227,-0.244033171872764,-0.341422201478084,-0.023964633478149,-0.182154323641726,0.0769648322512564,-0.168688870918695,0.0119886550860991,-0.0610675394447503,-0.134352289889156,-0.321955699008924,-0.0755829182449931,0.134850345975909,-0.223339706530358,-0.380205797783898,0.030582001691834,-0.0537973355195199,0.0359945424209402,-0.413651575707146,-0.284381139781197,-0.187330030972134,-0.375313632314552,0.0891844648470502,-0.123901830935546,-0.34000322673429,-0.225697795132209,-0.400377959528611,-0.215990920722686,-0.437955892166728,-0.468452412005952,-0.308503538339093,-0.0303545707846429,-0.002894581511976,0.0143292850774689,-0.165618449737073,-0.165667824377086,0.103031439611511,-0.398618972584902,-0.0103128016869053,-0.577436881466936,-0.463120394619189,-0.0240867868450878,-0.340994527564062,-0.221002126316441,-0.246762283540511,-0.337755987322119,-0.261233643251695,-0.310307386083383,-0.258702189337839,-0.0578184970638855,0.306847630077418,-0.132520027253737,0.0504707124988399,0.0019787235224996,-0.0579300042783372,-0.0907895154944642,-0.268385599428741,0.19620220382876,-0.0219162446239231,-0.0620318007231462,-0.149177544179274,-0.0578900530143354,-0.439758971248661,-0.143952270546347,0.130848000088802,-0.0350975607341432,0.0466338009576092,0.0933705082298163,0.0498978180031048,0.0303979088957507,0.168636186494583,-0.0329356236595704
0.105949254632255,0.614753147374529,-0.139175001636942,0.304879461213766,0.270289425994212,1,-0.0642594142506375,0.420038411701027,0.375417065686182,0.28233894624982,0.27045759910352,0.518872068819462,0.341066053742516,0.0534107967486805,0.0674406862836165,0.107197819101863,-0.0154071590467037,-0.0314493364891698,0.0910058002286504,-0.167135791148383,-0.436985254052434,-0.0752383176099801,-0.356438932558483,-0.356007104842408,-0.378556334714567,0.114671937339855,-0.385263212895422,-0.185386985843875,-0.27982083280987,-0.130256114721614,-0.0498398163712373,-0.414020160648034,-0.450725443901946,-0.556993773103857,-0.676270547908922,-0.123138409908716,-0.0338124178768503,-0.174760183711023,-0.3574907287445,-0.187229738489677,-0.24881919020042,-0.118498841941355,-0.411516169122922,-0.500324336972412,-0.470848823870819,-0.452200144072098,-0.420851136593497,-0.255403889282562,-0.0328259563130939,0.286689016797467,-0.276191648142434,-0.0998767746186294,0.200702499254295,0.224206264142999,-0.162621101179104,-0.0401955686806167,-0.16967123076968,0.311449793295543,0.0761836610804256,-0.127343158164602,0.15628397697012,0.240517519632816,0.164477239871499,-0.0235256975335282,-0.10016143727759,-0.0128440947578572,0.230151245689758,0.151765129893503,0.221657418680918,0.079910890165178,0.249621440526478,0.0150832104495226,0.138179354583953,-0.169385804296131,0.0889549806989883,0.379311408357256,0.117222713718624,-0.121713772461779,0.159570719932501,0.3047698337084,-0.0838707231790567,0.0704053346842035,0.175625632099147,0.0392065152702217,0.21257769187912,0.235286287984087,0.0847964466042245,0.372896612997785,0.102893575831364,0.402936621304022,0.291231390888771,0.256413411080687,0.370887710252307,-0.246770824455298,0.253456209613633,0.128161188782579,0.0765484558689624,-0.014198470046297,0.137319942691536,0.0885668093686824,0.0572130200141684,-0.422229205472761,-0.160886500936764,-0.106122769105401,-0.186860267081014,0.17153920998829,-0.323170935941926,-0.240673060630343,-0.221141538904626,-0.270776332523741,-0.167470066184979,-0.145595278302708,-0.31396225602461,-0.0921925905094693,-0.144026709479528,-0.163466353996573,0.176165425496783,-0.130596759242906,-0.44240460539354,-0.436466262992118,-0.0926859007014115,-0.0778567542224194,-0.142179705576093,-0.162249166606269,-0.129878029845718,-0.32136239491215,-0.104535356505275,0.0178893254298313,-0.0582896505230278,-0.294641778663802,-0.466599216531049,-0.397008929852953,-0.393520539453735,-0.111440399154333,0.104543499150573,0.0467847055195812,0.179511148128169,0.13094909262535,0.0685558049485939,0.0146267802290605,-0.31636610772919,-0.348676802938156,0.354801722125928,0.0302256626408127,0.0840689693227615,-0.137198397233129,-0.227609521535215,0.22316694441564,-0.138790060043751,-0.255338827620094,0.306906320823972,0.0664295098331006,0.141375622577005,-0.033509425272233,0.2603415911166,-0.163052288024696,-0.0552146572684874,-0.0794160401725553,-0.29812524129495,0.197001289158436,-0.053520451196371,0.158443002052046,-0.124898731687502,0.164976790206138,-0.0772988612501998
0.466128866022991,0.294454547392039,0.491403242432692,0.0175626090552714,-0.141705408468977,-0.0642594142506375,1,0.0007146554513747,-0.0062310086652126,0.436229485061295,0.108796487002402,-0.0417131956709452,0.33151024836858,0.225640135352044,0.46364242569367,0.292039375275895,0.367442756679699,0.442608083103794,0.337565640472867,0.26580383792385,0.13585925887219,-0.168837676944683,0.205786554623793,0.181681949433,0.099041107404579,0.169209869242266,0.204660831901799,0.239994265420174,0.277965805778894,-0.0190698250159571,0.137567462235419,-0.107693097560702,0.123551049049089,-0.0340716493505118,-0.0849056132721782,-0.0231697909714342,0.434639806277883,0.40555713740581,0.316439485289953,0.241209054735909,0.018094763746474,0.251846153418103,0.199301407035372,-0.0171281297870029,-0.108512890841857,0.0957083796540818,0.119536583382167,-0.505487167671062,-0.116041938692209,-0.273512974843326,0.092981109181189,-0.329581844510391,-0.166466865986563,-0.426460531621179,-0.118738343537144,-0.123056863690461,-0.0687070536237974,0.0313687793006918,-0.0450932993403738,-0.363484242665847,-0.220575670318712,-0.0514434733956051,-0.0306368999381982,0.460230236069257,0.382569338664898,0.0252019011883635,-0.37027820068694,-0.106496135808204,-0.301544632262713,-0.101211731725843,-0.151775273468927,-0.386269615286646,-0.355052414580248,-0.380016137235235,-0.325134582507548,-0.201696677287952,-0.502482217896261,-0.23686466362091,-0.333359485934217,-0.417845650972318,-0.114883845621495,-0.17180681167598,0.436102559060188,0.156510658435572,0.450468183186773,0.0618937424162129,0.486085237405149,0.230883661268273,-0.155857832455519,-0.0720406560353602,-0.106167589617608,0.358938651487707,0.0203891607770586,0.380411910901606,0.229595542794188,0.408616468743348,0.132929821899716,0.360916058308423,0.276150159323436,0.234587431645346,0.305489637659558,0.0715692013219376,-0.113321696228927,-0.0188261965221907,0.163340934671657,-0.341092060774211,0.357227883029733,0.216624460625307,0.167179258484914,0.0089024784396005,-0.0269675619820807,0.335097161902757,0.455795270019214,0.215977553808355,0.238144773864821,0.0076343148990788,0.239005869896614,0.258201757412007,0.133164837607138,0.0910905760237798,0.327309468198443,0.196922141681417,0.504246005742179,0.414663939643724,0.264048730220258,-0.0133811546860713,0.194592834990818,0.0315312005575226,0.226932234482215,0.0521947314707571,0.129599249645935,-0.0319885539703542,0.292721131838003,0.145448966882186,-0.084797292311537,0.111395579604105,-0.105615882493697,-0.142712158920853,0.164521370427864,0.302789016092697,0.0795366267591936,0.0399348893744543,-0.0293488722240177,0.18320663320656,0.014103091907815,-0.277220327996559,-0.304070092178048,-0.203180630197073,-0.0781179916716619,0.173102032925618,-0.42158004664532,-0.280895183400331,-0.403550531887294,0.0251951962948284,-0.166126075639856,0.399214848167854,-0.0734664062155156,-0.37617823556094,-0.140733262206641,-0.303056382906925,-0.435464861894225,-0.485083962481149,-0.146142663402008,-0.306822652518248,0.0394168194844473
0.104334467756402,0.229593885282442,-0.0215125647705018,0.0102689522466176,0.128790332118566,0.420038411701027,0.0007146554513747,1,0.126561450948756,0.531641594501309,0.0471954697273695,0.217286416070977,0.223264525931224,0.265939110975257,0.0987609118041437,0.266012004872588,0.187405022185479,-0.214735103824724,0.0601143608492129,0.0245512627093803,-0.0994030421731524,-0.257584049687017,-0.228766481259951,-0.19356808223154,0.0264271266718577,0.13549426159037,-0.157535525798249,0.0515273578975221,-0.137955368262975,-0.313918244849108,-0.0706974822643908,0.0011158216212145,-0.139376070950696,-0.138067509039426,-0.386351385776214,-0.180891743548013,0.190469226558615,0.0145687551974767,-0.174208193794637,0.0173110529782758,-0.115345891723144,0.0836301219466541,-0.298907682471268,-0.250887431820563,-0.144598596870598,-0.155026750375495,-0.0479584528179636,-0.203436436315137,-0.262394329526672,-0.222007382126158,-0.220626284744717,-0.154376124199656,-0.108735271519704,-0.0310048307899423,-0.229512913043737,-0.352388788601555,-0.29888119154273,0.0711266949868647,0.121357947109875,-0.143625884657639,0.040334692547061,0.140574761071637,-0.0409521248004136,-0.0150560612220727,-0.135971421649732,-0.14817075500873,-0.0194631163293629,-0.0418320743226071,0.198866345809433,-0.337708473225072,-0.2520417872937,0.0497915223753864,0.084981002591947,-0.159981924550778,-0.142869099288724,-0.0835804544129071,-0.0474556935101479,0.0140247314509841,0.0858710852097469,0.118842358543637,0.0123590837036263,0.189200231014846,0.126853431652478,0.0863429611863825,0.0646103995664188,0.0767379799566226,0.0913275491134417,0.58502209950995,0.243098375158779,0.156501801737819,0.0665740496192203,0.138173944554441,0.057653701527232,0.0022596726101025,0.125917956014059,0.0912829454914373,0.135845028109603,-0.0050054904232758,0.132068211042449,0.104259730290121,0.0910396352120569,-0.0032027797422336,-0.0836158870827439,0.181101048975297,0.111976147342335,0.0831082120779784,-0.208036992350064,-0.214671280819631,0.102447085018482,0.0798334624226735,0.190603106788495,0.0084531630152815,0.0514711470761488,0.0863582442477698,-0.111928497806841,-0.115367096142009,0.096765456690772,0.0054214558740193,-0.0565346036115353,-0.22616071932904,0.0964488957825231,-0.0747473342193085,0.0760537749290664,0.0549587127934596,0.0700013811173204,-0.059872236926142,0.0554179141472382,-0.0425768248922076,0.0552022497023632,0.0531144706207513,-0.159033777074347,0.015344854887241,-0.19762449673441,-0.236588216131738,-0.0384390072358852,-0.188748668765029,-0.0239070804178281,-0.0672713679104779,0.0438620177503369,-0.0763683092166776,0.0688781232297486,-0.172450956421591,-0.0866604406082298,0.0633612371103041,0.0190813654983941,-0.0226994810440418,-0.0132711911734523,-0.156062920881988,0.0696352968540398,-0.117759276861155,0.0188035394692103,0.0175504877825103,0.139588851208705,0.187878809235839,0.0766014533360258,0.0423386972271012,-0.143643258620711,0.111510189228918,-0.0219323493020949,0.234826039928584,-0.168869999141683,-0.13613481281604,0.046548823214818,0.0600669171467518,0.0880934142015827
0.131571428992813,0.123956741668729,-0.422060272688018,0.906083335287645,0.881855464940445,0.375417065686182,-0.0062310086652126,0.126561450948756,1,-0.112751143207803,0.891832576520249,0.911144954144842,0.448834895616532,-0.0762653350153829,-0.117439986511994,-0.0197946275347418,-0.0252750628522986,-0.0984699148916094,0.100509443614534,-0.214814911713078,0.0021566658312943,-0.262974534737734,-0.210571302834956,0.063117065016623,-0.0282029850205337,-0.0159590354970293,-0.148355389496093,-0.199620572901251,-0.15138171486362,-0.236983387776422,-0.053724372430113,0.0682961044785115,-0.147498889236635,-0.176554113319887,-0.118710431615355,0.0306848619551388,-0.0973827223960333,-0.124534146583757,-0.243562659796204,0.0926774237491071,-0.0593579874318065,0.0049368006153197,-0.174400738212256,-0.169241356329316,0.0096225182832498,-0.153767684880483,-0.265387189793845,0.0282282352799126,-0.165641634062524,0.17107109952529,-0.214447913229582,-0.0818044987424538,-0.10403075864523,0.0990365305746415,0.100786050809836,0.158664891148886,0.0301721541331231,0.601783056398467,-0.0733449996983828,0.05761205251035,-0.0645247493999339,-0.0078667067364916,-0.0054604894246321,-0.36084414005998,-0.0236082268519069,-0.0308260769443285,0.103072122509849,-0.073675373504767,0.202705772646562,0.0156028688725738,0.254621602719018,0.0792413389540817,0.0680220909336968,0.147780692898163,0.127413244144785,0.129463888651778,0.17446597877915,0.178966459961751,0.209706492777793,0.175953345093506,-0.0574447492304693,0.31725796133195,0.0585087781476708,0.112442029727797,0.129750601794977,0.82119268350958,-0.227394681074731,0.0292198365149825,0.767032236507894,0.959328643386699,0.91430463739814,-0.0378969695620699,0.939168324709564,-0.224641236909409,-0.0793915231269196,-0.180810290771219,0.119456073425669,-0.073318599994942,0.217537429517508,-0.0400076107922045,0.115040891725282,-0.0004211639754467,-0.21072601835996,-0.282376240157576,-0.0394328764327783,0.0878363120784856,-0.202897392381622,-0.323501719878255,0.0539744460831742,-0.0146495272832137,0.0612306741272837,-0.278900201875035,-0.181659976662322,-0.164880849185356,-0.333844727290756,-0.0552364514945744,-0.0574915036871111,-0.295909990908154,-0.251102118195899,-0.393270839391664,-0.0834751402922295,-0.354563368723519,-0.344703761250657,-0.173532997123714,0.0643122289911509,0.0663877225601319,0.189026828257949,-0.223954895999256,-0.04553766581373,0.10570015188328,-0.362316184618551,-0.0088383319074692,-0.506088495118376,-0.454497506803269,-0.0214853027921759,-0.360116423320955,-0.253812310183871,-0.375735812877243,-0.283617774361779,-0.135308040807672,-0.33480181340185,-0.32234701766718,-0.0280649337378571,0.375533387882115,-0.0618883502899953,0.0706023620872312,-0.105676433567844,-0.141165362650965,-0.0854156117341052,-0.267432857543406,0.0521294801821598,-0.0320463057346915,-0.151035482987925,-0.112310350944381,-0.103497493868661,-0.326604524571036,-0.207100509502377,-0.0497338501156394,-0.14263299375873,-0.0778250418888956,-0.1018762851,-0.0912290574325473,0.0728483220222866,0.157586795520694,0.0512279474809436
0.623117910983652,0.635134997300327,0.541984510374497,-0.123880337114348,-0.211319958001282,0.28233894624982,0.436229485061295,0.531641594501309,-0.112751143207803,1,-0.112831910563409,0.0565796925859753,0.607069841279086,0.081977492744507,0.304792882068777,0.233174851966786,0.20033699852851,-0.166133170624753,0.183703922036205,0.261847890027614,-0.439035266191627,-0.449812856198663,-0.230236101427693,-0.466631181490164,-0.275221505243142,0.369656527747094,-0.0317090675350106,0.538554809002802,-0.104200118648308,-0.432117255095277,0.364581622401066,-0.141189577824173,-0.26906825103471,-0.180229000460842,-0.292547231625094,0.0086114105691684,0.21703786869895,0.0475419105948601,0.0848709600283889,-0.129836620910502,-0.0849899057746532,-0.0040676560867014,-0.0451813221213555,-0.341208999652802,-0.459181525541175,-0.21129052399068,-0.0148032427528591,-0.459217088621064,-0.171368021794262,-0.0732793915598329,0.136612748576296,-0.0812418806678843,0.0142330228224435,-0.237569543692194,-0.0935490302586358,-0.0993227129474013,-0.175473635224465,0.0596290534653701,0.0877597237422204,-0.500993817570643,-0.0825661525871862,0.0098372476013161,0.0194018205787634,0.356310906806431,0.0238202565605947,-0.176744803359998,-0.27549498306188,-0.129660105206898,-0.136157054575527,-0.211451026836832,-0.234574429985741,-0.367526068677683,-0.297282614195588,-0.519011931826694,-0.0706179694618795,-0.109653816999814,-0.296021286011661,-0.221785089729083,-0.225948933476349,-0.280777090402957,-0.150923757933809,-0.0071129809618674,0.544756909374477,0.29645864112129,0.653905366536297,-0.0563727789254914,0.704095011079364,0.618203639612892,-0.180287618686778,-0.0964079892635118,-0.241219718388725,0.709345307856494,-0.0916999729435978,0.570386517959359,0.1904178534864,0.377930198438797,0.0674441747259238,-0.040994453972981,0.171559308998944,0.0311735215914853,0.206596173043702,-0.220728552683338,-0.198837567531479,0.223945724467105,-0.149514424314292,-0.272554230922107,0.129598257084049,-0.0494564393766593,-0.221861342729169,-0.257921478695113,-0.232010009026618,0.408882016574403,0.0859449788477214,-0.0631047954890935,0.240394849722262,-0.369007250380236,0.450161078383074,0.446683402428703,0.0290246061430369,0.0918262829374758,0.167177972899541,0.133235966259984,0.420848719408748,0.0806854306956662,0.0285176254655028,-0.257737665290488,-0.102618580279009,0.0778612386345692,-0.0146182730362362,-0.298889191183012,-0.117558384344729,-0.265890466053017,0.127590135201009,0.115183679611214,0.099770123038488,0.179586928551873,0.310896425584213,0.142725463480827,0.321629602164991,0.366283705068553,-0.0415852639244931,0.0899576428768195,0.0787543540047215,0.140140512112321,-0.0020725350731769,-0.189974031118405,-0.431900661522441,-0.0840148987899863,-0.112896827029575,-0.11409001352279,-0.321724538003356,-0.218546521705986,-0.144166349014056,0.0259394217330112,-0.0588680267882158,0.306115741026192,-0.0506011749578426,-0.319345282573873,-0.238884981340738,-0.147071164179354,-0.438155959582873,-0.215803501326466,-0.0956837553624331,-0.211655458495029,0.0133362440768955
0.215209059049734,0.0944449794147033,-0.401454232285327,0.866501191331242,0.794450218633247,0.27045759910352,0.108796487002402,0.0471954697273695,0.891832576520249,-0.112831910563409,1,0.829438788347017,0.449611011047313,-0.13073997603209,-0.056177812550308,-0.129766324537296,-0.0891735394727011,-0.0197231692489483,0.109867100624268,-0.210123504228343,0.009823812539426,-0.208249778772774,-0.0339614205466999,0.103232107341179,-0.0929441481920302,-0.0249933727348556,-0.138835425859312,-0.228028209281241,-0.0594452868220718,-0.14679035142896,0.0216860003368648,0.0101139762216475,-0.0818184790659775,-0.195479093010014,-0.0937606010418101,0.0603278050289167,-0.102987817807153,-0.0871712792215072,-0.189486825894755,0.013685320485597,-0.0808070000420463,-0.0909388221983766,-0.128819688288827,-0.0571088228882477,0.003408871698102,-0.0213224278292141,-0.193875137371447,-0.055747903374533,-0.100458598811574,0.255219586052706,-0.177898487452832,-0.153118400704369,-0.0667887449587585,0.172988286447698,0.117697387537561,0.204092205669936,0.056283456617396,0.681622106281127,-0.0151901705801586,0.0548166969795024,-0.10972860151067,-0.0860877073387623,0.0251849554629797,-0.277419330990467,-0.075823379809172,0.0289528491737675,0.0835345882952858,-0.0801772901301905,0.13707908985264,-0.0279199552257875,0.262160498908082,0.0711428985123045,0.0789267212729529,0.105100769781382,0.12764743191873,0.145283720376521,0.124729594127125,0.103679942391799,0.146884355394008,0.209256300730681,-0.0228000231397918,0.175742886738315,0.0548546349964196,0.0518119578028026,0.116448774484466,0.809784793943186,-0.169576897565151,0.0104248482013852,0.627304294398012,0.875560186222333,0.813150207698854,-0.026216463247641,0.924406676358711,-0.214614701921493,-0.0117337173312203,-0.0935630046262865,-0.0262264788308925,-0.0647492337121347,0.164404060801899,-0.0509231616506893,0.122843173231299,-0.0492226240712175,-0.213535712531552,-0.277165898533318,-0.0968545108536741,0.0506558497697226,0.0020646752560922,-0.291415578605404,0.0307800207375774,-0.12122842535692,-0.0543002653576251,-0.29460057635863,-0.14580455641939,-0.135786968784486,-0.288622279693488,-0.0066325249100619,-0.0408192423017227,-0.221609027993175,-0.242030435681605,-0.404699581804036,-0.117886559911974,-0.227039201654613,-0.245181788970243,-0.149321509817974,0.0049310280105294,-0.0077827235832959,0.106122525415647,-0.177942742331211,-0.133671726176836,0.0521646742308075,-0.308100036285103,-0.0355439040866669,-0.4209146904969,-0.329984477122691,-0.0758883350468303,-0.264389527750135,-0.254188544766171,-0.265343040419014,-0.233356863713061,-0.0763234593277022,-0.190462874843777,-0.274691506433263,0.0086264321806928,0.487010428450423,0.0269604883609974,0.0588708161021774,-0.0854284777063209,-0.0337214938265827,-0.146221395401596,-0.177984131310768,0.0449981880878536,-0.0834230866556642,-0.172762969446073,-0.113751935628877,-0.0838134119655547,-0.291389484630633,-0.177245521039699,-0.0382863307345348,-0.17263669990345,-0.0820249209709501,-0.0600980711087043,-0.140467726171046,-0.0210973960866377,0.094434553611449,0.0281858657000246
0.22886963542336,0.3017081865908,-0.350207028981,0.880310668677318,0.831005556718964,0.518872068819462,-0.0417131956709452,0.217286416070977,0.911144954144842,0.0565796925859753,0.829438788347017,1,0.611780440094249,-0.132071089290213,-0.0907109511480497,-0.0266093431755664,-0.0754894086865522,-0.156546712309398,0.0955384215152488,-0.1693997988086,-0.225856211619639,-0.263432788985634,-0.195165933128178,-0.0488658748360157,-0.186996827234407,0.074166084605271,-0.22261252978505,-0.139325953807982,-0.149031181247971,-0.259715710868867,0.0519251910854493,-0.0449251471012589,-0.201412309607743,-0.222717668724668,-0.201156696858192,0.101573481776269,-0.0982983849754153,-0.166317528492685,-0.293890431624435,-0.0418604048860051,-0.112492562322518,-0.111009023730431,-0.218133006718712,-0.283351329628691,-0.175083447739934,-0.317314079257861,-0.319416428819937,-0.0729535335446026,-0.154288348615569,0.237590997469445,-0.156337027948243,-0.0484981222701962,0.0131752188374116,0.12615141329417,0.147763697489418,0.232733010422087,0.0281983771826618,0.580260061864981,-0.156904560562337,-0.0229135927751738,-0.112750860348949,-0.0744780899763819,-0.0211555107998352,-0.349956837666131,-0.172121297621982,-0.162052410709465,0.0905590600396111,-0.0665405673156124,0.217203483213387,0.0354878978579061,0.3052790678369,-0.018098908739474,0.0645572133288065,0.0034346982081171,0.239635701755421,0.187270983866769,0.212934635127913,0.0367337019807064,0.12333917032175,0.117577331075618,-0.193147805745397,0.260435877326575,0.124565542731782,0.150738096521107,0.250211992696439,0.841102450578475,-0.121839154359377,0.171300710826007,0.659912589888253,0.931135411672259,0.782035479076933,0.108104777096005,0.925872649911639,-0.11923579659332,-0.0872011617747669,-0.111000398795188,0.0057464293876666,-0.173946080448552,0.162404755495047,-0.117028851759311,0.10848206551277,-0.213318154233737,-0.180442581620377,-0.217081024906582,-0.175161822299174,0.134170116400385,-0.167647520129562,-0.340118177658234,-0.0301959635950609,-0.211771153577054,-0.0905293951196611,-0.246944887456676,-0.224571309809896,-0.193635063534423,-0.245694046614845,-0.0491585619164192,0.0393704478436207,-0.18098108530773,-0.228000194443793,-0.391247990089132,-0.161570738924705,-0.401228594050939,-0.346389863022563,-0.237001038678832,0.0055262734315716,-0.0846324412041823,0.0544465082154106,-0.204121723479145,-0.17273764325681,-0.0810897397814193,-0.53925709078649,-0.158493363585408,-0.559167277842183,-0.431181491928929,0.0404136449618075,-0.257028132099025,-0.0699912891026563,-0.244389169235558,-0.218384027666287,-0.028565985299028,-0.402077497574934,-0.272851372057367,0.0954567256063398,0.32854460337734,-0.155354193064222,-0.0073008106769814,-0.254629991714112,0.0096884306655554,-0.126504654784563,-0.391303282691923,0.0802084949242861,-0.110088543191974,-0.1500592471711,-0.156584696682154,-0.05496002577291,-0.353349353048258,-0.181701827788471,-0.0988296497228119,-0.35540414514935,0.0052466582133785,-0.0925624584270008,-0.0037962537278451,-0.015599831177723,0.104737328435995,-0.0310738021965511
0.690098044343974,0.621698842893936,0.160169786241859,0.571435447302267,0.331433322650275,0.341066053742516,0.33151024836858,0.223264525931224,0.448834895616532,0.607069841279086,0.449611011047313,0.611780440094249,1,-0.060919013063024,0.219407850846505,0.11980029469524,-0.0435846393378252,-0.162654715137132,0.187295938023112,0.122737030125272,-0.394004008316745,-0.474039043181055,-0.240685555959704,-0.23120768011611,-0.315391282461072,0.421112592683931,-0.185885310448356,0.472255940661399,-0.137233082296088,-0.412592991807134,0.466938182610174,-0.0786406229544919,-0.305483703090393,-0.153340134338773,-0.178142459360596,0.332952388942252,0.0412342968043066,-0.147113090371455,-0.0799242511861045,-0.204698565484438,-0.0235717630975526,-0.059051853846977,-0.0302654560363475,-0.358745464351075,-0.371739487765484,-0.318726445709901,-0.140609572266032,-0.289223494811259,-0.340435882626693,0.268304421696393,0.210626618099072,0.0050337259025479,0.0719929951845982,-0.0355339116565493,0.250662852212011,0.290528889762867,0.140720088617571,0.41948103927792,-0.0640724103888822,-0.29516424109391,-0.307421564810933,-0.207847683497095,-0.159474465136662,-0.0019994415012813,-0.0883845054856053,-0.375856206763647,-0.233969717212359,-0.244499873944243,-0.0815976941603238,-0.162672645631713,0.0310484249851291,-0.352473612847692,-0.333348936390845,-0.335652013349307,0.142783489488133,0.0192394275345497,-0.132493407487784,-0.129292155513882,-0.158088368195614,-0.169023582101308,-0.252925983196584,0.182255094849888,0.496637817662841,0.386003759904171,0.668678583701899,0.556291564987505,0.326472904601239,0.369413834266154,0.23105482174851,0.460490777249386,0.236466913409056,0.463683236036543,0.505072932217774,0.464132036619469,0.0170962521799922,0.230145046094624,-0.0302850047727655,-0.111366825309839,0.182517148264146,-0.136529088600856,0.211542685441368,-0.273711288570854,-0.317402195586896,-0.0114781591529209,-0.274115180224295,-0.149774236121795,0.0712620230687118,-0.299253080585533,-0.227066708184793,-0.404315132473463,-0.318857930731346,0.170614394395973,-0.0052414710075063,-0.30214394058449,0.163206335609779,-0.26752964706541,0.49467585421054,0.336042149034528,0.027630446977865,-0.103017296631276,0.0579343672600154,-0.223370166430151,0.0487119963891891,-0.188092573915085,0.0707628715736938,-0.237958498338357,-0.0905602147501093,-0.049450980671061,-0.178316443230942,-0.280019732309571,-0.380889748963855,-0.366474944151052,-0.235959933901093,-0.157407105328715,0.261372817799618,-0.0406562114462724,0.181416266175091,-0.0871124953257718,0.113530882774061,0.39029932764237,-0.434361962284816,0.0283477998001133,0.132319832128409,0.386713440850816,-0.072290658987374,-0.0878305488482808,-0.527175876514346,-0.0916442056233995,-0.142895344357216,-0.321780403616699,-0.280503455261494,-0.353692464209615,-0.363410022337851,-0.153463372446941,-0.270178928348337,-0.0306538724314681,-0.19967266436932,-0.337307561561952,-0.397904740170103,-0.309200327068744,-0.377263397413629,-0.121395607536682,0.0221263019933415,-0.0951226063508806,0.0548586024214922
