1,-0.216674363173917,0.113054452485301,-0.308475500071111,0.297731695334117,0.138599111507454,0.0431864498121198,-0.264745533071723,0.439802111875095,0.178039978164784,0.155235798249689,-0.379500936843897,-0.294806229344273,-0.211080451677148,-0.193804379476252,-0.15025497494347,-0.359873075575829,-0.256717036473412,0.0646622115844436,-0.0507413780439913,-0.162882963448887,0.0788974065119488,-0.0380104211983988,0.116946206905501,0.03508591466744,0.272531873565795,0.0945494574031325,0.409543611001213,-0.0140852981762088,0.226055416634685,0.144073365490767,0.45898721449511,0.0529269291226203,0.256078272848257,0.244495841407887,-0.113965873018778,-0.352953702201757,-0.179343515687662,-0.325638862512436,-0.347343812043044,-0.152708897651642,-0.378325505201959,-0.292806726873997,-0.390217780096067,-0.197539337607588,0.00813158841740236,-0.0923810436952319,-0.0660566015190209,-0.0335590987854231,0.180408896515839,0.0853262322347444,0.0842242605218549,-0.0132963035138877,0.300870384413993,0.0480449307561637,0.232841176779646,0.242644857183339,0.204443370497796,0.173667811182699,-0.177312641053776,0.0647213858890369,0.0839238665223957,0.0164962967352999,-0.184370357326972,0.207554176885196,0.00964490133197045,0.225326186769282,-0.186704887786317,0.343801672820775,0.0909330914582376,0.132144544307428,0.265196749797159,0.208513071584369,-0.125199047157375,0.0694171583160699,0.0156947198811081,0.373275869689586,0.628063873185888,0.336217396309481,0.298835977464433,0.191146850870462,0.731065437373524,0.414955013904295,0.727886269358447,-0.225007085269146,-0.442680457802837,-0.0816750695789291,-0.0108144913525263,0.34275977154622,0.0214954997736316,0.255477219821757,-0.0863627072816618,-0.101082866393637,0.29165546251015,-0.129977088678083,-0.175970358930441,-0.238046349456286,-0.127915309659207,-0.176039163861646,-0.422320392583191,-0.00767420844186262,-0.207453278540468,-0.0102131815778164,-0.0699239972738283,-0.124512287236045,-0.0312549946574199,-0.345667662929514,-0.255761629895854,-0.140819546825205,-0.108782630388414,-0.00782364429110894,-0.0026186064888002,-0.0942905288610106,-0.265466368074469,-0.396569352024613,-0.235542919036357,-0.19929362424112,0.25619045622606,-0.00101697620826158,-0.0387893719429785,-0.367099170105976,-0.125869394770271,-0.317264297194329,-0.314273377630178,-0.371254988418846,-0.232612821156265,-0.220938152130924,-0.163367706582186,-0.381246104005475,-0.344556290673989,-0.201686207644012,-0.275989771256235,-0.373847243667526,-0.183964504693518,0.131803855949754,-0.383732652571965,-0.0478210087679568,-0.249712208096886,-0.488143873069705,-0.167534215674961,-0.568602512183359,-0.287368147214145,-0.132878358967896,-0.0782791507223411,0.0288007747484857,0.110205809543133,-0.38531160234649,-0.108683919750288,0.591869935581288,0.129982784693116,0.0689422381149204,1.2468650572907e-05,0.135145855339525,0.0889560205537918,-0.020187605527442,-0.173460349617201,-0.184959611527164,-0.0685118469440004,-0.247891532014492,0.0818319923996275,0.0991182548829655,0.0532424793718846,0.576959917740436,0.331399652562946,-0.141629310052302
-0.216674363173917,1,-0.272545729582264,0.685838107502538,0.135234577128968,0.269656093107013,0.23107207065988,0.481257672834742,0.00228010048163227,-0.120794237500017,0.552391800003386,0.640074782937172,0.398761356191209,0.423848219139131,0.372027288565966,0.305726249625499,0.368645482984547,0.377602890148317,0.295994684823533,0.159558915765868,0.131793127494819,0.103829168514428,-0.0672091890148492,0.0329227705910144,0.130484077571114,-0.263913727584296,-0.25982199553278,-0.235195890569792,-0.088272425508503,-0.215268489457455,-0.0539223219280756,-0.0152975419098042,0.0578205344020805,-0.152100501131029,-0.0354934210090933,-0.0766066535323945,0.358767757619238,-0.00989063210346014,0.0105101699614081,0.267506422995108,0.1838344420062,0.255691637319975,0.166191324346302,0.465492831871853,0.271316526010171,0.085107621506159,0.228613538379161,0.0887283954700102,-0.180002627108908,-0.172757306993937,-0.0426649616726722,-0.10664351716771,-0.0942471129175073,0.0300138354143769,0.0432150051757221,-0.0690159796045179,-0.223168403538168,-0.0258542316133455,-0.089261432362398,-0.176364976747205,-0.28650158959004,-0.183973529415676,-0.340645462829712,-0.00930588363370904,-0.232133635074429,-0.330822846755234,-0.191819464548055,0.0140630968421717,-0.0459785765114191,-0.10203813303208,-0.158430034309253,0.010368140058812,-0.137105960876634,0.125488484480266,-0.125992462557367,-0.0681165524494417,0.0193640000644575,-0.252999285184823,-0.141415090177638,-0.124374028154281,-0.062123996380953,-0.279579724025381,0.0930486612879159,-0.109538436166808,0.701580303100941,0.615713246260598,0.535921755581412,0.226287502786442,0.164902311118399,0.244771753835206,0.143571697187235,0.222330230252463,0.533246406077817,-0.391334983150935,0.334430336558516,0.36863783578593,0.1939326600795,0.265090717644091,0.424099354999603,0.238438969799456,0.324838100922511,0.226242030324832,-0.2514577145233,0.274564851520601,0.0644379395630122,-0.134226693350213,-0.028833107648579,0.114356604583748,0.0453666262384224,0.15353695000488,0.0641398762663789,-0.249613975714668,0.0215350614682068,-0.0561668218633334,-0.0618368006097057,-0.242886762246648,-0.174982808123331,-0.453376323160009,-0.213793580995868,-0.0858831411710764,-0.158924177245455,-0.0244223091107798,0.296531317567147,0.238979354824144,-0.0278261731826079,0.230774190431113,0.349349072354915,-0.0551220059472467,0.28334440794974,0.239824126265866,0.124910720132059,0.189128802446163,0.0504496981141682,-0.0655917278575396,-0.205674091409878,0.0700854380936933,-0.228915605387117,0.241062992565311,-0.0255326767564997,-0.173225037200761,0.302186574924524,0.129973920086354,-0.135994203088277,0.113167070870331,-0.134486724322216,-0.206621489659934,0.321823562707171,-0.201307275370733,-0.327926499104057,-0.298071473208001,-0.135935862950032,-0.509830866322049,-0.3065532028577,-0.113799637798627,-0.40936983384842,0.234733351240335,-0.298529635049363,0.152683528953235,0.192998359815819,-0.175945030271336,0.100287956770939,-0.0982807531076241,-0.214794118980093,-0.287124021390213,-0.0210211699790945
0.113054452485301,-0.272545729582264,1,-0.413732277120095,-0.174033049232871,0.0971849199813147,0.0857232370005925,-0.192639894044249,-0.0669614376897822,0.374114496787622,-0.45079131409792,-0.432978759983593,0.206587627318341,0.0496779120054849,-0.0954411780204141,-0.124594973700298,-0.0498880136026392,-0.204494407377087,-0.0741466804904597,0.0496194579524875,0.102688296530554,-0.252517951266954,0.351118276036399,0.0635951230276659,0.00730472426071181,0.593070227239226,0.513179302086816,0.520025678022753,0.569351147860867,0.539990101939419,0.55999611486491,0.236708403817473,-0.0468355138646777,0.291876096793813,0.182694607502471,0.342752015112756,-0.319409812716564,0.302976530110293,-0.204283920289575,-0.0555677997217947,-0.0305993992342435,-0.145765429491663,-0.179238474190535,-0.160762555232059,-0.0881439512935114,0.0463983009065923,-0.241523233009643,-0.203863098639499,0.0725873155006019,0.223938221755157,0.550300737550861,0.275009902891247,0.0670199643599427,-0.0409655923087404,0.321242641022033,0.322967779067355,0.357289981405772,0.0420723937860765,0.252274755816452,0.181297188452326,-0.216578890099917,-0.439587874674611,0.0444498743230238,-0.201122099062054,-0.280298887851997,-0.0462569436119115,-0.174707057248799,-0.0973527943235186,-0.415006669592358,-0.192585355741101,-0.0800077855531386,-0.378672690950042,-0.292444895012803,-0.0950173522482687,0.0161839905310442,0.0595807834252604,-0.191649997419287,-0.0299494465965425,-0.328704959685252,-0.105428963876666,-0.0915161141687939,0.237998335062784,0.0150196494735871,0.0173116572243995,-0.471095812920063,-0.300655598090116,-0.200609732325559,0.0979346263274696,-0.358794544690887,-0.0188649912937726,-0.329508708818667,-0.0919500026892384,-0.254280219537756,0.546397075330867,-0.135372228328003,-0.311639803806608,0.0702226097476842,-0.0275316385246839,-0.12031800500172,-0.131777586934867,-0.0657250348178491,0.13623742478106,0.36006896470109,-0.213987849235301,0.0966296697454248,0.169734543628198,0.128022083026458,0.245972652717032,-0.0412108239668023,-0.177476497637388,-0.000915259588861378,0.717523354405387,0.0740016407963699,0.345847053887323,0.484162338796398,0.563640644668784,0.426948873222475,0.453867436516555,0.255147467736367,0.315376311755031,0.168370761018263,-0.0230770860114235,-0.33655078462342,-0.0653397617023159,0.196110196853521,-0.250660995714707,-0.00381425802954707,0.262374526671845,-0.0594816581001871,0.0156073416131076,-0.0919476406844101,-0.124267338078244,0.00204254453883689,0.206732704897352,0.202690322360613,0.0660111494141017,0.389971379124179,-0.116027863157796,0.260595535813388,0.448404811473805,-0.10889083415014,0.119314208118539,0.213278882626746,0.0843973733899142,0.253099528714621,0.351989279837516,-0.129602230255528,0.107150521252887,0.1315869343118,-0.109866833097563,-0.224537434879475,-0.127914298315632,-0.0186878755988604,-0.151624789281577,0.0796684159548954,-0.316702463114141,0.0567258945379255,-0.286673729951381,-0.111852829409242,-0.330906719417424,-0.201932114225178,-0.060979862387306,-0.0450556728031901,-0.145714352595989,0.162376736500905
-0.308475500071111,0.685838107502538,-0.413732277120095,1,0.207026336558714,0.238752468465975,0.0955156349877835,0.51025818081438,0.171190166819219,-0.207034944086002,0.585480832973992,0.77848884604164,0.352516474755137,0.442373927127488,0.406612392309701,0.341702508562878,0.516984427972357,0.465419282862787,0.186317381195726,0.252219493082509,0.270150367047883,0.213254864397295,0.0561378284921264,0.260910753095632,0.023414104969412,-0.492999972077607,-0.484367780571014,-0.501153773132705,0.0440234206365166,-0.113480903360835,-0.338709684523961,-0.230112130708015,0.134161078055565,-0.187274682451976,-0.1077757354577,-0.0159773099984618,0.470503018567526,0.114776163900059,0.200676153430831,0.488946345957598,0.463101260423796,0.503329078554305,0.368725021835364,0.648113267672154,0.602492550528762,0.198088173408152,0.442740970567218,0.247765459714311,-0.297239240313468,-0.458807259235422,-0.300339586195355,-0.417217792197611,-0.274617844721728,-0.130656633511972,-0.157489930370878,-0.252840137278897,-0.305837648407884,-0.0863787466216709,-0.182012572261812,-0.0725976121313373,-0.244422023368114,-0.17381867090684,-0.374130828192231,0.0269395934328322,-0.3102376551183,-0.299539833312485,-0.347038734163571,0.144026268248945,0.0488098749302707,-0.161449885080052,-0.174800878449567,0.0933381110940612,-0.0521457661235419,0.469544877592167,-0.149903946539592,-0.185492094391113,-0.129206748501207,-0.279139175223757,-0.2923123300023,-0.336477967043021,-0.148124408170801,-0.4305027203284,-0.111050606495182,-0.097905743858699,0.672631964652745,0.852830141759078,0.527575480789333,0.01142774423859,0.365410466023042,0.394334514809526,0.319066478988537,0.275368984654858,0.630722020924164,-0.59351454434154,0.378639016569617,0.395759463064915,0.332753548612844,0.209821275595489,0.504981362345371,0.470386220032315,0.270056079598172,0.273218922013017,-0.0061505812909219,0.218161195666432,0.33966170483905,0.0316953324596446,0.188816582452811,0.318781237093233,0.363031540159555,-0.00185325216302566,0.121685662277917,-0.371442753124404,0.153834617272843,0.216624629584915,-0.169104145738593,-0.0964650874883746,-0.160355954669156,-0.618111412014527,-0.0153513921349278,-0.208323355142842,-0.011766285526642,0.0349010263150756,0.349233897077459,0.382914637877206,0.0920075188865456,0.477356691015614,0.382233211031479,-0.00760505711596869,0.55177542099565,0.532535153776969,0.265687655202612,0.402135896839226,0.145637602021932,-0.290290904341679,-0.413757780482557,0.312128270514536,-0.533501366979584,0.0151822991493356,-0.181252505491437,-0.287292804099756,0.47890917513319,0.0510717170693953,-0.316937022414313,0.187655807898602,-0.188607297133502,-0.0440305352140526,0.446689482518914,-0.262167207132523,-0.454890579286935,-0.451638743671442,-0.326686706745499,-0.290761373942508,-0.515277760458692,-0.167143932176821,-0.477801927449013,0.363143101263447,-0.184428041602315,0.131899021396927,0.34864786526328,-0.237793066317507,-0.1115460543201,-0.408069988571428,-0.226379543290108,-0.454694155468496,-0.0714845988096378
0.297731695334117,0.135234577128968,-0.174033049232871,0.207026336558714,1,-0.18911980409463,0.110963707285115,0.0463188746524935,0.19852895180719,-0.00308656208696768,0.350724092854334,0.0412559014994842,0.0434057230945991,-0.0306307482805293,0.0111264786343082,0.0276635626447947,0.0658580023754877,0.0451868482636309,0.0917295373883241,-0.106075019942937,0.0245225194739623,0.0206631911535843,0.000722975783657905,0.0915627569018889,-0.283906674049554,-0.0574492097235461,-0.145265099543713,0.0250367706133849,-0.0827840278988107,0.0225403661198439,-0.00112298783796208,0.0381327226952117,-0.0492027398188288,0.116186632192866,0.0208690087969354,-0.174377349470729,-0.110284465546479,-0.110303133944777,-0.234118883525668,-0.0586596103794536,0.233701165273866,0.069435613718751,-0.178261249898819,-0.085935603539604,0.0905997957088291,0.0400175017899325,-0.0106186750877767,0.0346178876044899,-0.00766122726529779,-0.0238803583382428,-0.142316223353228,-0.076438879093505,0.0281952634711218,0.111265145910652,-0.092205996718332,0.0321330553080296,-0.0243198819596417,-0.121641180570281,-0.176397817934391,-0.0946951929318805,0.0152576026368079,0.0762781317198951,-0.0168496361150537,-0.15021937739668,0.204252548246887,0.0695164823733967,0.148283818817139,0.170785646557797,0.168774587262771,0.0163011669464873,0.0504214266502089,0.129711840421843,0.0739127126185786,0.105052316583053,0.173562496315839,0.0529689263926554,0.187400316737592,0.278915913977285,0.254401003897563,0.0183257064912595,0.162315454629933,0.276485667090262,0.174982507573859,0.350309451554311,0.104736289534676,0.0127517391507868,0.00750569223927691,-0.173665711412243,0.3809371388218,-0.177019607373868,0.281396409355435,0.0415188521611912,-0.114831428147626,-0.192010308333433,0.0102911964143952,-0.0247261637055073,0.0609089375234392,0.000818930347397263,0.0925175787581877,-0.00330378569480074,0.0226691013862154,-0.0443707447049055,-0.00948010545211968,-0.135913780040947,0.0509178965476002,-0.0863195517008221,-0.171930286323757,-0.194093212019614,0.0489152378926121,-0.328578619432993,-0.340826907734085,-0.317529008580706,-0.138080163830648,-0.137791842981885,-0.347734767664483,-0.23178803667792,-0.123143104610274,-0.153664352451119,0.00348409515007734,-0.145742365917288,-0.244855363547966,-0.111158273866121,0.018606842193342,-0.134102779975338,-0.288456290828303,-0.080058427713134,-0.0868042302887032,-0.0199699744769343,0.0532774194269456,0.0524727323757729,-0.12999687953651,-0.0974845424069548,-0.120969501195801,-0.129225573908407,-0.0572729701732536,0.0658732003090966,-0.124499107638561,0.0305731293198109,-0.267151049276565,-0.227567508072225,-0.0857076501524846,-0.142436430461333,0.00367902862119537,-0.213298668279349,-0.256585467782698,-0.0935714111866226,0.0259473113381735,0.101521391770198,0.0173584447437541,0.213001373102769,0.16322696198846,0.00831531961263806,0.116296388586731,0.0286655643618958,0.059310780574564,-0.129692049555357,-0.0673709486649009,0.0501233902568487,-0.0474983132756061,0.211016038291962,0.190301587178652,0.0161771723769781,0.191243968836554,0.0604162029829617,-0.241512929524404
0.138599111507454,0.269656093107013,0.0971849199813147,0.238752468465975,-0.18911980409463,1,0.178338266485369,0.221747872685787,0.632287056106603,0.0331085414203741,0.35528816169446,0.244773663520046,0.153409897399967,0.134495431552515,0.18695898868115,0.0399619677065806,-0.0697229007048837,0.0679520380021296,0.294359877827178,0.227187872611057,-0.097122108307329,0.136257850470982,0.0616933780980726,0.279671222355037,0.386624794525654,0.0193280814298996,-0.219268630866814,0.192929730821319,0.073480923836997,0.16278024666569,0.146384570708951,0.327275207577616,0.093869128647848,0.150896078919752,0.213802179308116,-0.0111854036797584,-0.017103585700386,-0.237576268018336,-0.399846570044532,-0.175352453171417,-0.032092842667502,-0.307001406261382,-0.20690799665243,0.155740662010605,-0.00973943201643535,-0.288384025380302,0.220189681145097,-0.0482268352216826,-0.114799585690723,0.0891985621547255,0.224516090942616,-0.0866058461746297,-0.106532301643314,0.45189972215854,-0.1153327171847,0.0887019795299691,0.191330944532723,0.124904628247139,0.0852593461423824,-0.385258363709895,-0.277539906892051,-0.2820105510222,-0.273954364089485,-0.29758505739018,-0.220733840926941,-0.357393150197846,-0.059966182992337,-0.207606185609921,0.255841067017716,-0.322740574059279,-0.257666002456512,0.288755049711003,0.14529002673667,0.197904084238643,-0.0889798271162459,0.121750283719081,0.251003823914138,0.302083875016341,0.0755005887013134,0.0478217776052437,0.0580088101912447,0.203614073112868,0.0431379474954746,0.211356972321935,0.10256337646676,0.214922031107501,0.365377430195932,0.588427531021183,0.284816180227678,0.744278889055448,0.329003280660163,-0.1640000534099,0.416406746540236,-0.0737779826145353,0.0708363772406142,0.0120869304331843,-0.187772418795529,0.00193390034490429,0.0309425773746415,-0.167627819261529,0.211017293238341,-0.130563541207184,0.0349521814945502,0.0645090571212586,0.0866298494011843,-0.0137218991986724,-0.101348166780641,0.125926654607074,-0.00533165955898664,0.192651559492532,0.412532021780034,0.0963320004463772,-0.203391864480667,-0.0718965164090982,-0.0620343015681558,0.118382465808929,-0.1617978272416,-0.0659669757926573,-0.24527350168421,0.118685979471138,-0.408780647457984,-0.350642727202105,-0.309919881504218,-0.150181330799781,-0.00802080861098393,-0.104584708788264,-0.0809886305342114,-0.0598875783113341,-0.24122290220958,-0.12226964325656,-0.347869133294462,-0.027837170699165,-0.461049047402397,-0.133694344548538,0.183716501998606,-0.0679278628637445,-0.244033462012235,0.105005257915348,-0.326378656100187,-0.0546204929871003,-0.176849020155019,0.178655383454565,-0.0940573561522808,0.12743926378591,0.0697016328295141,0.071237111644728,0.156445860202862,-0.346014965051691,0.0293644721124308,-0.357258768001382,-0.0900294182545736,-0.3802643910692,-0.181244181701316,-0.165641521488549,-0.407384998736398,0.05966328716459,-0.487337391242865,0.270519555605526,0.0177410549239434,-0.11824214842461,0.143767918649206,-0.0407087492855987,0.326472976290028,0.119474389893788,0.0711101141144067
0.0431864498121198,0.23107207065988,0.0857232370005925,0.0955156349877835,0.110963707285115,0.178338266485369,1,0.43283068473904,0.182035063329191,0.608850741417488,0.269566724010336,-0.00821835847234002,0.282417415951725,0.0530696158858453,0.0246240564745807,-0.105263522757688,0.0208000506983673,0.274234292621991,0.0525094113249296,-0.0968984466853267,0.0786585094934959,-0.192788150599359,0.326932882209443,0.403862124233648,-0.00287435355444957,-0.152491678071332,-0.0427654035019147,-0.0108779942330357,0.0386725841106352,0.0746423163769641,0.122903383627983,0.216646783574925,0.491656534401071,0.266328282818995,0.147719172560707,0.00165856064005391,0.0797641139257114,0.116878097140583,-0.0585920706417815,0.0259106160094534,-0.151933554321284,-0.0278936571795972,-0.123213302444527,0.181804028218481,0.0209139653256563,0.108785509426045,0.0678233016296687,-0.0759747292640026,0.0617740460839197,0.0797946525034743,-0.123487325092752,-0.0702453305521251,0.266708792369133,0.373960077477552,0.0570714625620916,0.00711037824149431,0.167929127627234,0.0544481339737072,-0.141384739943349,-0.180534842771363,-0.133653130925944,-0.175910506396623,-0.0699596426755035,-0.00511838690598034,0.139738633195111,-0.0232301033283362,0.135887454633612,-0.0857276701095711,-0.0877727756642738,-0.0695349548075861,-0.0643452664698607,-0.0688976906782242,0.0772683972463023,-0.0587238862438758,0.00702574147273662,0.248837132262643,0.14916612884181,0.0435087093998975,0.0778895479014177,-0.152339144544863,0.141091962489617,-0.0479680824189783,0.310086324081024,0.0479408524412847,0.0333284434369437,0.0291283744991214,0.375076620464797,-0.00849812896849707,0.096826099965957,0.0190374857311802,0.149461006753194,0.331185648606813,0.00129304816178209,-0.22733834157442,0.0229839594529984,0.072944002573203,0.0590282551480125,0.150380006798568,0.00774381492268281,-0.0245280787426093,0.0448495027083363,0.00384926162742561,0.288514135727403,-0.147418515145243,0.148482296735715,0.065945818447339,0.065012342032032,0.317208867236572,0.213518666865736,0.0145575416732338,0.00877473288149742,-0.282923104666655,0.456940890063708,0.140052975339436,-0.141432411893204,0.0903682360030942,0.096653993270189,-0.0159496298916729,0.0409935568457722,-0.163766845625503,-0.171628550370605,-0.0735705463953008,0.0381059125062734,0.156577501381597,-0.129375145709189,0.11917923578198,0.0581112870486697,-0.398144783335603,-0.0772215994981568,-0.0512670734960012,-0.0130462482433056,-0.214308693692908,-0.165344077998098,-0.0347391516473511,-0.162044534243056,-0.204310783303493,-0.19925654177788,-0.201315180625674,-0.154607156753552,-0.38197479328832,-0.100103921349596,-0.15850448542765,-0.0997061303633246,-0.153264263620325,-0.215134421411788,-0.147548817535454,-0.295214788340131,-0.132166225073033,-0.115629027422295,-0.0483799035166656,0.0869250586262473,-0.0366628391778841,-0.0733736658173256,-0.0889552333155576,-0.142745712388753,-0.0446160623230487,-0.141845279550016,-0.132487705172602,-0.193317151779801,0.00349614342871935,-0.0847355631263628,-0.0752779638094186,0.00383055151736196,-0.152219308184392,-0.046216001652299
-0.264745533071723,0.481257672834742,-0.192639894044249,0.51025818081438,0.0463188746524935,0.221747872685787,0.43283068473904,1,0.0483332819494828,0.327001263851036,0.327185340380714,0.651399756123746,0.577661330106466,0.23227408715767,0.23033200130859,-0.0194447465471412,0.231087145848317,0.329494455278927,0.0205585384026335,0.00362009476887144,-0.00258907609249522,0.286646244594041,0.053968639193225,0.300307432385559,0.0230932652398666,-0.334747516354498,-0.29585852803823,-0.409069783846274,-0.0788716214139106,-0.162609926055493,-0.23089074452749,-0.124767057806381,0.300386145294393,-0.0269058647519448,-0.0286635361840781,-0.0701388490483768,0.416974186842618,0.0736287479848335,0.147997932154468,0.178533462394331,0.0115287270969046,0.251425569364715,0.0785234904374842,0.4809029435693,0.319418903346279,0.0260151414548258,0.308410785801385,0.206111702288743,-0.379138565475803,-0.380496328926407,-0.358356050729807,-0.294405816868329,-0.199218111995758,-0.0343008221521706,-0.0826414609308519,-0.138132532914639,-0.28527153732042,-0.244804610747324,-0.341911136492802,-0.154782215386601,-0.37473649486241,-0.292451899414987,-0.462072596941688,0.191670553168569,-0.228294899304771,-0.383115657661776,-0.349174752680844,-0.237239624410541,-0.0977458128043337,-0.127962231349868,-0.227763834456352,-0.104953038083823,-0.111533063103409,-0.100747285342881,-0.468864597892483,-0.190439767074976,-0.120166176940785,-0.234965675855881,-0.3540513717357,-0.429505995024825,-0.246572023361095,-0.238846943902759,0.133686792899307,-0.04340708467364,0.492276971923496,0.537349814195905,0.505490936286436,0.072282425150521,0.208452457760199,0.0998994599830792,0.13723129455009,0.661126447705661,0.44127936076935,-0.371945259247176,0.0941138172917518,0.343350913061285,0.0357827667651003,-0.0589698469381335,0.252998001393657,0.228366473701294,0.0198472296917262,0.178430086531064,0.132128520689872,0.220142398289525,0.212118428825506,0.197129335395597,0.20435209276409,0.358461381469015,0.214649770824715,0.214109698383588,0.0958873893547371,-0.261332761308579,0.40050273140453,0.0800615306632213,-0.124746704932774,-0.0746868789226061,-0.0635333854071537,-0.488213238835871,0.00381943659428329,-0.185837950677091,0.0153518231201355,0.233974936463842,0.478098178429308,0.328968036719153,0.05542577317371,0.265962897032435,0.202148640006851,-0.310655404387672,0.240243518304306,0.269644449122841,0.236640784285821,0.171355325293888,0.247120703509299,-0.208037520703106,-0.303369373270591,-0.0224613589686376,-0.381968552538043,0.0952530503688993,-0.0489136566995999,-0.243678038751137,0.411456547182333,-0.0187155925762504,-0.213823610913704,-0.0125026109510413,-0.322305612141241,-0.161351184576591,0.017293082185214,-0.279266550310239,-0.249181789369137,-0.231408210576162,-0.214230464065376,-0.0634983299696108,-0.312129383193425,0.105806696309184,-0.307138137444923,0.324487972558274,-0.09501479841358,-0.0190446128463827,0.0454636432537933,-0.0123696273265918,-0.0760080806103953,-0.282980056284649,-0.148288209897761,-0.313185757361694,-0.160776166034659
0.439802111875095,0.00228010048163227,-0.0669614376897822,0.171190166819219,0.19852895180719,0.632287056106603,0.182035063329191,0.0483332819494828,1,-0.0395161969949973,0.446531300714898,0.156039768085831,-0.114316646512882,0.237402823170804,0.283725044134199,0.236012347388419,0.0346874163992808,0.21748319870898,0.408006577011258,0.388069475023852,0.0627839150270637,0.366387047961386,-0.0326826013531769,0.365594112522883,0.328478823069843,-0.0802746367610675,-0.367389412732816,-0.00780124088627416,-0.0802533744087354,0.128374316371886,-0.0900055173616654,0.134085128254715,0.100320489431068,0.0284568697961874,0.0387154454467522,-0.0257673927488964,0.049270865478387,-0.191491850488501,-0.440393784613969,-0.0441731542341322,0.0370332563649997,-0.13484522959871,-0.232927165405369,-0.142572402824625,0.0206169104251581,-0.192514993368445,0.271057047291575,0.0703145655391532,-0.343892710928125,-0.195994155826613,-0.174475852642096,-0.326692885458262,-0.257557515176324,0.311777060216624,-0.451833860145461,-0.104043905750202,-0.0734098423367917,0.0226167654192169,-0.0208343514715377,-0.199657600327187,-0.0738059612871791,-0.0544294756937618,-0.3402273454575,-0.374731914246863,-0.0400719231546874,-0.352846617584195,0.00474199457255355,-0.0364248719750262,0.653068232317836,-0.194899311004826,-0.313286816945318,0.537555737228422,0.315921515571763,0.247979602464293,-0.150166614953771,-0.104755119739686,0.212223058758612,0.663183549522387,0.3101640898616,-0.0556056512749947,-0.0288607777166768,0.445423774782885,0.300915656674377,0.661761324292515,-0.0763223918176509,0.12298815692432,0.244314914071114,0.202682460283969,0.772668152225528,0.656884509367055,0.768520284148119,-0.232100914583634,0.348521200922372,-0.222362407950807,0.238040230706163,0.11989563525944,-0.0656268612255651,0.108824671494247,0.205559736589129,-0.0606802303060107,0.348272259666401,-0.0781950384164891,0.0641954087897617,0.186250596049872,0.199494312630933,0.0265924032755379,-0.148532750122086,0.0355301270479416,0.138031251207168,0.0248459234423782,0.386790354040563,-0.0910943420416314,-0.0816715741014161,-0.00732355060275184,-0.397940658236041,-0.024560525437897,-0.385229988078682,-0.187097110574455,-0.109243749464238,-0.173235205271989,-0.301556977674241,-0.344216604513843,-0.271069776296053,-0.0215184999955012,0.0374074216995048,0.0915338437011343,0.0361497051100802,-0.0822401305156557,-0.141870933442214,-0.0603352953060845,-0.248910205876184,0.0473852201938594,-0.473512795484378,-0.462921081851601,-0.0655415176182499,-0.173955643647236,-0.410813350196507,-0.274220743997075,-0.577464939245411,-0.219062634866899,-0.420547470057786,-0.285901703850608,-0.383250885514794,-0.0404878364034719,-0.12751111548354,0.286140361781502,-0.0177897391496452,-0.427445992761748,0.213117617580794,-0.295491500401403,-0.0574874264253503,-0.111429545445809,-0.11835051454613,0.0437892430358849,-0.38578857725824,0.170785553493159,-0.306545490290646,0.342972448953322,0.0995291838070141,0.0765118036334666,-0.0338461575100601,-0.187175322150185,0.668277235731633,0.240587960505424,-0.32105798124372
0.178039978164784,-0.120794237500017,0.374114496787622,-0.207034944086002,-0.00308656208696768,0.0331085414203741,0.608850741417488,0.327001263851036,-0.0395161969949973,1,-0.121585881274828,-0.300109662877714,0.293659823949224,-0.191190449506886,-0.231760679079915,-0.348891693718096,-0.143338687620053,-0.0516613751268337,-0.0182128148408316,-0.156665794443819,-0.0110666388656716,0.0285712225515239,0.50312121706472,0.502637843305951,-0.118467879150032,-0.0704989480801688,0.235569984255074,0.219548690831644,0.13825444418193,0.353084508528196,0.295014757800669,0.345485073679919,0.598161445685761,0.427262449369406,0.128805883272265,-0.0526000759658256,-0.251918764723546,0.255739941006154,-0.0442693538648682,-0.151411337026082,-0.130874145147224,-0.107332493742317,-0.199931592716095,0.115846678664927,0.0176092145738785,0.0537089316776003,-0.0480175021193193,-0.319802386472528,0.0213825525740443,0.0400523173962846,0.0274967485201726,-0.0347442359648343,0.0628075522898541,0.132377931095827,0.172869927049377,0.157020915126077,0.241943958732387,-0.037330563235398,-0.0435666768224606,-0.115222274240636,-0.277008448735698,-0.257777916559369,0.015361243455865,0.0257451182548142,-0.00153908007880356,0.0163425749866692,-0.0483837019269833,-0.265958945628475,-0.323779420588471,-0.151698062967609,0.0115021541683075,-0.305373022220726,-0.016551656834033,-0.238787026758484,-0.0372694173706324,0.0978709659536169,-0.0197043208439962,-0.0619238845126239,-0.137672419901851,-0.21448196525536,-0.0178936216765662,0.00761651929092022,0.295102715814315,0.0694165948439415,-0.135018167620064,-0.247013245564292,0.120168853892797,-0.0393646616196156,-0.167869531644803,-0.141447255457704,-0.176331611637548,0.457573434777378,-0.212229526090212,0.328495572988005,-0.238784811759925,-0.139477349060665,-0.0358823562519268,-0.184881190705585,-0.0874725963334546,-0.0780730749863772,-0.0524667638276872,-0.101964346156374,0.521667381402014,-0.15127576241715,0.163728027187849,0.132726989615862,0.143353111077498,0.326560017500994,0.211116266495903,-0.0450847233081478,-0.012241515447478,-0.0489460095032431,0.476959070192426,0.174813037466587,0.0388094447126468,0.218080387888793,0.38259938368246,0.338456217630903,0.399737373934991,0.0524665737227132,-0.0515180199991415,0.10157673848357,-0.0416560247502147,0.0103801643560984,-0.108924874724091,-0.153983597952624,-0.137760659670033,-0.236551545178015,-0.0785929876435742,0.0143736177611687,0.0261496342794382,-0.151135874911469,0.0251189246437527,0.0917968249448922,0.0984233970009449,-0.116569297950238,0.0105599720692054,-0.174361621236691,-0.019155187633808,-0.133364132114627,-0.100184904228933,-0.162821171673483,0.146589885267864,-0.0395802552726822,-0.10685882501821,-0.0658317159014277,-0.380685021478793,0.0900328707225984,0.265421122353143,0.190226759203433,-0.0409410964992398,0.151986624159057,0.0264209999204131,0.116796300679958,0.215163180369329,-0.145857494438676,0.0286897318006174,-0.397969353985079,-0.365941583427604,-0.00412960639384902,-0.106606404089714,-0.0636822002746343,0.00814861082614279,-0.0897050584625263,0.034107127612601
0.155235798249689,0.552391800003386,-0.45079131409792,0.585480832973992,0.350724092854334,0.35528816169446,0.269566724010336,0.327185340380714,0.446531300714898,-0.121585881274828,1,0.472240453605605,0.0488704989576129,0.276689702843372,0.374296605533766,0.2631644506589,0.0981424526314672,0.217897195110817,0.239013996118669,0.197178474483631,0.0541067459159291,0.223230973254607,-0.0199400458486098,0.150521050298243,-0.121755966927838,-0.429498427543005,-0.508052956012343,-0.218779957556058,-0.15237738677328,-0.0466802284550856,-0.355252185183751,0.055998326149289,0.147767752372368,-0.241764307448411,-0.0348762150710461,-0.380471740288398,0.326364045004468,-0.302981292119067,-0.225417233479419,0.103216032619089,0.0231080831527818,-0.00219345179502255,-0.142950311347137,0.238314690494246,0.100882865655555,0.0285797204742095,0.143100473521629,0.0972737417928011,-0.206384729139949,-0.239188975437889,-0.239833359807658,-0.436966671369508,-0.184266446779753,0.189902979665732,-0.400589018024912,-0.329168008423508,-0.318140432604234,0.188001029385039,0.0157358430162547,-0.325907257223479,-0.153636753837842,-0.0452507115324683,-0.354204474858919,-0.210868697719953,-0.0385573528930907,-0.287955622268807,0.0178574433299568,-0.0456342022062068,0.437481203459822,-0.150701046269536,-0.160936116602797,0.4513506758155,0.149740901185503,0.247107635744069,-0.112880975471094,-0.0477953026435511,0.222513701611753,0.299400715115001,0.240972520268103,0.068674404106528,0.141991296849446,0.0402141627663132,0.107074927332581,0.232922846250151,0.383571168697459,0.360641489624146,0.481140719515262,0.0825102242362153,0.557987180307129,0.321453227835465,0.537499640184351,0.103679747949426,0.583401466583197,-0.503804596457444,0.328243137360151,0.427526391597981,-0.0254555432535711,0.232984756494429,0.14273105178307,-0.0565162669341763,0.184056403802974,-0.0574016781242177,-0.0338115518466798,0.181913859380182,-0.0665815099870272,-0.0233433269637258,-0.114465925288381,-0.018930230397777,0.0301552022374327,-0.0445245439004215,-0.0519317580895042,-0.481233252552637,0.0092343054554996,-0.227380697591855,-0.324529222047211,-0.273301041714087,-0.351935277875602,-0.281661389167903,-0.269069322335552,-0.173232978186651,-0.416332646689558,-0.12279745620829,0.215239413267266,0.0744125676867065,-0.285950476364615,0.213782261822894,0.205472336347729,-0.326954829637047,-0.0433150075373308,-0.0740987564882543,-0.0392872571120766,0.0307237161259188,-0.214504251083955,-0.169474327984134,-0.051136584612469,-0.1616196306097,-0.458005054514359,0.082872821625508,-0.3503885102414,-0.486536476216314,0.0628546240320164,-0.0107661593686831,-0.1999853522485,0.189688767744545,-0.0225587946650618,-0.151034245397972,0.18149901837171,-0.308708962337576,0.025267359566142,-0.015910836913104,0.125940110923458,-0.28137117757292,-0.0904410343419758,0.0749932752258117,-0.322005215104549,0.264805353574076,-0.370304449969044,0.408444832321398,0.191306689271983,0.136005355869327,0.313938861022848,-0.0151848326914477,0.322853127864059,0.194566751390177,0.0918716203951605
-0.379500936843897,0.640074782937172,-0.432978759983593,0.77848884604164,0.0412559014994842,0.244773663520046,-0.00821835847234002,0.651399756123746,0.156039768085831,-0.300109662877714,0.472240453605605,1,0.469893892739713,0.464845320509263,0.470885834317152,0.368686028117393,0.423415034214793,0.404413162658606,0.182817061235094,0.298695151696858,0.0476669785511196,0.350325626841661,-0.163222414043242,0.0813863983756179,0.0518235631542722,-0.392451891151189,-0.503142299272909,-0.569402485302466,-0.171976535448276,-0.296876393740934,-0.362627886629997,-0.358166394582518,-0.0203783470175844,-0.394103320620618,-0.199536116098961,-0.112334819852311,0.560850858313153,-0.0653239392125871,0.124986897805247,0.360670746715821,0.239562816542342,0.386758376256534,0.219842331488404,0.516951854961782,0.367388673044923,-0.0312648021781896,0.33886872101981,0.217185493052401,-0.364606027612858,-0.498783121378661,-0.343208757923665,-0.382838873163408,-0.321305768491368,-0.185776794138333,-0.339544336736601,-0.328872167696828,-0.499019775928456,-0.0938019441124582,-0.191292895428038,-0.102856514985824,-0.245717546122999,-0.112616072747041,-0.427264765658194,0.0966378092921869,-0.293350114799935,-0.353099792246594,-0.340172865965509,0.0128805908340901,0.111941910582733,-0.19487499605352,-0.280060469153564,0.17897134999922,-0.102327541361225,0.262300441079039,-0.350084000137422,-0.283881455737644,-0.181548720338673,-0.229477911964614,-0.271081029682794,-0.311880294295444,-0.254312493418825,-0.329030456431369,0.00654934264394559,-0.0522845560170999,0.588123649070096,0.817120839581764,0.490337178048222,0.0228865480356371,0.3572940230141,0.349855847774154,0.358207870184296,0.345458007833511,0.750244891238997,-0.51458850255217,0.345961062994454,0.510270370917973,0.193196975256807,0.0866221093819919,0.400499737587337,0.355029698636712,0.247135707882766,0.248306402452376,-0.175976207535584,0.340316137476884,0.149555021345465,-0.0174842264740395,0.112945814010765,0.197677789245049,0.145419464223831,0.0921876793632305,0.0734796840034495,-0.190441463634177,0.0530099422383552,0.106444878384405,-0.0623624625120193,-0.135449473059607,-0.303725014574413,-0.696431946094398,-0.202463734310594,-0.226572622215056,-0.00269957549128596,0.0381176088681574,0.392550415896319,0.329161864836055,0.153086389716931,0.383157890138322,0.40210835721127,-0.0667488100303786,0.432693209418083,0.365421256130495,0.180118210820008,0.300710352184874,0.215725034106349,-0.234569039851074,-0.362031803091762,0.169554891243991,-0.446897174607292,0.200857532635139,-0.0740126845010011,-0.219452735170369,0.530214997396621,0.12198687674521,-0.337006964354656,0.211926426205144,-0.130684034759811,-0.048050287165828,0.469661551683153,-0.317218011999096,-0.381727656593273,-0.415447487567679,-0.247762367315667,-0.234174506800581,-0.392345577095172,-0.0294935093069673,-0.447300036663476,0.475408208635104,-0.198382753574357,0.34043331955997,0.398975585292865,-0.10548208587825,-0.013757512465638,-0.292739084946449,-0.145393964521978,-0.288382885678951,-0.122867434219052
