1,0.5635950013593,-0.0021882367624918,0.605905652476405,0.499766228515811,0.20418558952482,-0.0005201947422314,0.100415800947307,0.603503594016225,0.367753884090694,0.542730989628536,0.571575255103312,0.640776644018725,0.0240106382573402,-0.0192796462830584,0.0410151574186134,-0.209509375328255,-0.135456538187823,-0.509968860610295,-0.0951547284006125,-0.241478482396056,-0.168276301025391,-0.208556785806097,-0.171831527737564,-0.180776549988626,-0.163603397224862,-0.271050716841632,-0.234099867576811,-0.382423104700082,-0.274361534670568,0.27743957798605,0.0402686945204887,-0.244002495244072,0.125252603417037,-0.0018595901306495,-0.122367082222937,-0.0372416588803362,-0.411289290260994,-0.228907286931269,-0.147378237196048,-0.111513391472052,-0.185553513903688,-0.241100744519506,0.0899553966158296,-0.0349380034489572,0.210852704765076,-0.281162977546679,-0.0324926425642547,-0.132336188908345,-0.234914530181397,-0.349093878635171,0.101752241418003,-0.155229019238747,0.0753671217934172,-0.0365685100446648,0.0151519191748215,0.165348751584745,0.31100632734704,-0.133193234316391,-0.0105107102378495,0.0209717123726683,-0.236797486176213,-0.16604795880579,-0.310353697859521,-0.209031499368294,-0.0036763423588961,-0.071409374965684,0.0367554511264017,0.043995287034996,-0.0664767704573897,-0.0804905443540518,0.210753064145078,0.200363611985452,0.236759679548323,0.103903550203312,0.0681189874062469,0.117834276725934,0.226583157142919,0.0277766480053587,-0.129446341591533,-0.0379910293187267,0.475684019124959,0.308063339973699,0.587576800440382,0.670319013153359,0.627512596977871,0.256476451070045,0.39647405167151,0.6101587338282,0.567585460761747,0.570818745537507,0.300990451668218,0.443764337274677,0.602236224950251,0.353571143810311,0.0095290629166091,-0.00177533512378,-0.174091376592329,0.124491947360163,-0.352925297947168,-0.266015032786548,-0.499536112458085,-0.0864684028530425,-0.43762276251664,0.162547110201732,-0.243156547400961,-0.242835989278921,-0.321042868627536,-0.290012792244622,-0.135822713355517,-0.172772694831835,-0.22459324745246,-0.171746829587841,0.0605412114987026,-0.147221369783546,-0.577177769344475,-0.36019801334836,-0.354138460250445,-0.166971809285205,-0.0024771385176762,-0.0373584834815332,-0.0187479195249028,-0.147200469801726,-0.236219283137722,-0.127843573906751,-0.271542228109976,0.142462358655889,-0.156748628826691,-0.0534794844538311,-0.289129799408358,-0.17134154862015,-0.077162839796974,0.134147819852569,0.0298906184110699,-0.0702495401761662,-0.245137241842074,-0.273937205211246,-0.0535203673271186,-0.0273605997158741,-0.0116900402561632,-0.300003866499489,0.0086061184897601,0.1337861209394,-0.0955815023108413,-0.258151126795674,0.245677127722331,-0.0624535223102732,-0.235276405329502,0.257792107787557,-0.0758017460685525,0.0026064401752629,-0.125759120082171,-0.13462358800475,-0.113277397241479,-0.0521175439469306,-0.28063412452167,-0.217706532341309,-0.256096011329453,-0.181891920129729,0.093037677856038,-0.0931214770467532,0.0887830631029271,0.0853008654754841,0.0265095560273681,0.226576289215986,0.0420578599837811,0.0541455500457266
0.5635950013593,1,0.141469582216943,0.469902583462556,0.150536359464494,0.660147549923251,-0.267400596565774,0.573460309990742,0.574502871264722,0.339625909433881,0.244455203009957,0.416707635858839,0.461502198263933,-0.267928362286835,-0.23307570962131,-0.0830845444931809,-0.317113694390159,-0.170997141815342,-0.167887183464389,-0.0401022046603609,-0.287807676273929,-0.0860536209695645,-0.126618699994754,-0.107927791405684,-0.197514686147882,-0.299463989271803,-0.346062477940633,-0.139019932113308,-0.148800422818146,-0.0044714441732057,0.274408893552431,0.229905425082036,0.0703708716695869,0.183441605817274,0.16389998460137,-0.0933599896034472,-0.391871910698633,-0.370088819933716,-0.191244329158913,-0.300749263154035,-0.306267325104456,-0.269481822520615,-0.128231103824018,-0.0943832793296378,-0.174078108380771,-0.0717181226808041,-0.102893509982643,-0.293851532106628,-0.148199093220383,-0.145009892903349,-0.0058112276219378,0.10156643171744,-0.0906637871742466,-0.0869462400380414,-0.105207515533961,-0.103737786887087,0.0581721204592934,-0.182070059840094,-0.518001569029095,-0.185703511296864,0.194612672275134,-0.274319194394006,-0.231272408605722,-0.332167275581278,-0.226233413757139,-0.283094135300279,-0.146487091278532,0.158623785361109,-0.105358983839995,0.0626594512237892,-0.0081287369907374,0.0752158206367934,0.184353624912919,0.0390715713308517,0.162076303932106,0.186643635151839,0.0977343621104537,-0.0078770201101454,0.0611588612389569,-0.215371813399113,-0.0962012591789499,0.18980629381577,0.432672932577082,0.0456691496953464,0.607053635755949,0.198805488938997,0.266065690618368,0.536506601929821,0.323780710314169,0.358402060588814,0.336098289448827,0.5328658477723,0.446315029522919,0.280580688981009,0.283153435075062,-0.108496372949147,-0.219216121418951,-0.123469121877736,-0.0239176920573405,-0.206948318533138,-0.2475420723219,-0.144345845301805,-0.0400813059991764,-0.183039974517067,-0.0040748993529804,-0.330471615059577,-0.132627504234209,-0.154609899367258,-0.230997326565553,0.0804963386683742,-0.166160991200843,-0.0844253734345194,-0.197957761778838,0.0229244008736056,-0.390561309265245,-0.183793471718423,-0.254943759863462,-0.0159922195457508,-0.292458126209075,0.0670415293320708,-0.0830995505159817,0.0461262611169136,-0.235153973338219,-0.49800281522812,-0.37024404572978,-0.310227321807014,0.0320036683706619,-0.339554642468077,-0.20873785318408,-0.343582227560625,-0.272369674605313,-0.221820100494143,-0.207505886253024,-0.0970994707388985,-0.148576440657158,-0.215850093253304,-0.423154022601112,-0.131395416649527,-0.0263834028329308,-0.11281248316035,-0.373399020066191,-0.306756055097439,-0.122948060054197,-0.254722425989105,-0.272872622076,-0.240851946853491,-0.433990277872498,-0.213611396197725,0.176256846253316,-0.0397344913518403,0.0906927452197293,-0.130081365724536,-0.085166985281721,-0.0301576075166994,0.0237627596537519,-0.36997785542172,-0.206108875358218,-0.264159419226707,-0.0182670231744162,0.149932432957084,-0.305208475008606,0.116334021144304,0.0829401305989384,0.0219620691682004,-0.0171315197999108,0.0164374361458141,-0.21678796198243
-0.0021882367624918,0.141469582216943,1,-0.168903991422955,-0.2013360221974,0.184912872836192,0.207061463574054,-0.0366150767518771,-0.16594851273299,0.171923360889186,-0.318393886518756,-0.212225667993735,-0.124884723521347,-0.0528579714402601,-0.0693360277683156,-0.0936778883629046,-0.141960345104752,-0.097364504666479,0.0619476957888768,-0.0184549790155193,-0.139675710315204,0.0269415258097329,0.112491993157817,0.134548368531612,0.313625212324718,0.517197210528949,0.351838516885016,0.589697909757392,0.195936684940231,0.155557757003742,0.448438860426496,0.280560684755225,0.179800154830421,0.308175390197378,0.338672531290594,0.264323358393489,-0.13169933663444,-0.0306913052688185,0.177153121494069,-0.0702332298387811,-0.221203442034524,-0.187020671769664,-0.032495420823266,-0.201938298892331,-0.19570838279877,0.0291629024994758,-0.0641272116874964,-0.110167803416059,0.224501247334225,0.455399467190825,0.377378471786556,0.207146117295074,0.329838429346644,-0.0717138963704718,0.17826596536443,0.0911707862342475,0.0852248116536697,-0.377977065805038,-0.160161269817911,0.0904149353873599,-0.0521092075320973,-0.223324129387879,-0.175983213882326,0.0015120978912753,-0.112535305428351,-0.115362037644427,-0.100572889604046,-0.127345483110725,-0.320630916992965,-0.0535127844761874,0.0320959944947228,-0.273354041947809,-0.366638471714093,-0.223814026959694,0.0362326887006066,0.0604738697358533,-0.129959739396089,-0.342884738662816,-0.35270240401068,0.0536579244874469,-0.133680106478058,-0.0139097348827569,0.362252100786952,0.0910616779532426,0.0560329294430093,-0.148862417681848,0.14498518546142,-0.121679328251361,-0.248655873596535,-0.135351369876906,-0.117193281929779,0.0879864570709457,-0.227257312589831,-0.285738170753868,0.429398480471439,-0.0360863257910936,-0.0927944992259029,0.0191344575801538,-0.120352161839798,-0.030877199629677,-0.0565140975898927,0.0179814534376519,0.0535539081732665,-0.0429656849651463,-0.270698212473027,-0.209379733533622,0.170180181037548,0.009279436231152,0.125728638064291,0.140409780784029,0.0163044674175324,0.209039916527972,0.273919102366692,0.535078753178124,0.307339947019261,-0.125389585559559,-0.013714049288376,0.0588087768079869,0.167460194926855,0.409949199105283,0.0263106997645702,0.0325245187218379,-0.0961427432974296,-0.0244730518223313,-0.129747513128552,-0.138291166079567,-0.0276465935738989,-0.0202869113229508,-0.114728806514064,-0.170943616789598,-0.246076579738465,-0.272330814284977,-0.0844996466667575,-0.216965557358527,-0.229850577428128,-0.217816456049231,-0.0132323396455847,-0.0143761733430391,0.157354884917602,0.127982365949386,-0.0828252947892601,-0.128460553359773,-0.312261063267555,-0.128763018837099,-0.0703346171130712,-0.224863051195935,-0.238849780682733,0.164896126353983,-0.328961872103166,-0.0762051602430217,0.004339774781077,-0.24796493842319,-0.246161898414894,-0.095640092481554,-0.144949567580315,-0.168013793916095,-0.127101911763807,-0.104996664495443,-0.0061485227807955,-0.253803804050291,-0.281678966957613,-0.2677496913703,-0.172325516527679,-0.222761167966108,-0.226255022131774,-0.300944976606749,-0.0561641479532508
0.605905652476405,0.469902583462556,-0.168903991422955,1,0.578792282028834,0.24915784899334,-0.212003839601718,-0.0226911682608378,0.895250445884132,-0.0125447046705744,0.795711316511772,0.733474302697238,0.828442208428553,0.101806538936092,0.0394148330627836,0.31014337513502,0.101399476672193,0.121789299553944,-0.243968095822019,0.12874930112785,0.156474930383394,-0.223755994003697,0.244401448667968,0.206803848110978,-0.281390633803942,-0.173941728163517,-0.503049416457579,-0.310818705391456,0.0472157181857158,0.0553565743161529,0.463410204736029,0.207650651210292,0.0936318012549125,0.245590369823723,0.114408507681528,0.123672920424344,0.0613021995946649,0.131265204825988,0.190929806034304,0.240563739245897,0.15755830536536,0.237776779324925,0.118368509696851,0.140419389183483,0.342440794469536,0.410070946085827,-0.0442737556893062,0.144600124802393,-0.292125318139211,-0.399371091570465,0.0266885945514149,0.202024402997601,-0.460248410427133,-0.11056863608539,0.118343820147664,-0.0225759319938903,-0.0407636735451058,0.434997393336875,-0.037612717220128,0.0977810088682508,-0.29465697674508,-0.420019848427519,-0.451922953146004,-0.463043991038205,-0.418484083963938,-0.339618089354222,-0.390441961115561,-0.123987797997713,-0.13430564484371,-0.345834878578292,-0.273358390867436,0.004558961864424,-0.025557495999555,0.338545636840029,-0.304345476301161,-0.205100210324257,-0.351624705124633,0.323447584257886,0.0644617570879403,-0.505022823201913,-0.20120873157254,0.336706261666733,0.183806569246503,0.384541693107904,0.492842955745523,0.718969799837689,-0.041996163089536,0.344396058792723,0.708378604130737,0.694507546229761,0.700885704730998,0.171605625122002,0.575188773185626,0.737594793390048,-0.0083170993390081,0.0258469273218341,-0.252410376038759,0.0726109084625232,-0.0157340068753439,-0.167226016997792,0.0027544177537707,-0.241894538690109,0.0140506056930701,-0.22524642863298,0.29367227142998,0.15950241720509,-0.431676028556595,0.140021975228372,-0.333302532926734,0.0049503904390209,0.230884038872801,0.0147850156370158,-0.190174405206891,-0.287320351516712,-0.0956529836624442,-0.0834458065163501,0.057530364639026,0.0222033383431479,0.0752171221093214,0.0537148656526679,0.233238585602128,0.165178373127468,-0.181147291446936,-0.512491141402148,-0.248875164214268,0.265530976968616,0.140179257230029,0.170988849180904,0.134129663587078,-0.155706509022606,0.26988636334407,0.266983720179005,0.475126995220489,0.0385885555405363,0.198720829878132,-0.123812599681773,-0.487483128670359,-0.26461686793976,-0.219312097136973,-0.387798601546588,-0.108525485836222,-0.263844462841676,0.342340265195015,-0.319907041951614,-0.585738522489653,0.255000728721211,-0.182375652954412,-0.0779192814534533,0.0589625743430475,-0.597484884905317,-0.10068791643983,-0.389692278283874,-0.425889286959676,-0.525382228397234,-0.405235980073967,-0.41229473756937,-0.609072778309469,-0.513650249824592,-0.519830283175451,-0.152499392896191,-0.0967335103607553,-0.256955175945585,-0.194274831321721,-0.254978395036908,0.307868355661916,-0.0019069140536922,-0.0122701754693976
0.499766228515811,0.150536359464494,-0.2013360221974,0.578792282028834,1,-0.0018818552073663,0.164462936175491,-0.0802933228246024,0.491495438501956,0.143432968672791,0.629614717164154,0.407486289134461,0.435117817594339,0.0197176203988966,-0.147700166504372,0.0020733851801488,-0.0650430982274692,-0.0310360755348746,-0.349046354107623,0.0582840221908587,-0.095733651912732,-0.326559273001833,-0.113967108970859,-0.0424388549522188,-0.168199056509219,-0.0407808700195843,-0.252030266905853,-0.141776086341034,-0.305198325955708,-0.141255821540467,0.144007120727269,0.076565147858734,-0.342161605786787,0.0843253661147034,-0.0947319767206368,-0.153827821775716,0.0138908855205675,-0.201604848113685,-0.219107793713095,-0.0932044161618025,-0.0890749943926487,-0.0612299304017361,-0.128997893808479,-0.0181307147010823,-0.0764810332723468,0.297121402583126,-0.224679691915475,0.195038976409638,-0.279592998636589,-0.128209253334167,-0.344691356155171,-0.14446680121843,-0.186816324859954,0.212734226519705,-0.150379491630176,0.0359310734632409,0.254184744658283,0.53837270156165,-0.030374368645106,-0.11092361792201,0.0334901901532148,0.0483068868371469,-0.130619632450383,-0.154161041270936,0.0313964215924257,0.0651903714637609,0.145866542910172,-0.187325828955413,0.0627858559037219,-0.249132683458753,-0.255311719929345,0.102422160345044,0.154032780725405,0.0440337409276014,-0.164721876573984,0.0560987605621924,-0.0377751492656267,0.583003249275481,0.351495695514552,-0.0021809299329446,0.340726102345706,0.424727741856203,0.134690540677645,0.410303757795519,0.238675046250229,0.577237301989357,-0.108753615346776,0.120955137463175,0.726167856982803,0.392877509923694,0.557029981396701,0.0185116576020712,0.272957073716583,0.583290080267092,0.0533514527080633,-0.0789948532758458,-0.166394399134697,-0.186529172391016,0.0484431557240161,-0.267649625912324,-0.184431227146935,-0.268216687178601,0.196107009224672,-0.433290974588148,0.27205839316731,-0.0073012292621047,-0.294613457036543,-0.135156012388737,-0.323256572650072,-0.126025267933467,0.018045146940453,-0.17512610097046,-0.0968999438098116,-0.229887776275426,0.0864622256423756,-0.371213082406414,-0.26127617243735,-0.289993228302938,-0.254914374861261,-0.217128046722625,0.0381466882990566,0.0386788898417139,-0.372013716223962,-0.203444260669597,-0.206897088550441,-0.108736853542877,0.0686025723157762,-0.0140247904646845,-0.171809158557177,-0.332582110099808,-0.0330037142902417,-0.0011211861508224,0.211324966064086,-0.232574991158463,-0.205191215204973,-0.106443423651163,-0.104931971544899,-0.415829779164844,-0.307092894413968,-0.129833825450746,-0.2116881939149,-0.216989518750637,0.0656365530451131,-0.125769978284904,-0.296896075436945,0.343246570097649,0.0497577705089865,-0.166466553275313,-0.0706881436514488,-0.39550459861002,0.16384244351686,-0.0379230386615422,-0.0538055269976024,-0.314165173461221,-0.0516049507014135,-0.114658211144303,-0.3465828529082,-0.28492964705226,-0.556631436404788,-0.100059801626549,-0.133177231475514,-0.0582959184424475,0.113559875761726,0.025950828191102,0.514132217194313,0.333714978883841,0.167619396818825
0.20418558952482,0.660147549923251,0.184912872836192,0.24915784899334,-0.0018818552073663,1,-0.336074046484973,0.496131813919656,0.423295033728128,-0.0334562602162523,0.134225102689488,0.363153787471926,0.252594030592437,-0.113840631849519,-0.0416519926765642,-0.0356605382516052,-0.208949385141086,-0.166297136759269,-0.114619805891924,0.045218017567486,-0.238323076780704,-0.282799744602,-0.140847324752815,-0.0547616614864307,0.0183152521049697,-0.0015136153546922,-0.149938441678293,0.0870374108294259,-0.0186804138993435,-0.0721884433612702,0.0830542493542139,0.284346183646705,0.194691215389855,0.107707830579974,0.360014256466049,0.193558307537424,-0.374285572249169,-0.2066210150878,-0.0178836670910316,-0.173250399007434,-0.116138368348587,-0.265405840910165,0.0140141599727092,-0.271641581566893,-0.109149572940928,-0.0282337252310404,0.0198750064762988,-0.302194807683783,0.0184777407144201,0.0648375126432429,0.183910079592445,0.108712589522923,-0.0367955698081511,-0.110330927466008,0.0157056102361329,-0.0200581552656181,0.0511770839485077,-0.150130166413921,-0.305331080438376,0.1333629678568,-0.158007066028672,-0.276078520812585,-0.333572174010177,-0.246554487129338,-0.259014469250992,-0.300448678898814,-0.110443772336986,0.0663018550258699,-0.128429333692875,-0.0954038559639301,-0.0169276681177532,-0.02252161142825,0.0146300076156741,-0.0636484569348709,0.227539708489264,0.188845302701536,-0.0035521412425141,0.0136990304455214,0.0225547370697136,-0.0014956203194873,0.0121063261482431,0.118983971514445,0.192339193790379,-0.003345423662298,0.39125761064602,0.0355945003748543,0.0546137784269201,0.669830534211153,0.236084703013067,0.309385959684565,0.314505097437026,0.179669009848042,0.39706089383939,0.240291755652588,0.0190123199937056,-0.135869097502859,-0.28890830561449,0.0641530573417155,0.0294048392906648,-0.130598554571075,-0.172483081583423,-0.0676936046524338,0.0056528927054929,-0.198162227805759,-0.126170599319144,-0.179283299971021,-0.086396736219388,-0.0794426332492477,-0.271156443413487,0.135165320328048,-0.0812225763652831,0.126692830833862,0.0205586587490978,0.0671275386469777,-0.510497983446979,-0.141610060606802,0.101143764654625,-0.045466474022033,-0.0110819818217019,0.0968570913271972,-0.167313930759302,0.345690091996302,-0.168969521553211,-0.523865462547676,-0.520760492872009,-0.23876713180488,0.0718365985241543,-0.250019640008223,-0.0718211209466451,-0.239669240060639,-0.137609563294909,-0.140359431201695,-0.177167394538733,-0.258788755900212,0.0204586104518806,0.177511892411537,-0.0573950589002488,-0.0695612153704323,-0.0093550319289913,-0.180577089821469,-0.119954497487504,-0.199054715275541,-0.287404917843938,-0.0676431225472037,-0.0775806486120918,-0.145186834088007,-0.231107247559874,-0.0068137607106488,0.253888009887772,-0.107515558178179,0.249844452759095,-0.0368666660872593,0.0912095531182718,-0.188235177611434,0.0828810319928452,-0.278727878718044,-0.325385934795497,-0.33449109732989,-0.0807807563627241,0.125432119516335,-0.244803087062652,-0.0679922485577498,0.0782619407195925,0.0940080296559364,0.0156555424410485,0.0629151797665144,-0.0899747978975077
-0.0005201947422314,-0.267400596565774,0.207061463574054,-0.212003839601718,0.164462936175491,-0.336074046484973,1,-0.0970906395577628,-0.375328224874283,0.423609652131276,-0.142048258274143,-0.288529458490123,0.0123730326810113,-0.026255551633973,-0.0391261736076437,-0.0668534278269897,-0.070759770662993,0.0966363323586665,-0.0525307832143484,0.0818206367217667,-0.167948463700425,0.130400128342484,-0.135415629858185,-0.334411447966015,0.0912658561931751,0.388622930715633,0.529045648736216,0.187009980364426,-0.281487522455135,-0.159629753283523,-0.069758288506565,-0.12583606197379,-0.517464272148196,-0.0146610222494994,-0.254433321887605,-0.0108542673067705,0.338966535825075,-0.109007929779352,-0.323367138326361,-0.28714713531537,-0.0944494277245283,-0.216093385905864,-0.202831453714879,-0.352359203612911,-0.392869988137367,-0.106084608233796,-0.237934323421546,0.239169606138369,0.0771556613961107,0.340631875938144,-0.447372097044947,0.085530126311298,0.333132601580392,0.386858180917323,-0.321884355641268,0.196840587942081,0.295871504882788,0.105941678335947,0.0110870911819268,-0.256440986048911,0.182830192418756,0.611003637923722,0.334719304145493,0.598460161882487,0.69771746433303,0.622856567062526,0.535427460414993,0.0057662183004791,0.247439254023151,0.227607481058192,0.262164996519738,-0.0935617080829979,0.140348640013404,-0.195398591032141,0.18666371831068,0.272227708020384,0.19528365161902,0.244373628713022,0.280843846676877,0.402625311034284,0.471834128077909,0.0455156719474547,-0.218180367255172,0.103105738928816,-0.273429785392511,-0.181761888466552,0.123510250278941,-0.256955980355898,-0.19141699696279,-0.368553376248596,-0.268136593200228,0.0203753920643124,-0.329038517943587,-0.252327098864609,0.144657944407624,0.0639886761189342,0.327365380354848,-0.02858059825038,0.155431418824021,-0.0262880364386898,0.0073674495331755,-0.0595695292092163,0.0313295154476906,-0.0400019188440273,0.144357129443757,-0.219338945194308,0.250212799235855,-0.258675654307014,0.160309943399285,-0.155723298291055,-0.41232637116644,-0.18099533283351,-0.0017030672649167,0.152315026529565,0.558118217131157,-0.182115425171408,-0.366142417233495,-0.383527145881961,-0.260563422636103,-0.23667356652039,-0.253726695127224,-0.284819661794689,-0.0138565619467405,0.317429765260929,0.251693884731779,-0.183940597190273,-0.229771524198105,0.0755237354083284,-0.158983384728417,0.0273237059062789,-0.273349837937933,-0.337574463408862,-0.134547446074684,-0.236223943075552,-0.320544260898869,-0.302066188161711,0.106181960035117,-0.120833323684169,0.227889049972044,0.286097900111093,-0.242012050643686,0.13494739341639,-0.304789446333266,-0.165694710754964,0.0971273022619776,-0.0332468268995741,0.164319398664578,-0.0879914727369144,-0.194364641696002,0.214492877472283,0.1558026276054,0.300648381734466,0.152619448973498,0.10990067386312,0.347703115868766,0.460345553027023,0.311197899551706,0.184523061465906,0.0416218821113481,-0.0405080595070754,-0.163411070385253,0.169489295595245,0.222912676940421,0.140791877413992,0.138637400991198,0.186366772136692,-0.0368186147636526
0.100415800947307,0.573460309990742,-0.0366150767518771,-0.0226911682608378,-0.0802933228246024,0.496131813919656,-0.0970906395577628,1,0.128521968045576,0.235061752796947,-0.143591494217123,0.183961319029903,0.156687979053851,-0.406550210996043,-0.218714362831095,-0.190908603945845,-0.365360235229607,-0.24059105772994,-0.12519340537266,-0.153258106323582,-0.300497312875506,-0.0344868271237068,-0.0424185005197174,-0.0391451885578627,-0.167765241918773,-0.27023514918701,-0.0974375178084515,-0.112453679348634,-0.0883913123645428,0.0842317593944452,-0.0361763538526744,0.284860721814069,0.173844891467186,0.0889906020973782,0.0017153902396518,-0.12773404516999,-0.251087014111309,-0.161535938388691,-0.140916094216506,-0.347593394552243,-0.28791078640674,-0.21890770999609,-0.0132005377225441,-0.0189866512749943,-0.196341984362719,-0.101312875405536,0.0348030520661273,-0.139316130249949,-0.0467325968447113,-0.0287514326677194,0.0123371014451553,-0.232404376437498,0.0201439615912337,-0.0804571738561917,-0.199581743965046,-0.130856994590038,-0.0667497129535724,-0.117251317766722,-0.237655205996367,-0.256059210033829,0.282941327719484,0.141352262399362,-0.0807669441749564,0.004099692002509,0.0848961747679451,-0.080294437890309,-0.0315472101441656,0.209099898602015,0.0290122938078441,0.136313439559078,0.0821299781553056,0.121743846752825,0.163092587678618,-0.0348070896627996,0.0570908331469345,0.0123514339982921,0.028444134580339,-0.0222487257245317,0.230182418313735,-0.022775590770208,0.139811717833487,-0.0653515512309452,0.141608258716824,-0.309336474787691,0.29272657254167,-0.251119298872766,0.325174489701034,0.376041047728578,0.0067010594538807,-0.026534003768553,-0.0817430536657878,0.629436704898484,0.485579700609601,-0.0607071223367096,-0.0237106622994645,-0.0987198037320661,-0.116142822722019,-0.204067666294745,0.153083678010245,-0.20982973672168,-0.260403695651231,-0.110240162545145,-0.332300385117645,-0.281862314237138,-0.241796656222665,-0.290273770765215,-0.228439734228945,-0.166801846915111,-0.324680557279076,-0.0358005814047035,-0.15535126212165,-0.0646536495725733,-0.263687190730603,-0.0174125938781907,-0.162013520555425,-0.0753724927715391,-0.248628385558957,-0.0653720345412275,-0.352450236248545,-0.0487187714174771,-0.0973055970769408,-0.0360180261756216,-0.0881381245600597,-0.0437267573959748,-0.0694310941856307,-0.237725075349588,-0.241499048883501,-0.306077339582089,-0.356767215749298,-0.188665949135036,-0.301821117231144,-0.180915408518686,-0.208233666406825,-0.133358263253801,-0.285748832805078,-0.154865855916728,-0.183362691670635,-0.138580187179647,-0.224568199020178,-0.123115220732093,-0.376147208447807,-0.209389773112157,-0.0741971472623002,-0.33188550752092,-0.16047176689416,-0.142485427608633,-0.106952341244777,-0.387152372561482,0.0837576735970054,-0.0029768301336812,0.0063941383100946,0.0458218246914598,0.0819488650556095,0.232969339881216,0.203944933261681,0.0429800770666434,0.0244414763785655,0.0029156325970265,0.0549048073731196,0.181103498067781,-0.18095420967778,0.186098569764296,-0.0022403000003573,-0.0300983233058433,-0.0188909998504236,0.196565495925268,-0.0304109825559225
0.603503594016225,0.574502871264722,-0.16594851273299,0.895250445884132,0.491495438501956,0.423295033728128,-0.375328224874283,0.128521968045576,1,-0.0301455599153446,0.833099074757602,0.806893886070399,0.732795039411618,0.0430067944988701,0.0543959706191185,0.245107575415832,0.122691944552264,0.103545980961789,-0.130140745504478,0.142481469780039,0.116650182197769,-0.196934329568569,0.190230453951658,0.256432408212898,-0.29566039286835,-0.22992917441747,-0.469907777154326,-0.306329290949725,0.0036084994110614,0.006374740166318,0.461664414780479,0.271974724424096,0.145565610283977,0.319165840535125,0.264216136341436,0.173595711462625,-0.0549144642235058,0.0631502106872797,0.233764631428592,0.207251856994845,0.200630086133224,0.230709656910163,0.135837622802904,0.149803640786494,0.409097070091716,0.452857773176804,-0.0615059174445606,0.0599595506788218,-0.148837369960104,-0.367456142560913,0.0781488962538084,0.184882649857888,-0.476665508908362,-0.308915206238371,0.227270702297555,0.0048006313495022,-0.0402148792220894,0.343275637441515,-0.0855820856515079,0.237264258795816,-0.332875882153374,-0.507024034887614,-0.526932337265374,-0.579520373650101,-0.53200650696185,-0.382947290191878,-0.482179988610244,-0.177359558834685,-0.254746782666035,-0.420835736901418,-0.294681520098503,-0.0743256018262549,-0.128605027120561,0.240942878188498,-0.224986184888591,-0.267816016833142,-0.393714220849109,0.182702889143165,-0.0981681328513211,-0.472770875799749,-0.321426143082652,0.3229938963323,0.296703766529995,0.361345953220011,0.651392722026986,0.736085377977317,0.0757619081271308,0.469478771230354,0.738360390132101,0.833035478785772,0.819395109100647,0.241184376972821,0.701302666770458,0.830456377264308,0.0671857819459969,-0.0844304882060636,-0.355018984239002,0.0161091775373788,0.0035564973355697,-0.0879384998642924,0.0050294026139293,-0.156864465629497,-0.0120821226163578,-0.32873713864756,0.355217508647223,0.186702064415477,-0.404881548460839,0.0699820050386167,-0.373256072938431,0.036612643114788,0.291746047792681,0.0047218626930228,-0.204281999433127,-0.17996053038339,-0.186310751457689,-0.122968759415326,0.105208976554192,-0.0021111412984024,0.147529278829196,0.154823695816893,0.325896387897872,0.29386158228487,-0.0522793052954076,-0.474977988462612,-0.25997568348704,0.179267994591941,0.32728308668575,0.0618123169190466,0.0602175250872743,-0.138356434611894,0.28238547847137,0.368863085638737,0.436446839915125,0.05988827241342,0.290988137120926,-0.0079537734184355,-0.441879630655732,-0.258728704710087,-0.249531585183126,-0.46893655867217,-0.0205382728215539,-0.204669324751236,0.338689141427659,-0.242671307917607,-0.51937098847429,0.233149697133094,-0.22966313467317,-0.0517871694145743,0.0962006657897937,-0.54638330267769,-0.16219288308842,-0.374779046520802,-0.423175516357316,-0.503832602515711,-0.428426762199415,-0.429390682884621,-0.640609825724733,-0.513298796545701,-0.473994472525148,-0.187580784381943,-0.200767555805282,-0.326906222358985,-0.254756538936884,-0.257428231554603,0.201327619318482,-0.0932021969535127,-0.0125419154761358
0.367753884090694,0.339625909433881,0.171923360889186,-0.0125447046705744,0.143432968672791,-0.0334562602162523,0.423609652131276,0.235061752796947,-0.0301455599153446,1,-0.0137226047957654,0.0851354335074474,0.28798858471041,-0.121010084022551,-0.0690098860794481,-0.0458674298088041,-0.159984259121914,-0.0507643303319093,-0.0872615266074981,-0.0028596414592757,-0.41157818315573,0.0359347167979687,-0.319718755910499,-0.421000973903262,-0.091592516239764,-0.0347196215415822,9.7301137481082e-05,-0.0589201668165091,-0.536340976903072,-0.239627224761185,0.0238063976439972,-0.138881202361875,-0.440161204422707,-0.19855681422579,-0.402307620512434,-0.418557509710306,-0.0946803489616852,-0.463628758954117,-0.467294150184937,-0.360704624334915,-0.368065707920413,-0.405213858427096,-0.22653328866409,-0.0551712672426769,-0.411512432444968,-0.31539313892799,-0.184863450469503,0.066804820708004,-0.1208330402699,-0.0056692368045951,-0.49853910044527,-0.15397169165572,0.211053516562366,0.346469556502943,-0.384478206630012,-0.150148348128433,0.0422325815504948,-0.0628867230827234,-0.289073327195412,-0.36883052872382,0.479981660575323,0.309006198716733,0.510229317098006,0.404949077791905,0.291751256654611,0.373148820991381,0.179580053792161,0.371419815372622,0.0687856023968058,0.47281466826918,0.289542577698299,0.150132229086344,0.402969285218107,-0.054615055627183,0.167286293780884,0.11771895340287,0.452180115537504,-0.0124857954101273,0.172754722821689,0.117641111293892,0.216254911813908,0.0597880020611591,0.135660011893258,0.147342002666966,0.320314648594504,0.0993486558406745,0.472645497695207,0.0813965128148584,0.0407220421018404,0.0632047692373252,0.0004330157013437,0.666158119451556,0.133433657254488,-0.0096408735057895,0.650127918672359,0.12132799388572,0.167250900940216,-0.0362420051144242,0.219612347817309,-0.0346086271636954,-0.150435619789463,0.022037030331102,0.0598882606374164,-0.0575963743000292,0.154399806223286,-0.411273308593551,0.304257751909703,-0.309528637734962,0.0870756662262151,0.125804303180646,-0.476271003796775,-0.117666855195324,-0.177751340421182,0.200907091482573,0.147921542627441,-0.265639994754432,-0.550075473701338,-0.214005538146168,-0.406764893809688,0.0440833729197644,-0.26129553869233,-0.571286499757091,-0.0344250204447388,0.0503391160964896,0.071517025006832,-0.41675842685284,-0.0690653654776187,-0.137086309029064,-0.26173044326074,-0.266130494764835,-0.39440622408251,-0.36647658038866,-0.359326679018574,-0.0381482040472032,-0.492434987398051,-0.473957841167451,-0.190686622206696,0.118307519663,0.0830617334979548,0.175261432473656,-0.447834328855529,-0.0318641063080486,-0.164679852823702,-0.154737013533522,-0.143351488541081,-0.110237439676298,-0.100557547257657,-0.17431118786663,-0.0481511729533365,0.333609241563724,-0.0621997220592128,0.0748699047973062,-0.0223914297563435,0.381909869404159,0.323374154617541,0.186363443926658,0.35870579903823,0.388075983252075,0.28261202152262,0.18818114162951,-0.261165725291636,0.401212976144863,0.088832956936966,0.003130887760532,-0.0879457735573671,0.0734650894095232,-0.188354222969515
0.542730989628536,0.244455203009957,-0.318393886518756,0.795711316511772,0.629614717164154,0.134225102689488,-0.142048258274143,-0.143591494217123,0.833099074757602,-0.0137226047957654,1,0.707642432126841,0.625210445784803,0.330567274916181,0.253698119275146,0.306984868489609,0.344914673651509,0.218473572707459,-0.0811162272773632,0.340510843194578,0.270326385356121,-0.193535499710028,0.153996768267159,0.178306448473123,-0.129298751681497,-0.139020073046222,-0.387412921065011,-0.27858244426049,-0.147391598058846,-0.143935388297121,0.368127411984305,0.0853297162225944,-0.0778524542059122,0.143853718509259,0.0806571307641808,0.157964604696251,0.267582437718835,0.136192058245107,0.147043497007079,0.320499776057041,0.32076341552224,0.282004824945356,0.0777605655338367,0.136086163432138,0.43124203234997,0.487939645244302,-0.0297877181651363,0.223982018046577,-0.14924472208129,-0.324009230999252,-0.157926804397158,0.0676696754548264,-0.407453412557647,-0.147128935196527,0.172388601526724,0.0992206919732487,0.0903726390128628,0.52801001436808,0.098753230228825,0.359345122678254,-0.425635534771424,-0.282237594579284,-0.360184806740941,-0.374257195831695,-0.374170065745566,-0.158903387236288,-0.338669854869751,-0.323828576053988,-0.157961830946661,-0.457824018021959,-0.330904695121363,-0.137025581983769,-0.153417198025135,0.110506433334681,-0.253763784884939,-0.270024112722961,-0.372816646194644,0.324696088704815,-0.0397947224327515,-0.321839476213154,-0.237412737739498,0.359097648723281,0.0598205858482601,0.537372012839414,0.419410426288337,0.726425455787119,-0.0905100441997875,0.327935936748049,0.72469463960502,0.710300870829447,0.743056270861091,-0.0091154328646851,0.529808733233558,0.856952736043137,0.0543802309056967,-0.0431298943193082,-0.122683681959471,0.0790099714856656,0.100362531965793,0.0312075911309933,0.11895591912172,-0.0660053676876137,0.19082766043555,-0.243871908446662,0.594174940975831,0.349759688202854,-0.294000474836504,0.0615409122521922,-0.197047583631038,0.0999507756803919,0.322806024478413,0.0810531555169136,-0.0507795844566656,-0.248881058748536,-0.0193308689376817,-0.128387507726119,0.170220019906183,-0.116520837505707,0.221936751318468,0.104994414490971,0.38098787884567,0.252218718497426,0.0519115664210928,-0.268190818973865,-0.0303455976131881,0.285431648693466,0.474988062700967,0.224419563327434,0.23244475137834,0.0037402210929655,0.427759382282948,0.467398124023744,0.52501323723662,0.180156638295085,0.317153862793513,0.0521188878379776,-0.228453155480342,-0.189270129856212,-0.211880749885076,-0.397553384687196,0.116601002058381,0.013803644829425,0.362237077732088,-0.0445860911411144,-0.34089779200115,0.403660943398602,-0.0032652115189618,0.0824375469231311,0.0227314120744912,-0.479998255592131,-0.118850202079932,-0.248910924139995,-0.381912066738431,-0.51940088593401,-0.386712142796695,-0.156921381486897,-0.537839591677481,-0.316675834474319,-0.478856478408777,-0.192967338895263,-0.0504256556572174,-0.321736935484752,-0.20299977003452,-0.198139390506139,0.332027083821166,-0.040186354533139,0.033310643375471
0.571575255103312,0.416707635858839,-0.212225667993735,0.733474302697238,0.407486289134461,0.363153787471926,-0.288529458490123,0.183961319029903,0.806893886070399,0.0851354335074474,0.707642432126841,1,0.817244377018464,0.18757097492395,0.175783726007352,0.167137552544183,0.1000840946735,-0.0082484539431997,-0.325909789743961,0.0453331529138572,0.0531078528893301,-0.365170733032444,0.0771098275976404,0.174251649030885,-0.291202492583492,-0.133956022544407,-0.390322141915182,-0.293158678845479,-0.0740527461042555,-0.0894161106762202,0.308049690221124,0.278445434249577,0.14443511423088,0.10869169438517,0.0997875824308477,0.129395195666704,0.103786758221572,0.107909963135483,0.259082475553206,0.248401793104805,0.232237031125579,0.125812722780343,0.231793214231096,0.288594295322098,0.372443128501943,0.413038690854506,-0.0783303938175712,0.167205868250154,-0.0607412597837351,-0.36916398716389,0.0263065946789015,0.0230614042471673,-0.336453549409282,-0.0573629217632864,0.306537357538866,0.0068952685216804,-0.113971512834972,0.524617810717599,0.183564944912246,0.277199429385516,-0.294700391705808,-0.349115906159653,-0.344597464261864,-0.363835779907715,-0.503490360074116,-0.283377082530421,-0.401633627363707,-0.123420304972101,-0.054787882008437,-0.33499557235219,-0.183029243865736,0.13214635835635,-0.0537879333956061,0.296091767752472,-0.156833558098285,-0.253082757253457,-0.362279422130226,0.239694954934291,-0.0343445449958276,-0.311054161164302,-0.238022982672847,0.25729056580488,0.144382716847153,0.407287299157841,0.645119668291188,0.76514030753794,0.0483070882421692,0.475455440137952,0.7568412786462,0.88184284187881,0.794278435011597,0.26326798997613,0.87208111040054,0.865349617537686,0.0488340973462973,-0.0868125133824644,-0.207220484872846,-0.104953863038242,-0.0767020317106892,-0.254946116179266,-0.110944078410152,-0.274566078419125,-0.100146139987464,-0.48523691915662,0.154699796400726,0.041540763298673,-0.528006709881466,-0.188146328161759,-0.524107344244811,-0.107778794134293,0.132745515073641,0.0881059065374206,-0.277602610161629,-0.308843854720651,-0.109087071708078,-0.291259552185126,0.0609367672704916,-0.178412456787099,0.144104936925668,0.0816376126865267,0.203128182368279,0.170049378907167,-0.017992007732743,-0.315211736611266,-0.111594029279658,0.107194228358688,0.173355905490339,0.0877054203579909,0.037896622105417,-0.0643632162084159,0.20697538897596,0.267502026353149,0.459361730577561,0.0261247291762456,0.284740448620614,0.0243392348283892,-0.283398175499721,-0.0579162310148125,-0.28495811595295,-0.383229769845688,-0.0161466598793261,-0.0454827138062922,0.400230605200584,-0.122164722650705,-0.40097558848221,0.466543679452188,0.0112240922974591,-0.142431723297884,0.112118798971202,-0.500398259957938,-0.196438084385786,-0.326236290615449,-0.30251787850823,-0.439751855298935,-0.433009287497522,-0.254327270172749,-0.548817986203042,-0.309537010759859,-0.393193763628185,-0.0914924240065516,0.011919704315458,-0.248235747339241,-0.252645211407986,-0.275756995234653,0.244761001583492,0.0251242307787361,0.208839542071558
