1,0.396964805200352,0.421927770169096,0.487034700595172,0.46090277707819,0.0763502908625543,0.510258928512303,-0.030125314465556,0.616295393984518,0.463048290790144,0.668565668158446,0.382379377661003,0.405311216230186,0.175489011306667,0.0087678533087602,-0.0160117127394462,-0.0477929498135925,-0.216133295695067,-0.303611245530696,0.10753991146089,0.136353329242639,-0.0062799004220449,0.030836578710322,0.102558034776398,-0.0193945222704987,0.41992389212471,0.0547328962544967,0.567906608839746,-0.136959094374271,-0.14648144217336,-0.0661522062634371,0.255085061738164,0.0208067347788075,0.234688942828226,0.196577097750871,0.358661733967315,0.231182038918359,0.0912087816464529,0.123609193000618,0.260675141649312,0.21497603563407,0.400168302496052,0.161978973783645,0.0570179611551319,0.53305524645813,0.390287216870799,-0.0109934335498473,-0.128567296690341,-0.464192361823386,-0.341970215633115,0.149458767123993,0.0944361536660698,-0.495485503473801,-0.279353766234426,-0.179115817082945,-0.353233398687862,-0.358366353566591,0.553143673235636,0.0432429629637014,0.36903048125294,-0.379962271387209,-0.280944908165213,-0.405452854106706,-0.277771963665849,0.355850639338991,-0.398802756435905,-0.49736751609858,-0.15311578299709,-0.138738198454038,-0.0058021991688888,-0.280049475945925,-0.000318297943345,-0.188755825148905,0.38632261986765,-0.33197398195206,-0.32925691902703,-0.149666228299703,0.233826896847301,-0.403300503209574,-0.289372651940818,0.161455853163713,0.440924750135711,0.37348306711522,0.778521978304309,0.435074149409621,0.545011636914692,0.262513535497576,-0.110331412259768,0.575659156671968,0.527118467538867,0.606968782494681,0.483285482328925,0.56809987024397,0.506859735086484,0.035057020167245,0.0216705097653921,-0.0187504581628264,-0.011862211053991,0.159220804641344,-0.20162194160014,-0.311734423586811,0.359909393495782,-0.150429569713491,0.078438968841701,-0.0184313080081301,-0.143178796467687,0.0985284523730556,0.0363827897711643,0.133548887856673,-0.0272690450847199,-0.0574934648221478,0.266903641570819,0.323650649740996,0.0684225509135001,-0.186826856770888,0.125364998553045,-0.291850677682026,0.130536284776105,0.451369278348914,0.244075077927064,-0.0526703714908723,0.02730204380263,0.112645853286634,0.365068478831528,0.30246774759967,0.203977133618281,0.35192028628239,0.247168118524371,0.324166691257817,0.506782484714001,0.408806711799815,0.200758419540955,-0.0334152252060964,-0.367094200755151,-0.484306384953744,0.118191355301452,-0.666270632513958,-0.183430504990515,-0.213969045263386,-0.0809401443950144,-0.0522751184446111,0.0560759304656114,-0.304126791089748,0.490760494626635,0.0066212654411826,0.433237806836305,0.245530673453728,-0.344723275761059,0.39288981972171,-0.349960043546687,-0.62602461018741,-0.279633968721796,-0.558831727275479,0.0099260279384406,-0.513878198282174,-0.216790599131001,-0.284195400213664,0.0490177899569011,0.424870838735601,-0.366670339884924,-0.0660792877739762,-0.260111552900433,0.153525761908317,-0.411899614556206,0.216769292788119
0.396964805200352,1,0.802330291266252,0.547262003121674,0.0141073165588169,0.488932053877338,0.425027509264893,0.200548839941159,0.483270701280225,0.651978492845721,0.393037334326137,0.409385790244133,0.519284789678226,-0.186502120251975,-0.337414744178539,-0.373004485540497,-0.467164660847822,-0.482582408851169,-0.407556303894682,-0.253881234843421,-0.311560064287274,-0.0962108639541057,-0.183306931737403,-0.27827481900514,-0.192343893153318,0.573747905593837,0.437429805671889,0.565233984938663,-0.35469081926583,-0.258828026821369,0.175909874204095,0.173694562286072,-0.0446891668977874,-0.0814198615745734,-0.021450990746023,-0.0462611322779018,-0.266013434955415,-0.324622602104814,0.353217421004569,-0.0981698452876283,0.225531477126629,-0.200465959369175,-0.12352156875935,0.143622617868686,0.116351415096131,-0.0048117716895264,-0.424849453570226,-0.437903226551371,0.123592871184547,-0.0393373894726416,0.418205101268372,0.192205785919294,0.043118588291913,0.0915086281113844,0.136020847730839,-0.107491243556584,-0.0421894590162105,0.432803742291141,0.357892946742422,0.0616170143259731,-0.101757335171791,-0.28215680308741,-0.0018239998816878,-0.0956004439950644,0.185795910756216,0.0238411687963174,-0.371132448063144,0.0289240807174126,-0.44066521675175,-0.25793942476199,0.0121687022025683,-0.215193080092262,-0.426194378155468,0.204141434852445,-0.0404604709678775,0.137435709475086,-0.119776856169055,-0.171946147014987,-0.239723731218777,-0.099751616420164,0.32728614164968,-0.14188869647279,0.372629778157979,0.166859629265581,0.716422292475364,0.524873002304792,0.328623825504126,-0.0166547235183638,0.0953935326490594,0.548855704261138,0.22304615146676,0.584912998882041,0.504664200472299,0.569525500520959,-0.231812943150752,-0.316559721137055,-0.314614564715002,-0.430254698852238,-0.361317918181259,-0.383631868238847,-0.38703241379867,-0.18451869886742,-0.150871322257164,-0.134827097693582,-0.435939972875394,-0.314610426577174,-0.217201172952152,-0.160905134215693,-0.414179508311416,-0.176469289222084,-0.298867919118671,0.596820447236395,0.121636280494447,-0.311246309958507,0.335365771449427,0.110290848122506,0.376235899761527,0.565818226800517,-0.177543119339123,0.130807461495231,-0.0243760596819345,0.299237402305152,-0.134390667790571,-0.030632553708663,-0.23921493853368,-0.008256747433046,-0.0968830770119537,0.18714334983249,0.03598661273012,0.0279622685216905,-0.0603251605400523,-0.234197262820217,0.400601770178236,0.278066674606374,-0.0267986971547331,0.176514554267382,-0.0516542559046567,0.0566561361655958,0.248186524469596,0.047347083760454,0.126233635099929,0.263148845184923,0.231132790309137,0.678876499448601,0.357767570332965,0.0067822333089108,0.236834283826135,0.0362426233224995,0.0986795556234144,0.216198079822909,-0.150098335423782,-0.0722282618043368,-0.245477615205536,-0.188870041821845,-0.027177798104839,0.0195342642798021,-0.0246261836418155,0.0574425591198832,0.058742775383246,-0.30822685419963,-0.101892151062941,-0.221476327623698,-0.22043386983997,-0.0873430993794186,0.304981514060536
0.421927770169096,0.802330291266252,1,0.459694311755079,0.0342913414872562,0.450825059419476,0.57540590206821,0.390504768405752,0.395312333655092,0.825938387713715,0.290390912927801,0.465087814209406,0.699523784368579,-0.201086605193118,-0.408863272751476,-0.444416330841888,-0.512105337440635,-0.535831959646347,-0.312376452526956,-0.202041954191917,-0.22925098324273,-0.136110386515329,-0.155560641827282,-0.147380015186017,-0.113015922452964,0.690291937748339,0.496162046100324,0.735257260491906,-0.339055320761472,-0.28684292864971,0.286536358372701,0.273798759582288,0.0733735041117125,-0.270793158337926,0.203719593345698,-0.0135560559909496,-0.328993705396902,-0.294141098312139,0.120320720695227,-0.0987698951676508,-0.0276238266650939,-0.199519966332784,-0.189206728246738,0.256389233521089,0.0755596069575021,0.0419778144390359,-0.367737583705025,-0.350199450610855,-0.0865810276727831,-0.0235514138321534,0.309651285306531,0.253525308289098,-0.200056354446318,0.0765240281860489,0.013242968512507,-0.453536251922977,-0.384732901377846,0.403456694727964,0.299204018386991,0.0961554942869847,-0.186677425589591,-0.395759343773983,-0.323505231179414,-0.322229054538338,0.0485606418235575,-0.196469540833322,-0.444614293521813,-0.086274164610801,-0.267183946513248,-0.258946603045797,-0.271880618812048,-0.138513563902967,-0.229678408284224,0.204459443991071,-0.285434895900425,-0.0904018343334465,-0.0491589418589663,0.0410330751564546,-0.301762112222292,-0.1063990813996,0.255932232528523,0.0812569164728846,0.425923242434462,0.281572813047809,0.628339902148088,0.442326492647583,0.40946381826919,0.0645423419849403,0.230519930196103,0.431006726336172,0.277404588551042,0.706761279690285,0.375383394021383,0.687107134681827,-0.324051095272862,-0.338308689312768,-0.328729260504082,-0.392660707079023,-0.368958694290389,-0.378499760133206,-0.321250909758991,-0.11361872621469,-0.164489388089403,-0.12322734474354,-0.299956931096257,-0.31109220929535,-0.170545492606038,-0.15320516103681,-0.256800211330186,-0.126462919706203,-0.222296771996213,0.569157968626693,0.171322200987957,-0.373860334934877,0.0415371610809484,-0.0501009981277486,0.13184339522115,0.524478256233142,-0.145172185383563,0.100318864775511,-0.286682480729987,0.130884396351164,-0.203627763767265,-0.0459354594608663,-0.23820707120199,-0.0278351819445658,-0.101326704900709,-0.0461580184094994,-0.0600923387142134,0.0347895343797378,-0.0098813252287829,-0.229646049094366,0.206771441622972,0.0158232661010355,-0.176173492356947,0.0869556677658426,-0.20165558709905,-0.0231862600126308,0.0431104271867092,-0.200517542766584,0.0551854731259305,0.134368241451292,-0.0309490310497102,0.591582458705995,0.266755941779801,0.0934784301411312,0.113327708981519,-0.200115845298749,0.192478974041165,-0.0275323962621341,-0.32341271013377,-0.0995136175560789,-0.294744056462448,-0.156704081892397,-0.237441957641899,-0.147595789997899,-0.189184047378269,0.111126394672139,0.181965603652666,-0.225223574360782,-0.0315257441561374,-0.212980617414011,-0.0679299736730819,-0.188379753890125,0.255366764730734
0.487034700595172,0.547262003121674,0.459694311755079,1,0.299192539814968,0.392734531318609,0.287404797103621,-0.0942370639116391,0.930943457577073,0.397250476219854,0.767095729273403,0.823156758384413,0.605488345056296,-0.181947513620081,-0.135405142883862,0.0084434806273378,0.0070361595710944,-0.0754664144260151,-0.0792644776276419,-0.0019244705456354,-0.0127754207697133,0.044339295973695,-0.0286648104575628,-0.147830016167728,0.140440211129576,0.292393087560919,0.131679195795724,0.511852564108877,-0.095441793669787,-0.11867621832197,-0.0511366424710016,0.0588287952566133,-0.0205809620082048,-0.0199459789759489,-0.302742140082187,0.031716945090073,-0.0650412566057542,0.0069107196866384,0.125237392908421,-0.062895044952814,0.143461206448409,0.15883048760324,-0.061978066905386,-0.136105505707014,0.0721596357541311,0.0164213104275634,-0.0227061656231952,-0.21630234878512,-0.199214206226244,-0.365582916424384,0.0187664247674489,-0.0379009691288363,-0.196471335265294,-0.374053417331871,-0.311973708320174,-0.202234380912636,-0.20374227028547,0.750772142369529,0.0237010586551458,-0.210034289175698,-0.158277843432362,-0.272325039376942,-0.0321340710125262,0.022564308974762,0.0999636859092752,0.0238691239899063,-0.515498023179124,-5.02978777411972e-06,-0.40973753663597,-0.139890783215584,0.0414813848746167,-0.14632375075073,-0.512670245939828,-0.0988034273390306,-0.260755490752066,-0.133921546095105,-0.509071496227294,-0.209449109302969,-0.283023342762113,-0.404344904441187,-0.0749459030571536,-0.337654342859459,0.167520307108761,0.0523557203170729,0.568906448590689,0.821814237160041,0.172996790988722,0.130507177325087,0.489699719057321,0.861836374365352,0.579652392121055,0.425910834321224,0.852914790365677,0.445017703373769,-0.0044631537444453,-0.113254870897846,0.153772453372427,-0.0124675863058119,0.143265241837485,0.0512597744300374,-0.0362121239469907,-0.0216314054644792,0.110004482739749,0.176610257750159,-0.0345362495505331,-0.0170454109859706,0.264501592956465,0.196562989662283,0.005230564366495,0.133310102821805,0.0768944234169161,0.149009249852742,0.140717581098752,0.174307215578368,0.0425408327448365,0.118249960570961,0.0328799792806726,0.305703856819922,0.0698669551324577,-0.124397877955014,-0.0272635123960906,0.0006075320966124,-0.142136645586101,0.0656775094392272,0.0215253945478988,-0.201460890471001,-0.0581014661288569,0.086036694127976,0.0459743112071391,-0.004463343177496,0.028632205650814,-0.109351786360932,0.0363656979995617,0.0474257653857845,-0.304675662423385,0.0677715293109546,-0.212456570384284,-0.163115991307025,0.0292183821846649,-0.0634714303227953,-0.0098234801939844,0.0379926508398366,-0.0746950255821226,0.628599159496984,-0.0302436618607469,-0.1926399844701,-0.0634153956841623,-0.205391795663658,-0.062669521738231,-0.0364713016162169,-0.325036694280728,-0.190614419923169,-0.43213282712574,-0.287039181283856,-0.11603234375632,-0.0064123613507896,-0.0656856003799221,-0.0707447396551235,-0.0932933437173634,-0.488343486468449,-0.320282575345179,-0.408954047510892,-0.390027601806787,-0.296764669313652,0.0501196936388299
0.46090277707819,0.0141073165588169,0.0342913414872562,0.299192539814968,1,-0.051962475366544,0.334363351531501,-0.0995254965577415,0.368880989138452,0.0414409935038224,0.510843848962626,0.330205048970511,0.196938350566835,0.252071492823703,0.223538500161126,0.140021538557828,0.108835526239902,-0.0676910609648464,-0.0822777606103989,0.220694108702445,0.173323088887434,0.101506454791271,-0.124454816574908,-0.131551356478693,0.0999565777079515,-0.0523645818045636,-0.0084938886622799,0.174556684110596,-0.0514080736346,-0.236029057225869,-0.229520338749582,-0.0573438305564973,-0.173055247892141,0.0119656756412269,-0.121256180577395,0.162949200719571,0.332326576179875,0.114717436900321,0.0556543306198444,0.305704071137943,0.271382042895184,0.385603346665289,0.1581937453265,-0.0193965269518777,0.302796689614366,0.244441805846395,0.0689226321632153,-0.125553891806512,-0.36237773391213,-0.320803732588618,-0.164002214632833,0.109819124616113,-0.155537769951846,-0.345666173013776,-0.0403074521907003,-0.139879785593524,-0.189282212462157,0.33785249421688,-0.21055258895635,0.169582464623754,-0.19487749459328,-0.0188166383536786,-0.122034478250112,0.0675278709932325,0.333445537247169,-0.260288267415188,-0.41743473840079,-0.19113115567266,-0.251238929537258,0.0059616225636557,-0.0635954691711843,-0.174626392090358,-0.278648804081412,0.160056764997258,-0.271091568657007,-0.257680551694344,-0.332890458257764,0.0320771880121267,-0.483916420931963,-0.45989214872639,-0.129564860230616,0.112990367680623,0.0374659446281295,0.452963342520396,0.142111803872567,0.403467564654458,0.237581199378639,0.0774405625087011,0.723580280789197,0.26236486763119,0.586401946445325,0.178900067571697,0.444294764271203,0.043648258584683,0.190252889767038,0.200291323403509,0.054367564329725,0.219966270294349,0.27780703554949,-0.0025862020273761,-0.0752829030132494,0.26442736882783,-0.0235845790057392,0.246484919597821,0.0807647938272079,-0.0502977601856867,-0.0177081051739198,0.11838322976226,0.10176811854101,0.10595351259515,0.096502567003545,-0.0398390867701947,0.340099694052605,0.113780084283238,-0.0575195460764703,-0.109161789530649,-0.163969504318925,0.0501705785636118,0.209849522696635,0.118144634584217,0.157376532123174,0.212046373767059,0.200299474892224,0.336684664982503,0.214103979778885,0.106188892687411,0.248496589942878,0.269129520117346,0.394669685055094,0.279377789342621,0.23384148793417,0.25862303405433,-0.0093422040130982,-0.155066570628382,-0.232422409914559,0.0883487650104177,-0.377807593143268,0.0366978029562553,-0.0018985448999161,0.0169991263537571,-0.0223725749305022,0.10780268716135,-0.0998651430421264,0.220818010259434,-0.283260285753851,0.200892694505604,0.0464132094305699,-0.129994721342353,0.0356953693771943,-0.144260471076222,-0.354419574999427,-0.0771356280016563,-0.257815597924457,0.217961957478581,-0.229072198312688,0.131799807110447,-0.170262919850379,-0.127584343959739,0.0546883814003334,-0.265269994810145,-0.0124752916396372,-0.0917995903220086,0.0998023942137428,-0.374077998237202,0.0707543543114675
0.0763502908625543,0.488932053877338,0.450825059419476,0.392734531318609,-0.051962475366544,1,0.0986501721224433,0.518691510204403,0.351524753962967,0.365452383569554,0.0573938623834947,0.4586906923222,0.393929595096245,-0.209804769905882,-0.293003296961483,-0.209077843508334,-0.272078865324027,-0.256507843828633,-0.0973998007600361,-0.213083080791446,-0.122402041389921,-0.0682569576852057,0.170880326093703,0.0789554015876094,0.0533874650718854,0.366954280776946,0.221380226137576,0.405824644668333,-0.0182262901409006,-0.0019599821844938,0.253601726812829,0.413002092350605,0.339632733086054,-0.227680714823879,0.251918497203116,-0.147486738918024,-0.413089535095099,0.0584528662093078,0.123884848168479,-0.175599200393453,-0.21226858848211,-0.0711122980350624,-0.155470179818336,0.247031991016912,-0.0919190206927674,0.0735429994535718,-0.218502693340159,-0.179687382106881,-0.0780695442555905,0.0721768930606978,0.245521470403244,0.272140041176997,-0.184867764759268,0.0827409184448918,0.079356384816664,-0.25734843929412,-0.227017468794638,0.193395304539381,0.0992762516530973,-0.0565757185798165,-0.371602930012242,-0.544733269071306,-0.323184421364801,-0.44095082574102,-0.251929434264865,-0.242078718530636,-0.167878956860049,-0.210863756860919,-0.0708803296886591,-0.158368533230036,-0.281275692218931,-0.063592682525831,0.205587644678717,-0.11920645202111,-0.270141276624422,-0.0692500501480224,0.14966598400678,0.138730819541572,-0.0082917473131681,-0.0269441468052286,0.134845292061531,-0.0743873762086297,-0.157243080437367,0.0405211445404179,0.0224078378396932,0.191776696468225,-0.125765807190271,0.229064851358677,0.0549334971062323,0.338934368034883,0.0612029103827685,0.238206366703712,0.272580435424448,0.380197261976764,-0.343833182767461,-0.356848280393851,-0.211958651439608,-0.299878121807242,-0.277317500932559,-0.216596756476524,-0.0479048390641441,-0.146801699830838,-0.0358733509820629,-0.0461394605352183,-0.207716470208512,-0.0487013266409013,0.111362818496669,-0.0730153460490188,-0.0860199963044362,0.0791658519485269,-0.0225378263197197,-0.0076328585820578,-0.182749124401326,-0.178470368596565,-0.0084278886499059,-0.0185916664157158,0.0444826500208448,0.220503895107907,-0.0975870910624624,0.0628284268334571,-0.449326903381395,-0.311210075970252,-0.597701374387728,-0.123545230815954,-0.210751812374683,-0.178868407765536,-0.11290352216265,-0.37666791135258,-0.217192339989983,-0.165671999143355,0.0991954000657327,-0.416370968001746,-0.196990345154135,-0.0480137135498055,0.0110074516609001,-0.312620937152488,-0.0971863053698684,-0.164085525786822,-0.208337803095452,-0.2702505028227,-0.069144125920523,0.124423295084125,-0.179587885813475,0.127587564841168,0.0376589184296834,-0.100737954076095,-0.184593898700438,-0.30023917583773,0.0806606241302195,-0.242986148126025,-0.15587822518185,-0.491780947791286,-0.39664053196907,-0.591540846666038,-0.278352270696985,-0.493659811966858,-0.366604358443862,-0.148816781961885,-0.122856314000105,-0.180956775242133,0.0356381694747557,-0.0986385973173958,-0.0798471381662535,-0.10804632808017,0.154641516701628
0.510258928512303,0.425027509264893,0.57540590206821,0.287404797103621,0.334363351531501,0.0986501721224433,1,-0.0112417164441746,0.284892872729908,0.612654373776932,0.45125653189924,0.408854510789076,0.47047857976616,0.208595447004532,-0.0498874214929073,-0.0288536670530739,-0.156439794307333,-0.194947536800463,-0.0920908444962503,0.101237057636136,0.0567412206586041,0.0819385248275923,-0.0527408379289564,-0.0942504800060973,0.0653799093595994,0.281295511130211,0.380540107459851,0.491604398457504,-0.182731795002288,-0.229866967556355,0.0080557594775927,0.166268551703726,-0.0155554364263741,3.36330059236122e-05,0.0467926700391946,0.107706282284174,0.275819373755559,0.0005062264404387,0.211840336653202,0.119469043589877,0.044831149103969,0.0881292196939948,0.0772514284310397,0.298100897151277,0.241179337246287,0.274438715329921,-0.085042449729573,-0.251352308765716,-0.328984635880691,-0.324571778930007,0.0218687678492983,0.275472705262857,-0.106079865834637,-0.137502423515026,0.0705421811460639,-0.43226649988399,-0.374747675594166,0.424551419270752,0.0163278138641244,0.177006355004039,-0.265287554575196,-0.3305776186664,-0.328624924395635,-0.0070647001214332,0.499755711271159,-0.290888256251239,-0.561355724327748,-0.262679339240097,-0.361062270200371,-0.200248273868423,-0.194835391447168,-0.335099681290724,-0.33404797075004,0.196982745831739,-0.480423360567176,-0.309796830757114,-0.187692785628476,0.0264788314456719,-0.610465288531373,-0.448895935172404,0.0376582006757452,0.143612491477501,0.121541115006924,0.4538663451011,0.480173282140087,0.39269940392686,0.75086054037495,0.138457070067255,0.382765419373057,0.222322302645737,0.497560217418612,0.687920442421123,0.44965399188001,0.532993769707714,0.0596420195125713,0.120872719211366,-0.0108150253007179,0.11848036403803,-0.0183705873904086,-0.0923898672237105,-0.10712137909172,0.255087846049805,-0.0555181947074594,0.115243423895996,-0.0156826746047082,-0.101020064551355,0.0023128057871533,0.153127362588071,0.0352189075993304,0.0577727465654621,0.0054873963854901,0.449520350759889,0.709076894535969,0.0041317111106141,-0.172851415563926,-0.0927038286918441,-0.164997682286227,0.374717214298934,0.243367148015479,0.130646723912671,-0.0473435537931229,0.340916755481359,0.153919141686649,0.344245451307801,0.221771616135012,0.212925568986185,0.213454422574581,-0.0353939225680407,0.150613219678757,0.206559292816602,0.294415482585052,-0.0019948757154897,0.100639112390021,-0.206577243953581,-0.34632139872494,0.0032139299532725,-0.445971935569374,0.0327796615765876,0.0840218535465002,-0.144303613196334,0.125575793111572,0.189103521809328,-0.0307557460304093,0.535513903126777,0.0009578001287829,0.138004468010007,0.0412527944484032,-0.302694937889261,0.411478755847164,-0.0926498332412792,-0.407211589397247,-0.116926194544846,-0.346274347464621,0.0864469441451592,-0.335826929613008,0.0104893059495428,-0.319714169314184,-0.0762856733943883,0.258589151255049,-0.392870023462667,0.0054727392397033,-0.247729711795914,0.0842560278988649,-0.521021853060377,0.226608950443699
-0.030125314465556,0.200548839941159,0.390504768405752,-0.0942370639116391,-0.0995254965577415,0.518691510204403,-0.0112417164441746,1,-0.0651597916842749,0.415004516798452,-0.270464402705452,0.118382639196321,0.384542200636312,-0.336900402326948,-0.416341822730189,-0.438151870562399,-0.433727581210848,-0.317625306948615,-0.118920931953998,-0.0322333088439226,-0.164689246685716,-0.230227041939286,-0.0957299420369927,-0.0162957365093271,-0.0769405305987271,0.199587852191808,0.261630469821819,0.402828774479785,-0.131964837022803,-0.164388928374339,0.420854256287771,0.466306989463634,0.197005024896438,-0.573219047050667,0.565180728497826,-0.251384855601841,-0.514137561470931,-0.118714026123596,-0.0490774595634407,-0.243229513055125,-0.383980487618407,-0.192580958711176,-0.201008863459009,0.48541338947063,-0.0421007885300802,0.056701668430338,-0.138474625271454,-0.275292104078437,-0.106934650343554,0.227248252192581,0.135591289083373,0.361140303812088,-0.395981019856201,0.335025268715838,-0.0224697307853306,-0.563063761092081,-0.580898938735438,-0.0920196428994152,0.221426945335838,-0.0674455239446839,-0.34930085884683,-0.426332800778429,-0.556185042622062,-0.629450872395436,-0.45604722343723,-0.381486904158069,-0.0317797915283532,-0.2944419026342,0.125962822199905,-0.351002467606127,-0.611191708912952,0.0868426596622522,0.43967427248116,0.131659728522496,-0.244402327090698,-0.143540349276763,0.48132177693175,0.469429561375744,0.0399256005483367,0.181618020096349,0.343286081347204,0.158214687999169,-0.0607192262270989,0.0686221986125171,-0.0481913130427787,-0.148736635631143,-0.19307779296415,0.250148232798108,0.113176194869182,-0.0541807499937952,-0.09370210873796,0.125638291930168,-0.195649791313377,0.261299377757184,-0.573148107081403,-0.446643070888769,-0.403176083247076,-0.471934489185803,-0.378426484810352,-0.325519175153424,-0.140531195614878,-0.259514679007841,-0.180223546839839,-0.104734349923972,-0.178979659104238,-0.20449694748198,-0.379169437135383,-0.407106065038047,-0.241517751446802,-0.123172776564985,-0.208143686616638,-0.0949131562097474,-0.369391291362659,-0.489547172474633,-0.17180778574429,-0.376114771742006,-0.0462410180497438,0.085707998184521,-0.216425938273084,0.348787056730886,-0.560677766692053,-0.408652639931975,-0.463191139511546,-0.241948148139051,-0.309293779899751,-0.266632286069836,-0.219534952496209,-0.39690352902411,-0.190670271447469,-0.100899936444809,-0.0413494894533362,-0.102968835718111,-0.136203708201958,-0.177426491009968,0.0795481065932843,-0.182803542819166,0.0921402174882737,0.230027822350889,-0.225336800683913,-0.43508734607467,0.150415341567187,0.137230952437515,-0.236347783015109,-0.0789592636533824,0.201127881709747,-0.0015159956057529,0.0091005131913439,-0.111565013829636,0.12456156129903,-0.350194271841362,-0.135672913275663,-0.371732410067496,-0.117575430885132,-0.23317225477592,-0.333211801733893,-0.479734648178092,-0.426340807085757,0.118489318850627,0.185050543946391,0.304971714443587,0.563431978233669,0.451971916748239,0.345926563874094,0.111750310079048,0.189094531410578
0.616295393984518,0.483270701280225,0.395312333655092,0.930943457577073,0.368880989138452,0.351524753962967,0.284892872729908,-0.0651597916842749,1,0.391983795704679,0.839107983508928,0.767548900507225,0.571812009967325,-0.140591304501879,-0.0927572384953525,0.0492071765289812,0.0585838247143506,-0.0790927454100931,-0.0970081554498163,0.0610210442144174,0.0328025669434537,-0.0001876427304638,-0.0927076614259571,-0.115862329024827,0.155683150265103,0.333060351301178,0.112145767242802,0.568310794116637,-0.129028936393802,-0.210184711371496,-0.0665196917427547,0.0973779129399972,0.0007659795182713,0.102566305915356,-0.160901948347319,0.168158147758049,0.0201505253689516,0.0707852655976912,0.115114854673737,-0.0360151596204177,0.141048453664825,0.241106886075237,-0.0267001350251501,-0.0706513649942138,0.147881792297057,0.0722167072909225,-0.0658512383611765,-0.282157164543719,-0.322604624350321,-0.37077193249876,-0.032149348268764,-0.0264037215907836,-0.255937888003491,-0.317477407690655,-0.306561044311939,-0.227588028492747,-0.275341885981267,0.730599369324675,-0.0012939817503308,-0.136683990057586,-0.333591745912809,-0.391905195566483,-0.144360295470136,-0.11813347171894,0.131616563451692,-0.122775160181376,-0.53550858716548,-0.115452706407765,-0.397137913863587,-0.174305124451536,-0.0923491531083242,-0.156632773946608,-0.386627931677435,-0.0865843361105031,-0.288905747030623,-0.168943753534479,-0.350644179479752,-0.0880370916999645,-0.283395638774894,-0.43583184210945,-0.0533661227388791,-0.234411885833617,0.162310785586423,0.215803492903067,0.544220906831302,0.841390302268257,0.165110314861047,0.146812281477066,0.574829491332703,0.935055373196707,0.674701803548384,0.427042656394716,0.897495860245565,0.489374645009952,-0.0067164087672779,-0.0828481589910864,0.21242070789412,-0.0002207948106007,0.237939021554157,0.0515756319314673,-0.0604646610469786,0.0674417396027651,0.0177263383722075,0.176160542732788,0.0126476368090532,-0.046746808288903,0.203180895872217,0.166836696628016,0.0385473211457931,0.155771469536121,0.0793372023544747,0.10661151327332,0.184454031972751,0.195151270794396,-0.0418604075907405,0.0925681947465243,-0.0635503909067811,0.269121360970528,0.175515155912222,0.0426099092577154,0.0105744162317134,-0.0123052161362785,-0.109409478338583,0.160345314229091,0.124710855255063,-0.194754349377797,0.0378381094937481,0.132546834067216,0.102184767542001,0.110290835173088,0.128277798510934,0.0105649637987481,-0.0160482879829016,-0.0798405423664546,-0.321766934602144,0.0294313726113102,-0.289857985416939,-0.138831624723824,0.0173463080067301,0.0306623371103581,0.026827232178736,0.103167976169343,-0.106722700307163,0.590944077081264,-0.0758852323856822,-0.0992575322890662,-0.0533979687573536,-0.199167683568468,0.0583160466336852,-0.181980867634338,-0.410168188542844,-0.383838440068733,-0.5364776665631,-0.275762693510604,-0.274662146093931,-0.14103599795171,-0.224080288864302,-0.146585840168031,-0.0328715779019854,-0.46032024270897,-0.180614283482715,-0.300850564933786,-0.278575408658431,-0.36118646847598,0.0427719567040259
0.463048290790144,0.651978492845721,0.825938387713715,0.397250476219854,0.0414409935038224,0.365452383569554,0.612654373776932,0.415004516798452,0.391983795704679,1,0.382695635833317,0.568110542465173,0.814647006034302,-0.300741056097933,-0.526224521618745,-0.45258311083626,-0.524266516634569,-0.4793088776178,-0.320987522800341,-0.250709410963481,-0.116906294546524,-0.158444250340869,-0.0725817475793993,-0.0826305977625538,-0.0833359447137502,0.360212048889972,0.243851088126069,0.755939801104866,-0.424501709726555,-0.335125179153419,-0.0178639607306326,0.39263306827679,0.258401442365998,-0.327811864953207,0.127706977202758,-0.128584728653608,-0.348005801610392,-0.342203719143765,0.0272255845229571,-0.246542456248659,-0.0947595150757809,-0.245541146937553,-0.329281580124756,0.208220094613517,0.0772622563381379,0.0739830824882129,-0.207792763937484,-0.257856124296158,-0.154063568386608,-0.259850882746255,-0.0049011481840185,0.0728784602394841,-0.259666474609562,-0.0638872704179847,-0.292800700264194,-0.583330333829968,-0.512380600979024,0.534326333699003,0.123196514880227,-0.0015660398199317,-0.12639330128404,-0.384531772407038,-0.397951503442754,-0.396590301462945,-0.0547598103592693,-0.124356375937836,-0.323218176001125,-0.0246035339026731,-0.063626995769717,-0.284761922655299,-0.281459372679679,0.0745221892873513,-0.110984226146703,0.181376930794294,-0.185842688518429,-0.126958319620292,-0.0395725069206247,0.105920041165546,-0.159668540355612,-0.0818895097859833,0.261884418737118,0.059712053054087,0.239591001353293,0.197457145097403,0.505944440047649,0.408653820726604,0.395728580415956,0.0280631938890018,0.231716762780104,0.391633648073202,0.269984315454286,0.767994510823159,0.355253093205834,0.685636983769753,-0.445969260141285,-0.423681092578742,-0.298494534543438,-0.342420208002873,-0.422081167988175,-0.355913646435886,-0.325210116495604,-0.0345940801442165,-0.240665749791491,-0.158680264696163,-0.214040673182832,-0.280383598875993,-0.0975210387408093,-0.182035596127114,-0.0703614301559708,-0.149259037533435,-0.201174542227403,0.340864238566395,0.123793689254999,-0.406191280700928,-0.157955975504131,-0.179336684265604,-0.112743040520172,0.398605004590839,-0.0379969199594755,0.149600826758718,-0.42011763762962,-0.0564278094869113,-0.336788666284775,-0.108752313921303,-0.137304391946842,-0.0850905494327244,-0.201351429357841,-0.11017229809644,-0.175240373850377,0.0380916941159159,0.126574352393487,-0.227676592485921,0.0782010415345417,-0.0731641534451932,-0.258735374089558,0.0973726438386213,-0.309622576240551,-0.119353009912031,-0.0793802142324676,-0.42221207930523,0.106684437818949,-0.0076047069702481,-0.135432014506774,0.596186611384414,0.189385698797571,0.0330431803166765,0.168407012147028,-0.107203875503623,0.403568071612005,-0.0734907043111886,-0.277986071712045,-0.0668847384560259,-0.123543690589244,-0.298015997252839,-0.197516194356337,-0.315872541964428,-0.203183197290498,0.281785036410025,0.220083889265843,0.0195207775962052,0.0661478421510075,-0.0693362835280398,-0.0366966013275187,-0.0660858119857299,0.355004329506239
0.668565668158446,0.393037334326137,0.290390912927801,0.767095729273403,0.510843848962626,0.0573938623834947,0.45125653189924,-0.270464402705452,0.839107983508928,0.382695635833317,1,0.686092871432867,0.479917855667953,0.0214495442235736,-0.0031298012310521,0.138527310671972,0.0644436729958654,-0.117821123768155,-0.193934291451852,0.132779306242908,0.131497536071368,0.0727749021352675,-0.120342528431473,-0.13898425598021,0.0492243210133206,0.0983425264278303,0.073205535320894,0.46249950555974,-0.243989134121115,-0.322119132981426,-0.387593706905555,0.0714011429594053,-0.0958761773603213,0.251157670115368,-0.267499253201667,0.0902609984692582,0.25550271424976,0.0226224030005858,0.210881504746886,0.145397280218364,0.330994530465348,0.343989793438606,0.082328350578407,-0.0882687373758663,0.328040534822984,0.212013453804089,0.0317707404668844,-0.217152951306476,-0.366185032630138,-0.568494976336092,-0.221964739268279,-0.0485559652074964,-0.112450090968225,-0.374648920477604,-0.268600013630958,-0.149109843892636,-0.177793871258743,0.811529169639764,-0.133538178092427,-0.0039255637064734,-0.236069515827681,-0.273824851908958,-0.0856350303233796,0.0645946133476528,0.328124378977806,-0.105399199134345,-0.63396210469769,-0.0845012664544135,-0.437057072651999,-0.142208943394504,0.0488292582284481,-0.16092313670183,-0.540449709224688,0.0548540409632117,-0.221286790879875,-0.138743968109892,-0.494936911209547,-0.241124035621208,-0.458737784963926,-0.564473257763921,-0.125674321836264,-0.231562029419019,0.0622492490796008,0.321126802361995,0.516268704623177,0.837651392859906,0.385666164674997,-0.112878853556812,0.607280776957735,0.774356430491982,0.747877859077193,0.473224813241517,0.911274442186913,0.492401347167874,0.0861873978018986,0.0443959795527825,0.224971252876738,0.132175966209887,0.278307009746201,0.0014299045568707,-0.173739006413902,0.252694045504519,-0.0779120688205941,0.176475155077478,0.0052070122085466,-0.0899343523895704,0.206734962327006,0.187529571252281,0.105969430820828,0.0744783522578496,0.0105871496670158,0.226999856937114,0.422854816904489,0.143731253939735,0.0065148031883097,0.0103607028074661,-0.0883539247141848,0.350684344151769,0.348321597747494,0.153738838425552,0.144842729101199,0.16324511833442,0.0883759242840539,0.333814442875044,0.244158728360181,0.0467950993216432,0.166289027359319,0.298680697860105,0.326823819694706,0.305885838837495,0.29910709654543,0.223825222249255,0.0643541506471353,-0.0561443196121264,-0.333731731665972,0.1804919590853,-0.362796286993008,-0.0648956849860639,0.0989702794228558,0.0236650741915207,0.122915675055315,0.175667570746029,-0.0112934227034987,0.683534606009231,-0.171876480235033,0.0117990186716389,0.0966224975100795,-0.114585990742305,0.14370402316908,-0.0900632564963612,-0.394620029784531,-0.210974461266392,-0.439272566800418,-0.0815196108535497,-0.249336640122404,0.0364095940886075,-0.144572696976073,-0.10190628949459,0.0654822872412469,-0.484539072879907,-0.211001935569703,-0.347713151534668,-0.321721502845725,-0.485450363309187,0.180213945495627
0.382379377661003,0.409385790244133,0.465087814209406,0.823156758384413,0.330205048970511,0.4586906923222,0.408854510789076,0.118382639196321,0.767548900507225,0.568110542465173,0.686092871432867,1,0.824599910348529,-0.350427322373348,-0.411004536949444,-0.10816360843941,-0.211222920451119,-0.183668467488842,-0.05724101604295,-0.0971478503558752,0.0244605046597284,-0.0261583427876169,-0.0360602861784738,-0.155066206030342,0.159650040755486,0.105136356805909,0.222845242077472,0.638290960835192,-0.241292886750702,-0.268572370893848,-0.188076779791443,0.305171840382613,0.237602216324215,-0.218249263706193,-0.247337481008606,-0.209769912515175,-0.275117239055043,-0.157039750358063,0.0379980359598019,-0.243258124699875,-0.0272919093809093,-0.0378619184316587,-0.276035046063449,0.0119478223568417,-0.0786305533562553,0.0360660286925755,-0.0492195060589871,-0.180551026634643,-0.240643252776305,-0.476572069851241,-0.286807871688217,-0.0145497589619559,-0.192593820498912,-0.342864473917825,-0.384370099792378,-0.394213795975461,-0.398624969901399,0.823947836541672,-0.165608826643184,-0.340198254412838,-0.1233615089018,-0.398864783473979,-0.196281098310507,-0.177356039219591,-0.0756750125347368,0.0214191098265175,-0.462727643384203,-0.0310613684005542,-0.247592498647689,-0.187209836048448,-0.0674686002930149,-0.0364234482072043,-0.336207783172744,-0.202764286014728,-0.307596513739002,-0.136549398670929,-0.497492745936557,-0.0729233842291174,-0.207225420522569,-0.451069163023635,-0.112187220045366,-0.367853374486334,-0.112383640647172,0.0366354962394963,0.408017645079326,0.6771826945066,0.281754185104317,0.290030990903578,0.482297499775276,0.708240178711006,0.484889056862943,0.589263194622967,0.737048442852785,0.599444824037253,-0.307454082564778,-0.312681951120107,0.041187996059649,-0.0644460272903158,-0.0733516070256081,-0.0380260048888668,-0.0068986919514728,-0.0465691287325259,0.0210990406777212,0.0939896107571174,-0.0085537878379025,-0.0401974738148066,0.251169721811951,0.146677220704034,0.0919351322879458,0.176883596494185,0.0664226626664503,0.0761464443323021,0.178510543821177,-0.0820752018741117,-0.130521279218835,-0.146980599530892,-0.127052283386713,0.410779847641095,0.0176498248364481,0.0159467074222359,-0.251921605999018,-0.185714262672542,-0.406374648879102,-0.0689802945444301,-0.0296321923179672,-0.311984821217168,-0.260072065483662,-0.126601138615474,-0.119470846189483,-0.119356325626862,0.13099165549658,-0.206801266468109,-0.10653904231075,-0.0284700524681099,-0.295795122748567,-0.015890014897961,-0.19286593830629,-0.0987993811268353,0.0019740557759965,-0.306834874525878,0.166720259601067,0.0263305967285994,-0.110622135417096,0.615656544497453,-0.180710622551666,-0.291789049025058,-0.140735786382758,-0.158001727930348,0.160191025128008,-0.0990498161357897,-0.303187203420648,-0.256138922811409,-0.293427632676463,-0.446773746445996,-0.141667901410506,-0.182914618011778,-0.14676845568295,-0.0317283825602696,-0.235982341903121,-0.237776638394959,-0.135722804935408,-0.273270866866254,-0.310611078891616,-0.304048657284563,0.209676326636388
0.405311216230186,0.519284789678226,0.699523784368579,0.605488345056296,0.196938350566835,0.393929595096245,0.47047857976616,0.384542200636312,0.571812009967325,0.814647006034302,0.479917855667953,0.824599910348529,1,-0.455946708022094,-0.546447825294413,-0.296977377646115,-0.429081249554159,-0.309831611574661,-0.0639367441608469,-0.10643757672514,-0.0256060849498979,0.0174800285218519,-0.114002584849918,-0.104600488660841,0.176655314611955,0.256358297941882,0.256945547668331,0.874693603367857,-0.3207210306941,-0.32237830366348,0.0023505192169611,0.305088007882888,0.3619148278598,-0.405312847207957,-0.0300672040302294,-0.174600773913923,-0.47841495494935,-0.429705871141012,-0.200659191182124,-0.417930953725848,-0.235100825206217,-0.296934799929637,-0.513137909391781,0.059563131398384,-0.163434196018896,-0.0930608097013193,-0.113429512243937,-0.229975438101304,-0.15120701013434,-0.192691752686273,-0.169150296331225,-0.0867737048752815,-0.256617315936543,-0.165348687631251,-0.389825564014388,-0.564307548476813,-0.535545531958455,0.667802450892073,-0.0363464118701524,-0.334487143459826,-0.116265865295547,-0.422939619070104,-0.353143484671263,-0.36328984042237,-0.228363994796795,-0.0538799130866927,-0.300803508977129,-0.084114372845585,-0.117655481460251,-0.277184840496209,-0.323450697991587,0.0013436806453993,-0.162932946241238,-0.106428680371769,-0.313399501927457,-0.182029831697686,-0.197854881682641,0.100736966203304,-0.0967148105952395,-0.224801636604141,0.0518990324498236,-0.143541440128933,0.199515856380192,0.0886553978780306,0.48539152073972,0.516848924824133,0.268637939487332,0.283682164066917,0.387452772965329,0.556177062946879,0.355262705002813,0.699993482402468,0.450954928983799,0.656112399295237,-0.450051681374849,-0.44970013322377,-0.110753337995484,-0.236837005985998,-0.318841180947187,-0.149020657547031,-0.0510227534620633,-0.200708767437566,-0.0388110538750541,0.0574364587550493,-0.0314875989389982,-0.0856346617835314,-0.0426810656145789,0.0263851559702895,-0.0265562237332256,0.159926679326125,0.0267705792934539,0.168663913464716,-0.0073948789449366,-0.359633587979013,-0.195224217197637,-0.276481281255518,-0.0928000814238764,0.452130441078055,-0.210732198222064,0.0651160794196072,-0.44285324694166,-0.208343834937823,-0.414584681613577,-0.295152697921228,-0.180577048519687,-0.367517738444489,-0.369362348381885,-0.21049848598708,-0.287273544212417,-0.189209832530546,-0.045853284408766,-0.291394684218482,-0.0751154399569046,-0.0328642540704119,-0.186241124938439,-0.0167257975581719,-0.128407448878736,0.0082032801608017,-0.0440440663231407,-0.438776805837701,0.0829671674112243,-0.0749735765024854,-0.136871135401885,0.59448736369137,2.02839500071388e-05,-0.237248716004472,-0.0715325491710579,-0.132364478654213,0.218845587097507,-0.11682371211757,-0.231257100623872,-0.178583073257536,-0.102486689602892,-0.342346543809091,-0.129076836471063,-0.236081559889,-0.236029779270608,0.15633245026082,-0.0840732085636007,0.021575952007502,0.0157094617905566,-0.0159611808413666,-0.164433957032148,-0.0723715165820049,0.227554281239536
