1,0.740301931751226,-0.338787709687945,0.640256086641142,0.603766288669893,0.600937314926394,-0.203500033205596,0.667350648707024,0.686792329971658,0.207051449552257,0.774150526781316,0.752331154565888,0.790301486582366,0.0950906356945763,0.196442438073487,-0.17069096158259,-0.174068268668595,-0.229958900616218,-0.464164032791481,-0.228268363072543,-0.489588691018971,-0.296631874515173,-0.418328462552472,-0.456849110200376,-0.305376600944324,0.107851587232962,-0.456137411175916,0.322485850507911,-0.494613118827198,-0.585034333181343,-0.27492354088698,-0.17820894171609,-0.264633033625105,-0.11785788126827,-0.170008348113122,-0.223789514504503,0.138539293829846,-0.361345606422145,-0.193062527736167,-0.292882209015127,-0.0358405377602941,-0.415664123677988,-0.324182585293325,-0.0509937802966081,-0.214540682702324,0.0480320988301242,-0.266241748144548,0.0812890022634784,-0.0416578277537253,0.0300338672895802,-0.427122064915597,-0.255868025108991,0.0038885306906528,0.0448494331447973,-0.356634269586451,0.259026877746212,0.065669239930649,0.0983690882130757,-0.0737738301551896,-0.108371204019521,0.0216992031820411,0.144939860420222,0.232680146809917,0.0050303506981208,0.0108650169268004,0.0877836623339405,0.0022026840924967,0.0180787183014405,0.0570298531817384,0.0562725517771184,0.0410747544789116,-0.0578221168218433,0.075372807467498,-0.108134400339302,0.0999950273386853,-0.114412305829299,0.0259878647446125,0.255241781703126,-0.0382654730869123,0.0178619079278874,-0.0440530698161818,0.338091038928429,0.0781247045239242,0.695291433513939,0.741957348813307,0.63995495361459,-0.210306037341117,0.487645139743861,0.63967446483552,0.634444675294195,0.661363676659718,0.445989708150111,0.655146453901879,0.660424993780163,0.0608445990200342,0.182964107901981,-0.19554252546481,-0.0872276356115453,-0.246236806953484,-0.276909543417846,-0.419241427310521,-0.209518677820663,-0.0869226193353192,-0.001510809267084,-0.408090943416511,0.109280071291187,-0.0359057948154145,-0.189529245251215,-0.289456526537572,-0.167682127472092,-0.176739473660218,-0.210705822058052,-0.369905331689812,-0.397233487492223,-0.341882829917524,-0.440545443767652,-0.234270721554135,0.0405579087907613,-0.244549903495535,-0.273678784905299,-0.194360130374797,-0.104604508468477,0.287646028063691,-0.171882129618128,0.450422108846738,0.103100798963406,0.0829373534006017,-0.098045594928087,-0.205921032974995,-0.232497353642598,0.131439487586963,-0.0176784985294446,-0.213133670962821,-0.24194587683234,-0.231427335567535,0.0870643383409061,0.0423877620343669,-0.0271076381812239,-0.0943961940216934,0.141011284651332,-0.0787944840644356,-0.136862320507834,0.161393659153782,0.0396235780160142,-0.0531739644596478,0.279548154213521,-0.0739987348125946,0.20351863809823,0.27752344052786,-0.0090713545138284,-0.181947318924596,0.0299666438046286,-0.0949816629660322,0.206408190712632,0.157701402009581,0.316960554616144,0.265435480951148,0.114143927930678,0.133953766358439,0.0998950725231294,-0.312654308827414,-0.277642804372249,0.16501059477923,-0.0312544183947464,-0.144282069697828
0.740301931751226,1,-0.46314166958964,0.769381843934313,0.630811975071281,0.865980816418481,-0.228918071392986,0.952622455313693,0.721270933739256,0.301197035193997,0.693622111654317,0.849775876411253,0.920576998655377,0.175675446756428,0.108398807189429,-0.118406361860448,0.0297223419428997,-0.0795523978898682,-0.195989593173448,0.121094689577314,-0.463286473863875,-0.133460902321668,-0.371972192247385,-0.326560290689868,-0.209557999304561,-0.0415844400591334,-0.652847997542329,0.117651342600532,-0.465141386518922,-0.588732114618923,-0.413712771570613,-0.462975511656833,-0.298427501900647,0.0433755695377284,-0.428741074727536,-0.177906769711212,0.293427767890955,-0.336715358201784,-0.351406987160246,-0.310384764873719,-0.126652428585445,-0.286140452186306,-0.165414651826391,-0.139836926258184,-0.229913418226059,-0.296890883843029,0.0112531422411322,0.0377995716507537,-0.0798923981301292,-0.0324392386472442,-0.535111257940289,-0.293442696961136,0.126528921343069,-0.130736356400973,-0.458142668157405,0.297042138616799,0.215526065978771,-0.284356268591471,-0.295946411119667,-0.311904684117817,0.192626106683128,0.2563216113585,0.218779695223862,0.250357776542776,-0.151363577338063,0.0963699275348013,0.0565135904493687,0.199854370958178,0.112842219521377,0.193854834159198,0.268016817771165,-0.212476856797043,-0.0066198830073544,-0.359275659623217,0.155899358334091,-0.296079460962305,-0.0190536698996951,0.014090998088356,-0.150004933893037,-0.0396165601918191,-0.256332072935747,0.0378512967766433,-0.0578133196822108,0.371504028746919,0.95502707837205,0.829133665806808,0.092328007284142,0.858102909683595,0.583279840585999,0.85139397768239,0.604211985748636,0.741407387434705,0.753410111859464,0.802363745176734,0.084066455695575,0.16160339038282,-0.172835696801664,-0.0701434572296068,-0.0830278690258602,-0.110230681091959,-0.187015663849589,-0.325368587883893,-0.112023929316457,0.192631332971718,-0.392309993436998,0.156162747543676,0.0216546601390373,-0.180485080408693,-0.355476267168292,-0.108480868110129,-0.186127837972729,-0.323942604483735,-0.387408903951244,-0.286813184564518,-0.469247605890948,-0.376502665833087,-0.422961862043192,-0.216811951590447,-0.282570501001967,-0.502003376653823,-0.316418297546218,-0.212542243292462,0.363393642205978,-0.162071133763685,0.365953937277739,0.150465398386574,0.0466965999200543,-0.264935273353259,-0.146291314743592,-0.267739965164243,-0.118794757418573,0.0206399726265325,-0.384387799750633,-0.445617333356125,-0.398068587678958,0.0109454223020497,-0.0444290252383275,-0.189489406421035,-0.207332837122361,0.0280103966752377,-0.289852727259291,-0.102783393499431,0.0701085274721804,-0.319029437497408,-0.33468304928661,0.0616007611409458,-0.272419532898692,0.0010395055180599,-0.0464083575545161,-0.298807717680312,-0.187683791967365,0.231019716281219,0.0729003268643926,0.0969669374489103,-0.0193563100601053,0.274183548629623,0.26230234610207,-0.0534084125122032,-0.10107812643573,0.12601337403723,-0.333276595785999,-0.484337256291172,-0.079647689172836,-0.175401051671482,-0.342305024981289
-0.338787709687945,-0.46314166958964,1,-0.330559468406938,-0.410911428268458,-0.585606094923889,0.547869088616879,-0.397882389112896,-0.482681664101333,0.340705456456128,-0.27256119657541,-0.384794929082902,-0.290697126444841,-0.0614209377889062,0.0378670743381532,0.0989076441431452,-0.0540258203522985,0.0432835043497297,0.145549341377908,0.0190911887728354,0.213194478096622,0.0585578553080128,0.454322953288065,0.374628415014907,0.242768484675633,0.47539597030589,0.736083978267628,0.22282439561079,0.507909874230577,0.551903948394373,0.679337498272729,0.443058331598172,0.455219281248037,0.296804078729318,0.457183100885144,0.290433946099155,-0.123318487724602,0.313086782322648,0.37343132843747,0.301953787522882,-0.0087905459420038,0.219817009878764,0.0341537102210026,0.410421447464179,0.162415824691434,0.371123358261859,0.049138449172866,-0.271703627818152,-0.0412218417697297,-0.143506848317323,0.591916803582802,0.49496642517931,-0.21505762343688,0.272348955721633,0.420474286902107,-0.374577391124344,-0.315887762681987,0.204918334875859,0.180133225436722,0.405215155025618,-0.264265214019038,-0.323732145181068,-0.311226909583522,-0.08481675216649,0.107348805116308,-0.124353376514709,-0.309886771336144,-0.1813866126101,-0.453298187060316,-0.330283547539704,-0.321540004710055,-0.0495598935045617,-0.24029651361272,0.173563865787846,-0.321875294383442,0.171050883069218,-0.207870063043489,-0.131766952929834,-0.227803059077481,-0.287368557934279,0.0477237430789727,-0.159169108702069,0.265607348552935,-0.166283490463432,-0.369231289013804,-0.459449975934823,0.368672303513758,-0.465781651446086,-0.287157872026706,-0.565484510717767,-0.362429997523757,-0.151292560921733,-0.458168643404895,-0.102689513142296,-0.0025921060418351,-0.0224907846802613,0.0129371291711691,-0.033053695081428,0.098739552901611,-0.0073312454073474,0.24280972778389,0.327790269645233,0.160377773806087,-0.0200996147760694,0.0573031365884325,-0.265014981882945,0.108967990130436,0.278697397901764,0.35674387333768,0.192644066345996,0.111294954078322,0.796325633364218,0.587948837743371,0.414317111638948,0.536922547324171,0.457951088067074,0.583948491017332,0.463147886302787,0.514802425259696,0.499955775607624,0.356977306557044,0.357088434923172,-0.0388794190105809,0.302257774200115,-0.0972239761584899,-0.16422904464558,-0.114693836626722,0.200780483374217,0.156145748327953,0.206446854624844,0.247049477251532,0.16527891538254,0.580754043929283,0.371101862625575,0.321512832305785,-0.130568954865122,-0.0362279420039779,0.341817215883179,0.220576153482621,-0.192735221791598,0.342721443380315,0.131937813696753,-0.180262429383099,0.0692899082561883,-0.0143323124109837,-0.0912309888086109,0.120008351314852,0.0043510257813358,0.241091818992521,0.215237407643036,-0.265894855649252,-0.441133168809783,-0.392911212471611,-0.174163246020253,-0.240919950704528,-0.101334262006403,-0.290479386557539,-0.384708968632097,0.0161368109267123,-0.366715198155462,0.0103818301731938,0.260664448873401,-0.0972294693383893,-0.293366712873232,0.134982278127588
0.640256086641142,0.769381843934313,-0.330559468406938,1,0.780406171641971,0.724030325597715,-0.0693656415253899,0.69676400233115,0.850723653724071,0.301865126127492,0.765266596161722,0.875847319669956,0.723106350493769,0.0769141921153553,0.0406804288142206,-0.0038788822243562,0.124406810460632,0.0186002836180078,-0.156790529441972,0.0462924926305199,-0.338446394163205,-0.0048659369444232,-0.138938851931462,-0.148312505999986,-0.197001396761531,0.166777568393928,-0.417627107142508,0.131703671719841,-0.29708192807972,-0.398175535451873,-0.309440209081131,-0.312240306645962,-0.0358170332371219,0.200275280485276,-0.228549377840202,-0.161032342643261,0.216126107746535,-0.128993030953139,-0.177333390224315,-0.149314195769532,0.0038614410196782,-0.173622190469033,-0.0072598933152538,0.0097307261281288,-0.05195194059154,-0.167488598646758,0.0412017181687792,-0.117844400720262,-0.215931645962852,-0.0613164002085376,-0.413765060399973,-0.145169029775929,-0.0378569022273893,0.117098745642485,-0.255303994939322,0.261245699119034,-0.0157090872935036,-0.149129266962708,-0.414800790746847,-0.349694138421432,-0.13718755639059,-0.0108744034307576,0.0147837731090335,0.0464116112630488,-0.138681918743628,-0.0366745712830838,-0.190891629411462,0.0248310078640167,-0.131910237888065,0.0041656031101878,0.159407821388089,-0.260573362829747,-0.13622060112091,-0.189895221943566,0.0031535905514535,-0.244045029112706,-0.195536985003811,0.110752974617522,-0.261815141719726,-0.314453860932452,-0.336899555550705,0.0037588607614014,0.115664800680145,0.369937589622999,0.786715696899293,0.88779315434913,0.009171393729727,0.627738232085386,0.772979132399993,0.779156553909895,0.791227841815599,0.550332452075852,0.830266313973455,0.599736956488825,0.000177765246089,0.0777867637505476,0.0435731942604724,-0.0767349770778761,-0.0471485993793851,0.0511122024333553,-0.0312325116124744,-0.173830868345274,0.102421688671117,0.259072302737833,-0.206929422930075,0.296924223187141,0.173549288721346,0.053736242282295,-0.164780582376513,-0.194945487935787,-0.290509897862135,-0.191285614393189,-0.192090708349894,-0.143922903087909,-0.347231033467787,-0.170094660067883,-0.239773366263143,-0.0478911452283538,-0.0833131308854899,-0.202081505777652,-0.16149300463269,-0.027076185033926,0.406162427611373,-0.0359932154198189,0.296161757143637,0.115705834584737,0.0489326270818382,-0.133736325092385,0.0686368024808561,-0.106199363277354,0.0188299066420408,0.142428995141882,-0.177252266393646,-0.309977559806432,-0.301037413707426,-0.0549020854992887,-0.0511859492434119,0.116073963666881,-0.114773813385706,0.0590587966613132,-0.0902003100794679,0.0441673470541443,0.135651070926917,-0.185386602768029,-0.325638529411551,-0.057024404388167,-0.0844330301880735,0.164325251444386,0.103293650663348,-0.162457090558595,-0.281365134261192,-0.0287563594316209,-0.102334472237901,0.0816046952147834,-0.0831547695771536,0.314038107733246,0.352313905873595,-0.0941829001617727,0.0578969097691267,0.0007928291003689,-0.237070706740656,-0.301674995658388,0.0325354434574024,-0.286084894119745,-0.311971746357634
0.603766288669893,0.630811975071281,-0.410911428268458,0.780406171641971,1,0.58082958045419,-0.0736413302855947,0.519526920452109,0.869622931370551,0.199637932811225,0.790949051189513,0.800745082815167,0.576348875769259,-0.0699323899184064,-0.0225982077810948,-0.085618890487165,-0.0024611561616325,-0.0866028282346575,-0.143767217755848,-0.0683006235187445,-0.370514578759118,-0.23009798196499,-0.264942277895522,-0.339280829873526,-0.250442755094025,0.0807883487300796,-0.457672831560589,0.111648975511614,-0.377550022717422,-0.489622943664952,-0.364810239952242,-0.208385928309469,-0.167978066427244,-0.0501485307850428,-0.130895604240866,-0.3031770473832,0.0587447276469349,-0.268221075845576,-0.245080582284977,-0.344053383685694,-0.124112856277489,-0.322423070301304,-0.18999943443916,-0.0073604255290524,-0.132036498817209,-0.155478273955825,-0.137884449937066,0.0491101830101636,-0.171016521343694,-0.0792620502660091,-0.51736892930824,-0.255009965426553,-0.184198756029189,0.0940534665703209,-0.517923571951267,0.20129756090293,-0.0732598127450022,-0.0538457101546019,-0.378334920675843,-0.467182000897504,0.0172708242739348,0.261541037404275,0.223025848643136,-0.0211867826266594,-0.0079588235092047,0.107945838235586,0.0334909618054622,0.115647527277078,0.155431543366634,0.127768804330669,0.0814257116694696,-0.0547441001322,0.0587359382690631,-0.134966596952191,-0.0560698976001238,-0.228537818731397,0.0340945982114633,0.434166204018866,0.0487604712316671,-0.108695611608161,-0.0782412830277376,0.294102450060412,0.163963830222715,0.508562478361164,0.60846200981518,0.72344744109784,-0.140529324193435,0.501841153113254,0.872713394421015,0.670167639836509,0.818898141129747,0.393712551651807,0.804466997613159,0.419423871594179,-0.0969159928433344,-0.000733326734088,-0.024067095248275,-0.106164106177482,-0.127423474198318,-0.0175190720892024,-0.0583231839281541,-0.159910717568808,0.0020246954138448,0.247193111865318,-0.240586779869454,0.254865593667691,0.0125581235372598,-0.0780998286970073,-0.232116297251393,-0.190975608871074,-0.250028169092618,-0.285501900570895,-0.220174437190917,-0.275419935751034,-0.550661058037537,-0.360152254973141,-0.389074107073065,-0.136554674086534,-0.238171559844816,-0.336063635351581,-0.350146390713704,-0.130099430586823,0.227103988318517,-0.157679676847671,0.130875476114516,0.008037133994747,-0.135553138171344,-0.267656410117258,-0.152200827645815,-0.187055347179604,0.0052212211789329,0.0252060903986302,-0.258803771327905,-0.468515944556737,-0.280532308951172,-0.0532498221212169,-0.0454839075748935,-0.100585750350776,-0.388106640748029,0.0722061598628538,-0.167968987441462,-0.284110150520408,0.0663880777083418,-0.109944685525631,-0.27903099462837,-0.148115149172139,-0.199638252664769,-0.0100128093855112,0.280414686833887,0.028186784556101,-0.110776113300607,0.113752138713568,0.0452466171417736,0.259906957541065,0.0134994448280521,0.214729279497596,0.293694904896412,0.0721968507968133,0.0858289350166682,0.138833507044588,-0.207228524801195,-0.29598125653053,0.328861522935909,0.0166381321305194,-0.162868197496049
0.600937314926394,0.865980816418481,-0.585606094923889,0.724030325597715,0.58082958045419,1,-0.419327856497723,0.848597029582223,0.744036163504974,-0.0290971918406481,0.501387031172967,0.714563789557677,0.737781776095289,0.356203407942005,0.168475902263284,0.105720447385488,0.157132786898231,0.132298150128002,-0.207147625130136,0.163876689374145,-0.34599550590388,0.0500081745404736,-0.321499731385637,-0.239618747059038,-0.181269615340353,-0.161171810333505,-0.661110635434152,0.0076579595227805,-0.377704653997542,-0.465443027437667,-0.455536927061461,-0.643737358854746,-0.366801253698746,0.0536171077154875,-0.485852283231174,-0.00230031761834,0.356157996346625,-0.217792618172082,-0.42437646022477,-0.140321232640541,-0.0458503609708935,-0.146442116080749,0.0242820683717647,-0.359669919210157,-0.258658696127093,-0.445639786003659,0.0564663810003647,0.115628216216189,-0.0790982109846997,0.0778492329227863,-0.57203215336021,-0.49791079857561,0.250400875026752,-0.215468263605811,-0.389498475738009,0.444212568910348,0.374511187128759,-0.413496801975251,-0.394618494982811,-0.389958640164349,0.240759523873922,0.276027816179226,0.14293548932719,0.275404535001874,-0.192975928096425,0.0380553971697922,0.166828490062148,0.21782515755799,0.258053215714757,0.269357864994667,0.406662071264045,-0.214553030048026,0.0728854966472329,-0.41349911201257,0.275236707929127,-0.271248609747602,0.08105053895197,0.0225188222311845,-0.0866697329810184,-0.0241001252812049,-0.30532356425035,0.0562554944073402,-0.261718120507654,0.235771893410822,0.815905647486997,0.837504508017906,-0.193872181775644,0.885053273441233,0.539894692340419,0.933389062621746,0.568992306186959,0.556220192726257,0.687685422533671,0.67449536593752,0.231123030387971,0.250054972754027,0.063208420879935,0.133380160855591,-0.0808019733154071,-8.65582634487559e-05,-0.248134786544106,-0.412624103039267,-0.020838515060428,0.07923798157441,-0.253495875452031,0.331904648313987,0.0569162412521826,-0.208028642843142,-0.323488047247699,-0.130832643908375,-0.146357791778771,-0.474187948615194,-0.486315676880486,-0.187637597804255,-0.483639442832875,-0.244085467616887,-0.445424734156224,-0.370392238752988,-0.302798848864954,-0.506503093021363,-0.135053507845203,-0.260211400228941,0.37571354537364,-0.11260993819363,0.431135999949388,0.248947172982166,0.242268136154345,-0.274152404692447,-0.0097973725838068,-0.295350202933608,-0.275933762170135,-0.113577980662831,-0.533304041110709,-0.512824543431705,-0.346903863573635,0.0209729374106995,-0.002820366854411,-0.337469376156976,-0.0715052230623916,0.202243093313778,-0.484260769316353,-0.0873555470511441,0.182901047668047,-0.348737474797049,-0.388985055254316,0.0530793607980705,-0.271308937454609,0.0092664820446842,-0.135437798949263,-0.403455273093918,0.0088694614993287,0.331949658006582,0.262418214644943,-0.0092546719286157,0.0633553870666838,0.220505390969258,0.363419235557936,0.117787780625283,-0.0788649487521539,0.222257545969829,-0.186927199219504,-0.435188433059295,-0.0333531672369502,-0.0909383464077603,-0.409120365778993
-0.203500033205596,-0.228918071392986,0.547869088616879,-0.0693656415253899,-0.0736413302855947,-0.419327856497723,1,-0.238657795063239,-0.184043450155486,0.606283306333186,0.022646900045047,-0.0232177845341587,-0.116183577650636,-0.0071688286187953,0.13063835956294,0.124110991697501,0.157023995482304,0.103621222386895,0.243891212873589,0.047043020451117,0.230869446612085,0.145066295575707,0.401375798886034,0.357322059087608,0.246178965578604,0.317836489946543,0.60681830864827,-0.065782071627568,0.365597483683027,0.262296448812717,0.13279974919995,0.522333897011361,0.524372576747098,0.388028026608441,0.40719692359459,0.0455561627711665,0.0999407000459023,0.415754247497335,0.451758094111757,0.358106323414593,0.0682784833827702,0.1998796409557,0.117191088735329,0.554262523656984,0.342228714340658,0.511502581896133,0.154603790315311,-0.334234758064546,-0.156285866671869,-0.459160760498019,0.293971736111916,0.462881888131328,-0.34343088126935,0.413295660893704,0.175281242507548,-0.310319254374622,-0.515577216044322,0.194851474814569,-0.0647032072054286,-0.0460190864461052,-0.362872548433463,-0.30461179746174,-0.169951986149522,-0.14786755468417,0.557536763942779,-0.0024600308752959,-0.494391951017137,-0.275462033191863,-0.509167199105025,-0.393463373310969,-0.314819837440637,-0.0924393662256734,-0.171743535607659,0.181425037032108,-0.249053145716869,0.0971397031371442,-0.296725146550014,0.0381643768790848,-0.187750556077255,-0.359068500795181,0.129614779112248,-0.170050235115844,0.425914553080136,-0.0675386825764939,-0.146022105357344,-0.277014910465626,0.573326481209747,-0.318020600249407,-0.0394775070041909,-0.420059879480653,-0.0170502500497102,0.0414975010891896,-0.10444963544689,-0.194675155758017,-0.0100703334578343,0.0454421986500715,0.180421762648736,0.0107403047523162,0.412026577389832,0.243829546642185,0.460519384884966,0.523571583238927,0.0938617435208078,0.413017533206836,0.202410584576091,-0.0498150212399505,0.306540207665685,0.448944415105074,0.402712012482307,0.227215752411574,0.127071097352292,0.51198414836278,0.793487087095001,0.342982580944104,0.177338221901663,0.233594285210229,0.217821768542951,0.289130810600538,0.487249458524934,0.310239104244912,0.0640910665590041,0.487115947779703,0.216621206361459,0.374714231793742,-0.241828657716422,0.144455383400661,-0.112275406630294,0.312580642792054,0.315540565869637,0.396004317723464,0.425795347021221,0.456718094624795,0.611165680526766,0.207875281252318,-0.0906778537157686,-0.312121844526024,-0.110036552791317,0.537169927061484,-0.0852161089452601,-0.357458379682397,0.560479101251495,0.10169314441417,-0.263815444011542,0.0214888936338303,-0.0793452362177266,-0.410511623075103,0.155541603602847,0.0519716550179407,0.376510008809788,0.367577109353243,-0.382241028194835,-0.459883576850372,-0.503926702320586,0.0650682328771438,-0.371427093227983,0.0807004754362661,-0.129986285936361,-0.462426984552248,-0.0108925349680829,-0.307942408030542,-0.0915079258910622,0.163560196025373,-0.0259835638343452,-0.328201724112058,0.241504643848526
0.667350648707024,0.952622455313693,-0.397882389112896,0.69676400233115,0.519526920452109,0.848597029582223,-0.238657795063239,1,0.588478451476507,0.309606275412076,0.617519144492408,0.792681210607732,0.911090964392035,0.201865142006031,0.0825313012334219,-0.0773085267274598,0.0510922318080912,-0.0161466973888515,-0.171730935462053,0.180964223375612,-0.367744841393204,-0.0386170850116577,-0.302056825861828,-0.231510718478172,-0.179397932295068,-0.0741793517635992,-0.647415072990081,0.110096790202453,-0.420752374306348,-0.516856433988574,-0.368190983970161,-0.499359177892741,-0.251339961212639,0.0890687202874472,-0.467589213751312,-0.160541263768134,0.286957190797273,-0.322168822117101,-0.40033983439712,-0.294374582489488,-0.128403372051613,-0.220485482801011,-0.142148370088038,-0.163608062618227,-0.194212783541693,-0.345868199457896,0.103706417133934,0.0381067859400726,-0.0684249992543421,-0.0010848129698541,-0.525699849102188,-0.269022176268629,0.196526822861822,-0.147576943910838,-0.441455401542865,0.305941058045188,0.228212137392808,-0.31279699102269,-0.240390876021536,-0.31452136598905,0.217912171688127,0.298609868103282,0.22609798585778,0.306860073445236,-0.205447650368527,0.0655311265527019,0.0861638122880614,0.164988075582683,0.136062152366786,0.204058168843756,0.270979460379428,-0.223187677826922,-0.0042574902263499,-0.377900142195974,0.143515320575402,-0.291872434730528,-0.0274037489682863,-0.0577601117913363,-0.134014116334485,-0.0019248906178828,-0.252422811046375,0.0066568789802557,-0.169009067410902,0.268456957928472,0.909698171523308,0.786019660675084,0.157032515087771,0.855721693299564,0.484617221049423,0.780487303525975,0.466696052546101,0.779321114055348,0.648142270838769,0.816905814028004,0.0834624552151546,0.140976955878468,-0.176396687190012,-0.0182774050900108,-0.0932317221222231,-0.11453837253157,-0.197998038738282,-0.387209688409501,-0.107914145262408,0.127653361640833,-0.350932473609808,0.0870899926500546,0.0130381825796289,-0.216494886640992,-0.344447361407226,-0.119163137341164,-0.190371646850287,-0.310230762482721,-0.339276012032125,-0.280969621906002,-0.433542939483404,-0.338545560259195,-0.396954072220996,-0.199975726884608,-0.292191624099033,-0.490772217324751,-0.343560032621321,-0.250305883809037,0.318041538201761,-0.160777922425896,0.346344940202245,0.120667775907197,0.0388387856502211,-0.271004301839389,-0.162199043478121,-0.24000511825551,-0.156417738676641,0.0173323481728378,-0.425086144634798,-0.436075828631749,-0.363964894359931,-0.0214446563187822,-0.0863281548078395,-0.187647524708731,-0.191833420123031,0.0247422731859203,-0.304610774737384,-0.018668812922668,0.0778436203422644,-0.326763199910126,-0.335064377625478,-0.0037152054849516,-0.263363624538163,-0.0345150253041093,-0.134058229481655,-0.367852789870107,-0.172078435972405,0.215910290294459,0.0904868147234136,0.0336742918485903,-0.0401617413771684,0.250820393301572,0.171034914563689,-0.0877276000092316,-0.0960208779446483,0.0902851805334074,-0.321284641787286,-0.471864052687623,-0.151122072041009,-0.185694048996882,-0.346230320421046
0.686792329971658,0.721270933739256,-0.482681664101333,0.850723653724071,0.869622931370551,0.744036163504974,-0.184043450155486,0.588478451476507,1,0.0672752242744236,0.763762573912909,0.831238077787762,0.642968033000471,0.0736846293979162,0.0601123907108118,-0.0575119893831373,0.0230945981037482,-0.101694888338646,-0.201859310335009,-0.140280656440038,-0.513490658886986,-0.155269237281575,-0.368451417110034,-0.416277630262599,-0.324788612474415,-0.01814359477934,-0.488078962243431,0.151550219894807,-0.422089617077134,-0.546042178611098,-0.399744349064424,-0.243452463963057,-0.295006438987798,-0.0447396735348089,-0.140466142445462,-0.178533911442619,0.0879581779045007,-0.26951777964491,-0.240253224152324,-0.243200616880188,-0.0492459147768123,-0.343050374005469,-0.112607869099688,-0.0739270703952088,-0.243695703483566,-0.18218053339549,-0.243234778387643,-0.0081907926776056,-0.164184364263507,-0.0546412647412891,-0.527921234872743,-0.359568868584982,-0.134458684341529,0.0986464065407105,-0.433744393426614,0.296011826109615,0.0309041048723725,-0.0574263661975179,-0.361167000819212,-0.41044124106369,-0.0312804513786019,0.159012965386128,0.159905835475557,-0.0539992246893755,-0.0259240155396206,0.0989783033871222,-0.0160389852217137,0.196579003725151,0.129106330301873,0.115764639623785,0.228990107780298,-0.0390665332118084,0.112993827257261,-0.111840749978474,0.124140193454633,-0.171278561799687,0.0821692974830768,0.407920587373252,-0.0064930168315371,-0.170565972631901,-0.107556697406395,0.253717829009038,0.0564636637100807,0.515006506519103,0.729666900516151,0.821999948845762,-0.247310728702025,0.623658677990086,0.865479375765237,0.850130706252583,0.89042668343763,0.405819262969521,0.914798363021186,0.522439182021241,0.087524177486318,0.0838441943163,0.0072482054492926,-0.108024791480866,-0.112782924715101,0.0545020391575101,-0.129623702202753,-0.28010761486502,-0.0631201907163109,0.151820001709058,-0.370568203896861,0.300751122539436,-0.011503732746889,-0.121857210013595,-0.317694527226177,-0.237229273642499,-0.2664804217047,-0.366772183683983,-0.375401998750347,-0.257070606762995,-0.494511680964039,-0.344680536674676,-0.371732466356477,-0.140977391934472,-0.280352890509479,-0.330238636722972,-0.192111456475722,-0.184015383093905,0.296755693958537,-0.179562564022261,0.298603542647976,0.116302357840776,0.0347527227285126,-0.242191606434965,-0.0817348283723164,-0.294616749147375,-0.0822923116931922,-0.0852236373047032,-0.274476837081917,-0.455595540790799,-0.269352168397842,0.0967010866246369,-0.0951123999313747,-0.13102990830515,-0.225888391379768,0.160215892869094,-0.217888014449283,-0.210615656515706,0.125142634235208,-0.108269134615202,-0.277511382348064,-0.0372060605848123,-0.146278672635903,0.158458096312928,0.254062616787742,-0.0362833566199286,-0.111244474951968,0.150032739555778,0.0432686827936222,0.237246654967749,0.0168651926048008,0.246560587834815,0.377883268854268,0.186311890360451,0.101653527239418,0.230528857441093,-0.214192197104211,-0.263594604606409,0.343505504549339,-0.0261333944994893,-0.201478203726375
0.207051449552257,0.301197035193997,0.340705456456128,0.301865126127492,0.199637932811225,-0.0290971918406481,0.606283306333186,0.309606275412076,0.0672752242744236,1,0.445725687157759,0.420268475725904,0.444006122809697,-0.115302388449515,0.102275245268988,0.00260326593144,0.0576151103010092,0.0043043640384836,0.121269032435325,0.149565832043738,-0.0058387726932251,-0.143729345110342,0.276612764231453,0.121003497403625,0.0600358136976951,0.245766449352354,0.115800871874841,0.002965823936244,0.127442037607137,-0.0078374601270365,-0.0754240340254915,0.140504514672748,0.44323568487356,0.285054985567491,-0.0094021723417949,-0.214951995714784,0.203359333971075,0.163597533390667,0.101871777606122,-0.0304058566222066,-0.140093583807213,-0.0210579601439016,-0.0684520459980354,0.5747975303479,0.191563154889326,0.268014083531443,0.126693705087725,-0.034598461885476,-0.045286845736416,-0.387919092493741,0.0117675912607306,0.39062247495299,-0.0694938226694505,0.282107942554731,-0.0656719325680959,-0.268148690369237,-0.279994451763413,-0.0135126132767843,-0.143288665218899,-0.107649139046565,-0.028376164010848,-0.038745722649131,0.0148360160070628,0.228955948591717,0.0472020282660737,0.0467362288173086,-0.306067440296126,0.0310332713482316,-0.358360081826195,-0.0568866548145938,-0.0129562309280048,-0.134702460360603,-0.177733778614218,-0.0387472254139203,-0.213787810574682,-0.113579422512475,-0.302467741034798,-0.107965904200887,-0.310712916261752,-0.246818528835647,-0.0803413960079923,-0.318611022420417,0.218559722547396,0.0461611326524359,0.349000334271446,0.131837311356747,0.762732271998378,0.0763525065679535,0.0798458029780803,-0.0442669447158812,0.10636172196006,0.636362509174364,0.1948500637018,0.337391755810841,-0.0076549729005545,0.131790690259767,-0.0498796499310928,-0.0079337713854477,0.232351617678437,0.104790009140581,0.356570234726259,0.26269559560649,-0.0471805140821486,0.477484616920568,-0.211430986066988,-0.117570996807411,0.427278272577493,0.148762590995022,0.211508308161993,0.0568152688029028,-0.168490566377237,0.357008905695564,0.597362503753093,0.192016380845605,-0.0761976021957763,0.0452312140659013,-0.0329117921062355,0.265743318986987,0.325608459325595,-0.0181064940991593,-0.29363988563977,0.264933291475861,0.296309407738044,0.318528248061306,-0.0918310095630739,0.042679844566349,-0.0780940848811752,0.0590208879653312,0.0817835188142457,0.176628715149395,0.367219058225289,0.415302119034683,0.298130533183475,-0.038933008708224,-0.352835845970428,-0.26523207604015,-0.0558216549856075,0.359788896516251,-0.276802017551454,-0.446644896430844,0.298524676218826,0.0781428319609052,-0.315051794816475,-0.198872049981631,-0.214568384039645,-0.238345114887645,-0.0906173792267336,-0.0794091681075487,0.20588603081798,0.0155435169695923,-0.524637218930315,-0.154737181078539,-0.35640982571132,0.0773684338953903,-0.319711138275114,0.256499595253115,0.0912078047912297,-0.527798088340137,0.0710512324499742,-0.196545401594256,-0.426348288228089,-0.343511196222967,-0.298366570916225,-0.451984455608842,-0.120542597161814
0.774150526781316,0.693622111654317,-0.27256119657541,0.765266596161722,0.790949051189513,0.501387031172967,0.022646900045047,0.617519144492408,0.763762573912909,0.445725687157759,1,0.888634615124965,0.771116629020402,-0.0335351572017498,0.103773347794029,-0.124366936161014,-0.0183352801652167,-0.153823587984294,-0.156855612261901,-0.062977426650762,-0.400927783525973,-0.202685863107643,-0.241690498204978,-0.318886988444171,-0.292666000099409,0.0801265773681269,-0.38325271893803,0.239691588686831,-0.371885641746756,-0.520690034068594,-0.346269886759041,-0.0895629652261775,-0.0274967483359997,-0.029217895813726,-0.145592427472301,-0.323985128380396,0.119558731146897,-0.227375704191014,-0.223023256807642,-0.313828737512601,-0.0748237054301177,-0.319557949973294,-0.219342201428391,0.11970693689369,-0.0078526173228876,0.0764410183836184,-0.100599247379553,-0.0102012124605448,-0.275302137678762,-0.167917310969112,-0.454825916864767,-0.127246005327059,-0.270825418782632,0.0957505315067384,-0.437685999122209,0.0708079732230981,-0.239508476393926,0.156958215221453,-0.143626249567163,-0.252655861563979,-0.079924999371688,0.139023449518584,0.11445056816576,-0.050580583022791,-0.0834908667881404,-0.0394560355826449,-0.198857927276353,0.0185809963783263,-0.0531929294606914,-0.0094123422547561,-0.0140493816147745,-0.097252446852639,-0.0677396301582707,-0.0164494511965822,-0.137950488481738,-0.347638998669217,-0.186918661343366,0.315705385456783,-0.133281761554397,-0.21351990672322,-0.119278225261984,0.167176804520162,0.167831555368657,0.544385195162398,0.693769645953978,0.693951501672813,0.0150868359754706,0.409654836216607,0.72998041628778,0.570342839902138,0.742955707296262,0.578401745120219,0.788014618229147,0.611096868504273,-0.0282349635210317,0.0524939495155317,-0.120762214225699,-0.138736725889528,-0.0159358464159733,-0.0109497680995246,-0.026833860371316,-0.135360290584901,-0.0946072511350002,0.332085558408974,-0.407963904744998,0.0694640009126058,0.0906558670533089,-0.0924614075728395,-0.186487951002418,-0.246682139135889,-0.348363132774734,-0.213396945598129,-0.135894570205153,-0.263316830414094,-0.416824238832733,-0.376344051851846,-0.293655212422786,0.111225311338202,-0.160220974849267,-0.255735673971543,-0.374949916939677,-0.0953125885568942,0.279651801016927,-0.0815967923279202,0.250378454456033,0.0756073562660176,-0.047460000225744,-0.122087863088135,-0.139084796987499,-0.0863837167478015,0.222584027208731,0.211039491475041,-0.142643031493923,-0.36186587097701,-0.350201905528951,-0.0669492151286346,-0.154239000368921,0.06216013909983,-0.333178597581241,-0.0796026674350578,0.0099308681655983,-0.212642976691448,-0.0593511031532048,0.049746673842823,-0.0908828675084303,-0.0274618246197461,-0.0515284514939337,0.0360497971389711,0.340035508644029,-0.0488879672153249,-0.394834726867844,-0.0511596132356246,-0.208513977757504,0.223033802885824,-0.121452173054098,0.270470907825411,0.149196349424983,-0.0401636150575789,0.23679705094612,-0.025557271193592,-0.438830321889649,-0.335502086034685,0.182974072440895,-0.178830470385036,-0.186571116837079
0.752331154565888,0.849775876411253,-0.384794929082902,0.875847319669956,0.800745082815167,0.714563789557677,-0.0232177845341587,0.792681210607732,0.831238077787762,0.420268475725904,0.888634615124965,1,0.876011681366317,0.0225644589239932,0.0302741011249065,-0.166778080773194,-0.0050496391461969,-0.140413671218421,-0.166099564587387,-0.0368088849884011,-0.48988688730331,-0.167916791395817,-0.310901924723347,-0.360868382447065,-0.348399600134337,0.0067008579422327,-0.497313937922768,0.205771774517894,-0.41855906879528,-0.561272724148419,-0.379765945043766,-0.184275602012179,-0.128623875165808,-0.0038484683550077,-0.229537518257985,-0.27833342301464,0.201736435970046,-0.274445644206817,-0.184718919848379,-0.307007454288196,-0.12703618748277,-0.370103553806767,-0.175188363974878,0.0847893069461572,-0.155513068715368,-0.110420745329804,-0.103078554171003,0.0128022252331396,-0.153608149679582,-0.132131391765018,-0.486875509997524,-0.148102470409884,-0.113085880391161,0.122757959335558,-0.438152829822159,0.199864102390475,-0.0673804270097942,-0.0189138297742157,-0.301166368395609,-0.370267780479394,-0.0360624052371695,0.140226842532329,0.160290529175553,0.116802756656769,-0.0567799046012614,0.0855552753082222,-0.160326814108958,0.0687459042763733,-0.0798296221174423,0.0037305856482191,0.152019198723557,-0.191936209170568,-0.0859813281838265,-0.165590001167458,-0.03324103354038,-0.256902153751957,-0.151205347328597,0.153407385920411,-0.196336224312986,-0.231159044656776,-0.160576435219878,0.0515259910844021,0.112543766581477,0.42293496859809,0.854807802856849,0.813885719367738,0.0807549999438942,0.691582653238262,0.708426034367706,0.74451529906806,0.776262016806722,0.673821430661821,0.887122645082154,0.699566285566551,-0.0454250745201994,0.069581158708654,-0.121433909275502,-0.139048267917498,-0.0616807407661331,0.0268463687942196,-0.052326096160841,-0.2430158103964,-0.0281461260530474,0.288247707997363,-0.417668882357791,0.235894132610489,0.10583104322589,-0.0586489313802603,-0.281643937153733,-0.274782119962845,-0.362414025961212,-0.270451725197916,-0.200465216583799,-0.259196176462684,-0.454491281689494,-0.346778345290598,-0.347348668508908,-0.000245161139265,-0.213326290306198,-0.316929068833369,-0.350200524499509,-0.0768954693840802,0.384174122689233,-0.146490384114581,0.319888962400885,0.130113552688501,-0.0466198138887213,-0.1919647245517,-0.12837095414977,-0.22813698048935,0.0241992901039665,0.0866644213473572,-0.193574002886003,-0.385768896658297,-0.381798900097624,-0.0645958144939395,-0.124689251238496,0.0304371978570679,-0.29280763913005,-0.0319023768849551,-0.0861515409806125,-0.0708917472858867,0.041402999162007,-0.138554415006152,-0.271822670891438,-0.150283282008445,-0.183140563907956,0.109116924970096,0.209414091967069,-0.0925020645872213,-0.341942726794636,0.0624797383019985,-0.144080661694699,0.264353247462573,-0.0544290418644719,0.408013148808147,0.285438851073686,-0.126436068982094,0.0170297218169372,0.0424680832061566,-0.391362191191587,-0.381036184691783,0.0526595499920289,-0.236433697678655,-0.198408604639908
0.790301486582366,0.920576998655377,-0.290697126444841,0.723106350493769,0.576348875769259,0.737781776095289,-0.116183577650636,0.911090964392035,0.642968033000471,0.444006122809697,0.771116629020402,0.876011681366317,1,0.0978570013802966,0.107745888624488,-0.174201963894969,-0.0530428753745376,-0.163279437981872,-0.233642072729231,0.0196935529937252,-0.512515983444151,-0.176419418817826,-0.394916235763834,-0.36735372379105,-0.291693510324159,0.0790924086539618,-0.539224931613616,0.281919331628268,-0.497944009758966,-0.608957582453611,-0.320731971031317,-0.289446522156079,-0.20882211717322,0.0086695282573523,-0.297240219233089,-0.250584822014651,0.259096718539871,-0.359492829094342,-0.302699808200275,-0.360991882905432,-0.207268548070486,-0.368638146316724,-0.283127989931461,-0.0689574868676314,-0.26609401244251,-0.139896218418664,-0.0776730810508908,0.0316736454666191,-0.108527910059804,-0.0167443166676883,-0.493324325693293,-0.24249830683143,0.10021835786174,-0.0941188094387705,-0.385506047400864,0.274047146967223,0.136927300290786,-0.113979768273375,-0.220939833272984,-0.211090906895396,0.11540398222184,0.212587468234738,0.184480583433026,0.216459641121642,-0.0870665992800093,0.0423412440150178,-0.0023300812823951,0.0851989427714423,-0.0137086475661723,0.10007886170872,0.154150684314592,-0.263495074538611,-0.0717336245340997,-0.345925836715175,0.0659552267495337,-0.246547371206333,-0.051187519240347,0.0262272118089919,-0.223639725061502,-0.0950852083210975,-0.23121493362623,0.0609923362863665,0.0168637855093278,0.450608413430826,0.906764497520374,0.730268073072907,0.153901254267987,0.719991315187342,0.535331051019117,0.702577578984675,0.54636414014344,0.786978247835582,0.693941716674651,0.891088144051438,0.0170359550714354,0.166786118126286,-0.250391259258009,-0.132962035233917,-0.114210608506327,-0.142312281201171,-0.194445133175093,-0.324348715630382,-0.108617044576751,0.154990233795118,-0.500649286175231,0.0738211194133866,-0.0120800989291926,-0.142649006995649,-0.357902942710629,-0.199302232639686,-0.29064666058005,-0.195652991829691,-0.252765694547063,-0.331557722497659,-0.403918704329139,-0.430524502786819,-0.299781147808587,-0.0192597922335102,-0.276886066667889,-0.369708419911298,-0.351739056638116,-0.141677732933462,0.372176584087136,-0.153007435034894,0.386026931218723,0.102842942299047,-0.0098703440103807,-0.24595623398006,-0.254679429307393,-0.320325638895872,-0.0358258507032901,0.0028769348805546,-0.286794228032019,-0.364561291547157,-0.297487527935358,-0.0560321679693933,-0.0300533592762841,-0.0698252240707607,-0.178438861692596,0.0378186685619688,-0.18802150497403,-0.0786064439192383,0.08859982383662,-0.231682345715688,-0.287302947490875,0.0252530049980337,-0.269744886977407,0.028403272050212,0.150631373805647,-0.185441207909317,-0.257489241336863,0.117593773881898,-0.0335734237186386,0.12927591130165,-0.0049317418102888,0.274247263864338,0.212212115389776,-0.142391804719481,-0.0907846344977285,0.0382369001318869,-0.351518908327633,-0.406069439797895,-0.0548793546551851,-0.230941361954961,-0.274049940907962
