1,0.528858725799447,0.450171583601252,0.472972985146749,0.120756418154512,0.344600395557114,0.298910369768362,-0.143609847247673,0.480572929954831,0.174609112391795,0.330929791446473,0.570576386429148,0.436105461353899,0.287466120304111,0.297345700122565,0.180696521920496,0.0573519221330576,0.0417154842408981,0.0367304524844423,0.0731812119656918,-0.166266047770203,-0.105298274662928,0.22645500671117,-0.0554120356490223,0.0180530503583922,0.203064370432821,-0.0575385126664695,0.107283213178835,0.112547388797299,0.179214397785956,0.0878853973481466,-0.0764594018172589,0.110754847705519,-0.134130320681114,-0.0798709892498353,0.234041697291836,0.0320458412857325,0.112482001950975,-0.190093196353966,0.136920585201171,-0.0697198893247149,0.0672267623104925,-0.104901137082916,-0.322349246147493,-0.0573832438473073,-0.244285225238328,-0.370094102578565,0.337801728142219,-0.261032962559779,-0.18615501418889,-0.0350507235532824,0.0485461552117684,-0.0807971250270603,-0.187114102220791,0.0300582747287467,-0.0459265503414606,-0.282855529534043,0.462664916721138,-0.0710028311962272,0.144168314121352,-0.0817735222636916,0.0275415948798815,-0.190234622228697,-0.247047394285354,-0.342588664453466,-0.430744449592746,-0.223196340597154,-0.133984896062222,0.079423661441354,-0.196493314294625,-0.273872321302816,-0.0872287224887101,-0.104582328735871,-0.0392832706463489,-0.258144772894275,-0.355699517878352,-0.0139701020643584,0.102036284879142,0.0730511987012048,0.016153695048206,-0.157427851718349,0.128271116483619,-0.126773871851216,0.48462706255042,0.764460637112459,0.55905355926668,0.324763519370719,0.323260849345017,0.309758168946115,0.451421543438483,0.348242935883153,0.471599535531051,0.519136977924645,0.0737085307411351,0.297930796410155,0.176054202876816,0.0166201229188151,0.207953784268927,0.123442731223345,0.133716880537991,0.0180594422543774,0.0839489068459888,0.143307598262943,0.185022706498951,-0.0465839286918293,-0.137929992525345,0.0713077761199716,0.191463135726619,-0.195222893017079,0.0370632889512989,0.0254384851243688,0.109342685053032,-0.242499891872331,0.169203692444627,-0.0877929848220889,0.27049645072923,0.123204249886823,0.0064302663684636,0.0738387932048323,-0.0837224378994865,0.139344076903048,-0.222078439555166,-0.0930446823083314,0.0575216813706402,0.0235423864964439,0.0007277696855495,0.269205701947417,-0.0402148340804254,0.0114434140193414,-0.0969411202403367,-0.0289269199346658,-0.214496938816417,-0.166014493628727,-0.262594135677855,-0.183116652700457,-0.116808107667648,0.10850392172417,-0.183028514745983,-0.0726654290087688,-0.129065416348413,-0.227242535805431,-0.349532200799001,-0.261916383551302,0.401087718322571,-0.0628227464184157,0.122012907291573,-0.0989408627024848,-0.418631766854315,-0.30239940022165,-0.378784794928652,-0.233866709659294,-0.130187971062975,-0.0022635549932398,-0.0784084650991213,-0.285712180920713,-0.0553723468242968,-0.36013487050205,-0.137745932925445,0.0612816130151147,-0.152632584820107,-0.17202313311847,-0.166937242545129,0.0399888529193709,0.0197591587432671,-0.179109704253121
0.528858725799447,1,0.479594658718108,0.436777138645463,0.133307347952972,0.73045912887548,0.251910032291596,0.271453029139372,0.48428948922008,0.595809721926403,0.0604299379469391,0.581437446901604,0.633658664913343,0.216880612428612,0.300716084642932,0.150572254645908,0.0592672819763938,-0.0063866807184144,0.0135877429313726,-0.127083543483673,0.124295628037957,0.0940423397613858,-0.0703902350814998,-0.24038727828497,0.0622818961159769,-0.0820719218069166,-0.23988221248325,-0.0134449125682683,-0.262635526854718,-0.131043485364344,-0.256007271703958,-0.308289920918565,-0.275382470636892,-0.459943179442964,-0.213892676034718,-0.143110304824665,-0.0356666200701286,-0.197493010757383,-0.38593099521682,0.108139062815209,-0.327203103117887,-0.1207268328676,-0.371752280861178,-0.584038863938152,-0.434774540466846,-0.36031822915524,-0.498023113315539,0.217661968563883,-0.317619273795992,-0.0199168473816572,-0.24821427010584,0.0619003012830817,0.222794019022994,-0.331320631492053,-0.07377531765083,-0.111030317186506,-0.335362375231548,0.1964266930409,0.0810505720097913,0.226451198103547,0.236130654333378,0.22693738172802,-0.0670015962519079,-0.174439688864973,-0.198077722399984,-0.205744947829031,0.0560755473461027,-0.0689055862252247,0.301767009737227,-0.058740719595989,-0.179524629487881,-0.0182320581636939,0.226895499702401,-0.220239689596324,-0.0066623245148121,-0.226907472261,-0.225913464311909,-0.147511421671544,0.0798045440089379,0.234091347162475,-0.0481512646958337,0.0334386341944557,0.0327641890042802,0.222241577039492,0.757656154668904,0.565773214859135,0.473400364513034,0.734014737795527,0.319795416944051,0.625131908617326,0.483976283475726,0.704246524499933,0.488752516172401,-0.0444983624515182,0.307027179655136,0.340944841910947,-0.0009688999626757,0.178702999039744,0.133614775991767,0.131098704937638,0.0747067983439282,-0.01877942472595,0.238522779465168,0.25359847750956,-0.0236837787549407,0.12921811613972,-0.012945192514748,0.43530893732958,-0.405508363240862,0.10045188107577,0.263225672310006,0.129158582188483,-0.247027040710014,-0.0278195474460331,-0.179480777655921,-0.0737307268943022,-0.234839539967349,-0.229973324991607,-0.252969136351912,-0.432554077709378,-0.0327765091362899,-0.29657476878554,-0.0775601368841706,0.0267077442646582,-0.191045901046553,0.0655237120139893,0.104091084295589,-0.172151017463474,-0.0100316175246614,-0.293262660252542,-0.253837130967596,-0.358216910975243,-0.255268249566329,-0.342022309700962,-0.197117190459023,-0.214332610971951,0.0529830653475922,-0.363221059213358,-0.070934464262336,-0.166841725273667,-0.429379157047861,-0.526237931773389,-0.454198348300933,0.101246461367384,-0.0187191250268036,0.192822245850757,-0.266294317571714,-0.261488544674475,-0.265556758482331,-0.434281185709828,-0.18760965324933,0.0402221621228734,0.257249044658964,-0.148894684797304,-0.305195383993237,-0.0091847490122953,-0.26992206970789,-0.0860627075963032,0.0437932195864337,-0.0068210725199977,-0.46313227272162,-0.365711161194425,-0.103862107479059,-0.0935671831647777,-0.278223422487457
0.450171583601252,0.479594658718108,1,-0.0068877391282149,-0.148128492387291,0.156026128861922,0.662911508289694,0.0264852203467434,0.023347992059533,0.633517514980109,-0.127685650498352,0.305118567380885,0.554087863831215,0.102768734160016,0.301975670424437,0.196716552365343,0.0411949804436345,0.136444398040961,0.0712488836511756,0.0095420296765,0.103592805239221,-0.0242680310672267,0.386817062468828,-0.0482845873933102,0.433743367629551,0.348586761064288,0.143717290865331,0.30387391820223,-0.0279629330566958,0.194103719619765,0.109281673739862,0.164549177405697,0.229287370214772,-0.0363504102614694,0.0243267812551019,0.079052584174574,0.138718380289111,0.124274459424191,-0.274719494449354,0.0449966568121419,-0.390256874239122,-0.0001257309318003,-0.273686832418019,-0.422688648436992,-0.39804942048509,-0.107852471047086,-0.402541202497571,0.174574327510063,-0.349569461256119,-0.0182346512012959,-0.0544436810805661,-0.0366366918754408,-0.228548687853233,-0.261942614521985,-0.183879111586799,-0.112732548547763,-0.306543051377167,0.0536906070032736,0.298666217271499,0.0515362840703224,0.0505018845497007,0.164336188035022,-0.0183006075819855,-0.0211510036602746,0.104301762711372,-0.211203499296948,-0.07323084435103,-0.26680008825749,0.069852930650788,-0.33953802640203,-0.565955837070638,-0.33385856679422,0.0371461736884736,-0.387410951784974,-0.446686457487748,-0.163124251179398,0.0515962573896576,-0.238138355472837,0.248321851381108,0.224544754967618,0.144757782962228,-0.0370656517949804,-0.0322334615764961,0.107056043532715,0.447826102715781,0.11585003288557,0.774989560170002,0.179228226475246,-0.0666277010273488,0.149646912897638,0.0649565088728908,0.649731976226965,0.109727200058965,0.307379318430381,0.152839181174137,0.263393682416647,0.031796426518173,0.234464577897016,0.0766790270049848,0.105841600303421,0.0961512014481653,-0.06377234018793,-0.0613386771507565,0.286355761826078,-0.0375764173767161,0.149418100208851,0.0407083149136019,0.311638528055065,-0.125961124356138,0.170880481324919,0.219770929431799,0.396539679474553,-0.0637295409743877,0.0336057041839227,-0.165647397068007,0.137479994557043,0.135267126944563,0.0738570285845404,0.128228560195688,-0.0829803902801414,0.0192740680747551,-0.0568603246540737,-0.0147872380999602,0.109119560439205,-0.0662386472264394,0.222526286379549,-0.0254290999570267,-0.269218971153409,-0.10800214276591,-0.365073941763859,-0.19814671308071,-0.419814241254795,-0.20013926001201,-0.290223210795993,-0.105980676779156,-0.302597468078902,-0.0387230060220951,-0.274780567384878,-0.261374473615916,-0.223547889356464,-0.321224119048804,-0.293749636214473,-0.206290486225589,0.0493508367719405,0.0046165999646348,-0.114678259949026,-0.392829654311752,-0.461201092239745,-0.254203448821741,-0.263059028476438,-0.225441671419203,0.0577392979375635,0.0481407533007188,0.0694514282766044,-0.225358711818192,-0.016928419932798,-0.507484117915587,-0.225717840290867,-0.0984392333333346,-0.186899207191523,-0.296423179272232,-0.41415576538158,-0.275205340293961,-0.0433309927818102,-0.100406213527398
0.472972985146749,0.436777138645463,-0.0068877391282149,1,0.243692838620705,0.666360553638841,-0.114224748032859,0.130488233186749,0.888484626057882,0.0208536026641907,0.616252669218554,0.7425519575796,0.279682760371459,0.386481752640093,0.194634916740117,-0.0277190387232191,0.26391154940852,0.101185914425,-0.152567698531671,0.0354795659532796,-0.301011905573575,-0.193324372342354,-0.0380909920807815,-0.282487509168227,-0.306109040133724,-0.178146102776085,-0.0385967987866617,-0.105268259649442,0.198280050224762,-0.0913998819327087,-0.055190316535067,-0.198014668623501,-0.0664468936151101,-0.361431368888475,-0.233620231504823,0.134147489858324,0.130006803166413,0.259139018234277,0.069996285935862,0.4989987305363,0.207475728858839,0.348441831658848,0.252060545999018,-0.125263305341996,0.25329534909306,-0.149531213906398,-0.009610288241972,0.158930934345124,-0.370621774793702,-0.318667453568522,-0.0156226980687611,-0.105864981068297,0.0311550173010555,-0.247468357385513,0.250551801199086,-0.0050134724036731,-0.223296292177006,0.584120215040121,0.0090683826708135,0.434739295104948,-0.125903942443046,-0.423252305516734,-0.307965190427059,-0.172682197926539,-0.573584016031243,-0.555358777032792,-0.398728523287718,0.0161910923701287,-0.123557524961007,-0.0521351657232308,-0.0614021779495329,-0.183012158946836,-0.234760705801226,0.054682005172747,-0.151848428109297,-0.540154510414146,-0.380628090047242,0.069931529646974,-0.228768503584605,-0.199764817438076,-0.520259845066851,-0.100555111446457,-0.410405002770332,0.0032055156628958,0.463888679751793,0.881903791467849,-0.106874309571408,0.539873844050665,0.511902554731346,0.859683335902426,0.68417676691871,0.0803782753070745,0.788952756521318,-0.100108322647345,0.264674820038315,0.0215483266319451,-0.202240563142774,0.0549894692373254,0.23323529347375,0.25333381319932,-0.0641311632624306,0.160111366425732,0.230875529230192,0.111168230717197,0.151279521531941,-0.365648766539886,0.190409508842907,0.134789935932229,0.076212117341913,0.185715759025418,-0.254901499914781,-0.0858236285811093,-0.250661348870292,0.468667903705663,0.264694473578526,0.392540075235979,0.134399563420911,0.0240361861148457,0.00031821094635,-0.0022126461469234,0.343384051907715,-0.205150451353585,-0.0288465705315573,0.363920434754892,0.0403137350255705,-0.0834871295674228,0.363087114317564,0.371635090143925,0.46125249230857,0.410792142473274,0.333382332156056,0.17926960030199,0.125419554563005,0.0568565143271118,-0.220941433506509,-0.0140261829199302,0.0911994537621307,-0.0156831358139629,0.382798218636917,-0.100443862359051,-0.0057299288183164,-0.0660292024938144,-0.340415534107642,0.403623184722286,0.0905923833699562,0.53312744712707,0.138266063659711,-0.0733042220415514,-0.519904218288552,-0.469012583998898,-0.258299493792073,-0.284280441292397,-0.203398872830843,-0.360200969247144,-0.512213898904689,-0.0979738775016237,-0.086782333071098,-0.176032419830356,0.0675250173184074,-0.183660743209363,0.0643824894789626,-0.0862205952287356,0.176850339341,-0.255627772413919,-0.337478515030217
0.120756418154512,0.133307347952972,-0.148128492387291,0.243692838620705,1,0.309268791788137,-0.0992540537823954,0.117940497241494,0.286994288897387,-0.0798176507344552,0.418225207258664,0.166651230051249,-0.0996268681929629,0.342633177135667,0.157275562308395,0.0735305382775738,0.126192434510936,-0.107318757184022,-0.0854257489140098,-0.17337382450817,-0.109629358061709,0.0019860363413666,-0.288483751782338,0.131498879160514,-0.129020530152881,0.0389426303033191,-0.0317179868174212,-0.074137372838749,0.0650319795432045,-0.135058132199738,-0.0641996708132016,0.0254821660310419,-0.232747878463605,-0.124641321578921,0.231598911197259,0.0985604163272062,0.0328877909275545,-0.112703582357487,-0.129242700589437,0.377045668651833,0.142761659864826,0.278109894952537,0.0763285394257582,-0.0209526552833596,0.0930619782767453,-0.007006946909469,-0.0804776791293908,0.361673012513941,-0.0351089408880474,0.0109190061286718,0.0054337047589963,-0.0148097633069028,-0.0083290151381913,0.155128679003948,0.279374940014985,0.0053457464906972,-0.229845117630736,0.479508307422935,-0.0784144841778334,0.05110523294352,-0.378550123343664,-0.109167227114395,-0.522775845959949,-0.2539708846077,-0.400938527090529,-0.416190125435676,-0.0306493173767656,-0.153625684482025,0.181807291646393,-0.371815273795167,-0.183339928529916,-0.0967264032557724,0.0503273738698831,0.0529516257792741,-0.306514600712576,0.0885148960805806,0.139188704671798,0.732201495395411,0.0603549793449697,-0.112111741615661,-0.154565294539494,0.630151686173445,0.193881183823979,0.588013320015269,-0.0496691491651191,0.225842825505382,-0.275042730649501,0.340520212205965,0.78814170741194,0.221206680407338,0.279551663834479,-0.188739945044904,0.260931196543937,-0.159139249093777,0.204373077126133,-0.0351826961426791,-0.0111786372923683,-0.0454422868531544,0.127131468095917,0.0717169990781308,-0.122386569379993,0.0821783252518678,0.0343877878423814,-0.123789538348114,-0.0548132896014973,-0.0057071214501637,-0.0834022265253171,-0.141088427972971,0.0021978393507131,-0.158849410951775,-0.148314370019843,-0.0670579788771353,-0.0861829805940306,0.0855673846005032,0.0938888463823615,0.0543287340940217,-0.0289995481559181,-0.11780055848847,-0.135355183611289,0.0914624608009893,0.0750451667573872,-0.0612797919252879,0.107015279627564,0.0358977391407588,0.0026010003348693,0.110050581130176,0.349224019433778,0.169665389204326,0.134822628107094,0.113581490226899,0.195258621626691,-0.0922767447479752,0.0102286725823018,-0.0387833240825866,0.0907204171914184,-0.011982628329511,-0.177785566986529,-0.0992052945734958,0.149721195317463,0.0008373838697705,-0.0410565062358212,0.0671328597079079,-0.0291866628773671,0.437447019368124,-0.0514242117776361,0.323103401452574,-0.0099449057102833,-0.310773396638056,0.115087880733086,-0.191930945122625,0.0224262104571547,-0.401962167076008,-0.124679183224916,0.0869051433216668,-0.372519995941525,-0.1534392602084,-0.143907451845804,0.0509087426152032,0.255601430524108,0.132295384725597,0.10892620444585,0.29258262404364,0.680054606697017,0.192323989038713,-0.0245497597660675
0.344600395557114,0.73045912887548,0.156026128861922,0.666360553638841,0.309268791788137,1,0.0873805609883726,0.365377479630275,0.693502151816429,0.31612186214397,0.29029422575786,0.729665865918484,0.434404623000314,0.337984360780657,0.23411919033556,0.0573725579170215,0.139657406930579,-0.0217439616153657,-0.176778108668841,-0.0738357649899214,-0.0118786422674586,0.103810451830274,-0.0507426309195096,-0.144857719923582,-0.0275924326127346,-0.0222064534868504,0.0097373173752875,0.0912072106780534,0.0039447181415372,-0.0799840640127319,-0.0874737090323202,-0.24121354070878,-0.171179233859944,-0.378807473483349,-0.0492777894423176,0.0428861423602073,0.0905780404195915,-0.0601263152909123,-0.217859388196679,0.417733852814748,-0.117426178154004,0.134321295963677,-0.0536581060645341,-0.459502637469764,-0.183526631472472,-0.307403215297861,-0.259771607411732,0.311738535451131,-0.295978324953625,-0.0447313891419532,0.0050557947540531,0.0933154901997325,0.225207571537783,-0.279091979455065,0.300992326180948,0.0483265226054298,-0.299784362284731,0.319370046562384,0.0044051540787837,0.394708701229552,-0.0736578041012518,-0.10990726413355,-0.277590775040099,-0.134075665411613,-0.394923244253247,-0.45304492670713,-0.0671917068322474,-0.186790775869012,0.125004372656501,-0.133062449094573,-0.157598072508648,-0.173297411906142,0.0474419100101294,-0.267449055586833,-0.168949906462333,-0.362573618041505,-0.363888719881055,-0.042412757592593,-0.0962664490372417,0.0379859292430336,-0.348007074514293,0.103955520344011,-0.0978547943168292,0.14952068977644,0.486071259986739,0.738683595454876,0.0859953417419731,0.753160725456732,0.50302625536581,0.824002167314607,0.643612872102887,0.361592335860042,0.690792057775241,-0.0500776076072981,0.217047426244059,0.126657041038969,-0.10432751198248,0.0922963919370191,0.122750601250129,0.13633033395832,-0.101339100194085,0.14729296102699,0.256098135646018,0.250088716722419,0.126203071946772,0.0423295756250935,0.0186695115090245,0.415214315000017,-0.245522330898303,0.163338976914372,0.0938311370351775,0.109027430869042,-0.347633029124047,0.131914983992492,0.0779687919671626,0.0718608316892571,-0.0769053237818739,-0.123038780658253,-0.212357380301808,-0.299460056682302,0.211775861008603,-0.279053751870842,-0.0026550878686765,0.171640072578454,-0.057348960364367,-0.0664124140085686,0.196588979937183,0.0535612628567699,0.244042064929298,-0.0330182901316646,-0.0355571861117869,-0.138976625557912,-0.0944376830721129,-0.213605408252085,-0.100340412153855,-0.325283428627,0.0985988999626285,-0.344098609481688,0.253554724233185,0.0060239831674388,-0.40934927547403,-0.253745064410545,-0.517253816664352,0.240961400682121,-0.0913953797293479,0.382571910863752,-0.319424028419287,-0.357808717147187,-0.351911714822453,-0.618297263512553,-0.216159702863958,-0.389337146961478,-0.0183058441626587,-0.31271952937575,-0.57071216048349,-0.130656668024862,-0.283963220253998,-0.293871951465841,-0.0517423743401668,-0.10535462238238,-0.340312287678936,-0.354715872756372,0.0726612745593003,-0.226962646329238,-0.447010065068822
0.298910369768362,0.251910032291596,0.662911508289694,-0.114224748032859,-0.0992540537823954,0.0873805609883726,1,-0.106894700667661,-0.107050773879908,0.537034037473177,-0.196303080337932,0.0511781463272631,0.341966171049489,0.216391974065796,0.454806946518847,0.366872614872646,0.190506389793336,0.192200291257929,0.31767357127577,0.101310562561445,0.255525656303911,0.259948256855043,0.493789647401068,0.277875597189278,0.414311941161122,0.187491295807674,0.2730756095944,0.257179236000645,-0.169432247641191,0.143597378281444,0.012335133265285,-0.061551830082951,0.120408074743745,-0.0168497914738529,0.272608245195236,-0.066809728878285,0.246937929338247,0.0587707791567044,-0.278957070106895,0.0018480593947626,-0.586724985771255,0.0926320595608183,-0.321926954453,-0.529127487982801,-0.485243192269798,-0.125564342985917,-0.369879813256843,0.180632203457672,-0.117520231237535,0.196637446214127,-0.045693614267384,0.198818391084059,-0.0540627539188346,-0.0888497066957205,-0.0469705890906926,-0.137184722006472,-0.339211916893318,-0.167774697874152,-0.077753186422362,-0.0073695177076518,-0.007542995036016,0.191800258898417,-0.0257428561357037,0.075887767175614,0.181747971638534,-0.220212284259051,0.203930081418136,-0.400445834950233,0.168455363684339,-0.423919063212738,-0.583401266838362,-0.283994600498656,0.135184660694065,-0.460154569622959,-0.426459140034517,-0.0172441881523143,0.13344010343748,-0.194238503224948,0.25626346916019,0.328454846132462,0.147854793780433,-0.0644170415254505,0.16018332130968,0.100021260002262,0.164105816713496,-0.0683795542001737,0.646746716836719,-0.0105178184303533,-0.117243267397267,-0.0166528074577451,-0.0356001976271855,0.51890625064936,-0.0536213612162287,0.0884822328369377,0.310135602441555,0.303930099420104,0.203240424456223,0.334127823669064,0.110270931605288,0.114690680187134,0.268820820064118,0.0177360009669693,0.147134433589531,0.318680170952084,0.072846659645529,0.291921192550589,0.333692516789722,0.495755900797459,-0.029840385337252,0.303557997193731,0.324523809029386,0.246831922712162,-0.0536908951366896,-0.016666843468207,-0.324910171304162,0.0801743953315621,-0.0821479198153502,-0.0440081750854862,0.0587500026245341,-0.146263294707742,-0.144645153548915,-0.112303588303807,0.0455996912261058,0.0852374287786883,-0.149526183543925,0.286484126526399,0.0854705453447037,-0.45552794066751,-0.0536267052060928,-0.485120968708093,-0.312302851040701,-0.548641379203139,-0.302800340739512,-0.283061987667826,-0.0389177472573189,-0.440567076024298,0.261223575421955,-0.161552938402843,-0.200248764443041,-0.210541666051948,-0.331437939456009,-0.203684337460394,-0.209553825158007,-0.212659670103004,-0.189364865230745,-0.196723690986491,-0.446089917559741,-0.546564529477601,-0.138181397424145,-0.174567876140023,-0.0009468411554654,-0.0373998618104328,0.288820345824315,-0.0275592853460507,-0.197145693249314,-0.116103277720384,-0.50969254714721,-0.120590577300446,-0.0031413814581664,0.0579315594986851,-0.392144769374294,-0.343527619554471,-0.247664131327791,0.0249419455909502,-0.21848896056195
-0.143609847247673,0.271453029139372,0.0264852203467434,0.130488233186749,0.117940497241494,0.365377479630275,-0.106894700667661,1,0.359991620936147,0.199039000323021,-0.0504094545767064,0.0823714232231066,0.170314258676341,-0.115393508370427,-0.0559567988690645,-0.180543785001837,-0.184328376495565,-0.156082878421033,-0.214163889710533,-0.137690836307473,-0.195546053721005,-0.0225529100895185,-0.21720657217904,-0.251982089862115,-0.0094098320434084,0.143535717584549,-0.0267945637398077,0.254106477211375,-0.0296049156634076,-0.0146526692687181,0.177574429398993,-0.0203944508682667,0.0771880210173834,-0.176499188203543,-0.0595876533894957,0.0927231375186804,-0.264746223993575,-0.194876859071305,-0.243736396702586,-0.0234818713963416,0.0224004369685285,-0.173126955704904,-0.0793303839560608,-0.273450472134964,-0.0186750233426741,-0.357613597383004,-0.149888715214683,0.145896307812641,-0.0319185766376059,0.200929124821213,0.245020725871373,-0.0218975542074155,0.155736094679166,-0.285621231320194,0.0757322002577799,0.264297201885215,0.121798829914984,-0.0187536945858477,0.293460688069622,-0.0129238066588832,0.119160229686183,-0.23806698253365,0.106453928072489,0.176301144306345,-0.148095293123863,-0.0655102600978495,0.0192643717769544,0.0021226359119746,-0.322097141959022,0.0312735079296622,0.0734919003632973,-0.25470120567489,-0.096144763819268,-0.165675103421938,0.0055131537250846,-0.145979610933559,-0.457846589544604,-0.163157254162485,-0.102212782155327,0.243441964865886,-0.164516442931618,-0.0148682190707128,-0.262733780054828,-0.167883577482071,0.0631461945775891,0.0343943434398536,0.0071144064250129,0.477636133243802,-0.0188590040734854,0.382022090168309,0.395097565118265,0.0563853355694902,0.122034642672284,0.247979914124401,-0.17872914860688,-0.102044433859987,-0.263364776183447,-0.212745587036859,-0.140704990180646,-0.137181516223418,-0.246352958834226,-0.265845253408181,0.0058559162355311,-0.188686852238046,-0.225672095351074,-0.0441059592657666,-0.27749968251101,-0.0466713716649201,-0.302420180546135,-0.0638071312304791,-0.0136983561614112,0.169885886840178,-0.403250813810083,-0.032321224195425,0.386918094372301,-0.0291715522867251,0.232594727283241,0.343617183213984,-0.230125746046547,-0.0449755989331707,0.144477542005265,-0.172659287086533,-0.125505823372182,-0.148249089258623,-0.0468884923170859,-0.258411103365265,-0.219710450385834,0.225441872986932,-0.125295497872413,0.0068422517353116,-0.145601373311083,-0.0612148193350633,-0.134719153432246,0.26741795281902,0.355123048607324,-0.123161923716513,0.336933348354835,-0.0423977527152712,0.185797596290314,0.138077335630528,-0.0414243876076254,0.0676500153492448,-0.241979581950742,-0.150078651728522,0.169682709257485,-0.0086686104698561,-0.120259692427881,-0.159230680110911,-0.284425450450167,-0.213470134914449,0.0858194127716961,-0.229842031594694,-0.183447538739587,-0.387503471282647,-0.211345392807309,-0.225038457187116,-0.0878941382312767,-0.267062311381891,-0.187434908902455,-0.150879648884841,-0.234555264766406,-0.315526897172101,-0.123311314403634,-0.092502081637866,-0.269121933875849
0.480572929954831,0.48428948922008,0.023347992059533,0.888484626057882,0.286994288897387,0.693502151816429,-0.107050773879908,0.359991620936147,1,0.0676850896863657,0.652410074034679,0.701335578273203,0.346747885809266,0.442366932575333,0.294530685505298,0.100954358971053,0.296118006113039,0.138499628126444,-0.118280834122252,0.122813120718025,-0.184726343551018,-0.0694850763599087,-0.0231314478773439,-0.281803013099107,-0.28452425675623,-0.112278173825954,-0.120090086026913,-0.0718954903787354,0.126821246989694,-0.0689862325346654,-0.0332999945652082,-0.22066519741873,-0.0665994745664356,-0.430709459789723,-0.317289357415796,0.159050783727207,0.102879807453217,0.137518834215308,-0.0509985946649306,0.498646004178586,0.199718348583652,0.268769805135674,0.170338113933093,-0.253333790214146,0.266222780692418,-0.172600452714554,-0.0046042549641283,0.379888109249025,-0.42651253973274,-0.284992831826408,-0.0473284624838587,-0.193178854494566,-0.0458795860285138,-0.394086964038961,0.146893652528329,-0.0165640084276611,-0.213991437647544,0.597185961229161,0.0991657768896191,0.423315378974426,-0.0836453326930204,-0.361926916866867,-0.251192707421768,-0.0768670792482742,-0.536528532410116,-0.582212931670072,-0.419131383020455,0.0681791941409328,-0.165516879367148,-0.104865658279294,-0.0655631086046453,-0.217612436308053,-0.285845722478108,0.0545141696270604,-0.232253359857151,-0.602329094512938,-0.493525347108366,0.0650106208091206,-0.184477511474333,-0.131910533122648,-0.4744924927437,-0.06722934843423,-0.394446744104712,0.055430666358611,0.551843525942094,0.79462711619253,-0.0182154289029589,0.551547486095288,0.525175740568648,0.942632867265506,0.877154090709939,0.133950929113599,0.84252066112696,-0.0667867298736126,0.287092044121199,0.0640397024105405,-0.079862643004551,0.109823638732879,0.282019413159453,0.294935136989187,-0.081593632732759,0.19612241806455,0.243000645867861,0.177083183259465,0.193208844249018,-0.282135013795695,0.0825359646643723,0.204492456439105,-0.0586477440757291,0.180005131888909,-0.191051607692308,0.0145360032403478,-0.366666543009063,0.399767677954824,0.249815137556304,0.333122836194884,0.146126744636657,0.0539167763104733,-0.0489899171430331,-0.105173291050931,0.37385006672086,-0.264855732478734,-0.0208912620532206,0.293900789063982,0.0186146601786496,-0.0887512301414423,0.390629427390231,0.37405145553063,0.433783210733834,0.401325262408663,0.264640043200615,0.107653013638232,0.0277103699086769,0.0001162824850671,-0.186907603919287,-0.042202290955116,0.131692276095559,-0.128292900271311,0.281714741762321,-0.106532896737877,-0.120134196471779,-0.131198075294939,-0.445924463250014,0.390719999123198,0.118697062861305,0.484373270382575,0.124106096948497,-0.205959594698099,-0.56092505483849,-0.54089188357689,-0.251201030077738,-0.299084394476237,-0.202001292897219,-0.405026463534412,-0.506783156557213,-0.123185856080079,-0.144910204404649,-0.17964146458085,0.079515847515946,-0.202531383112053,-0.0606285449148361,-0.183146980648707,0.150898344315757,-0.202094316786517,-0.357202516337532
0.174609112391795,0.595809721926403,0.633517514980109,0.0208536026641907,-0.0798176507344552,0.31612186214397,0.537034037473177,0.199039000323021,0.0676850896863657,1,-0.282052587580882,0.318796925369699,0.714623288320207,0.233612677790644,0.431842353626176,0.268265188669949,0.170260876192007,-0.0665126133320558,0.137797945918549,-0.0390039563288189,0.311223705856754,0.210194746670168,0.0847854932302337,-0.179011871600773,0.353256243106193,-0.0044210718015822,-0.0711990497757175,0.110390120913084,-0.532805234089481,-0.26350841986874,-0.308929825702653,-0.146652634104683,-0.0885563921321178,-0.213525820230901,-0.0380791277212289,-0.206473290581349,0.0542638418267154,-0.266760895991801,-0.532129526597449,-0.0217263041434191,-0.46508194020842,-0.0480911373219878,-0.408084141507668,-0.549759795065098,-0.477783360493283,-0.198940840943659,-0.399373356887394,0.201043626337335,-0.392265613454758,0.0972568310369234,-0.371308123616411,0.0987691000288486,0.0770751978868677,-0.33110294375588,-0.179276985139393,-0.120384084610093,-0.311593838384157,-0.108549311524374,-0.007690691410815,-0.0521634722147904,0.207424549855577,0.361091118205149,-0.0135555415534874,0.0663622189989491,0.111784957334228,-0.107074116259124,0.130027285694323,-0.115978159119215,0.274959597314833,-0.274129054193449,-0.40769855309728,-0.106852838892236,0.33559909456339,-0.259220839533095,-0.138314595010476,-0.0905359424408347,-0.107982173474582,-0.27248325483908,0.163881186902748,0.270570585405003,0.119679083997448,-0.0048601722956871,0.106783855473187,0.0887961658685451,0.411990789834203,0.0411927350216481,0.639981278461717,0.350239924728971,-0.0431441966515895,0.204057801511002,0.103054576135871,0.743587256729937,0.0229829726218795,0.120667936573789,0.390449226169408,0.47955221552845,0.170098142279618,0.243750566597844,0.2857056284655,0.182732542961136,0.183867568154336,-0.202801198633661,0.0159948164065785,0.292881973263052,0.0860053285195339,0.305448153267171,0.0250853440864647,0.564946599352567,-0.166561862801789,0.307625171769397,0.447632155068489,0.104342764532701,-0.241289449554367,-0.168953592594146,-0.419175011327243,-0.255447408922996,-0.30891244048615,-0.201044330890696,-0.0978113771753869,-0.346652035361835,-0.162927918571199,-0.180297685147707,-0.0180629748090031,0.0357923104116212,-0.280269597243895,0.250675639240582,0.0701326451020735,-0.310251469778721,-0.0220297077219754,-0.397204929453327,-0.327300260952634,-0.422872416469715,-0.324957775263031,-0.451089449503228,-0.165580752935403,-0.352042060683954,0.0578129474956166,-0.278405789035095,-0.42265371194153,-0.416353078755328,-0.481459645420581,-0.442330394106064,-0.313920172925369,-0.220054060246165,-0.216931501293579,-0.128489755928344,-0.307276009644957,-0.274327694425636,-0.134618575920062,-0.215801013521386,-0.134111636362535,0.051105742506252,0.290262920252697,-0.0025811251245476,-0.224018784980771,-0.0139745824670626,-0.449916719010625,-0.0341620230446005,0.133153631680442,0.0708320654885063,-0.407421481465163,-0.380347680215319,-0.295940951052868,-0.199942633464939,-0.257672322002339
0.330929791446473,0.0604299379469391,-0.127685650498352,0.616252669218554,0.418225207258664,0.29029422575786,-0.196303080337932,-0.0504094545767064,0.652410074034679,-0.282052587580882,1,0.430444162814556,-0.0314755746451769,0.414110677363412,0.187902458229033,0.1532069894472,0.279156593428165,0.236476475410868,0.0390477719615574,0.265763335581212,-0.139118196399747,0.0511568713213842,0.131444167354121,0.0836505254984051,-0.308524061179252,-0.0886560511307704,-0.0800844161274666,-0.165988077795393,0.361893424572532,0.122390644071142,0.0108909601525478,-0.0828046474637413,0.0216743779353705,-0.169867770629707,-0.128202041238144,0.192766158824881,0.19468101915989,0.235785413633596,0.19402522485455,0.477923958409246,0.332949026392329,0.380345987128779,0.297881808589846,0.153402233940574,0.395777775115484,0.085358136736398,0.287099314312585,0.35619139184303,-0.198178948226439,-0.337032244082244,0.059394475140298,-0.232459568300994,-0.201022509531279,-0.0471766572973903,0.149725753822561,-0.134900912466636,-0.176970969351427,0.705861274823976,-0.0280089863581084,0.331441036678148,-0.26067887809333,-0.289952467707032,-0.297531373640559,-0.0433502108435362,-0.440236778755681,-0.534400963433702,-0.375481118672025,-0.0287810548694265,-0.187218442197534,-0.128009076640038,-0.0739277802380983,-0.153425367698468,-0.321224314605793,0.0994136258358282,-0.289485844898743,-0.356397193721975,-0.0933741427877459,0.461575345422785,-0.105424480161472,-0.360900684752315,-0.342790731802909,0.0992256815406735,-0.359184666993228,0.175170939240836,0.217533121544237,0.590048617520709,-0.198552181889768,0.186379772437507,0.616581273327972,0.56175965740915,0.629338102761414,-0.201837658955341,0.695697308264048,-0.189570742738932,0.244063761776055,-0.0515726832432168,0.0642754454099183,0.15647438316105,0.289959713737349,0.261604710250332,0.0307329665157195,0.271451979784199,0.184011409413498,0.166614247010741,0.196793837968108,-0.163540672929388,0.210194569483773,0.0970878894450396,0.231343805180988,0.18988898044276,-0.2626766182275,-0.143489612338336,-0.15252355894686,0.420522040233443,0.268477413793206,0.499945095030622,0.168427354527342,0.0139468817368036,0.0910129365667409,0.21817750144375,0.299653425923217,-0.127363544914668,-0.0264232737358114,0.294680433005118,0.061899927952931,-0.0223410832019753,0.440835511372567,0.339194383779502,0.440058002384639,0.479614298036256,0.466662809556254,0.247730360789403,0.102699121520046,0.0719846478826654,-0.137759842721517,0.0432844116272254,-0.148275406397899,-0.059140335936879,0.25674866282242,-0.0922488553373041,0.0890907586905993,0.0717515212883883,-0.212453124178409,0.563990317594219,0.0552956262105252,0.540635028679006,0.168807853703945,-0.144044411146508,-0.342005524659057,-0.341905861581379,-0.188716679048352,-0.250027465457829,-0.275639696644739,-0.235375391903549,-0.375319478985067,-0.0403615978361413,-0.0699400081001018,-0.109146726071118,0.126301320738986,-0.133204051473083,0.259197257023582,0.163933472367032,0.462592515338335,-0.0115583310699667,-0.0931591965210777
0.570576386429148,0.581437446901604,0.305118567380885,0.7425519575796,0.166651230051249,0.729665865918484,0.0511781463272631,0.0823714232231066,0.701335578273203,0.318796925369699,0.430444162814556,1,0.62729570429136,0.34075667022661,0.23367510489676,0.0949002382724803,0.151801702040057,-0.0444260950341187,-0.0993446877447751,0.0399277349503626,-0.049192919019283,-0.0359443146377965,0.0649422438850761,-0.217446902531141,0.113267783417315,0.122562029483817,0.0550651843239101,0.142077845977463,0.184356130876419,-0.0361196332914754,0.0681942167972598,0.0654702168590588,0.117715527379865,-0.172106064085321,-0.0794691867762202,0.345953504454671,0.124186891921122,0.148987367397952,-0.150532918429272,0.44166881168402,0.129304505381932,0.22935947702108,0.134522056583903,-0.243150709739438,0.0528806724515042,-0.079829276434826,-0.169706362574376,0.347507725082049,-0.441217506675218,-0.337383072348799,-0.0018787860808728,-0.0751837819561825,-0.158391100424983,-0.380331400569495,0.173335523010914,0.0090610646256057,-0.352064050980233,0.584576236754205,0.0966048959629057,0.28362403766402,-0.292591403479726,-0.152084847144857,-0.363978377579755,-0.273788686846343,-0.413759903210309,-0.557591840280647,-0.420684650351878,-0.203497413835144,-0.0004602684889148,-0.266583534488361,-0.333811169506577,-0.276042124295932,-0.212133591651804,-0.152163574149514,-0.350542410079855,-0.494737758303619,-0.239374288478344,0.0587817454620813,-0.0760826528595559,-0.208652349697095,-0.381269394183197,0.107460681514134,-0.299363068451816,0.242743049295092,0.604829565736664,0.796391402038922,0.148678831235833,0.540727603556801,0.471391189678133,0.772412158717117,0.558062674916972,0.308718253425887,0.79528041535036,0.133818786768458,0.266752542404967,0.184575740728512,-0.0640035897794169,0.0473345318461285,0.275622835177062,0.269155430419066,0.0184517817499188,0.137960748667794,-0.0455933019162296,0.358743532967699,0.253420590845822,-0.0255852024283046,-0.127962068836317,0.253539705979502,-0.0363387110805719,0.169037202724195,0.0487526202283767,0.197344052814202,-0.267163545871985,0.327645342822762,0.108022244266286,0.255272793873109,0.176881408728163,0.0006968483996859,0.164656102915198,-0.0566980412850009,0.448125351796222,-0.112919588689857,0.0547334289786664,0.231699688719521,0.207192901063067,0.0760136035559602,0.339895316510309,0.224061539144108,0.348137870153477,0.169952708995756,0.211625829242849,0.0755543805284174,0.0772666964739826,-0.224694665069374,-0.275236612242171,-0.203225885583479,-0.157278382806273,-0.357676780879769,0.0804384346620228,-0.0388741557519481,-0.319779675119649,-0.2763141005627,-0.342587233207776,0.526039826573333,-0.0632846019675629,0.376601431188439,-0.162901077602973,-0.30833641839041,-0.39267782149198,-0.523851429513306,-0.451672828735791,-0.391564589835364,-0.272334256779924,-0.11187790035549,-0.596934430151994,0.0184797537339757,-0.382020109872122,-0.338437947173367,-0.130184459750149,-0.341012940577867,-0.0430367595130614,-0.276584226141792,0.155746929802917,-0.305308043545795,-0.274657709252016
0.436105461353899,0.633658664913343,0.554087863831215,0.279682760371459,-0.0996268681929629,0.434404623000314,0.341966171049489,0.170314258676341,0.346747885809266,0.714623288320207,-0.0314755746451769,0.62729570429136,1,0.259296094230134,0.466038084864945,0.330792879993606,0.196904389220671,-0.0560602364763828,0.214643384696055,0.20252764693139,0.192206500430874,0.161856275436297,0.265303524222791,-0.289918962044126,0.316020234863966,0.162913890055107,-0.0934105008127704,0.349874108368273,-0.200014261754344,-0.0682450980164274,0.0882626068185542,0.0573425977680731,0.29162792079019,-0.166782201812675,-0.114334270026783,0.214294626785606,0.0093897618205593,-0.156709670767993,-0.465483996761242,0.120327990896669,-0.121553225093017,-0.0442515778525293,-0.180029671297639,-0.517849929056282,-0.269093026894756,-0.204510435386112,-0.275832691192416,0.308549451957747,-0.421407938359813,-0.102205953703173,-0.0881499577580735,0.070445203170398,0.0005450702558633,-0.530130593799067,-0.0044526031571271,0.112145660480497,-0.231277233152092,0.0335111318286523,0.0141892861126902,-0.0559978707206465,-0.029673016215395,0.15792098141617,-0.0386678821752808,-0.0139752055306769,-0.175830675074063,-0.408040688346098,-0.282557098835829,-0.110197290580623,0.013491704769364,-0.246682100659185,-0.272651551914912,-0.324337605888631,-0.124005789919018,-0.306798417946103,-0.29911479920134,-0.395112529879034,-0.323444794933684,-0.317433604707527,-0.117087443960964,-0.102143686846133,-0.174736327089048,-0.0772663311130433,-0.0868165699027567,0.165066633815956,0.618453981396647,0.361007473697865,0.632250798918763,0.346782623473063,0.0552473138490032,0.43919048517483,0.347406060080249,0.687672510352157,0.37175732382163,0.405430854084526,0.431155794938206,0.407996488906341,0.265281501341611,0.230628462058851,0.35708663593879,0.322808050789489,0.303987143673633,-0.0917509117784623,-0.0600190940081409,0.430913914462233,0.104063657836504,0.219382923596015,-0.134119533082664,0.49515217369858,-0.198417554975734,0.20965368600484,0.351596421590419,0.335989251538701,-0.400402003234772,0.0397691026060052,-0.15741648084368,0.106075681165354,0.09177386186089,0.0419587142674109,0.0807437421047361,-0.280830223028124,0.267866944483361,-0.242858016448556,-0.0575733143683276,-0.0186797902040505,0.123160267726947,0.164896288800922,0.20431336318292,-0.0286436431631825,0.09662046933398,-0.228053056510212,-0.213394236459759,-0.157320331585078,-0.271940111738409,-0.429041799986773,-0.226702331613561,-0.365569319653038,0.0390272697148009,-0.36391336839627,-0.288364683637062,-0.0693053390137203,-0.569786680748682,-0.496796024303724,-0.387581018254296,-0.0177777729991082,-0.355928809299611,0.0191209176593013,-0.336684929040007,-0.342709097458905,-0.377357187840097,-0.517870740692997,-0.430964153500843,-0.201713228485299,-0.0943591046027362,-0.136613935258791,-0.442645942930402,0.0648177605579457,-0.519499645147056,-0.343015383288858,-0.105000642908378,-0.338758494429833,-0.433725684796152,-0.532231187006817,-0.23145865381558,-0.461979771512982,-0.467662619428226
