1,0.83407399502121,0.575482936041886,0.900135103860087,0.718357308254945,0.59007212782524,0.579711162272472,0.119594493280772,0.775273636624464,0.628777614404598,0.835197672745038,0.584873230929389,0.594382197814593,0.310268707646418,0.389896067751082,0.347760726968621,0.303936596746956,0.355648194143,0.386089615484814,0.611866841831207,0.193813689995593,0.417967196458418,0.051808306846551,0.370861438063057,0.17475911695788,0.420844787357729,0.458186806282192,0.400933479054096,0.0189703250833506,0.336452477978938,-0.125712354335122,-0.600699484752385,0.0025920758721557,0.027029664707855,-0.159903522589447,-0.0148370446535418,0.344003649856049,0.0215407823215,-0.354316083834466,-0.183277976363746,-0.23355368515453,0.496742220103556,0.0063288344891458,-0.268369213412508,-0.153927934288091,-0.342440429166485,0.306369873014167,0.227676004070958,-0.519996552470268,-0.30158332895157,-0.320966217503343,-5.8299690117238e-05,0.483779005522652,0.173401101409558,-0.13476445046114,-0.0089965133477728,0.313190494197687,-0.336255063023386,-0.533832899055038,-0.477554168335646,-0.0628398964955778,0.360407778736959,0.401293511788356,0.412072164048857,-0.015910665038837,-0.0186813519142774,-0.0773516374351067,-0.54597514562505,0.0430792422821332,0.240652904334122,0.107506965187433,-0.208605719867757,0.0852373201140655,-0.405933179044527,-0.31472336971286,0.36225329911145,0.189255685969634,-0.108856075846648,-0.272478520185341,-0.546748815955382,-0.521548501281257,0.261468189374586,0.754478964528768,0.666165294337192,0.875426767477823,0.919389846600571,0.455443822627323,0.607619190666582,0.775089145839947,0.644173595708723,0.786738868299257,0.483821493794379,0.762099869826082,0.724695130717595,0.134501165556338,0.280685403368421,0.330142283599871,0.273801371191383,0.28590132207362,0.362691299925219,0.419629221422856,-0.0067462388307204,0.489735121444641,0.473664370909153,0.380968401452289,0.508943763974198,0.207263666893538,0.157449531950653,0.330100186775255,0.0510285284756124,0.241792431829917,0.318904581602436,-0.424160354970429,0.515857096957974,-0.45304131249111,0.477644124810699,-0.201012621921514,0.278222930568841,0.290187253159343,-0.445068690012991,-0.376617947382503,-0.520916011582721,-0.22801532477251,0.319691770800283,-0.454647168208193,-0.186336756142359,-0.161764603605401,-0.341359641993791,0.0944918286670249,-0.35720688251018,-0.567655220302298,-0.137868617300377,-0.430174586521137,-0.596846708836088,-0.504533420501716,-0.648126491196023,-0.318237917205823,-0.259219404774741,-0.41703355059154,-0.593043651031546,-0.412575577665355,-0.39790445286967,-0.255152655259063,-0.470475226276671,-0.596825691353794,-0.28412251993938,-0.684795879378699,-0.623297324522284,-0.499151227910493,-0.579943998520028,-0.522805270714372,-0.511866091744524,-0.473064469559152,-0.223705180548265,-0.350132177253641,0.241085400888319,-0.608653480026929,-0.57785897435319,-0.462857288948873,-0.386169512087577,-0.387836101050948,-0.32904872809829,-0.239896262055918,-0.706082116732951,-0.644314600643229
0.83407399502121,1,0.720705934282423,0.768852523162272,0.50813308643428,0.653653789051058,0.639047773765414,0.446582142509877,0.579838600769735,0.81140332235548,0.632057370673369,0.707228770616072,0.815255086490586,0.0919072910931285,0.269166917358166,0.240596190006561,0.159799390545318,0.205322211277785,0.28948648296523,0.47170918639153,0.162937567816717,0.398321031508768,0.333115859513998,0.398338185991057,0.157741669447758,0.54898040016446,0.341932528910088,0.445203849517042,0.0888121112559809,0.463361599402355,-0.0687891838807225,-0.394467062958764,0.210123387360214,-0.0224867620197508,-0.149324753952177,-0.0862485538869425,0.109285479319011,0.108265886637693,-0.264427995062759,-0.144602463555835,-0.0907613970233187,0.433998163415155,0.0438059581284161,-0.313389279492374,-0.0419129440321387,-0.173178850038384,0.203190618215094,0.255236441276868,-0.465918787825459,-0.328531351886657,-0.138989881074147,-0.128623933801983,0.294486296754441,0.0185969099374279,-0.0618446972694174,-0.0757836107312442,0.0739665190947142,-0.0117959622277236,-0.276913695974266,-0.413362682953635,-0.170323767853057,0.179964446126758,0.263984119498235,0.209447238711139,-0.146397347282596,-0.170033603823685,-0.250537766159403,-0.511776623607722,0.0376084474575418,0.0148356746026512,-0.0665047165978985,-0.257993357926142,-0.0845922189937347,-0.265119292222153,-0.486289141714272,0.192244997414959,-0.0119281860860143,-0.0895410410377102,-0.236231176723019,-0.497984762542663,-0.549449455805381,0.345207514350898,0.758545915582269,0.517738507413006,0.945571162642491,0.779361004083213,0.581257320841906,0.636829415553648,0.562328925345884,0.488573446952529,0.597117201381516,0.725181323061273,0.631579746546495,0.734242029111218,0.0533148601141678,0.0875209218100701,0.206291495320933,0.162276812929858,0.0746474023369879,0.228637809095645,0.323997158827977,0.0055381809803437,0.453488543532719,0.364974188583478,0.258107908570831,0.405213999055672,0.332892220707446,0.195792932142551,0.325036839491494,-0.0325742040831062,0.160176889831274,0.344632448532479,-0.331613564278818,0.38475799957262,-0.416346911787146,0.40874621932183,-0.134462667749204,0.252723377851937,0.209588209302433,-0.362001933996611,-0.419136048379381,-0.442120172260764,-0.180609260142567,0.27486847039504,-0.403345693318761,-0.129866611061812,-0.167494446334211,-0.222859026209194,0.168111426871853,-0.191016431117706,-0.396566682776829,-0.0637391828100494,-0.344216573279643,-0.563053933700463,-0.450333951061399,-0.560485678675262,-0.529245187328987,-0.35064882588958,-0.399140465092683,-0.586485217519534,-0.351335539710393,-0.345035658652667,-0.32961559518505,-0.202581751095242,-0.405441436757607,-0.147536566486312,-0.51762463739675,-0.671361325784045,-0.492015958380174,-0.620382054272441,-0.563153125923353,-0.456015621279349,-0.536971565176874,-0.28338371076626,-0.366912644273899,0.0224688561482469,-0.562114681282101,-0.468313756124045,-0.361247100961099,-0.493171821349558,-0.411485710976845,-0.288540356935648,-0.111008158267906,-0.601272640948406,-0.522399358237901
0.575482936041886,0.720705934282423,1,0.537967739731732,0.288688903726495,0.38341002948147,0.742306728169895,0.415058144902776,0.285806299361654,0.813744604722058,0.386038654443364,0.579136181410907,0.571123953656514,0.124869789445942,0.360107054833617,0.304978386629195,0.278820708758183,0.272682886267323,0.362914337817099,0.47161879569339,0.229257238552553,0.373541113678101,0.433012013159334,0.340777197107462,0.111614985775086,0.599313956276116,0.500987891923584,0.242282115386268,0.298141635849303,0.568803131076069,-0.0806559905839456,-0.378964672612378,0.322229307984443,-0.200972611810032,-0.257093770218254,-0.0554068386958894,0.177498331000014,0.23544869187072,-0.19197321021643,0.0701605879891564,-0.144475663244109,0.300585458847908,0.0392069085275263,-0.366334092577661,-0.221739750990912,0.0679453238900493,0.0245036183564214,0.186640958461072,-0.304741888491829,-0.377534904361507,-0.0662117186891741,0.0163855109981964,0.080916788151409,-0.171027467370107,-0.311997559967247,-0.289586952197021,-0.160658182854563,-0.010020451115854,-0.13785010683485,-0.324508123953136,0.016202979555487,0.16646494988928,0.262015216320226,0.292076617132863,-0.032236105007758,-0.113369791723864,-0.107261219671825,-0.389078373285745,0.0543269846101708,-0.0491777356362413,-0.135548765174708,-0.19333821235184,-0.0191538733148149,-0.136630165399075,-0.49245497016321,-0.0670338452305714,-0.104227692354558,-0.190083794050762,-0.0520473991156065,-0.429135915171097,-0.38960283434314,0.21935126900968,0.676337997008073,0.187755254222783,0.623973040620348,0.523888033122404,0.637348313491128,0.252549665257924,0.427460456210129,0.154923944059981,0.422577705707264,0.455522101594707,0.393502273633505,0.529118214743446,0.114611716818245,0.270431756566384,0.257901991240516,0.388808584708894,0.170877485434041,0.286726245500358,0.351652215509168,0.220476980258792,0.535730412249841,0.409668544548178,0.378230330021072,0.468233777791637,0.434649893514787,0.369650140620294,0.2707635524183,0.115042127979966,0.195341860365644,0.664030748541699,-0.131797340772917,0.436374537417153,-0.323527240832972,0.469783977733818,-0.154112710513265,0.16361819116982,0.186923459458649,-0.375593057518497,-0.256736674087248,-0.228399503162671,-0.0109790385328076,0.336617957566939,-0.260735622284021,0.0019307226101092,0.0946058235008146,-0.156859217149187,0.17189252302251,-0.206378585197606,-0.156429858465274,-0.148889737387731,-0.177844421110169,-0.391108854781407,-0.457327055359301,-0.435952037347635,-0.331181301674834,-0.390260042564791,-0.505481361058455,-0.563442663056791,-0.30941706186085,-0.373498811744347,-0.393622927363608,-0.24981401012736,-0.299572151118204,-0.028082791151779,-0.40639310922302,-0.592743863666493,-0.471481231058348,-0.418367511756864,-0.479471388878848,-0.292816624500141,-0.357468253007837,-0.0832133848168489,-0.123845538083739,0.177764228884948,-0.402596295588551,-0.303824928634011,-0.120859850367324,-0.309863836496933,-0.42265090660061,-0.214028847210876,-0.178233128076804,-0.48593122894528,-0.451525724970158
0.900135103860087,0.768852523162272,0.537967739731732,1,0.738860323811077,0.489041110679464,0.622071167400458,0.167188819431822,0.715840204334341,0.577074193094861,0.838752397702709,0.62979452984703,0.572682459710402,0.324265213008986,0.377776480251068,0.401082317349468,0.343059578476175,0.3545778616872,0.466309595877533,0.659884716748199,0.176180781697977,0.45747749067097,0.112544454337885,0.385992254105748,0.210032415413605,0.420410790683784,0.521957599684742,0.373651142532321,0.204516732782319,0.431671430934144,-0.025962377236498,-0.567096728635937,0.147372755525692,0.210663223089265,-0.0225580719173531,0.147375572447361,0.402182297154164,0.117360265443135,-0.316672566937702,-0.0926580830464665,-0.253933771638377,0.456453266142019,0.058335281669088,-0.299903457751385,-0.0958326497125159,-0.37492589758261,0.235195066838516,0.111819360131898,-0.57380122240402,-0.19896859147196,-0.116350010327786,0.0479011168545849,0.54049835185906,0.0979390172450799,-0.0834063906309708,0.155862094434188,0.375979899176013,-0.339705602425878,-0.568977111898111,-0.51659186202501,-0.042611058698718,0.37591208479937,0.376169811243598,0.415776489871187,0.0079077415435567,-0.0164066031923483,-0.124016641941831,-0.555389248042457,-0.044297839217455,0.303704775111306,0.190306557041179,-0.27114762862947,0.0372714349983789,-0.453149337781324,-0.275552000616339,0.39716548101008,0.20709847671713,-0.153019965687235,-0.358433707967971,-0.581289688015293,-0.545443184654907,0.201027210070765,0.635211899380346,0.572464125939856,0.799464023384741,0.905827041933902,0.531542171603006,0.496536868716404,0.809758422070545,0.56433056018261,0.79242110885501,0.496259680292946,0.785419047953273,0.67254875998576,0.162353361463401,0.323333346196702,0.399713570007501,0.339927780823241,0.318109497851655,0.404498029378298,0.465441941082447,-0.0626207990024189,0.532413287899164,0.520066387686501,0.320680334655287,0.562259532649693,0.284608679325202,0.336699978969692,0.323806771222143,0.136083548111372,0.278403613971614,0.354373592802626,-0.443710552599283,0.54299605317612,-0.309326491338426,0.541370947274489,-0.185905043703382,0.234123840241083,0.261062140772159,-0.328723074048953,-0.369713121905041,-0.569635245838978,-0.269183673323569,0.261460920350905,-0.4270058822756,-0.143628047060615,-0.140642070323397,-0.422815037852638,0.0494665577881235,-0.36769374471793,-0.571229167301687,-0.194447546259553,-0.519435945555331,-0.605621462278734,-0.374297573120317,-0.684212871026689,-0.213290324556852,-0.395026445705648,-0.456296980149368,-0.612814952840917,-0.57665688087895,-0.45393814350915,-0.251752478732317,-0.50209482061722,-0.654190043264754,-0.245566317733026,-0.755259687992174,-0.65937648042787,-0.46822579609115,-0.687331453249521,-0.561484972676163,-0.537249402262339,-0.48989907457664,-0.287433159339376,-0.361569297512528,0.236722071265606,-0.688420261615357,-0.702999103702873,-0.490216507403991,-0.418129971556435,-0.37038934719331,-0.374774143503511,-0.222991981706012,-0.740925001830106,-0.6918668979278
0.718357308254945,0.50813308643428,0.288688903726495,0.738860323811077,1,0.466203267029359,0.428891949381488,0.142032205537025,0.764330077026871,0.380670063849421,0.757088290058772,0.489038464539676,0.418658757270579,0.308793378754651,0.333961106870267,0.308091900242786,0.193980091422158,0.26554113137754,0.312074042622123,0.553197905885495,0.0848968025420828,0.287428149809248,-0.0912523684618916,0.205596154086386,0.11640511842165,0.372419278757274,0.348925836941686,0.41051400252779,0.0183470432803692,0.169906930721544,-0.0686204816121244,-0.529302527814972,-0.191118294500865,0.200227384805337,-0.188548219870105,-0.0149860704407214,0.463440499329371,-0.0365813739821963,-0.41209392450913,-0.17746900340934,-0.327411177935216,0.327763788772536,-0.0841684823864531,-0.35836176162521,-0.16351773494267,-0.392472763917296,0.184085842574153,0.169824971434263,-0.638532167671938,-0.338895879617156,-0.214384504584184,-0.133363189132092,0.307249180569546,-0.0770844664274893,-0.249615295872073,0.0139319709996833,0.242774668769501,-0.388431569186301,-0.599255343575058,-0.404412726069948,0.0259764259234112,0.386262203998053,0.329923817408462,0.417000923224232,0.173442863071521,-0.0463949450659546,-0.093728629045999,-0.580996796809889,0.127487633503336,0.19952854314462,0.0032967513872065,-0.0721204735870884,0.0595415096889191,-0.506493814382733,-0.291867037235451,0.187784356625418,0.233669155582066,0.158079202030627,-0.294473927174912,-0.356125334558489,-0.469736844838435,0.460166499135585,0.43646198506109,0.727121075650214,0.581841541641078,0.754425146648683,0.413286062577222,0.448203488315947,0.894962860472232,0.596338684282608,0.804842969187198,0.378538784647097,0.692198528262389,0.584778752937428,0.0977620288198028,0.265975153242925,0.292582354326522,0.242545895070407,0.291232732760698,0.265031455822729,0.310289534829602,-0.119753996165896,0.355163250125458,0.418791461717493,0.307673617154494,0.404649615066973,0.138622165053068,0.15957479314604,0.271553845261699,0.0107818467451098,0.233541316302737,0.262294048316304,-0.264291433279866,0.352609440817725,-0.180916406084551,0.361762407276478,-0.054512885419681,0.279862743912989,0.368251889462544,-0.204864375778123,-0.193676937315002,-0.432830009529882,-0.222342760450898,0.158622469488758,-0.251039738940465,-0.223788917656516,-0.278650013095904,-0.421329415601527,-0.0466611927227793,-0.348666588692152,-0.480833121780008,-0.0577138817471525,-0.44341850062425,-0.391038325169516,-0.203932578031123,-0.536774355760753,-0.0924242268887572,-0.271034184043294,-0.247867137594263,-0.340100101493227,-0.404499976289957,-0.253726038088435,-0.0614864891158855,-0.4458943109783,-0.574170805123465,-0.274404738875405,-0.613230808532358,-0.389994176083381,-0.159502317589073,-0.476846464491742,-0.381194255205368,-0.273542163201137,-0.238869396494508,-0.0855651525109008,-0.26132000415726,0.301472848715478,-0.448558240299604,-0.417863140037569,-0.432600943602819,-0.123894759525342,-0.0703258946228708,-0.150371373283198,0.104248706223868,-0.515471639709041,-0.483144714227978
0.59007212782524,0.653653789051058,0.38341002948147,0.489041110679464,0.466203267029359,1,0.333991912758108,0.382798051021947,0.65698360393153,0.461107534934238,0.452114277508603,0.687829828514497,0.674126353172934,0.0268995753300984,0.0958848549806302,0.0081920279114124,-0.235402379656028,-0.0920667638580437,-0.0252577065372773,0.179577171678755,-0.091356248609695,0.132382749506316,-0.137710583079081,0.0313188806045766,-0.0256554510759736,0.348431699477131,-0.0699914863045321,0.610560776484883,-0.233365428573847,0.0092421476522417,-0.0591127491775681,-0.126165998956663,-0.225120143558474,-0.0061962574930165,-0.167179393041347,-0.0448137403534883,-0.100366422548499,-0.118556056590864,-0.347942821684312,-0.28872259183889,-0.241350790596678,0.10058176037639,-0.199083316235994,-0.428286128446879,-0.240534179857716,-0.182486537539781,-0.0701809444129735,0.156096688846925,-0.430008655458147,-0.172314173558367,-0.235098000665775,-0.389230137668484,0.108472893964328,-0.0829341097324681,-0.165093869974973,-0.103809334853967,0.0181441648402714,0.126128689455138,-0.151981490088881,-0.186258273656367,-0.275547962235476,0.0008623411879299,0.0200521388195589,0.0110367376466668,-0.245062176444936,-0.271240898152084,-0.0428553923169011,-0.431622510254554,0.1355964278619,-0.197182822490059,-0.31573549265751,-0.107549488701962,-0.116097383491771,-0.30734149303546,-0.391376061213714,0.12890563575673,0.0836450623090459,0.323525116342019,0.0195933161497788,-0.11140821128012,-0.236599323873054,0.453835905472198,0.336821826583502,0.544971369315951,0.662619392305388,0.594422093517311,0.2283179352858,0.820311575516101,0.488637470252232,0.796783528955891,0.572767278682556,0.542182500275308,0.577605455104754,0.713310334831419,-0.16311106788668,-0.183621051654051,-0.0413793927901939,-0.0399269410670424,-0.140293428787184,-0.0846707903202014,-0.0094591719349571,-0.0441035879377011,0.20159258967376,0.0459346567649102,0.0878340481669702,0.12230094150534,-0.0973733652276663,-0.216237374329899,0.0521538113220928,-0.173810760147254,-0.0469037893309974,0.0151086733950255,-0.23649375493918,0.0854299898304276,-0.312998040865298,0.0369981611497,-0.0645441877393406,0.306027634183715,0.245107519868481,-0.212278721680354,-0.259573119234543,-0.376832679301652,-0.340756657045591,0.021803051812456,-0.316855366585265,-0.405984389591881,-0.310262519289719,-0.255555541319235,-0.0516760438086901,-0.270654364957269,-0.322585070859125,-0.113462471920872,-0.250434603782395,-0.332361243634197,-0.144037559647386,-0.294348987349795,-0.304237429719859,-0.0810186136785646,-0.111106835607604,-0.251714177290807,-0.182599458970407,-0.151693090879988,-0.0243286725942552,0.0539782122203507,-0.127553248685962,-0.0303913145196433,-0.310947096716897,-0.345546073833288,-0.105280649510694,-0.304634970487733,-0.24164694320089,-0.266642214859996,-0.261657824093856,-0.396612782515194,-0.472535085788344,-0.191733686400232,-0.373033057286961,-0.212774180677855,-0.25772894137861,-0.265153444263712,-0.0974004576574999,-0.0278892435936951,0.231321118673517,-0.214932095739231,-0.160971982237516
0.579711162272472,0.639047773765414,0.742306728169895,0.622071167400458,0.428891949381488,0.333991912758108,1,0.395116423041468,0.230925265526027,0.661407647165072,0.371721862825934,0.611531057017093,0.610317411033973,0.410319449774705,0.476665500029156,0.466379404489848,0.387326659706656,0.399632654997944,0.459852212416143,0.537716420615411,0.255973469299473,0.545168649328599,0.38959609367937,0.464560237409152,0.295565013917842,0.302764668079677,0.706774712195996,0.0989833478662467,0.149476810768222,0.60635749210929,-0.293992767972881,-0.458620101372618,0.27924581868345,-0.165600990609708,-0.295085935958527,-0.272583642917325,0.439482301387756,-0.0152153598278714,-0.436921943508149,-0.0281848869006892,-0.304272633363854,0.363975841586871,-0.12899638217211,-0.36729291262004,-0.25010360899299,-0.145888578318081,0.1380118370022,0.187633201987974,-0.407225177794422,-0.40148777141468,-0.263275524586538,0.0916561819840407,0.211347895500304,0.0045658774583856,-0.365269240470058,-0.192836952989817,0.116272556091275,-0.145417640693945,-0.30072907457195,-0.599088698947137,0.197774977557172,0.50183128110096,0.627231893906003,0.622689982125659,0.0912221775530438,0.0464707380325636,-0.0593539020885981,-0.44649643747243,0.0601659351430657,0.172652097750144,-0.0460807318060102,-0.25019776505577,0.112239440230962,-0.333984760356628,-0.506314417051133,-0.0095406258733384,0.0367940772474581,-0.196217834914994,-0.0532274543470442,-0.42272650092232,-0.325245227462905,0.125038959744581,0.504260072864397,0.154161868673763,0.57205652530309,0.59088174021794,0.872430393160151,0.231873399505036,0.61315504454566,0.119210327565511,0.457141483680197,0.540940008226462,0.482812116044195,0.488866223804288,0.14398838631455,0.375434116518919,0.444973335858011,0.451289658565879,0.389126076151804,0.393503962412287,0.427990201779221,0.0033370650788809,0.655660588574919,0.474760725814961,0.397923144283608,0.621166051979096,0.572094313721737,0.526965629026005,0.183696964567827,0.290604443704162,0.340464241853804,0.433571139708071,-0.158837574784001,0.364419343900462,-0.485654195665141,0.579291982717744,-0.367975169194095,0.0477178819119368,0.0401823742222189,-0.516605794336123,-0.420279425784135,-0.34375596417812,-0.151288946091672,0.249116875830246,-0.413363789339794,-0.0712456644443921,0.0761911801768173,-0.393536568998729,0.0389091609963547,-0.378643424267328,-0.445903891623276,-0.381696212902664,-0.423284285424245,-0.534187146261512,-0.439836343548364,-0.511717037992197,-0.169577818442523,-0.414944098839991,-0.594333328972542,-0.607982773665385,-0.547289982227893,-0.54080616452965,-0.396909395937657,-0.356826617157715,-0.430951688404087,-0.259157806552847,-0.572850864771107,-0.630287810974334,-0.536481560137363,-0.36520134710302,-0.459789727271601,-0.161225366849902,-0.302158405002647,-0.0130177521116578,-0.166873326356698,0.32171891098259,-0.405884427126763,-0.379489089005743,-0.226907633198535,-0.280467292276778,-0.471435631509044,-0.209971018420444,-0.242915838247486,-0.472238964262275,-0.4846933507031
0.119594493280772,0.446582142509877,0.415058144902776,0.167188819431822,0.142032205537025,0.382798051021947,0.395116423041468,1,0.0560388201992609,0.601617892206256,-0.0164703106905072,0.520478034248904,0.716344113320679,-0.0280251463542227,0.054681794402672,-0.0057880026881175,-0.147239792824938,-0.129291130863089,-0.0948828149966243,0.0031226433627271,-0.0242894837233827,0.146477369057511,0.313111147383268,0.166921195933796,0.0029409213852919,0.353335555072697,0.0307879943170002,0.342573861816015,-0.109764530228806,0.184268417028877,-0.0287137463104638,0.0584892309538322,0.171168760384264,-0.0498739485544804,-0.194326255135832,-0.335757912516363,-0.132317894146705,0.0613113472040937,-0.171840772729379,0.114892831826821,0.0134556930587814,0.0078438643444977,-0.0789505160822711,-0.37931166100113,0.0362602216329112,0.0845388204997123,-0.0815185038819608,0.303216262578898,-0.296161926587373,-0.320789005483216,-0.0782767485294772,-0.170491604546265,-0.204779557584453,-0.267981512596271,-0.110155228965564,-0.168647044608761,-0.315766699560957,0.435659921070328,0.23774196326761,-0.0845895194473989,-0.25870770175187,-0.0715275015581844,-0.0351552905681711,-0.0248053693789597,-0.236535483412521,-0.301904491360992,-0.28674516048712,-0.0815821502614033,0.0805161185929336,-0.181365887058893,-0.30729066800346,-0.104978240789433,-0.270093709928153,-0.012872277410382,-0.51785132085753,-0.342970352584199,-0.257141615989757,0.197470570673152,0.0889961251645292,0.0230501749375984,-0.168192458333706,0.443047439219983,0.100224955803123,0.155852126189705,0.360061413542661,0.142572940617377,0.516243503388214,0.329979732393155,0.168194832597268,0.0498155241123368,0.105607976461137,0.804209234912572,0.104677354618338,0.459460376968816,-0.0270957815075395,-0.0991944249812616,-0.0375323001750049,-0.134828964459049,-0.108726142495034,-0.0946905063196711,-0.0731578943557234,0.0656284066087965,0.154074857157675,-0.0254401654298885,-0.0359842377110154,0.0289754134157881,0.177833741011784,0.119661834655942,-0.0239226991477195,-0.181986934981882,-0.0513496969473275,0.0583186178770763,-0.020679137448527,-0.0603857820299354,-0.170702249883161,-0.0212166690770178,-0.007092965260592,0.149797342165272,0.0523601489464901,-0.147023755171235,-0.135258589981296,-0.0016503491050193,0.0170251535719666,-0.0091336817687348,-0.179085675229074,0.0175118592650964,0.0978802952698377,2.43499124325972e-05,0.100564585783169,0.0482217589952993,-0.127601537281807,0.0174866180673457,-0.11069567186633,-0.270581281804859,-0.0883572519281177,0.0028987691342901,-0.273900788957876,-0.334652654908276,-0.213274499259457,-0.227598206901731,-0.195496243202796,-0.306448236115524,-0.278666893545193,0.245030284348291,0.100434966111788,0.0956781745024624,-0.0768680606288769,-0.379454791514191,-0.202730503958243,-0.355269651677057,-0.373681319460108,-0.17075513215677,-0.331017269943548,0.0436710157612209,-0.0537048425198355,-0.0691719908089137,-0.0600311031023347,-0.0949810455508416,-0.0272689135890311,-0.33379564678502,-0.293926650351185,-0.248458438367324,0.279365691109988,-0.0659805948508295,-0.0243856525353865
0.775273636624464,0.579838600769735,0.285806299361654,0.715840204334341,0.764330077026871,0.65698360393153,0.230925265526027,0.0560388201992609,1,0.363511062395087,0.846350876762151,0.46249842721783,0.377814837574973,0.180309993754699,0.282667931530412,0.250889548195073,0.119648097196324,0.212028035067656,0.239194249905037,0.540020191142868,0.122254871392944,0.273791056069746,-0.162528800256442,0.144834365930997,0.0741090414677911,0.434711370947384,0.196017793558416,0.608574943852489,-0.0814890968714231,0.0388509894004866,0.121369489645943,-0.370341653146138,-0.183845446561722,0.330772280785462,0.0057033037043959,0.136026919393201,0.214144225217213,0.0097335168237454,-0.288654734765256,-0.265845289661838,-0.213078375482377,0.277618414578993,-0.0549381991353058,-0.326106568392681,-0.0596093093731526,-0.234658237886486,0.201521475635387,0.115171424419462,-0.458181146774677,-0.176125307906716,-0.257025427101286,-0.271632639465755,0.24647043103807,-0.132320067324958,-0.0878536976237732,0.0865804141280025,0.292594435593037,-0.287967061380931,-0.49178879137268,-0.22341007160017,-0.277436099643349,0.125371566343766,0.0802631146010452,0.20928962180615,0.0307699591337615,-0.112697322981694,-0.115095449864,-0.519194006370427,0.0717388426347702,0.107077950409792,0.0379152582711455,-0.112582021245926,-0.185515692466986,-0.40896698134281,-0.17992554890452,0.287052653082945,0.134121909669086,0.225106649144407,-0.252459072907537,-0.259184368088053,-0.398761064610681,0.438449901708976,0.487658731897893,0.806058695483614,0.694863537828571,0.805659679645168,0.171303159942187,0.710605696671538,0.762113280507003,0.912760421050484,0.899414331279747,0.315613870270666,0.810680686201101,0.634801430916107,0.0736627434732345,0.179960297857325,0.240641280265304,0.218776411571791,0.184459101192978,0.221942213631819,0.274944576281852,0.0361871915004094,0.295071404375991,0.384273369175492,0.33687001607488,0.346555500920951,-0.0159031875957599,0.0470977222710609,0.332615587437604,0.0113928628400001,0.248031004331798,0.12517105841902,-0.33098629560978,0.379455390641788,-0.201389485125829,0.217067827855811,0.0362190976725415,0.300085015859138,0.484402383290263,-0.151634164155578,-0.172068256640119,-0.40337562975667,-0.267447403730781,0.11765615649232,-0.298472214528854,-0.255714776765979,-0.31161976562718,-0.284617242784333,-0.0075853366136556,-0.246504063566975,-0.385657256648193,-0.0585056605836114,-0.340515526685874,-0.355101644034781,-0.275140832390128,-0.457376325257574,-0.255781508720438,-0.192438512778502,-0.135285579536478,-0.285166131047463,-0.25820569823363,-0.13350260241009,-0.0323546389263314,-0.306396901225832,-0.488384057258496,-0.17674068256023,-0.502475577185906,-0.386461571828961,-0.194746052120959,-0.488114752491324,-0.376981960823794,-0.472233363238211,-0.360910874550303,-0.22906592327429,-0.343232253096106,0.133043383272603,-0.526342861386363,-0.501110855315222,-0.392145793854624,-0.32704705123012,-0.156713337610034,-0.260361111042163,0.121807162459205,-0.49660506457462,-0.419880577289823
0.628777614404598,0.81140332235548,0.813744604722058,0.577074193094861,0.380670063849421,0.461107534934238,0.661407647165072,0.601617892206256,0.363511062395087,1,0.416330810304065,0.672129771324007,0.811053276213268,0.128553919500486,0.341285192514773,0.277220094266099,0.187763645235987,0.21737248333636,0.182859132327822,0.365654795640356,0.154114202541534,0.323184230295243,0.402781990847491,0.316720359640479,0.032729210235672,0.473464728883648,0.319957144701403,0.359781238048297,0.10670103886801,0.399924133985952,-0.0539917356009086,-0.295392412058851,0.271521373719395,-0.129064762990578,-0.254192443594935,-0.216107874853511,0.105695511132465,0.237962391201677,-0.21120555522232,0.101293522835291,-0.0369328535940611,0.412892620263671,0.105852550728054,-0.27568617091262,-0.0317769005720494,0.0069695498472325,0.0886433929111897,0.327403766930069,-0.42100125236852,-0.4383538978591,-0.154946349416307,-0.112780802331144,0.0306465062158041,-0.114875389819577,-0.173629920237947,-0.287866579417026,-0.207470080958069,0.128872999713473,-0.0501202754764294,-0.29822008224494,-0.192190866691395,0.0869298745878645,0.160574538430741,0.207359009959508,-0.14929546815465,-0.236834833686878,-0.266853643637093,-0.432910059126615,0.0451560675590021,-0.140180504204709,-0.217786562545443,-0.217459344692954,-0.142695643042112,-0.127277590373986,-0.637666982004857,-0.101595438508184,-0.165552780248976,-0.104542397094387,-0.101691692472314,-0.442049931372772,-0.431679857229709,0.421953236619678,0.614505290376638,0.398213802540084,0.727279138968101,0.559824775759275,0.652621439696686,0.401513709424626,0.443781047795367,0.236061307195125,0.396611560342257,0.744199158057938,0.432500380414563,0.709703487121498,0.146858635465811,0.215552610882926,0.198010040676422,0.154368140638435,0.160946912986164,0.198114964596814,0.201837004739176,0.157290546520886,0.378583704983789,0.308449087117177,0.228741068349054,0.318125470663305,0.406619334949386,0.258922490720869,0.239972888332773,-0.0923925862056406,0.0610077406528812,0.460854776422953,-0.0718842110837972,0.313098838387116,-0.31016349937668,0.299382833469616,-0.0280270848078553,0.257589767122602,0.207060951824474,-0.330014949695035,-0.178390343756146,-0.195539816053685,0.0591265519049044,0.36646126614168,-0.221646421638035,0.0444073950656134,0.0758808255714178,-0.0609484313829094,0.285315546784881,-0.061238565127327,-0.180228693727012,-0.0086078261651583,-0.13317408112347,-0.400966198411447,-0.43547784621669,-0.411879574245527,-0.46789510586798,-0.370368762676951,-0.425153361314167,-0.510226211843901,-0.26952452333685,-0.326916250142171,-0.410627809241549,-0.0989237695804947,-0.226570151890713,-0.0399915771519821,-0.381816253878886,-0.63361863058545,-0.424438857503296,-0.535695000494382,-0.52753704889776,-0.40870853537027,-0.473429994496635,-0.0792834702813147,-0.145051159593816,0.170022289636883,-0.425243653725614,-0.30081483566983,-0.121043944399163,-0.423796916303552,-0.441554101536323,-0.311000256458791,-0.0609793344401982,-0.463969587153784,-0.373669101146525
0.835197672745038,0.632057370673369,0.386038654443364,0.838752397702709,0.757088290058772,0.452114277508603,0.371721862825934,-0.0164703106905072,0.846350876762151,0.416330810304065,1,0.481853213802527,0.361512985876162,0.215248538450597,0.302170427399347,0.301275051129388,0.286148222328166,0.307366817941099,0.397617876299801,0.668263141267154,0.133501273040307,0.359026869253953,-0.0668616623365632,0.201312661717052,0.101769217456121,0.500446744970828,0.407110222578962,0.401763131434718,0.194833066402777,0.213639232015581,0.103635627073383,-0.494770366841105,-0.0552296214631846,0.269474935760801,-0.0170260047796322,0.182538424969755,0.323827772094436,0.123617854539897,-0.218132507163838,-0.142009526221416,-0.234827761765172,0.337958140179066,0.116544161080184,-0.307712264381403,-0.123434782042828,-0.31081169619727,0.180954370031739,0.138035303714508,-0.453073338240356,-0.233197279804088,-0.175124133873995,-0.0684268534060429,0.376960404216936,-0.0846521823511884,-0.104048831941486,0.0569388636463266,0.313917902708711,-0.386671706368466,-0.582513751263268,-0.322465381871607,-0.0784455622307621,0.24687166997148,0.216627990158956,0.268915839289587,0.0803929547361358,-0.0303166524322266,-0.0891492633006234,-0.573255875964074,0.0352432784183121,0.229363008328697,0.173504318903512,-0.235063682710655,-0.0697794226291309,-0.433381843938307,-0.263408644226586,0.346223592455464,0.148188889014693,-0.0226586407966446,-0.299936772125963,-0.462027497855866,-0.507812056166639,0.318091701034135,0.645015283912857,0.670989413966205,0.707210908134842,0.884618967733647,0.296180489883237,0.459973114603914,0.791012110070231,0.690024199615267,0.868616299339902,0.281235242135991,0.872753544476847,0.562943732264682,0.13408426021782,0.284455051232981,0.295198102006278,0.32189001334094,0.298561429782319,0.370750417444958,0.405859489470204,0.0609620156529895,0.409621180119856,0.544019612356453,0.349808267228564,0.489715037495542,0.155022147061992,0.268024813591832,0.395382512019002,0.022557254010648,0.265853158393441,0.338204576252221,-0.246818829399907,0.46636919298067,-0.184534223373517,0.441139633830705,0.0647587214676531,0.32497649306692,0.46858208056292,-0.194339900430844,-0.223439475050237,-0.405499762543404,-0.177894311538983,0.24611875890222,-0.293976372746155,-0.127657174889134,-0.239496848128718,-0.313666675663544,0.045659135246813,-0.322951918222576,-0.435457303665761,-0.0587178643888273,-0.342490270618744,-0.404546778228124,-0.344971681723794,-0.582435608784268,-0.196757754822971,-0.261256798761555,-0.270259286094242,-0.447387812361779,-0.338106278678379,-0.233437802792098,-0.116409129432663,-0.436091061184524,-0.599617385476248,-0.237946130691868,-0.611608051809454,-0.485247635948214,-0.277992611057588,-0.490986893223212,-0.40576620837918,-0.342253106597263,-0.275691419639165,-0.197879935358926,-0.228307847840774,0.188395126390816,-0.528268790165516,-0.548308279239101,-0.444713446720345,-0.281391448202334,-0.213749434491481,-0.257559382884746,-0.0831788599984653,-0.611166157385106,-0.572589008087137
0.584873230929389,0.707228770616072,0.579136181410907,0.62979452984703,0.489038464539676,0.687829828514497,0.611531057017093,0.520478034248904,0.46249842721783,0.672129771324007,0.481853213802527,1,0.807240905641346,0.17182700487108,0.265299752827985,0.227399921270509,0.101266148282767,0.0804913841763586,0.182819014356889,0.36135962470258,0.137435219643597,0.321711284562354,0.225784868219863,0.266189141970538,0.023177622468939,0.337672999634863,0.207010191655605,0.320740393207078,0.0324713592110218,0.333222018028497,-0.080152207410623,-0.168130678063529,0.0996662292719872,-0.117722193448053,-0.243685769507747,-0.145176331659385,0.0965996053667482,0.112117600758779,-0.236715655401826,0.0757454170566163,-0.126803544276691,0.306530145723913,0.118400087783572,-0.305294520271724,-0.0254354380374926,-0.0267395846881149,0.104618400202432,0.233986292190761,-0.469912563933219,-0.432794703321674,-0.186343067937918,-0.0616189250578804,0.118130653236753,-0.0888633587582498,-0.21957235002983,-0.221362967296465,-0.0639983166157015,0.182852311519061,-0.16128909943933,-0.302989651609863,-0.0394667698061585,0.0705570452912504,0.178926860453591,0.132125116972193,-0.114923170496745,-0.175489827822991,-0.260359144482542,-0.389090931531722,-0.063620719577607,-0.0261023816079127,-0.0685920101898032,-0.28441951501719,-0.0273047774769301,-0.23853026796644,-0.5363556867403,-0.0943003798779718,-0.136150930267808,-0.0839593359656567,-0.187192401286007,-0.446094861908293,-0.455779235245845,0.37878973915406,0.472855118255575,0.373737218458692,0.724022050637405,0.688537918100167,0.612684246897436,0.422336534670218,0.57570819906636,0.508827725144715,0.534085990240537,0.689822963962989,0.66007638575001,0.665964636956479,0.130917953259002,0.0762729466303776,0.223440785863265,0.160220286758866,0.119161225261505,0.190772331296937,0.168469906825958,0.147008453989872,0.324460999885737,0.191545104964276,0.212414766170808,0.251967256272762,0.224747729222724,0.166513159084802,0.118956743049877,-0.141401874856526,0.0256003156735146,0.217206806494775,-0.062488188925402,0.110129931236659,-0.424985348490116,0.193809380509646,-0.114393954397494,0.135178567615186,0.119092571353409,-0.354705543217398,-0.259342759206782,-0.282378617391499,-0.0710399131347234,0.191926060886905,-0.312454688453324,-0.141135752765117,-0.0533523956430335,-0.15992346103661,0.191643995895901,-0.125053680457034,-0.253311199404207,-0.123703261362139,-0.240176257926082,-0.472686561337972,-0.394033769052784,-0.389245226314788,-0.340534782521629,-0.332142920061336,-0.496356448042019,-0.529575133723591,-0.27878995093692,-0.343149164260842,-0.393937995380322,-0.0049541511727253,-0.190598034561194,-0.0172286992269288,-0.410764348169905,-0.568619721326001,-0.348845225735702,-0.466831403637881,-0.518122590925173,-0.220275639977327,-0.404737143899528,-0.220337681262032,-0.249776493898738,0.0491006543055743,-0.353822800523328,-0.325232998800034,-0.145294983991399,-0.380238081727685,-0.366481322878684,-0.158242043091025,-0.0042988356361158,-0.43582931237473,-0.260007489424998
0.594382197814593,0.815255086490586,0.571123953656514,0.572682459710402,0.418658757270579,0.674126353172934,0.610317411033973,0.716344113320679,0.377814837574973,0.811053276213268,0.361512985876162,0.807240905641346,1,0.0896530063032208,0.15232749087154,0.131899181118862,-0.0436518277680495,0.0180451096002768,0.0829919219245254,0.217714071364245,0.0241329387629333,0.266529003155146,0.317857918746969,0.291525646342583,0.0469831895690622,0.346692914659356,0.122377667362465,0.427765335147547,-0.0699998729463106,0.306862262692586,-0.127913947583259,-0.155276678069065,0.122987236095873,-0.0932617035965816,-0.237117942336763,-0.277989642457828,-0.036216452064382,0.0376532116068454,-0.324672925294504,-0.0563107473607681,-0.104680494447978,0.303656350251758,-0.0391579723404904,-0.309729347260376,-0.028197935411882,-0.113207139236394,0.0765189662717495,0.290168504453071,-0.532713268119504,-0.43667559985832,-0.180220337771773,-0.165483727083458,0.0826907495876012,-0.0102276498640257,-0.0958568642835691,-0.176962258273289,-0.104814755485919,0.225987949549111,-0.0967931656058426,-0.320695158925342,-0.252106912020745,0.0420952391803409,0.114526415622471,0.0857760519128753,-0.31802622817303,-0.33241416195292,-0.323351141494226,-0.393348059960342,0.0448133280744586,-0.180243783883708,-0.279952618137003,-0.258774270214144,-0.106716719419612,-0.201303619563342,-0.61952083169784,-0.0864342176245666,-0.112575450169634,0.0293083015849009,-0.116051577470027,-0.339618134989435,-0.38936719311131,0.481483592275949,0.404921423297974,0.440142676959777,0.748577730286384,0.582441316571582,0.598735172969116,0.546304687048543,0.445588256454214,0.381015060566612,0.398425952223129,0.905524516679684,0.480434948794956,0.800720485929493,-0.0023646844597985,-0.0739597004916656,0.0831343462234698,-0.0354445656437262,-0.0424256263864449,0.0386713971808305,0.0957655507878316,-0.0311335401065069,0.308435775364876,0.131411219224022,0.0558515935094254,0.204049813694393,0.308603190395209,0.118804031736026,0.147321388997894,-0.189799588953961,-0.0472063474824078,0.124748102243078,-0.143257938334833,0.101382805185571,-0.396978483609799,0.210703906312411,-0.108868599752605,0.303104544367857,0.082366499899542,-0.306950724786143,-0.320503126381163,-0.337454158927913,-0.176813116781479,0.179790357987019,-0.377129695776902,-0.141096738615389,-0.0946817137556015,-0.17736584577885,0.134148062682273,-0.107328779994827,-0.310739586538637,-0.0557565499531915,-0.270915379163806,-0.508061958398469,-0.305678073718492,-0.35642877542251,-0.417851405069957,-0.256012298600419,-0.299788946786375,-0.447113222920256,-0.273752395088488,-0.316511447522351,-0.295568120581995,0.0593983959877305,-0.168434292125091,-0.0574590366851411,-0.356241867510939,-0.574021188175126,-0.324981574541583,-0.511137270851818,-0.472236613880728,-0.360168432069996,-0.467703588284105,-0.287838301788975,-0.372428607131167,-0.0832796082719257,-0.420261363623609,-0.284158537660585,-0.208410430451884,-0.413428438411584,-0.332778760061938,-0.178924307641133,0.0714123156744084,-0.359153318551762,-0.227183137060381
