1,0.448425551155255,0.184695453989581,0.681980346541798,0.425140745050537,0.528809928378603,-0.0077318553611537,0.383456764675059,0.759889361391524,0.0958623959166163,0.699735159913638,0.641896171624767,0.647824269486736,-0.333774521625946,-0.308868745801919,-0.241456709068658,-0.444176654624099,-0.385192245051205,-0.209074945047009,-0.340851725988918,-0.539436931278463,-0.489058927351582,-0.460980881085415,-0.381442799412733,-0.509700744069534,0.129389762375141,-0.182636536565108,0.421415753608581,-0.148449176458996,-0.122080288133972,0.117348686542565,-0.0242961121870315,-0.0737785260864937,-0.0518825852295526,-0.0545191202059742,-0.15424249934081,-0.406460985264506,-0.177538688795247,-0.120698720100031,-0.0428306279217052,0.0483597449986667,-0.246376752737185,-0.181254210946167,0.0218182428638349,-0.0279258342757969,-0.1314289565886,-0.494194371830511,-0.192857996840897,-0.157263233676211,-0.0766665992701225,-0.198467507158463,0.14885116837811,-0.00246620067309,0.0963126075518873,0.121181656880344,-0.118824902304991,-0.231203733420843,0.642857955362602,0.098108924675908,0.132958427435582,-0.0974534388469955,-0.210998580440125,-0.237759500851506,-0.262424125782435,-0.0635318787755283,-0.154027680157016,-0.14970083270163,0.0344008338435475,0.0638165996364277,-0.183374673572078,-0.246459147705263,0.217555958272071,0.0855597891019148,0.18850975418667,-0.176142987839607,-0.091328049431387,-0.307650207791487,0.270381441433743,0.0974509633925319,-0.0718746316220313,0.132486137022489,0.156343443422858,0.233672637725253,0.462421977322771,0.689499971529354,0.723226224035056,0.172942334255288,0.341444939178212,0.63039558105469,0.729375687497475,0.738260002281643,0.345938896227395,0.622843391685125,0.757667024062447,0.387848522849153,-0.366012529329501,-0.294856584814381,-0.322465744246898,-0.449641683061296,-0.376161157528314,-0.473209272016034,-0.216319600418697,-0.36507441025034,-0.27694993500376,-0.365629328568666,-0.613706471073627,-0.392291941309476,-0.388571137741149,-0.400922823681597,-0.349642406022773,-0.415811593930593,-0.440488542270104,-0.543346511937925,-0.180260934263503,-0.19942694704838,-0.166039432756641,-0.206737287117697,0.206368436368228,-0.003269439249146,0.0462055056041707,0.0624010844491457,-0.195718925040934,-0.213441050740023,-0.276333475003951,-0.386220194100321,-0.178848356131248,-0.147522407152563,-0.10711561253538,-0.319161473929508,0.0290289070183889,-0.16687813675343,-0.148324366450353,-0.179743813409945,-0.200961378317356,-0.108848767981126,-0.379344191345299,-0.245424917617597,-0.131617803761713,-0.0221760868850108,-0.05946646318559,0.0131426106202847,0.0307386759792639,-0.0153892949020699,-0.113926128563258,-0.316645930209082,0.436910104028911,0.0575046664892868,0.0301842330475069,-0.0511752094355444,-0.43250098167883,0.0956075150059844,-0.0437938928024232,-0.275898352387966,-0.281616056676113,-0.343758692624906,-0.231473250482515,-0.496724702642397,-0.307723170081825,-0.277813245201185,0.0967003767174179,0.421213297339591,-0.0750205627476638,-0.147863836208751,-0.178461660525676,0.235803010216969,0.108360353077556,0.227361616806687
0.448425551155255,1,0.241164983334279,0.440216217276398,-0.0354504914752971,0.930686125039806,-0.309311776156585,0.872376558499932,0.493182854312107,0.353742634041153,0.325142668082551,0.609468364880164,0.821160501120351,-0.529063384630932,-0.589349124523938,-0.42394844789524,-0.568220390804113,-0.46827602909379,-0.341894622900647,-0.477849386776813,-0.413897412849289,-0.470560965934749,-0.535608799001016,-0.400260362872886,-0.280001595510469,-0.0576183968206123,-0.161636088043647,0.113822769856745,-0.134337328034163,-0.361297884192828,-0.0441494289737382,-0.100531633245199,-0.133133886082505,-0.223173040503268,0.194082158149937,-0.286897668413648,-0.667597088202944,-0.291411773651634,-0.115331849813283,-0.406362309797179,-0.0947498797744236,-0.482932342036426,-0.238715753994256,-0.0558624822559211,-0.12109921483052,-0.449742403213297,-0.403963713100974,-0.142641304625478,0.28583692293224,0.397345189772565,0.100552690848547,0.176474121217612,0.409565093303269,0.28075067712086,0.27923627043356,-0.0366530244335741,0.177707717672969,0.270160037018212,-0.132325870502511,-0.0673754699287243,-0.102266858181218,-0.366472118190735,-0.201681872183363,-0.567702725218329,-0.550581880807458,-0.31048795631393,-0.0118501348037949,-0.245582707229341,0.165991120471105,-0.272217004545211,-0.0136942128066643,0.127017986359509,0.395802868207921,0.0810043115896836,0.0194608108645303,0.359871418434224,0.100246311084126,0.0362721712494114,0.124183042380193,0.182314298627932,-0.0103062212233435,-0.224195300754221,-0.20531500497012,0.0403388490218172,0.774439488344595,0.376865407085582,0.233014942005861,0.88532861311493,0.110735547286485,0.520016596787982,0.337170480993519,0.412303793156843,0.690505946806939,0.46525213567252,0.107839587007598,-0.519514012548133,-0.540280086155443,-0.466666229728147,-0.534063247680507,-0.454710233707702,-0.562768643587708,-0.35292150053161,-0.493671984166356,-0.445050144504634,-0.530956103478766,-0.403797554037071,-0.437291043921666,-0.447037602075416,-0.433745750796874,-0.448622767446501,-0.309290339921042,-0.255535113866714,-0.338581112114296,-0.230519481377147,-0.459683567267464,-0.306900854480099,-0.121735041770005,0.0159881236762212,-0.209580816526548,-0.0031314011495223,-0.347568247486398,-0.0144435777496603,-0.349706288760389,-0.511327050688837,-0.666373703801393,-0.197943482889731,-0.175171271164197,-0.384988090281509,-0.346367770395769,-0.127023822913653,-0.371669782198232,-0.281445873764361,-0.320615674581526,-0.285763916165514,-0.2598921771858,-0.227761503800217,-0.166036146052623,-0.356566442272608,-0.0868548002419562,-0.0113722191876293,0.0071017208201654,-0.217552873050754,-0.0406954758767237,-0.0729207806026833,-0.339205043408688,-0.211051573403852,-0.144383708891234,0.0076406879272632,-0.25356878790689,-0.273436664771034,-0.328689449773018,-0.423661136173093,-0.0009301853223763,-0.339513362039894,-0.0920461675763916,-0.485172181902856,-0.537773787759936,-0.585361004697528,-0.403460212661907,-0.0809603537066301,0.272268141292387,-0.0321673848055469,-0.113906639607739,-0.0373254490739994,-0.142125497953959,0.016527423939772,-0.158450673947748
0.184695453989581,0.241164983334279,1,0.0124276434823763,0.174174522314379,0.129016813018686,0.302891927940039,0.0958597635710873,0.172450150386618,0.592409165777376,0.189515722657626,0.149861278485441,0.343595090859376,-0.152076215780406,-0.172078463146888,-0.337764158432443,-0.258367863500421,-0.23107096122535,-0.198839691842333,0.0703457818801946,0.0031251431460977,-0.175924927070072,0.0168692679750592,0.169265708985183,-0.0906267766392776,0.539084903141172,0.117904539204172,0.718091458227869,0.329771098666641,0.287617295425958,0.316450233265612,0.10630139674508,0.405718986265324,0.247323189308636,-0.0526239254768072,0.155873444019575,-0.125771285243021,-0.273587268172244,-0.201372080595943,-0.0004150625358915,-0.150103784148181,-0.0660883737640303,-0.156908765303764,-0.0385132547197662,-0.0751189927952579,-0.311231635818746,-0.151311609084508,0.0309219877101133,-0.276144759470903,0.0423111971456167,-0.137028330318698,-0.135898197286615,-0.0814047527926433,-0.0008220962419921,-0.116395535460259,-0.0231706856829986,0.0276841782626997,0.0810213384808421,-0.433770975911844,-0.352416715287514,-0.0385290303728598,-0.0458636580637737,-0.183922330077575,0.0510198774730429,0.0560721305112538,-0.0689898496613221,0.109057038714092,-0.306632365825118,0.0965765733640701,-0.118825494163758,-0.311849001753756,-0.0648676131401696,-0.0608776706271284,-0.318567621381398,-0.354418079764405,0.0163180408102608,-0.154782111824574,-0.0557868493176726,-0.0054957208298059,-0.208524852409274,0.1440182690966,0.0189906876016192,0.327605907417937,0.166717660671095,0.443388513371711,0.165708391012015,0.884493059742735,0.0981136212105652,0.201073720355868,0.186411597818239,0.298750249368943,0.681880978422454,0.32582394637254,0.276466855708663,0.601818510961259,-0.320868705851386,-0.262508622701278,-0.321274052776588,-0.269757203050749,-0.327628165856643,-0.309600860068484,-0.22077526109381,-0.27580561719145,-0.0484473799261655,-0.168742019586498,-0.0421311675444121,-0.125281717227945,-0.138502069881275,-0.0586472791743065,-0.163625273974813,-0.0488449596150197,-0.226796168707055,-0.151837223898115,0.340905304074117,0.165989662899397,-0.0515996018311203,-0.174834024210539,0.537054987599892,-0.273118927248091,0.130383967813706,0.177405142206012,0.105743733794408,-0.0984845134603141,-0.298666570700072,-0.235629596248596,-0.220344452058168,0.107674109679542,-0.125547990061037,-0.455658491562876,-0.154165052949583,-0.248053720950743,-0.252593771961416,-0.412523138403193,-0.204325926838729,-0.216073203655897,-0.224858717540659,-0.0513335817977386,-0.300550516821877,-0.176322659729105,-0.104965941725571,-0.200301179905054,-0.0475321326932322,-0.178357868261706,-0.332156310686449,-0.0264631509478228,-0.0943403990939023,-0.315656256559941,-0.268397932919564,-0.329725252723379,-0.217021189366669,0.202059979933696,-0.101847464842435,-0.0135457964027394,-0.111418514206116,-0.111573722375189,-0.101704286353781,-0.159804197616207,-0.204421176800174,-0.340391584133678,0.0057255158593415,0.388078094416916,-0.0012975189551556,-0.0655258611400551,0.152959288067662,-0.0343396647667843,-0.0455250173845501,0.107498046195868
0.681980346541798,0.440216217276398,0.0124276434823763,1,0.319049239050656,0.505568589550374,0.132676394412691,0.377576069684781,0.717735927788115,0.104129344163993,0.662274949578488,0.846132973250685,0.642591438289791,-0.240419951587574,-0.221845852596058,-0.0244750053201793,-0.169255805543662,-0.141396477575814,0.0276346438671137,-0.235300168378984,-0.253276920287868,-0.295086202983779,-0.22478306500611,-0.237262583448679,-0.371726636365066,-0.228623733757693,-0.216441505072778,0.118545867709539,-0.0154056490374132,-0.0213177779052901,0.0815230898988513,-0.158108418826047,-0.107916403680759,-0.0734263834054507,0.039856776401034,-0.172287927055676,-0.33485455127033,-0.0368829172261276,-0.0497063058064188,0.0609011110525181,0.154915046991267,-0.0241679881175252,-0.057731282100878,0.171131188705906,0.0650546986050121,-0.155597241267488,-0.334747725664027,-0.0607716330417656,0.0624408212264688,-0.0389359013931188,0.0772824561170472,0.254443805125223,0.242909512922069,0.34154082657334,0.253312690439228,-0.0391803628398596,0.0057368397555538,0.550621347594768,0.0368533817025426,0.190394762605041,-0.0664000610608086,-0.128099625498179,-0.0332734069721984,-0.176927107885115,-0.0988509645168235,-0.169717664679013,-0.386638385145205,0.110784417369929,0.0577693421033017,-0.0786721113229878,0.160809900243774,0.210295309350907,0.100840603336603,0.280169914831855,-0.0062720933147343,0.0806406182234092,-0.081764990530906,0.106754040345719,-0.0207889190657571,-0.0698854123536288,-0.117649417264281,-0.125990459200413,-0.304019363814481,0.0102760901121971,0.536349567392398,0.806168624959184,-0.0451062386771492,0.459234729794017,0.462563291673898,0.665489091566937,0.605501388366717,0.272090065523532,0.761400323628538,0.734620661213166,0.0509322891921191,-0.181330936321576,-0.129078993555891,-0.0654666285280304,-0.219320343127443,-0.118376189701202,-0.214641532843197,0.0328759493384969,-0.287093912600174,-0.0930769780738591,-0.143597711775022,-0.389831390195488,-0.160736170759158,-0.201688777264682,-0.214819811788384,-0.0803164745791475,-0.366910030229995,-0.221732116092731,-0.365064074607562,-0.367152106656851,-0.178410900431605,0.141027238350486,-0.0213349913839666,0.190731456337572,-0.04537691588941,-0.123336879082845,-0.175686598334676,-0.255280572561715,-0.0771658747308788,-0.125783200049653,-0.18711053230533,-0.0219041515671531,-0.0738969553615689,0.033010367829615,-0.210709692749993,0.114119920111128,0.0692725128183271,0.0220935264308371,-0.175690966331334,0.0096269202033959,-0.0504189121189856,-0.28716381524946,-0.372098112955579,-0.119450975442761,0.0949108626691241,0.0559225261457134,0.0979302737080305,-0.105088198715729,0.0678793232999153,-0.0508273919036582,-0.420737529747006,0.146166613449621,-0.125023127520642,0.058577446267928,-0.0234563926466928,-0.390293064027887,-0.281986780628967,-0.261029081934739,-0.334995074704516,-0.384238745230077,-0.454241017192021,-0.340682879803765,-0.640917018353312,-0.18417227779681,-0.198953823992506,-0.170599523896995,0.179727705789174,-0.264263048322244,-0.12644503959827,-0.301391098500898,-0.0248226826177142,-0.167685082051771,-0.0985452890379783
0.425140745050537,-0.0354504914752971,0.174174522314379,0.319049239050656,1,0.0557968525454052,0.159095203270825,-0.121018539116642,0.605167751312364,-0.0553792272302423,0.637054273797068,0.33099607744879,0.130564731376519,0.0760942937966209,0.233733369257963,0.160840593705374,0.184907700595177,0.161049668583784,0.314809555640666,0.334103722343509,0.0437284040393224,0.140781689103604,0.0514678020763735,0.27193380331143,0.0106978326553074,-0.0038930784753407,-0.203705206385666,0.309345294635467,0.0467993118179383,0.181937374342551,0.127746219313854,0.160029987941087,-0.143672467939566,0.344360584953188,-0.151828152326276,0.217313440769471,0.15104346410465,-0.12119064356269,-0.235859268234114,0.0803744628289671,-0.129629811555292,0.251659646053781,-0.0801620415804618,-0.339053878773605,-9.75918860983018e-05,-0.0802694217561645,0.0139788838119108,0.0610647638175106,-0.414474875390745,-0.145091819693284,-0.256688321502513,-0.248404888687554,-0.171942057014796,-0.23864701107874,-0.282236492145823,0.0207425145962243,-0.0619124108249689,0.443047134037204,-0.300482494457404,-0.0598439753336927,-0.133883478266932,0.123775141611209,-0.0800896043029302,0.171140600865942,0.195708480436858,-0.009426834760196,0.0687244486410002,0.006139770949842,-0.0153859679757188,-0.0779993485933811,-0.202241109117434,-0.20371633753219,-0.396342382301308,-0.199052562615176,-0.160375858292634,-0.211494751329986,-0.244710774527388,0.460454195283894,-0.0104346299107846,-0.172896880770431,0.271383472462927,0.442228018920867,0.351898417500001,0.558199149911198,0.301091263807026,0.464130692542503,0.0723738808301456,-0.0896385292455469,0.865466397572519,0.431942400144598,0.650912718109496,0.293457719880859,0.244031665925277,0.549550118582869,0.308556040033086,0.0821159389612525,0.171474722002468,0.162115020700593,0.0605417931438245,-0.0642319121464426,0.145464534803698,0.305843644634995,-0.0800911141113552,0.265560607180722,0.237292792085137,-0.0014138088670816,0.130947569507228,-0.153224487983668,0.157371655958805,0.127910648837122,0.0359291821026081,-0.0181766764288721,-0.0252324535044002,-0.052239210679459,-0.064707033135497,0.146920626418878,-0.160131503245463,0.253723966378466,-0.0718018788883811,0.0283994262952821,0.34255858529595,0.0142545042637781,-0.0298300203859231,-0.216899621449241,0.0187447651774183,-0.175086210566289,0.232468124749963,0.127168486969709,-0.180066519763389,-0.090183375618753,-0.0523232199121811,-0.0132446734324564,-0.219609236450937,-0.0547486851031325,-0.312809423002615,-0.374035033859472,0.152917254040724,-0.0649565493415348,-0.0360932540974799,-0.152510964311768,-0.188968149183704,0.199960853634276,-0.391482274344853,-0.445691356688619,0.0129008553550303,0.323520424237238,-0.249131465345279,-0.133362723716706,-0.181357029159851,-0.268022890007741,0.265350494828815,0.0008996823566234,-0.05384616498921,-0.204281687023769,-0.162252422695602,0.152008038460807,-0.230670985185952,0.021011955182201,-0.160152500637615,-0.138288335730092,0.120424402372838,-0.149335863978604,-0.16465415172488,0.028568984122558,0.508175446037949,0.108458408927864,0.400446878925536
0.528809928378603,0.930686125039806,0.129016813018686,0.505568589550374,0.0557968525454052,1,-0.373926600091602,0.848454686110813,0.593629464938058,0.18077910847134,0.427949834689185,0.648789412363358,0.758981407519735,-0.556256390671207,-0.633742564476494,-0.403450217035839,-0.592154074382727,-0.528492402881708,-0.364517389921488,-0.537678759118626,-0.531772551332136,-0.528062780599179,-0.630959912755015,-0.494088809639652,-0.211418395648528,-0.0857246384560094,-0.226466841782828,0.0581883255960275,-0.238053131814453,-0.496139904475606,-0.116516573591349,-0.0507238317834569,-0.187781134012293,-0.278131656509019,0.139531410728032,-0.378305524582095,-0.717435493661222,-0.288164168482612,-0.14983441041548,-0.410775432068623,-0.167562959919306,-0.529145937772954,-0.281168257494535,-0.0592176379922152,-0.12782045947635,-0.371507053242203,-0.389932693444694,-0.207065822532013,0.244863679339265,0.292504450192305,-0.0312370351382818,0.21263038275213,0.358551832627753,0.254145396265016,0.243880792712329,-0.0922947223691089,-0.0142372534592021,0.317727213475401,-0.12205714863719,-0.0605515795143214,-0.160152952552769,-0.37701101864636,-0.216274538059136,-0.594890013435773,-0.515948124754443,-0.267773182740421,0.0083965425780628,-0.162497778938844,0.135833257955184,-0.304327343425996,-0.0552883399371608,0.129611714033369,0.363507684926046,0.0841466716377102,0.0701023906314201,0.272590336878999,0.104049823939653,0.11714034696849,0.151849121019488,0.140827080176044,0.0610653866997139,-0.127846921287436,-0.135409150118416,0.102626301099416,0.712106832579916,0.464770751228952,0.108244031949482,0.863878176217791,0.243840186719178,0.595743198459379,0.451716654072676,0.32456027991474,0.644946699566014,0.541089355886002,0.0944248087833625,-0.559873451788251,-0.558939019282828,-0.430449711774517,-0.586995508282231,-0.517517830649063,-0.528671409341196,-0.375081333567026,-0.504688545722386,-0.387412607198231,-0.535213924013121,-0.441255745412062,-0.394429366495438,-0.444661962053031,-0.398631572375519,-0.392509403461018,-0.348012967916891,-0.140110195802446,-0.272365488591365,-0.264189438552542,-0.487242642508637,-0.314470131589176,-0.150998438379817,-0.0772488239458076,-0.195896264411792,-0.0327395421850045,-0.312445341813705,-0.0829446833270723,-0.393225033580438,-0.55889496530324,-0.688752629874136,-0.221824753437442,-0.256911486018576,-0.324344486158359,-0.288715584428874,-0.160621341077567,-0.39137943080654,-0.261672719108369,-0.250911998893042,-0.299304602239212,-0.300176392087619,-0.286656810799228,-0.169748052444265,-0.355798722694047,-0.042624920508582,-0.0350687947073152,0.0259764804072123,-0.17206495379129,-0.0688364149725548,-0.0792577441569653,-0.374875552546667,-0.0976638782659626,-0.107408317445586,0.0017221430447517,-0.266670974740121,-0.284513037490372,-0.219762687922112,-0.375298056698584,-0.0627024601957576,-0.412275485579452,-0.173657958175179,-0.484517029948935,-0.576473959808771,-0.628747109381408,-0.416210011483956,-0.100540661256114,0.191166314516709,-0.0611496386475315,-0.143988445777979,-0.0786011619829698,-0.018942806949485,0.054080460312238,-0.0733251784664909
-0.0077318553611537,-0.309311776156585,0.302891927940039,0.132676394412691,0.159095203270825,-0.373926600091602,1,-0.394048881467395,-0.0550445637487447,0.553832963289132,0.0167999648418739,0.076498290818313,-0.0539710370182071,0.408397292486754,0.351664848742346,0.235430054540963,0.279763015171615,0.162096980395438,0.259117456427931,0.294594711786749,0.23895630892715,0.223641561828599,0.412930122522555,0.10732792633285,-0.170314099706325,0.20249378323421,0.21090498781896,0.174418309703212,0.0115416246501981,0.338294078386296,-0.0741963814189404,-0.051602867743879,0.216617685618656,0.150603048633303,-0.181166662767756,0.0755256818462281,0.414128044774829,0.0765560407659904,-0.0466056799387541,0.391769790106559,0.140876386792548,0.497704344190164,0.0832403067274184,0.08543323373034,-0.0317737803087927,0.100893435404586,-0.119776057244058,0.274703310925496,-0.247820889376438,-0.325831547097948,-0.156221681303638,-0.12854772666782,-0.0148434282613508,0.12810984735729,-0.192317942080338,-0.081179040377693,-0.113744272007,0.0621924128283489,-0.143891833846771,-0.0376523079974242,0.16643155847978,0.25591755378645,0.0958278515772705,0.438991025662463,0.632604282309368,0.14666798541821,-0.172536920958055,-0.002438509059195,-0.0484161021881454,0.0919952454677713,-0.100477801227822,-0.0931173716493385,-0.117404563668711,-0.143475891157723,-0.249736973957442,-0.175130432310411,-0.303313147952997,-0.316874415751846,-0.253932705852968,-0.390550178922558,-0.0715238130297392,-0.15994040660157,0.0735678615842029,-0.100492463227217,-0.0186946939516323,0.134732130600755,0.256391718209148,-0.273376421584664,0.0277364769247089,-0.0123910439834919,0.0807855968297901,0.28196632760414,0.0832230389972586,0.101382124837854,0.080173088545893,0.233046515485286,0.304579621176967,0.171283094777188,0.260133839002148,0.20960337163241,0.154724582295953,0.24334195970485,0.216520566453667,0.291564318114712,0.339138567064227,0.0415535375034836,0.306659668546618,0.184358651910452,0.233391942605245,0.184867008203617,-0.263325708028058,-0.229681986946895,-0.163094958445206,0.0138174197397666,0.532957784161847,0.180750340863692,-0.241497822779947,0.0638110506069714,-0.223112852845384,-0.150160520505402,0.0904707541686894,-0.181514965603309,0.139015121228837,0.454887830354899,0.49514808719417,-0.0029901037655866,-0.0923786843626988,0.449461435282892,0.109215041463964,0.197466073298123,0.26613375290952,0.0460252968783872,-0.117862566993679,0.10331043986674,0.10101949232555,-0.115095487780787,-0.207887932690601,0.157239298748852,-0.171305603645527,-0.0362537213880032,-0.125404434507285,-0.0773208049235855,-0.0735670256771818,-0.0862748897334813,-0.0903424942568677,0.0027800344387361,-0.258817229761472,-0.2588798768922,0.042224227341743,-0.150892898799141,0.134270051775849,0.239545632919512,-0.169735948049286,0.290658122722356,-0.134917614982736,0.203944468957124,0.0779382652891696,0.480287719188846,0.0493834998761472,-0.0792457852619228,0.0148742364573945,-0.121164929822641,-0.0974514253085954,-0.144855207064289,-0.246451907607869,-0.323337085912078,-0.0552297717475164
0.383456764675059,0.872376558499932,0.0958597635710873,0.377576069684781,-0.121018539116642,0.848454686110813,-0.394048881467395,1,0.345083493198412,0.266279004638393,0.205847737305127,0.430522191801057,0.707685751350411,-0.526613816789296,-0.630476236080937,-0.436426351672978,-0.635633445456284,-0.454590058035151,-0.445137274800821,-0.612419211631204,-0.447247583082366,-0.508833385477735,-0.594045700367245,-0.494027584322829,-0.215716236610852,-0.067938334564115,-0.210057945401187,-0.0428622445508852,-0.244051448160886,-0.466399721477041,-0.21174674872485,-0.147312696089153,-0.252987227677802,-0.453177496458875,0.136150563598145,-0.36005588138423,-0.640671716170989,-0.238707606647929,-0.150848745046904,-0.361065597800076,-0.128713831966273,-0.564501880086481,-0.2785768854144,-0.0597225151818349,-0.20339434148021,-0.381932851114706,-0.511563629599868,-0.0560697570400485,0.328913671263298,0.265838770681122,0.030985303331905,0.233275543313499,0.349013394891118,0.26278651678646,0.314682073254958,-0.106774883480912,0.0099294930940169,0.0661829818107204,-0.140219186663738,-0.025785469136064,-0.0414509269179471,-0.312166811773484,-0.187028825195454,-0.607635386372955,-0.543407748698295,-0.290113907935019,0.0244216475853762,-0.160722808498721,0.265052682280991,-0.337406875693448,-0.102201947998847,0.262800270701289,0.558577136747628,0.147120521886289,0.112522646132335,0.360857199914221,0.0668444965749641,0.0707195556388033,0.187412761503281,0.264621212512265,0.0656840224066124,-0.245165769468956,-0.189817348680086,-0.0032711585328929,0.533812959895591,0.189858359884992,0.067065017557771,0.814660167717335,-0.0006495352624492,0.295834990613098,0.13273955975775,0.261355285764031,0.510969953689501,0.250206912257089,-0.0930017054450486,-0.604820302223683,-0.561985120140768,-0.471756309877567,-0.511518629581971,-0.491779051323927,-0.546226166257788,-0.438695274239747,-0.425894542442034,-0.448210822647831,-0.609565814539471,-0.353487886350977,-0.478881468457096,-0.264419382162402,-0.44407273878988,-0.412761843108827,-0.176289425064438,-0.193202419247132,-0.274566799882767,-0.206644257087763,-0.514234670142235,-0.345670935268136,-0.0076743008898064,-0.0151899241970711,-0.143948360744565,0.0605206492065765,-0.382279226667772,0.0224212429620987,-0.353315203883901,-0.423207698087608,-0.631312082266413,-0.16584653739825,-0.196418821672413,-0.428445873199925,-0.239894406548657,-0.147250060714998,-0.391504502981042,-0.256538071258639,-0.141775049117832,-0.337337844166355,-0.224216121037475,-0.0483120616359523,-0.0827819278068984,-0.296577348976194,-0.026772666882721,0.050467334814771,0.124177784356304,-0.148890258664598,0.0417822665453069,0.122420369902404,-0.203974187155223,-0.287730119637307,-0.0386513142498956,0.0942933286719369,-0.171713178903607,-0.167330768999651,-0.351997540535917,-0.327614554901832,0.116839301595877,-0.266839547282167,0.0964904341030482,-0.417716551574362,-0.359208629129081,-0.538174544851745,-0.368259342219364,0.0691100398465585,0.221137722015853,0.140660951077898,0.0283526394168582,0.121222843618015,-0.140751127515126,0.120173355414667,-0.177560422103107
0.759889361391524,0.493182854312107,0.172450150386618,0.717735927788115,0.605167751312364,0.593629464938058,-0.0550445637487447,0.345083493198412,1,0.107554182131788,0.878455031988696,0.759231659957992,0.621472487138582,-0.264522901849075,-0.13599878456993,-0.0272092604708399,-0.171907447484614,-0.196940730216653,0.0232014049834421,-0.094834959227093,-0.329700166712008,-0.239670878224833,-0.304979733193398,-0.140470095692658,-0.204721559981831,-0.185788225920185,-0.359946731558687,0.193552157957924,-0.150941654556743,-0.145404583613652,0.0986272586692446,-0.0312943651846106,-0.144403643682704,0.0024388799303905,-0.0787044096345769,-0.188515229664816,-0.302872717550024,-0.154341861966014,-0.220200787329822,-0.0965417434388807,-0.0555294271128577,-0.123076935057675,-0.221711407603784,-0.15599258683484,0.119028116900329,-0.108437233906341,-0.219790142838006,-0.258931136620968,-0.201659980483968,-0.0524452622407828,-0.221504926348155,0.0670234541032352,-0.0421278212366963,0.0075471525435296,-0.0914645085460799,-0.226728429968009,-0.143265829026466,0.80241294064073,0.0500427284317136,0.0516721992954409,-0.268689573543276,-0.277930795826201,-0.321684941030827,-0.377530713965684,-0.217658111183254,-0.17468652306763,-0.135273911750217,-0.0053091881140992,0.0309171857791937,-0.262948655537965,-0.154916113789329,0.113821176848347,-0.048333102268336,0.210782535383527,-0.163157944844329,-0.0732839188714083,-0.188467243140736,0.387245471821838,0.162680906348966,-0.0346433599224824,0.187508131866934,0.122208757131224,0.0050871424713842,0.32751940292422,0.66361600386509,0.729499465828408,0.0571680672113522,0.462982718287762,0.732590049542397,0.862222860234071,0.87956302589755,0.26530760635815,0.679085014298883,0.871870591540022,0.230457598349731,-0.193554451659453,-0.16794906535872,-0.0819973438787627,-0.187617197721123,-0.131497730870745,-0.180690635552305,0.0148824534516519,-0.226653264466517,-0.0472632251087433,-0.0783210254961034,-0.29987248089579,-0.139979048639697,-0.281692458093319,-0.13151138413858,-0.109904912976555,-0.213607708258804,-0.129852699516898,-0.244543861296613,-0.399143269359477,-0.365320836501877,0.0209963524492548,-0.187436943760521,0.109652672062562,-0.0288242801461189,-0.113597961434141,0.0756887051618406,-0.206632321650595,-0.256841253654585,-0.453010012917581,-0.426521302740202,-0.0884047464413595,-0.0725246900993283,-0.0757506296189542,-0.267525788989316,0.0093569856277607,-0.0706787776856994,0.0408338689943814,-0.157070677607782,-0.0668891642772294,-0.289077104913244,-0.441185390507812,-0.206976190158577,-0.253704680857484,-0.0879963957144072,-0.118396859771416,-0.150481632036084,-0.128135525875755,-0.150898555231157,-0.257971638907077,-0.416818614247602,0.393413536570386,0.0457752875372092,-0.0884358053577555,-0.0464410718356794,-0.412277594384818,-0.0590405412470452,-0.172024577209179,-0.196851892883924,-0.477188311030181,-0.399535443734227,-0.320721495665918,-0.633780721927178,-0.41575679971277,-0.337068937108415,-0.0472674132968147,0.289657453307867,-0.215019187594067,-0.200143231591143,-0.196650845424094,0.321569871020627,0.10344850973243,0.25652419533554
0.0958623959166163,0.353742634041153,0.592409165777376,0.104129344163993,-0.0553792272302423,0.18077910847134,0.553832963289132,0.266279004638393,0.107554182131788,1,0.127429740126198,0.272728252419542,0.391902864227853,0.0613625791615152,-0.0842821977078965,-0.0935427943973123,-0.202565358624833,-0.34324235162419,-0.0773926699427889,-0.0445083042084939,0.0135016711542642,-0.0454204008283219,0.0517994957256504,-0.0931944032863657,-0.245037479415416,0.23569018282116,0.0710936054398211,0.205196375501246,-0.13965566025814,-0.0417134984578202,-0.154051330675239,0.0565241808196745,0.161381525535489,-0.0722882164972225,-0.0191096200375576,-0.176681820472176,-0.0915876062773223,-0.245319728517967,-0.222057478392936,0.0643764871944137,-0.0063934981057246,0.0526965702305634,-0.150574859024662,0.0206390224989113,-0.0899841954848092,-0.22782101358007,-0.367657541121771,0.0925118088678438,-0.240143896427511,-0.046377950686119,-0.135983997605542,-0.104458670521628,0.0731062056354613,0.272323522137565,-0.0688321817082043,-0.316625663632308,-0.0506441156395766,0.130582759513767,-0.256920760473532,-0.22964916686266,0.0127132136046477,-0.139553932702948,-0.276948915152579,-0.118265213435865,0.0546815615450568,-0.221310985891038,-0.0498669148822632,-0.465646589466256,0.0441195493732334,-0.346378954232857,-0.417105916704579,0.0214985639803467,0.193762399700698,-0.125400180862454,-0.460855978643126,0.0788161772446359,-0.299050067414591,-0.246152228719036,-0.126419247833004,-0.252580797382718,-0.0060907486317501,-0.177369924125256,-0.0042481691923811,-0.0408818201014876,0.434744801824191,0.113795650038879,0.549060777321463,0.3251407872124,-0.0672028745968106,0.17910372081653,0.124797955234681,0.545218578952566,0.408721026247298,0.246251061808047,0.223437758181073,-0.192323772712617,-0.160935900522029,-0.21720288353523,-0.123579406607847,-0.187244503398404,-0.32510210077613,-0.0978297125659045,-0.0449540976503101,-0.0902151304798268,-0.0864481997516888,-0.0893498185313998,-0.0458216092502367,0.0018042120545695,-0.028350999958145,-0.130315668345118,-0.238270043215826,-0.345407252690255,-0.306114462440868,0.080623918530318,0.108978830532087,-0.156317055326371,-0.169015772586265,0.131115036861243,-0.278894924858994,0.0789289227005445,-0.110641939713481,0.0354337000252144,-0.186053203878679,-0.037226621825871,-0.133122242966635,-0.201630679552183,-0.095849826074421,0.03663587424189,-0.191303596849387,0.0639163180584003,-0.077900391295889,-0.1368580307691,-0.232996868388901,-0.178388610381815,-0.18046275458313,-0.176021997319229,-0.0970211993561454,-0.146666707572388,-0.305907825091071,0.0334363284959838,-0.121703355858776,-0.222091371118594,-0.0237145751964228,0.0025147705423801,-0.126259133100828,-0.139688520593925,-0.23610409772651,-0.239026737786197,-0.0563226223993412,-0.224299421223998,0.0161649381535205,-0.11643681321895,0.0434539677663366,0.0606452931514805,-0.013711550660667,-0.165234179404745,-0.169708496326398,-0.0617739273125202,-0.358349861961439,0.102902151044665,0.33950966024046,0.0886883885315617,-0.024181694485502,0.149025991048215,-0.222675372280173,-0.174600508022777,-0.0175888791519054
0.699735159913638,0.325142668082551,0.189515722657626,0.662274949578488,0.637054273797068,0.427949834689185,0.0167999648418739,0.205847737305127,0.878455031988696,0.127429740126198,1,0.698209881018159,0.518397480487617,-0.269252788797798,-0.129540698848399,0.0925889720392369,-0.154362154140142,-0.155244745509895,0.205348778909654,0.0025244606242759,-0.203817819451052,-0.102697269188191,-0.14205139576714,-0.100248417707598,-0.104080225388136,-0.218003333988546,-0.564516916059477,0.202784797255458,-0.194664803490622,-0.0749959797758675,0.0920218633353983,-0.0179948906217449,-0.0628594988139182,-0.0036625622486175,-0.266866306313272,-0.270807152599306,-0.312717680417434,-0.330224852552987,-0.417916984382072,-0.174959601728566,-0.268174618161894,-0.0335678832083199,-0.392628012714347,-0.241705372172064,-0.0936337003750142,-0.267806368074033,-0.239219912790046,-0.264783766011364,-0.322130066477705,-0.0786480460017439,-0.373963992802156,-0.0853714241704129,-0.131041454504769,0.0321845766294549,-0.263069960873351,-0.295925627410345,-0.212953648675596,0.770731512881525,0.0030386937031558,-0.173533061248907,-0.18398430651153,-0.087969633444343,-0.254562871998532,-0.267929340401238,-0.14650699067048,-0.10761547654144,-0.0553336493990791,0.035133910056692,0.124983678920784,-0.32691428234485,-0.209701386988122,0.185666408771785,-0.112897942190163,0.0999428733306855,-0.240497328759029,-0.178599102478468,-0.143378062529381,0.569924656690817,0.305037058016684,-0.0108253502348633,0.323368008545558,0.235766843049153,0.105778727009662,0.327239815922279,0.521686207196534,0.717832938431475,0.123439367058233,0.307127181250948,0.784565699164865,0.730893898234855,0.808802235634536,0.248356958720851,0.575007911040241,0.860216315539502,0.295782778691439,-0.176201353532186,-0.161920717277209,0.0492925829654159,-0.13881339244786,-0.245583888919955,-0.0862279039791705,0.186637357599172,-0.307512410364449,0.122239033938429,-0.0155369325831568,-0.270618021228105,0.0018172491027363,-0.0855961583076415,-0.0123059232766098,0.0836369321271608,-0.22301042191363,-0.0313300418072032,-0.148068321753518,-0.360134387704557,-0.353099504749522,-0.0352859373081771,-0.243759931480044,0.147375921978231,-0.0876070891130638,-0.0084589868129964,-0.0708905199673756,-0.241597369531146,-0.434060544038336,-0.473143406257354,-0.35672483411666,-0.325638046141809,-0.116317893999021,0.025461782071798,-0.39004311728462,-0.20735190593828,-0.187113532604176,-0.158850188434482,-0.344071832124592,-0.277502665952178,-0.470728712629963,-0.506350495562282,-0.007829464706693,-0.309239690508535,-0.135478028407499,-0.0718306373598623,-0.302126023340769,-0.243594533021552,-0.288531176062523,-0.414703375794573,-0.355011411770343,0.443006268295765,0.0161837743891608,-0.266785355988084,-0.159094350900602,-0.507271279526905,0.0497698479807443,-0.126661590638121,-0.0171143556549773,-0.380601951120347,-0.346018260162055,-0.112575982103516,-0.528334927510491,-0.303574005187748,-0.477679647064252,0.0322759789759452,0.300913831220968,-0.0637822858091464,-0.0779305229900278,-0.0474161031520148,0.572122462732482,0.283278530217421,0.396006809002755
0.641896171624767,0.609468364880164,0.149861278485441,0.846132973250685,0.33099607744879,0.648789412363358,0.076498290818313,0.430522191801057,0.759231659957992,0.272728252419542,0.698209881018159,1,0.791208543453893,-0.320700006344332,-0.305194564335971,-0.0892811879946508,-0.261478014117133,-0.281099982046322,-0.0536404622780716,-0.294867129152495,-0.323538010367929,-0.370740594447512,-0.310779718509217,-0.25551060163334,-0.386996033171736,-0.122330233101087,-0.220706098233134,0.21643697858039,-0.134088172309304,-0.191776521666176,0.076717469151266,-0.0262466645118678,-0.0104471266462194,-0.0306493351158058,0.0357867536346123,-0.281505493680265,-0.418415300625007,-0.144644184377925,-0.0568057288031777,0.0003731543425787,0.108119141155754,-0.0881665106552818,-0.113848821983184,0.138810024987577,0.0525355501860096,-0.276776289587035,-0.346991336588211,-0.197974048652681,0.0668562025942269,0.0878175208272717,0.0109498489661091,0.246412419775458,0.387905325202051,0.365224792410303,0.261889024416461,-0.0991466497764242,0.0250961404812667,0.619916694767673,-0.0345125621509126,0.117110624603582,-0.141590716848468,-0.306231659218527,-0.168927788646981,-0.343755591724773,-0.242846819913679,-0.26169208549587,-0.308755833686426,0.0331922282426916,0.0786879307393341,-0.14270887851475,0.10925162544523,0.17659550964802,0.191046027098757,0.245910866333716,-0.0401601586000425,0.141658411164418,0.017579098751859,0.110435731166954,-0.0017339409020013,-0.0860948085242665,-0.151657360476061,-0.065747027407106,-0.259766252728584,0.0443657465630582,0.710140625342377,0.831723073181887,0.13864166559548,0.559763645219124,0.491924423770064,0.78467288911069,0.711772129157144,0.37620039361276,0.883721179198561,0.855992231346225,0.208528534299361,-0.254034929885385,-0.255531354386141,-0.131000346024743,-0.314812934629289,-0.165326122312621,-0.293092100545472,-0.0808647042031835,-0.362262145652633,-0.214514818686825,-0.213649866249368,-0.420601793979836,-0.252761132286076,-0.390481196524446,-0.325301351306377,-0.210495098075888,-0.429391152005965,-0.27652821139391,-0.385978832588684,-0.308197333719732,-0.182804739169625,0.0851817428611946,-0.102966180322433,0.109839625043069,-0.159976180120259,-0.160267749024735,-0.246988325757204,-0.22508729400267,-0.140986942695575,-0.23116133379266,-0.376156715318253,-0.0742760227948098,-0.118067966988923,-0.0408699163807435,-0.283140492840644,0.139003752286899,0.0436420053681534,-0.0427938409439716,-0.250595637719704,-0.0213343644548914,-0.147757489062798,-0.363296800455034,-0.37640193350815,-0.128802627644947,0.0796264062545433,0.0468994025483369,0.112800011784042,-0.178920926723277,0.0350604163865844,-0.0791685717809259,-0.472559759831364,0.142570044517146,-0.152787879482411,-0.0124995329584894,-0.0638799892990255,-0.380426199722504,-0.182939260922369,-0.367486933664434,-0.284023730429067,-0.464347986053736,-0.452165324790007,-0.486333783722226,-0.77069593698544,-0.388191772231099,-0.261519280528018,-0.174823506912221,0.272859036987632,-0.244774197281833,-0.159177376696897,-0.302625579093715,0.0046778705146563,-0.160089215994127,-0.0725838283680933
