1,0.491687947839006,-0.0519592009143595,0.754994777055101,0.610154228762023,0.419830086205446,-0.0591469540821794,0.259256523596431,0.668635593770787,0.649894416909246,0.631132264685146,0.721662378413822,0.846913327427783,-0.0591086678224646,-0.01816870314809,-0.369985309265333,-0.314875021684856,-0.4475274668308,-0.160981156089061,0.376083977267399,-0.525831235757001,-0.395162009305543,-0.444260823736434,-0.568691749530148,-0.406023771638446,-0.100862918661629,-0.0537687143978114,0.229630942797562,-0.319192901697145,-0.44178411428153,0.022658301095054,0.175162410109981,-0.24472507820866,-0.0039774175284144,0.0764197770214649,0.0348325595560067,0.163999823772747,-0.0386043877519977,0.0687116378440248,-0.0666366928829741,0.0216898509250518,-0.0967621841446656,-0.096137310402647,-0.140349054336202,-0.244515518755766,0.0054897595925201,-0.249985295464794,-0.0616060103885198,-0.107011697985223,-0.134160339959125,0.0241393265559806,-0.148211458857926,-0.229214845777106,-0.244350129784299,-0.179168982500577,-0.0787880551317822,-0.107183636219449,0.51978539363508,0.0132737140116865,0.102506313422086,-0.317728514484707,-0.179670788565798,-0.305934644790708,-0.182471959505727,-0.0438957817199092,-0.253740761940355,-0.207843661280771,-0.192544020364019,-0.133527029577439,-0.322515107744495,-0.303404633895185,-0.0641098931024333,-0.24011243339286,-0.0088508102008906,-0.308999048588437,-0.180785979698248,-0.140387744887027,-0.0226783481271525,-0.196476557344144,-0.0546720582511262,-0.148264678244883,0.0628389176860125,0.131649431758801,0.6695445610902,0.521417445570362,0.620113454808028,-0.0302260750437824,0.169766045219184,0.437377744534924,0.561070516459505,0.62611903676213,0.260870627753425,0.666420289665883,0.467394061791734,-0.0981178759689916,0.103637422037385,-0.409704029179235,-0.323746742156839,-0.187815621037201,-0.32643704601917,-0.152264818076387,-0.24188385987035,-0.397034264250444,0.0621338190889512,-0.407810980734555,-0.338219204138222,-0.119220041640171,-0.246373191054677,-0.349037951519663,-0.264077354805732,-0.413553132133819,-0.0482448799450712,-0.151455059276979,-0.248356287361089,0.0310353006917268,-0.0432939491853681,0.124629954190094,0.0731940450076466,0.308979549084814,0.161144478484679,0.143899008957368,0.0709952142272343,0.124072912106143,0.0105213221687938,0.350295517447523,-0.145802182082751,-0.0573350854945589,0.169771710719991,-0.0410231690595629,-0.125798126323807,0.209317856277012,0.139481116595849,0.023757712562698,-0.0808124205150197,-0.0637533854342246,-0.112080268365737,-0.207859174314118,-0.424350052634386,-0.152018839104299,-0.0639009205813957,-0.0439526807023948,-0.0917922397475394,-0.216527151628945,0.448289315677343,0.0756122593270459,0.125226003684363,-0.0399174166817965,-0.0706878561684963,0.216709457395173,0.0088469070995763,-0.200003079938428,-0.15397438466559,-0.139713823063375,0.0073269510767,-0.216718830771337,-0.0891853350767232,-0.161266749739977,-0.0167775745590038,0.137149409121855,-0.21752679956073,-0.0659544452541772,-0.0136762812727668,0.0560540795071413,-0.0132875535974554,0.244625261848036
0.491687947839006,1,-0.121229331749842,0.274447894570813,0.164142118239786,0.866666023533502,-0.130711211291374,0.745366195899622,0.486685822522543,0.432049858007905,0.145106053343453,0.378741897008314,0.508328692040604,0.002867280750612,-0.0199639588838849,-0.164061685735481,-0.269634546635553,-0.166542222862057,0.0349770696946217,0.0684303904703039,-0.390176402761342,-0.0149561928502996,-0.299432698416931,-0.213005665848163,-0.505305581953494,-0.0625397092703645,-0.442600887974488,0.0957546808069995,-0.0233751579154919,0.0634538470248127,0.0892816151724106,0.0286992802832579,-0.352557823599431,0.0743716369379686,0.275764271776415,0.263455039090547,-0.235172420325468,-0.234104804021445,-0.308198944440489,-0.233089674479826,-0.0525641146796521,-0.214867689886606,-0.0934748433161167,0.213666282911212,-0.170038467312976,-0.472404466988648,-0.393657000770147,-0.193844984317641,-0.0761264307131586,0.0121683115241915,0.306619655786696,-0.183010648982856,-0.131446674463179,0.298280528251364,-0.0236260286794207,0.132726777794453,0.113833120263274,0.161446186070153,-0.0176468536886625,-0.075607311991299,-0.0410518424444177,-0.0683728592080128,-0.109883270687566,-0.115318574750561,-0.312354796995963,-0.199900810313478,-0.0043966327645959,-0.164750274953994,0.111591294538022,-0.414199312345252,-0.258292139932801,0.244175404467843,0.0299166039461694,0.189274256946273,-0.0631764437132204,0.0996292079338144,0.231977652731435,0.040925446138403,0.0877278405081734,0.009464382656523,0.0312269187056368,-0.185573837716963,0.307166540706148,0.0797850434754691,0.568840797044167,-0.0614350084527152,0.0027240660345698,0.706698613175767,-0.212723663111665,0.305208895336644,0.0604715266262452,0.346282075630118,0.225351804128545,-0.0759109149784132,-0.0199940011267068,0.0944654381417734,-0.241029651462463,-0.360727389032803,-0.221114282096548,-0.353567315603136,-0.0826591606037631,-0.545738368942755,-0.197803196247446,-0.337198019278824,-0.479026225604815,-0.278598061113831,-0.383949912161837,-0.400327474097705,-0.513960904948295,-0.567690581380086,-0.568795267151655,-0.395441177106184,-0.468075670794868,-0.336780798192122,-0.126347158379042,-0.10578113977718,-0.191840620733018,-0.261748770209877,-0.215056650557254,-0.0130478108319678,-0.186492254346213,-0.366433476644304,-0.303974541257793,-0.425005374754078,-0.0244662227368043,-0.163648707575749,-0.248681789811065,-0.151862009610799,-0.294900899194364,-0.304149605420197,-0.379287223813997,-0.0840905194498694,-0.439605029459633,-0.336428984849253,-0.0170253627356953,-0.103704089998905,-0.189578142352066,-0.0331294741663529,-0.147080025811251,-0.0549093127882406,0.040811358620157,-0.176619831132175,-0.213810810818161,-0.0991603396953984,-0.0330139816835727,-0.211442535913597,0.0527203022064801,0.101953228838632,-0.157422881290895,-0.356448248153707,-0.056908641763219,0.0018237368724864,-0.0826130199210527,0.0187762184313022,-0.291647493705261,-0.0636557884756289,-0.463840385974639,0.177604340572436,0.215774929786394,-0.154848800704597,0.0685024184587706,0.140474317156105,-0.0408011354330085,0.0910611761361114,-0.1020744762606
-0.0519592009143595,-0.121229331749842,1,-0.289909471710203,-0.190727791839425,-0.279736182933553,0.638883185770168,0.0050319707267116,-0.43199658679497,0.319955898507459,-0.308791002240212,-0.413251729587435,0.030354075480743,0.0701837548266225,0.04955053200403,-0.0546435780764493,0.0597810537706493,0.207854244093474,0.107701403301511,-0.0145475146945495,0.130013163150326,0.21843640526307,0.303347291280252,0.305685769912178,0.435990758400357,0.38364893877612,0.294393220759116,0.379155905104486,0.387424695466055,0.304848601988061,0.356482319663968,-0.352494008470048,0.347746309745202,0.329589024266234,0.0303934175508063,-0.0663177922345943,0.213260316034918,0.347031573038668,-0.0509004065474862,-0.067044219434978,-0.172610129836631,-0.0282380936310729,0.281105795963604,-0.449913800609891,0.0584881014408393,0.0357180357298475,0.176168177006372,0.0731279080815489,-0.328372827908515,-0.17481683111379,0.147518219230896,-0.389874499063341,-0.0785079285096035,-0.426201522156424,-0.24739420547821,-0.114136175070046,-0.282375288575474,-0.38585286341031,-0.13412589945423,-0.0369070011547685,0.110787154215575,-0.0056469209849275,-0.0973042236978689,0.29226293563753,0.325603577183871,-0.0047928858471408,-0.177266127883375,-0.165153003148842,-0.357721637140691,0.159152724832606,0.0775895350378974,-0.324609252658661,-0.259498964498873,-0.138315857131349,-0.458559952371607,-0.168386672580858,-0.334676274278725,-0.184031745248823,-0.184873118283052,-0.312496780224375,-0.278693177087227,0.188581084784805,0.447055127712445,0.289663807860494,0.167345800847915,-0.156980426264282,0.750086860364619,-0.132287602267014,0.0421807301924226,-0.375273929945759,-0.149789967243394,0.547238378259195,-0.342095548812552,0.552302319960531,-0.006576539498883,0.044851114267248,-0.0669539790767128,0.0959411497848061,-0.0505288260810025,0.0953982128862224,0.0715033647005536,0.151834304176222,0.25907531549105,0.101291791611442,0.108311847981958,0.159564365910449,0.106524705093902,0.392509048753214,0.116925776554306,0.427544235235281,0.325133804065015,0.657997469123507,0.604244028047467,0.461601949207122,0.136784547862171,0.470919250763603,0.456896198140427,0.545191001016903,0.239449989869019,0.0808791292501847,0.135231923867648,0.290725864908537,0.173361964861008,0.138444252551777,0.34590213481642,0.0952926467030866,0.0776770672083954,-0.074457412162199,0.0445788517967987,0.0186721424867004,-0.0280138834576915,0.0534147370121383,0.0060908721999699,-0.0954043754591144,0.0430373543253638,-0.13717909901224,-0.0636297760230371,-0.250048852843977,-0.0054723244504924,0.0043115677176139,-0.257666989448352,-0.224741595022717,0.0307288285414323,-0.077126420060484,-0.153128086217155,-0.032630191853015,-0.142310358878506,-0.331362859207171,0.143753729199622,-0.0976558913518984,-0.0893044782276862,0.0326068574013155,-0.232080281315873,0.0116928452028211,0.0992038505789389,0.201437815362321,0.0683741232380074,-0.320510054604002,-0.221969662103999,-0.184992902068278,-0.429110161347719,-0.273371751454326,-0.048966307820054,-0.157802854994251,-0.153832191656647
0.754994777055101,0.274447894570813,-0.289909471710203,1,0.601305436361115,0.282215996403843,-0.222408187662144,0.11991775567097,0.72619692871006,0.315636938994602,0.792143372768397,0.744877911235251,0.577310796956406,-0.0843947124559141,-0.0211240610412873,-0.191330580830243,-0.15792694921381,-0.298031215830804,-0.220814070205235,0.150721066162034,-0.246558260320978,-0.378603737951839,-0.284370091190107,-0.444104369722616,-0.353969884234776,-0.280899386884547,-0.095990386642961,0.0504586764778619,-0.299382254371064,-0.41608675306487,-0.132554319715993,0.214918368051226,-0.0675041877029372,-0.0557416440721181,0.0398319354735551,-0.0455600944459096,0.132162026314342,-0.036012435815779,0.207639967625216,0.0532464401005891,0.0773808397714537,0.014715849508526,-0.0427869250224457,0.0101433235942491,-0.0416541950964804,0.079355266411045,-0.062735611106206,-0.114703393407131,0.0068486249642877,-0.188852876866928,-0.0959540603778627,0.0287591423554977,-0.21130217754233,-0.0806241293098253,-0.12288241226153,-0.170803518910664,-0.0472847452282232,0.541284017583469,-0.0982248026322939,0.117468170574595,-0.344175763349816,-0.284175820852023,-0.284017534308579,-0.190693121857194,-0.129538111573659,-0.240143619911091,-0.249569984968442,-0.10337111722478,-0.0904939483863857,-0.250285548464327,-0.282346613050952,-0.0495217803620528,-0.196344038551187,0.0080015956746293,-0.142541033398863,-0.215989075907251,-0.181127759699952,-0.0919004155854353,-0.233411705575875,-0.179528888581104,-0.152130379223235,-0.167770665844261,-0.126527733122189,0.354776879113576,0.252547156913633,0.730953607747427,-0.290180691701048,0.0190139866327759,0.560586105585851,0.603779469495927,0.665307486272935,-0.0566889636536052,0.712664594236272,0.212015702748702,-0.0546883993836587,0.0030311334625948,-0.205161714422197,-0.219392718272199,-0.11247844289718,-0.166943173949958,-0.215031185553308,-0.0243559412108747,-0.290007360504594,0.0075377007713021,-0.168741442529951,-0.330603563524407,0.009378984529363,-0.154221134177719,-0.166089117373106,-0.185871517665744,-0.315364276563882,-0.140112369830391,-0.30692278663695,-0.19475647102377,0.0792550705877316,-0.0414697285591952,0.0138019606455704,-0.0170617763096991,0.201500356524471,0.181443824701083,0.162987391645141,-0.0563592610913879,0.0573076676436498,0.0787015088019899,0.161495937013141,-0.188160674271694,-0.0570534262737557,0.285950095810753,0.0808575240923471,0.0865510036679702,0.233741440685279,0.215974343463249,0.115369589775979,0.0927801257313825,-0.117863237555755,0.11713618432807,0.0333918542251915,-0.232397201654147,-0.046992305752272,-0.0928138295410005,0.14462052959806,-0.0057721761146018,-0.222497637234815,0.337018845810063,0.0022640013039142,0.131917840678487,0.0456184053545181,0.088713754088298,0.0370839882165553,0.0275411214571228,-0.174283249485812,-0.233710742253315,-0.0806234077343183,-0.176140449628936,-0.205775383305282,-0.133703813770286,-0.0558081474145476,0.055503981694381,0.146417353123405,-0.125613834286047,0.0278134812644428,-0.0284499388693286,0.0206380911127243,-0.120038705241001,0.206903106086083
0.610154228762023,0.164142118239786,-0.190727791839425,0.601305436361115,1,0.162250469481047,-0.0647157022435555,0.0138307557922022,0.568278794620636,0.338713629633987,0.579559961583472,0.515706538232305,0.455387441516831,-0.159967433027114,-0.126946939054763,-0.264446076308911,-0.405212081305047,-0.31187567585214,-0.316894962639442,0.196291682177467,-0.216196303995497,-0.226324443191198,-0.331698361934295,-0.334169114818593,-0.200923724206155,0.084631285516586,0.100816996302434,0.108987806731377,-0.237379758019736,-0.310427396164386,-0.0215623891671049,0.248172788756271,-0.225647875676646,-0.0898333451765479,0.100387931526019,-0.0030838282058284,0.006385007788289,-0.0840958592840802,0.0378586080674305,-0.002653482385652,0.0747755183108474,-0.128139509400963,-0.113367133511229,-0.0928806173042287,-0.165615233565825,0.0730359814152296,-0.237995535325016,0.0166144109111708,-0.1422066707426,-0.047605259769254,-0.0480857743711939,-0.0129397206239709,-0.182857112681431,-0.0547803311924374,-0.131673662310608,-0.0685322189210324,-0.156205984769563,0.482383870349579,-0.0194579432356786,0.280692512761782,-0.242011098413432,0.0216405124524452,-0.269310953625395,-0.138819117452244,0.0288224543341389,-0.244598228032934,0.0240470220601199,-0.136115444106496,0.186637301203293,-0.360809035541699,-0.302620790677619,0.0729995144715814,-0.276056763439228,0.0455211997127562,-0.299140206314787,-0.19359143903582,-0.0264929585589028,0.44099231710329,0.0683748804229971,0.233647259143402,-0.0129272873188113,0.331155379010747,0.109686169402636,0.493606673947095,0.146153654933438,0.492049198866917,-0.19019334291478,-0.120219392620594,0.70635483795876,0.414328096676766,0.659427421709697,-0.0622279919122741,0.558117518359293,0.303891077648618,-0.213806860945995,0.0144880963186819,-0.347340211776503,-0.284738530910249,-0.326257728818988,-0.319609679299055,-0.287725029942011,-0.196914173022854,-0.182480641222021,-0.0326177114062385,-0.255954216798174,-0.215161822563992,-0.139248698522561,-0.163850230012774,-0.304212109287359,-0.168874429678181,-0.1549132834261,0.0052678555858232,-0.184704388021809,-0.186463469546434,-0.0630731062199085,-0.0539402710671739,-0.0066101463471024,-0.0055799154458836,0.178747655119087,0.00683446230049,-0.0581178622648732,0.0311136956585234,0.0182961907637695,-0.0331316817275695,0.228279080575204,-0.0556336711949909,-0.146198708771683,0.142224763329099,-0.102539026105948,-0.1148326555101,0.197815559580289,-0.0759218037215105,-0.00764741992897,-0.1459372320541,-0.0489398703305789,0.0718075361517832,-0.128352794584442,-0.194447886685105,-0.0652845257805952,-0.0661790547753217,-0.158465790610449,-0.20938042720993,-0.199195353968567,0.510625740314457,0.0134285804258027,0.203928486553377,-0.0348044945081084,-0.198488189900693,0.296275840509814,0.0933320143402638,-0.0999546078464189,-0.104902950977855,-0.0235309885821775,0.138770310747021,-0.109622973377147,-0.0128056442037239,-0.146703828217908,0.190028749540406,0.153087737104865,-0.142851845913382,0.0678264581033142,-0.108400681706806,0.477744849858799,0.160985409854074,0.181080439233588
0.419830086205446,0.866666023533502,-0.279736182933553,0.282215996403843,0.162250469481047,1,-0.269286309231182,0.680608149327691,0.640254505605074,0.319657665660805,0.207643135446231,0.55482583497278,0.52249396093735,0.0294603047108498,-0.0076306636493437,-0.257399614961831,-0.283495240563061,-0.274298730518977,-0.125513318711898,0.0627074306660059,-0.427525463650775,-0.076373241178888,-0.322543457229645,-0.248651090545978,-0.539580483659794,-0.26949516347981,-0.281698898334553,-0.0525587861591038,-0.0486186302434926,-0.053807614990329,-0.0091201140001217,0.121010156576376,-0.335974642444221,0.0240575072277105,0.297456520479963,0.158121951561388,-0.214358724861287,-0.14648726802039,-0.11459720259868,-0.138249405268368,0.0830247151614575,-0.151587522830158,-0.0843118720249348,0.304502700679856,-0.168986352851979,-0.34335667599734,-0.434808293891114,-0.19877711728646,-0.083025216622096,-0.119396702227265,0.155274529143072,-0.208195780542379,-0.289115290309198,0.294079973603617,-0.0085796142370108,0.0402709234911942,0.0075264531345725,0.203892835669726,-0.0352357594690308,0.0643058017441991,-0.137670427556489,-0.167176049427551,-0.193385153571336,-0.247385956719966,-0.411801678032445,-0.233408860697632,-0.0523410661406454,-0.0554909193975365,0.26277558909109,-0.420825630698198,-0.183602485886846,0.339225612512118,0.0978848645820908,0.271484401369342,-0.0613372042903138,0.070153979767267,0.173092145562809,0.0266027331050034,0.0377603747817993,-0.022198639501899,0.012544589933848,-0.283149428929846,0.0960915981655735,0.029367287544192,0.493514166771205,0.0892258919844901,-0.143943527537061,0.749028085941176,-0.224458793712222,0.555890797699564,0.174135019288327,0.220277149443072,0.430043209615335,-0.105812632829289,-0.0245755711089852,0.0124204074494851,-0.336122930902402,-0.394397204773461,-0.228091881567045,-0.310285557634363,-0.185183604134755,-0.513610861347607,-0.228418807813187,-0.278804506095845,-0.539678492377449,-0.415925918928335,-0.300324532733524,-0.403366256712619,-0.466916432838472,-0.532449631469946,-0.607971303355067,-0.356339702409301,-0.479478888640226,-0.193028940725988,-0.0942308427602159,-0.0654697925146243,-0.153075192074447,-0.271427379424598,-0.0837505152437897,0.0800557023006711,-0.111012713270818,-0.391349340880029,-0.247382147956871,-0.252253877492623,-0.0096569488588882,-0.153771912672458,-0.211704424987338,0.0221731309878751,-0.22051004875435,-0.285578551433917,-0.215925383169329,0.0040319237637216,-0.253492341027464,-0.256498752332504,-0.180105268889907,-0.0204394120878085,-0.305769183448103,-0.102811353150254,-0.20616434036588,-0.139270145801996,0.122802087968082,-0.166904230687524,-0.240166525179384,-0.0837128854527797,-0.0254743719902994,-0.0956656723223821,0.165629689723896,0.0602675095931402,-0.259572545244683,-0.273189167520779,-0.236593166626004,-0.0213449348291237,-0.147248995202208,-0.0646877107309258,-0.305217458550712,-0.141931537873608,-0.333300429118389,0.326871005747563,0.342685885235186,-0.0853883127573161,0.0920479297570379,0.0543293065969661,-0.0517877297074438,-0.0474208312867097,-0.0795093383444803
-0.0591469540821794,-0.130711211291374,0.638883185770168,-0.222408187662144,-0.0647157022435555,-0.269286309231182,1,0.0736439719553313,-0.456349478639701,0.316168133249561,-0.150980753515099,-0.418746782987525,-0.0754459595856173,0.166810864455671,0.14631222894892,-0.0398703674056326,0.149989544190907,0.252817981168937,0.0255086184225918,-0.049867389323271,0.163530150673666,0.0883257289236027,0.0855984878073302,0.175300839994617,0.317367954453657,0.399583991820962,0.231901365193811,0.134285057356023,0.153870639389009,0.131224006409282,0.121983025800468,-0.46743014728531,0.0839268894367082,0.395825424066067,-0.0650280228755422,-0.156449084861752,0.353234600877628,0.141561853164904,-0.0450173437948388,0.0062124295941162,-0.265197910374399,-0.0394301998938437,0.355702335804533,-0.432953693701612,0.0914551083419423,-0.013470817602573,0.239603791202821,0.336474555750572,-0.289888928506779,-0.108908599145789,-0.0511720523039594,-0.367511604762302,-0.0827756948858052,-0.341150850838188,-0.357144344769185,-0.196425856364865,-0.378478721077481,-0.399251957475202,-0.103837795258238,-0.0889606087643542,0.350240498607121,0.307086158681203,0.16855396503202,0.520932586169279,0.576949753615632,0.130348459818009,0.0155337858158892,-0.0694742417901253,-0.204494872712613,0.151771427420656,0.0539230473983287,-0.264358321264977,-0.167676593864047,-0.239832759359309,-0.441351309403233,-0.098103924345513,-0.276269390465935,-0.115386248322143,0.0084377740739802,-0.145663642569682,-0.14069822780931,0.218774978097686,0.458559507837689,0.197417594315688,0.0217746576199694,-0.246591107015244,0.682406485668052,-0.202623144739631,0.109695437821048,-0.485563812914814,-0.163800649019308,0.430417930597001,-0.366265053326157,0.292284113854893,0.125079125885082,0.209383936990958,0.0402267122548049,0.157587131502089,-0.0621844682125672,0.154351561078024,0.0209644525251587,0.138740986242617,0.318319847443599,0.152579106956464,0.148663874327387,0.359884322745828,0.0476518229797841,0.317983355200596,0.1396026009613,0.410121419293312,0.287230252482065,0.561553320021954,0.71086437156001,0.321507635530926,-0.0649631535562082,0.202363516211292,0.197780654032726,0.212907107960532,0.291440080887079,-0.0513309278950707,0.0637525785741514,0.500932763716924,0.331827286822969,0.0613761928973891,0.379141824571903,0.365916062339075,0.159102409638331,-0.163813114078465,-0.0088445552330317,0.0605767178367201,-0.0894834008679273,0.0998305406040415,-0.0550333118878108,-0.218844994051597,0.0504430326422936,-0.173076827549553,-0.0010915367890742,-0.0871955133672362,-0.0279408068132562,-0.0503315335832449,-0.379129728283702,-0.257163996061166,0.0321809874035387,-0.117766530274931,-0.148126486508911,-0.0534506799147589,-0.230750702155159,-0.337586311216929,0.298413021044903,-0.0109514718836795,0.0768052239819821,0.28674272152553,0.0989590011750691,0.339710798419517,0.393420382961152,0.462490825919208,0.144818786500957,-0.301839043728408,-0.2449427926008,0.0680499721302781,-0.315796394666848,-0.276387156256797,0.0046629569218463,0.0404012326297571,-0.252023785402955
0.259256523596431,0.745366195899622,0.0050319707267116,0.11991775567097,0.0138307557922022,0.680608149327691,0.0736439719553313,1,0.225883066430593,0.463473435686812,0.0800181696847722,0.212935857266333,0.315372233872063,0.0385612902320537,-0.0525899181046254,-0.0460895479462409,-0.266911176829606,-0.0458675117155946,0.0001150397453207,-0.181490259559289,-0.28517492568442,-0.0159873908727889,-0.263537600920645,-0.16603621063206,-0.242012312677984,-0.0316537769202466,-0.291226777488507,-0.121079577093926,-0.142433056105497,0.0839950361088942,-0.0988381070985085,-0.229136156519091,-0.321996314748822,0.075915571609859,0.0811047442986524,0.0528845225313559,-0.227258602354171,-0.297306404233031,-0.317414664886775,-0.253745186959646,-0.305899785390597,-0.317274349420411,-0.0979026837342567,0.0441998169362228,-0.272611435876631,-0.5192455119658,-0.273585149455599,-0.0553298955977871,-0.128395870222791,-0.0109130809343458,0.0480672132779617,-0.37808097899791,-0.15594247711047,0.130016622445831,-0.0969569410764338,0.0353692610823083,-0.0399407423542331,-0.166485585373588,-0.303226876700313,-0.2605785876841,0.306460145400372,0.189234059630149,0.0710049297055647,0.142353021847025,-0.131822373299138,-0.0255675118935877,0.171697088428137,-0.131190588511523,0.073961812234423,-0.159618769499053,-0.0716608940050419,0.0327406143657303,0.172826383635846,0.0171251934196938,-0.0538974945954189,0.295027044845141,0.260267543840078,0.0045120432353563,0.262326101106357,0.0040500860634692,0.114243326952469,-0.201601529286763,0.312485492427928,-0.0578967260968998,0.362733997401058,-0.202297808977098,0.171867837490954,0.613841452997014,-0.224860173812888,0.0308975172733838,-0.0731483391472663,0.4090719525846,0.0074571946083336,-0.10176922348548,-0.0846258935962986,0.0040261063719325,-0.213344105125034,-0.292757290088561,-0.293317610772366,-0.295153402784004,-0.116015133671163,-0.438451472296834,-0.148893321154527,-0.388286101057926,-0.436282279739642,-0.225335184965573,-0.36937039443085,-0.297807351196673,-0.502878518634797,-0.33128706237394,-0.360184846311103,-0.172605827988009,-0.332516507109582,-0.276837111276331,-0.227659641054763,-0.196475488433827,-0.259349714346135,-0.35545048557554,-0.332791210641321,-0.140244669027774,-0.215563342058538,-0.268344487374246,-0.252848944097346,-0.414019496965849,-0.0893130929473153,-0.0529355308270465,-0.20951263651652,-0.303342794437412,-0.415501827318739,-0.378681379168127,-0.479302875350036,-0.179746207293151,-0.39614970085862,-0.359065151928186,0.0399683940163552,-0.173121354808269,-0.223712766353202,0.113879583284438,-0.109744561771519,-0.041082889147389,-0.123674664663757,-0.149863786990147,-0.0184626829242474,-0.239329011221866,-0.290614805412155,-0.348152372345207,-0.0599915042000357,0.0719922942897066,-0.0165579855075491,-0.324430775682772,0.109585778903851,0.185497933785032,0.165792208864816,0.0676892934977799,-0.0434485113553073,0.0707442077082411,-0.335527920388623,0.0687790866104856,0.0680381757741798,0.0713852414796796,0.10466519848707,0.240969709668511,0.0132592745996514,0.192034355269097,-0.28336252954668
0.668635593770787,0.486685822522543,-0.43199658679497,0.72619692871006,0.568278794620636,0.640254505605074,-0.456349478639701,0.225883066430593,1,0.277365734928716,0.736676736416748,0.902900497276301,0.611284332338669,-0.116879055468649,-0.147075005708857,-0.339983305407932,-0.373198554271508,-0.392940675747433,-0.224470052935397,0.193283013884158,-0.411004981937254,-0.19005799918881,-0.278490212317299,-0.35248446436185,-0.554374096066771,-0.296157027011716,-0.147064243692439,0.0173910802347966,-0.172619348947557,-0.239439173993211,-0.0083986491307845,0.35435968848774,-0.109491181196862,-0.163612412762228,0.222188493063915,0.0694040107604435,-0.144564565098323,-0.139264592392836,0.0739147425250479,-0.0693812279545096,0.161755881270589,-0.122603349942884,-0.236210248451022,0.173936244627019,-0.107479373731614,-0.0511484938096455,-0.375905933756252,-0.216455791018417,-0.0227485402529206,-0.105236137560787,0.0100243291544404,-0.0156444544058413,-0.26384059331063,0.131605930973363,-0.0384830180141734,-0.0425749434983431,0.0324782607702852,0.667895440263996,0.0941397882328344,0.187730793582401,-0.381663649982571,-0.329621131508466,-0.334210018794566,-0.361077588007481,-0.401415572544827,-0.28621029292769,-0.200537305363291,-0.0334934939920964,0.137665967246365,-0.417071708454121,-0.292281314827262,0.204986286321468,-0.110042519332885,0.222880852923867,-0.0167717815954435,-0.175798220579061,-0.0273478793247892,0.0506903970391094,-0.132724609897318,0.0263131971321077,-0.0189709997989761,-0.229786363443269,-0.16861389447964,0.257750450092666,0.415328038738468,0.643458463278205,-0.431856815109579,0.335482903123151,0.294178020332431,0.880090110146415,0.740644330041893,-0.0805976039889553,0.876229412885072,0.057787024865989,-0.158342235047996,-0.0758213633497027,-0.340238512903127,-0.352168694203703,-0.204931105248236,-0.278326793910948,-0.220597191912634,-0.258056475475513,-0.255977698493269,-0.135108481791948,-0.392295560064341,-0.464714416638927,-0.131963197780834,-0.316556517016799,-0.321506234058741,-0.412219887597042,-0.545602811914405,-0.352467219274409,-0.50384880372821,-0.203091623745814,0.0397013242917187,-0.0244589167250056,-0.0539501753167748,-0.0811010140489423,0.02909121147615,0.167441854703406,-0.0117538867238851,-0.320115150536058,-0.16633339566442,-0.0903091002666349,0.0520785991521962,-0.329179753922407,-0.17511481288241,0.243417855641001,-0.0809784788983176,-0.0822881125413273,0.0981817317776975,0.0407370960016186,-0.0484859155752993,-0.0250480596267442,-0.170664476839144,0.185055520134126,-0.156371197306281,-0.205448682753949,-0.126752542935586,-0.0838156916057332,0.197134896017493,-0.0945684084413351,-0.229936739224543,0.378914239596485,0.155658649583614,0.0321555060738844,0.204305032046674,0.129436749699063,-0.195299823506418,-0.0893074847298271,-0.28861173912131,-0.269920155168851,-0.198500188227838,-0.220849717509896,-0.360640685672626,-0.285976093289198,-0.229815999791603,0.289633453712788,0.28679486861319,-0.175022888761516,0.102424258128352,0.01210387829105,0.0346298802310212,-0.0738792105782733,0.244486218036685
0.649894416909246,0.432049858007905,0.319955898507459,0.315636938994602,0.338713629633987,0.319657665660805,0.316168133249561,0.463473435686812,0.277365734928716,1,0.234805870091614,0.321582687491006,0.776327295645765,-0.042272680594644,-0.131058360259562,-0.386055784230419,-0.280672497597515,-0.357366854488884,0.0056512170382064,0.18762308985847,-0.428128276053169,-0.223826064160964,-0.390660168334666,-0.326361082801221,-0.202085311609585,-0.0273681188569456,-0.156476100460549,0.157671667465653,-0.308822028937959,-0.222373397016377,-0.0432924908717165,-0.223481833850524,-0.289097598391412,0.17249810431218,-0.0546784295539742,-0.142143317372458,0.0159237984331897,-0.257357863842978,-0.269332998287434,-0.250707132070853,-0.257546842209319,-0.248991322922823,-0.120854919448231,-0.312059650905454,-0.228412779054267,-0.238127422334914,-0.245409073034661,0.109659243016167,-0.3202798863825,-0.171560972276984,-0.0669685226048387,-0.474307998933797,-0.31808177663958,-0.29230103059745,-0.411704224305134,-0.240433577737192,-0.286975771600133,0.0879800770986666,-0.159003696512658,-0.0834405454191026,0.180305918162781,0.194207383212542,-0.0870060878536827,0.0832361436984695,0.064118901044755,0.0011712980493013,0.0127564560329722,-0.188758022370504,-0.0647368366391129,-0.157738276018799,-0.168233434882326,-0.100556448318107,-0.113302301670056,-0.0773505068280308,-0.438261709333259,-0.0111807985309689,-0.106147224959206,0.0185320786575005,0.0603441069915672,-0.0091631148645231,-0.0789863186445192,0.0180093906565538,0.387832999954028,0.575902078955879,0.497356747318315,0.263536665808884,0.432842597285979,0.260760583872607,0.283900545483607,0.23918908438111,0.337319108546626,0.691232061573712,0.291778506681994,0.657302036116593,-0.12507841506045,0.0804108556187931,-0.394266481933719,-0.237102964260151,-0.188390132132673,-0.319457388992942,-0.0074090479177654,-0.326105901258095,-0.248845237536001,0.0263854806838198,-0.368567416372986,-0.139951058976607,-0.216701440238083,-0.212535579476924,-0.35809919045517,-0.175881740348746,-0.229532840836364,0.127981662220219,0.112373439937999,-0.168550654711765,-0.167924099006545,-0.0571691449218329,0.0685057095401547,0.0750518797825732,0.22119773706099,-0.0618164893072027,-0.0550982378151224,0.124848048875072,0.0125051326285741,-0.171850367902392,0.365910493323491,0.169706764067153,-0.12141927571698,-0.116355943420796,-0.196009244316652,-0.220608252059032,-0.0643238200528686,0.0121457739431727,-0.248416197053809,-0.36157515192469,-0.0301916434913125,-0.277028209309427,-0.317637678772316,-0.257806041299179,-0.233145475916294,-0.105744393783111,-0.27815408331638,-0.276895872373619,-0.0872855988216049,0.315355782066266,-0.106787607722232,-0.077871997798404,-0.164015169217734,-0.187852093764988,0.417670604513893,-0.111307354438418,0.0039455276325646,0.204995859806967,0.106550738719307,0.172343847602023,0.0222446643574923,0.0762642462825204,-0.146907328844922,-0.0872216847624275,-0.0322185994317608,-0.0319965178038368,-0.0779813374383697,0.0377833278615335,0.141468060050842,0.170963553459285,-0.0011567660037647
0.631132264685146,0.145106053343453,-0.308791002240212,0.792143372768397,0.579559961583472,0.207643135446231,-0.150980753515099,0.0800181696847722,0.736676736416748,0.234805870091614,1,0.761365791669452,0.403330404631119,-0.228603661867341,-0.218182929675597,-0.317112288953463,-0.293849048991613,-0.397520816758331,-0.202328538093745,0.230692220716442,-0.275819295772838,-0.313468995805278,-0.277244807084139,-0.396487838509449,-0.366706872379674,-0.10848398581639,0.0904573062664594,0.110760391294336,-0.319490974151768,-0.412909357688278,0.0058043499686602,0.37530169227179,-0.0705013335826327,-0.0464154136222895,0.199256096141528,-0.0235560200782499,0.0141000887972969,-0.0943645833886465,0.157811487398594,-0.0331539035350242,0.0573331757878385,-0.0900182933453407,-0.140215324715372,-0.134274219849426,-0.116743491529226,0.127968543863684,-0.100458906709737,-0.0814774908952435,-0.0161167059960238,0.0114785264633788,-0.099037211860026,-0.146124130636548,-0.159647851100138,-0.168513549220404,-0.0998527275445638,-0.0672767709328743,-0.0856530140939392,0.690391080602706,0.115353308774834,0.0290939969610603,-0.218465131401714,-0.123388682135209,-0.162721670692604,-0.0725714202946586,0.0546555984770575,-0.117882109618075,-0.0672992040820546,-0.232725057765759,-0.180890930964242,-0.297231980663076,-0.277945938596087,-0.225748767125086,-0.313273218163997,-0.146488883024557,-0.201118870470937,-0.105255475774285,-0.0867519179075259,0.0178675624422801,0.0043156417970068,0.0172831608622976,0.173393036089044,-0.0703876182192273,-0.143084177252929,0.318696888298951,0.0393271878450448,0.706980585532215,-0.341858771981964,-0.178473442491712,0.547311200386139,0.549675551634113,0.827868204865705,-0.194459636628945,0.782745723114644,0.154829044471717,-0.237764419922537,-0.0866732420280796,-0.266550268993558,-0.298907412407802,-0.177001817917924,-0.260134966097925,-0.181828904824493,-0.0310651825192686,-0.251943932423648,-0.0232310696708409,-0.191588249132547,-0.280640967762569,-0.0019470603729017,-0.146116705445289,-0.119166437697524,-0.175525462270017,-0.320309402687474,-0.0456774562586615,-0.274589878293537,-0.209586621821754,0.113665370626901,-0.0245791078247724,0.0635598478641929,0.0594064572182081,0.123478494305642,0.2720028903587,0.112490120645379,-0.0063557959458869,-0.0017744456933812,-0.0046131306179715,0.211583773779694,-0.298996715283324,-0.0988631122306014,0.137490306572028,-0.0728937730171855,0.0128441723142905,0.199792841695142,0.0380323056939941,0.0421888643852123,0.0431874836391534,0.0541167438238046,-0.0037310129707092,-0.0739825905267224,-0.149282737301086,0.0283089942634343,0.0512987144894358,-0.0252718630381511,-0.0015593253994337,-0.0837756679316768,0.562544038088416,0.0746060755705549,-0.0370512665537491,-0.132897074982227,0.0090504131517007,0.136488346193875,0.0611515562491493,-0.0996646879454035,-0.229686052223166,-0.0087277151041561,-0.0934448319774843,-0.121874717016375,-0.163754770169558,-0.186550496905832,-0.106882202763913,0.0082709969092209,-0.181315889012351,0.0352947833138758,-0.0249388819919837,0.0994933851260338,0.0970524420643831,0.390543290761785
0.721662378413822,0.378741897008314,-0.413251729587435,0.744877911235251,0.515706538232305,0.55482583497278,-0.418746782987525,0.212935857266333,0.902900497276301,0.321582687491006,0.761365791669452,1,0.636303421964898,0.0252139532078148,0.0363312580782888,-0.297278458483572,-0.247410747479947,-0.419186034187296,-0.257750716836456,0.212645014549428,-0.46471318474613,-0.405129587242952,-0.373267632156724,-0.55176390770987,-0.557074146427181,-0.305599186807128,0.0267911468008136,-0.0167234146599378,-0.324742623972863,-0.477279645420286,-0.106741936089651,0.341494137706296,-0.177374119558095,-0.196175620872372,0.155323047782956,0.0093437581088053,0.0932716183527061,0.0141096098857251,0.242802262502316,0.119278723738088,0.247630142121274,0.046746670037801,-0.153674160282859,0.0567110065973731,-0.106216973094701,0.105094565337147,-0.305879814025435,-0.213453094962449,-0.0322681020811439,-0.163309949210299,-0.089742974084407,-0.0484551163149785,-0.289772226038533,-0.0407215427823418,-0.0291246137741345,-0.0565849925389725,-0.0604403198943931,0.658156324542267,0.0974890054623465,0.25439754526492,-0.445277412499595,-0.365372085244389,-0.358820979981752,-0.344219954941732,-0.221832543636487,-0.313760778166304,-0.24629494022067,-0.0533179348231309,0.0475346060540508,-0.341597515246655,-0.266790775612074,0.101491610509352,-0.164996288847837,0.192301175941985,-0.0903302248645056,-0.180023137211453,-0.0927838815602514,-0.0609706838999095,-0.231431476773865,-0.0771280339618682,-0.0708880448804347,-0.18789224025595,-0.184984773161367,0.383518186160529,0.341053590582156,0.768157374013115,-0.392151087196894,0.19934946221916,0.373853051132296,0.860647511553587,0.754798692650933,-0.0652781126445664,0.917041995329539,0.190998826016832,-0.0396396224722092,0.0763259462632326,-0.303264737916242,-0.272115582985493,-0.115284644486747,-0.200552606065782,-0.209958808780511,-0.144912836191618,-0.387998210465708,-0.0181936171141817,-0.365862133159745,-0.470846626812693,-0.0049266663519048,-0.277643473957912,-0.245844197866814,-0.335519583606236,-0.566880464078849,-0.190599405995207,-0.38278824791952,-0.185661390932418,0.106609480430614,-0.0547863933447435,0.0327256488642045,-0.0539600414955097,0.179309276536337,0.27823228298834,0.143745791034128,-0.116226296002007,0.0945583968664049,0.125187614104226,0.118727949439263,-0.203781630355639,0.0097593787603686,0.358635655038664,0.0471752860407054,-0.0106594476695825,0.287238557230568,0.117927137684755,0.155898767762639,0.0583401658859618,-0.163324626190065,0.0912626591948469,-0.215424158194858,-0.357617337973782,-0.136154968181326,-0.0792900897599443,0.158841354076302,-0.0193812305530615,-0.242448092157682,0.446832178024246,0.157871355978226,0.154640905790377,0.16808739281045,0.0346180700658338,-0.0154522967011549,0.0587480744331644,-0.324602157729177,-0.316492440318575,-0.234166327558324,-0.196148249041095,-0.337730055948851,-0.280729042248742,-0.138211660721404,0.205786820561208,0.333850651028411,-0.196591465601995,0.0693432926870909,-0.0058175708476419,-0.0064282949729966,-0.148202694333847,0.311913459654526
