1,0.512501743361712,0.31888579864303,0.526459566605577,0.558856434894905,0.00547200956542429,0.352042135706714,0.254915196528823,0.565165121465546,0.583836793516342,0.516598496364106,0.386073991460748,0.649104899304336,-0.224751220645798,-0.311325756867193,-0.180619203140789,-0.36731419383395,-0.214652055140609,-0.359781660642699,-0.195561649451034,-0.0493950252758834,-0.290641318702615,-0.159360426746483,-0.151046667710404,-0.0850563595385992,0.219973583640767,-0.339886741191763,-0.0517100891656462,-0.200995413898277,-0.165154311112158,-0.306703344516718,0.0592887981230117,-0.173149088345661,0.232504813754093,0.0286200517686199,0.0994078159586331,-0.163452366020176,-0.236225381972457,-0.0505660283448402,-0.0517048024873413,-0.130961009449604,-0.152955865387949,-0.265190994007944,0.019980351665636,-0.0639875337978651,0.228827452049961,-0.131490356696398,-0.154336688516352,-0.053320778090542,-0.343074530349334,-0.199067030766281,-0.130243813436423,-0.0647492007931904,-0.053313592396156,-0.054531720375976,-0.215542257246428,-0.043853707168993,0.162868364613964,-0.0492662269849705,-0.16929091172631,0.11768934021101,-0.0393414821255734,-0.0413650373304061,-0.0924006819556351,-0.03334694089747,-0.0176251524352328,-0.161107939628798,0.166038108879279,-0.0184398488030524,0.152894842200294,0.226036684097204,0.0896089096096042,-0.0240606968668116,0.039906096845494,0.0493348530768338,-0.158495321238783,-0.162287045339936,0.00543925048654089,-0.156793516884506,-0.0975788547591512,0.0297464357179955,0.151565544819017,0.419806234707234,0.720353262905435,0.5687591248602,0.597019897745573,0.217523708902952,0.0529369916629231,0.494975746558777,0.339920236807736,0.488886784072795,0.308254312085287,0.494076659448773,0.395797599837568,-0.087301221767666,-0.234865539675404,-0.19344365318705,-0.160925387763611,-0.335178851142928,-0.284576302496843,-0.366869106043411,0.180276176963894,-0.145672399762851,-0.15399393610561,-0.103168886435676,-0.0873720963519059,-0.0426622259571957,0.0177607296426927,-0.182394686308602,-0.0764327540947611,-0.0690456149173981,0.203026460080347,0.110804728572183,-0.315148872944126,-0.260280219600884,-0.209035375402218,-0.208768746171371,-0.142699873679202,0.479799909601175,0.0221576319577313,-0.162100752599253,-0.0780837580954632,-0.270244474505773,-0.159183184313259,-0.13240284640316,-0.0604473073796077,-0.289440723333121,0.0119972627483479,-0.205771746829881,-0.0292640401495769,0.150828884391729,-0.0367344644631441,-0.0259143227964674,-0.0134207994859802,-0.141600284533434,0.290545838511211,0.00465324517286231,-0.0139176488746759,0.00271066986631714,0.0814720366182563,0.169186465012857,0.0962736856798329,0.0818732045388108,0.178126864402739,-0.117150976728257,-0.0507098049220744,0.0928396737159569,0.128333547099438,0.041130072529797,-0.000817274862217228,-0.0710368679570756,0.0698565407527907,0.0551677101265816,-0.0351953667657458,0.0246494071701997,-0.167161899845409,0.144284515812047,0.120491051858453,0.0776706565679714,0.123322854050268,-0.034609288564887,0.133448665334572,-0.0973447167662036,-0.127914082505189,0.034545805274367
0.512501743361712,1,0.605220875353904,0.441160917530564,0.131058755448556,0.588220822329603,0.451016495364698,0.629377498933453,0.61773906414055,0.634499990724146,-0.0955983548479434,0.0454509771476975,0.647514019539233,-0.229634762189441,-0.315656811199021,-0.0967680612867635,-0.339088926478886,-0.0778928412563513,-0.269775449147436,-0.187347193016691,0.209893505969061,-0.0661485250226699,0.289410041370936,0.208573088623999,0.185594904921268,0.361001480560264,-0.0487098469448802,0.433236319094405,-0.0820236193056258,0.0762686931214468,-0.0712564691927184,-0.168073966450451,0.0582859903903987,0.369293402924922,-0.0752251462198419,0.378862165068284,-0.0798814033412513,-0.136252400381905,-0.0991117704561649,-0.130926355743883,-0.197509791512156,-0.065589391582339,-0.13964386166442,-0.108982383742985,-0.076562460304066,-0.120907759766602,0.0493258634439478,-0.0941434287719293,-0.205916155274798,-0.135443128458862,-0.133787961946002,-0.111437788654964,0.199004350163055,-0.0898555281930015,-0.113123779686652,0.197691886382818,0.129838155669429,-0.278299870717956,-0.150671360087877,-0.247271730078007,0.0805281362118087,-0.0357905676177069,0.0131191938878471,-0.0796941327124381,-0.224856719258373,-0.240885809713087,-0.112084116508529,0.117240122252232,0.0361536350112256,0.0810348536231356,0.157421104509193,-0.0556199981521718,0.0889421243074868,-0.145743280181403,0.0958849940818411,0.00847762642335839,-0.2435995026071,-0.128727831191133,0.0116386285783076,-0.0478348804810271,-0.226087059755872,0.0435284351163401,0.345558938893142,0.131671909176458,0.750613454356465,0.0472677289520759,0.419880479018542,0.66401405802552,-0.125950514053201,0.0916532801540726,-0.103634989207585,0.607362088133969,-0.0851296335205877,0.222856547023339,-0.143440483112445,-0.260911436755715,-0.228711261437725,-0.370379399742689,-0.315507441823889,-0.330575654169176,-0.275792445622557,-0.133584051450654,-0.279170664612832,-0.408503497736625,-0.112194645684429,-0.267552681979688,-0.191039515720328,0.014429208963198,-0.355248345708504,0.189624720095309,0.313636193886021,0.348660002183127,0.155203343035746,-0.410389805908592,-0.350905549933905,-0.243149552130245,0.0980649679679431,-0.0230736830674994,0.245695914518601,-0.296132850171372,-0.330098836965342,-0.240702692623048,-0.350921821014654,-0.301221593281165,-0.307204954839198,-0.170374206478616,-0.238373807044399,-0.136203603733175,-0.300228031305081,-0.204089117824798,-0.1316631161677,-0.0500804939283137,-0.240674510342013,-0.1577460006182,-0.0565932015238518,0.0748214673521833,0.262035453197795,0.19329505142673,-0.150021078803698,0.00063015155631541,-0.180770856824316,0.252565765927576,0.020494698420194,-0.324331120963818,-0.184626740315423,-0.37331202463437,-0.0863843050790655,0.268689149959889,-0.24070595423686,-0.191665902521381,0.193348047706194,0.0673742111764217,0.00931479119644287,-0.0286585424795577,0.202645127496818,-0.136767982387357,0.00719545362760398,0.0317204709594948,-0.265559978768548,0.170038070782358,0.0596832562695191,-0.060998373232881,-0.292056888685698,-0.0642289258286338,-0.290984112661492
0.31888579864303,0.605220875353904,1,0.134190537455676,0.172568370896053,0.0837254072031776,0.549344537784535,0.520209101032055,0.140350683050313,0.723807859317259,-0.00631101888221371,-0.126938065472845,0.627454335370584,-0.208796288963785,-0.213833989580473,-0.0531574795281989,-0.261618736570835,-0.0991871199976956,-0.021192535242665,-0.127077304467219,0.0947740069618953,-0.0118412540947163,0.249774781833834,0.16613700342227,0.0543370568266845,0.212951947669971,-0.0658237976892658,0.496158197773454,0.0800141811438883,0.213641545311452,-0.0602302635780857,-0.171359868774708,0.00542630913828323,0.495087212504148,-0.0793286221970557,0.472164069904655,-0.119108279860498,-0.259393331377306,-0.276361598652377,-0.202723025361628,-0.326167282957533,-0.163182728913919,-0.0255293178763345,-0.0249133432586522,-0.101431230526995,-0.206225388932273,0.0685310528058167,0.110021480825567,-0.283639193744048,-0.194618742061518,-0.107323164365186,-0.161816757695541,-0.0980469951712614,-0.158244324387051,-0.263070406292272,-0.0299048841163727,-0.0535941369554462,-0.165224280558991,0.0147769407920998,-0.372214511136024,0.108122543911929,0.0216629134752705,-0.0659595439916522,0.0660187311117103,-0.241766935976481,-0.129777411218233,-0.114108163390066,0.0909022177041683,-0.0371849995947006,0.0456177758379107,0.103004332647308,0.0342998525702902,-0.0355807047023497,-0.0679318389998649,-0.121776938514618,-0.10434986257454,-0.293058327824301,-0.0890344417034142,0.0593196032770857,0.0475579385127965,-0.0937327611203982,-0.0587691769957274,0.242209251483393,0.00387160737971248,0.372724103234771,0.145563328683127,0.635586639798807,0.143824036699415,0.111594016646556,-0.200438219094101,-0.0139459925979602,0.631226483542309,-0.0760828781884203,0.448154169490858,-0.0542094827142014,-0.157713974279088,-0.0455408770998624,-0.211626460092468,-0.0976069207260805,-0.17681463516608,-0.0432848074952836,0.0066825520855817,-0.132441863678524,-0.102663856066768,-0.102944554015081,-0.136928922174245,-0.148635487262277,0.0719539077376223,-0.263207335813438,0.060736598388475,0.15502132753417,0.489528146496387,0.289274444860695,-0.332197361712004,-0.0706883591830287,-0.12679012403173,0.323968619554099,0.248760550051969,0.417632810862227,-0.244613790916051,-0.213681293072191,-0.0557850580957009,-0.1325530143962,-0.335131724403981,-0.247837577870122,-0.236921151800436,-0.148269554078135,-0.193726115173952,-0.222662427943836,-0.165944507451976,-0.123075354197788,-0.0632939947192641,-0.318833115859157,-0.0420232534453181,0.0835312984944777,0.125053586660435,0.0390381472078176,0.0494800472277818,-0.172095197665877,0.0172988882566344,-0.044574947532465,0.170586647880338,0.220113451546395,-0.0806219589310719,0.0230471788705844,-0.319027047586732,-0.0201878012852907,0.123830539158729,-0.178878320726422,0.0016038759914096,0.167866908408832,0.212528807853796,0.150028109572505,0.119769499788068,0.135987575487482,0.0700766011149251,0.194848069099202,0.186476709948256,-0.0608740697264576,0.171652882722669,0.0459126987037938,-0.199680414096904,-0.20617446803079,0.0927842156732689,-0.160217117931185
0.526459566605577,0.441160917530564,0.134190537455676,1,0.442783600337853,0.307811379975386,0.283399207758205,0.227858167998286,0.701103663437385,0.423377183996636,0.278838654449129,0.22398413748741,0.524889482922605,-0.079287475561643,-0.203757159459038,0.00800453765125695,-0.218373936827415,-0.0787414700010816,-0.254674400668923,-0.19462980229427,0.198520833381985,-0.0392912810453348,-0.0574391694852104,0.0414299474206654,0.0606155776436601,0.106836500663674,-0.37735981656501,-0.0428655136502061,-0.119918189737547,0.0237812027546091,-0.371450019231866,0.204977447462758,0.0810678941602019,0.0632370003320046,-0.0374560432915452,0.0392726622460706,-0.230244002862844,-0.203247205254288,-0.0467148105173129,-0.0816624719454727,-0.112281015161273,-0.0676036435113112,-0.324955346298414,0.102861474862532,0.0420732366652491,0.20405411446033,-0.0336343159616369,-0.0137802249016488,-0.0995968366773167,-0.41518747228357,-0.259232166567745,0.0649375728456706,-0.227863971735982,-0.265027367458449,-0.12722340890905,-0.229555477811775,-0.285813932523264,0.118200976190811,0.107879103625565,-0.140018796740804,0.179431352643011,0.11214693890218,-0.108177914097516,-0.132195284574796,0.0109673851315199,-0.073744729594686,0.0052619053241774,0.0480803666976023,0.237675767642388,-0.172743999902882,-0.152129112619021,0.101432759324672,0.212514456591635,0.0941211387413723,-0.210968437954933,-0.237364696577351,-0.0342112000039291,0.232806601285011,0.142059125997133,0.00475783009245829,0.120425820521679,0.177644366973041,0.0984280841807568,0.335436216597205,0.514599757613807,0.393818690741381,0.180943494008939,0.343372764677503,0.251429821184604,0.534928645010439,0.233483490822266,0.373345359082589,0.257814591346832,0.186205026546266,-0.0715161840463591,-0.191829592318282,0.0769664856341467,-0.219175174107271,-0.107546542301476,-0.17573117727726,-0.247650247611601,0.137222712035803,0.00330345022478184,-0.13410269582009,0.0365831037430624,0.0113704710149894,-0.114851238191034,0.153541951731104,-0.0666941047336879,0.211987456863877,0.148660406465929,-0.0768758326436354,-0.0212514861893501,-0.31742240575661,-0.425212086509605,-0.0155617247848204,-0.412075324143653,-0.216507418039295,0.0823474069671965,-0.149934610385561,-0.182488698020246,-0.0518927175347313,-0.23518516227409,-0.174079376530672,-0.18972906184918,-0.0308496733062146,-0.127229930834216,-0.232417353253877,-0.181271798707786,0.0100759889517802,0.226745671254591,0.0855132909924131,-0.0468878871679979,-0.297277350396963,-0.458192578368992,-0.199448460683808,-0.17337042784316,-0.374835873384314,-0.2745367632189,-0.232430317112842,0.0418854340909169,-0.229538963839594,-0.279497409655576,0.0541277467075886,-0.108195719362532,-0.266308087328156,-0.0586480434454443,-0.239262960358134,0.102807131070202,0.0714071162156636,-0.0513525594237963,0.126843310374221,0.019393080625068,0.0873396581843278,-0.149460511385627,-0.209115649448814,-0.272381883033567,0.0671425626110019,0.255498840298237,0.149064486902127,0.0460020643235565,-0.0561117166374688,0.0227721663145967,0.0458964338290782,0.0262969603962201
0.558856434894905,0.131058755448556,0.172568370896053,0.442783600337853,1,-0.339299037250751,0.284579778865466,-0.104702246526352,0.326635920433624,0.153431920754384,0.449149409156432,-0.051860362313603,0.346132675718417,-0.0970958853557916,-0.219308058184009,-0.185697321716514,-0.339319092069746,-0.232218856318271,-0.153554336957977,0.0268249898971203,-0.152752487275205,-0.194133089378346,-0.259599394540626,0.0071584870556551,-0.0899866714846489,-0.0360480068427985,-0.495781079472157,0.110633084228302,-0.191665586886568,-0.0872242549106836,-0.358392612538905,0.0578656100865805,-0.245235491439084,0.442252122016908,0.190098013402115,0.195328715900608,-0.22606000367362,-0.371476529070849,-0.248580127968049,-0.248758883203659,-0.163837360415479,-0.257057138663927,-0.39480743842921,0.219395835583963,-0.0467702948204847,0.144106869359279,0.131901334184848,0.0687239227083851,-0.0358909147444938,-0.275260766020172,-0.316290854011104,0.0669145987960682,-0.0513453476154145,0.0612487220817714,-0.188079189449622,-0.0805519524816459,0.0979601940457812,0.149451657552584,0.132162532166065,0.100434932799191,0.329582252253193,0.264916284789775,0.0504096542139,-0.19925554983593,0.0989182595897927,0.185211185035157,0.313414286258084,0.235125013047431,0.35723449514392,0.215946152946777,0.152098261943008,0.296612776100937,0.369375429316409,0.147275667919582,0.0974949941109883,-0.0197781127565497,0.242612745777628,0.467916305795196,0.290783897195757,0.34501746371485,0.215555786837318,0.424903984241968,0.0817000583870549,0.457842365094743,0.0149177225826676,0.432144541402021,-0.13311929941961,-0.27634799019747,0.399170378064534,0.0541705642329219,0.310546579493973,-0.0114944323411372,0.152740120707468,0.119193694436092,-0.0602263661235243,-0.0933580103211851,-0.0986090339353582,-0.236970966895634,-0.264711395058871,-0.222139083362065,-0.225297860392099,-0.0744398194594185,-0.0310240319736145,-0.0728111685078468,-0.136666948468129,-0.0152468167465532,-0.0796210221730748,-0.0768403889082381,-0.0913119300504927,-0.0997704997146031,-0.0791173034883941,-0.200718424216412,-0.335705399635379,-0.337287871127653,-0.43289250284401,-0.104956835785944,-0.309452373666133,-0.370675295483847,0.370207558777522,-0.0862135679390306,-0.240293331590831,-0.19890769219259,-0.379461609282554,-0.264289241965905,-0.248351497780177,-0.0711625172910732,-0.202066184081485,-0.0531442581270021,-0.219107741537116,0.0853227237229258,0.0590348734623474,-0.210370028307788,-0.241812148774221,-0.220861652071158,-0.269782588226808,0.288344613902622,0.0447582112039198,-0.205843281582358,-0.242207150431975,-0.211192742513145,0.0063348371825782,0.080340097680645,-0.242409005437987,-0.00623926536095487,0.024865183526127,-0.0162676589390221,-0.0418334028554643,-0.022184387055635,0.00135287983521254,-0.0363584222504389,0.112689337885142,0.200522129209859,0.330343081204658,0.0407261560522749,0.0940381901037682,-0.295608571329847,0.0741445441187738,0.254145805426463,0.294168503542035,0.267616517710997,0.207466177376189,0.0216200086138398,0.18153652898454,0.0950205783830169,-0.00326742792807855
0.00547200956542429,0.588220822329603,0.0837254072031776,0.307811379975386,-0.339299037250751,1,0.0100510073031117,0.447156047035379,0.33380568878123,0.207162368709527,-0.2399704884244,0.0740327434091543,0.104933137215049,0.176572541472297,0.118283482954899,0.216293062094672,0.199604823526348,0.271555877830922,-0.0891379312851985,-0.0473308533215629,0.425768168588145,0.225266463934737,0.321452103765644,0.249615976410713,0.271234605124953,0.30862018867382,0.210163309999706,0.176058380349663,-0.00369076084239421,0.0897107767796366,0.0535827844323741,-0.0145213982115069,0.388001835136703,-0.141625982404191,-0.2219854965456,0.0264678718347947,0.242738859676155,0.315960211897143,0.220425270077621,0.125980798055809,-0.066187583112343,0.305220303393449,0.0137089738707434,-0.327547319225089,0.0316563991883788,0.0421531764605106,0.116034082573501,-0.0675854806954646,-0.276720990235267,-0.124756975684865,-0.0532332691584231,-0.0560299716257972,0.150528668397334,-0.266912803150328,0.0142080752780206,0.197691665632184,0.0155118547650486,-0.185387293292621,0.0154130916280114,-0.208640455299823,-0.0651470260982307,-0.0740795544784298,-0.110219991384616,0.0224479092751582,-0.169615606867434,-0.54162042016915,-0.331198142724906,-0.217436816454015,0.0106421133839252,-0.255493945428449,-0.21679078781066,-0.266391765527256,-0.0605840988446529,-0.25260819908727,-0.0739612073990503,-0.161079531123335,-0.320574387883885,-0.234940190515239,-0.0266293580486163,-0.231958449065135,-0.218715536384836,-0.100175313430083,0.201882636235084,-0.10744309879629,0.51252850503292,-0.200274887372343,0.221480144449321,0.83017384992343,-0.32446119238034,0.335822176983461,-0.254661511123238,0.338292713193383,-0.0560675778522256,-0.106163356946255,0.104292228579603,0.0321993574172425,0.0553568380947342,0.0306915453850313,0.115015733481057,0.0764277576454466,-0.0337220828848505,-0.0763557997914142,-0.140585683235177,-0.199791032753515,0.20110087686442,-0.117691283661961,-0.0268971367633788,0.0739452895441136,-0.0581935650591066,0.405119975806996,0.371870146585858,0.1814476789755,0.199650863974642,0.000382238930652171,-0.114985308562049,-0.0210494709265156,0.0286762177682359,0.061237546736645,-0.212442763951777,-0.208764718323069,-0.0180407917910976,-0.134359124271053,-0.0173283209502427,0.135897413679168,0.00256422883133923,0.268813172157383,0.193321304783257,-0.131709500701685,0.0878191991406432,-0.0723623805554437,0.0101784466339824,0.106134087238114,0.0834810939767964,-0.20782497823096,-0.0502431363082706,-0.384128694035352,0.183211365630273,0.062678736324678,0.0328473891122361,0.126620147451371,-0.286111078227072,-0.0373119706508544,-0.0837156572968012,-0.149179294370805,-0.0346739174770564,-0.322643772800628,-0.189312334051141,-0.0160046548136357,-0.0880389242810623,-0.208702046795545,0.0206407114544035,-0.0731455193892215,-0.260168496894619,-0.059244442942721,-0.0190294122121291,-0.167116793128241,-0.253379329950848,-0.265513377676113,-0.3900182452705,-0.0681162119654799,-0.1215524778067,-0.173483295993021,-0.110795379816587,-0.0074524488543839,-0.15049670444502
0.352042135706714,0.451016495364698,0.549344537784535,0.283399207758205,0.284579778865466,0.0100510073031117,1,0.302973288483886,0.243647329641402,0.611336941050439,0.126812904909518,-0.223148980700266,0.466567335367959,-0.344103268477187,-0.422713685987942,-0.342647613961077,-0.465850338540879,-0.372288507147117,-0.190753140066464,-0.205487196228028,-0.135197907389243,-0.0558767487031974,0.260508185708743,-0.00683958704310967,-0.232262778605359,0.154699601680353,-0.121797326486122,0.311189136589267,-0.155402308804794,0.170876825281696,-0.343426850307181,-0.0891399129425037,-0.109142593281182,0.255659360481296,-0.220606056911935,0.214673841714297,-0.367843007933929,-0.553446833310074,-0.479284856110747,-0.377571807877,-0.491742656598639,-0.522916741815875,-0.515825172515243,0.165559663762891,-0.198793338251346,-0.233039792908561,-0.00871811575767716,0.061835066951639,-0.379279328807122,-0.241177160834953,-0.374707580802004,-0.0720520164395261,-0.209857405050671,-0.0413026457796639,-0.416684554782752,0.0796369244517853,-0.0477460406068798,0.00648855581440468,0.181821060028966,-0.303818768985464,0.354982811906465,0.403107499300265,0.108063562250467,0.336590282049805,0.342154958017974,0.100178629447053,0.347231347324952,0.108480886808496,0.344215942091279,0.0939405980874449,-0.125585852541526,0.24940526666006,0.421153147194677,0.0447587953253987,-0.194071034723512,-0.0545549032632717,0.109023236179144,0.297747924541043,0.519785712221996,0.302348355058196,0.329332770839556,0.279748722042883,0.42082112385595,0.301843614085579,0.318680323508492,0.011156429705205,0.474965653916108,0.159051630416015,0.0448385496331872,-0.18203950884638,-0.121417892267905,0.55374076723247,-0.147869596865363,0.384667211735245,-0.299406533813595,-0.364130438818409,-0.18681921357826,-0.468417668463675,-0.290901767892922,-0.468016787007091,-0.287375966653042,-0.215070156531645,-0.171170028399776,-0.389264724745826,-0.426912685361438,-0.125278665537222,-0.251597381084046,0.0209193928950495,-0.366868749011349,-0.121085308565779,-0.0218111958277543,0.181696472601438,0.363747538497671,-0.642056947288956,-0.482830748496823,-0.170525518530592,0.00666038047861332,-0.0178376432983647,0.147968463530472,-0.401043243047775,-0.61025533417247,0.183206526315277,-0.26243457286783,-0.623697933282607,-0.557787626032324,-0.246628681615419,-0.392935716968873,-0.446650478360732,-0.598175458714607,-0.371442650253635,-0.287098796155907,-0.170589332356242,-0.53218484257317,-0.393939385041899,-0.183492835137651,-0.0566916356967247,-0.190861211908148,-0.229387740134774,-0.492320885414792,0.013595310461018,-0.124617514813221,0.0124539418096832,-0.118273752232559,-0.000767542175933137,-0.0083418054481382,-0.27137830209576,-0.122777603035521,0.0517532539608869,0.19224670477206,0.211216586738932,0.0720285043714165,0.397123956119509,0.392480837644287,0.527834540911465,0.219056906184026,0.230795665796804,0.017263147328988,0.273974098632763,0.175570999998034,0.507821175430402,0.449924121958948,-0.0974704523884122,0.146254547557934,0.48155958447444,0.0531859013580434
0.254915196528823,0.629377498933453,0.520209101032055,0.227858167998286,-0.104702246526352,0.447156047035379,0.302973288483886,1,0.251157170375999,0.677984291907391,-0.13184069521308,0.100195831681802,0.562605712029582,-0.0727858561361736,0.0385652364631238,0.0757180829388029,-0.0593598050427735,-0.126455887385398,0.0247960796885321,-0.0214013724339868,0.191572855433286,0.135418857248446,0.252983277550937,0.0951950854243893,-0.0216465265278713,-0.0465914142403516,-0.0479830949205054,0.259413985246225,-0.155927250056958,0.0929681191098213,-0.199424746379178,-0.345333485087311,-0.00124752142773031,0.205544264711167,-0.42507335715715,0.220250979580694,-0.0552577982895057,-0.213508264840312,-0.25861870704116,-0.105039706327778,-0.264904000396708,-0.0629727044688779,-0.176489550721182,-0.186110627760268,0.00875994969582948,-0.382259286969906,-0.0248352044022223,0.109411276578488,-0.375890229123334,-0.253351176568347,-0.294931982138494,-0.245423438402379,0.00739713566152275,-0.24698239826919,-0.252932286777218,0.0949077633792655,-0.0866104923017032,-0.408751803255239,-0.226663275975475,-0.484058691851231,0.104278884340994,-0.0832659920095353,0.0535926930686243,0.096714298040713,-0.40055553496624,-0.317885872292043,-0.184348482228586,-0.0115724220664911,0.0204896254413539,-0.0368693665722039,0.104170396012494,0.045672424935605,-0.0898380973124583,-0.0226354064984588,-0.0339485582769822,-0.0589414570912957,-0.542484362330606,-0.221733439574302,-0.134048020499257,-0.27899565970285,-0.368781298729303,-0.254491722098818,0.158815067091086,-0.0227529216110559,0.624796673106649,0.163774077488557,0.433036316706948,0.376281457273615,0.0323204779437368,0.000636054221017345,-0.0141243355774907,0.704094538185241,-0.0411911457766851,0.181349417817419,0.095090382118576,0.0531819840804719,0.0235220069512936,-0.223111720718927,0.0867220809857763,-0.0736918223596099,0.0690123204310827,-0.0282061050696544,-0.209246282773961,-0.0952352484733621,-0.135593828491716,-0.203409743292969,-0.299856997808185,-0.113888416341897,-0.43740671236836,0.061002559750675,0.181026943222305,0.060535316137757,0.247300987444196,-0.338606851070806,-0.232501757157623,-0.19794631435652,0.094753758596516,0.104457780701634,0.100586962729744,-0.540368579421412,-0.283591336513298,-0.186219327141597,-0.0118798669010064,-0.332148179600185,-0.27178872417723,-0.13568360398768,-0.159199877438008,-0.255534455147866,-0.243164389408819,-0.311856916347805,-0.330889569022258,0.0637113947401423,-0.292556318009102,-0.232329051071308,-0.193180503876898,-0.0999506060390601,0.0881765600599524,-0.0121273369398202,-0.209113334128427,-0.0750576952662576,-0.184858854102781,0.0236771192174421,0.0382385369306417,-0.354694790629311,-0.0776661508439898,-0.451568570704034,-0.00448282596166352,0.126736371315887,-0.412734501566008,-0.291490742589734,0.133025504478909,0.20267701301976,-0.0722084579175888,0.0307891108990948,0.090949729269684,0.0445438464835534,0.0696353875827235,0.127354347743963,-0.147721267781888,0.135020844975877,-0.234352534442208,-0.518785950964822,-0.428976108580573,-0.205788476375943,-0.413042597688757
0.565165121465546,0.61773906414055,0.140350683050313,0.701103663437385,0.326635920433624,0.33380568878123,0.243647329641402,0.251157170375999,1,0.354043054486781,0.292991003632566,0.386005307179695,0.571882243267023,-0.25775207685824,-0.30851414868164,-0.146857888830593,-0.295425177010494,-0.0618085099932029,-0.313727824891194,-0.17021755103544,0.110906542437336,-0.15395172183872,0.0707765673075053,0.15024502909545,0.117490442810614,0.28823308233558,-0.0668017109050085,0.196517009256148,-0.151878417504746,-0.052975453646206,-0.14266500520013,0.25137232456623,0.144498707946117,0.283453284997327,0.17343772111843,0.172132654794231,-0.13296486891547,-0.0306456597433366,0.0840632861517465,-0.0840694790219364,0.0408094587385149,-0.0358829301028566,-0.206986983377423,0.132560599319376,0.154463243610193,0.251379857492425,0.0465910652814155,-0.18632314252446,-0.100713333420974,-0.221023484391603,-0.132274695371184,-0.126958930139057,-0.0793135884222319,0.0090403597802061,0.0155947964838833,-0.0460707447147309,-0.0709081808488008,0.147665491784052,0.0617030271808253,-0.0777702537933315,-0.0965509913589117,-0.105250202444132,-0.206378558977618,-0.151218835041105,-0.0267440396921902,-0.149701384052676,-0.0531867290612829,0.0487531058495764,-0.0163701824480783,-0.192139488483355,-0.111673801219846,-0.0254303344386126,0.0239985533668532,0.0249725494701436,-0.0920129471750116,-0.0551065214176272,0.0770565897462846,0.0918659244778164,0.0743658744285658,-0.0409003826306306,0.128841140254655,0.139449843466688,0.179535419921771,0.201980607656972,0.556606498421522,0.151668041496234,-0.0489626915475066,0.473190600364397,0.00697646334254425,0.36748500996603,0.12989431617749,0.174125766183746,0.219075334420199,0.160250772675472,-0.217577457962915,-0.324721237821513,-0.166419449555809,-0.247167119762952,-0.33449346047601,-0.264131667778158,-0.306918677151093,0.0914580146711882,-0.174900891461539,-0.27383469599272,-0.0570218184421156,-0.20154116779223,-0.0720203422043061,0.0264991599511667,-0.168615869487048,0.152072952626392,0.101242795384997,0.10643095139186,-0.00125067774823111,-0.257933609105811,-0.426376034593056,-0.130473998542578,-0.30255139851726,-0.274453405757403,0.247908844853398,-0.0414878756479376,-0.162933419125093,-0.142628298420499,-0.300965788759508,-0.0563572013662192,-0.0975343123538518,-0.156441208153275,-0.213989603676413,0.0430531376781725,-0.178314454828169,0.0996047899887461,0.209511578715415,0.172030117217323,0.0397144997380005,-0.215558742143984,-0.2846307928,0.121077299964963,-0.148726522990056,-0.100032587853064,-0.193072236579283,-0.159488543970913,0.0744249042718354,-0.0914011512258879,-0.22867910814577,-0.0918152308217713,-0.197696725213152,-0.199046724919917,0.00230296547469171,-0.0593869472590438,-0.0176040225386493,-0.0617036147257118,-0.144959385146434,-0.112399228441651,-0.0956351726175514,-0.0575605319218673,-0.150938637414127,-0.257091414393722,-0.295342695867105,-0.0969033082806778,-0.0910408293215254,-0.0562432476485331,-0.0181811753737231,0.0534416387268053,-0.137567452125869,-0.0862312280386772,0.0051854904303975
0.583836793516342,0.634499990724146,0.723807859317259,0.423377183996636,0.153431920754384,0.207162368709527,0.611336941050439,0.677984291907391,0.354043054486781,1,0.0362063865446712,0.185467335010118,0.837100909185516,-0.286549065935723,-0.251058559808897,-0.0881933174060508,-0.340283358217338,-0.237503170366813,-0.291044574040122,-0.273366744850069,0.098580684977297,-0.107528654382755,0.153485309538319,0.00718011965192419,-0.0512533655679458,0.199154905982757,-0.141673548891921,0.206167380217437,-0.112676883032164,0.100216030527352,-0.360276487731891,-0.121594703356166,0.00598300498441104,0.303436102592013,-0.220896888677964,0.215010448348916,-0.200892068189794,-0.317258303659747,-0.214745790356668,-0.131638020408241,-0.337803635113562,-0.182718670976885,-0.26478908746183,-0.030001353311621,-0.0513084820568687,-0.0422640508996522,-0.105994791698873,0.0107775442045489,-0.259530069865123,-0.409277937650239,-0.275806495995878,-0.12125700828227,-0.157008563561433,-0.236268739382494,-0.250691229076327,-0.113940435308167,-0.157669096513169,-0.158177124640168,-0.136890389880576,-0.508483584029969,0.158403509613902,-0.00905208825517868,0.0267186289174843,0.133813695256825,-0.2211869716329,-0.139428876118208,-0.145471231905657,0.0390621208340269,-0.0246812760734376,0.0312849401960447,0.130317883947822,0.0668824228107393,-0.016476742692231,0.00398509721330737,-0.143521591085847,-0.132373422382514,-0.397045045874042,-0.226793777919826,-0.116329519116828,-0.119795495824225,-0.14541563636843,-0.0728630428901429,0.418441719168192,0.316867385615158,0.682661700659694,0.363704619232538,0.635525400308701,0.210689851405574,0.232097810083667,0.172344510849765,0.12700894418368,0.819671945203043,0.159263430733794,0.594781650489941,-0.103381152646306,-0.217141267736483,-0.0642705277671387,-0.273777127417081,-0.160114653043695,-0.32097081746595,-0.261072603160907,0.0726813883860728,-0.145018344809223,-0.184248803279434,-0.200837294356498,-0.130554905903444,-0.235526784266721,0.0455363652885724,-0.34723427559223,0.0471168170461167,0.102855024929203,0.327263427605003,0.497262623795223,-0.465241629956607,-0.280062845706333,-0.16794275408521,0.109568999312386,0.203850008987518,0.401727502561688,-0.269229703969579,-0.301352208201218,-0.0675504211748,-0.192822965007702,-0.354676696641417,-0.249561831556459,-0.24008058691899,-0.30128382645038,-0.280058758366508,-0.305571426158185,-0.250354766191477,-0.0263541007389052,0.0999040205757893,-0.239487776896204,-0.197653917400379,-0.170294386752613,-0.0817348798650264,-0.0284927782253289,-0.0575993208278456,-0.189770386294092,0.0467836518770413,0.0401938122502844,0.102547082774622,0.241173938190142,-0.0284903447645759,-0.123926384180121,-0.372754426817372,0.00446867007263642,0.0834603806016365,-0.0369817385129206,-0.025617611597986,0.0853304238713035,0.185022448200706,0.0165122208742805,0.0925156860047935,0.076190462488287,-0.0183216118999765,0.136843615428574,0.182914399309075,-0.00835280596454145,0.194027211893283,-0.0375694207382347,-0.207728044444999,-0.32985733370783,-0.0889396191425445,-0.174091135281722
0.516598496364106,-0.0955983548479434,-0.00631101888221371,0.278838654449129,0.449149409156432,-0.2399704884244,0.126812904909518,-0.13184069521308,0.292991003632566,0.0362063865446712,1,0.362277274355358,0.160622399932036,-0.170575810466,-0.177597293858529,-0.185730053021601,-0.148035095089542,-0.0714350229009947,-0.124388925523582,-0.194871621180223,-0.211681032731883,-0.175390371637103,-0.166421332119434,-0.196030036376495,-0.252137844002132,-0.0840725054546619,-0.208781231950722,-0.0846924911555225,-0.10062037827936,-0.143378177048221,-0.109961189768381,0.500972775798115,0.0163458261698851,0.0337204640172209,0.169761779037283,-0.154530210796104,-0.30207120841009,-0.101328844769979,0.0239545952109575,-0.0995567024019228,-0.0639851980970164,-0.163887487427004,-0.272637250260994,0.0800283004220514,-0.0827671094714,0.364100765818516,-0.144363297144828,-0.0586042652080636,-0.14387078913054,-0.180077600196101,-0.0767684528701136,-0.29569198619531,-0.426576998753419,-0.10557819134512,-0.0768408310592483,-0.521134940482356,-0.394668358858793,0.6952578978341,0.325016118968442,-0.118357145776125,-2.47843886978066e-05,0.11494843071823,-0.34673844352428,-0.060991731866709,0.383226285812607,-0.0757054929895828,-0.120929485434215,-0.0938988378213736,-0.040773326798359,-0.241561743255948,-0.331794844161695,-0.00309678020038309,-0.209626552855481,0.0607303413706979,-0.415247204698738,-0.427251774354478,0.118134360796103,0.371032156207954,0.158495728467884,-0.120290395732792,0.595144441171253,0.161117821522909,0.150310710085477,0.451697312713565,-0.0144481439247348,0.489490979508073,-0.097075046260872,-0.207581362260453,0.636086247428628,0.262153675741283,0.617398910899972,-0.229858257380488,0.663669342164353,0.215535412413011,-0.115923290129964,-0.245363434997383,-0.11361128492108,0.0130576330090081,-0.128780835650798,0.00897125948350811,-0.0933600944958301,0.296556576668638,-0.0203871282806542,-0.0307175648568133,-0.0558588303390759,-0.0678757254754987,0.106058584396383,-0.10930914275711,0.0619292384578665,-0.258643488350784,-0.356012688597456,0.113236849079928,-0.0879741741596594,0.0121628549281913,-0.0262968479415134,0.0189676364653983,-0.325974902748131,-0.0305393722946983,0.250091421161639,0.270974423575062,0.0779721363002428,0.302340909407165,0.00535383760945764,0.0154138864112796,0.0748508714640049,0.119924978206007,-0.138084387022069,-0.0229518938511342,-0.0530575678762781,0.124784167978255,0.289671142747619,-0.0320494242249528,0.141979550745123,-0.0530657912988371,-0.0662998194889495,0.159442105407606,-0.476556907080457,-0.308161389934093,-0.0662502245206797,-0.00259842101377217,0.236434385214366,-0.385455974915868,-0.257634760389619,0.614977928749813,0.0372877274389169,0.0298186775057974,0.0442117626457913,-0.418478484892467,0.381308415020378,0.289173230227465,-0.399537110419514,0.137919681414649,0.156291048236876,0.254027224471114,-0.23754759394151,0.0252373350402549,-0.139357118951814,-0.0469105043198991,0.238793795940328,-0.0429015441546641,-0.0391656667850397,0.163160947800341,0.448810169062581,0.272761940776763,0.579939303244923
0.386073991460748,0.0454509771476975,-0.126938065472845,0.22398413748741,-0.051860362313603,0.0740327434091543,-0.223148980700266,0.100195831681802,0.386005307179695,0.185467335010118,0.362277274355358,1,0.379096867993199,-0.298389346003778,-0.193730813699479,-0.209274532044035,-0.100757373188702,0.0692267679283856,-0.402051018486375,-0.312813109838187,-0.16764565599027,-0.339038439728878,-0.23725602252872,-0.314096113343145,-0.202846472722345,0.123350621538852,0.318621079477378,-0.285797136314544,-0.0612480346950467,-0.317667184019934,0.170772043185349,0.354841756655564,0.0837777983984817,-0.176834819058031,0.0514827112740537,-0.217024337084565,0.0210933805679924,0.34744034306625,0.458835794179108,0.044505178311226,0.0899986088264531,0.0626575579147651,0.00515286154766664,-0.241351031301479,-0.038729925637028,0.418552541446203,-0.432352103630357,-0.290473287669682,0.253808145936393,0.0176761601035922,0.28517778067919,-0.451309845427306,-0.0333879509401388,-0.17200192645069,0.422984058446621,-0.256414332123031,-0.204212030143837,0.398238706789447,-0.231807879993427,-0.105948384531856,-0.33416022368388,-0.439279895473119,-0.181740813161764,0.104647109651095,-0.010901392694226,-0.0848913900247364,-0.440376487492413,-0.376714939415863,-0.563897730878099,-0.166279979741366,0.00285237606882576,-0.425091495813874,-0.537476941101187,-0.273552507792206,-0.101855431014783,-0.0206548866892709,-0.171602539220917,-0.438930462757558,-0.501362665939558,-0.461836086296982,0.065598858166744,-0.273585243264552,0.116401202353624,0.217992437797219,0.394458029552345,0.461174188914111,-0.16996498139555,0.0819378466081619,0.298720762994707,0.648508377597276,0.454057819562729,-0.099091443828153,0.733255592714989,0.330091258896354,-0.275909205145084,-0.23714871869411,-0.288286409438325,0.118733305141816,-0.208397870199164,-0.0164466953343607,-0.240222701476711,0.245710915437353,-0.0942156370957414,-0.103129818430923,-0.0777344219314208,-0.194566095744794,-0.0607480391994573,-0.114260067064825,-0.0501187148625181,-0.137473186886285,-0.283202001389928,0.203874380648122,0.318004535417469,0.237319816997253,0.237586511825737,-0.108096016197499,-0.11029294726035,-0.117881774273072,0.306579335458117,0.323014718979078,0.336028551372796,0.126945015942542,0.123899029405679,0.405162628233672,0.411060263302239,-0.0504126912871611,-0.26127220278719,0.244810237171828,0.107851544572495,0.107328931906272,0.290759567745856,0.232906927928221,0.480702400323424,0.313284633920947,0.0398271007293076,0.0629489546838464,-0.222274955495483,0.0447653089181441,0.304202586663072,0.199695960202126,0.156858524227463,-0.089613171912777,0.202122736663715,0.292771708377009,-0.436394006881536,0.0240145094318746,-0.0430394804258925,-0.215952473394663,0.18334913305795,0.0583401516715753,-0.253717450298174,-0.345874052644441,-0.335565080120609,-0.251104439645332,-0.318664736880528,-0.171370990239283,-0.280649064883965,-0.388946981129893,-0.260318883552033,-0.498591862753431,-0.441411101384184,0.0968655103061196,-0.276366222717303,-0.391903351849833,0.289847521322186
