1,0.477070527482342,0.313368188927284,0.439279165539551,0.220930896062495,0.208631151918785,0.391867370332454,0.243799522887925,0.421826364708524,0.484300884917536,0.426583916500699,0.26942603144073,0.310226484861105,-0.221217990583895,-0.0861733264106632,-0.344372303433777,-0.187776296073915,-0.279302644449731,-0.256797525409644,-0.127934562634409,-0.200560707876945,-0.380255287984759,-0.0652427065321913,-0.224326616923898,-0.316754364471325,0.331969089841417,0.140581741588981,0.55546058895479,-0.0342541626386638,-0.162725033500681,0.184697755667317,0.27005889647577,0.280482669358488,0.28280690309345,0.298021649656051,0.313202576560904,-0.190893937995592,-0.0034185964204993,0.0460856944091191,-0.152060439414416,0.300840832514232,-0.197959687865706,-0.13139446741144,0.0959333117750252,0.0480326530250442,0.0626657293283622,-0.121711026489091,-0.000161344426217,-0.0056800790640671,0.109959616733073,0.173062782915756,0.221023112009183,0.0776530856664036,0.0506102891290423,0.15494757663618,0.0999728767234034,0.195677229195638,-0.0077650051993179,0.0083507876608292,0.103991000499325,-0.122357452545923,-0.236632480155536,-0.123886029108054,-0.1699462770693,0.0712233322392249,-0.170892135126963,-0.0081574058761007,-0.0517100433641404,-0.160787249245142,-0.25229301641031,0.0714657319999066,-0.186617780313042,-0.22580370043472,0.149641716785573,0.0732803863823488,0.122087756157702,0.127974439806456,0.382327908426662,-0.251981665948509,-0.0800628942502056,-0.176759176436004,0.39320811475309,0.0366518647434081,0.536748102698687,0.612845120757534,0.42033268471427,0.0710657185936579,0.23649219055772,0.40888798873002,0.342467042641401,0.562194794652344,0.278652481631596,0.446387537999531,0.59354445866523,-0.114969324331494,-0.123221479413363,-0.343400742059699,-0.164659026484123,-0.174759382655978,-0.190503345839096,-0.158242873146959,-0.107690006680224,-0.0411713668914331,0.0958590135369764,-0.21911948320402,0.0771882359543657,-0.0593098796984599,-0.155780956246138,-0.134842949933325,-0.0711094872742222,-0.185765884867747,0.33658464966966,-0.0152511743465927,0.0716055384740468,0.292633062856074,0.0956541042967466,0.202867278396143,0.325889141660709,0.448138042896738,0.22670560233124,0.168297773690114,-0.156697838348479,-0.0714155631126447,-0.16361917416675,-0.0484694847776081,-0.0494199869971907,-0.202044197529808,0.141667815052002,-0.169134361287264,-0.0083080720655875,0.0830924614284039,-0.0014785348969551,-0.137498811326853,-0.0766675669030316,0.0826131126728467,0.191213561340179,0.0011788835346009,0.00200654230848,0.0594373572844002,-0.110001318786112,-0.0497711959916431,0.0817207438288109,-0.0606911561928727,-0.0284916471694549,-0.0528866796940509,0.0803293428242445,0.0114914958282147,-0.134887069726541,0.107602133851061,-0.224751470634587,-0.0987739091951116,-0.173896358848781,-0.0539825525045185,-0.155574332392685,-0.198444475965906,-0.240293082010928,-0.182948206103752,-0.130053293513389,0.0602655654145738,-0.217545313331121,0.0012433507498738,-0.0896525659665764,0.180688218756415,-0.168787800227695,-0.178093770256372
0.477070527482342,1,0.206655312799091,0.655315757639067,0.126168332984529,0.368650930748569,0.499066194570457,0.54750672914486,0.190042945995728,0.543151648544215,0.538924625111606,0.606319855237155,0.714726067763714,0.184534196103578,0.249349975849338,0.12069819244323,0.233009077720896,0.160053711376599,0.0230628476135474,0.0732648970734968,0.161147465707159,-0.0017592439213316,0.170394351720111,0.0601640914868329,-0.106560789009894,-0.165034590579564,0.126114582147357,0.247384597072025,-0.0130830062674812,0.0241861473209154,-0.146193827258476,-0.23154181420799,-0.103191105339929,-0.0251653243276558,-0.12514485583055,-0.0333995427812318,0.115200716088252,-0.0576297306912947,-0.148166334364978,0.150632331527704,0.0916666972577663,0.213758561264801,0.108863683276917,0.0395291873730878,0.131547573541275,0.0361390080498537,0.0480357730688083,-0.0050454324810837,-0.216023710381285,-0.201938437674978,-0.238578115384723,-0.14464755967299,-0.0803034896885528,-0.0889146888852174,-0.237626130963118,-0.124576620552828,-0.159190304824006,0.0380329935242907,-0.128464435184888,-0.276607885989742,0.0473149072240637,0.0242577898007732,0.0032618428179837,0.10984591826988,-0.0308919523994276,-0.0595757326350761,-0.27983981581824,-0.0408737935697075,0.069447005525937,-0.0338449929747603,-0.0742071173593372,0.155731118181563,0.0645634774871193,0.0430265249817769,-0.243280150178642,-0.197935522058014,-0.158052454360952,-0.055527830526765,-0.096760926122032,-0.186412695018126,-0.213860721298788,-0.265195341215398,-0.0263080281473492,0.0514799927912353,0.80812842963617,0.648726153968192,0.52311588200014,0.483338352566512,0.331166057156442,0.291917694090502,0.228609213831863,0.44849883315587,0.639397053601809,0.112817578155455,0.125244991694917,0.155794424198865,0.0869075692593388,0.0162995267400057,0.140972611581887,0.157096843565933,0.0456571363192933,0.0813427255843544,-0.0177195231956261,-0.0936323173032766,0.002386648539902,-0.282397994459317,-0.0941820473955124,-0.201216262713818,-0.102648925237415,-0.0865548616133813,-0.21099735367482,-0.190797858001598,0.271931873568327,-0.048373146520605,-0.323432056253323,-0.122367659199277,-0.269649727519943,-0.29382067432683,-0.180459234539859,-0.242092547688422,-0.170052665685097,0.0124011870974091,0.0922620088166642,0.0672543889267571,-0.099533437892684,0.123764058428639,0.052674831649407,-0.0194244513296525,0.255845913018586,0.174929970036601,0.0103269554978836,0.090990054982156,-0.0016419068798533,-0.25697897327222,-0.188831352513892,0.0024827118455966,-0.169201926934678,-0.0861019325126151,-0.364708740032688,-0.27244483127808,-0.136566478275601,-0.223057089996515,-0.256476733681705,-0.0101336373515217,-0.116472661844518,-0.328606592772984,-0.0257559863368003,-0.205764692603352,-0.286658638774375,-0.103839629634225,-0.0813709213518111,0.0345379762621486,0.0042824575847325,-0.148811399292762,-0.143480973370765,-0.116587639708207,-0.0145563890271095,0.197539562106286,0.0174606442166067,-0.0001115229299068,-0.159981300050574,-0.0271901257324807,-0.0915177974134477,-0.0943377222775296,-0.209030910919903
0.313368188927284,0.206655312799091,1,0.0994322076637901,-0.0158326837603956,-0.248846442506402,0.421207990093188,0.11235792557203,-0.0979273642012476,0.470072760121297,0.0316004644500069,-0.0621335989842549,0.090244141423571,0.474305171562005,0.407646101669761,0.332358461629821,0.477959651970133,0.37887824615251,0.125782098762697,-0.0639710557153297,0.309038494579778,0.240113418114946,0.569417697374019,0.453912766372276,-0.0197522314462947,0.445799899903981,0.412698719442476,0.495077858946833,0.728145807319594,0.569856373778357,0.0717322417740253,-0.11521408089353,0.584692008496004,0.128808758427456,0.225545491505071,0.584695649267299,-0.167142199459202,0.429182331780518,-0.182088686981214,0.454916638609524,0.215743946654238,0.446194917668004,0.341979995663546,0.254078108026539,0.489971758832335,0.190343605196025,0.252499311915103,-0.217127660428229,-0.414892479176075,-0.323327158104602,0.165606257135029,0.0668243584081762,-0.372732840204221,-0.199290727275235,0.0808951627033115,-0.26012904040852,-0.150735520952052,-0.449241931700585,-0.14867922967729,0.271316767322935,-0.436796608879505,-0.433926617405515,-0.490197482643978,-0.335553873712577,0.0616381413497167,-0.51298819930801,-0.295123626806946,-0.294534206641771,-0.14856406104288,-0.30178785757559,-0.314959323060351,0.0342919734090522,-0.466155724769624,0.229558297751402,-0.214762893166237,-0.211652370293018,-0.143665001585575,0.125700399148456,-0.342808539438186,-0.548879895559435,-0.46923872666811,0.0438463428747305,-0.15863087737237,0.138659004083668,0.179250886278297,0.119254414538463,0.440306768590833,-0.215611235850767,-0.0102373100453169,-0.151690093748176,0.0901512086084833,0.451042591578768,-0.0029027084307403,0.425208348408331,0.347247514968186,0.16911838231229,0.285775756391444,0.266433157732817,0.478405227789532,0.522705520059202,0.104759423595615,0.161009680910528,0.500592741272307,-0.0627234333698872,0.221372328962038,-0.158890724287617,0.553078080585179,0.236306965530545,0.433692368717429,-0.301409429365659,-0.179978571363911,0.543835156897645,0.182577632415656,0.629447381958235,0.341591910598821,0.626165183890475,-0.301291744734638,0.253681646880945,0.272366484089237,0.0569582006455776,0.324723764419803,0.0390768232653029,0.0850501679281015,0.415097092112186,0.043788254188721,0.205929074955475,0.426102905693696,0.154874174071978,0.369956387103138,0.530798484483741,0.202856767705929,0.117614329718366,0.0733342875806538,-0.292968022476608,-0.241359571090525,-0.170454976598027,-0.240870809593669,-0.389329420830259,-0.0562768906323047,-0.487222835133466,0.10966650503919,-0.0138701333618619,-0.370328678742028,-0.253999223873837,-0.0558101195943892,0.328666786631228,0.17381662432524,-0.374345493579992,0.0222707194932524,-0.436027693594929,-0.140953421329451,-0.323443102172242,-0.22593407880242,-0.406653230557539,-0.474652797062693,-0.45411560554386,-0.314589260885565,-0.0580687401686612,0.0717297089297441,-0.319969465277134,-0.0576602070138601,-0.15389346834403,0.051591712007801,-0.259795075283918,-0.458307081357787
0.439279165539551,0.655315757639067,0.0994322076637901,1,0.407724631023465,0.529546107740835,0.498190259589237,0.481448290554587,0.588113047774273,0.468985082836947,0.738003204911673,0.807743000759426,0.695205121762519,0.221316847947853,0.268165896060135,0.148462643216943,0.307685196731253,0.294536823569917,0.0804264713405504,0.11628153078925,0.306913195585301,0.0108376213259531,0.130881820513266,0.0745508497074721,-0.153843099184817,-0.171921048212486,0.119481425078734,0.201785959049798,-0.076356183026665,-0.12331253926617,-0.15345272298527,-0.296334328247698,-0.112285597865595,-0.196969113984125,-0.198204024329063,0.100177955737108,0.157536267584087,0.191681333501818,-0.0975556967838577,0.377567851768141,0.447304470629381,0.36228506791069,0.398987196648083,0.227933695207149,0.381381645788181,0.322095114045149,0.252960719317685,0.0287520019136992,-0.368817241423963,-0.301834550376655,-0.276879027545289,-0.187204396331274,-0.127064930198356,-0.0544111173022257,-0.0474648817732853,-0.224515908357237,-0.253747778528427,0.0492883252588657,-0.0747341859168515,0.181673909975441,-0.160916057727878,-0.267515016646485,-0.298815014929756,-0.0888467237765036,0.198296288593311,-0.297490547087457,-0.494649106557704,0.0720412452521187,-0.18578121166671,0.0119916535470494,0.0412301112649274,0.0931016835009901,-0.126848793187739,0.207441104164186,-0.134760740012024,-0.305551098703099,-0.356951209427707,-0.139295466692455,-0.342760467116344,-0.259653426074565,-0.418958755605383,-0.244608349112193,-0.188856388335468,-0.0446277618708263,0.643684808648936,0.86580919919884,0.385184455761407,0.587502851702258,0.487800980746036,0.612214990011877,0.598911282332176,0.492655872153873,0.706572000720342,0.335491306244956,0.109459088450786,0.0528013181431238,0.101228786068627,-0.0659932707271839,0.252415451020946,0.188675964488386,0.0751707029801588,0.272384412165487,-0.195166511100931,0.0202537146221989,0.214326128868702,-0.508339008830606,0.0629685167377235,-0.263008253195103,-0.0594563982612207,-0.204443939303642,-0.233316096737387,0.0213684039335913,0.401206983586965,0.157873308830493,-0.246024777669714,-0.150833452885599,-0.298025153548938,-0.288342546042233,0.0181002090111933,-0.426525910156932,0.23894096271361,0.2559311336278,0.239804252500148,0.30295638298998,0.0335229602424358,0.190492009008485,0.188755540475169,0.419919444337256,0.47438880809108,0.405471352010952,0.323082636107161,0.313888488446025,0.212154914812496,-0.172352375768875,-0.419602279826902,0.0768258851804545,-0.317532137516911,-0.25557940792904,-0.200755070140637,-0.250506821521934,0.0409695728052175,-0.278120843417838,-0.534856928250968,-0.0610759235153473,-0.148316658886507,0.0346419851430179,0.0473750570702494,-0.191915495603694,-0.31299627502695,-0.214492224860781,-0.461825528341174,-0.140829964922065,-0.310660392331389,-0.34059919500049,-0.291361360681602,-0.146648234925034,0.0899243709626009,0.120947989749314,0.236039274541123,-0.232528037468711,-0.529569364461443,-0.414124544044547,-0.165814469782779,-0.341057392092554,-0.384832626958736
0.220930896062495,0.126168332984529,-0.0158326837603956,0.407724631023465,1,0.344978332267282,-0.0552808614839432,0.156144057410297,0.68576276347697,-0.0416777345681328,0.305592263663303,0.297288106697635,0.165903457591938,0.0040427251971467,0.117027717147195,0.118166551111419,0.152049372619914,0.038006014672631,0.01835448058197,-0.0691411172069748,0.199283374074657,0.0220061375348928,-0.0763332116712034,0.0455820541558049,-0.27515496616957,-0.161257535195598,-0.334175827503105,-0.0121490625108049,-0.168382960424559,-0.112077966721764,-0.0500812660699223,-0.142669897822594,-0.256866453476707,-0.0662686559809817,-0.200290198832112,0.0087507313901134,-0.346629782381741,-0.304196113338189,-0.289233055642355,0.0060142355948074,0.0139792183206776,0.126202431428848,-0.165218506984953,-0.256525332369428,0.0875189836597794,-0.0303593574833558,-0.176416857220468,-0.18248317720341,-0.152341848700107,-0.0965795200844676,-0.222723823893597,-0.255134586042021,-0.204395371222047,-0.240268850681563,-0.29096151178475,-0.148972786306431,-0.149265917198173,0.064743991554202,-0.0709151592223697,0.0086504398459661,-0.0681492502026896,-0.183756655309661,-0.202460471449873,-0.302103974442587,-0.220867152850208,-0.128444052145771,-0.106891355014118,-0.0278192059150707,0.0774338728214057,-0.0633877859625646,-0.253839594085301,0.153296757967049,-0.106264830117135,0.160704659160162,-0.133827167397399,-0.193140785859136,-0.156226688042555,0.324217425062385,0.0099332601745998,-0.126513821572051,-0.176422324392837,0.290941103176297,0.0884173683606288,0.159188180035934,0.127905449586898,0.500778991826673,0.0809405386892924,0.350328178943528,0.734665379447298,0.502153969340965,0.555378643910079,0.189817246438106,0.190445559563464,0.141056343268748,0.0086846449129551,-0.142748184720598,-0.0288242938265432,-0.21414908754867,0.0399552391424844,0.131291796486223,0.0314801925999122,-0.120122809882028,0.0234409210878719,-0.102074996368939,-0.0257567079572106,-0.420918402542873,0.0172232455081261,-0.383316299509836,-0.113209615301157,-0.275868439104356,-0.363507148668769,0.0382407423975716,-0.0782727591607767,-0.0025222600588224,-0.175655705280932,-0.0657578594407705,-0.173709660370119,-0.2434257557865,-0.0108936249934788,-0.325902930125482,0.0148755728892899,-0.221925627614556,-0.22860101424814,-0.109569436593299,-0.300140274314171,-0.0411622495418186,0.0039110838439229,0.152907106506933,0.0396558153756486,0.119047953441701,-0.0803005849933448,-0.155435476325129,-0.17894624111026,-0.0791048765267807,-0.133043161224638,0.0576566727017155,-0.173604757014461,-0.150658729246462,-0.128713260874439,-0.201493363289065,-0.241112044204252,-0.265360303357801,-0.19016533949219,-0.0408424366430588,-0.0623898715073028,-0.011186565956797,0.126504619205457,-0.103310118385055,-0.204390162980422,-0.132765646714941,-0.003519883487763,-0.108466278261991,-0.0185625741540012,-0.27536370488297,-0.0725006308916826,-0.261875228579591,-0.13413657757233,0.219725220093617,0.108550562292749,0.0338223370616904,-0.182320456964369,-0.0998236740431752,0.233596318871835,0.0231711500647328,-0.158965629047101
0.208631151918785,0.368650930748569,-0.248846442506402,0.529546107740835,0.344978332267282,1,-0.254089025662411,0.687346450415093,0.681520725453154,-0.143863368149723,0.230764801769641,0.436472230458433,0.2213661907135,-0.0596061865101742,0.116668781380754,-0.0822068253845403,-0.0164974028493972,-0.0124698842266409,-0.122846748622256,0.0439326824401459,0.0133932473859561,-0.105318002009432,-0.287861214644251,-0.201121618054864,-0.192078961459161,-0.22643660764136,-0.18448010766711,-0.239894125772251,-0.314848896479222,-0.272212453937863,-0.139783342934393,-0.222031175168972,-0.450554563430971,-0.0429149156900519,-0.123585791263127,-0.139566080274347,-0.0726905045238903,-0.261553673292207,-0.078461762481181,-0.182221251829697,-0.020533741668885,-0.143601389993083,-0.0815866287288552,-0.341057349096384,-0.122880959156811,-0.279081452919098,-0.188725917700426,0.0654959207754035,0.0996658309160516,0.0999598740560311,-0.207539839586795,-0.0430259501886969,0.184572081604538,-0.0946057631412509,-0.162136380845862,0.0573412312917136,0.0715395540833161,0.12800817379132,-0.157070548509572,-0.0373057487625851,0.169948731483811,0.162422920129884,0.185816411604658,0.0780818905826404,-0.0577437409699124,0.144563010907688,0.0536966482147584,0.112426469703274,0.243838806138322,0.367471478377749,0.269549812440427,0.021350560830052,0.268789338618354,-0.105303564962018,0.168002872793667,-0.131713142760137,-0.0604135056939461,0.0337844711643882,0.15781128767191,0.213095666988491,0.0194290213575086,-0.0421665976521306,0.0636632240489207,-0.040602625084228,0.253437189488412,0.431487676678523,-0.0785189334160786,0.885845345716822,0.497671676844721,0.851419603362198,0.450641451620686,-0.0792665707573901,0.400577231973167,-0.159235180868401,-0.0634505010850354,-0.0213041346480905,-0.158631126557004,-0.211120424293998,-0.155274914994846,-0.110207666764149,-0.147770873054628,-0.266833894577758,-0.304629621293345,-0.0300691822727229,-0.0763557415588002,-0.313745360567921,-0.37989547286566,-0.449384995291555,-0.314492378349085,-0.116321073605561,-0.141873123940376,-0.24595324310402,-0.188536777511493,-0.352752695797754,-0.396011539921008,-0.464921016185355,0.0582538550109603,-0.417360155329238,-0.0730862365185453,-0.22180665170864,-0.111636890148362,-0.151298539607488,-0.182341243176858,-0.274620770918709,-0.201123357015871,-0.0351640895504248,-0.151582020205791,0.0612945594376859,-0.111064679366076,-0.139164538082331,-0.316873025187475,-0.11753134548511,-0.183073666008506,0.06485773797268,0.131580074737232,0.115060934085802,0.172782295796902,-0.0169278907173468,-0.0767295109657786,0.212021687102542,-0.374937939246019,-0.307673329106826,0.0273547577898459,-0.0263898394373077,-0.115353501359966,-0.0573686196249136,-0.100837291117057,0.223484454461416,-0.326888991418337,0.0871617382218396,0.090752737041525,0.176458610844371,0.183099446186106,-0.0137960307806321,0.227418297378133,0.0325981732888112,0.132926475287182,0.165461805951534,-0.168146239190975,0.164248105413172,-0.183383050001929,0.137827387445703,-0.0003229670562189,0.108465775655817,-0.0403229566064724
0.391867370332454,0.499066194570457,0.421207990093188,0.498190259589237,-0.0552808614839432,-0.254089025662411,1,0.0953996947467267,-0.0770759567714119,0.824900782330669,0.511960601221828,0.523236691309574,0.627801704597114,0.296543165662374,0.239104445798346,0.22086537250283,0.349331354788479,0.362930316528573,0.152309654415857,-0.107338484074127,0.218103785968225,0.11941745012064,0.540156295098124,0.197137521480576,0.0378673822027419,0.0599989913633136,0.489334925049749,0.416358905866128,0.283799787789146,0.23263739314894,-0.135388163413092,-0.0536958039036511,0.401112143552869,-0.286472658953572,-0.15151418888748,0.105098283618997,0.327337354102766,0.492223931191475,-0.164017941159236,0.576341331956561,0.381248933922575,0.4174294310433,0.41483551910895,0.472796823261675,0.289582875087972,0.682412461105264,0.309654317486119,0.146355539282758,-0.557505358514001,-0.465896670691358,-0.194362826853252,-0.183531165933678,-0.380488042818467,-0.0403350793196056,0.0031300671030382,-0.40475821381261,-0.451768169975015,0.0018745875877451,0.189556996335969,0.255231441004649,-0.255768753125016,-0.341428750512616,-0.479557588742394,-0.122515924231939,0.397746460124031,-0.412703549996787,-0.499140439869202,0.0689463078965789,-0.332469672441344,-0.350786236949043,-0.247051247416778,0.199392970264099,-0.37653557362584,0.262236158106561,-0.442492594400093,-0.28991268877999,-0.318710985602835,-0.0419268006869159,-0.437508929020032,-0.365549495962883,-0.438750447099423,-0.119622711515826,-0.169525748110956,0.136497486486662,0.536038211253436,0.506096079583642,0.726546673958219,-0.116806470443083,0.0036748190740889,-0.17626451954605,0.158579371752784,0.695270453159792,0.372078058695604,0.545878329210677,0.2008854106271,0.0882330034697554,0.211441151234255,0.237912183761691,0.368490575329825,0.288846405196924,0.136759639945652,0.601785346857328,0.176088979547805,0.0673044436891983,0.160295042011326,-0.132577654832995,0.43857601063648,0.30116323284293,0.168854391230646,-0.120306133277853,-0.197360158633697,0.248898294203004,0.8101215186149,0.528391639368689,0.120119701935264,0.341878169868249,-0.311926024198737,0.0954649067316202,-0.0133566174923639,-0.211220013627143,0.305209430240768,0.552655740274842,0.50010705541157,0.604009703572885,0.196728209097482,0.369939200803922,0.387084448409602,0.253079055206907,0.529015168584919,0.370843479193798,0.697029963424237,0.317914375031349,0.471464453546725,-0.179866420855366,-0.579996965089506,-0.10290961067408,-0.487787509875971,-0.357143963522901,-0.170626872914266,-0.401521819011978,0.43875212261633,-0.0569615138528945,-0.607995330869163,0.135969018306192,0.140409988318868,0.105390546408404,0.081202043768569,-0.460197252909099,0.0993703562854967,-0.152938120106174,-0.548067486197549,-0.199800853578483,-0.404746576620845,-0.171786040405487,-0.38978266059932,-0.0426239798967396,0.0707264630343309,0.103727618618443,0.417497936406696,-0.335308320944527,-0.377859159372589,-0.54618897372871,-0.0522924148585874,-0.349522271573627,-0.280223277397501
0.243799522887925,0.54750672914486,0.11235792557203,0.481448290554587,0.156144057410297,0.687346450415093,0.0953996947467267,1,0.287351072402265,0.331195034776846,0.209141689177464,0.426184458575947,0.484520512760395,0.086605386706028,0.297171828738689,0.067817816737397,0.112893580892383,0.0948639664980816,-0.0220637970361267,0.0248859272862528,0.106009908970215,0.0159538955771265,0.000634732848864,5.46249822571848e-05,-0.0581076652932245,-0.157462157040978,-0.0381095483150965,-0.0187062123490537,-0.0696904959218073,-0.0335753778660328,-0.135061623596306,-0.177898196260658,-0.255705285201739,-0.0656518253395443,-0.0439722207725269,-0.111669079513175,-0.054366702282735,-0.183106785230317,-0.142960022482613,-0.0507185354555902,-0.0464315754219469,0.0174045903421716,-0.0148138085598171,-0.223391592833534,-0.0183856431327281,-0.177804446251354,-0.0792098462532463,0.033555593115733,0.0695406770788598,-0.0394651839928132,-0.184548322271129,-0.143330063990591,-0.0008732724435103,-0.125957763772527,-0.245875937702931,-0.147726696957094,-0.0754182373888987,0.0428317709462815,-0.148862370851213,-0.156541768731095,0.154964096353419,0.157849313200422,0.11447387028224,0.0054062848948609,-0.201138812564419,0.062585067433075,0.0367050252478036,-0.098446384809412,0.257515499853146,0.222769452350354,0.0651383001642311,0.126082809648075,0.205380713152375,-0.0989638802522017,-0.0111608288785178,-0.173786318498557,-0.0076734269494386,0.0164398891748664,0.16035735151947,0.100679696993668,-0.020724618338025,-0.154438091306526,0.0261664479475098,-0.0339956921623321,0.371754655723062,0.380923801039859,0.272526149797447,0.681421241707156,0.232927614182717,0.471780430364855,0.133995496255792,0.18589272494553,0.386181917639129,-0.0621061722372924,0.0773411623920722,0.0687793021626982,-0.0736037901394773,-0.0609634672303867,-0.0182458650917695,0.0249076402332598,-0.0595857904562013,-0.114617095968383,-0.0417697052604876,-0.0716207719886506,0.0329622969080457,-0.259662873007498,-0.164883847047801,-0.249348391590555,-0.109545475074957,-0.113706485009273,-0.0494161466040024,-0.187252440496461,-0.0128477704410984,-0.200918710466077,-0.386908332694891,-0.251412545944817,-0.108710438239377,-0.396197020016378,-0.162901023845689,-0.20387038913054,-0.176618239788537,-0.1340984311967,-0.102576005955105,-0.184796669903407,-0.207829076508966,0.0232916746682049,-0.0094481857535062,-0.0260476079859058,-0.0141654980469953,0.0141717007455615,-0.260361579978536,-0.0777982795521963,-0.150402857650193,-0.13438530282993,0.0171602836290257,-0.022986223914766,-0.0324674421721392,-0.0967377096046249,-0.271692413236327,-0.0390306437999266,-0.316484268100417,-0.323743423496001,-0.0739651809015652,-0.0025030824566604,-0.0278186399457561,-0.159461912875444,-0.118138812471435,0.0296416873507504,-0.273598182248107,0.0379067004207427,0.156141862212507,0.197598408878884,0.266656150837763,0.0301276230383432,0.118285027857619,-0.0497243927798271,0.0146576213380632,0.117766084103752,-0.114314423353898,0.164836840814379,-0.103669145822532,0.146189080402245,0.0218470223904962,0.134877335084703,-0.0135808638430447
0.421826364708524,0.190042945995728,-0.0979273642012476,0.588113047774273,0.68576276347697,0.681520725453154,-0.0770759567714119,0.287351072402265,1,-0.0708871339828943,0.396242210248449,0.422654328387444,0.119475052153499,-0.184918008628388,-0.0772066926166363,-0.175706832636804,-0.0395598004451438,-0.0996127970915757,-0.0770874714990313,-0.0434756917085087,0.0090777231971263,-0.170773386199497,-0.221801009914062,-0.166899189697348,-0.411135186353696,-0.0986242828237868,-0.204922907688874,-0.0634526237194882,-0.233301459028918,-0.244969002194373,-0.0999253384809324,-0.0223924240283566,-0.222062591264671,-0.0322964705838703,-0.09750053300718,0.0312464131602172,-0.254936695417245,-0.162438479797202,-0.0750013013917439,-0.0926307534095962,0.13733326694069,-0.0397581515806278,-0.0532428636503425,-0.152648621893697,0.0108487646945673,-0.0352456336781664,-0.161248861799636,-0.0930478948636408,-0.156924791719288,-0.0231670901589303,-0.182940678711239,-0.138707565754911,-0.102141570821032,-0.157333021638162,-0.155414490895895,-0.06987111385467,-0.0476511575424241,0.0795683273243969,-0.148562995813185,0.155633471858731,0.0286520013178756,-0.178086662584488,-0.144575218841916,-0.165698341679983,0.0436429832529984,-0.0142380539547238,-0.0848919057617618,0.0733755651510276,-0.0624557884561903,0.0730716088543075,0.0762008238470929,-0.074468207240677,-0.0202413790652765,0.0860291312060946,0.0083735371394471,-0.184529220260058,-0.081869533526428,0.333575571988771,-0.0795828566279066,-0.0362465776988286,-0.132501200858551,0.234514922671023,0.0397520704269809,0.197660702543603,0.223962073016728,0.528334787801418,-0.112540326775959,0.572241162146609,0.673417158748703,0.812121023774398,0.775083802440898,0.0512404818837706,0.425050685352704,0.215206268481027,-0.192369453763302,-0.253490461724878,-0.221802736568172,-0.370717133786276,-0.147469930195908,-0.0762527002088016,-0.0543793071572032,-0.245781591256014,-0.156502556127531,-0.0471672240029429,-0.140300902193436,-0.386839591852983,-0.132267499915333,-0.48895614719249,-0.211655867397644,-0.320758210738251,-0.352492822560051,0.115602307552875,-0.14445455749699,-0.0044866578287262,-0.0740787098582468,-0.133389026594341,0.0232375693208619,-0.140740829758211,0.154583738268897,-0.13711030137889,0.145492143637772,-0.11062467220821,-0.244917548570252,-0.163276560728564,-0.113176511749417,-0.0586246198127158,-0.187059412742051,0.225342854936536,-0.0394578043487947,-0.0006106739765712,-0.0328354127041368,0.0010513991822827,-0.0819180651290568,0.0127483067226783,-0.0155426043176789,0.127683157130024,-0.12123949906655,-0.108704446242164,-0.0535933432081975,0.0386922608724109,-0.162287930184718,-0.21507418536863,-0.118938555508696,-0.0466087335633219,-0.132008990050276,0.065524455939979,0.0578340714328527,0.0962306961466607,-0.0956581567283426,0.0066707537638162,-0.0734344463734725,-0.0199590321736126,-0.0500153945291267,-0.226581421489729,0.0341924517825633,-0.0667864538284461,0.0596758850465635,0.107176864474599,0.0336250971383548,-0.0056816498669388,-0.215369958991794,-0.0843312394232599,0.213544776177476,-0.0673140102758835,-0.122773811491373
0.484300884917536,0.543151648544215,0.470072760121297,0.468985082836947,-0.0416777345681328,-0.143863368149723,0.824900782330669,0.331195034776846,-0.0708871339828943,1,0.470709031818718,0.467586678401078,0.672860284527384,0.255259119146172,0.290796402686109,0.12872319703197,0.271870056627711,0.246099159693089,0.114283653808183,-0.0462453510337901,0.118750175064678,0.0119341802856738,0.403924908669559,0.138701602153056,0.0275260299750342,0.0266538132644082,0.334150463757744,0.586133450025349,0.133542767722965,0.10369453235313,0.0542564723686726,0.04392690426724,0.313729649835955,-0.0932895873857108,-0.0120145476085669,0.148138125618626,0.119514595158634,0.269759055733797,-0.147115860971495,0.347034231116945,0.32622236562872,0.314390542390209,0.254491700308281,0.301349534858185,0.271717219760246,0.38595963088163,0.288182429663838,0.0030850282431057,-0.359133998803041,-0.263036559609806,-0.0552570740060148,-0.137824721588586,-0.226865249461366,0.0252896063824439,0.0120942134154886,-0.283319903239374,-0.238215386324067,0.0467448723352889,0.0907073419701297,0.0611301122297336,-0.230553715480806,-0.315529856211472,-0.362823196400265,-0.19667246531618,0.141875951447515,-0.378727636459252,-0.393159527986643,-0.133559182366183,-0.262230628691108,-0.354901183186245,-0.241232168323892,0.0754775338665079,-0.370611021414537,0.137233752626947,-0.307640381431153,-0.140974096950948,-0.215711519219221,-0.0810570729491342,-0.363636227787738,-0.29445947924895,-0.37186062226691,-0.210417589033576,-0.243630118646946,0.107034956881117,0.608518882416423,0.532160550692009,0.636346187815225,0.0542916144910279,0.0092832927688216,-0.0290779912803985,0.214506321403807,0.768456337048818,0.453331526052998,0.583674108575785,0.181723373532082,0.134608423636229,0.0919358189888613,0.163344706053686,0.296752556308205,0.198484470950191,0.110954926792999,0.354866868781192,0.109700490421578,0.157834496299393,0.169095263461371,-0.0359295093168066,0.263892742321057,0.197380400309929,0.106824945466285,-0.0693970040706265,-0.129859890774944,0.139235923925363,0.522265483466683,0.345617227287795,0.0367927609034013,0.228911242605032,-0.171923403654284,0.163334095899701,0.154805097827199,-0.0857962800281613,0.150066596048229,0.257862298075597,0.377381174034732,0.345307856875958,0.0711743238644951,0.206773150731602,0.240161166724381,0.208478551219287,0.353593271262861,0.322664235421912,0.4305655845863,0.257960428668674,0.195745336628016,-0.224123193861263,-0.327818112848428,-0.0904655152590592,-0.316869876824236,-0.129818674921968,-0.151541988291535,-0.429458425764423,0.233849760282183,0.0139847561570694,-0.361362990581414,0.0622996925914497,0.0437547155523696,-0.0325358303617684,0.0498807956263234,-0.348719390533235,-0.0183449780825878,-0.235437420026514,-0.31903680232696,-0.179810779096897,-0.218579492146771,-0.275523070543717,-0.371004623007669,-0.190104718311019,-0.0582837024588913,-0.0658279219293804,0.217147265073848,-0.268812653378628,-0.224699727191604,-0.352135715302242,-0.123164092834035,-0.28722688953386,-0.258923876672552
0.426583916500699,0.538924625111606,0.0316004644500069,0.738003204911673,0.305592263663303,0.230764801769641,0.511960601221828,0.209141689177464,0.396242210248449,0.470709031818718,1,0.80109183304592,0.738320975537996,0.153719734578954,0.188356311818787,0.162445832639137,0.198114111600513,0.119906462003401,0.0225442689131799,-0.0296681579517648,0.240291350336994,0.0130884154445475,0.223085817019625,0.0573750144384829,-0.0912388829300988,-0.171792014024711,0.0863695519934203,0.269654166907447,-0.125670588993393,-0.0645609198363985,-0.102607333746705,-0.1377899948411,-0.0942153538085824,-0.278687311963063,-0.225984247955045,-0.0594416797805262,0.147459906232581,0.0363154320061326,-0.148915793742516,0.281054522719007,0.291937519126814,0.26835155394369,0.154749376900668,0.138176791488503,0.199043994912689,0.372783289876982,0.124851352843958,0.284738893562658,-0.232614876509638,-0.174736093366103,-0.189215591501574,-0.218102402635736,-0.144403273059549,-0.110957983616362,-0.145201656811147,-0.221428780157685,-0.251444819821916,0.38828690643945,0.277159952083224,0.0906437391432374,0.013104969465665,-0.10197407234408,-0.19355734754002,0.0393448070730343,0.215539322336789,-0.125992894884762,-0.323639780834285,0.130060593797658,-0.173793945381996,-0.105022171425579,-0.0978407130196507,0.008879152266641,-0.131163115776523,0.0761204218462041,-0.27638344683769,-0.241893316582214,-0.329349358778088,-0.112204136818813,-0.195211808448589,-0.0833410725630237,-0.185448588664383,-0.233277514629881,-0.0373898778329229,0.0900517079794842,0.670587295768811,0.775504611236716,0.334727090360785,0.381778988317676,0.375994118542729,0.359115144817403,0.455025641865216,0.524948421298659,0.762332672467585,0.401807075995764,0.0750685827686727,-0.0271521978900869,0.0898028494093861,0.0001206854211954,0.148831168190997,0.0419856311727133,-0.0078413406958782,0.368321396664133,-0.148451235207786,0.0612109182404468,0.079691623344525,-0.24852009337845,0.0653270461153732,-0.0012996373825164,-0.0810729988688865,-0.129350938057796,-0.337242331198951,-0.0807992060620752,0.427591020140922,0.0522046345147275,-0.237872697887383,-0.156976089276161,-0.174924891772406,-0.169150221992593,-0.024348159650785,-0.359805311486511,0.0655922773970301,0.195210088009891,0.247203413603856,0.195399019746309,-0.075107047807073,0.323985498900435,0.113295613276636,0.234505543598622,0.339584032534197,0.23797992101749,0.336494156230031,0.139716978670853,0.186475713380816,-0.123162534077409,-0.27282437515919,-0.0489735482159291,-0.273826700712679,-0.20837511879693,-0.212004925387546,-0.196165213641206,0.039754908641948,-0.274737228621011,-0.407721438121053,0.22301788296583,0.0969805373106579,-0.0213965709216146,0.0021671183595105,-0.238192531160214,-0.107253700596075,-0.0651973814147496,-0.307895056392382,0.0322665440459497,-0.161755395682365,-0.0902326127113675,-0.115860280902681,-0.0336000944002879,0.0778488097678725,0.121952791123076,0.340965830830922,-0.134504366176029,-0.373707677610966,-0.293052145127476,-0.0551637745088326,-0.159522573604566,-0.127503885880733
0.26942603144073,0.606319855237155,-0.0621335989842549,0.807743000759426,0.297288106697635,0.436472230458433,0.523236691309574,0.426184458575947,0.422654328387444,0.467586678401078,0.80109183304592,1,0.852481818288276,0.247769430004219,0.25130626789946,0.206711360665862,0.238058171509299,0.279021227416658,0.0769819994575975,-0.0203169570870581,0.290769210102299,0.124061577048257,0.198313801660618,0.0154595987695106,0.0723235993922038,-0.35189916520899,0.064322899766555,0.103997104807806,-0.171319262900252,-0.0923753534734807,-0.301534929573935,-0.293782412052928,-0.279765930619005,-0.439171427005062,-0.389026997395787,-0.22255963819166,0.231197148169997,0.100855745316836,-0.220807699447755,0.317651710891425,0.223987903124111,0.237413025207171,0.227910265632672,0.0839282588799759,0.0802578555404354,0.30003415941,0.118910456171084,0.167198398170218,-0.364849074432468,-0.31021631764344,-0.327978641622881,-0.194763938100322,-0.123639180776861,-0.0666703595429973,-0.171995675873871,-0.337595091581525,-0.353196790113361,0.335800662012756,0.219487336508751,0.0584716945201237,-0.080429021683048,-0.120944559158428,-0.265662918394193,-0.0325895732848297,0.158033385669123,-0.22709061777084,-0.459748868479875,0.136614895581934,-0.0997737865802985,0.0076239483160721,-0.0969056079093484,0.168292838590412,-0.0272004428123197,0.0714317310387812,-0.271116344443599,-0.344410227421591,-0.444201054472552,-0.148294142939852,-0.154044932148557,-0.11884453995197,-0.291398820854904,-0.3079793429336,-0.0521732475089014,0.0256373298396656,0.626970862684433,0.803783942026791,0.475926026259388,0.572953192930758,0.43681015607008,0.471558373325158,0.422289864562603,0.554140347292145,0.812808418666338,0.253180991485031,0.132522440516792,0.097052714107531,0.196467614294368,0.0561976281073449,0.164176807791623,0.0882150711559921,0.007143795866674,0.388525794885488,-0.182726284233967,0.0433105032501861,0.129541955568363,-0.271680090058754,-0.0529247087748056,-0.0572770264083165,-0.138851772609071,-0.0073726226339991,-0.178849247963412,-0.192219330073982,0.512521176520515,-0.0086408304274595,-0.363708976325011,-0.268981735592276,-0.227082245536019,-0.347688753552817,-0.205111986356306,-0.437553069830435,0.072971782917217,0.363854588755383,0.361235547700243,0.261005473452275,-0.0129274843402427,0.291566032647009,0.224763800615373,0.234026720728677,0.37424492426019,0.166880154325922,0.322963412438166,0.180845922928323,0.30519586473598,0.0050573173290881,-0.331609625119739,-0.0643931709171533,-0.161253861710632,-0.119052272770807,-0.128053763673186,-0.139340642342206,0.0582648831736074,-0.285808110941676,-0.382490148255164,0.230010284770022,0.128356634074872,-0.0745859544814191,0.0740543819267078,-0.130839316679136,-0.240127244621263,-0.0426724113037723,-0.331278646687684,0.0023756328063305,-0.159617847955957,-0.147674566193704,-0.0985224590746411,0.0284636541431261,0.207530554538339,0.252804979220152,0.204247252366207,-0.0310067962725741,-0.426362317801842,-0.283051127607475,-0.0700103513105164,-0.106981441952128,-0.192534471961644
0.310226484861105,0.714726067763714,0.090244141423571,0.695205121762519,0.165903457591938,0.2213661907135,0.627801704597114,0.484520512760395,0.119475052153499,0.672860284527384,0.738320975537996,0.852481818288276,1,0.31030780622039,0.38138136330383,0.292103071622068,0.248744157040612,0.268979737484665,0.145667442324681,0.0976592854039178,0.296013696445128,0.149555638549936,0.266865926774064,0.0571119951307898,0.191391258432705,-0.284796958648553,0.142666663784578,0.316378620626928,-0.166913266055562,-0.0767236565172424,-0.110679054177292,-0.27485136347377,-0.24393174246351,-0.308403122592183,-0.323385542834935,-0.169104117533081,0.283407147766225,0.0192457568342281,-0.195002071978195,0.302278393174088,0.265638978895672,0.262623319417806,0.20903573727158,0.0803921767811757,0.153557336070543,0.227107132899241,0.167105137949741,0.0967047763201227,-0.290845427927112,-0.26465177611873,-0.269161479922783,-0.208013417015706,-0.093337233361745,-0.0280678352973126,-0.168736338052135,-0.226485249979094,-0.28036864538201,0.287449871006589,0.171525972691619,-0.127640729846171,-0.125214345056865,-0.0864092104561925,-0.158016190363187,0.0650069933165011,0.031306467509631,-0.252750395725464,-0.451031511457159,0.0128057799417449,-0.114918153315625,-0.0687010560078211,-0.125769735258805,0.125996781180801,-0.0800750582688567,0.0573840994780099,-0.242904294340051,-0.240030278592009,-0.419824683993077,-0.226088846158754,-0.169600678108409,-0.210858865866333,-0.276280388832183,-0.409238378760451,-0.0980614573806908,-0.0401656705662296,0.711975412003965,0.727002920281164,0.622404629798713,0.420637446008236,0.299455712863081,0.244768381047037,0.236710958230932,0.657402713942312,0.753428843075682,0.244966139495118,0.267745113554893,0.27485969838172,0.267169102276659,0.183587028229117,0.219034718474826,0.0984999120649463,0.0849889061891347,0.395567783435288,-0.180994880368472,0.0928651782259497,0.164980387982739,-0.149192167857849,-0.0605848983208022,0.0249773448741977,-0.131013175481583,0.132228474353096,-0.0701730686960622,-0.210503929356206,0.503444645912225,-0.0836623286013491,-0.406283719311317,-0.298287470227483,-0.205268773928742,-0.325109285358043,-0.200897724905096,-0.451420169770866,-0.048530460228846,0.254352576797015,0.397311031104543,0.201297105058335,-0.0462578420418182,0.264249655077178,0.221023024825828,0.198136335406926,0.327234998424957,0.194740931997741,0.216435224433171,0.167339491316729,0.175414823126543,-0.131268996370121,-0.288416963912834,-0.0338321572482714,-0.189216925452269,-0.0782962247712365,-0.189769132646259,-0.22610204609826,-0.0338454828010275,-0.256594993103642,-0.338638593666537,0.177579546803643,0.0981839739760735,-0.216377640575081,0.0244989293562227,-0.222869112310999,-0.339987039856862,-0.164745786658215,-0.25934634368065,-0.0499150081353807,-0.159222376950451,-0.114010468398699,-0.145368264173258,-0.0471978461889465,0.0692542471964742,0.116636042523478,0.130584144803539,-0.0921968787110228,-0.384890140682614,-0.251744776862998,-0.153325813525135,-0.13068638473914,-0.202374851237975
