1,0.651728661950555,0.139893966658828,0.686659233852316,0.703218566184135,0.316237670104429,-0.0276560972865298,0.211377958373978,0.662861120268212,0.575852835982667,0.578132941803978,0.757176881632921,0.780640042671926,-0.119635819039259,-0.264298952537151,-0.0988337799929618,-0.248395347127771,-0.161139040630874,0.153705886656439,0.583181340301989,-0.0844234597070573,-0.0469711705946637,-0.178530785909138,-0.215328359727152,-0.0022587689525772,0.197119538109885,-0.371605930585311,0.104513695809922,-0.0332294341305146,-0.194106034061326,-0.18593224308099,-0.15307834113681,0.0294188686321752,-0.369326889888866,-0.270319038687286,0.0500807880363328,-0.214499900972171,-0.0191722641045497,-0.206328185802445,0.242187292854385,-0.075782746486588,0.220128451691962,-0.123231377400263,-0.15087189248409,0.165546969015813,-0.0299590863992176,-0.0574604786257706,0.272009371257029,-0.555659034348488,-0.563150612606068,-0.373183054337455,0.146996083992228,-0.480340100945846,-0.629736472104539,-0.219569931489319,-0.14086633126929,-0.441642699740284,0.181464420475856,0.0831782169818712,0.254687439062046,-0.247097068953257,0.101588603464995,-0.411509161063047,-0.307362702212554,-0.349310791970201,-0.540631977508859,-0.431270395334606,0.148505330505153,0.178749647811971,-0.337363170391707,-0.149466214625837,0.038033689662336,0.0969476706401291,0.0260346482126598,-0.532317365073237,-0.426173783932176,-0.37210941965354,0.0739329624420482,0.0461199332375925,-0.193802286196046,-0.148875655932635,0.0745415408670749,0.481087618854515,0.619412553361847,0.659614612284116,0.597272724734324,0.430644135977838,0.210426742465682,0.697545841337388,0.576596949572325,0.634363021578403,0.324877385749181,0.705398654060517,0.601707896730517,-0.224334390600469,-0.352395147123436,0.0505662250263105,0.0004656418260342,0.0467114651361593,-0.0412208063580448,0.0725122060736074,0.270798488765301,0.218204675514622,0.486926395189501,0.121127124417293,-0.0111472540017422,0.209939440711979,0.5961917376671,0.145621152731248,0.424711328348389,-0.0368679403164885,-0.007459191107878,0.050245985257957,0.242746961102957,-0.217312103483776,0.0591923251757716,-0.182764871287169,0.0369087327710866,-0.0209435775975488,-0.264141479404246,0.0393823886400635,-0.352917111594882,0.0133770240319866,0.0992895810320185,0.0716966448882428,-0.0774315710815819,0.135367823903941,-0.265534641697866,0.0193528288788067,-0.041943442370539,0.0508134374628761,0.0309326296094416,-0.042291839716725,-0.512680014125851,-0.498825232263528,-0.0953284522079275,-0.305025253733867,-0.54633270907805,-0.126475856246674,0.173250490653011,-0.18253176624126,-0.498024718528949,-0.473945469040777,0.110237009837001,-0.0311750802576576,0.100392165826747,-0.253849236483512,-0.441307290387098,-0.115191786268697,-0.274251315064336,-0.548388910233663,-0.0569665985594554,-0.427513285904839,0.188177945316576,-0.398105678585767,-0.0313038972944037,-0.292537498480785,-0.037270491723296,-0.112559603349985,-0.068157977796279,-0.586611815583978,-0.417015104620464,0.2750573924839,-0.189988632035853,-0.386636305852413
0.651728661950555,1,0.416654296003485,0.569623965078038,0.356674472116558,0.792032548054085,-0.047703042678077,0.710752357717349,0.518864822738889,0.627637118920683,0.257197055728745,0.664044816572449,0.78409043177533,-0.231560577509796,-0.29313938783958,-0.226129198885234,-0.186205518842001,-0.198708309333896,0.22255013305177,0.490473964504502,-0.102276509263602,-0.0245290378268998,-0.328755621312955,-0.175360333579661,0.0193660105261962,0.407299748493512,-0.246739158361947,0.142256909225743,-0.0523455203831814,-0.247916125919773,-0.127196205302466,-0.227649645889316,-0.133812285622818,-0.367267578442396,-0.317247536212772,0.0438970123984851,-0.378707457887239,-0.096366555918911,-0.20338061008196,-0.105692357481637,-0.226530360001185,0.0748091519776638,-0.245945720575546,-0.452575123282696,-0.139291687665383,-0.337271419128233,-0.165462670627533,0.231705221045311,-0.331117134450982,-0.454954941981095,-0.267197509701296,-0.0082531358623131,-0.352958512406139,-0.604530352029368,-0.120203071187211,-0.225658285219737,-0.285237648274544,-0.109253539658026,-0.245425532035102,0.135761865561685,-0.206142651722329,-0.203293389870533,-0.485740471312674,-0.31161010567602,-0.350617318739566,-0.441247457481398,-0.361443875523025,-0.115463223724257,-0.0988810471861614,-0.202439715016186,0.0206717876682589,-0.343649512484136,-0.0246323096346023,-0.346036102732614,-0.331460835524791,-0.409026651821621,-0.477282017225905,-0.267341193076558,-0.140769665128963,-0.401427600201162,-0.301003135185937,-0.0719773418800564,0.622479129481313,0.381216334604898,0.915535016328691,0.394967424313188,0.48814268277078,0.727136151372987,0.422629318159685,0.589654206206408,0.4821078890207,0.680462200973168,0.435100395346452,0.614842592734034,-0.431212028275371,-0.467990233695133,0.0042133356170973,-0.148144209361666,-0.127738895741383,-0.123212890100741,-0.0034334640277583,-0.147889116769693,0.0755447344093585,0.308555579545701,0.119859498279879,0.0970269899886424,0.0395050543104712,0.411038108687124,-0.0345263505907655,0.241596068332633,0.0565336020065135,0.263372698895093,0.0167803663936102,0.167662741803611,-0.008397598591627,0.106839623591508,0.0135182723260827,0.0967153145280036,0.0550419668153252,-0.154362008041354,0.0980592421470761,-0.402171377487925,-0.247579091769505,-0.116687801143364,-0.166320491151685,-0.187607781059001,-0.188595593447404,-0.114673628093321,-0.173535504075998,-0.185285540350126,-0.310823220077853,-0.160894239784736,-0.116154213616048,-0.358856554944081,-0.304972675098821,-0.273085216627366,-0.172146437631691,-0.343280957475704,0.0235546334120696,0.249278856351266,-0.317698351869375,-0.278270612934481,-0.174682311694287,-0.189080899963313,-0.306834958324501,-0.15613008527668,-0.317119346462032,-0.314054371322771,-0.0405772578625117,-0.366368002102208,-0.399365401976683,-0.0685024766857135,-0.326585069384711,0.0064953118190059,-0.212804776833646,-0.317954900990722,0.007682181775586,-0.305184220504212,-0.404193049134288,-0.123373659153738,-0.411669441144286,-0.278361464181072,0.0784097496409244,-0.292625771332368,-0.37508035086727
0.139893966658828,0.416654296003485,1,-0.135124113591308,-0.199940363142251,0.2812388645432,0.410106952697676,0.50696534528783,-0.24628264801817,0.61176880633506,-0.416460045701733,-0.169088336954852,0.280189062499461,0.0695433050717756,0.0340556524731476,0.171341618484176,0.133171906361113,0.0617389241832318,0.290439777169646,0.226917319159071,0.114486313773645,0.190230100697198,0.153385478833447,0.220438122999201,0.305101082670616,0.767329303033295,0.0306969134763947,0.561991205128503,0.501242297704716,0.304749889999412,0.632144788752641,-0.237941299412474,0.305751753510807,0.0405488681837302,0.186811766049891,0.553003935033144,-0.162906032498674,0.30379469493898,0.0536958795483839,-0.10699229620422,-0.168457557799433,0.279256546619989,0.0203030581075265,-0.441828347380823,-0.0611549698424895,0.0165065466515207,0.101543510174511,-0.103377571996632,-0.177962725576806,-0.258914184578799,0.365693108267843,-0.154338470440755,-0.122220734660594,-0.395323119023751,0.272664758954223,0.150433426217848,-0.0312444284263121,-0.40969141523839,-0.354866883152658,-0.142429164013832,-0.338659110916685,-0.374686135041434,-0.464067364809938,-0.231706435878678,-0.0876551115629011,-0.199362493502153,-0.305229330548343,-0.527353857297422,-0.278614478597859,-0.122245771882936,-0.0397241327418024,-0.614148796379412,-0.182404685997862,-0.548411039544456,-0.183825775137904,-0.332294048723066,-0.134047290898633,-0.152083858257171,-0.272032160857342,-0.493489243408734,-0.319877574097878,0.344618352448158,0.61037614506663,0.320416833224949,0.367878213180443,-0.289010138458366,0.614617112834388,0.216907999301358,-0.0813337784793685,-0.185953408228244,-0.213000071789581,0.722261906132933,-0.273548898568966,0.554179490049432,-0.0388526842146299,-0.311509478399885,0.0915553811274382,-0.133768431949899,0.0347624926405308,0.0424869560393119,0.207278089399939,-0.143941732255028,0.109883835461606,0.192523622653782,0.112329359577666,0.341047872270786,0.292228714791441,0.247944770549633,0.0810022833292599,0.252307531603189,0.262735869443074,0.645124956822745,0.302909499332713,0.303582480851489,0.380754256544178,0.524855165069413,0.336384365249148,0.574081993183544,0.229199599723939,0.190080404885265,0.138174757636268,-0.382429780083644,-0.359646810372226,0.0915053618948652,-0.0404944317665614,0.115896575318667,0.0458508606068367,-0.117426816079273,-0.146896157147657,-0.140174033726288,-0.0719110150044889,-0.164070452133969,0.058945923636675,-0.298934881821621,0.140771313814005,-0.526515304885439,-0.171785739493756,-0.177035665622408,0.181320376881861,0.273318039325774,-0.136687277427761,-0.178183570382953,-0.201196066579008,-0.344843976325301,-0.480554807213624,-0.290151014495228,-0.475675934724921,-0.43343553060446,0.481861806993981,-0.53363220524248,-0.274094122901935,-0.326671143012094,-0.274152942851816,-0.0770088994985583,-0.480845846214924,-0.417023388725949,-0.261140118503882,-0.712539804023135,-0.321085147986857,-0.467890094655932,-0.26894524456557,-0.134243949256398,0.0139568141698813,-0.256284472137931,-0.169733052593971
0.686659233852316,0.569623965078038,-0.135124113591308,1,0.741513583725471,0.524204218546954,-0.230138897455563,0.206015965300653,0.869257468402271,0.216519406483303,0.749672010997314,0.834243576551187,0.603828480004685,-0.419953076226971,-0.458696543756098,-0.401017436416957,-0.44910289611096,-0.345826437389563,-0.102950247756281,0.303400683346761,-0.340591134625565,-0.223837949962914,-0.216705984314852,-0.19398232071376,-0.374995052141425,-0.125129548193028,-0.258975782686889,-0.0356786103277755,-0.211814303377245,-0.271970034410378,-0.225213282299917,-0.0277663688113874,-0.168212409561252,-0.129752583964401,-0.165938337557951,-0.201156124869751,-0.370578973754986,-0.169560586786138,-0.181090209345069,-0.0888695254679426,-0.015323166189096,-0.028350268951045,-0.186612948071155,-0.0420593874394074,0.0142742003887196,-0.211165795260044,-0.277810877983907,0.0545770881103942,-0.185664510099415,-0.21503326642921,-0.194276067808582,0.0373706238921789,-0.30068810179703,-0.326775969609993,-0.262402050365043,-0.312319606205269,-0.213099057530169,0.258960280292086,0.0617002486138398,0.149861329449425,-0.079844073327919,-0.078078933425726,-0.0961644100463066,-0.158678341410359,-0.162261106205283,-0.172216989034429,-0.101104596104763,0.177161445074032,0.0049986974398555,-0.216385797256208,0.0690581630523791,0.0752635755980854,-0.049292885809674,0.0664326546078505,-0.284932431135493,-0.100233666249306,-0.269843088957548,0.0256319444391313,-0.0226021854911199,-0.15010023719883,-0.114026099290682,-0.0408408085568789,0.111203724078441,0.302007736311363,0.60949788769384,0.716699170381145,0.144226896962237,0.438185523296017,0.663554800575492,0.800035642604907,0.763376381582137,0.0838059383492364,0.784145930797664,0.256033908666625,-0.517766474658807,-0.503481099259614,-0.196172983210243,-0.301824975083117,-0.302677447664529,-0.303972509668963,-0.251516835981463,0.0009682161839163,-0.104304873325379,0.15768502549952,-0.124591928220553,-0.272847744382055,0.0235869943188415,0.410990039624644,-0.0001029159662313,0.0141438919209639,-0.371444397116115,-0.230741222890532,-0.150393978103022,0.0782874999831293,-0.0818100679060339,0.0057856998122656,-0.0234693069443663,-0.0759416448407397,0.206695058025243,-0.0566185455480408,0.077251060333909,-0.182669570284933,-0.113909516209723,-0.0994617809692312,0.0143919591277143,-0.130492797300848,-0.157415420773029,0.119253162826113,-0.0020630902527636,0.003878722460771,-0.0703452814963426,0.0454294723024785,-0.103147377743951,-0.166893515107636,-0.317911002494868,0.131313173842966,-0.295850996118248,-0.278202512723864,-0.202903581876012,-0.0287200538424447,-0.0331956189652442,-0.162137981567955,-0.165263748535477,0.131965089613416,-0.0460484069847746,0.0293830064642543,0.0465552971526345,-0.0490874656936141,-0.246238804754532,-0.0326850163731894,-0.225712953766822,0.0373093520937786,-0.262117812236415,-0.0769169574578719,-0.132311778269314,-0.0571805996404926,0.04125954005348,0.0476945101364039,-0.0126325313203064,-0.0144848583002988,-0.242264837750695,-0.179861357943318,0.231776205886933,-0.186034412665855,-0.175186838993429
0.703218566184135,0.356674472116558,-0.199940363142251,0.741513583725471,1,0.19041332696569,-0.104988929802664,-0.057524833006408,0.790912808042502,0.236521888175399,0.843476163272706,0.703210163472551,0.506926836404142,-0.170895308013899,-0.259724774480627,-0.189522263738545,-0.297211796424259,-0.12008742180798,-0.0258259897357592,0.453259505943992,-0.0918388033550116,-0.0811028516355394,0.083725011944226,-0.0067985138846096,-0.275650744194372,-0.14708797990358,-0.368851806872725,0.0191055687566362,-0.0993528139429934,-0.0488214198271761,-0.234197125804149,0.141220490981185,0.203271760186654,-0.265882011410299,-0.0881832256638715,-0.279947440054948,-0.253972712503236,-0.129765756016816,-0.339404248439557,0.171594850706518,0.101096079394687,0.186168843836558,-0.30473646028499,0.0940633109619987,0.242980482895323,0.148115832257296,-0.0325519574344702,0.182072947166592,-0.420619703511836,-0.23844223072307,-0.33437742795533,0.222206145491191,-0.340184460260065,-0.291738021087002,-0.384567089037616,-0.186285212847648,-0.21547370484535,0.487441729049601,0.35754758319184,0.224680788055759,-0.166856954454368,0.127806420201911,-0.109504755633809,-0.345991221728599,-0.212466828862106,-0.276181250730114,-0.158712773999607,0.328209686511723,0.268254216135804,-0.238737701573935,-0.194091492306672,0.379840876838508,0.14412852587447,0.336278065738865,-0.33313692717117,-0.0548276727112724,-0.0959770093852396,0.484633341170166,0.339877815513543,0.0936417763435334,0.134773328609134,0.169733608794154,0.176191873442764,0.51060828817143,0.444587339734827,0.644180749377357,0.152778960150902,0.126664981652984,0.8433491757561,0.640892253118578,0.763725578706495,-0.0124286378144067,0.813067022283896,0.290913342707358,-0.263817458207845,-0.272011230423491,-0.0423351358629076,-0.0375681457494612,0.0149967763905315,-0.0323439574706247,-0.0719617775482892,0.234303191651412,0.10677967933735,0.390612220854064,-0.0288863033575092,-0.224047790568774,0.112367155442893,0.458223762074301,0.0737786408737884,0.189583566384669,-0.341063145764539,-0.360193070263817,-0.107652387504309,0.197365918058251,-0.353026627406665,-0.0482762661304678,-0.300410893684548,-0.0958106377297529,0.0232583486401515,-0.249647910074229,-0.194625875034223,-0.277082465949106,0.0219711203171306,0.0861814764357466,0.0249078887213023,-0.0539782054776033,0.153105244217487,-0.079435672790884,0.0523238879172414,0.128246801694619,0.179067331511782,0.050388385380596,-0.0821397245343935,-0.344846315990179,-0.427874229049505,0.195392183574678,-0.454421680464834,-0.410121389205088,-0.401525724197544,-0.0649798456798371,-0.0655388701471467,-0.334605376353654,-0.347866647124737,0.42488322495666,0.247782769262943,0.100959425333624,0.0525499028412827,-0.299871120972566,-0.100311053242102,-0.0487378828105023,-0.372208084675843,-0.113038311770952,-0.371903115561415,0.111427061070902,-0.202652118917278,0.0513808618622317,-0.163835756059501,0.213428635969427,0.161811258162698,0.0519562390138549,-0.38299974874212,-0.334790529185975,0.544834182485239,0.138138136715922,-0.0500053794323101
0.316237670104429,0.792032548054085,0.2812388645432,0.524204218546954,0.19041332696569,1,-0.360662518657144,0.78345555596613,0.453896481822127,0.298812964021994,0.113813097851612,0.540306380919175,0.532038065924133,-0.299827260867424,-0.291423452064527,-0.235912167614376,-0.19840815417853,-0.240248781141732,0.19930988112079,0.198862417794435,-0.170589962050514,-0.0624970636288206,-0.41605566018397,-0.171457710096002,0.0081211609342986,0.292947789759411,0.0164159685951446,0.231888289098801,-0.159660034837623,-0.31317731141579,-0.105804926000245,-0.260109882455289,-0.219678296280571,-0.203559195082834,-0.174095504272215,-0.0247943212681492,-0.526016084278743,-0.240958114961629,-0.208174727892783,-0.303193737697953,-0.241787202803504,-0.0908439806588829,-0.267522621511052,-0.461431224612356,-0.340006342238743,-0.452824298754004,-0.315203027147405,0.142300776007171,0.0119855522939026,-0.0886825434027627,-0.0356035175289889,-0.104516728182909,-0.0075486739858871,-0.289054895917336,0.0738694503230168,-0.201358308834948,0.0530412778708753,-0.279896603716821,-0.45047501197495,0.0309313089153886,-0.140255908012985,-0.384194606145563,-0.374757017398524,-0.268318966606437,-0.427094057573782,-0.248461855525826,-0.168297161606669,-0.293317413931646,-0.197410098431093,-0.129189530407016,0.199259386171647,-0.377004282407292,-0.0526892269070642,-0.466605719800334,-0.0599343263056739,-0.153669305063705,-0.291775711202016,-0.304641644222628,-0.248352053608211,-0.42520802641139,-0.439816184059665,-0.0474064458204661,0.322327844586983,0.223220411445502,0.786826305388839,0.392214900944571,0.209895282171963,0.897136849696373,0.290195737676375,0.623003095763773,0.421594067358164,0.440445486833377,0.332590538517473,0.33352662740458,-0.482749735760291,-0.535233710553298,-0.0167838726965599,-0.272360175798536,-0.225335417935637,-0.235067079750701,-0.122693674463589,-0.363666830105822,-0.191360144598199,0.0092931540720436,0.0563765162568489,0.0261048810645451,-0.19212674059244,0.115115098830619,-0.146780443222284,-0.0106286026197171,0.024032269097408,0.3138068270544,-0.219568129313622,-0.0884765099495652,0.183122478798085,0.038838792518784,0.264188190572762,0.133632983390852,0.113056883345507,-0.0042925448604882,0.0395524521936226,-0.377015183512286,-0.535152186851157,-0.393780913470199,-0.421901096726641,-0.298099220202151,-0.37169460725882,0.129126386249779,-0.26603816889843,-0.297040272416385,-0.494933808074186,-0.336640413517393,-0.223558872420114,-0.12774415418862,0.0757883505391071,-0.26035725044863,0.0033815818369176,-0.106070329097603,0.0876535868137754,0.0558378760300399,-0.329821838224388,0.0170053250895225,0.0746223143147179,-0.343502301801641,-0.480246091115849,-0.202316050577495,-0.18345563775282,-0.104542557238691,-0.050580872666984,-0.390466028527458,-0.113064951623954,-0.0762906539648052,-0.125825485320534,-0.317320083368765,-0.0932066271492919,-0.50227860692628,0.169755790502514,-0.276511180321461,-0.315498482065633,-0.0343398943093348,-0.148228059036168,-0.0661006447109867,0.0849650275806849,-0.233490049383115,-0.325267656073448
-0.0276560972865298,-0.047703042678077,0.410106952697676,-0.230138897455563,-0.104988929802664,-0.360662518657144,1,-0.176811744361107,-0.2756458890994,0.211548081461084,-0.162673283918691,-0.288685348707918,-0.0772638420457804,0.128778884613657,0.0506192554063039,0.0325218015345407,0.0488555971628189,0.097833752911045,-0.005284621078656,0.0237002507188221,0.098148048522911,0.0554290590817348,0.322234667568678,0.175843811458473,0.0612778605231205,0.444182468693349,-0.0313964884815298,0.0823323885414971,0.361648673385061,0.424479551880266,0.440054236873341,0.102367955994758,0.268213216356691,0.168400820710063,0.223240206867993,0.394557964392957,0.239709515848871,0.334669254862515,0.261625390981125,0.0864504845142915,0.0902722331710021,0.271730795235756,0.131384803321394,-0.0389327847884474,0.117299327553211,0.328097549327721,0.0792108219122125,-0.0816018466074141,-0.219479440627366,-0.299374687434582,0.215904288954371,0.189323765055898,-0.227750583597638,-0.205928756567877,0.0990418403008586,0.279358494245411,-0.180484012749423,-0.081446523704178,0.0177433955374116,0.0623894769378654,0.0415009847879273,0.238783114307521,-0.0076986901571781,0.0415092708849435,0.614387476713262,0.138116181133462,-0.16423479343913,0.0700298134977839,0.062687991921145,0.21184243466065,-0.114988518511891,-0.189468403819344,-0.135591135492024,-0.0989892834677779,-0.108969453788853,-0.284780573564803,0.0426223543419398,0.0075618937929554,-0.0736011171699567,-0.132268079420504,0.193995726793773,0.194252617714316,0.337679235376314,0.0054826607635772,-0.103467084514865,-0.366434188858581,0.311289818251611,-0.336878741229321,-0.0601605925081172,-0.389210932953405,-0.189394111729562,0.291556443927767,-0.278362202754855,0.156754174116046,0.0976539354297598,0.179575756767637,0.0113403498594271,0.0438103472594367,-0.0673208395483176,0.154372367235989,0.209047416019888,0.12873752339893,0.303064201966577,0.115793325147755,-0.170596308410307,0.108256656689835,0.280670272469964,0.272671151356146,0.0549713999665906,0.253439186295314,0.0043475360518752,0.174348206716102,0.644460765339421,0.341324353422672,-0.0075568972804012,0.279907963950572,-0.165877149072696,0.0156677648597161,-0.011679029764063,0.0105300505441086,0.245057335002292,0.211245538447951,0.474806875031783,0.397311369044133,0.508637744955479,0.26026160631078,0.117608350886433,-0.231109320584795,0.0561287453325285,0.105185032019998,0.25824615014439,0.0778752732022548,0.295867889846942,-0.208355600771992,-0.286656988353689,-0.125533246220498,-0.140377787901026,-0.232935737481455,0.112898949862296,0.39549387694509,-0.0270105155169655,-0.265687897615385,-0.255279561429748,-0.0696622806575014,-0.0572286954646201,-0.153565348108155,-0.331282213326798,-0.239552850617504,0.35042504134949,0.0952328710958541,-0.372087891361885,0.0697721575651588,-0.198498949122479,0.398152826126232,-0.108355022444744,0.244465971013195,-0.186486309118963,-0.447533915157594,-0.181518477285791,-0.360093164063544,-0.228526295465787,-0.199525448267941,-0.126204549477724,-0.252689363863608,0.0540220487144827
0.211377958373978,0.710752357717349,0.50696534528783,0.206015965300653,-0.057524833006408,0.78345555596613,-0.176811744361107,1,0.0706768277502193,0.604673452398171,-0.204766995687743,0.295263708817571,0.581744163880923,-0.0482370525399943,0.0513632291738299,0.0055485037743589,0.0977473095728746,0.0532142930869657,0.430472010295768,0.308567900712089,0.127997044703335,0.13794687889056,-0.326469615200973,-0.0618031550434227,0.199806469849089,0.378088312128041,-0.130513355179471,0.34289457663793,-0.0338709449745576,-0.202513510912054,0.0197421677420888,-0.325908351240398,-0.172107604831703,-0.265221535912088,-0.328696872755497,0.0658972555221649,-0.351523212611853,-0.0739748507660003,-0.159112693601072,-0.330119929851073,-0.278741155816623,-0.0013771746645093,-0.127655282450683,-0.522844454914947,-0.207345672747354,-0.42939065248435,-0.0372314380174136,0.0678492446075771,-0.13455454611643,-0.171220687251865,-0.0340264592632718,-0.146318365679472,-0.0912708812627254,-0.254347963452738,-0.0121104619050472,-0.159018954910009,0.0155972835378621,-0.285101424938786,-0.400597178956063,-0.201096981655224,-0.184019994417714,-0.438800652654462,-0.428506523956477,-0.230418956294361,-0.446361614584846,-0.41041131253056,-0.330811465650185,-0.458751667687279,-0.257902382312006,-0.261205674347417,0.0718111810837826,-0.465307465908894,-0.141115488976721,-0.480032243035037,-0.209119096371243,-0.293691058456463,-0.467202834812071,-0.334763978622913,-0.170704254742096,-0.40274051118234,-0.397327429125633,-0.0766479834583043,0.455058806718497,0.141317098474095,0.723546120639713,-0.0238071848724758,0.516269816584926,0.684635496889654,-0.0187457047647938,0.170414759469456,0.0574626558272828,0.705804453915061,-0.043073884659473,0.542131377969962,-0.243461712357647,-0.348098113864697,0.166354406536661,-0.1502737578457,-0.0736155749297063,-0.0068779150016543,0.179125900527314,-0.300844865118378,-0.0198788838901359,0.137816156495867,0.219036454230119,0.341425781583253,-0.0221484064909794,0.122773409450605,-0.103174508585319,0.0456476449762975,0.201962494639287,0.542409519965156,-0.1457511070832,0.0414281632143839,0.235995469296908,0.232782845654341,0.339904368075661,0.329215769103093,0.138477791835758,-0.0529894878134778,0.0359486310072999,-0.419322498311519,-0.465413244002895,-0.238145831336606,-0.372140394265555,-0.129112529326322,-0.254527647340271,0.0967785037738312,-0.156740131193124,-0.234474020138141,-0.4796823498044,-0.215320772824979,-0.237901205020745,-0.183233966107098,0.0928260717462335,-0.347257752912039,-0.0974324469727792,-0.0354050538161225,0.110059596355555,0.162178554143033,-0.314964132523249,-0.0392283396519186,0.0001993673963621,-0.323471964476919,-0.482346537673421,-0.295154964181501,-0.219874300489716,-0.214254882601132,0.0054441090856231,-0.550598238114441,-0.222005685142291,-0.113365958812774,-0.22754115349106,-0.156036616386437,-0.16726519758839,-0.44201945249056,0.0918989944592532,-0.378911134059643,-0.298060684617459,-0.215533856967333,-0.304341067001942,-0.262807245300865,-0.140012310326359,-0.21738336583449,-0.300971259490665
0.662861120268212,0.518864822738889,-0.24628264801817,0.869257468402271,0.790912808042502,0.453896481822127,-0.2756458890994,0.0706768277502193,1,0.119231437436261,0.836111337159061,0.838566657429691,0.541930697842411,-0.292367443250763,-0.409043309416389,-0.344428682772742,-0.356664360257665,-0.288096645675674,-0.0081764398556426,0.423152942057754,-0.295322601101895,-0.175093295763971,-0.192382052611086,-0.21960352930173,-0.345889947438108,-0.116757340543929,-0.280730001981463,-0.144530603073816,-0.216175067266977,-0.253466216559095,-0.304685180960842,-0.0670950004091543,-0.119565970343968,-0.232869411150655,-0.220335486699657,-0.210014775852198,-0.336628309830751,-0.164498245348932,-0.235174193776725,0.125261009064319,0.0786403862147505,0.0993049351550247,-0.183762435742813,-0.0624034713399884,0.0535851484913582,-0.154970589026925,-0.186800550868946,0.193110697072748,-0.300413335880223,-0.309657756103403,-0.322048584204445,0.0949425178510587,-0.3483651213424,-0.433964126068822,-0.262942717666071,-0.341901767928845,-0.277748083650499,0.270892776385148,0.0755818374322139,0.116785823513152,-0.0635943828031238,-0.0090469382163906,-0.155129675453285,-0.150418347428585,-0.212992352717747,-0.233060822938787,-0.211130621349357,0.290396482322928,0.154139699200182,-0.160974415891601,0.051418135348469,0.116462482715157,0.0483794812805252,0.121999956256441,-0.299947777562758,-0.150282207262469,-0.30807254159741,0.13782696875392,0.0465088667565428,-0.13746441236668,-0.141112001874049,-0.0313032293126932,0.11298004491369,0.379022425218324,0.57825819748472,0.878240494177939,0.0780251180029916,0.376298307296453,0.76977325148886,0.930435450616015,0.907840958427351,0.033796264675999,0.91463731827519,0.23841745610951,-0.422103397765842,-0.401346790603382,-0.13923454397425,-0.173689082635973,-0.165985526479208,-0.226829494857908,-0.13326871372021,0.0554014100707406,-0.0551533357866917,0.283828395106441,-0.112919530890022,-0.329797558810311,-0.0978413416790897,0.440713533994004,-0.0233813950943439,0.0968289612253222,-0.314673416133954,-0.335872730903218,-0.141894308267409,0.095863383200817,-0.22720464963032,-0.0989267540080044,-0.181776753287737,-0.198232700482519,0.104682674973881,-0.200456393778834,0.031094057327198,-0.212811607806775,-0.0577952627502298,-0.0800161302207925,0.0719440507162309,-0.138063721700516,0.0063710453594396,0.0485018549554754,0.0399831087826875,0.0532931643088299,-0.0715935027114157,0.0733671918808212,-0.0839297315205241,-0.284464662203882,-0.408985535655544,0.24373692426607,-0.280123324678618,-0.426736680025582,-0.239636748330411,0.0102813771346678,-0.146374015783908,-0.247640507799156,-0.257783797650067,0.162634229462699,0.0063089148651637,0.0159023300592887,-0.0149522752129686,-0.100565886402114,-0.297555490371772,-0.0744043544715438,-0.367790275817295,0.0418292323133531,-0.331261510840673,-0.0212000844577791,-0.137853058463249,0.0718083958854418,0.0058897622233064,0.0935648443265855,-0.017746889842176,0.0185817209814493,-0.327073519098758,-0.266269681147494,0.383282022163518,-0.115967764175438,-0.229802108277212
0.575852835982667,0.627637118920683,0.61176880633506,0.216519406483303,0.236521888175399,0.298812964021994,0.211548081461084,0.604673452398171,0.119231437436261,1,0.0234293636886641,0.348591967959772,0.789418507842902,0.0744892938165755,0.0433851123535774,0.210777786516759,0.0520019763921453,0.079839723444782,0.394280180820913,0.575962589348079,0.186989025990239,0.238549466302797,-0.0424044695303566,0.0113480205792268,0.300529808064911,0.418580012901785,-0.42216811118981,0.414277935918446,0.146486599204076,-0.0443807146304357,0.105113585570256,-0.144481893156039,0.130726995120717,-0.349557024855348,-0.332062313415574,0.133344593527586,-0.238522540880712,0.0809331935194759,-0.224066369561018,0.0026841282941936,-0.287075570554488,0.257144050457738,-0.12507651401561,-0.444963053166725,0.0592799415283136,-0.132520843671836,0.109756474987137,0.0433519163520944,-0.601501362426219,-0.424260437384946,-0.238754469131242,0.0188409879623492,-0.355547155362373,-0.450194815974659,-0.27137042483838,-0.0575786287986349,-0.220197066416193,0.0994382430992137,0.0349687474357201,-0.094112298827962,-0.322714001078613,-0.14942249725278,-0.462042794126848,-0.251172772279716,-0.361392290549539,-0.639493578281336,-0.499493618972254,-0.299052286326062,-0.0878896483451606,-0.415691332393308,-0.190172720892983,-0.249674240072688,-0.0695879531798953,-0.237415327842884,-0.541080623487671,-0.450862820511278,-0.474216524860422,0.0402348061209974,0.13826527128609,-0.229979134309531,-0.0735063689318516,0.110598238803434,0.608955391387016,0.449305398723846,0.653375888118463,-0.0012010145779647,0.839832944493406,0.18697496979777,0.250869637351055,0.0531480829776129,0.123306020517634,0.82119186070921,0.0814769575345367,0.867598240495795,-0.0771155894642771,-0.277735243853778,0.278612212497786,0.0627301336946932,0.128821257581228,0.143990081081344,0.282751609536099,0.0792345850529939,0.316094816166178,0.526915145910132,0.228817196037784,0.490754125285023,0.360287897271937,0.473951429184401,0.16543833610921,0.376582993854371,0.25571143692057,0.342890224468943,0.0257912238750358,0.348307623305575,-0.0746783708577362,0.374816790831256,-0.004484163995713,0.434053015925783,0.0668451352035701,-0.231695663639156,-0.141215752002118,-0.563303217973098,-0.22053911912435,0.0973339339214008,-0.110225678158197,0.0203168966038449,0.0767699530555429,-0.279985859781257,-0.100516761561835,-0.111814909311773,-0.055305866398427,-0.0930106362349722,-0.225969590925291,-0.590602019514304,-0.277559850547039,-0.417998158953629,-0.466551333977495,-0.391216830425044,-0.246642770632205,0.195414746899926,-0.337783283521956,-0.424382881405635,-0.398825175084703,0.0406007354479105,-0.128435769861339,-0.234692019528992,-0.401277322518727,-0.684688182034013,0.151014215971816,-0.578768136107337,-0.549170978961774,-0.285293162139638,-0.560931974043112,0.168631849393374,-0.429441401133491,-0.156966952555185,-0.329871032014371,-0.379194190417094,-0.238443047994536,-0.426863112679413,-0.635460787039963,-0.532071723760549,0.0654518852956206,-0.128983352904717,-0.204158664313384
0.578132941803978,0.257197055728745,-0.416460045701733,0.749672010997314,0.843476163272706,0.113813097851612,-0.162673283918691,-0.204766995687743,0.836111337159061,0.0234293636886641,1,0.737305969288898,0.387199730110112,-0.171707847238401,-0.25857582633906,-0.283026706598521,-0.262062500648254,-0.0868018093041012,-0.178420466450232,0.412944068831904,-0.205958172209471,-0.247075800054163,0.0158537490945503,-0.0660097005681147,-0.363342628191169,-0.330977856473607,-0.413840084093202,-0.262602360772867,-0.141720432185491,-0.0861693426601712,-0.324581295986609,0.215386000429129,0.0318722184018062,-0.287655759509436,-0.18987680483973,-0.36431479930726,-0.0795949276359546,0.0036501262937372,-0.23178233310529,0.29915561818272,0.11819248506903,0.166292369343022,-0.197519932490546,0.170961501144605,0.290379887598192,0.107596465682181,-0.072415612076124,0.244059291562976,-0.339617277445814,-0.203055499237541,-0.39416747072548,0.214477398775682,-0.44714961677698,-0.233893254718899,-0.452001915706644,-0.392080059259069,-0.406865419090476,0.629650137816278,0.482032056649159,0.268527343180677,-0.145389436221192,0.117176806452308,-0.0205392425791111,-0.199138549403974,-0.120116181402942,-0.201958296916501,-0.131979939449185,0.395819299104428,0.0833241240313394,-0.234738260542159,-0.271750370813506,0.291727287676464,-0.0111336946700478,0.400168404362763,-0.35275069089165,-0.0572859883576902,-0.240024311455649,0.313666202360126,0.198051764131263,0.148403093595571,0.121873712787106,-0.0946944745400198,-0.0220886879104206,0.258780894107067,0.322166243367774,0.748508526342853,-0.0555928532188174,0.160142477859227,0.699404865191491,0.704188443939252,0.756253657416136,-0.195189501610148,0.869486347789183,0.0686088159024316,-0.198245822384325,-0.133918852416429,-0.0781328132348649,0.0686360435763423,0.0127088028854221,0.0143144151921587,-0.169355706931297,0.341097384785132,0.119084722013616,0.322948084530193,-0.0606062515445446,-0.414086958647176,0.161614876949278,0.508222144513579,0.172872754058886,0.116417890386212,-0.42590400953651,-0.494466330992018,-0.073722685947897,0.273194366015356,-0.262591828483306,-0.0344487658773558,-0.269996749663887,-0.239968684006133,0.117252460261934,-0.130276123399843,-0.0160464671449967,-0.0768243651124128,0.240198963486071,0.214061600149457,0.148803652913604,-0.0501650114971017,0.177519311800187,0.0453213041221433,0.229760749731509,0.257563565565524,0.24227652183139,0.190091049819245,0.0626291054247722,-0.0729979628957329,-0.455996981528019,0.339527692992354,-0.351898657578137,-0.250251535660855,-0.337991746670523,-0.146434688948079,0.137114238424716,-0.211517862665741,-0.211177127947846,0.578864294148653,0.46057108189306,0.182480558917962,0.203885149007207,-0.0268744835438801,-0.354253792421238,0.155637567582785,-0.226157547639146,-0.0323561582780362,-0.302035552389813,0.0852423720170104,-0.074000900354429,0.155619211011371,-0.0849760387514734,0.280801875049644,0.18118739716453,0.0238691618744395,-0.246905964722154,-0.215313421341786,0.31048485507941,0.0573390600640113,-0.0116168722714804
0.757176881632921,0.664044816572449,-0.169088336954852,0.834243576551187,0.703210163472551,0.540306380919175,-0.288685348707918,0.295263708817571,0.838566657429691,0.348591967959772,0.737305969288898,1,0.766564675654964,-0.291677028919153,-0.395815032791968,-0.276170874644235,-0.357346880950293,-0.253941116067504,0.0176599454966538,0.46542350617722,-0.274168247803123,-0.221307824119652,-0.420513222974738,-0.360385660393289,-0.198038622715921,-0.080525133214501,-0.334481147779817,-0.0349378551253113,-0.297157197706096,-0.424865722212925,-0.459035892738548,0.0159014495348508,-0.233128744934992,-0.44079040439752,-0.416741038719232,-0.341605105914786,-0.372673242730951,-0.207451540319991,-0.33176772571251,0.0571149537081573,-0.191570637485129,-0.0085952886751592,-0.284941395542878,-0.113506567595408,-0.048544662343184,-0.324685968596908,-0.253831610686141,0.338513249977073,-0.364778591541039,-0.288428251554565,-0.493496097885358,0.0665673098527433,-0.36997488520015,-0.425024012905157,-0.373060765930191,-0.42719507798386,-0.367174229373483,0.375025169656204,0.128716261201735,0.176881508510769,-0.0923806543722143,0.0456246236062568,-0.206228851881056,-0.202408727617515,-0.345639813504287,-0.392938801203097,-0.22281211507301,0.154269445024052,0.091429360670072,-0.342000077350982,-0.079782587953797,0.124665455030798,0.108051287928473,0.0458030291314035,-0.409508978495448,-0.197511666628747,-0.414915460994873,0.0384088731262354,0.15468047135772,-0.0336526057745288,-0.002799448555072,-0.23678296993427,0.2162248282385,0.303359169668324,0.719739147365005,0.783023268156101,0.206096983424056,0.499678948122375,0.675059953377862,0.83366050682507,0.782560789117596,0.164023517426731,0.853783708854456,0.401381253710164,-0.41660689608324,-0.3756396906817,-0.0140606404863531,-0.0271462760490658,-0.0884654655475699,-0.14454453205566,-0.165072425405185,0.0119316141513141,0.0785699916868649,0.318141785829339,-0.0205049371118536,-0.157003037217934,-0.0736165550033976,0.455541643219848,-0.0649179721819545,0.156593483350108,-0.248480018626542,-0.193423670067924,-0.192876673174574,0.0812552858839274,-0.268020809340954,-0.13217166777414,-0.163057605114274,-0.134471269401755,-0.0597161172645316,-0.313346144738937,-0.053341506384086,-0.247501712139599,-0.0275988889708729,-0.115914636430349,-0.118946458205862,-0.317304020572989,-0.0786057290987026,-0.111165793438194,-0.0504567051700083,-0.124026942743575,-0.19124707133324,-0.0670684423754547,-0.170192177107055,-0.295927202386007,-0.417076351328745,0.0728389046712066,-0.270752858149362,-0.39529328555436,-0.258009090704753,-0.0881019794220031,-0.210943708686828,-0.274911296186352,-0.198764722288818,0.219177876921499,0.0889515126242664,0.0203093838551295,-0.0835242507116146,-0.18857130249713,-0.35216407399425,-0.0998588823632943,-0.345448799764891,0.0447449259781944,-0.312717708955461,0.0478093615706638,-0.0957368208323556,-0.0220604871639598,0.0040943364050796,0.138564536134265,-0.12630208394409,0.065180867925868,-0.401910623610967,-0.318618427601238,0.188206700185583,-0.0667833692933444,-0.248860319429791
0.780640042671926,0.78409043177533,0.280189062499461,0.603828480004685,0.506926836404142,0.532038065924133,-0.0772638420457804,0.581744163880923,0.541930697842411,0.789418507842902,0.387199730110112,0.766564675654964,1,-0.0911098992455656,-0.110576459458823,0.057948760280109,-0.105448261148524,-0.0585087004759495,0.319770781418282,0.629384911216311,-0.0336745428701044,0.0714224054309636,-0.26332908457488,-0.187847865542331,0.104596161326808,0.204555800283384,-0.493706095059708,0.282277541228728,-0.119848356484084,-0.270525468822588,-0.17980985898586,-0.139625489108354,-0.0926794052710872,-0.33794842349901,-0.496617244615048,-0.051379835242249,-0.29724714512465,-0.100950013427348,-0.363559802238431,-0.0222721102447392,-0.318717920047075,0.11104095755864,-0.141887559468956,-0.315661431377723,0.0093956020631578,-0.393123363576963,-0.0059628487264757,0.222868694834782,-0.629389087266221,-0.488302100127583,-0.457354264156178,0.0219175353484358,-0.505569246667694,-0.558069915728109,-0.407920769109436,-0.275866227793102,-0.407693482885447,0.183079038651838,0.0316775756577787,-0.0980714580619509,-0.164094486049113,-0.0369618504338081,-0.394982341147119,-0.134463856174852,-0.425110262980473,-0.6305850451014,-0.48567838836387,-0.135567574779828,0.0154199130458186,-0.503260389583274,-0.0636256566868727,-0.152602160122277,0.0313120442457377,-0.193330040197988,-0.642478872060573,-0.471094043504075,-0.591710572879249,-0.0054108615609963,0.109871129998111,-0.240373262666394,-0.112349642078144,-0.0885372417531592,0.54693494717072,0.439487804494763,0.815039451444067,0.418208259595884,0.679340438861181,0.403112355386966,0.463901022287797,0.509344650364865,0.499718988103568,0.647443520853862,0.496712877656044,0.840222640456065,-0.250981357020901,-0.319696740379564,0.242432247486502,0.0541021957377775,0.0647248477613002,0.0336944490498445,0.144485874851185,0.0476171745306966,0.226655052491994,0.51107755515787,0.11844103128739,0.290637191624568,0.172231797696269,0.523500613263891,0.0388995654246255,0.357027770570563,0.0985139771003356,0.197501366884102,-0.169427332333544,0.220798691341539,-0.21035789116276,0.117681904544886,-0.0323327389504113,0.263380802535904,0.0294991738517597,-0.316247408174686,-0.13980737930347,-0.518056046976271,-0.124070462282895,-0.0575789069552688,-0.0749284712588139,-0.190067364501942,0.00292043891076,-0.297947982841064,-0.0906317385634411,-0.156177987612149,-0.266033331267702,-0.0019434418301624,-0.324458812802293,-0.581392713145917,-0.401089129647679,-0.335813195047761,-0.382480645149474,-0.459581553098625,-0.314123559494063,0.0809840618519255,-0.304427366696059,-0.473445599684913,-0.416982179476516,0.0828841590804491,-0.088640520508164,-0.178580486763935,-0.369668380040358,-0.50110303842524,-0.193028094708512,-0.479664294395575,-0.560894313335883,-0.0770482588166167,-0.541234107377941,0.141540845290523,-0.367787919025583,-0.0727849713367049,-0.252921665727579,-0.200151185633118,-0.276182953178173,-0.162584828953923,-0.652864173151815,-0.52135271464473,0.101776206240415,-0.155489515338371,-0.300572390458723
