1,0.445361347921453,0.124906191238415,0.576481436706865,0.495793532199424,0.0808602851514406,0.0983299109575398,0.034472845592339,0.495558316461627,0.191654754438553,0.384303608634017,0.552698561776675,0.497441886899638,-0.145999875581435,0.0189427009538577,-0.0273942042831955,-0.271071263733441,-0.107978942595613,-0.269418201316075,-0.434511290066295,0.0074912408386977,-0.0527247275613364,0.130344843827212,0.0287092819241944,0.154663656934811,-0.0086308043779851,-0.196714378141564,0.325323219311528,-0.268654286812889,-0.0290707825452489,-0.129809304728737,0.267962697268672,0.203332300213519,-0.135417401210511,0.106626705942128,-0.420034789115884,0.0104948497169968,-0.391434584359112,-0.158611951568933,-0.285343570687242,-0.0464279026575075,-0.322145277066881,-0.362410734499274,0.145951542118788,0.211162916599161,0.335066856875318,0.011831478378192,-0.088929086041875,-0.320864566644222,-0.118896801486569,-0.213406818428026,0.222303712798717,-0.124094950365586,-0.0938632413628984,0.221921513939278,-0.187359372728704,-0.286915185336256,0.369268209020675,0.101730136929392,0.264514950422454,-0.245075561384694,-0.262360305428028,-0.299102327948769,-0.431970588919948,-0.0766244925575003,-0.125701832181078,-0.382697061159992,-0.0928140281455871,-0.0077799608373206,-0.0708201792274235,-0.0792430256338936,0.0799115563567604,-0.131909790159734,0.187116745982532,-0.124103204554487,-0.273176889947993,0.107587585862141,0.363498648298975,-0.211763187438855,-0.297853912991008,0.0506162220156658,0.393883159714681,-0.0330240740668083,0.625210399199321,0.659809473715533,0.655414101532155,0.233497239362899,0.201908348598212,0.496957885567881,0.54405813684521,0.450004271382342,0.121743452586907,0.374168490097978,0.241396341218288,-0.0302400292480257,-0.0310986553497801,-0.28942475384199,0.113507027643349,-0.280966639143649,-0.380324020399982,-0.185348318060408,-0.0292328727038984,-0.308016103727544,-0.435688367080438,-0.0596497863880867,-0.223580046255206,-0.0754830503247819,0.0463426212962991,0.0512939219687239,0.400940618160118,0.225677829075547,-0.0956253044776719,-0.0767369695015771,-0.305153718293119,-0.292244352853752,-0.0013742393078806,-0.173224041657113,0.0814293050382229,0.0424407091690519,-0.0177942552095938,-0.307630424386902,-0.169835954342878,-0.252508301921815,-0.040180297461158,-0.527193352396435,-0.355220366517492,-0.231307705544463,-0.151829794195853,-0.42990325746969,-0.0007346633139592,0.298227568106879,-0.218658634411352,-0.101910863636588,-0.280242418926264,-0.305486994113748,-0.12589215917512,-0.196822594230954,-0.214120665509551,-0.237901371185531,-0.125306511008624,0.0872262058072468,-0.132956549034102,-0.294080294398739,0.482249353016849,0.105472522409711,0.0538868005128119,0.102243490905137,-0.0667379883042007,0.36850170310864,0.169392821038266,-0.263607348171126,-0.198251208176009,-0.340539614103223,-0.358424469843819,-0.349297919248519,-0.181798343676094,-0.118856955664144,-0.0191165796197251,0.215666716811968,-0.195110890195795,0.0470272065494651,-0.171385230161992,0.319746249494677,-0.194734629029993,0.202855226093688
0.445361347921453,1,0.191192161309285,-0.1070441990163,-0.0559383925685207,0.491184068276857,-0.0682594729491179,0.730143680415088,-0.0613171689103221,0.257891242176298,-0.244362990127148,0.185353071028045,0.678541089763672,0.141720406488665,0.183642655809894,-0.0561782436881994,-0.0731830732297413,-0.16928598070471,0.0681521446149074,-0.204890009747539,-0.294213433860683,-0.240828252644168,-0.260493137857068,-0.0216471759644312,0.0335388218399912,0.260329820315096,-0.170976956865393,0.164209926778476,-0.318478652785245,-0.166779970843744,-0.135507955283789,-0.0484698858758467,-0.0158705190131263,0.0543519535060731,0.0795810374579101,-0.048194965803676,-0.193977160145275,-0.148275263216351,-0.110797414632608,-0.134356774122561,0.108903134549624,-0.0324544596002616,-0.155025781134874,0.291092305132701,0.201548691277289,0.113681812337275,-0.0255137999538715,-0.121831591039753,-0.0759113896828026,0.0069431627684847,-0.185696091978924,0.444985715748703,0.0551645414230166,0.310964396567855,0.470722398627586,0.111635864850532,-0.114613549403544,-0.0811382494819293,0.367906128560751,0.274237342842706,-0.226867146486363,-0.098404949592722,-0.0287776360146586,-0.14631131075715,-0.066094291565372,0.0700791962420926,-0.187079852136927,0.0692918643226906,0.283709548145089,-0.133799596979054,0.0040942475850095,0.173866906094969,0.389870305429304,0.162980744683984,0.0418270892010051,0.0997976250141834,0.430882942079665,0.283374712899413,0.0967439112518157,0.219507996220234,0.176263974537099,0.157260594147911,0.138008458516888,0.282827417739214,0.873643111679629,0.120922876408785,0.0094456796902354,0.730371027829904,0.0524845671935654,0.0419624403841746,-0.124534453859218,0.382677641428835,-0.312184785506642,0.183088117715007,0.172848128109439,0.173069503222656,-0.20789003516006,-0.074304432954272,-0.107866229075476,-0.485873806269595,0.134643290994572,-0.213649216764664,-0.489020612387735,-0.385082231810239,-0.230351373683015,-0.273487143680012,-0.237991441446951,-0.156939501740676,-0.185037465172897,0.0206990434882325,0.104828014945163,-0.436946181150083,-0.233697290982023,-0.535827117069938,-0.511941104424535,-0.437032761999918,-0.0606042533782201,0.12715657813846,0.120057694442403,-0.156393315624079,-0.375628787204152,-0.177302467741168,-0.11250781049751,-0.326417431919564,-0.43213181701388,-0.190708376399893,-0.330729465330969,-0.152442444771736,-0.229204112599883,-0.0711456198082371,0.0088382130643805,-0.259819387647457,-0.0868406129085053,-0.0641089802153986,-0.410593615647545,-0.0018312130253717,0.118455999113801,-0.194249751085487,0.0496779580288189,0.172484765534553,0.112123614265394,0.0001486450126448,-0.0946227476480159,0.0517907044304526,0.349683126638341,0.317959988937395,0.0149701344093881,-0.0723162613484438,-0.0312959861404055,0.0911308298496511,-0.0803321010724849,-0.127171052911269,-0.103869175054396,-0.239367076240287,-0.124163111475313,0.0171974495271905,-0.178221141249063,-0.0043320563436316,0.0780373091819106,-0.0263383746440419,0.0238126494024377,-0.0364603294435092,0.111572895652186,0.0256913233683557,-0.116754511903342
0.124906191238415,0.191192161309285,1,-0.272528950439607,-0.175550985150879,-0.401330836363791,-0.132212340566344,0.0688679596766081,-0.239976673301878,-0.110374906554624,-0.29724682997615,0.0397293692343225,0.646737506986687,0.163369355162081,-0.185382651755574,-0.387376412419053,-0.1475553055195,0.0586269278159731,-0.259489981863872,-0.395405879669431,-0.412554372776329,-0.254859368461125,0.143430976764261,0.325044546843732,-0.598792557472192,0.296521290463411,-0.0685401165976032,0.866774835775149,0.491086903901882,0.507303633216671,0.636856593962867,0.162477419105927,0.45922948642953,0.0737859879186593,-0.16238637559816,0.389257871513383,-0.335678555263166,0.282861635056236,-0.314401358603837,-0.064461501518971,-0.362526841073818,-0.182921013698534,-0.197420746908914,-0.205783296601762,-0.174859682012019,-0.386560767500489,-0.568544782789748,0.417455724095953,0.12330411772653,-0.363401890169296,0.163818530798529,-0.0722752895839898,-0.256560300941128,-0.179098934973922,0.0571502493994282,-0.0955070342613914,-0.376891283138397,-0.460692906943346,-0.370226493329805,-0.0551914067772331,0.394289330782942,0.411710116513423,0.291644084893809,0.193719746296601,-0.126625040918589,0.253319011844127,-0.0766364801993695,-0.254897646936712,0.143233314893354,-0.148494451526169,-0.131906137800764,-0.0907649532611076,0.280891128976226,-0.305978685876476,-0.18752379115782,-0.0002602758716532,-0.187002090077488,-0.0515130460899856,0.240467472879355,0.253219589223181,0.0315342102730447,-0.243734702389682,-0.12264765477745,-0.0965531468473937,0.124071723545282,-0.105201366013511,0.736594197692902,-0.250784709979147,0.0327671791341156,-0.230335077175626,-0.113070942838013,0.149900848846973,-0.190966922641255,0.70461782110529,-0.045200938016871,0.0490623248933178,-0.389392921897625,-0.349960572817064,-0.373327286251974,-0.241747177260739,-0.335019286736752,-0.53670602283154,-0.307614053627685,-0.493917895172132,-0.353783616546094,-0.434727263746484,-0.0117614670839611,-0.26230460129303,0.195024280402954,-0.369150335599353,-0.270293406528899,0.458788651158554,-0.0043441358648035,0.404352356350659,0.0110329273020357,0.440156314967963,0.0464813725168473,0.559257026995634,0.218759280932473,-0.163559803329718,-0.0601117819906388,0.0103775127675661,0.0579409117100051,-0.0698473883058063,-0.0037068202094508,-0.0129646792672043,-0.004381358777248,-0.386022796730951,-0.187150640420077,-0.282605186755098,-0.371937903517465,-0.383231568796769,-0.199635411423374,-0.0484714451037071,-0.287818142501933,-0.401870196569512,0.0984328047974609,-0.152963717917548,0.353045287511222,0.0610896858646902,-0.169490595111896,-0.0960681441697844,-0.119890241277688,-0.274182268255632,-0.245571843709096,-0.09443594914675,-0.422605608893613,-0.262330449707137,-0.112403194704839,-0.0437416785992077,-0.102831291905125,0.401241406584362,0.0931253367562766,0.268633224061007,-0.0231093012628965,0.231459401206052,-0.27942846950037,-0.256551459429645,-0.0802621295411862,0.334191949045157,-0.15756536657367,-0.248355711560974,-0.176327393052901,0.119718125975345,-0.184284458883464
0.576481436706865,-0.1070441990163,-0.272528950439607,1,0.857619891674168,0.253693819863883,0.193796246325438,-0.287405202586971,0.889621739402163,0.100703263998492,0.856918429873549,0.650561669433016,-0.0813804496808975,-0.0656200287636111,0.278955770900277,0.358655817418591,0.158655068989293,0.127252610242265,0.0798887788811523,0.0652749128733878,0.347284867431487,0.501434197170321,0.201442401300884,-0.123954332733369,0.143359975159527,-0.425815237271958,-0.238037766692559,-0.0893935453829615,-0.155908898106776,0.0503283353911238,-0.364631616547892,-0.0249904129394886,-0.0688365571342386,-0.335596479408301,-0.0553115642666067,-0.497551560705923,0.212516156871376,-0.416080458518512,-0.238018138297349,-0.0717102937761726,-0.0798566751903052,-0.0283186276274317,-0.303515261916763,-0.173818627799807,0.0268844665151303,0.239991542722005,0.116058467369947,-0.189917332809096,-0.428713232413412,-0.149985794000236,-0.293302510032043,-0.130686689108089,-0.264081270634231,-0.395864840147046,-0.220655119012763,-0.392419292254438,-0.295221276566652,0.644353808257064,0.0581232168355856,0.137238575279272,-0.156167775624017,-0.227408943774794,-0.269586164147705,-0.369411511098862,-0.107819233100976,-0.222795683417375,-0.482394545350023,0.183454333800175,-0.0704170809978667,-0.0287576951174912,-0.11297609715801,0.146951549212778,-0.392135300295859,0.323556683522539,-0.071889219406575,-0.496675586636615,-0.225476695630017,0.403920162391909,-0.171304012569191,-0.320928868455019,-0.0979665151446191,0.151942168010506,-0.358505141584693,0.26132260470315,0.138843049344202,0.895330527214606,0.0743011524355146,0.108086336529377,0.737524998045829,0.854883234289526,0.779995763312601,-0.209769401952364,0.781957120037534,-0.274271392226938,0.187614247605398,0.112885227869912,0.118765672344702,0.447338194723289,0.0755184233988667,0.151481858864957,0.141172512566454,0.205430375998972,0.173542989643674,0.189192821569002,0.114145092469804,0.179516603040209,-0.12386193156569,0.0828296681766181,-0.101035441474358,0.40510187735219,0.129977195939113,-0.188295228353562,-0.0533056031415357,-0.059175852432187,-0.156562675841806,0.141152496363588,-0.341988237772347,-0.389118356568991,-0.312494437901925,-0.187534080790007,-0.242109651188806,-0.0675073029521173,-0.131100004865907,0.0087955327005831,-0.392598401801056,0.0722805884288889,0.092620249395637,0.0384229893038318,-0.0336988424226279,0.0239921870115322,0.255316691629722,0.0783503568326548,-0.160349124881711,-0.47598128584292,-0.207201113323574,0.0338736677051397,-0.511721818978803,-0.291054412496206,-0.558028699132014,-0.458063291713093,-0.163698634511355,-0.463266824450315,-0.430583004039794,0.451599399845568,0.0643375362129905,0.126075404150884,0.288998457740346,-0.0895242943739194,0.0814727809107058,-0.0628118702538643,-0.334967430513165,-0.0918823729223559,-0.387250036973339,-0.166961233109606,-0.355841074314838,-0.128745298307243,0.0097627502180327,0.227589768598789,0.238594831110252,-0.372032763178266,-0.143202123071379,-0.391619370861836,0.310267612875246,-0.160242151471763,0.128759770663883
0.495793532199424,-0.0559383925685207,-0.175550985150879,0.857619891674168,1,0.292836738835456,0.0951011205883388,-0.208437538802203,0.837685439159459,0.0735067748615883,0.78929289317769,0.640993754710205,-0.0200457950604133,-0.106606739174901,0.172724594960936,0.288433502041728,0.0907021931585968,0.144170939105946,0.107918512829518,0.0704420255693518,0.105721675060712,0.365202340277371,0.132259816004315,-0.280208644910139,0.0893083231830893,-0.526394553675305,-0.257385064745268,-0.0490316366401849,-0.180604415517153,0.0050070015858751,-0.336628800676929,0.0421274035492937,-0.108579876836593,-0.364618025449085,-0.172671709521081,-0.567287533244093,0.0922274767580426,-0.457805312497725,-0.20333691809073,-0.213054898520591,-0.172276568133982,-0.0594482965550573,-0.378535780038201,-0.215466178680718,-0.17448211871259,0.190759469450546,-0.031987329581519,-0.253642127132315,-0.326758235433408,-0.0330831639467062,-0.260849990215588,-0.239103124554084,-0.209640293496028,-0.268343175175638,-0.310611522065416,-0.338563298776367,-0.251049796307632,0.714844850648554,0.0786534126187758,-0.0547494606094996,-0.189825868748149,-0.259713690022909,-0.248733557976174,-0.260785612146258,-0.134130071176386,-0.21029183076366,-0.363827527417418,0.20428424444321,-0.169223148504107,-0.0674499422585696,-0.147713158027676,0.0131394057741636,-0.418566842460474,0.178603550136051,-0.118345577273465,-0.423378611441051,-0.3395846207692,0.324681309173061,-0.144792631462228,-0.324213588024527,-0.0861061916883027,0.0452194570914786,-0.382266377185884,0.303189464641908,0.165826772767256,0.832877385436027,0.0772889556436237,0.118741596264272,0.856034961592374,0.812496039627033,0.835583722356609,-0.21624131511032,0.777754214019901,-0.143947172140121,0.109225582142856,-0.0284096416039381,0.164973916431576,0.398001827084344,0.0335512185552217,0.209413848249501,0.120531906071575,0.202317163254602,0.235838233973454,0.210674374952759,0.0746470399989958,0.226801634412995,-0.0229050129003152,0.148417739482904,-0.10256756407938,0.364672609958416,0.0638558503908174,-0.2691372042035,-0.176549359782147,-0.108095682297087,-0.0896074270488748,0.159015477661182,-0.140017707042031,-0.246680081832494,-0.207294150069418,-0.187418535615578,-0.308166409657086,-0.165255172170011,-0.166194978206339,-0.0844162653377986,-0.379141638991062,-0.0491876742308396,0.01318753972374,0.0204730800338311,-0.119596684385575,-0.0863618979080437,0.248049590347212,-0.0051866427352256,-0.189813650426316,-0.317332486165161,-0.13854023195562,0.123388672693029,-0.466532618659091,-0.262419626806064,-0.546528526845044,-0.381209103448033,-0.118710743023048,-0.420909914736992,-0.337897239934449,0.419774748174238,0.155358889916975,0.0748557242969526,0.274349740647939,-0.0328572944489482,0.110448525450454,-0.1328820079571,-0.281324905749075,-0.137648267084562,-0.347873943717464,-0.241489215307413,-0.245798876079871,-0.203279881835523,0.0740469898476506,0.181761334273287,0.133000617581258,-0.334796226843669,-0.165558786660738,-0.370653491521381,0.245107603689786,-0.0794899119095889,0.235056072249545
0.0808602851514406,0.491184068276857,-0.401330836363791,0.253693819863883,0.292836738835456,1,0.0282921520544835,0.463723609504983,0.420395411882147,0.0959762964254146,0.256134709770849,0.354467496044409,0.0356223295569509,0.144913769015066,0.449724442843886,0.47884602306989,0.209955507249585,0.0884542523323845,0.442662593726563,0.287316551561526,-0.005917808311123,0.273695066445412,-0.111257613523195,-0.198912500297229,0.281331343871067,-0.13418345075083,-0.157448161688625,-0.35792531616533,-0.374336803965277,-0.225825890997633,-0.488079779300478,-0.176240079919183,-0.200855534136037,0.009103801122377,-0.0102719165375387,-0.221488467181673,0.175049861885815,-0.200458019253476,-0.0669558040803846,0.0948641407984358,0.171411983327757,0.231876081816835,-0.134595486571768,0.0639344135973859,-0.051371059009686,0.195056339028794,0.0816837379333665,-0.27885754210025,-0.385011297838765,0.153791665729434,-0.285789682314817,0.179290903911194,0.0237431851072458,0.133038759352939,0.168905300250063,0.179310013939262,-0.010173809405637,0.32283380880755,0.426747933342663,-0.0174893861178426,-0.316057099278386,-0.201351460084335,-0.174405519662864,-0.105792660510923,-0.0172551769773928,-0.204449494961093,-0.260413342689133,0.261794195140897,0.155569891690785,-0.0522930716400128,-0.127484882814978,0.141350085841282,-0.0340843538577743,0.224241589376271,0.0255395189607528,-0.156311825885168,0.228845438819265,0.329066622825677,-0.0283832940288349,-0.0129388628206675,0.0321621219148783,0.0208364991522695,-0.118324834779137,0.0508762554058065,0.364868061982984,0.255391443240799,-0.447681593927119,0.85762607502721,0.212525102884016,0.44718229578532,0.200502444960791,-0.075191852477271,0.0956106424525897,-0.431894076359495,0.348414923977256,0.211429266945907,0.340291258237436,0.278987733922401,0.18807814995688,0.019443160840122,0.455211392506065,0.0771783148765713,-0.0111829960793079,0.231739435449659,-0.0303011364480231,0.229211222287345,-0.184472212038139,0.0400058795146279,-0.316328862307119,0.115038013116997,-0.001430458671121,-0.713587820047449,-0.307246932547442,-0.475683215589644,-0.412418683206362,-0.472938615916746,-0.165135732484036,-0.410997915699483,-0.148869607450545,-0.128971230043427,-0.484716648445726,-0.164291537459583,-0.0920960824304673,-0.410211105740822,-0.463176414291806,0.0226961822781063,-0.149708545811295,0.109699518014859,0.0109461304494631,-0.19970536864185,0.138532981269976,-0.0808982387863663,-0.170249602329204,-0.199532336916221,-0.12395162218528,0.271690755632288,-0.13012279130466,-0.100910294582765,-0.303149262728289,-0.0336333777840842,-0.0231354374571969,-0.170699907805746,-0.0838795127269052,0.16977117894206,0.410983468363268,0.251198550911471,0.229090717660767,-0.0434576538104488,-0.16165832287202,-0.136431572772311,-0.0800578887280017,-0.180618074947655,-0.0721626051701494,-0.198376279617734,-0.103317148024546,-0.0690205884901279,-0.0036620927517306,0.247931999541954,-0.0436786488609823,-0.274675574096674,0.0131041535671986,-0.0143073373918472,0.163107100851378,0.0757451358217604,0.0111747042030689
0.0983299109575398,-0.0682594729491179,-0.132212340566344,0.193796246325438,0.0951011205883388,0.0282921520544835,1,0.0660623392904233,0.144154358910357,0.797826400334175,0.11978586612873,0.103304456535163,-0.175155102202501,0.416661831634467,0.58239904194874,-0.0531720398912212,-0.0167957477094533,0.179635616220343,-0.309278307757972,-0.15753395390569,0.125898829937358,0.0955168482059821,0.177845623981242,0.0013768926076839,-0.0529618164731688,0.475450520178503,0.56055952564385,-0.212390532414186,-0.100741871781622,-0.160959333925623,-0.0470930379150845,0.0754555887689679,0.248688875981889,-0.0274602869344503,0.0619909840662018,-0.326628121405491,0.49170893976572,0.114338857154497,0.158846462154891,-0.0188280104520808,-0.144128631186447,-0.402771720749843,-0.114382461341227,0.0298852240527623,0.0869641217441116,0.150101139848006,0.089685998738116,-0.259880258349665,-0.193066419999331,0.0275930328260518,-0.0400709655003998,-0.0168031648622201,-0.0329102766256361,-0.0882570206345938,-0.189079733969517,-0.305832735643303,-0.205210795942766,0.12822842819526,-0.0144505889560762,0.207253576513276,-0.175157735016943,-0.0274104100847697,-0.142846482038616,0.0135564112443918,0.704421254752346,0.0586037548320671,0.116140495128825,-0.287344126663154,-0.336651497593289,-0.253167386022642,-0.17675547441706,-0.174444840034103,-0.224385450446123,0.0436963168659946,-0.202622200277692,-0.201708821406139,-0.0018857938844878,0.0062949947277059,0.013320321231438,-0.203217414205065,0.276963254172571,0.052099652008294,0.170955166643838,-0.137637848758862,0.0101038627426969,0.120375414692716,0.181937911094213,0.0811361535767115,-0.119429569840167,0.177244191048567,0.0338240653036764,0.515806165573321,0.0865413575288132,-0.366144152816398,0.493076876102035,0.610191862837186,-0.143197024927676,0.317465186864419,0.0807113236079042,0.162323233931552,-0.233660549235841,-0.0389987775771942,0.244295253573709,0.10366925163376,0.0853104737259458,0.204078065884798,0.271650364231936,0.131995598201165,0.140048268484718,-0.119430111562252,-0.247995720333595,0.170963440337692,0.844902886481158,0.223729840312971,-0.0730103168524469,0.0661025707776326,-0.33193185942455,-0.396274615107201,-0.301365965139382,-0.14734082257608,-0.0680470330213634,0.431525674482083,0.380117864097214,0.486176124922719,-0.0728659890257957,-0.264455170947895,0.18071086674616,-0.171182023924117,-0.0872360358261475,0.0304288115495187,0.0301200966208651,0.244245961139524,-0.0148705393123347,-0.327355004653091,-0.182211021398462,-0.269655567005302,-0.323512883646417,-0.290473365221084,-0.283179540581165,-0.50413993641816,-0.172493074885655,-0.274234554374443,-0.300266006834621,-0.187038891332318,-0.214169468229868,0.0028711862582512,0.0066150423544944,0.0111301337743016,0.264116548494719,0.251640523783296,-0.150906049892502,-0.213603713258576,-0.27531993874001,0.166157799438734,-0.363948006929167,0.123408551826292,-0.204282294334543,-0.243293658981477,-0.0593524551053061,-0.418323464635297,-0.241229243899464,-0.198382527576549,-0.148632305997721,-0.11519691345121,-0.116046382921969
0.034472845592339,0.730143680415088,0.0688679596766081,-0.287405202586971,-0.208437538802203,0.463723609504983,0.0660623392904233,1,-0.252221930751068,0.361072904092963,-0.449758193761267,-0.0864974302202215,0.51289276909772,0.275601638912366,0.256416316749611,-0.162528236417605,-0.0700650348104516,-0.108778879178849,0.0272466025509865,-0.177279937694194,-0.34907240545364,-0.26924912932795,-0.345332059818354,-0.120359314917782,-0.0303648062501156,0.308930822753783,0.0014567644203125,-0.070155834569092,-0.264937792885423,-0.197097415431087,-0.248933422750548,-0.0856811754947025,0.0150521105496306,-0.0236206683771516,-0.0715605559003971,-0.0861902748639132,-0.0821275725195046,-0.0272243937013524,0.0945027465306064,0.106210937710338,-0.0221424507130147,0.0372225523978355,-0.0381389185668382,0.0600779140739583,-0.0678996341190919,0.0030422987124837,-0.104396193761377,-0.112520936167383,0.121139456293587,-0.0351835322515314,-0.104192327895812,0.301088358338077,0.205141505561584,0.201487174100728,0.376885101195071,0.146495249220629,-0.099175370860497,-0.328884443649099,0.205905332198412,0.0824476665865264,-0.0691744893815113,0.0036764819461908,0.134412454333117,0.0535004683436394,0.0898848181054507,0.163158677572259,0.0674163059493491,0.058914792872479,0.132659314155721,-0.0501578713515676,0.0733777074611764,0.0482000911759927,0.360582398223268,-0.0159618260077491,0.0126342256443309,0.238410100213569,0.215323210362177,-0.0432832884311104,0.173963830799777,0.247978645307604,0.29935224934804,0.0032196616189807,0.0964243661408012,0.0209121268369908,0.513942829098939,-0.12240857458216,-0.0803469153335478,0.703320690777864,-0.183452676883119,-0.157045444264759,-0.256901447845523,0.394716241791717,-0.51883162505155,-0.0094207447560162,0.240437785250616,0.269781879966736,-0.20880723755751,-0.076673236651961,-0.0241337509656345,-0.327333588375996,0.147727589957591,-0.26512157398739,-0.273273520196284,-0.274925722659718,-0.235994074575798,-0.143630755930474,-0.151546508691236,-0.194359148947505,-0.271514625104827,-0.159209905659511,-0.0060806401726871,-0.510089321439416,-0.0813463787235969,-0.381418250435405,-0.333017369954988,-0.463038133035983,-0.0785051442722395,0.0416759065282165,-0.0183078056203755,-0.141728890911365,-0.273304206308261,-0.0040757659940007,0.123430990074972,-0.245966342485244,-0.223339600854135,-0.0358444057749236,-0.148808869666182,-0.185230292258059,-0.0527079964096847,-0.225404875542395,-0.126508042022967,-0.15714854452703,0.0255719765466388,0.20797820444556,-0.152305889221959,-0.0069571869728759,0.257492834989864,-0.0338719321548104,0.268473089079133,0.151204793246651,0.0128948553471694,0.09351694122425,0.113929431213565,-0.240213744123941,0.181957435261189,0.198405349133337,-0.133315180731293,0.034883006682642,-0.146379722354974,0.136335183076807,0.2473306123996,-0.0006933653375064,0.193503928350779,-0.0264267704926198,0.0981076368681413,0.176760810895926,-0.063430583266569,0.0170437661291619,-0.0395715041577916,0.153035296218179,0.0628033434537211,0.190396586674608,-0.171120736836177,0.158048362761258,-0.133817277425899
0.495558316461627,-0.0613171689103221,-0.239976673301878,0.889621739402163,0.837685439159459,0.420395411882147,0.144154358910357,-0.252221930751068,1,0.0548027022190676,0.891344478274822,0.717283762845571,-0.0350115419905106,-0.0621990855665655,0.315583088739295,0.511600070173998,0.191083557927521,0.169953527637395,0.200556624814738,0.116650351887332,0.236971406921786,0.462051677446492,0.156456737884431,-0.179371509328919,0.186887252118418,-0.450446251910921,-0.212008087157772,-0.0868997720433769,-0.194279551663882,-0.0014889792492147,-0.369694929095396,-0.046121461537329,-0.0545260447821172,-0.31540166414641,-0.0899336422301792,-0.406601282428997,0.289661745100118,-0.320430960429419,-0.261404757886391,-0.0391366852659447,-0.0149055667145071,0.0912947271060158,-0.275424006962782,-0.161647496735431,0.009005276144684,0.220367813001671,0.036925087097893,-0.187506474407034,-0.550640379200599,-0.0707449018857203,-0.392562684778463,-0.144917346540863,-0.294611288677132,-0.280183238921009,-0.170765878734607,-0.300510007516438,-0.289314370433266,0.675805240742654,0.137617904952947,-0.0062075332199615,-0.245659802113283,-0.236944818394404,-0.375640342001133,-0.371022393026957,-0.10045545576943,-0.317039038327964,-0.413593361153394,0.115921894043195,0.0198865119015292,-0.107484003982291,-0.298667852117637,0.150194381537621,-0.357341239653429,0.287253749658614,-0.0781853804964372,-0.520527266100018,-0.172522420772881,0.50672522291096,-0.128436094728907,-0.295307780979276,-0.104292036682496,0.161413964220696,-0.48606016315801,0.297094725629681,0.0873796978611523,0.778107406416378,0.0197571587974116,0.216586461237738,0.724408653834425,0.950512046005073,0.811698179381553,-0.327152013972333,0.792718790457831,-0.283627332084307,0.213755295818702,0.0856672793658598,0.240699376105561,0.451205351851834,-0.0036208694913263,0.0843667895973718,0.208764540003618,0.157463709212079,0.0608393932400048,0.1726287606416,0.0145153875007926,0.163910632287948,-0.216015515239402,0.0272496596174683,-0.170862109675864,0.37380208747207,0.0874409862835014,-0.271729616213533,-0.168268067464906,-0.130897197999014,-0.280551745094947,0.0267044448122394,-0.327484275352664,-0.36717153780267,-0.32568351355093,-0.19115967887549,-0.412130706594234,-0.229295928128308,-0.225199300520793,-0.141453935998348,-0.503464618534087,0.0523540352665729,-0.0205776443246623,0.0691836098412457,-0.0758402137396384,-0.0736088704910289,0.25581332173412,-0.0272647011410853,-0.30179979429271,-0.521470480084912,-0.152325759787727,0.0801846535671616,-0.548985561768056,-0.319127655402022,-0.610559776974378,-0.447617843749971,-0.174092631793822,-0.436532212030971,-0.422673179398258,0.474167821849281,0.193462996751254,0.0747545885124001,0.284195688678333,-0.173042865422873,0.0809577070552071,-0.199962310527287,-0.3204232504691,-0.139886503314266,-0.350242122664596,-0.205818458991762,-0.387871721521751,-0.206313361002171,-0.0551269839077588,0.228140806460039,0.150615345752658,-0.367315069509211,-0.121509090050087,-0.3335753756093,0.429749951882425,-0.0270376530161705,0.155112785114682
0.191654754438553,0.257891242176298,-0.110374906554624,0.100703263998492,0.0735067748615883,0.0959762964254146,0.797826400334175,0.361072904092963,0.0548027022190676,1,-0.062410837089531,0.17971058043163,0.10792023433344,0.237209368226856,0.450523198363821,-0.256383408795339,-0.227407568668183,-0.0273229538916921,-0.195243586258166,-0.15686344290448,-0.0388754682953542,-0.0990314960299561,-0.0892084534238156,-0.118580518595376,-0.0135606809326991,0.36725854650369,0.408165984992585,-0.237614390763393,-0.329556468481537,-0.350655630051178,-0.151513006920434,0.0659540157446511,0.194063362614622,-0.0567815311138255,0.0059434771743945,-0.348322536937189,0.331068985584475,-0.0545843382222908,0.235852213631693,-0.177638992363722,-0.0422934972259965,-0.370614362752995,-0.0757277635130412,0.196173911739974,0.172038859578674,0.154033126792673,0.211973027779791,-0.309145127108828,-0.0873649663642956,-0.0024745306070317,-0.200748820208389,0.0064940680524577,0.171348861787518,0.131720341712176,-0.0962348191189557,-0.298640817065393,-0.115515334542635,0.0442878505770555,0.0858918822503038,0.273150296671574,-0.298017378696853,-0.179361718041628,-0.200673990423324,-0.151769379883583,0.541462476780149,0.0764117715378506,0.121611797364739,-0.0802858000752929,-0.272094225245147,-0.0331704569589051,0.0188588988416965,-0.131820751809974,0.0002159283187432,0.134259589190421,-0.0533459663944469,-0.0110457560655186,0.0236919407632429,-0.104769542020961,0.0636797095252229,-0.142909924727563,0.369353641787183,0.0760719064977334,0.254284641031185,-0.037275444633946,0.359126283317412,0.138639059052544,0.183692969618553,0.274165373744442,-0.106952294459237,0.137255336151669,-0.0460515972720158,0.770394533349688,-0.0732062042635179,-0.179984971725787,0.328505582340276,0.387331665959898,-0.376005671781339,0.208307872199744,-0.0194825327474458,-0.236909181967183,-0.0541338113437769,-0.0276595297810889,-0.0144984437368993,-0.0717722562315289,0.0192589097119344,0.070555702585831,0.160338946816408,0.0589238917397669,0.0317806316194884,0.0151668814649309,-0.0491039200960152,-0.0480410201529131,0.633280391279243,-0.044869069028275,-0.234180576794683,-0.156766158798243,-0.270400648008284,-0.237927673687144,-0.200610147387499,-0.237991154300762,-0.10451271693315,0.144016349664608,0.124435866625978,0.353268132042558,-0.0891588394119861,-0.250320789633533,-0.0003756338781928,-0.0903948621264526,-0.157082657544441,0.0513516612436946,0.0030726135461522,0.233666789909582,-0.0107364121994879,-0.288473748489129,-0.279994878718578,-0.0432388510480463,-0.323815701542429,-0.371647232491457,-0.214750403897592,-0.370226002496275,-0.0876525336795422,-0.232907236542194,-0.303050527431135,-0.249163488910033,-0.0918096318233519,0.185388963042075,0.0728092903834156,0.0335286188108256,0.361047905386505,0.222174636895574,-0.147200675265038,-0.322352379470515,-0.25535178765714,-0.0290339685347521,-0.423623195754586,-0.0746477612960141,-0.109770767720415,-0.213426137171965,0.0674284901791699,-0.321886713455512,-0.245096729986064,-0.184473590175732,-0.19953068004082,-0.0535973956364298,-0.064846066109846
0.384303608634017,-0.244362990127148,-0.29724682997615,0.856918429873549,0.78929289317769,0.256134709770849,0.11978586612873,-0.449758193761267,0.891344478274822,-0.062410837089531,1,0.642581758479517,-0.23374960623186,-0.131630220798825,0.187318855625932,0.456386080138278,0.2153779787954,0.234053110841887,0.157861892557003,0.175032715985262,0.350302891600048,0.538172479113244,0.346429676458309,-0.0852893582104903,0.209493716387955,-0.494314373154619,-0.234495856145375,-0.106702032079623,-0.077728440011304,0.101919382948548,-0.250687404013803,-0.0385834756344359,-0.116956841745026,-0.27724292200273,-0.0659226845897073,-0.32715167704787,0.171255718899778,-0.291819512159034,-0.329152034873768,-0.0800610510012633,-0.0692632565829202,0.0180225715896347,-0.285680093461703,-0.145989560979824,-0.0275831478597642,0.182859404721325,0.0785218701497096,-0.22926621969038,-0.501788694109179,0.0159450443617788,-0.242067731911333,-0.194114633375528,-0.375560965353272,-0.31426692609544,-0.290160656225622,-0.375216274448204,-0.228338702347883,0.787104656814247,0.125256210929233,-0.0255328437052545,-0.226610155109471,-0.224855507708891,-0.399027424297817,-0.351866494619442,-0.119649067830328,-0.29778446509663,-0.386213201270108,0.0833929731221457,-0.0576038144729549,-0.171368746902227,-0.311709514456063,0.129710249539755,-0.433850786048087,0.270829379504429,-0.163886611989641,-0.576240217538959,-0.180524303453609,0.516142213684092,-0.057468913825134,-0.261318096232104,-0.135356251147476,0.131431098995317,-0.414841994544095,0.280851200186844,-0.0651297870621645,0.742471950164717,0.0088203032140444,0.0226252025578713,0.710531128765852,0.839989994477703,0.793589434749272,-0.369751579725586,0.913230881881055,-0.272862908754005,0.0758889543457536,-0.0144948809598255,0.293266488105965,0.417773688989385,-0.024945115887986,0.257727479481596,0.101602917725119,0.267777270108336,0.267981798446036,0.354429683370502,0.185486282141372,0.330941113456101,-0.0394104417774283,0.219203918594567,-0.0220374203471034,0.326512205928259,0.0507979575829685,-0.105916029675322,-0.1220497277802,0.0066995801181122,-0.049112304024354,0.214251172856159,-0.150100279672985,-0.299786826418839,-0.221162153911522,-0.0965094226943771,-0.291408420211309,-0.181540818911559,-0.221314425312751,-0.0948616183967131,-0.347029809813233,0.0177116320113453,-0.0070636970245813,0.0702357581916903,-0.0886414153755367,-0.0054453625415983,0.272328454180945,0.0214814946873905,-0.318471370094127,-0.473145936262861,0.0147299500748681,0.03988319707787,-0.504249549921838,-0.190005530660671,-0.600544064163153,-0.402202312491823,-0.139951529581592,-0.409865926118892,-0.355676928169383,0.586779836596645,0.180719274904017,0.0041158208800755,0.287961579294971,-0.142119269823815,0.0558857362623065,-0.218908190759219,-0.26854242648075,-0.156277720390673,-0.36146020261354,-0.158359205741235,-0.32696288339808,-0.252304683865812,-0.0654414171031092,0.22657501383596,0.161019564173971,-0.371719469670045,-0.0866988091461873,-0.261928016081122,0.518635646277617,0.0303518590249544,0.227930596277207
0.552698561776675,0.185353071028045,0.0397293692343225,0.650561669433016,0.640993754710205,0.354467496044409,0.103304456535163,-0.0864974302202215,0.717283762845571,0.17971058043163,0.642581758479517,1,0.359792925126151,-0.0726620785958357,0.120026821641056,0.128381116197259,-0.240872535321645,0.325243042335162,0.0155035725953004,-0.211604416379466,-0.0617616766510042,0.155859101070733,0.412555350418704,0.163715125546616,0.136746421552939,-0.263559686775288,-0.330294844594486,0.224022711902216,-0.0607149276367952,0.198011911211797,-0.158550415171073,0.140583347157426,0.264596294460546,-0.157967440772569,-0.213836224143446,-0.322344306314992,0.118554417653715,-0.280869712329817,-0.361565486946861,-0.197958335318877,-0.212717441355387,-0.186956352603286,-0.524151261817956,-0.0897872837178483,-0.053171540984042,0.0724866044628002,-0.118210693572105,-0.0370994812159378,-0.50424185841729,-0.260570804615759,-0.390552924049583,-0.249861989759408,-0.314073667372544,-0.258384253103187,-0.214548206454274,-0.452619335204499,-0.477295400176268,0.48923804365724,-0.0514864958355458,-0.0903953626721081,-0.110164235891771,-0.0980917727451141,-0.316315331795683,-0.353532848285622,-0.210013781498464,-0.204597738424033,-0.494585745773132,0.0712614088085395,0.0653631326024804,-0.113242795141033,-0.300852487229116,0.0772289971797646,-0.147096558804111,0.14921721871723,-0.256609879107193,-0.488315421974941,-0.227736778118748,0.366805980920225,0.0485499185352093,-0.235720964013806,0.0229847311093532,0.0316360567490356,-0.409682181973459,0.131284369583849,0.332684524354347,0.655908870873206,0.329425361775155,0.303182408920295,0.584324656455577,0.749660737665387,0.575854660178359,0.0142327048437159,0.620170575138759,-0.0148571633852757,0.0684438820850996,-0.0706119737406376,-0.102475490443964,0.298751280676216,-0.36564691827024,-0.142579891216072,-0.0357518653985376,-0.0405877812375035,0.0237035589716354,-0.0749401181408155,-0.0179933373023735,0.119048761968379,0.0152727126785527,0.158947978552485,0.209400136337066,0.293925218861573,0.0140728698105308,-0.165424411689402,-0.106219606264054,0.0226481672801593,-0.162653686543353,0.247059684374853,-0.279865964069959,-0.137370877997927,-0.141503063874148,-0.236242252622413,-0.49449146705883,-0.2777038351965,-0.300710697449836,-0.141895237116522,-0.496758683434346,-0.189190515952162,-0.0936150654178536,-0.183017749242779,-0.461512752313155,-0.255427854720045,0.0996052951281643,-0.257296705915844,-0.452637576280071,-0.464447883410076,-0.29358159905983,-0.104830550427934,-0.555839558970327,-0.36543629583209,-0.490685311637117,-0.402585125530622,-0.187261870323214,-0.430682698900062,-0.444347885536659,0.330964279335844,0.0605414279662652,-0.0143298807412657,0.0476199470257512,-0.333189425127069,0.189407582474972,-0.195392533261277,-0.270999584670928,-0.0163588567631576,-0.150549390143224,-0.128296256765166,-0.393280761147117,-0.261096914104737,-0.24119601634727,0.0764745887119443,0.0399850390884665,-0.18989453941412,-0.0994635547066191,-0.297904129487833,0.26034411957604,0.18691644929323,0.175581388759396
