1,0.50590841526785,0.408141555832928,0.530001319624495,0.389177120330728,0.484380449923326,0.332152190145157,0.0839778010069564,0.638558512751151,0.271994733155612,0.657136974197109,0.535121463111645,0.712316111913657,-0.206985761952,0.0611338717961675,0.124012298838832,0.250009077240211,0.241409298753685,0.0038973151281821,0.0680362019225187,0.283559397089975,-0.224727712519588,0.221112242672443,0.249819902117951,0.198331038759059,0.34513672073119,0.162477057680523,0.181680427334339,0.134328465448737,0.183461394073443,0.479843065982866,0.0268814852181747,0.417395048564048,-0.210145298405092,-0.0068791068054689,0.0573633781799638,0.263266255536128,0.487933578216551,0.502337118170739,0.498352424558662,0.144977571581569,0.365139577466761,0.406808770294657,-0.0025605700702755,0.17020426503509,0.483960368233069,0.210858433038647,-0.266531476944326,-0.092638860494794,-0.500464413055791,-0.0324541159237871,0.0320829385305505,-0.347264780759098,-0.216556173395256,0.164838953076794,-0.379716411812853,-0.348723620257123,0.35414560798519,-0.0720356838655283,0.134484763311051,-0.414693453049845,-0.401847051965013,-0.465297586306024,-0.427596394700128,-0.355619222894986,-0.263723278648448,-0.52218959640001,-0.312042595708168,-0.244095974944711,-0.104923349028924,-0.168229495636848,-0.230037607956318,-0.355798525150722,0.0245665582032414,-0.358230923185337,-0.352427052427695,-0.42563044158785,-0.117809409654907,-0.427181488532943,-0.535183812006289,-0.436041539276957,0.228841929843923,0.271810822163589,0.66922398527657,0.612848769073811,0.588665485207238,0.140370485299544,0.291450689099986,0.358220787535916,0.668233444502925,0.512317430456396,0.547587300309877,0.660831999083383,0.523169793329757,-0.260875504718588,-0.0809987328905764,0.203536032152521,0.158191671208151,-0.0444771742153703,0.209007423460831,-0.134497884059685,0.382200645547347,-0.169331643740607,0.136854958446452,0.235310663682096,-0.0631890791176057,0.234497246145678,0.496662967817503,0.300849851853468,0.20161252402604,0.315989330178843,0.312526173404862,0.175923134379805,0.109970621280208,-0.0323117889650849,0.168161974183614,0.387649865397183,0.353254980508197,0.363653943518403,0.126565949267776,0.388011751781882,-0.459477879010223,-0.0430839252309826,0.518791787014926,0.254428618942683,-0.0289964988619366,0.135612810463006,0.0179384032853034,0.381746090487534,0.150829980506407,0.576055141130182,0.129311436709063,0.36702080260284,-0.126364734557778,-0.147613735588637,0.10282589772438,-0.149676423934184,-0.218520423990472,0.115649421869807,-0.171523907553368,-0.0014345233478623,-0.12864576058502,-0.139239775583387,0.263396423142059,-0.238696326436849,0.149522335772181,-0.0698327806645534,-0.310549296361391,0.0190921915564233,-0.311187997567212,-0.554637803973917,-0.445361296806822,-0.543283908255423,-0.238358534055638,-0.278147383905779,-0.151807817640219,-0.0367137433647292,-0.300849492988134,0.162193895971017,-0.396788051377227,-0.347090771761995,-0.376651286104701,-0.116041305984508,-0.571117830228195,-0.304149347989251
0.50590841526785,1,0.394127473831796,0.549207098758905,0.13598312969864,0.82477893167702,0.204544374403779,0.724161369357426,0.660923364225404,0.697930520939233,0.270223293506653,0.56296396922558,0.799866763440488,-0.0440534402500863,0.224975979887347,0.179406783700069,0.208788741584701,0.19545741377146,0.101551622420057,-0.0328440740863544,0.185798930606187,-0.163156019332216,-0.0281619779547941,0.0385584163519921,0.155158053835263,0.147696018961122,-0.218415085562103,-0.150406273277411,0.245269520030834,0.0237196960486764,-0.0039557487393021,-0.265948494377784,0.0839670537728518,-0.212792247645106,-0.278377170792471,-0.0238315410196799,-0.0760673109546877,0.270052729056158,0.292508483626166,0.268589294748421,0.227896038084653,0.262060704720798,0.202397052160753,0.0712115056395521,0.183509797905569,0.0767463631402058,0.158629643069075,0.0862013032785763,-0.292803024547608,-0.487725464979678,-0.201019618464521,-0.02364830400215,-0.287513728027136,-0.217564911805099,-0.0037587717743282,-0.23907008215774,-0.209537789927167,0.250101833641119,-0.256836846884715,-0.0215462619497134,-0.0851638906216761,-0.0958407971373845,-0.278606403520813,-0.265001262834058,-0.526908914879994,-0.492921873746121,-0.502320704899329,0.0901425691445142,0.0204570449312045,-0.146713081486059,-0.134512884329306,-0.0666231645778533,-0.287302880673469,0.158655796704263,-0.175674396276883,-0.290468914576344,-0.345594048337352,-0.117630754442451,-0.190088350660457,-0.468275665435863,-0.278600947664914,-0.263251622378006,0.272428381986698,-0.0688227767929173,0.866986707089823,0.213739336366453,0.19108914912068,0.801577519203173,-0.136237307974163,0.443579786246413,0.148137345615525,0.545925930716342,0.283485540524426,0.0886504250960043,-0.0705142174587719,-0.177578290664859,0.308468975400227,0.0270719538578694,0.0521915128180471,0.156455941561769,-0.0703736752811431,0.263344144780424,0.172500424078663,-0.102491443724696,0.223580584004913,0.100214045213324,0.0554299784332011,0.196125547899727,0.261300312720593,0.228841838156348,0.128736494980405,0.16842110825011,-0.333765696841289,0.0564088988114617,-0.0957999538900994,0.0052153529155655,0.0105064738882022,0.0434307037726167,0.164226067244078,-0.184233583149472,0.130607028799099,-0.417889118589791,-0.331643711770875,0.224311240489541,-0.0052735386592076,-0.0585674281364458,0.0220408838131787,0.162577352840644,0.175164243048663,0.109795927898745,0.0078772197924081,0.16325126499048,0.131312018517906,-0.130201493898796,-0.249743402386597,0.227736284640671,-0.197483764722598,-0.272541700222729,-0.0756716622809156,-0.140714391540924,0.0752161219268308,-0.085801742891132,-0.165397462129084,-0.1617333574198,-0.271648633399368,0.114277897431834,0.0460514418394234,-0.138673351745379,-0.521686570117067,-0.528015708683034,-0.502995630412319,-0.0978053129337233,-0.283949005187843,-0.161181473788724,-0.221793527208432,-0.151134961535665,-0.0975817718190555,-0.239712973643237,0.187632905296751,-0.275975135893509,-0.392569632910318,-0.343871286244066,-0.255534582667312,-0.335524037992562,-0.44377687718981
0.408141555832928,0.394127473831796,1,-0.0779397207823883,-0.108390900303894,0.0281224021234406,0.735461250977937,0.0116865198571388,0.0424876383516361,0.653753474424686,0.174828946151551,-0.015544946821693,0.343269353462106,0.0071966085111728,-0.0069157112423958,0.14690249537099,0.127486489884605,0.199332498183014,0.0797373124818399,0.237093703258585,0.327528368365196,0.24619145951914,0.483260108596895,0.346308831968105,0.24774262674297,0.638169201550684,0.196977546011931,0.504961965051558,0.527110906469005,0.48857126646254,0.58973347636683,-0.14326911652127,0.349941089405487,0.0452903277280394,-0.145993134199116,0.502855680153259,0.140583883615093,0.471863916873464,0.260378990279234,0.184994699121751,0.349364837594872,0.253233544042736,0.487481671963281,0.135512294943608,0.396492072610834,0.288441933845706,0.347125068341341,0.0679153421106774,-0.279807370781246,-0.495374631529139,0.010793222438438,0.0137557258726072,-0.344363715109224,0.0225500533139583,-0.0419103794040434,-0.228905735150317,-0.147595823417885,-0.169783998554343,-0.499414106240145,0.193013590777963,-0.320371044341503,-0.441825283625401,-0.288322657174483,-0.343046621389647,-0.315134197548276,-0.401497840170084,-0.591895911033066,-0.0647291417368614,-0.348139957520581,-0.259100297536805,0.10459267455268,-0.254341229105898,-0.250218197063693,0.149828120825971,-0.181889801096596,-0.404052066759831,-0.52113532989222,-0.45611171775697,-0.457119142737242,-0.573520381910909,-0.515951204559645,-0.180451039249592,0.649238341802612,0.172926660282832,0.412505214234386,-0.0048071790462816,0.779245168364487,0.0448731651101518,-0.147534114675698,0.0566495493593076,0.0321957028355752,0.665460275834276,0.0364362168429917,0.667176180171945,-0.115384869024466,-0.204373650830345,-0.0092102044272254,0.0451473224573148,-0.0505671126300374,0.0329365691484188,-0.125544721006285,0.177670357553042,0.272022077425664,0.176322263287614,0.22451660282396,0.107709254263418,0.397891741626159,0.322110824512773,0.240346021474742,0.243761906505281,0.246775662925969,0.885878887121856,0.356875743657703,0.253705353071364,0.276416355316125,0.432810201043705,0.51164938805816,0.763824674720009,0.581650322423883,0.0320039056000136,0.649376507835419,-0.424673169314414,-0.245406043666976,0.36802326609354,0.297553430620274,0.0105639115715481,0.0364417239334331,0.337341763030754,0.286766631913852,0.416244608842739,0.249176392521716,0.325051237010541,0.300980815150903,-0.0444711435021538,0.271091432193322,0.242131455985911,-0.134748236963851,-0.190975289081721,0.177149763289958,0.0036238201778216,0.121777516403211,-0.176858970053391,-0.242476097849559,-0.160062373524763,-0.45979339889514,0.149066601089082,0.0163695998260734,-0.108600009993754,-0.0637678344942665,-0.51047315862128,-0.523833639399799,-0.33354261350474,-0.46070848797132,-0.397995718307019,-0.336565103055668,0.0898754416635836,0.0477618642482031,-0.514420610051143,-0.110401177028006,-0.399512187530281,-0.605485780277364,-0.58108454833048,-0.428127023235052,-0.55600257556986,-0.405931373033148
0.530001319624495,0.549207098758905,-0.0779397207823883,1,0.691723133187986,0.672206537624405,-0.324800240210809,0.520047501659204,0.897802508881788,0.121331480313367,0.645188938133246,0.671682689189276,0.533255407013894,-0.12053365519425,0.258020091529516,0.148704103752614,0.169700263065451,0.262411866678014,-0.0567627630212937,0.0052615177167767,0.222298384997912,-0.409175628866425,-0.0736148067368842,0.0024876715278096,0.200222996964158,-0.202333590761381,-0.316247408559907,-0.277414427245941,-0.0065736319862394,-0.149588156397399,-0.0081100125497081,-0.0442011948726956,0.149396616220948,-0.234194497777068,-0.171717033464661,-0.145207653882951,0.0587628315880681,0.331459069628355,0.322918870043079,0.352894857956263,0.0973759287715743,0.223727967852663,0.137701330950868,-0.0614160262770724,0.0685008882029118,0.17012876744338,0.137757421259913,-0.185895095216894,-0.185833614997807,-0.30299687398055,-0.145797843160864,-0.191016366176649,-0.285613703105697,-0.292095762700248,0.0477718459211252,-0.273866248482577,-0.364359217012069,0.545414617240237,0.14655790945196,-0.154123835848231,-0.239907593602802,-0.0388767891737114,-0.316333416230133,-0.245370917698605,-0.496121292723904,-0.376139494153735,-0.303426215506441,-0.221294697825975,-0.074302935110545,-0.166751085214064,-0.304188138086689,-0.115722387221972,-0.358639973394764,-0.0046191887137078,-0.287544626273824,-0.263727112857171,-0.204440477436036,0.212880953751785,-0.0724694155794677,-0.358783350479544,-0.126451633522878,0.0419666619129146,-0.107362261648047,0.202263363378583,0.500392453694539,0.470646580776883,-0.409408485038431,0.63334155254931,0.476284526243962,0.662335099807622,0.567467146526158,0.0868060648261343,0.620380932940873,-0.17986015223017,-0.0350311016889779,0.139674590297212,0.30848098909018,0.132205850158163,-0.0690968873923262,0.276615046020158,-0.184966266036661,0.47522590194226,-0.0702503456562466,-0.0359941805602919,0.276139051580965,0.0384801683101014,0.0804270918832661,0.313104937093056,0.336974722333254,0.304074242666294,0.293806795591944,-0.316293391144057,-0.362714920794734,0.110908100408544,-0.130300259681488,-0.141002812421473,-0.0303233971051819,-0.310911503539047,0.115739436658862,0.0314392137697864,0.0111192527627203,-0.355331926345334,0.0288376938923391,0.371111522373691,0.133561566040831,-0.242894813969386,0.106570174453781,0.0778569760540743,0.301961755339037,0.102366646666628,0.235776051450451,0.138529742245833,0.193078007461763,-0.105126998610571,-0.33693840628025,0.0522202487989206,-0.148708515366791,-0.210362068589756,-0.0430949602012761,-0.12201391653812,0.0475548026295028,-0.0648239203936777,-0.0387844900148434,0.218236201494272,0.0126530663333596,0.0262107214876163,0.0224661676396235,-0.124689291314409,-0.203057012320467,-0.261250623920667,-0.332653931248128,-0.195755946933016,-0.233795280324373,-0.0390555317073445,-0.136892149345913,-0.108782415077834,-0.0735223730822785,-0.109719456717018,0.140580658094973,-0.238074907084318,-0.0907862271218088,-0.0721198117774201,0.127200896446981,-0.172552814055629,-0.206209392674603
0.389177120330728,0.13598312969864,-0.108390900303894,0.691723133187986,1,0.206466680398482,-0.266723417144153,-0.0212593230577208,0.634697379292489,-0.180231660928237,0.577129175570954,0.356759106087234,0.0942881332524153,-0.0099111815660758,0.148280007705936,0.197296623112696,0.297873640932592,0.183173737512099,0.214419980040174,0.138655269677897,0.227718460331181,-0.222625713954636,-0.0096417173397765,-0.0665102678231701,0.235473399356816,-0.0948516327778371,-0.185101492986734,-0.108842191223104,0.0553256668054006,-0.119680761907902,0.155195562683792,0.259844723520827,0.0807196873151867,-0.120731247292171,0.0026494810121747,-0.0163978922468564,0.0054731123708705,0.275919298864256,0.23839167112056,0.320425847466359,0.0441085614502912,0.0483024929143245,0.0281262603668298,-0.241680735079581,-0.0167297309025599,0.157861912497701,0.0845568155717078,-0.216790380282037,-0.163409874626421,-0.0502428733950778,-0.151524397374203,-0.333752159011736,-0.176044461988115,-0.223489579246762,-0.0268443368098121,-0.0673741401244057,-0.277149328989022,0.515052229096135,0.162189964707839,-0.160169166655814,-0.123307796085649,0.0761726315097975,-0.143862377931723,-0.110525635038155,-0.14949805172509,-0.103208852950938,-0.065371670448143,-0.243497818146413,-0.0228523912767442,-0.148228331081771,-0.273149461234844,-0.147034511181443,-0.244003406928208,-0.133581291629488,-0.158261050041636,-0.219768655973065,0.0170556497734876,0.468865675106976,0.0864593348021577,-0.166958510892029,0.0657917809259889,0.415458321813958,-0.0077136486152215,0.487524114112432,0.171617113725032,0.554099445181398,-0.341083253214436,0.137465255179542,0.836705815970421,0.589376630293509,0.751278019014867,-0.162852246865906,0.596184239883411,-0.0610895504406393,0.0890098969777085,0.244463082027609,0.269193292516375,0.0934533507264221,0.135107543437287,0.35125418891922,0.0477148293608797,0.462956204904627,-0.181179788746918,0.0848311454253011,0.168565993260861,-0.104500596941092,0.179701368556422,0.433907828202083,0.199702323553664,0.279055244108383,0.275878595397229,-0.227962905948452,-0.183336395504624,0.133734405455856,-0.134561954859131,-0.109997834541783,0.139713747007836,-0.250818643260182,0.0866697648255137,0.0265949577680009,0.0252802033284924,-0.259091408434706,-0.0850103209062193,0.351632904889404,0.0178365682768231,0.0833060587477905,0.322549723062295,-0.0661151084032278,0.221014790978854,0.0870825277708647,0.332523019593037,-0.0679677601816678,0.0664569772318581,-0.175855731611255,-0.182261473538896,-0.132336413492976,-0.311505522557565,-0.207761395902276,-0.090185215572005,0.0371379721641843,-0.321228250193292,-0.260054851461535,-0.0574256663870288,0.431131728480267,0.0942921121624412,-0.0667881278952507,-0.164355238509346,-0.31901203692876,0.1695698489097,-0.0947075103334614,-0.180146588344369,-0.200015880161822,-0.137221945310446,0.0627385033994972,-0.185327433542074,-0.129043793365934,-0.280162959419696,-0.0492895059400241,-0.0875965662608924,-0.30139917824205,0.0529457359071261,-0.0201744568949599,0.44972019918556,-0.0498848020993073,0.0597346650746605
0.484380449923326,0.82477893167702,0.0281224021234406,0.672206537624405,0.206466680398482,1,-0.057530536993494,0.686978047173269,0.797239960140808,0.342737395170901,0.333457873876496,0.729385184828533,0.834223223627338,-0.148528849400453,0.311730364651021,0.119391599551127,0.122651253722202,0.222311051800456,0.0432299520152734,-0.132693313344225,0.161108417685114,-0.308140140228565,-0.0778150663978757,0.0348867246869388,0.194426091611168,0.0076831633903636,-0.16530160032283,-0.251217684750275,0.093332577221838,-0.0673474521070744,-0.17318490046494,-0.147184012019329,0.128507347112525,-0.259560332777312,-0.193394112708053,-0.211948885603537,-0.0459495115150062,0.225431318842173,0.286927119395197,0.213796164246284,0.0286794263429943,0.294955119192918,0.120351926553442,-0.0389606598520964,0.0998488372865884,0.0604490735594947,0.102913973785645,-0.0240656916872993,-0.266854471667186,-0.377529935060817,-0.14017328682444,-0.0053395898535556,-0.309034135886825,-0.292776574400329,0.0586478725855982,-0.276057649980848,-0.261271378697392,0.435103269012242,0.0554687628057955,-0.155245100612786,-0.0265226376807538,-0.0068608340745187,-0.345991180423991,-0.197527483669604,-0.479002720660805,-0.463136925861883,-0.335086575827137,-0.0359318229373274,0.107307900004183,-0.107598781803129,-0.199906632668565,-0.0161818102555777,-0.254463656350286,0.100155845639651,-0.254208584366715,-0.307123482506634,-0.206603397341485,0.127983097487485,-0.0397395479566846,-0.296659881872116,-0.130536751602948,-0.0853610423702994,0.0297486809465361,0.0052134524318992,0.73319650268727,0.41781617005625,-0.0911579198209669,0.780725077380912,-0.0035720909040839,0.625767535410166,0.273543382945419,0.398201439228964,0.454086656982528,-0.0455440816673188,-0.0307670774532996,-0.0528732266234587,0.23844641296722,0.117623739411868,-0.0171979445362397,0.153635034336519,-0.0579757054263097,0.238592913398939,-0.026961553293534,-0.175044339761757,0.214937141045885,-0.0617986744496552,-0.0603274467740713,0.12296980679926,0.201739881401794,0.250103507219047,0.0784768993931205,-0.102177907593645,-0.342479998497452,0.0738375103045243,-0.201147545358417,-0.0020460472457796,-0.216842537255957,-0.160010873175641,-0.0220006725815682,-0.179952730517651,-0.0472693858299807,-0.326232961406194,-0.192660909853958,0.183367895981452,-0.0356015562819392,-0.125408687718533,-0.0265831710282051,-0.0105869415586199,0.067693886641203,-0.0386908214859068,0.01033387616422,0.0730864104057801,0.115430000488068,-0.218368573289188,-0.420009422310759,0.0008331642181207,-0.244610287311236,-0.326449965284482,-0.133638178750713,-0.353269827426612,0.052249421680414,-0.120877128560435,-0.233358191664972,0.0317232078259846,-0.0523164578716927,0.0299606706248568,-0.0191452049007079,-0.214970097036057,-0.421358621624009,-0.389663171034105,-0.433342711756057,0.0330412706714986,-0.154106774013186,0.027021550517088,-0.216611737899748,-0.251077418024963,-0.163890696740223,-0.0305972565368173,0.312711138594946,-0.188090813608576,-0.178448550451632,-0.162682467936281,-0.0209509914719191,-0.165697896278889,-0.287357855567029
0.332152190145157,0.204544374403779,0.735461250977937,-0.324800240210809,-0.266723417144153,-0.057530536993494,1,-0.167225527090347,-0.119077563444959,0.483696234167108,0.175145010125814,-0.208935499474068,0.310566967530924,0.076962695089765,0.10606282128422,0.157272441044606,0.197839933669821,0.201452493690783,0.121454611823351,0.300131952362378,0.375518333952692,0.301320527363075,0.485174110354307,0.350824111236062,0.210040052477385,0.620717566808174,0.550119491341824,0.392918736258095,0.430417395043099,0.446324479487121,0.517186163387059,-0.211902502469436,0.344368752243405,0.0231393579732421,-0.164606143045682,0.388425747912416,0.303547101257324,0.405360595198411,0.248403658166214,0.197509685643191,0.264473598560575,0.32565044712593,0.483962181328476,0.0613086788698819,0.435545714529694,0.388625479771739,0.445942895016228,0.186430426913774,-0.169557032792467,-0.443588248278611,0.0650985708940148,0.119542121648383,-0.254581710382977,0.0203989171926906,-0.0288918688721928,-0.184505344168185,-0.0986431784925856,-0.326728935958963,-0.400650941039213,0.299882773698078,-0.200090780559511,-0.374825830518041,-0.220476527773363,-0.261323630455412,-0.0469153411215254,-0.262000883041537,-0.526450506171142,-0.0648812895644883,-0.268433500781598,-0.156833339929951,0.198235677073895,-0.224786440871492,-0.195674494829151,0.0576256212494269,-0.169591677296482,-0.373033806153542,-0.535663169128458,-0.502035731676359,-0.44429403127629,-0.477549355690859,-0.495264631779024,-0.197569181771381,0.538174470513243,0.1234750827042,0.33226291202367,-0.0231672163325491,0.856980386768056,-0.0222702180516296,-0.271427616741158,-0.0334615474273885,-0.0831068593790304,0.659020711239154,-0.0975607513279182,0.624749294922777,-0.0125589586286703,-0.093882359318705,-0.0324038011464223,0.125185808304059,0.0170804368239118,0.0756746997928749,0.0021166721072217,0.196797917502694,0.144364714763343,0.346786378076571,0.306166983814857,0.127551427441646,0.327968538520722,0.394307279626974,0.245793279869115,0.264234680526815,0.241909151297619,0.843846617384467,0.601055499783727,0.124870952339068,0.316075837828654,0.453398223620371,0.490364796884409,0.718049451650786,0.484025589102412,0.0679308432521544,0.605977068574291,-0.246129495372403,-0.113999769535967,0.32817929806368,0.310268976493422,0.210468491397092,0.0547996697120126,0.188101167179968,0.241079554101102,0.367517334694769,0.322181687653283,0.29060222605623,0.272576383070067,0.0095785122656081,0.262490461209609,0.107430397715718,-0.0895413379960559,-0.101909844329608,0.207159883245803,-0.0426870503749294,0.0107856286511979,-0.232773040377239,-0.203784519027872,-0.164198862164097,-0.323674266817983,0.108458315208945,-0.104139004933136,-0.0928366234259741,-0.0200659925445336,-0.33272866516905,-0.369886301921841,-0.231664325123961,-0.36917609256689,-0.338581677972525,-0.286558148268145,0.0781050562400953,0.0805017965656974,-0.385190568030779,-0.124012839337145,-0.29784969226838,-0.480231658765533,-0.461420709922235,-0.422867056473929,-0.487987847730482,-0.243161275050632
0.0839778010069564,0.724161369357426,0.0116865198571388,0.520047501659204,-0.0212593230577208,0.686978047173269,-0.167225527090347,1,0.449585136701681,0.583809196117165,0.126201389684579,0.453738252350373,0.518736992698877,0.0909870086895639,0.323779393054657,0.148677913154911,-0.0174627443549627,0.110039255172944,-0.076120949590752,-0.059617778634038,0.0730314185102782,-0.171130671763305,-0.134935172304838,-0.0087546250314821,0.141365409087029,-0.225414365707739,-0.379957292559013,-0.399558883022262,0.0303626631243203,-0.217505973201673,-0.330635810388192,-0.438102973440186,-0.0357110903187597,-0.119758357985531,-0.296861805537003,-0.121423735564129,-0.0664465074246726,0.0910160954241009,0.141510498072772,0.0216978349326197,0.132056056053102,0.15700342589223,0.0627119358079646,0.263572232285741,0.122161432391543,-0.012299408664064,0.169655480009033,0.067661765517602,-0.167154698700683,-0.372451568679137,-0.206034924414052,0.0863379374743726,-0.136779812171113,-0.0357703910152734,-0.010380421480021,-0.148697471242186,-0.127285466075362,0.154509400975803,-0.131900637931826,-0.082991397578342,0.118408591164372,0.136885501453147,-0.0543199748025457,-0.0415236510096491,-0.43219551056076,-0.255843064613477,-0.216072529685399,0.245961625830317,0.186574690277079,-0.0070354061351364,-0.0231023419648319,0.212091033202954,0.0097920599245755,0.201381123230797,-0.0824392236294578,-0.0330976602641805,-0.106571690908723,-0.0634171079280397,0.0232041979540371,-0.178023978875534,-0.0231599349578831,-0.399974277959536,-0.0195858444043887,-0.465696637770971,0.513110591928537,-0.166420865367528,-0.0709638299368337,0.738605412406817,-0.24222241188487,0.101534009985797,-0.0545153262606056,0.24064875978271,0.0255214029911154,-0.370390616027449,0.139925678957267,-0.0287438415177562,0.286092321147072,-0.00265138590711,0.0182109400986108,0.0474287047948994,-0.118860709362158,0.180928207056984,0.166165665833679,-0.0445662842299544,0.197855810563725,0.255165492639018,-0.0455005027015135,-0.0968973238296528,0.286054962266587,0.245282247034636,0.0614787530038819,-0.241148393647764,-0.493846380523012,-0.0458372905884495,-0.268807401057177,-0.217262608040142,-0.350673374091963,-0.312410502136449,-0.0623777269832022,-0.340454925648571,-0.13185393029502,-0.225994186025889,-0.0634792961143022,0.0582067031278659,-0.0225026978049515,-0.141101006760181,-0.0473934220964992,0.150217785767922,0.0204858673926346,0.0435592788656811,-0.199387594715713,0.214944736641212,0.0783367006839269,-0.143829903934951,-0.435971187959237,0.0855671756596125,-0.0994449901454758,-0.218559362359499,-0.168078709337964,-0.292303182244967,0.302595780928288,-0.0055609630641676,-0.214913448698675,-0.350761000452994,-0.0736638424625834,0.0606286822153029,0.144909494757497,0.068053553232526,-0.614406301166975,-0.427839708291207,-0.368466355066965,0.213840317892839,-0.0351919299899291,0.0454482440501651,-0.0179695655173463,0.0005082256392243,0.0247370481315521,0.0425094015277227,0.116084567743464,0.0526735651811381,-0.252178387037895,-0.221433499730374,-0.238587350954569,-0.0937002228985664,-0.487400917040364
0.638558512751151,0.660923364225404,0.0424876383516361,0.897802508881788,0.634697379292489,0.797239960140808,-0.119077563444959,0.449585136701681,1,0.210360604418747,0.686344534864576,0.777372298623952,0.682646059197117,-0.182406078715168,0.256099111234019,0.145938443945261,0.234878785115535,0.244267887945393,0.0771131880383874,0.05155986284037,0.246894835516725,-0.333769939314205,0.0056972362954143,0.0487445389899488,0.179278978080969,-0.032472750876741,-0.220181517506448,-0.17060028862232,0.0945015156445608,-0.0334663799801641,0.0712686235903245,0.0214024778696266,0.252553968888681,-0.228467831708901,-0.0949695647340759,-0.098177819511068,0.0025261535292503,0.371009907661543,0.406022230526224,0.361231065318298,0.102640676207504,0.297716094928703,0.198775445705896,-0.0841215271036298,0.177966156767311,0.189094890324527,0.196580359496929,-0.206252454501431,-0.243704757182747,-0.387471635502428,-0.0982417611082569,-0.112842682521224,-0.364431530691833,-0.285518139602401,0.108117447660446,-0.264091439083658,-0.394146492029996,0.589551663293018,0.0984553043714081,-0.154205406791893,-0.244766038665517,-0.134744191869904,-0.435913855813719,-0.337390856978521,-0.544869611372455,-0.460955156130095,-0.40028108905685,-0.223830501639508,-0.0810311866645061,-0.24152564535191,-0.292480148189359,-0.145720984611743,-0.402628302535886,0.0531132301828911,-0.300025847050445,-0.373171997470494,-0.260130927521606,0.198761268209821,-0.11154832097669,-0.398109966378873,-0.212615765637587,0.0656287260770108,-0.0112833341701586,0.295100849634456,0.652426914973509,0.669464922695147,-0.215929516104752,0.618921067867865,0.476765896345546,0.852328815579317,0.70764090460083,0.288710207726601,0.758907338262047,0.0333086760687227,-0.034655984522572,-0.006717122205446,0.225328361817951,0.0822311841386015,-0.0448157346912763,0.289438819873317,-0.103592130275468,0.367694167499783,-0.147010886028511,-0.0246367070723581,0.292722484519727,-0.118521210736968,0.0986272359020354,0.317647251535455,0.254626163289514,0.325582240841995,0.231466791716182,-0.131474405075175,-0.283601996575764,0.106782382221366,-0.120698573421571,-0.0447213233826584,0.0359329431527522,-0.133818228655766,0.152979032845025,0.0198443528809105,0.0570245590599186,-0.467718314618136,-0.166361651150467,0.375290580351393,0.0920442047072139,-0.124992678654306,0.0922888424872358,0.0571189221293055,0.255224870957649,0.103487918627874,0.273768414781092,0.127260201597771,0.229441723443377,-0.17708531805176,-0.334881923278463,0.0126211028594368,-0.263658506791743,-0.293885428407964,-0.0418187082681531,-0.203702574314158,-0.0061422478746338,-0.149093524883513,-0.165816598692541,0.286313523470177,-0.0617224318047808,-0.0720720378211145,-0.0482353975495352,-0.249021451437949,-0.228546767930296,-0.367249681648511,-0.46461297251646,-0.230254605737929,-0.305641652560816,-0.104291901294258,-0.277730598293212,-0.234878990033374,-0.152833860266414,-0.186453642038549,0.178040893472419,-0.331309375162525,-0.159852465103695,-0.158433796513464,0.12148709991669,-0.271158915055627,-0.214877425843802
0.271994733155612,0.697930520939233,0.653753474424686,0.121331480313367,-0.180231660928237,0.342737395170901,0.483696234167108,0.583809196117165,0.210360604418747,1,0.0909587624681484,0.296978889426291,0.534676305882885,0.0240652708087771,0.047638432502885,0.121839318432761,0.0184653690478421,0.117681862841484,-0.0638895172315166,0.170639266675781,0.102955665010649,0.146313612150169,0.104002007951935,0.0964260972961517,0.008811734476592,0.279699715260526,-0.214408066347819,0.100714532084194,0.287498882569638,0.0930244764245706,0.230349581518505,-0.324225095904486,0.0626919775789782,0.0139701732202862,-0.277446019790009,0.316240003030058,-0.122266611035618,0.239089963414373,0.122806632587593,0.0188886457454615,0.286183448477596,0.196029006586207,0.290664293454563,0.202660609862978,0.279885222613186,-0.0049558532391079,0.296568152963546,0.185474724381772,-0.284947753816296,-0.436723471161888,-0.154490844650592,0.0480500555869646,-0.209099872755764,0.0826146383273807,-0.0847037152289442,-0.0770362672211853,-0.0860491532289094,-0.0090958315988355,-0.453158824679369,-0.0150957349884001,-0.0810621187613554,-0.16294634507687,-0.135672460944536,-0.207401312961302,-0.362195629175583,-0.393218290522987,-0.472684161978047,0.165637790490044,-0.0540071451877137,-0.169280441111501,0.0891125229097657,-0.05502546191209,-0.133391576021563,0.159654088994178,-0.0770078571320062,-0.192551654300131,-0.356354790419006,-0.394222695737108,-0.230624772414667,-0.485885875788614,-0.305952419344441,-0.490975114650753,0.445371157453633,-0.213039761303414,0.660684751315747,-0.0734610074358165,0.580043471386957,0.468616774855571,-0.348571015793372,0.100113736394981,-0.0449182047603663,0.699648539744019,-0.0041848662531722,0.282951021694079,-0.0483369053962028,-0.247281149945393,0.0519076205822319,-0.167882559748809,-0.095598985264203,-0.0654660890008426,-0.193113463684507,0.0608672523078459,0.246957680590437,0.0356837187612271,0.132244858518117,0.162580591737384,0.0777098708917083,0.0103976331122694,0.207120220987573,0.12701284967516,0.0152641488428283,0.459902593299947,-0.152555827279815,0.0130419852801984,-0.0078622790923662,-0.0220156262867765,0.229326153179676,0.345029218004365,0.314706581426924,-0.198777810094292,0.268362452577835,-0.354312436486702,-0.382527579818752,0.114309060893775,0.0615977255126916,-0.0226058516813507,-0.0582033490301168,0.232112831894637,0.029917606552886,0.228727920318115,-0.139713635615691,0.251816135419005,0.0807851797542707,-0.0486537137128838,0.0261940285576089,0.175038771009102,-0.0730076217837981,-0.0672102834716165,-0.0042162840901201,-0.0085160545864646,0.19160416028498,-0.0279281296523534,-0.148122774988188,-0.333364421621858,-0.430783187949636,0.025090426080949,0.0422171857295643,-0.0671455344085916,-0.488350392280604,-0.589001556648262,-0.471529083620636,-0.0785621564668478,-0.260400002622916,-0.261334317250145,-0.151335814357575,0.0169985214262963,-0.0077456015021653,-0.344959110091673,-0.102827265842736,-0.207967728974242,-0.526682690090659,-0.482774707731444,-0.467346033094641,-0.363583216013247,-0.50690054089678
0.657136974197109,0.270223293506653,0.174828946151551,0.645188938133246,0.577129175570954,0.333457873876496,0.175145010125814,0.126201389684579,0.686344534864576,0.0909587624681484,1,0.433824090823237,0.414941895555845,-0.0166529533143274,0.276118418453204,0.0737522003792648,0.225644567932011,0.148478231964879,0.0520742445566894,0.280909027629456,0.313756285667061,-0.20843702581424,0.190780424081993,0.0716427198527491,0.149033126593578,0.0158404047173869,0.0689760582817708,-0.0134416210012134,0.0518093521949503,0.0142782266582149,0.384724083740621,-0.00592769375631,0.330667637373932,-0.217975991094003,-0.0386384479337408,0.0564652043011335,0.34887016040316,0.478701202256311,0.516174045182409,0.471750512328475,0.205939264720224,0.374983873672346,0.397777773072849,0.0329573286761465,0.276904335662451,0.538780580765846,0.334367600889652,-0.266518223778854,-0.0123176116101092,-0.464055815463787,0.0931004638649044,-0.0083838105897505,-0.413888362099524,-0.232135976686279,0.179626674356049,-0.326883085291403,-0.370677260275022,0.411974648237377,-0.0196865943210755,0.156712327471631,-0.435823962270026,-0.341816179998369,-0.355110511827023,-0.334726151545377,-0.404260104446503,-0.215146278279922,-0.48625756555159,-0.351004700943155,-0.326775043333649,-0.302909809493302,-0.175703531073905,-0.190600259676224,-0.418929866294072,0.0623919580557545,-0.352517973027156,-0.354620750834909,-0.462390238198949,-0.0242854402346619,-0.346284380362917,-0.463880781577855,-0.354502643765063,0.103123405603614,0.0046852974721499,0.397779181289484,0.348462958666974,0.511694490011019,-0.0404781492482538,0.267821923703201,0.563391314245252,0.616723446588812,0.68481180097409,0.283461141089591,0.733613175336227,0.216223342913696,0.0625404389290407,0.101465152336799,0.12538391861366,0.16000466743776,-0.0541183527211469,0.284264329208207,-0.106180376072072,0.443731704039015,-0.229697530173549,0.392253509220328,0.364854848659256,-0.0239946562615844,0.252753052477892,0.487761380646279,0.383183485691874,0.376625853943696,0.33916091195324,0.0633404577927894,0.150524934166464,-0.0773250934895208,0.0546284401858117,-0.0698545657718794,0.331419761057831,0.0798110990552454,0.25989824686555,0.181324740891519,0.290362822597525,-0.41131182590338,0.079618143578212,0.563327604593715,0.351456294146457,0.0094265010654452,0.153237840809336,0.173819784782243,0.429260672959757,0.276373765170377,0.637476764772237,0.296447168550367,0.470429222538394,0.0368280275070971,-0.167814725981684,0.108167626720624,-0.136652729948738,-0.188841720600232,0.239202928788647,-0.13614361750571,0.138327254654747,-0.147415975555317,-0.110717896978621,0.359225609319993,-0.0568931251212147,0.0860046497060801,-0.0050356091146718,-0.0538071724964443,-0.0605156050090096,-0.244956125514776,-0.452101684865325,-0.351088127349395,-0.46859057127807,-0.174692682800845,-0.205734727907009,-0.0073069058281862,0.0872673120224601,-0.241906435171987,0.0629678762646247,-0.37177185345204,-0.273690351707093,-0.235608282541367,-0.0174744448225288,-0.470287485256055,-0.220077754697893
0.535121463111645,0.56296396922558,-0.015544946821693,0.671682689189276,0.356759106087234,0.729385184828533,-0.208935499474068,0.453738252350373,0.777372298623952,0.296978889426291,0.433824090823237,1,0.692225680162045,-0.339608264435421,-0.0055235693533363,-0.154717304153694,-0.0713859507466699,-0.0211775527810603,-0.14473298327349,-0.109756123996673,-0.0965832544483127,-0.368551619211008,-0.157927239321082,-0.0868160968649481,-0.144702782654934,-0.0736530972980901,-0.308321466664391,-0.120080738810809,-0.120184466867553,-0.132602698984486,0.0023557019434324,0.206315300772092,0.0995863777566934,-0.214801901166386,-0.0077781352648746,-0.154835388519208,-0.126654213137072,0.162681139827169,0.290273314432599,0.156382076799262,-0.045270284262278,0.175134967964477,0.081019830452415,0.0298536534451327,-0.0085375739549505,-0.0407637228358693,-0.052701831939422,-0.166317313165388,-0.0953839033052851,-0.27825666715133,0.0128745667119497,0.037268931181481,-0.315349956822984,-0.134520137587542,0.164491940616842,-0.196760872051594,-0.221082800465781,0.7521757684454,0.24927197963713,-0.164888977526952,-0.172042557950287,-0.100583191967732,-0.37067808039964,-0.246447001822564,-0.423972378064957,-0.30760537136913,-0.224287456688146,-0.162971497178587,0.093367446192526,-0.182353061640814,-0.236933636237397,0.0969775036634464,-0.197121884939817,0.158941585111878,-0.204259211876243,-0.256127202795972,-0.0971577998903091,0.166158762764651,0.0050095598372575,-0.159962610087122,-0.0528503653786883,0.0169215983160817,-0.0674071150626741,0.254885223968188,0.547332246600278,0.678649682269219,-0.216181874893104,0.503450268395742,0.223207422049285,0.79962905205919,0.501375046583793,0.388045461722846,0.736450762594319,0.0841847059198421,-0.191653821855889,-0.0940568188685803,-0.09129447969163,-0.220883343833463,-0.250936312023933,-0.0614879569357934,-0.228963380747757,0.0012243059319069,-0.318715792783962,-0.304221895750797,-0.0474831854880252,-0.330703925614593,-0.160523887884963,-0.0312840862843037,0.0048617659759275,-0.0345214091604391,-0.138657631304959,-0.177951744017152,-0.349566639122346,-0.092013051683599,-0.271068679048753,-0.244413254286197,-0.100876110703615,-0.127128585162452,-0.0472133363569491,-0.0904158567466432,-0.163681702886313,-0.339698022331981,-0.124372467766332,0.109101685955692,-0.03908981479505,-0.107162031588808,-0.0686748697724984,-0.0323647030690737,-0.0480246902324862,-0.11195937351841,0.0550881662519808,0.0239268566137025,0.160683125077661,-0.143392766675666,-0.409396465134196,-0.038922902310249,-0.118569975927279,-0.171693509629157,-0.067549880283421,-0.296800600114602,0.135590340092521,0.0124434339125488,-0.137000362639716,0.318716007585553,-0.0012949516863983,-0.0843348414282314,0.0208982821218202,-0.19212179649382,-0.280629275247404,-0.289523294807788,-0.409801007985282,-0.16046924017952,-0.231289980521507,-0.0336473585528189,-0.196040577396334,-0.226004498241171,-0.121827916868085,0.0311324633564913,0.390431082669743,-0.148571766868909,-0.127403081954111,-0.116376242742703,0.0441258937270204,-0.150199166291549,-0.211561557833195
0.712316111913657,0.799866763440488,0.343269353462106,0.533255407013894,0.0942881332524153,0.834223223627338,0.310566967530924,0.518736992698877,0.682646059197117,0.534676305882885,0.414941895555845,0.692225680162045,1,-0.195776727239253,0.23839880821806,0.12381603882315,0.145837583688159,0.281384023387883,-0.0382895843329937,-0.0116087574482703,0.249413930663624,-0.159219062887705,0.0936487398442569,0.171285344608017,0.171477825898267,0.226259946750202,-0.0015263682323122,-0.0416640738883782,0.174986676574677,0.0968635277486147,0.0884209062237387,-0.175720592662621,0.258037477034876,-0.237815749492363,-0.279157824426761,-0.0557492868988441,0.139157384220553,0.397543569765095,0.363384611688094,0.284817089318164,0.115719238632966,0.455122484397162,0.331651140595301,-0.0165189630817346,0.221577719826282,0.216761084415367,0.244711629922743,0.0037763855622997,-0.308952487640519,-0.529768967978267,-0.134996993842398,0.0239853944556287,-0.420820168678069,-0.267098055885329,0.0004294129600302,-0.385793189991728,-0.303673325004623,0.338542693200851,-0.052513356096195,0.0130148904296607,-0.188812734296166,-0.204903570422699,-0.451796411159365,-0.322462089453545,-0.454588661748197,-0.533546945660217,-0.508196965643965,-0.0651311509255066,0.0031035051918471,-0.17964444089459,-0.10619939724783,-0.0772984588973486,-0.282836967616362,0.110233208961551,-0.343434850305302,-0.475456159511415,-0.401146884232182,-0.110634609612779,-0.228685723430821,-0.474775781013044,-0.341858929467926,-0.143972738018811,0.245582856661417,0.162336428942712,0.787763216240737,0.461132570086902,0.212130716260108,0.636567482787341,-0.0515141378479271,0.615713840213481,0.239093149440416,0.754981471792116,0.46846993092095,0.277058317875734,-0.136803914656551,-0.0676264845254291,0.138836403911896,0.131042914948166,-0.0827930350791172,0.105469320920181,-0.120717112677669,0.261102457087211,-0.0220562897298911,-0.0983877763431448,0.278619988648913,-0.0463483352989498,0.0744115533223073,0.291195013118184,0.282549583210543,0.254017846085303,0.165674069337523,0.231667182779599,-0.0723691313269562,0.072817867540959,-0.0964861221578418,0.133623454249889,0.0251855852125531,0.182783079655023,0.199163245748825,-0.111636284873883,0.186829743442964,-0.409890104402732,-0.11438104809733,0.351081149754209,0.190695604118549,-0.0858888115870106,0.0069875543095743,0.0848665202170536,0.192843608058558,0.0923790769077417,0.181099044933258,0.211760310329511,0.244902526949593,-0.167109934328128,-0.299573027079753,0.0469801356979001,-0.203718716473431,-0.314007584492107,-0.038842244387627,-0.335907450056136,0.0858556750544825,-0.191277547994452,-0.27954686325905,0.0115124361920395,-0.221477725164259,0.0699600628117307,-0.0345288293209787,-0.236118133903701,-0.363014302353348,-0.466802393624789,-0.560463106736384,-0.150594638680998,-0.346108366656853,-0.097524738159896,-0.309315629866454,-0.122539534338375,-0.0435419388365353,-0.159236658202783,0.239741785879846,-0.26897690493462,-0.337317947836188,-0.360321702905251,-0.195003548620542,-0.361638275909752,-0.371636139789144
