1,0.587391753162902,-0.0159525730114423,0.495175144260484,0.446039151756912,-0.246573000167198,0.425503820789983,0.433999596951067,0.0432184200183519,0.523877464216305,0.538305710565243,0.413703258293136,0.341124803279628,0.125494282728298,0.0218102939256513,0.346127917255806,0.173947167785149,0.0700396179212737,0.0028134444939527,0.172608502098695,0.225430471040369,0.292770596707059,0.0083000529829625,0.0423925188382198,0.13505136688648,0.203560693528074,-0.348974373426557,-0.271132966929034,-0.326605937678025,-0.0200932687220466,0.11378270719564,-0.0068813396570078,-0.132470229639276,-0.215528032369352,-0.271587800466931,-0.419414568712483,0.117453277881828,-0.148977602816667,-0.303989431471092,0.0062949897078636,0.0237995901965304,-0.0474506971802145,-0.0666792097950446,-0.245370838081377,0.101735101213571,-0.23025729666678,0.135181157176088,0.172944459637299,-0.340240745990459,-0.137373462303614,-0.341593706430897,-0.222889658148968,-0.328533685569669,-0.179164969245013,-0.487644315305706,-0.393063482527641,-0.292274790267726,0.277612184415772,0.0796554216172459,-0.416541918396631,0.123608748430643,0.419869107209337,0.412189294723385,0.35502058943157,0.295583577896051,0.0583921076268565,0.0677718007749129,-0.0395293224386306,-0.10708800296329,0.0487194780576034,-0.0738686684483384,-0.194457371417192,-0.114157342949173,-0.0702757457776874,-0.211233864939768,-0.0477161461690804,-0.207679434814681,0.178253014122963,0.176998306466472,-0.130168365536582,0.255593482603055,0.179975361484475,0.454779601968377,0.342771078702013,0.616746522209232,0.579058656640959,0.213302733230378,-0.121738389213929,0.429688582885241,-0.095836360148879,0.491665829452108,0.149231774757322,0.400811625884397,-0.0876284755358951,0.204385158052038,0.370045830704158,0.297332098054765,0.216026807402038,0.153072682891799,0.303600728796629,0.196785044229797,-0.106709323046269,0.504217132868809,0.38860917187346,0.16660608031523,0.399348842185225,0.226586823745148,0.188404241721878,-0.0308777703344911,0.262037806631322,0.174546477619837,0.121986142843404,-0.0567439309704352,-0.071252662036762,-0.196860726246546,0.235260749933812,-0.0075004859181638,-0.14233981327587,-0.209154014434042,-0.152639645261527,-0.36922718847883,-0.0142844715229384,-0.0940121495373231,-0.0562103721057075,-0.0126886397607912,0.121719992020142,0.173885819748477,-0.0740277499395244,0.059209909164249,0.0397205673584541,-0.185401409289738,-0.0264982764892254,-0.191896824767498,-0.0971933557160654,0.0877286032450162,-0.0298494440991135,-0.10990713692158,0.0846614135102406,-0.262245702790767,-0.134958207622135,-0.131638428563438,0.0449434018360677,0.234115997973408,0.342151701629694,0.121368375084971,-0.407248511113051,-0.0260930622524703,0.0190782568873587,0.0658299162756246,0.214343190770278,0.195636136237101,0.376238732865842,0.371018410902181,0.425828544740142,0.211605592979266,0.473976404575381,0.0098061498915661,0.0839554330203868,-0.174169982777369,0.0314068269100548,0.0987545341291972,-0.032931091698667,0.16265886407201,0.196743619037478,0.0560846434763928
0.587391753162902,1,0.110644674962841,0.47026012379692,0.435701829402207,-0.178551676880051,0.360284094185067,0.719128849204587,-0.0086582578840731,0.452785417400438,0.309278594812683,0.287995717285263,0.297651482450256,0.434456614223141,0.278721479847293,0.434112777726196,0.252713967718865,0.17934772231791,-0.220403278021435,0.0557310225027482,0.0791717538459935,0.166142497263456,0.226341663064631,-0.0285854532171666,0.0367927817373078,0.348173401607742,-0.391145472726229,-0.335487517658445,-0.235554144127314,0.109517103678292,0.10109574984831,-0.045432662642998,-0.0446232739695393,-0.327756920230549,-0.265477209741779,-0.354085263678901,0.145910118334805,-0.117247179331752,-0.22319099116391,0.0761560166582495,0.160000721724811,0.0588765366963192,-0.208063678658485,-0.0778320330207881,0.123278370866803,-0.247389693208765,0.0571282702476387,0.182528870756038,-0.332026453296031,-0.12528792384852,-0.343871613281809,-0.0708036249418182,-0.232201346634488,-0.0910675566185159,-0.351594266556395,-0.359469290836074,-0.272891729892497,0.064936265099563,-0.0920961824067756,-0.448647398916684,0.0989029948824962,0.329126113088515,0.175363408779191,0.256639864152756,0.0728278250220665,-0.178715459877008,-0.0318754632448175,0.0689552601104361,0.0575929054727903,-0.0753174074351928,-0.171017227405208,0.0467387281186751,-0.111750225394374,0.135443653323919,-0.102890544349793,-0.217335367572093,-0.226844457107525,0.182562961784039,0.117121327921107,-0.23515016872017,0.123771771835866,0.169309440681519,0.435839465790313,0.254601340091048,0.657056833512006,0.521369447563022,0.142631065015366,-0.0576217086599007,0.416025505999615,-0.182579978269051,0.312341094109357,0.0190895222973157,0.286487748103872,-0.261464446617405,0.329977131466334,0.249955345055612,0.403166764050602,0.240118213920464,0.232983606061034,0.406377111914506,-0.125755712594416,-0.0349726053847336,0.429568267191117,0.233109817165761,0.14463532224893,0.246624510013117,0.179941355159513,0.302646067020558,0.106709008882875,0.12916512015754,0.0678310179725115,0.227180128658388,-0.0283403114679637,0.0409138266219457,-0.13421245377033,0.194941978571222,-0.0477686031222547,-0.229305822474521,-0.0102714978359294,-0.167741897589398,-0.252761449859023,0.146258072987847,0.154446789037799,0.0198843616424747,0.105410244357921,0.293233635797848,0.229923739271748,0.157207170392826,0.197060357605291,0.16112497029188,-0.188681849039366,0.124505215537191,-0.100623250272995,-0.0897533155413715,-0.0293364849714735,0.142368617238658,-0.0054956465692875,0.0726808297752709,-0.223651462673057,-0.110742342328568,-0.064662994058132,-0.0288993809881216,0.110216871573074,0.154456710353129,-0.0674410006287498,-0.378985332141269,0.0714766910370765,0.0103028387821929,-0.104508447579665,0.170902207987211,0.0435824559585234,0.177333616237041,0.161078702998903,0.283841881025937,0.204504996541016,0.2124195901152,0.0369279782850052,0.0930390232600375,0.0878121335831671,-0.0636972849090884,0.0049545725147704,-0.0673988237819999,0.15316486884448,0.113092845927188,-0.0271526256680255
-0.0159525730114423,0.110644674962841,1,0.0988806864348018,-0.0073941544021415,0.185051991355972,0.271701857977433,0.173362608101515,0.116707661429741,0.326479655759544,0.0240894327129952,0.104849328498487,0.445622169023681,0.254720549246659,0.200047087533024,-0.136962178858228,0.108338254581772,-0.0168648431345811,-0.0602467982861619,-0.0597314114595942,0.12654965443872,-0.143278854112589,0.212916636584822,0.358738205092137,0.234188735548925,0.77875706742088,0.257659692771762,0.549505862638317,0.527936156777864,0.279713961062532,0.656655569606873,0.203210182774321,0.495891034679664,0.126480728132514,0.210350378415031,0.379940385324856,-0.113472392732447,0.244310921705828,0.200038051203368,0.23369014316603,-0.147477134985556,0.303652123125223,-0.24011415445475,-0.19637482811426,-0.0583914501210136,0.191353725776609,-0.0680620873765863,-0.2559478925664,0.129305578272918,0.290697168010919,0.418573968274774,-0.277704694954731,0.0008619813140193,-0.122986009229627,0.264129414608468,0.359859669942535,0.0546353347684471,-0.20046162026642,-0.366487982466265,0.0254202347689722,-0.280278368526382,-0.347809404923786,-0.469828926752943,-0.387199461599991,-0.466582758467895,-0.342985485101074,-0.0649166265215984,-0.407820826323819,-0.104862579850565,-0.379555387502614,-0.337508147811088,-0.347533419919631,-0.482123805897388,-0.372041606299763,-0.316815070889408,-0.168021562631818,0.16804185552358,0.021290259227853,-0.171871392799722,-0.0218704562309683,-0.130965539897349,0.125983690591042,0.0976562566374204,0.0577755482511992,0.0159430602302823,0.037164829389179,0.532015661856748,0.259559540693096,-0.0868784691114457,0.183748161420089,0.0403683016377714,0.411008827458534,0.0452175648951423,0.591652799123454,-0.0084598851285029,-0.267697010705812,0.220494767736679,-0.111664683219805,-0.0276702860624947,0.0437027518217643,0.0607526694258534,0.197467629816161,0.125191386938203,-0.0730634220655233,0.29005053519152,-0.0854887862805609,0.443920359930982,0.298833089511895,0.216542699256698,0.241467040155016,0.340779906175431,0.44865944951286,0.282589795750653,0.297160486832741,0.562126598785374,0.495708996796096,0.492482468808619,0.327871291133929,0.23164310065503,0.145957609202283,0.323328968572618,-0.19123650859874,0.0357202775040668,0.177135486121403,-0.134664724915718,0.133576187091775,0.199543252974971,-0.181126632492597,0.144891371055493,-0.0157808901021612,0.0837135268771343,0.0094472313949642,0.14540772023203,0.0681277050541913,0.122218487796043,-0.37181149374794,-0.173943670673899,-0.253133314126204,0.158471954687045,-0.0454167278829052,-0.277931418213823,-0.158615886322729,-0.190144982062872,-0.274238088924649,-0.353923784269519,0.0285755739599778,-0.28803694435001,-0.315135230108032,-0.237883025093172,-0.429746674064317,-0.110758229579645,-0.389779782010746,-0.300210687668077,-0.464580284069799,-0.487332664658044,-0.473401550978036,-0.417768343136084,-0.410128400507419,-0.320169663581164,-0.417143916876,-0.0572488849591779,-0.175765587423087,-0.0647865408231425,-0.187850946202546,-0.0449463267678337
0.495175144260484,0.47026012379692,0.0988806864348018,1,0.320279928182287,-0.269577887721415,0.286343202720294,0.47560218879458,0.472587653158782,0.475351698414775,0.526204526008374,0.709652324238003,0.577246966633066,0.422303130108215,0.306850478379743,0.362007704951677,0.486700026522061,0.334141456529654,-0.162906239593207,0.264509166326668,0.2821402078887,0.23904475450167,0.341536121101228,0.357873737474302,0.0293948214070625,0.153088840138383,-0.250959537410124,-0.0465274769052123,0.0264729397233211,0.084151654061807,0.246532685702516,0.319849035500261,0.261983755618906,0.134037949130449,0.061610054716135,-0.223253193509239,0.2809109725674,0.244199293585282,0.106133922362567,0.402597631834637,0.427978549921632,0.374204920180182,0.244272574409049,0.117624193416197,0.50150127045531,0.157273523708657,0.47726355054513,0.211819228414794,-0.109983845596094,-0.118504559496596,-0.0706398951825023,-0.105812084698415,-0.61072804756909,-0.296688447345313,-0.218918719765471,-0.390130829234855,-0.52261540088297,0.287272256943164,0.225851052063836,-0.154236560587007,-0.367895670008094,0.0428312689191393,-0.0484330372217766,0.0924619359856983,-0.0904601110136704,-0.146544290438192,-0.270604040769535,-0.114609241495563,-0.100790464918679,-0.188585170948414,-0.131837880136936,-0.203788480972937,-0.499069189506685,0.206180649295282,-0.261600933156812,-0.448368591657955,-0.282692552604824,0.0050271320165993,-0.109898088082899,-0.212777774585203,0.0727075207967404,-0.181990189340625,0.21959003192093,0.0018314882772288,0.572328735518795,0.689339213146828,0.102799240624539,-0.00128350245377,0.415513502892117,0.341940069307443,0.595036578691219,0.187653364768072,0.693565251822068,-0.147678630081091,0.293379691158268,0.141138824869264,0.374200934880326,0.38186558886726,0.34710766652935,0.434083143405085,0.124736418315503,0.161459058045229,0.497236947058934,0.476504057479297,0.373235284206417,0.42024571218148,0.426786898444349,0.469059350208513,0.409097703806874,0.166493790452999,0.101420714454957,-0.149070708781029,0.0160036740991983,0.273185377183002,-0.0185650021384792,0.262135594882577,-0.191258763976779,0.0325561275146549,0.329215923871586,0.0325052832707539,-0.221948807052376,-0.0213207454937902,-0.215413377771657,0.270338900058679,-0.0015099926415795,0.332202263607166,0.366066063612057,0.223985486806542,0.398502835607561,0.457254476470196,0.0620505955058329,0.37414631931978,0.0966593836170827,-0.210749700328431,-0.187250341397617,-0.0102538247205157,-0.381361528206258,-0.335534710263209,-0.48725164616049,-0.513840411648126,-0.0577568830137192,-0.476752486482008,-0.34755267225839,0.264686770436763,0.185563126193279,-0.305842936054869,0.195448572416933,-0.0656699395503754,-0.313305713830324,-0.0562141396832003,-0.233605051460343,-0.0161814436158598,-0.231631245916116,0.057878749943769,-0.0772727097706211,0.196239945744214,-0.190366352762505,-0.128593033051797,0.0512299200213298,-0.479656074796221,-0.211454895558525,-0.235483111681198,-0.0595395092021,-0.0330161774790578,-0.0490117352274813
0.446039151756912,0.435701829402207,-0.0073941544021415,0.320279928182287,1,0.0292805334143002,0.271626634793308,0.322001718216421,0.25610904121278,0.128972808586831,0.386850895295381,-0.0042488295553796,0.0189916755186622,0.0969019251302981,0.209498993997309,0.318835543208703,-0.0459291559262165,0.0898343898573924,0.0574452623011599,-0.111004092182061,0.0070799589126499,0.344160931909877,-0.162332542738824,0.0440225176166511,0.233652088301886,0.22449635452154,-0.262568111706193,-0.104414983402306,-0.223568319679448,0.321536773680959,-0.0167714140413254,0.273535942528172,-0.329815967872519,-0.27595820606477,0.0867226510155936,-0.239147476023408,-0.204530558114063,-0.294289800970014,-0.56036123295501,-0.240715581434229,0.0397152819923481,-0.227867044486795,-0.477520636314789,-0.136860773576608,-0.228077895045844,-0.239777461101783,-0.149587276352361,0.139208867992751,-0.384404558791154,0.135520898879076,-0.212077289256489,-0.207176652244147,-0.149428794826132,0.10506413634327,-0.409118050121697,-0.284456813554227,-0.0814700745445569,0.526259902699485,0.0113897077707646,-0.531304779004793,0.203130786928185,0.417423510816203,0.115059070228586,0.28970688211467,0.0532288647313788,-0.406355813224983,0.273260269759523,0.0324842704588555,0.401375286739483,-0.365236055029204,-0.455026332722818,0.226888694078167,-0.209463672523903,-0.141157289134933,-0.0496402903589785,-0.235348756086081,0.27322125242879,0.764327615701398,0.49124208583705,0.144510894169232,0.555167369383271,0.672970981374047,0.100910553636512,0.468909672685215,0.482258082263942,0.363905175893197,0.109777124786819,0.231335272370894,0.81978096709333,-0.0014883858561322,0.522027336725741,-0.277386359189294,0.509294402176907,-0.0939621601128261,0.0099406390745444,0.203081280546331,-0.0161347641774099,0.135763635875757,-0.142385344115828,0.148103429758938,0.103739149433873,-0.372573085471146,0.528576708049995,0.0264487479919021,-0.164685458997922,0.342641168044498,-0.163987622323834,0.185370557239541,-0.154866279000366,0.355777577283201,0.324676263990321,0.244504431787735,-0.345935186358006,-0.38325265433884,-0.219555351875178,0.154185643935724,0.0384241554494738,-0.0709646810734581,-0.234234970119253,0.0190800929605868,-0.368775996440627,-0.2157742358912,-0.149184647162594,-0.383109954683288,-0.421422720311556,0.201578664444103,0.0225173710600769,0.0493593378606648,-0.26519235843472,-0.279808965351662,-0.297872856897119,-0.313745804660636,-0.547026203714571,-0.0778311187858429,0.292392386570155,0.125007546924593,-0.0745469864532522,0.21341514572331,-0.239402957712796,-0.190783672870499,-0.0653292309614922,0.0959318737488626,0.0810911890912397,0.560397428824732,0.128426084354991,-0.349501509607572,-0.0660009588736562,-0.217600049425589,0.304810021624647,-0.054499085379474,0.282365516820807,0.289738708486697,0.377631341017127,0.374806020903502,0.0261564633601496,0.262193401170977,-0.320246937850871,0.434601523878652,0.151477997350319,-0.0167434312545708,0.533412185479154,0.381625445844601,0.734863252017637,0.518716483351971,0.366074709749995
-0.246573000167198,-0.178551676880051,0.185051991355972,-0.269577887721415,0.0292805334143002,1,-0.224061865139025,-0.360164309669016,0.498682583119915,-0.323412474440384,-0.303293343953933,-0.221095083896885,-0.261070095322527,-0.13596545750248,0.0832161981728756,-0.0566626151527046,-0.0259667788591462,0.0348806298443951,0.165807716513939,0.146506954672445,0.0331558506911482,-0.176456719101406,-0.197966149223963,0.223347613692281,0.415126189076527,-0.0373969021762135,0.275773647370619,0.297241312862016,0.111194573484031,0.233042253991454,0.260946809750035,-0.0435267255874921,-0.168514221776646,0.0261690948065997,0.0455443145791904,0.259544868414094,-0.316348255439938,-0.0238046892011096,-0.132948496272964,-0.126304965822639,-0.29717850610655,-0.119350156196789,-0.103943767012506,-0.317834050806742,-0.239393376081956,-0.131877557964925,-0.0221496696205948,-0.0927321431362275,0.0351379463714876,0.188371422832903,0.181603211865019,-0.342132204576295,0.193074174502684,-0.0809742613382222,0.180910252515504,0.38547865650421,0.295273305599923,-0.203539106128516,-0.476475179761234,-0.110010154704936,0.129277802593855,0.0607189128483427,-0.0196249197341895,-0.0465181233891941,-0.191797750047771,-0.146021009729175,0.209100089280773,-0.0211174296764061,0.340977233402367,0.005650744105852,-0.0138514633524012,0.0892127872019198,0.0341922899620224,-0.387871934477292,0.004755934760335,0.213472215686892,0.326394053526275,0.305411144391134,0.304647485994895,0.195131212245072,0.0916503591542378,0.373490817320395,-0.205939454043882,0.264596567414641,-0.367834396155578,-0.534003719733148,0.093618497945036,0.706477293311016,0.0310682343274905,0.503055626917597,0.155398812204326,-0.0386368708880756,-0.0753056199830867,0.254087902710745,-0.197435289249771,-0.11613377845549,0.0053412583065609,-0.204514483025411,-0.175173170733761,-0.081593631300429,0.192691090377714,-0.20570665257808,-0.0904399016278113,-0.191290574201155,0.171531257560335,-0.149974224067427,-0.0585639038406406,0.0292177445431518,-0.0885645586838812,0.253276302493065,0.397795705522832,0.166771703473543,-0.0418051193514954,-0.178537279220858,0.0252825616109834,0.13120123618279,0.269747939028931,-0.0661502800613568,-0.0977646931001531,-0.14200497906302,0.105565765528404,-0.32180889164142,-0.017116765529141,-0.183799801718566,-0.205938791521359,0.153074606669787,-0.0520711024934162,-0.369479039239092,-0.262296316287992,-0.401375292925585,-0.249722446117083,-0.227591613165928,-0.243947593828,-0.119182516628748,0.162942391971294,-0.222574887960354,-0.259099373936216,-0.286328699061025,0.0963857690826971,0.169695642647237,-0.412212215791886,-0.0699008542597623,-0.0919397781110362,-0.0788279147790287,-0.44954976516974,-0.232812081987687,-0.506450111458618,-0.396637733952747,0.208198692194734,-0.421513039310686,0.0270898829422013,-0.0142807941352269,-0.0318393429518649,-0.137520287574961,-0.207192226635072,-0.175857295877782,-0.248042102807296,0.0506772737338345,-0.13794076522047,0.0501097881854877,0.285118322073273,-0.0772673263449367,0.345063740166253,0.29669452697652,0.0148554416241982
0.425503820789983,0.360284094185067,0.271701857977433,0.286343202720294,0.271626634793308,-0.224061865139025,1,0.541119174168974,-0.117373462352542,0.623134891993386,0.49409289502792,0.357485643101469,0.319663898104077,-0.0452091931332358,0.0218033408043491,0.10380658340889,-0.0832368759828486,-0.0773577224725233,0.0870078274067698,-0.08807403299753,-0.0446348519235212,-0.0578225289548225,-0.0579975654462265,0.0009381559409994,0.0885415512856178,0.425862704306359,0.0852937763057154,0.0008569102681004,-0.0671765823764493,0.0788365536323002,0.241962823964059,0.416898960759947,-0.031924887942505,0.168761962774682,0.124580474587297,-0.273377452095834,0.0702229071061455,-0.236214987833464,-0.260357469179487,-0.275627254990347,-0.101491632290012,-0.117842172566676,-0.356949659985142,-0.0837276715941309,-0.127377802813531,-0.158993681708979,-0.186068189503362,0.0253708020982414,-0.159344762807342,0.0986211384714976,-0.141597743164611,-0.248106744136409,-0.199696312909662,0.21289843719076,-0.410138943432576,-0.254276768545135,-0.0379624087376543,0.320671562784329,0.211705510129028,-0.316874739504408,0.215275138961571,0.338343389948171,0.289673245916159,0.325495933604667,0.471752210630658,0.160891858680947,0.342227640549746,-0.0709198653430497,-0.129677948354957,-0.114593372029707,-0.208001909897383,-0.152162460159021,-0.196444938559963,-0.0807960593547368,-0.161883176574709,0.118409070470672,0.0886732732368169,0.0833050399864894,0.140012667371752,0.0625328644667028,0.528797866386814,0.103356731860949,0.161122913901983,0.114353482807872,0.503174110419388,0.468741564939232,0.435476239128025,0.0738406110680977,0.163081781924942,-0.122930979442971,0.203911183867184,0.191530781748931,0.357589916090751,0.0308211553269815,-0.0670226599149397,0.202884865918572,0.0372065800988271,0.0582046106065573,-0.170429366857446,0.0088490019824783,0.108909659395794,-0.120658712267385,0.285764677673802,-0.0530294799167828,-0.137703900903051,0.0069134154820753,0.091764740080762,0.124488595330949,-0.0934009702507991,0.276935894391313,0.11819154415232,0.218215659673419,0.0137898284221323,-0.18504134321643,-0.159309224134047,0.173709287972724,-0.0707431314015631,-0.0270812765975779,-0.164848932817019,0.0602043205282197,-0.417960501251537,0.0055873428752112,-0.0474265577008999,-0.131124329273879,-0.178960249495329,-0.0400559293720542,-0.112071989214507,-0.128421205077053,-0.171613979133459,-0.0808479709036754,-0.204411600321231,-0.23966714196684,-0.248062812050285,-0.0286191380932442,0.201818746573656,0.0744851891765269,-0.292569935548743,0.14936514796002,-0.441584837763943,-0.352509449701008,-0.103492037336188,-0.0171339805742479,0.216950731678279,0.357015217945356,0.164802904565301,-0.283208053721791,0.0186624309522955,-0.0867289654048355,0.0618659795695518,0.228417792079944,0.200909216137798,0.15512812919796,0.290532042580113,0.134419803566157,0.0953087906530198,0.0829955553926889,-0.269045292991893,-0.0065019093140358,-0.0560179001625512,-0.11520261266559,0.134538113945129,0.132830486678163,0.041556596308869,0.206956516658357,0.291231489983589
0.433999596951067,0.719128849204587,0.173362608101515,0.47560218879458,0.322001718216421,-0.360164309669016,0.541119174168974,1,-0.0941558303273153,0.676115608224645,0.317637490205429,0.36948047914595,0.528750440480205,0.297367303617592,0.0508790177485329,0.285093663041577,0.0265170240217238,-0.0378207026403435,-0.065653016332278,-0.156250502107687,-0.0324624126120541,-0.0500620526987903,0.141815764367722,-0.0562963483708388,-0.0086006856363397,0.303028853703569,-0.16366722279798,-0.121976454784347,-0.14046837182495,0.0802702273944971,0.0795176522646949,0.222248514602673,0.159735433295491,-0.103679452872646,-0.0140786214442414,-0.242826475416731,0.11168458180919,-0.180687727101379,-0.0951751964940242,-0.0023046164530592,0.0184744938037918,-0.0034952376966761,-0.205767019030763,-0.0070173248265326,0.0453518940573312,-0.0787667117035585,0.0036280061535193,0.287002528635666,-0.153773827160558,0.0534674426208239,-0.183337699583053,-0.241594133361692,-0.21111136389866,0.0567888415474425,-0.283348475983884,-0.283337858581961,-0.193730649831019,0.253004546411159,0.170404833911861,-0.223427749329326,0.069340248909005,0.162864047292567,0.0826720911646884,0.207970888750031,0.142592100982603,-0.0458554709185277,0.0626844469040502,-0.0824556023406722,-0.114360982806479,-0.0909931243846775,-0.157948120039022,-0.13262198592547,-0.219311387680511,0.0662128935795117,-0.147690879644236,-0.216649604377935,-0.155514826797974,-0.0455076143271912,0.0288888484572809,-0.0664367514775719,0.229876013729969,0.0002407374495339,0.206149682532828,0.119948673008679,0.607442344818193,0.581513646303031,0.169886112564486,-0.1087637761389,0.216823319458356,-0.187192346542312,0.197442465404605,0.201370220320592,0.285741198667349,-0.0302889977133335,0.0856389785036839,0.0447468287137639,0.222805091544316,0.20850877110009,0.0392187042839565,0.148083889434052,-0.0518198061303658,-0.0239107777472973,0.289698530875163,-0.04740810415342,-0.0444185725764857,0.0431880632759641,0.10564296238473,0.207716261675818,0.147568658928938,0.137679806171773,0.0308806690688552,0.181632409777754,-0.0085267546834082,-0.0266146350445013,-0.0457670099931469,0.169453167303646,0.0289133241843715,0.0059063527934737,-0.0428767436838526,-0.0191312976031291,-0.249135756934804,0.0850360570198712,-0.0731681211368399,-0.0060600048319532,-0.0409362493418336,0.180343266946376,0.0347801313764806,0.0125752837019393,0.0753873111398884,0.0740866717411717,-0.0927640260311912,0.0407148722031124,-0.0530517692476272,-0.0022492202230627,0.109448102949427,0.132744325750217,-0.169791279454375,0.100750776060616,-0.247303484712245,-0.218981002039892,-0.0318232534789755,-0.0719765816194991,0.0494779150763819,0.242496363943496,0.194247530027107,-0.177150784135492,0.0271481964782825,0.0305899100409122,-0.110570786819804,0.192823816710444,0.0651139587660299,0.123390891950794,0.134184626173867,0.203792371691848,0.103983413726296,0.112319185957748,-0.101620763533634,-0.0038561640481868,0.065488652131858,-0.145536024402381,-0.0389595572965803,0.0014696555701565,-0.0585782051728568,0.0667635656423231,0.0581726763065528
0.0432184200183519,-0.0086582578840731,0.116707661429741,0.472587653158782,0.25610904121278,0.498682583119915,-0.117373462352542,-0.0941558303273153,1,0.0468781898660577,0.0740549102343156,0.319678445975139,0.155763106853464,0.0809613717842814,0.260622756795567,0.114157281977199,0.337371740871796,0.360270049267796,0.0199032266386416,0.318175701972644,0.20210014942069,0.197036925715547,0.11719498962198,0.454563563974569,0.335779226798259,-0.0041497444274985,-0.0507985975693231,0.195074357088734,0.201942189930716,0.321992503558816,0.340162128772789,0.219549120569992,0.0261553945765859,0.202746064435405,0.236231212187303,0.0700619905441542,-0.126599911874635,0.253221760881256,-0.0427693606322662,0.215765083934479,0.148531074405244,0.145879884317119,0.198067021917098,0.0746349697827962,0.106907389294802,0.0723146431185589,0.307818244308383,-0.035191250180676,0.12026008396199,0.0857198088519421,0.189138726630048,-0.240688013088385,-0.223627467509324,-0.235493907827506,0.118608935244772,0.0983507159878677,-0.0653022879228562,0.110469598509866,-0.0663769777542886,-0.121804015644021,-0.289699530580501,-0.070837602930655,-0.143003880372407,-0.12922679371669,-0.291803987637318,-0.142109258545989,0.015455570064996,0.0446105115910265,0.135401341353904,-0.141475877835347,-0.0549262595961749,0.0470154264256676,-0.309470408773809,-0.0894424089227252,-0.0262936765428801,-0.0588180246214186,0.129780710309633,0.234773555158337,0.0943541634702754,0.0385054683580579,0.0565639509022294,0.0507770688143395,-0.0408645880990191,0.0337380175528186,0.0910689502218918,0.0687079617214727,0.0709395131821124,0.529565304496025,0.373106238277665,0.873279249955258,0.590808192550235,0.069457015495121,0.55442648808509,0.010535064937901,0.0458198285307996,-0.071862171462182,0.0599747210009236,0.0739366567462252,0.143841409331524,0.264997534140543,0.234738332201454,-0.0655886709990241,0.264614412759262,0.21927496562307,0.304342156330617,0.312285530692373,0.263521718497788,0.326812363510998,0.133016207783295,0.365935331764557,0.417609872665639,-0.187116823847184,-0.163357883522896,0.0921597790941945,0.011568763154075,0.184279232751039,-0.0360573301524077,0.0107871740658609,0.117589494636738,-0.037597046327008,-0.107511296528031,-0.298618995239229,-0.154371569654534,0.018652663495001,-0.208560603854254,0.286231592752365,0.224533981568862,-0.0405492201747296,0.0852863441071479,0.029144063196591,-0.123671712483269,0.0909269210325593,-0.0900475880706987,-0.200799867801628,-0.050813583058549,-0.0269131083463308,-0.422152914000166,-0.462271970202781,-0.255178498795716,-0.355322421475591,-0.16657969956434,-0.363881577624095,-0.348459779120275,0.161069220649537,-0.0564285636938659,-0.326133801546603,-0.0671808487288668,-0.294366404853586,-0.152481132130073,-0.316767358215456,-0.0911066918603531,-0.204639166140151,-0.276998034759755,-0.239836606565403,-0.292873480898329,-0.0547105371505719,-0.320962144603213,0.0324198237378101,-0.056778478114567,-0.365385136771133,-0.0028472594538113,-0.214452687034304,0.19007675091781,0.110043820048891,-0.140018754299186
0.523877464216305,0.452785417400438,0.326479655759544,0.475351698414775,0.128972808586831,-0.323412474440384,0.623134891993386,0.676115608224645,0.0468781898660577,1,0.377866988702349,0.581279747280174,0.68125586787329,0.329703643554757,0.152727306315935,0.22463860126914,0.226282916405653,0.0917376537348145,-0.0087585499571879,-0.0090967770964262,0.027655446844711,0.0459469900304368,0.236981687602275,0.0364880418694481,0.109345964960369,0.380246874736365,-0.26118550053997,-0.163812134682916,-0.101541921151341,-0.0085492882392366,0.239431901375581,0.203564580237587,0.241338089785968,-0.0545749381108198,-0.101071555993577,-0.399757946004964,0.150904962080952,0.0038528880787746,-0.0495383215493495,0.1378294703465,-0.0591756009393027,0.0867870457783678,-0.113307995677815,-0.0067924531201732,0.128405639044834,-0.042389044039289,0.0803871712083623,0.153893578130967,-0.188471039776205,-0.177507936101447,-0.234206237860641,-0.220940564031555,-0.293421163695726,0.0209405085173119,-0.370710008124271,-0.383223314470817,-0.343163912156818,0.188749387988111,0.176430089342385,-0.266412268019605,-0.0332241962511401,0.1825977724233,0.0447475366093989,0.0578138979652596,0.0849639167475371,0.0252215100841958,0.0235911697374787,-0.19090564657759,-0.170096558658333,-0.0929534887523525,-0.173923906974075,-0.209329758334625,-0.244017619077772,-0.0542656293048157,-0.35822667578389,-0.0270082591127797,-0.122312346357789,-0.0952152883355602,-0.0016003883231014,-0.0093449764578846,0.15730925073766,-0.137600678729012,0.388512830290608,0.0535437285442565,0.497442185219778,0.483123679837393,0.420923714192019,-0.142721122353427,0.07070366937203,0.0559372877532789,0.299518787602263,0.440214865356808,0.343199452923947,0.0079360197822791,0.257818910269494,0.176020365997136,0.244036487419886,0.165343813969478,0.212498526885383,0.339890057355839,0.131838873418509,0.0857255285049756,0.308087681514218,0.100241542205962,0.103888477752687,0.0372285457354118,0.378688510541778,0.277070763945767,0.164152901044799,0.238999725499772,0.0944159472051582,0.0809951722716507,0.15025841394755,0.217451092421587,-0.0365736353323322,0.259867933910367,-0.0243361663606765,-0.0803270727920444,0.0080616347898683,-0.0666119084690774,-0.298060135825137,0.0076112994137896,-0.027985863447117,0.208344475472777,0.0979896005780369,0.201569801151897,0.226774121045714,-0.119768047626709,0.22296535424537,0.156402332204017,0.0238887095611339,0.122951189471879,0.055650499054302,-0.135799189612602,-0.032682317859224,-0.009379900501769,-0.261550530251534,0.0075815129210238,-0.31648578717889,-0.341454929414464,-0.033656134545692,-0.116167373925236,0.0864544144111476,0.20266404801286,0.209973362519209,-0.271065181344747,0.0198390968360798,-0.0264403799278827,-0.0909751369036091,0.216626987483005,0.0081887628964093,0.0946601668053625,0.0739385089716051,0.101879430650281,0.0773062221249205,0.0864387577136956,-0.0962833927728585,-0.0177915739684081,-0.105803301701543,-0.0553399885821083,0.0015238647931492,-0.0238693796119433,-0.15583075774765,0.0622861051812358,-0.0098521568341449
0.538305710565243,0.309278594812683,0.0240894327129952,0.526204526008374,0.386850895295381,-0.303293343953933,0.49409289502792,0.317637490205429,0.0740549102343156,0.377866988702349,1,0.605597762198266,0.313730840146319,0.16571671099232,0.166500879472922,0.159847063924583,0.0312229849224854,0.0436317316921617,-0.115981276625094,-0.245595691008729,0.114990066284184,0.111095904467401,0.0017072211823822,0.128100747036565,0.163761523010866,0.102452819367608,-0.187956839080468,-0.0030430424712082,-0.031213267428809,0.133010313075546,0.123678545735857,0.539366018284124,-0.032488198426553,0.093002277718214,0.212492882862879,-0.142732546910464,0.0451895242988735,-0.0246133551846414,-0.204607860426925,0.032812752480813,0.313693221783765,0.100616332792233,-0.252251102114717,0.195922950977269,0.094469344765361,0.122709775099399,-0.111351498556082,0.10492863030666,-0.143002313731016,0.0757162568340938,-0.0098162899028387,-0.0004234318042598,-0.345025229616268,0.0174859975557765,-0.272070217996966,-0.36399148829455,-0.228821167990463,0.561628135348366,0.386730941232692,-0.118609388229863,-0.164860032409125,0.109641922257794,-0.0195675992213529,0.105801851778054,0.111678720083326,-0.168087559551267,0.033025780675519,0.0418365941620153,0.0649730053616281,-0.342862179663687,-0.38179953651356,0.0056462681208127,-0.345651708020757,0.168221806899773,-0.0434024715067723,-0.24538725606593,-0.013763144501243,0.231852070950562,0.0301912022504854,0.0385082673124076,0.393112645042725,0.156699000782304,-0.0136301160597121,-0.0442805930911419,0.386856846364661,0.521426542298743,0.154948516633946,-0.022895232177834,0.355832406955464,-0.0796202826685287,0.508448243823878,-0.0886731140783537,0.675560705380338,-0.0941215035329345,-0.0225007227016406,0.252221377471887,-0.0201292825136862,-0.0518282849195952,-0.110344389563543,0.138677559670939,-0.0552240233207579,-0.0389514613031478,0.38638475594172,0.130482143157729,0.0735234648429556,0.284192235130744,0.0461307035523129,0.153678588710231,0.0335033871033188,0.360361637520603,0.181796290843881,0.008121888590655,-0.19135892569967,-0.0662850497646219,-0.0797652223632709,0.150643338509316,-0.0930797699239675,0.171598529410685,0.0168511649028068,0.282053738641158,-0.28447728811521,-0.0130000259394963,-0.0910095715025012,-0.103321447473092,-0.303461264155364,0.0639397401838968,0.145231748022431,0.219149502603769,0.0194929643488241,0.165958398219901,0.0885622065918272,-0.0844887658291159,-0.170694230506315,0.058700467269206,0.106451645024299,0.197289564986006,-0.123109691303097,0.21973089470032,-0.314351851166031,-0.41340442866309,0.241896875844587,0.0245305365174542,0.026228395930362,0.52985623101764,0.414492034302026,-0.141195456859186,0.339037177355524,0.0689399253235214,-0.0420452895010826,0.147764667259741,0.0682691364272953,0.0014323308183024,0.108018377773938,0.0992207379520377,0.0169159138702017,0.170470694383697,-0.226363920485448,0.219788259310067,0.113144308062802,-0.195680655333848,0.158788139346238,0.244535397507649,0.193982601416983,0.154746216154672,0.418061257080426
0.413703258293136,0.287995717285263,0.104849328498487,0.709652324238003,-0.0042488295553796,-0.221095083896885,0.357485643101469,0.36948047914595,0.319678445975139,0.581279747280174,0.605597762198266,1,0.646616907798326,0.323655995783759,0.148191892686128,0.187478625431625,0.33250590816083,0.103265231469983,-0.0736059628153129,0.0593649173624561,0.167587322994531,0.0167234229464828,0.159264485701734,0.10440770211435,0.201104213766418,-0.0057659247376474,-0.211014590474959,-1.91927930356417e-05,0.0444824452778677,-0.073214368135753,0.311575142874517,0.409462028217416,0.131426012100238,0.160572273980407,0.126161508859172,-0.18081093029604,0.116733651288762,0.195266746370011,0.0471326966177253,0.364429115291368,0.353410390426111,0.286265435728248,0.195525331516245,0.216199733332238,0.362751580299196,0.211711425270088,0.253612875015632,0.183778548062476,0.113963563472968,-0.0802086577201652,0.0791182689961726,0.0213653490427681,-0.463091102312567,-0.191648861174588,-0.140679490229417,-0.364842725481783,-0.423365670869215,0.233717740532869,0.253992217421245,-0.0016758224869057,-0.314566279232078,-0.094901261320754,-0.0745481289358635,-0.0456562628182288,-0.0392593427366627,0.0348859152059022,-0.184389276684291,-0.0748686603711936,-0.115731921957965,-0.137516140988001,-0.120605581831802,-0.261154661585547,-0.422889050432762,0.140572055819894,-0.184090774195473,-0.282528523312127,-0.262304336179179,-0.228506535390613,-0.223118000462146,-0.0192672170528153,0.074156031240187,-0.342889303219557,0.171659774258752,-0.275660588702375,0.434212221494703,0.535084596629651,0.199058339941399,0.0743616674180562,0.0693856042501912,0.308841693316899,0.416006515568161,0.251681716667486,0.667783528112494,-0.0649642245100373,0.153584508985998,0.131145225209909,0.165771522587101,0.19475580260465,0.219823990775447,0.295291012080964,0.0648843466787541,0.225652291048871,0.336792911002436,0.312580975729082,0.346343432471489,0.236777929497538,0.411002596149806,0.328524471335512,0.19053611263722,0.294941354518645,0.230569057548917,-0.170089852737385,-0.0555890239782691,0.271740584234037,0.0816118578733513,0.199898443236776,-0.12992902568977,0.140536019658666,0.206296232750232,0.183979002617643,-0.213444566810369,0.0131024153423032,-0.180281860381432,0.174814460479217,-0.0451029018823079,0.259970672585961,0.284375352640679,0.22664752153703,0.345581385773517,0.416688291695704,0.181986286925781,0.259467231088527,0.16296112837911,0.0372747509951092,-0.126902347626724,0.0573741535984413,-0.180780157856788,-0.151927167316112,-0.339304366619859,-0.471548499306443,0.13099273996711,-0.220642147645023,-0.140089849585811,0.200986214838787,0.352132642652249,-0.190952495408172,0.279839559143856,0.111921198547379,-0.37642798243314,0.158601571005632,-0.110558694268657,-0.139354922659385,-0.197505706057047,-0.138997634700736,-0.042443527741629,0.0917940552181123,-0.12337964032079,-0.0845564100361771,-0.160576622598676,-0.396456409381408,-0.241838909989004,-0.121458337035718,-0.304591411334075,-0.145107101384337,0.0074513993484275
0.341124803279628,0.297651482450256,0.445622169023681,0.577246966633066,0.0189916755186622,-0.261070095322527,0.319663898104077,0.528750440480205,0.155763106853464,0.68125586787329,0.313730840146319,0.646616907798326,1,0.404239574234558,0.0711133313808565,0.1318426891899,0.243891916486464,-0.0604530430539838,-0.0805739088628611,-0.0384582364035357,0.0315300245805542,0.0029189253759597,0.128531529699252,0.0874654949646139,0.121474199106192,0.329682570895813,0.0012003031933506,0.207885940336292,0.097442222166846,-0.154495683273257,0.322446631464477,0.242578654013833,0.278098807457649,0.134328148366831,0.071546945835882,-0.0239079071832365,0.0505988222328064,0.16070070849771,0.185284137109715,0.490331316325648,0.153499963446302,0.319369893255453,0.0538567586381041,0.0206432443767302,0.263579631393699,0.313641989710803,0.161807778580912,0.153676408189683,0.0921218746912527,0.0487139928940883,0.0931247361800931,-0.292329543940376,-0.363554833309973,-0.163916784033093,-0.0238483721303057,-0.0795748979437505,-0.312722679653447,0.0534211877535667,0.0094760199911424,0.0387370026530885,-0.374312669511807,-0.149551354094349,-0.174753941774077,-0.0383067001473448,-0.109084444131096,-0.0857716554905687,-0.266740426724807,-0.321857523612995,-0.252800900625662,-0.179216878492955,-0.131496979209135,-0.527729667084482,-0.532839768188703,-0.123075071801149,-0.388207554778937,-0.368298149785752,-0.255975295658769,-0.268304040834834,-0.28156694606097,-0.122589552030852,-0.0877468191835577,-0.191864940629701,0.148524626099983,-0.0624077791859573,0.313564553785121,0.465033099924735,0.148227519016471,-0.0526959305227312,0.0799882731766435,0.154850221656329,0.243585328753327,0.329214254886192,0.365770640259643,0.289223034557122,0.0526955560872216,-0.118460413069965,0.32888460793914,0.11648228688399,0.139855674135497,0.157323686712432,-0.0263633599891391,0.237837420591232,0.074036559089014,0.0592704778401496,0.23155706366191,0.0051576229332943,0.364036689010203,0.193962662269127,0.275429931506143,0.0924030426744421,0.211797939773564,0.0578869074713833,0.169409250324325,0.341777656717132,0.287682655744894,0.127367016819374,0.232795147373286,0.210580482091704,0.225485716950357,0.0591621539445822,0.0767936783990447,0.0463775368332575,-0.293631316486607,0.216176275504313,0.0446795942344444,0.379134404438517,0.315869945264694,0.0571843509154708,0.382556216766,0.277803265509007,0.22406172435407,0.235601851486297,0.257373442512826,0.0155970177863021,-0.0526297756926638,-0.145368242243495,-0.15534858531989,-0.205934544358882,-0.10375250371293,-0.114082674753975,-0.0931492750025207,-0.25306546361926,-0.228150664940826,-0.0018977900841237,0.061393123017196,-0.0813746358386468,-0.0377903702546377,-0.0252214582783465,-0.315282047257103,-0.0681630053291832,-0.258360344381841,-0.121696470551284,-0.254571993373493,-0.0882383899600859,-0.0716465458248789,-0.0676733269148484,-0.114042311724509,-0.322331592964121,-0.22777119743523,-0.40842882456376,-0.25038770170088,-0.270831274830239,-0.320960888405444,-0.226869107953226,-0.0821942444195018
