1,0.803851315473228,0.0395933204355525,0.884340170562903,0.231141060872615,0.464158021981653,-0.221130639565781,0.652057933805463,0.579677307552153,0.181021541729525,0.473489126383539,0.7563132725301,0.784318026331674,0.401290093672423,0.511383207703195,0.481515789413709,0.382305437860172,0.391712787289294,0.357921941242248,0.516345014653211,0.190788357606703,0.429326972777359,0.429378363782858,0.306640877748837,0.0797916869618948,-0.213922719009188,-0.626190264699781,-0.247704560111088,0.30566385733121,0.642899837863004,-0.216932961712215,-0.071728201431022,0.0217672016579956,0.243697140915441,-0.504036849593833,0.075580002222114,-0.132132678034363,0.118944474834264,-0.321187696864341,0.0967997911979262,-0.0596043655689874,0.14949320798721,-0.0054869564129609,-0.082620027515128,0.0650630839939547,-0.183233837714383,0.166728308135731,0.0406200849179406,-0.558565314193121,-0.345748637338755,-0.446707426181482,-0.257532043197191,-0.174327004062019,-0.396718214204526,-0.412053137544349,-0.148890122796498,-0.427237959699027,-0.334194247381568,0.0415572704705106,-0.289482279441767,0.035857976178308,0.0808689655623405,-0.0709855861382858,-0.0036012903857038,-0.229756062829055,-0.527180706274238,-0.395073693440695,-0.192210152393754,0.0688593472635728,0.159792795633896,-0.194601742050897,-0.192507569758669,-0.116332096506825,-0.0253339723455598,-0.47158412011426,-0.477972452589845,-0.367529757078337,-0.152220621998199,-0.0382404368245163,-0.149919138009869,-0.177555196070778,-0.103653028767289,0.410045368434956,0.277494347098484,0.826080410485763,0.790085729759526,0.440939721582232,0.54720567456639,0.400644521492798,0.571494447245867,0.649714217118381,0.750854778047049,0.718886194162099,0.35300695376303,0.398180409278796,0.427989521388486,0.583297650255095,0.466930918456835,0.242759325396218,0.520140349949242,0.433862930533205,0.198690643817576,0.601547543660455,0.429676920406922,0.306205329545282,0.317756522866788,0.24154388219138,0.570037170961021,0.435774878017869,0.312507364074873,0.109232327723102,0.0389482697020701,-0.239399520214835,0.485465163100308,-0.0253467205684481,0.627608103939312,0.168116771999096,-0.186780991075147,0.344477670093472,-0.191713043726082,-0.0439528354542678,-0.25407676341244,0.0378105792927397,0.140591329572174,0.136619592665496,0.11678589881927,0.327376228532481,-0.238798506020673,0.168131825438844,0.013965358903607,-0.161380450390678,0.199536020401364,-0.300442618973309,-0.337726005503486,-0.0253023469919485,-0.0483177896675788,-0.262325859864751,-0.333715633909113,-0.429750244227804,-0.337303632785248,0.0208605557532005,-0.407440862676824,-0.411758074488092,-0.0852431333512613,-0.108818946729034,-0.285306128927128,-0.208723188242897,-0.578766367311627,-0.025925874921247,-0.435929922373655,-0.298365725878962,-0.0027391626072784,-0.124855840902533,0.38877786772053,-0.122019169151613,0.356780106643035,-0.0880337320705393,-0.148262672076191,0.125007610222977,-0.250387124804585,-0.230479010053574,-0.249762934552735,-0.0500516816316486,-0.100023729413141,-0.111597652210017
0.803851315473228,1,0.11900644489248,0.853857744718745,0.336207947645785,0.653349852210351,-0.155778512281668,0.891208397416584,0.632573413142835,0.29561657962858,0.413471403332478,0.888426562740324,0.854710924810678,0.155499182989865,0.427271434067996,0.400977195784036,0.331512044738978,0.340947851732057,0.497690117089906,0.464307494270618,0.029490605169763,0.3647815823964,0.46116754723217,0.13856644570913,0.321233611517016,-0.129432922327923,-0.563623501869582,-0.220503414097065,0.31718940221105,0.592204584082804,-0.0900532208744695,-0.198560650254034,-0.130455808826598,0.0557588479509465,-0.615999160927156,0.017566304955074,-0.235413858870621,0.0868222641113274,-0.374831056383599,0.0799758787503866,-0.13621859488897,0.0606298552224902,-0.122092744372129,-0.180092803183322,-0.0794516652459545,-0.327710179082297,0.0095205931117361,0.0060753012069434,-0.506954942907373,-0.284460290674352,-0.332704985194402,-0.189460201134829,-0.162659375651491,-0.516452447647509,-0.451794360758062,-0.180017389358764,-0.331952735085536,-0.407302345110189,0.0482341733017669,-0.3121393313415,0.177949465057222,0.0989848557799246,0.0370741523274956,0.0656339297786787,-0.163932896527873,-0.499336083299303,-0.280971764099091,-0.0184116744453848,0.045888612291897,0.243954045005685,-0.109620439307342,-0.0501921533049965,0.0495162016732347,-0.0151872609596058,-0.425860602166615,-0.380471976827486,-0.213125263220161,-0.117442011847335,0.0771690519616186,0.070859938653985,-0.126045367121291,-0.180550292232317,0.277799291176159,0.199713611953486,0.889647601170738,0.809992177539199,0.559092846949686,0.787286096777885,0.467081647153886,0.695070481485342,0.687356489545127,0.849518460454611,0.803594299305337,0.415444219293181,0.212618234628347,0.285246493631492,0.607117834583501,0.421925223506996,0.120660053926556,0.612330949172926,0.502148509747002,0.2226586913463,0.634089410468017,0.42254535326432,0.0572334758016151,0.243332714683278,0.234227569807487,0.661708987116036,0.17657851525604,0.419262058982362,0.160077523795022,0.215226480207555,-0.29256797446265,0.586583250301996,0.0555971437187929,0.654232647075391,0.256081700852265,-0.28965132487584,0.106867989775895,-0.385502979185345,-0.155655615881727,-0.345529978515998,-0.193996519874265,0.074879483831916,0.116427070978535,0.0420468883494316,0.185528759661802,-0.282758503902189,0.0627414497328718,-0.254481457700819,-0.458882651205484,-0.0443056519579778,-0.393079732227854,-0.326766436332653,-0.0684101161660904,-0.13171352279928,-0.129018663219009,-0.448985095651843,-0.376070404287934,-0.377856817537409,-0.22578337577752,-0.548460639700798,-0.532025831135011,-0.0944816882651056,0.0392944333873748,-0.0744093898668823,-0.304383916973935,-0.667096945106118,-0.0830620477479408,-0.516161761111,-0.274615747906457,-0.0243948725801582,-0.188359723071849,0.17826611636192,-0.169552981551271,0.264208280699276,-0.095220938884862,-0.0826537423686206,0.103549425065333,-0.218476970010288,-0.32708750784415,-0.262388114064381,-0.0044559495852372,-0.0694238217252336,-0.203986624264764
0.0395933204355525,0.11900644489248,1,-0.0736946840063787,-0.529103282620389,-0.131934428781773,-0.29203482121294,0.0686863881783974,-0.26338218872944,-0.0300432209875474,-0.490076074432763,-0.0539620897014727,0.0690001002973881,0.342544950615956,0.345343687970579,0.275715784350007,0.519602657954074,0.496850963008858,-0.131796656021574,0.0146017494181745,0.339561554306345,-0.138949850496206,0.567197226722774,0.488991479441769,0.0577914871558243,0.51105084369137,0.109992139805584,0.182017802502582,0.71853101579585,0.362168784611475,0.0199168092380686,-0.462441482970975,0.587436559622544,0.393500359629855,0.144229873295946,0.702948293772951,0.574719833905937,0.81263333189552,0.679426141858457,0.726193822364585,0.57117569346766,0.568365717786392,0.675068147529646,0.254611578514387,0.531596487399481,0.463055489410609,0.396418531263813,0.107891782006732,-0.0171606836470311,-0.300210431574306,0.172688418990969,0.413367620515268,0.209767747078849,-0.0435797919795656,0.469667019252554,-0.282659894840573,-0.108526547801586,-0.47202939633975,-0.0947340431839788,0.0755799577492506,-0.364197824790932,-0.458029460408001,-0.36948730245771,-0.457516931899429,-0.607061084496509,-0.219904899461378,-0.638494459046517,0.332737553413091,-0.497008296456832,0.0537093515321422,0.279239942171862,-0.121229104343565,-0.235429919998746,0.272454281439503,0.178187300869077,-0.327969032900288,-0.394183515976453,-0.634283239691899,-0.492268469476487,-0.466699689196753,-0.581980610864923,-0.491224760893094,0.063356373437615,-0.583420427964768,0.200928085646944,-0.0125226431362248,0.607918307297054,0.0175114660960704,-0.357747810086434,-0.0526244037208864,-0.139582588906123,0.09000751826426,-0.23490877470405,-0.185850768804513,0.468234882090842,0.238793452524912,0.188489606742134,0.360944493073963,0.408181770272074,0.213622749888291,0.0778609778148358,0.445466352100315,0.110731868066361,0.157458116812403,0.176392839793724,-0.34503354481826,0.542299142294888,0.0149803012027974,0.321277197188067,-0.148662914486569,-0.114320459973629,0.175058801582597,-0.312574300031011,0.443094468048508,0.70213334819872,0.24739611943235,0.658958299116795,0.020671475913973,0.532137589922831,0.175645269019089,0.675199918584163,-0.380969945729138,0.374665506067066,0.725915260683787,-0.023950840311555,0.605436953548699,0.594271103737683,0.544211983217459,0.594657201168414,0.352410730992273,0.0977764812023805,0.432616274530146,0.654127281693333,0.344874589113779,-0.0133716316272923,0.348752662124621,-0.104839515095933,-0.075066323745295,0.445277754527097,-0.203026479635624,-0.0432839848475046,-0.0738981196905522,-0.337549698847698,-0.441458926431677,-0.130707271033037,0.111674057754951,0.190621235135081,-0.0207372661796783,-0.455238607699398,-0.478163619391643,-0.351949023524475,-0.39871580126078,-0.58545925436222,0.183401965394858,-0.118403300469905,-0.0158662602041942,0.273590222076186,-0.356021529725755,-0.0085233108873451,-0.435660111041682,-0.549540583706854,-0.526281517631572,-0.595120536007199,-0.596664741502888,-0.580378202789922
0.884340170562903,0.853857744718745,-0.0736946840063787,1,0.344179003791139,0.544201388885919,-0.24268150573709,0.720583758740674,0.693056511626824,0.120330110431703,0.540245289388064,0.829856117333031,0.825269459950884,0.23742654655282,0.411967938412607,0.374831586224885,0.277011087131103,0.326316562443857,0.487352577719035,0.517069327770342,0.0847873643570341,0.499920325011086,0.38376814262295,0.195219968169951,0.197300121975034,-0.257929682747921,-0.587110798562527,-0.258394606874295,0.228386316900992,0.617426944857875,-0.11495037061406,-0.128782570228548,-0.144404137301001,0.140033003852903,-0.594481154932433,-0.0358254429519479,-0.334716992575755,-0.0204065381674976,-0.462403312015729,-0.0213268877796005,-0.218943896681156,0.0037470041199337,-0.17945502039477,-0.181472900579466,-0.111478572404686,-0.359382675922171,0.0446612318591927,0.0477100441824899,-0.519186941625387,-0.225188662714788,-0.364645740675392,-0.279465990239205,-0.13863857131915,-0.458725739899263,-0.500712070324406,-0.0690751956173085,-0.321801172931009,-0.331126698688308,0.107195115387795,-0.301916221434973,0.169951939293248,0.0952910122233549,0.0006474239095962,0.116688763009078,-0.116153684921862,-0.524112869331676,-0.286112204146414,-0.189935580753007,0.0104967300134067,0.173843884916204,-0.206217984462534,-0.22195784465705,-0.0794955947597015,-0.114209895364978,-0.49397663913654,-0.349978506163986,-0.211785515975561,-0.0909695646361674,0.0441637873250132,-0.0190626332119848,-0.132019493144765,-0.115992593572186,0.347819054812739,0.288167148294932,0.809087370570442,0.869454774980313,0.408590120802018,0.625220515558763,0.4440313832588,0.662979915960946,0.728092829733356,0.761233347133191,0.798328943935363,0.411211710996137,0.276206851356528,0.343568561336572,0.599215472785545,0.394661520003777,0.105040135751635,0.590256806941463,0.49733368455868,0.142957520701113,0.654371340729797,0.452457577620884,0.180548194873391,0.400525384265344,0.202473096895807,0.69826863439359,0.33601314313134,0.432141878743236,0.179405409056386,0.13859918387136,-0.238852968634831,0.478240957035252,-0.0142960439252231,0.649995454041471,0.224509259398251,-0.184991233911082,0.207502506265775,-0.218678560297931,-0.186040986925952,-0.208248875719086,-0.159074446755648,0.0175194157050682,0.175930876441349,-0.0254352314146396,0.167952719054579,-0.366696314940288,0.0245527930675339,-0.133469750207339,-0.315797531143082,-0.0038313591163892,-0.396811418133665,-0.31375413450609,0.0096221225116594,-0.14877062316867,-0.151578430004291,-0.320974988532588,-0.440402394786132,-0.26268498273254,-0.0330516641199872,-0.373711404272578,-0.341563133898451,-0.007861609710536,-0.0094419592115706,-0.289718108585911,-0.294707775408128,-0.65221018441161,-0.0233066261046794,-0.389214181307956,-0.161127887493254,-0.0072196484010635,-0.131488823762026,0.24058723404981,-0.204016883065,0.233278417886095,-0.16965117529549,-0.178009910158151,0.068233861697381,-0.22746460483632,-0.188971824401764,-0.116477681951706,0.001469986690052,-0.0315371341404051,-0.0928323124621272
0.231141060872615,0.336207947645785,-0.529103282620389,0.344179003791139,1,0.492882618501105,0.301458394249798,0.366346011994176,0.665848404279594,0.449709489898299,0.705776636780494,0.40877826700731,0.28367105100766,-0.329210955675755,-0.101725734232081,-0.101211928029169,-0.334943210861642,-0.316681204113806,0.540620490038434,0.141045983496569,-0.495173537388935,0.204351796445498,-0.271932406124733,-0.515477258856335,0.111043931860594,-0.0609632080254414,-0.334335858001395,0.164968962174932,-0.348641558268976,-0.176270423064886,0.283704676619148,0.38174952753796,-0.593738948173743,-0.335138280072977,-0.282388707035208,-0.678701875403952,-0.745999359828628,-0.625599318814822,-0.755809142304322,-0.56834921600263,-0.631898867542686,-0.55128723551056,-0.737721581347097,-0.533150686664668,-0.535178099667921,-0.707260868238224,-0.557352663243736,-0.0906294992688484,-0.219837049672721,0.118055186862755,-0.149094036381425,-0.632934155394338,-0.551866053734169,-0.468846144546309,-0.575623705645839,-0.153954977873066,0.073973981182689,0.212426666948384,-0.212389399556008,0.0495117464577118,0.368959948545977,0.465196973336401,0.0682605041036654,0.262861995487574,0.322343644359777,-0.332156329115986,0.263812294420059,-0.364401680035192,0.492746788037182,-0.114391001620019,-0.570060996677682,0.0219785632952405,0.162356689378335,-0.307264625999333,-0.481012433403588,-0.105318450032642,0.24190800894024,0.649832662356099,0.504001189276105,0.455341046433401,0.454333861929033,0.610042037398804,0.242613728282392,0.783321201789973,0.192368491382192,0.184823197644063,-0.235993490154391,0.409099552107496,0.729420793750647,0.368346902788871,0.586186866363582,0.211922652160994,0.586562848585392,0.307432111296427,-0.372535730095995,-0.225203349563004,0.0801098027488924,-0.284527973062249,-0.427999926159057,0.233284188368472,0.298624355404253,-0.403790377060624,0.0761042382370039,0.0422998778392729,-0.434290639849656,0.234469892410841,-0.579128369807682,0.156335882039418,-0.508933633197469,0.255620802178235,0.0525291408316525,0.332067783416761,0.495052602858075,0.0662598024662544,-0.397397700445308,-0.101869549199076,-0.245658608108572,0.114656731652825,-0.606373773888627,-0.199886412226426,-0.640417016280087,0.170621291258301,-0.554008861364694,-0.624765107564998,0.308111821294785,-0.464877819132393,-0.481009103240021,-0.555687242389409,-0.565764515822764,-0.536217918435701,-0.321065099455966,-0.591860151758811,-0.685003228897789,-0.412381311729406,0.281373965547104,-0.332040991274307,0.170931464137265,-0.222536012698129,-0.342854392749472,0.142169664747227,-0.273043417396399,-0.252721246965472,0.0924771292555022,0.239159162140133,0.0623219115299236,0.226466713552012,-0.306307321296465,-0.294291271555594,0.584728196182592,0.237620069653527,0.397904057759273,0.435644077273936,0.510098753787863,-0.215924607844728,-0.0915262575618152,0.140223400548516,-0.374818434162027,0.329240676043106,0.108752270030302,0.432239646244784,0.529620706180247,0.466904052451252,0.759713466964963,0.590341315401539,0.471082128666642
0.464158021981653,0.653349852210351,-0.131934428781773,0.544201388885919,0.492882618501105,1,-0.011806666031216,0.715733110417222,0.794857705990281,0.402809072774789,0.367703929898232,0.662268360880774,0.466608128335311,-0.162541157609821,0.0318402729462607,0.0576730752476321,-0.103276211607622,0.120168888875371,0.443060516064682,0.278185881135236,-0.277772274972731,0.226387024437368,0.180589153841217,-0.238684288115173,0.299778932904517,-0.14077618852328,-0.274857626048317,0.0817376837448469,0.0829568282513796,0.246057274485805,0.157825308046813,0.0902785825239811,-0.203815766112579,0.159181674388703,-0.422640598578784,-0.310666143788945,-0.432593045076237,-0.175246041886721,-0.570037408013817,-0.191781201379158,-0.4167240059222,-0.276417427235042,-0.47293087210233,-0.482994599734039,-0.34652539889582,-0.59397266359494,-0.263503911627346,0.0119541271229796,-0.249795059880536,0.0378595523085821,-0.0697410712118977,-0.382788687665051,-0.236742375929632,-0.462565015098505,-0.56214371362762,-0.06799531603302,-0.0883720713545184,-0.0207690660387495,0.0217375603731673,-0.0930100435142903,0.176921105631399,0.154408173858575,0.0123136743359616,0.146346550010362,0.0893247277244427,-0.392339541864724,-0.027072945738672,-0.323602758235647,0.0797360672317764,-0.0068926368123923,-0.3475755965943,-0.202392884670178,-0.0210209513259987,-0.333072796804957,-0.488573061818912,-0.238029067891944,-0.0238874454729438,0.237195684051259,0.237864480511921,0.221632327563157,0.154210288127088,0.210548671017172,0.0279140401159954,0.433964158343141,0.421171547214043,0.549810934377058,0.0246296217378259,0.866490086110892,0.562255444936063,0.830254267166053,0.652532157853751,0.481415454872284,0.614982683905749,0.419660657420447,-0.186608031555063,-0.101700903866223,0.342529350016592,0.137714702288929,-0.22545837344921,0.34348100391714,0.221598699160654,-0.0330322325950273,0.392039891142957,0.191381379201867,-0.25297665410062,0.231277990442498,0.0026843058472567,0.367687834098809,-0.214869407653486,0.527046731952532,0.163385365419783,0.357447768254777,0.0518370899047424,0.222166693727921,0.0570849239635886,0.30609705129614,0.202950551376051,0.0262160479775733,-0.163092173489028,-0.238155935547691,-0.504534807109927,-0.211696447973505,-0.523828151726859,-0.219211387433893,0.311547394842168,-0.189608335455359,-0.201555525609724,-0.381490747596441,-0.288980602310772,-0.441390766105437,-0.439410929123798,-0.36512345222461,-0.476983417460221,-0.188851751542809,0.271699951458399,-0.393342348107092,0.0602236318806111,-0.27095183692304,-0.339197284611652,-0.124116118151729,-0.47645706274241,-0.548935940063344,-0.197836509165747,0.15509660060047,0.183136549712094,0.0477141814152815,-0.383913438641785,-0.515900821705526,0.344627377590254,-0.136391042061818,0.138692302066023,-0.008025573511385,-0.0522739856215201,-0.0988102084281079,-0.203863824778183,-0.0732191424610756,-0.453708044392309,0.0401578391151417,-0.0864679160614847,-0.106591064795522,-0.0342899356914297,0.0761840259840622,0.347917883685746,0.207133348551989,0.0705663923346369
-0.221130639565781,-0.155778512281668,-0.29203482121294,-0.24268150573709,0.301458394249798,-0.011806666031216,1,-0.0297134093989276,0.0143743766890621,0.511504324135819,0.157289746094837,-0.119316772714831,-0.162533809885396,-0.362028629991279,-0.315616315096605,-0.348378758570829,-0.497246917908233,-0.520335009822675,0.0668302304450393,-0.437013783785262,-0.465161161619154,-0.168130836573867,-0.268486863546074,-0.391454842875085,-0.188491146047973,0.250709531164159,0.242017422008456,0.262139205417923,-0.315730683624038,-0.209314232847516,0.461934340069741,0.658703473879812,-0.334530015227257,-0.253971286718184,0.14291218297319,-0.409773717844442,-0.0801097528574778,-0.444925364914103,-0.273883063983688,-0.596396316098423,-0.583576848767771,-0.482248907822377,-0.482226486381292,-0.428981614234555,-0.516902747901672,-0.22641541746033,-0.571938017378366,-0.131271603799085,0.10055952628206,0.40051250111719,0.0758123004866417,-0.439235740574767,-0.248348008141917,-0.105275742562811,-0.221247231053298,0.246156257516164,0.339417865615819,0.44664381497048,-0.222462391953057,-0.155249190116438,0.333422563347177,0.549755424689535,0.350567640535228,0.638603172540657,0.663228340509505,0.304490218640762,0.477308599632687,-0.155309137387414,0.374452216629781,0.0578686479764068,-0.0077608975171449,0.110391208267954,0.48451703191346,-0.486406106297469,-0.11170521824293,0.326990082241557,0.558235234715655,0.677003478459955,0.647577198896417,0.614244754300546,0.763221761720469,0.571021489361055,0.0990489360595069,0.353220676654488,-0.209589425969875,-0.220434256430454,-0.313203716378498,-0.0331916388825332,0.347987489852693,-0.142372727460434,0.0093987329996594,-0.128329542613185,0.0518135913855726,-0.0077956497219589,-0.486540843970857,-0.294363010446456,-0.433419615545989,-0.40282152299199,-0.611571521742045,-0.281260706187348,-0.238025467276247,-0.419531345849747,-0.235320153258968,-0.503361758412511,-0.439375775737756,-0.0330039340622155,-0.37663274050813,-0.184855897591393,-0.480421313875156,-0.157900051033117,-0.172967393082782,-0.121971556209286,0.524172108308456,-0.310044746608288,-0.523480237595487,-0.217984875147276,-0.445205440910292,-0.020999799516481,-0.616800405334128,-0.309817049742652,-0.48458611054671,0.571452466712495,-0.146227265406057,-0.544794137485581,-0.0982907172098426,-0.428029129586851,-0.518623543778953,-0.455774053726902,-0.591360172923451,-0.564826935409254,-0.136717274825177,-0.507396835164012,-0.463793975054622,-0.422665591675665,0.102240019137752,-0.395339648286336,0.186017399900081,-0.199225990223045,-0.346981317824561,0.441156644619014,-0.428335635607,0.0271560233179702,0.286655048899104,0.335639550434667,0.0157522300073233,0.147079011835147,-0.490006516204776,0.189960371280141,0.42999107641065,0.512983220985772,0.256080918212083,0.544608775157068,0.702008505107459,-0.102786250109265,0.433070063893681,0.215824760923638,0.166482868328177,0.183490938261806,-0.192316813528618,0.72836842798529,0.597654906939051,0.495407831556234,0.632006437874459,0.77926216627335,0.743743420383487
0.652057933805463,0.891208397416584,0.0686863881783974,0.720583758740674,0.366346011994176,0.715733110417222,-0.0297134093989276,1,0.611523706739207,0.399900837214844,0.360148673850994,0.878344492300789,0.815493820333429,0.106457892411221,0.373456904210208,0.302201553000952,0.18679055140697,0.231452472038579,0.519450750596231,0.434275515557124,-0.116343988993398,0.264594242519063,0.30172547996057,-0.105385807981544,0.370041630045163,-0.0220351136071774,-0.42720947346264,-0.185759148158591,0.249943055485618,0.497426947829582,0.0258336559403409,-0.16455764368698,-0.271308623958986,-0.0454991512184926,-0.590527259822303,-0.0615539948029422,-0.270744755514678,-0.0124836873491068,-0.394157398663953,0.0066395590119886,-0.224839514281652,-0.06805733544659,-0.247689501670393,-0.288240411204012,-0.198273071616836,-0.44395149437409,-0.131194894206735,0.0379942670344951,-0.386944566989071,-0.174336290953915,-0.232327908988827,-0.166744160701415,-0.121243708165108,-0.500003948948767,-0.429849040004666,-0.113698916100379,-0.201425852839662,-0.345082250045118,0.0630527896343844,-0.30610119260891,0.228717384332385,0.1587365932978,0.119920485614934,0.153834101176534,-0.0789066546609089,-0.429242268694042,-0.209597261930112,-0.0441228203911704,0.131783442986298,0.230150388707614,-0.128913509667588,0.0080589401581066,0.122852616674602,-0.0968762317191724,-0.377887241142203,-0.233212300627375,-0.0614686497201324,-0.0449201980119285,0.127061324126885,0.153645503449492,-0.0458929535306735,-0.156010040096287,0.21761631743289,0.237305388740411,0.849465399986251,0.720801477094181,0.547458189675045,0.843942192581891,0.434161375419517,0.661662969791891,0.63626144986141,0.797797322817724,0.792422099548779,0.399055913928572,0.11905768816979,0.242840464360309,0.481260128030089,0.256541505010574,-0.0148518939415311,0.53647899149425,0.484369905289638,0.118246959588815,0.539190271599797,0.291016758585473,-0.150448171698712,0.165263491588826,0.0992753785292996,0.571986306548915,-0.06390316304844,0.420884221158841,0.107111441660847,0.33396868436874,-0.270737847931593,0.490955713614588,-0.0287741622550996,0.529135344971691,0.173291397381611,-0.302479733623176,-0.107467633092727,-0.445367531910808,-0.316476119890454,-0.345560332579709,-0.263711257776691,-0.0543628645942885,0.134741998031508,-0.0008332610492769,0.087931697035845,-0.34340557556035,-0.0896177019221153,-0.40340988654991,-0.566196091714449,-0.19836893111425,-0.450328487835156,-0.273873196162535,-0.0828276978370499,-0.269422589510002,0.0058907245970964,-0.421545003611142,-0.340154617891873,-0.344121462541469,-0.362527041532575,-0.591285625419767,-0.499809336662395,-0.0626268254331487,0.041841408421054,-0.0007168827119126,-0.333842487099123,-0.625538335057565,-0.0194296477925809,-0.449772812932128,-0.194388730613359,-0.0073552886983123,-0.138618221930166,0.205144779263599,-0.137389708433885,0.269450385694657,-0.156588042092851,-0.0157784630051291,0.123108144776678,-0.133480834158438,-0.266349833766679,-0.156654490678153,0.058663518103901,-0.0062389092650494,-0.140493414288685
0.579677307552153,0.632573413142835,-0.26338218872944,0.693056511626824,0.665848404279594,0.794857705990281,0.0143743766890621,0.611523706739207,1,0.293248994129813,0.594553541706303,0.72008116719891,0.535256062651625,-0.121511745104844,0.129160911414177,0.231143874527978,-0.0191156949490338,0.207210898308439,0.509943420791328,0.458371429657208,-0.127602316059574,0.346438049384545,0.217539381865383,-0.124744062239724,0.226175769605383,-0.165214017688246,-0.458873889281558,-0.0216921110122242,0.091843166692599,0.304648448591229,0.0704771271320947,0.136200852496257,-0.330423565855636,0.141775862525182,-0.481352138238483,-0.297724079126314,-0.533143173577633,-0.208265393045126,-0.657875975649198,-0.241124173407513,-0.483137523811129,-0.232793573175517,-0.467135829474497,-0.438685518798236,-0.282542496920765,-0.572790242832588,-0.176286934933552,0.0484279607106185,-0.370401906823047,-0.100068557121124,-0.296420186122202,-0.490564230032422,-0.296981531210162,-0.539154665737754,-0.648579875128291,-0.114231152069489,-0.221809901742845,-0.159331732158533,-0.211563601753186,-0.145950340809658,0.198694902572931,0.199649745687364,-0.0257341994968838,0.142236086702726,0.077720416095208,-0.489090843323923,-0.0685743474751012,-0.334840721498913,0.233312643997466,0.0021548280449295,-0.400410638988744,-0.19445111297304,0.0092541847018108,-0.329314747003468,-0.518463577946358,-0.261364460851362,0.034089359755394,0.278807202141651,0.266771100335285,0.220794839129249,0.159225715265682,0.32557860516034,0.237484259369488,0.554257494497757,0.476159245664115,0.569915107314779,-0.0054284964768094,0.701761535102126,0.690677217134972,0.809894276059318,0.861924672398809,0.505955242525431,0.681204776795971,0.271791985291118,-0.107009235694342,-0.0078706617535471,0.336198929425749,0.213289976358999,-0.11937654326084,0.380321107812768,0.339242915253501,-0.0233500707787458,0.387403147758336,0.318287577334084,-0.0524059010214345,0.297371845313936,-0.118322134154045,0.388942152886259,-0.097417132375343,0.450999983357843,0.196992190282869,0.329078969619507,0.0972954692508274,0.301264897298972,-0.099706933729284,0.340061382684045,0.0790892070362917,-0.05987918589047,-0.133693683226236,-0.214472857854324,-0.485964965433344,-0.177517941310556,-0.473153315878195,-0.216955600795093,0.372572274886382,-0.227861484826437,-0.189094170609797,-0.495118342325877,-0.234948829478496,-0.336442633284633,-0.407127848839048,-0.261583933417079,-0.56432549789396,-0.376941816850474,0.174290555396272,-0.370765853355025,0.0057663736512352,-0.378779291042858,-0.441479247191547,-0.1706890669737,-0.331920415449983,-0.498884838651263,-0.206424034410122,-0.0089071250050743,-0.0936190727295722,0.0682120467973754,-0.380010412185381,-0.539782954498468,0.372689904386888,-0.185013387374765,0.0572587972062923,0.108601105498488,0.0287943676550445,-0.0843580961068142,-0.263378218669378,0.0745493714410418,-0.389043597441486,0.0155204813364681,-0.046493213811887,-0.0234711975591687,0.0715632224537333,0.136601252788113,0.40617018605444,0.234493793874481,0.124369481108653
0.181021541729525,0.29561657962858,-0.0300432209875474,0.120330110431703,0.449709489898299,0.402809072774789,0.511504324135819,0.399900837214844,0.293248994129813,1,0.438585754006996,0.281184997131925,0.347868177661832,-0.198177214702964,-0.156363214721355,-0.217224459942003,-0.297465962532279,-0.336413250130225,0.212110012565199,-0.0857669630671542,-0.499157219249131,-0.0069714085400695,-0.188563614737744,-0.412867225872638,0.105409522639647,0.287640130657492,0.0071230673098689,0.512523416869994,-0.188644853795977,-0.12871661644703,0.495748943279874,0.561334968821091,-0.104034282268418,-0.0014073297025572,0.158878709841142,-0.379030469824265,-0.242983049372951,-0.332121722226784,-0.337619390843363,-0.349209600049833,-0.359840773996935,-0.362887200498851,-0.405071718150248,-0.436562250059966,-0.3222847886201,-0.315297220074422,-0.522075095022857,-0.135513619984033,-0.0950720014725739,0.185283715401838,0.119385723012669,-0.406196914650571,-0.370781688206383,-0.272787651140008,-0.232717851335641,-0.245954234569755,0.194108637539316,0.372553634983177,-0.171553095362827,0.0595363673434516,-0.0232289227976345,0.251643935500623,-0.0418652952208707,0.0948243536121934,0.114986038314171,-0.230063166773322,0.0184568577149843,-0.24079588060413,0.0860077703053071,-0.239723861154446,-0.331192015373368,-0.121239456534655,-0.0061584842751486,-0.321803405994433,-0.424948168957993,-0.196954858891113,-0.0298133989910039,0.563868169352879,0.201036966978991,0.16176453880481,0.342099832306692,0.564145129592516,0.163378534129382,0.648697149908156,0.20490256928565,0.0825173575393073,-0.0153000991588893,0.389028067773047,0.515088009146734,0.177378129772005,0.395730881417485,0.343190839325686,0.4871122874608,0.430530073905911,-0.283089183245199,-0.289592932487103,-0.131002633614103,-0.374105922559806,-0.397147534992836,-0.0351178837748758,-0.0364239978382839,-0.381002666597683,-0.14856031089059,-0.24659675831631,-0.489374814597957,-0.131849588828746,-0.396483408706653,-0.008395761767947,-0.533091049329695,0.260339732630497,0.064062620573242,0.289019634678162,0.560459621856861,-0.0906162390880027,-0.154757878963711,-0.127139763320158,0.0204835022776914,0.350010631901603,-0.393725471238556,-0.101166420400512,-0.331898324863567,0.0857049493097648,-0.269072217703967,-0.436215216412238,0.317517074567054,-0.237186444700733,-0.265950940161226,-0.183195936152735,-0.434524447175334,-0.456553275896865,-0.062221412442576,-0.447930802394869,-0.330265132948958,-0.214154800182089,0.544679990794631,-0.21476348905679,0.102086990181275,-0.188030477403298,-0.138992779138495,0.200624644106359,-0.435738825562178,-0.312980366958369,0.0818078664321358,0.346989337481756,-0.0183773716636214,0.210521788881594,-0.354280172800975,-0.168715228701269,0.656972796721752,0.236107029636311,0.28898443660217,0.158187259984611,0.336911828485696,0.0076304897267108,0.0267475596127021,0.0266091802289646,-0.171032164211332,0.0032593224322478,-0.0414197283519013,0.261429145545513,0.410426772085401,0.220723703061339,0.633704813616947,0.429765822472218,0.480561798491844
0.473489126383539,0.413471403332478,-0.490076074432763,0.540245289388064,0.705776636780494,0.367703929898232,0.157289746094837,0.360148673850994,0.594553541706303,0.438585754006996,1,0.536261369390016,0.440912031890814,-0.276973941903879,-0.205462042622478,0.0493637550553602,-0.176537044350406,-0.172056260472289,0.242416889920847,0.157232758019587,-0.220258189197526,0.187669313304041,-0.237224732408668,-0.280334205722475,-0.0162562306158538,-0.173624915501475,-0.429067132777924,0.0363050028558014,-0.38769086649707,-0.0407133669977192,0.171463397313928,0.397429841628883,-0.389453448210957,-0.194960113369851,-0.260986091591544,-0.592762277780737,-0.574946865102657,-0.523332270317526,-0.638734192978595,-0.437422380079177,-0.375165091560014,-0.287291000397402,-0.505704723808683,-0.244898720244246,-0.255422986321279,-0.425375348765902,-0.286840683240304,-0.102497994908642,-0.321014647593115,0.133592345515326,-0.230484313548074,-0.58617419768874,-0.423133053301732,-0.341525130872269,-0.47314188531952,-0.133496940961739,-0.0772543049458318,0.358473956679313,0.107530588138396,0.0363810519529526,0.258438724519236,0.241648536022704,0.068808097967096,0.254882565028058,0.248031901298107,-0.21656192746871,0.248803834779762,-0.354260163979425,0.249914468740362,-0.178801430599926,-0.421391693447241,-0.123391976251564,-0.0928055101746299,-0.139269540733721,-0.492359181567104,-0.123934701522211,-0.0582371679701729,0.572391776077348,0.358821056691844,0.253343059949862,0.30683660305428,0.491015638878513,0.422351361772532,0.74554933068202,0.360717153764891,0.278413710679819,-0.120376859908268,0.375560184569625,0.652312232940781,0.257258303988581,0.628668221820681,0.349248822022283,0.639710975473408,0.550557149625627,-0.27562427101668,-0.30174654912816,0.0606405905674481,-0.143893576618331,-0.209274118633382,0.0666999127425581,0.0803312507907768,-0.240675625063652,0.0274784738006904,0.0722063282195779,-0.103832729826166,0.138908715254592,-0.455177477315164,0.164022995578332,-0.187698994397897,0.147030430290241,0.0498665427299732,0.1265292864767,0.323574505123174,-0.0731963014402151,-0.441641783029911,0.045863736612557,-0.262172129804366,0.089193462149433,-0.310987440581414,-0.160550734799945,-0.471555268528264,0.152177108682352,-0.345919701721077,-0.482376174023765,0.272612073878009,-0.412039079788623,-0.332029654671315,-0.399610230461467,-0.326463771444019,-0.22289603700181,-0.0737134454311588,-0.265618388260444,-0.618115580332204,-0.457783848789132,0.265042616314522,-0.108939260383679,-0.220550376773195,-0.296625822112834,-0.479332206579804,-0.0996591542429851,-0.0104520153455012,-0.113748283609453,0.0322806846854804,0.465254267055471,0.0674080785895509,-0.0872357809316132,-0.225567029275533,-0.415661383007123,0.498572933038159,0.205514223490577,0.207542419521741,0.416355252886186,0.372724727575605,-0.188897351859267,-0.112347126058017,0.0996113031988362,-0.271651424194413,0.0447626747332748,0.119669080119806,0.0654880177968049,0.309722865246749,0.177812849511917,0.594135800844851,0.427948614389603,0.431109534016773
0.7563132725301,0.888426562740324,-0.0539620897014727,0.829856117333031,0.40877826700731,0.662268360880774,-0.119316772714831,0.878344492300789,0.72008116719891,0.281184997131925,0.536261369390016,1,0.860298410960252,0.0357808898181149,0.308468591704075,0.344560557084506,0.230486860188771,0.243560203688944,0.494811157280026,0.474471704455294,-0.013121263398187,0.323996605260404,0.309113287234042,0.0194151967868664,0.287282792785764,-0.186405836289335,-0.520332578457352,-0.234236673580124,0.212452493694173,0.495851466808813,-0.0455175762745427,-0.182797294868786,-0.264245599827014,0.031849268007426,-0.580507373676709,-0.0822707560873996,-0.342293031332314,-0.0623528359603515,-0.440613777812058,-0.061899989739983,-0.217205345073982,-0.0366305676046049,-0.216454545912391,-0.175502579672741,-0.162441311776868,-0.398560926602734,-0.0643840441882111,-0.0348044643176432,-0.387593170949777,-0.159750865906158,-0.275592140174736,-0.198326776726278,-0.0925011776519069,-0.436142335701932,-0.444944584801403,-0.112492723543903,-0.27244551896143,-0.306272638482955,0.0343417023165896,-0.295614038810808,0.159304353118042,0.0750924585757104,0.101534525931126,0.0930552341949885,-0.102702083748164,-0.398305148284582,-0.137567481574632,-0.0722056429412155,0.130656604549737,0.166061484829209,-0.125121029858364,-0.0470020212169653,0.0079564521627272,-0.0729453821500971,-0.394362993422801,-0.254301678441105,-0.15410073073665,-0.0486891388114585,0.0761879152267974,0.112109200530064,-0.102730429001487,-0.134151871530894,0.223683017850785,0.306662159536191,0.838010440886147,0.772684421691579,0.475367633144798,0.738850440011356,0.54915722973698,0.71344811062439,0.69685617363134,0.834121449161226,0.854906148991573,0.429758345154283,0.0686409335235577,0.180717979339648,0.516625009889039,0.304313692559892,0.0529236286508785,0.517603856696727,0.462815325574669,0.174100685352221,0.526977395598668,0.36710311372555,0.0295557147710487,0.289443981414584,0.0574709951180314,0.578840992595889,0.0891289236716019,0.382018884121045,0.171798125539382,0.295584643667518,-0.250980296700987,0.414359275654462,-0.0914373948044923,0.550670201465542,0.127280404687446,-0.288575209817054,-0.0233375149233245,-0.37026774035548,-0.286550433570332,-0.302941158715598,-0.25363487946582,-0.0652240112700745,0.158235932433506,-0.106145536752935,0.023034877634912,-0.381310403542705,-0.044553542268997,-0.273673662006131,-0.447028358189441,-0.108154289714378,-0.458822704308757,-0.320772932466402,-0.0671640905948646,-0.206351336629039,-0.0935187603416803,-0.400993620199314,-0.433510653693957,-0.406274370379227,-0.165303362871801,-0.512637744222945,-0.434458432949026,-0.0141881057590808,-0.0518241361757653,-0.106488488825833,-0.298248042179103,-0.625404438276922,0.0205360989731897,-0.410450649130322,-0.190166395420882,-0.0268762505479698,-0.144879970453258,0.122955409632949,-0.167531671364345,0.21114782714175,-0.155626090400312,-0.004419912632896,0.0130695244069431,-0.219511688943632,-0.266509190456929,-0.188993577258031,0.0578671648531911,-0.0247939760313845,-0.148883145640115
0.784318026331674,0.854710924810678,0.0690001002973881,0.825269459950884,0.28367105100766,0.466608128335311,-0.162533809885396,0.815493820333429,0.535256062651625,0.347868177661832,0.440912031890814,0.860298410960252,1,0.22181399765959,0.416555924137965,0.241427746745564,0.233034347842305,0.178144833323835,0.400077578877366,0.474413303672889,-0.0780392360090483,0.342338581610335,0.335070873914246,0.100440893065738,0.266981285382043,-0.134674623905864,-0.546373282672866,-0.176905529647178,0.201748326676204,0.51682425229585,-0.0761172829016478,-0.155120506921157,-0.123782984475365,0.0856955046661257,-0.453362658195436,0.0393486818559957,-0.267459518813696,-0.0204079239354547,-0.353297842898915,-0.0071810932343043,-0.138582824844704,-0.0441043753057651,-0.0946227267612467,-0.0653419296464622,-0.122217356670151,-0.328470246519225,-0.0491098430653803,-0.101740051482079,-0.4497053497545,-0.284148929622793,-0.324587674509598,-0.0923412623093412,-0.0344630416566454,-0.334082185082852,-0.356052575895122,-0.14745149683888,-0.290808551520366,-0.382363458494817,-0.0433586144135671,-0.335425521778843,0.0897922902007779,0.0744539189786864,0.0480642200187031,-0.0146850501224419,-0.213684026172717,-0.438939605647133,-0.31388961088047,0.0518706905347041,0.0794922977433038,0.236548495722034,-0.0906988292919749,0.057475910122675,0.0531955418012395,0.0579814479353217,-0.308025504459095,-0.242036568098765,-0.165538606534476,-0.143796356109006,-0.0603778008343081,-0.104788109525764,-0.207850614231322,-0.147822276269557,0.296069728620308,0.29059282672775,0.862886102515167,0.746279068195887,0.569260824051317,0.583419882829848,0.384716681700315,0.541476666877464,0.66422653719426,0.925591840835378,0.839679178296677,0.445991345629768,0.210538573565889,0.341763049128441,0.45240115883668,0.215448626878563,0.0851701032971566,0.467040805284466,0.421576557788279,0.105012018177344,0.539427510210434,0.327563387112597,0.0452367396616449,0.27274528852072,0.106671489113951,0.665350435213541,0.176910947048885,0.411972590591703,0.197392344666988,0.255730531585441,-0.261178107019724,0.445043927337235,-0.0041762207117741,0.600079265778225,0.300122234663317,-0.17144849072115,0.136193791553237,-0.27437635563029,-0.10603656577866,-0.368717433515453,-0.122849407374123,-0.0160510208370428,0.200708956368081,-0.0399245818681202,0.200258842661215,-0.275189188051823,-0.0140453944133828,-0.228048580669799,-0.443463949639801,-0.0586795253341867,-0.354444176944216,-0.287278445185614,0.0190922802556684,-0.123053177262705,-0.0657782215676834,-0.319140221354494,-0.337329042822328,-0.341380571199637,-0.0712464622866065,-0.465825340129222,-0.428677990947816,-0.15041838060377,-0.151092322979378,-0.113346213915909,-0.204399018628881,-0.573428661986703,0.0014062395313294,-0.495564641488815,-0.244183389529592,-0.101024617909472,-0.173340218419936,0.300731003812592,-0.159576068309047,0.303488205299671,-0.0636578565908571,-0.0510481316162546,0.108810917744397,-0.167548520094197,-0.240653881826886,-0.213568512064089,-0.0284687341734716,-0.140155577224719,-0.190886907764921
