1,0.442798004715013,0.293536923355483,0.69312822129135,0.501311877990382,-0.0506630951673998,0.293891354267704,-0.24506887250827,0.579851640176935,0.374098211523488,0.685421859011063,0.599970148025618,0.418462559667003,0.0282082029726544,0.0064478544296454,-0.155358588007628,0.210910178138004,-0.069807641604624,-0.403148107273426,0.0474129442543638,0.0478587390854849,-0.343016537618702,0.215570107179901,0.237190079915165,-0.240197663813482,0.279710757785787,0.229547940860979,0.370759744826395,0.387854065898207,0.143695652405151,0.663560911110527,0.392627133679063,0.105844670233159,0.513579036950763,0.223228303672931,0.257163813418647,-0.191378894687479,0.318146778392131,0.104820912940379,0.341387984290508,0.0177349107841285,0.383642501328159,0.0307503130660734,0.246251789130208,0.344957210027889,0.392351338403127,0.0741923974002464,-0.289292983293266,-0.0614292380187821,-0.109392984776276,0.349835597500623,0.249079604468602,-0.187980095170012,-0.15008294897831,-0.103952457327795,0.0637048250551619,-0.11395474141748,0.29039619925422,0.0079834942213414,0.0652306732876499,-0.188630615450818,-0.33030441869774,-0.267831048331181,0.137729875452921,0.223250605919184,-0.11542372763898,-0.404263406617212,-0.108722462886607,-0.453893157100859,-0.1191905386723,-0.244890749125537,-0.0829312609232992,-0.373581610461367,0.024092275903923,-0.244024218497637,-0.193457496683174,-0.197949403091186,0.108575926225019,-0.393022760841818,-0.236645189360865,-0.0739979833651642,0.110627857793111,0.0594061929034745,0.601496664242771,0.60100844238355,0.689530319321724,0.142987891456321,-0.0789226312513384,0.729611899052585,0.37295230091726,0.713633613000659,0.264631432271368,0.705012626952346,0.415572679764725,0.0507529638389917,-0.0509093035396441,-0.079109770181345,0.0665155472149336,0.184095303912653,-0.0732300579101399,-0.510309718621359,0.238447581308225,0.128890163207449,-0.0817786169514003,0.191343690934443,-0.455964119399888,0.211560436048813,0.172711101173283,-0.0433168588111054,-0.114680977924474,-0.113491013107565,0.392929245462146,0.516506548734672,0.0046076253817431,0.0787451798588907,0.361455110568891,0.12141248258147,-0.0518118388329132,0.567502898162047,0.0372584377512709,0.35741196079464,0.063863247461974,-0.0837280100414071,0.368176027866293,0.124742024783848,-0.21664504293674,0.119753028523672,0.354165481374853,0.358813793767877,0.512115382481265,0.368386682747196,0.259750139014256,-0.217794036962146,-0.16984127636515,-0.414910402575633,0.204969076319475,-0.167532299434241,-0.174454604494088,-0.265785145754107,-0.17377466517501,0.338489608484428,-0.412070271157778,-0.379679008425841,0.426121735087665,0.0347249067048399,0.38799599124022,0.149934134395288,-0.194968988741891,0.0910204659626345,-0.265434639176431,-0.506277575689044,-0.249837259125158,-0.570869201005526,-0.286690222216455,-0.537216014606244,-0.200865758557069,-0.214149655763695,-0.143891260429902,0.0449914573896035,-0.487719465923232,-0.211970205485647,-0.381678512082158,0.146787747161337,-0.443589066957274,-0.138788704395001
0.442798004715013,1,0.140429084945307,0.489479879728345,0.448741691235944,0.638429899985966,0.131595199832715,0.443891535067237,0.507596842436086,0.533584321244343,0.299316343632878,0.595620428786508,0.730094200751165,-0.189779130553941,-0.0420076884898666,-0.181420342677977,-0.125371609950869,-0.067273672320545,-0.205868883675756,-0.11560660860559,-0.219640574011368,-0.0456819374969631,-0.224681054966,-0.310615079365527,-0.348270119831911,-0.120649956748445,-0.0711457546752784,0.293709218559657,-0.164249678595764,-0.0648153638892685,0.212721002290833,-0.240031947750718,-0.220805716902422,0.360177904906489,0.167009335330741,0.103469671185594,-0.330991579582133,-0.0532809815638634,-0.258183192957247,-0.233350684383474,-0.125775780813084,-0.015212749078849,-0.0980132843153926,-0.18766200833103,0.0410584572316971,-0.290942294585242,-0.181105744020366,-0.256884312100523,-0.103168280440286,0.163964731896643,-0.0543687061036435,-0.212904123034502,0.0036994511678336,-0.0123697401271885,0.110449814617435,0.098713568870149,0.0743191107671818,-0.0927083658556486,-0.157587402506483,-0.186547972307148,-0.101967201944895,-0.273271410218793,-0.203830221023331,-0.24964387473781,-0.298384170426495,-0.153724183477482,-0.0151405450604306,-0.0224301808499604,-0.150683439218911,-0.0537881718734174,-0.0038416448794385,-0.145530435795696,-0.141765779240945,-0.0314278986225058,0.0767011439373018,0.101837223454361,0.0116794647807711,-0.0074135884790348,-0.176475371585287,-0.0422386526613248,-0.369741776448012,0.0297111806135773,0.0550753094895926,0.273149471079043,0.803232370923098,0.478778348028249,0.180184264460569,0.635604393944766,0.458689065765016,0.569892004461333,0.420677735151148,0.517312544152686,0.431803816035133,0.330859983782564,0.0057773504018449,-0.232954268877526,-0.127714349914138,-0.120310843136389,-0.0891764427155543,-0.1915167857421,-0.195436231320544,-0.355474797353714,-0.292031186680359,-0.159260767297591,-0.291518695928118,-0.123601198747431,-0.217173927027678,-0.294765541338329,-0.398915994305563,-0.397034807874297,-0.456369266623546,-0.135657994652669,-0.0829076187411361,-0.159550106403734,-0.0847515362477599,-0.196404977758126,-0.10690519694502,-0.153097280197523,-0.0380020519056183,-0.055832135947123,-0.108552949555217,-0.0311603034123758,-0.293540334848147,-0.166547760542158,-0.308948708520365,-0.17900402298728,0.0181449825250813,-0.0271698946890224,-0.0800700051028357,0.102191077210588,-0.242061172348324,-0.161679808171596,-0.382054599135213,-0.111903595651848,-0.177872686083085,0.194977559895017,0.124547433512908,-0.0841428122934411,0.0441887769425738,0.0330412917535579,-0.122005618168601,-0.207563864056606,0.0418509510790434,-0.0914305424265732,-0.221663016257012,0.0316384821677232,0.0865982211042928,-0.074616816055657,-0.1363901893264,-0.322052694626826,-0.162669572595292,-0.18580003877283,-0.168893704862636,-0.29380167169331,-0.188534116508795,-0.294556714626197,-0.125720699211259,-0.0085798671832485,-0.170273101413434,-0.148434699084193,0.0153858988033392,0.0425540309225996,0.0134688445958084,-0.283217497439169,-0.388520545649548
0.293536923355483,0.140429084945307,1,-0.103123920640651,-0.166806691628083,-0.296750299338508,0.812433274596889,-0.0247316109710697,-0.0960929067410538,0.606397698124686,0.0746308850202327,0.0198255677785766,0.349947896171478,0.0747891353011691,0.114002783466959,-0.0378297954230999,-0.079433650841049,-0.0264951890701544,-0.166672505110459,-0.145124456507618,-0.0204957849028962,-0.0920449851229158,0.511750921549761,0.237307871701615,-0.103765186360304,0.432132903840046,0.2534276202329,0.330398189581561,0.424461687984862,0.481530893855892,0.67382562254293,0.457116624828236,0.559320533269353,-0.0942694814993669,-0.05224939500111,-0.251009677508608,-0.0803584687915794,0.305085759324569,-0.0091246501139857,-0.0380919523485281,-0.372404927225223,0.0162537620378974,-0.330538293502068,0.0074212870447038,-0.321726691624025,0.224931297983701,-0.321660877076747,-0.14029186307743,-0.115965040108277,-0.29255746456977,0.23889829359163,-0.23119358731137,-0.219458638328248,-0.217243104022586,-0.372655526941821,-0.440657108162963,-0.332052134302046,-0.0566996446898942,-0.254973858306057,-0.136766779154301,-0.0994065351136767,-0.211413400470781,-0.231524224194434,0.141463558117964,0.42425327027109,-0.104613695224825,-0.203825455100452,-0.309853979869915,-0.314869410890341,-0.245691076153154,-0.429676495797872,-0.136630227356799,-0.267936720413626,-0.364533617393751,-0.469111958447385,-0.247528368622595,-0.237704921577685,-0.221026276944626,-0.204022375196804,-0.227174962944631,0.237455588175824,-0.113711423893838,0.0515152673591542,0.126446899829546,0.343114803167971,0.0306903180869189,0.61151182945485,-0.370675506298289,-0.0431093288974345,-0.273393356041606,0.0061122714163725,0.41840107531563,0.0503425804570168,0.530198600986634,-0.0662746471489873,0.0858229027931876,-0.0024187970189278,0.0456742691048,-0.0918941513392525,0.10611828739388,-0.161181370542911,0.0548680438326772,0.263594802722947,-0.105609563300108,-0.0761838752431292,-0.0355885767907461,0.317574443669804,0.181558522326356,0.229213324956267,0.204577494085792,-0.0187967516003971,0.600737359014987,0.47980031749831,0.199998810720892,0.159814723695332,0.386323415904136,0.301624215581031,0.607099405546196,0.355336895960756,0.243651427262708,0.0211389638253754,0.181173554826909,0.371183272676557,0.187526370394482,0.126228657206257,-0.0437975241112101,-0.0919483571042585,-0.0213779900806512,-0.145527385441492,-0.0850706424354563,0.272835199328035,0.0009363162993088,0.185665446931862,0.241043116532759,0.0410627038505509,-0.0369786269676917,-0.11743367530637,0.0252099467245791,-0.164361773371602,-0.194570602663412,0.123966184127122,0.212258832629,0.111444899876724,0.195119781573431,-0.0924538454871141,0.123453246749616,-0.119704169593158,0.164805813913085,0.383318908076078,0.246386053632384,0.129814247140456,0.0632404039560038,-0.0746785493860292,-0.0180448848494859,0.0641145467390045,0.018381767075031,-0.101250904126126,-0.115933096111638,-0.101570076657007,0.0217299516118505,0.0866642848155946,0.0126066626225344,-0.0992825617737873,-0.0388370686562428,0.219143922701992
0.69312822129135,0.489479879728345,-0.103123920640651,1,0.6821579452672,0.38150431503122,-0.0527594352244967,-0.0109548049794291,0.867388169340482,-0.028853756007651,0.780109731880207,0.7578421555918,0.161979792589728,-0.0511393619822165,-0.180280733852184,-0.269295481919746,0.259686289216496,-0.149973355420678,-0.325741756817398,0.0744364629537093,0.007131071757907,-0.415424672040982,0.105058837553894,0.132298654188404,-0.32782871998169,-0.0524486132498207,0.23602925999578,0.149234019818544,0.30605665403101,0.0709049165915011,0.379835108367558,0.114436803804234,-0.116613223771679,0.507145563802031,0.322030182741469,0.415859136248897,-0.263097551133274,0.366889851041618,0.0462369070130993,0.285851088822175,0.20421979070425,0.397672809131839,0.121653470868156,0.162877833196608,0.479950127910692,0.157350569231359,0.169540163318913,-0.274467335655881,-0.0991988580165223,0.149475553160602,0.317839209025243,0.233475718046198,-0.0594621170337289,-0.0700888896250843,0.113756356261749,0.331403594978354,0.0149503960214471,0.316102490941346,0.165318500619148,0.197129157168562,-0.218079730690911,-0.283773358883325,-0.235626834315351,-0.0501852405728316,0.0093585515171012,-0.162853690730422,-0.351574516509995,-0.035424445461334,-0.33522377976972,-0.0638644073316292,-0.117033246466456,-0.100020535419547,-0.344302975381913,0.157854610075897,-0.127983939699315,-0.0569228905658193,-0.183200034497027,0.225297779076708,-0.299656539041896,-0.213739270974371,-0.192356939959151,0.0147243845628053,-0.164278694380684,0.299056363533066,0.429714012882025,0.845708552441601,-0.156050596352574,0.379153536892786,0.844037833148291,0.761860392503387,0.805010517104194,0.0460636885203614,0.836689820325986,-0.0529727518767746,-0.0817923618806287,-0.248321505519177,-0.235463782568085,-0.185811487249162,0.0480650892284266,-0.240832508563472,-0.466266660540894,0.0125604452680659,0.0405929697993955,-0.186299424415995,0.143350361243505,-0.471818517297244,0.138305805170827,-0.115600828661722,-0.0949791916212472,-0.329682319266591,-0.275305300920355,0.135088687995474,0.29808219757652,0.0985742068486813,0.0763743034510393,0.25626250354637,0.109731941244735,-0.383637872640604,0.343252712757261,-0.0934766214772841,0.425532311864376,-0.0539286450669238,-0.363427384161703,0.259012551624616,0.13417971152537,-0.167727235715405,0.0786917049434802,0.371477832592694,0.421445463409827,0.548035806027187,0.16822823092987,0.221811636699792,-0.368379324778373,-0.260965766840126,-0.418128658074063,0.200614148328849,-0.211418354881868,-0.21620369471975,-0.0948697346311472,0.0436297357456082,0.238405316613534,-0.587194284387649,-0.429947189853985,0.288276901715017,-0.0058888543263428,0.363709743714065,0.132999092170366,-0.334312818091164,-0.285535241244766,-0.471765145644936,-0.595800457177793,-0.345921170069096,-0.633241589679773,-0.345499207008679,-0.62971570512436,-0.241190730773584,-0.218452469239073,-0.178493142258247,0.0812113406056436,-0.594014074932852,-0.360995509965916,-0.484738342470068,0.130651616351646,-0.475369156037063,-0.292766057308897
0.501311877990382,0.448741691235944,-0.166806691628083,0.6821579452672,1,0.391501019579462,-0.0449147833261872,0.180048748890709,0.66268224673708,0.0224214455842767,0.497604422464044,0.529302821814622,0.15788879661369,0.0723837872580442,0.106909655231694,0.0819449735521237,0.241627508772115,0.182089393627251,-0.005647925358877,0.0142820909742966,0.155315335009269,0.031128051694139,-0.0418807350039139,0.0956879430838338,-0.114406780253862,-0.0421011206644859,-0.244864454058993,0.0019553505995509,-0.0053843471722582,0.1064250820113,0.0687241623375175,0.0107797424040239,-0.0953291366303517,0.284148755581755,0.257766548630263,-0.0635013779211366,-0.244717021472759,0.104702238754484,-0.221478177489688,0.139667286604188,0.108703523283822,0.311101770049557,0.0167046668543428,0.329948939293078,0.437251363791866,0.0887912874710414,0.188368873332929,0.0068022031108025,-0.311325666579111,-0.139288586882121,-0.136507402421795,0.214548286519888,-0.149207853299878,0.247962193787872,-0.0893616441494059,-0.0133191557513277,-0.144043926632063,0.119224507829791,0.0331429297931491,0.0900907978285025,-0.164552114549894,-0.138613038378361,-0.338974480128718,-0.324815889449299,-0.209788726284119,-0.260745932689411,-0.254778530688127,-0.0332403897433865,0.0577195912019812,-0.188557348193774,-0.261747253015115,0.251262283464432,0.0151789294857359,0.282288252421464,-0.196330627453935,-0.0226559908704974,0.147893389823479,0.47619746641686,-0.0557655069866298,0.0579072735169142,-0.0728385178651994,0.49831874742339,0.187708236492378,0.447990205657527,0.423023611563611,0.575910936351115,-0.0700944917887193,0.359251335797551,0.766972921689368,0.608833124979551,0.495733566995586,0.152034238780699,0.536043538021756,-0.0942810940923387,0.158332035703084,-0.137828621626051,0.0081182691390276,0.0743018745896909,0.0188977192010617,0.0673315227245858,-0.112266018292897,-0.0812993488819972,0.0887453688626365,-0.0784511385102302,0.127114022708469,-0.112197495584136,0.0258900094194831,-0.0366235383136694,-0.190545110770795,-0.181795008510365,-0.119722401595731,-0.0749300098286168,-0.0886378246431373,0.0431267319064631,-0.338034935610821,-0.0578949901232497,-0.228276374089713,-0.420310464581749,0.0058551209662417,-0.17330386381285,0.042869246159683,-0.412919678456677,-0.311577619940805,0.0183794462740858,-0.0580368209257662,-0.195279350153355,0.0726725548195691,0.252036624820474,0.249026913828469,0.370891742618707,-0.0606809188576897,0.158383807257758,-0.237931864190038,-0.465520857016431,-0.349292830315343,0.124113190112455,-0.147114182099175,-0.235064491678227,-0.296305996416249,-0.137314385340328,0.0119081284500346,-0.429644780737203,-0.420744530119878,0.0744037187122764,-0.0434147853805196,0.136576735244857,0.176215145450944,-0.17274580479863,-0.110190115708524,-0.321778911521043,-0.450430473534363,-0.0734387991330566,-0.365537735254945,-0.154511760448002,-0.422299063939796,-0.247621972313507,-0.0456496253668794,0.0964093377298234,0.204412923133911,-0.381045855512935,-0.230244062722556,-0.22792858939973,0.374536204342898,-0.136064782334709,-0.173295140997216
-0.0506630951673998,0.638429899985966,-0.296750299338508,0.38150431503122,0.391501019579462,1,-0.237831966001363,0.55905894999886,0.571302355746244,-0.0224350582394496,0.174671967048576,0.427796714761825,0.202584390138908,-0.32642238400793,-0.368923502191462,-0.204180903517988,-0.140704209080306,-0.092661156339834,0.0445040130688798,-0.0739049628935682,-0.201010455892975,0.0640655135441856,-0.389949829266836,-0.537566049688558,-0.189010053907645,-0.186095229474801,-0.172929216442051,-0.022170210324215,-0.327164425250884,-0.149704231328087,-0.195030466293519,-0.437563829946363,-0.355837867611776,0.150484859562679,0.0175095096622151,0.0973513075758372,-0.217942855341661,-0.239634542196602,-0.1816897252927,-0.425757459331995,-0.0017117887102473,-0.208813948295009,0.119510888793191,-0.298685892519259,-0.0718901385163112,-0.512422743836014,-0.122849101778637,0.0597499076434708,-0.131336897379912,0.302725505988456,-0.165023479248131,-0.176810286945459,0.0972147798823367,0.073741901474221,0.177104044168872,0.274709180740112,0.154571636719567,0.0035414561761819,0.0377496139680183,-0.107286073329423,0.12894120237273,0.0979484891083283,0.0810022391505322,-0.338129856837786,-0.454334155291046,0.0009647869669264,0.135162906252473,0.149759331383729,0.0556298002263004,0.0874581792173156,0.234957627820573,-0.0955631220790378,0.0001735366347312,-0.0223874862187058,0.134927947733558,0.145824119472026,0.0179957713463872,0.246560650412209,0.0839737045660676,0.0643941847565918,-0.271639036699752,0.063673158923807,-0.0133994254920787,-0.0403645212376474,0.345709356403131,0.362942007815799,-0.228013262588975,0.927049063274541,0.321620508341588,0.727407855962508,0.278299216634271,0.129444546934394,0.256908980548675,-0.175688733128568,-0.205627841285688,-0.428702728308206,-0.130291445520828,-0.37872463937833,-0.304463381022637,-0.255182155281514,0.117719898369905,-0.441368738078948,-0.333417396395577,-0.132965419596533,-0.325189077437664,0.112452931580685,-0.450885373471995,-0.501641595213465,-0.439074642877721,-0.284404659549195,-0.416697685131584,-0.319173050007938,-0.461666760769086,-0.0933092408712924,-0.22035171469102,-0.399469922984001,-0.156328158860113,-0.346440067861208,-0.400276348716048,-0.256980973753687,-0.269890469234706,-0.321187066406291,-0.343526837319762,-0.411361667182659,-0.273774926730222,-0.0274028306810526,-0.157265491919852,-0.256386756407442,-0.250497581509906,-0.184823832675235,-0.47626633904067,-0.237985636617307,-0.268954211569788,-0.245860778537404,-0.0033120102180322,-0.0108210267382446,0.0761974334735278,-0.156807291103153,0.127808326076122,0.197552198671809,-0.378768270185424,-0.209208695200373,-0.0685172774191066,-0.182448872029857,-0.194973520204746,-0.235906339622201,-0.143754983373951,0.0405752476333473,-0.329560341128865,-0.306749007264409,-0.118168743753454,0.0740543825146645,-0.044644541762899,-0.089323893849636,0.0006600885854292,-0.071393827742939,0.0159975213658707,-0.0882115833976401,-0.167114558199296,-0.143973126460075,-0.119831921492807,-0.0836574275617242,0.145601520805265,-0.0636001750613463,-0.295049673663322
0.293891354267704,0.131595199832715,0.812433274596889,-0.0527594352244967,-0.0449147833261872,-0.237831966001363,1,-0.0197437788444454,0.0003697149348898,0.595484247314939,0.171850140791113,0.0631432827658939,0.250183273264213,0.201834026728491,0.199894294927952,0.150280228486184,0.134801848708214,0.187713723540536,-0.0517377582134842,-0.079170670795509,0.132938778394862,0.0878493158290171,0.583836116186952,0.312984855240731,-0.0523053574004929,0.347181008592459,0.0120935456388177,0.0597326691984282,0.364992934080736,0.623574692359658,0.59738808027371,0.344056882345871,0.604242704740339,-0.167773472369213,-0.285362935948528,-0.356408668948315,0.0829837784696667,0.374479043791929,0.095632571087643,0.0448498130435271,-0.289403239256223,0.102828430682023,-0.203170056587131,0.0810048898505475,-0.241306444044611,0.224568104061019,-0.153530056703191,0.052857651599636,-0.308717191098528,-0.525039916588935,0.0285474132794762,-0.259166931220472,-0.319819610409485,-0.384886018936482,-0.579021323814807,-0.545457387035504,-0.426584696538122,-0.0691584310567759,-0.30062644993111,-0.189623509978156,0.0888860237953231,-0.010886647482691,-0.133485581412205,0.14462382089195,0.506795437366404,-0.075357147398428,-0.216341968860713,-0.162831004658676,-0.210299871161259,-0.217812954682461,-0.399273687485767,0.0324121669276635,-0.146327529714852,-0.220911848445204,-0.478660271351902,-0.427525721307128,-0.381639403457494,-0.154455515934329,-0.234007731789216,-0.311858171747039,0.168686385584521,-0.127125546879339,0.11480008951962,0.15558768342276,0.357549663647461,0.0337665272063249,0.609328530338193,-0.267514191298943,0.040396359450811,-0.227568335251658,0.0598405646235162,0.445816957567186,0.187436557517946,0.447627845149429,0.0431617268155416,0.147935547053977,0.10897446319866,0.156516691389442,0.0090260397720016,0.301331039307108,-0.0770115234424602,0.115263168789119,0.422638736177253,-0.0763540495967064,0.002712697447053,0.0250866670820336,0.359951359006097,0.139759766186669,0.0354556491406514,0.139576448072882,-0.0305621117639786,0.500584460028153,0.472418879272938,0.237457391012744,0.0452898274753359,0.324402474818616,0.225460874631196,0.420568781275897,0.241013691945511,0.0349385462024038,0.0895843140066536,0.0332326100447193,0.384452265468831,0.294556003029834,0.17697061985698,-0.0028296271202488,-0.0487234398114177,0.024320799272867,0.0376151582293804,-0.0271350881090382,0.190853812959615,0.121052906672445,0.214438018094957,0.0427709552801959,-0.153361049726434,-0.0555617568621956,-0.192819156550892,-0.133703908981584,-0.267430064264603,-0.283039009751022,0.117940255530434,0.143101759279368,-0.0038073322371498,0.222032468986261,-0.0694343688174871,0.129683709787146,-0.0814391992554031,0.181492298194603,0.377946754637629,0.175071727722,-0.0136240164060386,0.213409404507421,-0.074368154562154,0.0767495708733097,0.0640691129618079,0.124429144958464,0.0164277175550426,-0.0297524067082911,-0.0756726838188593,0.0282380375979275,-0.0856914241476492,-0.0851609816164288,-0.0634151169969641,-0.0439510994534246,0.219685589264954
-0.24506887250827,0.443891535067237,-0.0247316109710697,-0.0109548049794291,0.180048748890709,0.55905894999886,-0.0197437788444454,1,0.0368996457227843,0.27332465774029,-0.238810034192709,0.0909690839003886,0.336243257660634,-0.0629987429481017,0.106246628458702,0.0140877295581356,-0.107301657020633,0.0784777504887056,0.166088670939453,-0.0887302221985616,-0.0400327009420784,0.0720356390606594,-0.174726674978735,-0.352090657175601,-0.220891761698917,-0.337502148561701,-0.304931486410859,-0.271167154683432,-0.310434741340808,-0.168357120024055,-0.239353826167286,-0.478237136378674,-0.0428621998918783,-0.290619117618969,-0.0884725687276283,-0.2549011725778,-0.111518490422827,-0.0876416048706789,-0.342405938585497,-0.2334266532781,-0.075430832573283,-0.185805985250225,-0.180242877508107,-0.105796350961994,-0.0689011191495532,-0.402081031676868,-0.195001698875444,0.0206661122255167,-0.332194047895098,-0.0617473760052649,-0.445867274172726,-0.222489466896922,0.1769259391298,-0.0111306141696264,-0.0201614753479856,-0.155481303945491,-0.12682308565105,-0.41342960700509,-0.141074246427156,-0.0446811944515529,-0.0690162033054993,-0.105940701751447,-0.217704566056642,-0.429697240353352,-0.316306312732967,-0.377386313918566,0.0353985490857564,0.0166177195323087,0.206032682194042,-0.0340148217926692,-0.0808499489575223,0.188470467099413,0.123704609756503,0.10477980062901,0.0506516077777714,-0.0586382223314844,-0.110788849378579,-0.102861183355808,-0.153491706510168,-0.0256038000568855,-0.432518969051854,0.0827804813612108,-0.0845734583702639,-0.11277784133663,0.205421445239115,-0.0537471868318626,0.116407176077929,0.568345843978259,-0.0137984261818733,0.171357158545866,-0.179801824999092,0.343518589881269,-0.150848428718798,-0.0551610730112292,0.0885058455633069,-0.157948242277669,-0.10636191488855,-0.158764011518311,-0.267336484160274,-0.111844352764141,0.167742400490036,-0.377491798766366,-0.354705159120722,-0.0900140419993894,-0.299264188613451,0.0128265921678777,-0.134273442230356,-0.34468534617026,-0.178392300028638,-0.344480395147421,-0.348438283869804,-0.418909381469775,-0.393065644556192,-0.0991039106996999,-0.0970764106975438,-0.350108295055104,-0.198773725475584,-0.150196138089652,-0.369017903930362,-0.165159029289549,-0.138513579986437,-0.0759471711118579,-0.226177314897777,-0.293254074134876,-0.330203447411515,-0.165437760990301,-0.144180507758777,-0.0741779667549511,-0.275196159150307,-0.103826219592548,-0.328245992041115,-0.196761158779483,-0.217642306047564,0.0724025386711998,-0.0086565765473886,0.250323547995897,0.396776153516496,0.120725601913962,0.385797182866513,0.26020141103797,-0.203231783559625,0.0068849847317507,0.322701559656189,-0.311147728785893,-0.0812746751332275,-0.0794190902957294,0.153706886592682,0.158052789817717,-0.268413667606212,-0.224758276167729,0.103949495074222,0.0207383927421831,0.110164594221921,-0.0787027051974714,0.224702076540388,-0.124990253563458,0.211098937012455,0.307315641960736,0.0543082189842015,0.284864533778771,0.070816134620896,0.178240803158153,-0.126111819352172,-0.0775075142992073,-0.328067316226589
0.579851640176935,0.507596842436086,-0.0960929067410538,0.867388169340482,0.66268224673708,0.571302355746244,0.0003697149348898,0.0368996457227843,1,-0.030657288636679,0.854628147528678,0.765543356043538,0.132288463592284,-0.213098502037758,-0.418979255943386,-0.259885702202269,0.21162457465953,-0.108783940532276,-0.24339859536274,0.0981888473459231,-0.0312496522492504,-0.278866484935153,0.0807436505309113,-0.0268372596548814,-0.272348459823046,0.140309053401072,0.107157898683329,0.108778131725432,0.215886384519273,0.166408027065528,0.340841472369515,0.139936071537758,-0.0604251188839934,0.367959051774214,0.0987024760228583,0.26745517509442,-0.208986100477727,0.249320412811216,0.103484080935761,0.0096481939513151,0.102799402920956,0.267705803111727,0.187066442663727,0.0148118086228255,0.202023667706224,0.0517324165395993,0.0765128092758778,-0.116529669122951,-0.193514077848731,0.0776500178175605,0.245960943757759,0.082895502173013,-0.140705239310453,-0.156704773736677,-0.0451067942554588,0.260463532676405,-0.0374156231883709,0.386774488762234,0.105335072529522,0.0242634340073957,-0.015880046438817,-0.0628196976076784,-0.0554222837970578,-0.0239640134490226,0.0050611530638466,0.0182785287948476,-0.280549161388062,0.0085716524298841,-0.405071037882284,0.0155141199652567,-0.0292773440603448,-0.222357869217833,-0.37322362643557,-0.0806656093477716,-0.229719392010979,-0.127998135918288,-0.257853843503681,0.405780819297105,-0.154619406867111,-0.246134718348748,-0.0030070104067887,0.0757418027414766,-0.0414327851934274,0.294377793227989,0.455274327012114,0.834462344700233,-0.135167400547274,0.51611661724322,0.874514866002927,0.859588491071253,0.85390969522037,0.0514007566186157,0.865792698386696,-0.0583562862238339,-0.305654866426372,-0.43335974096798,-0.258284490895631,-0.358401299792528,-0.131592754979768,-0.235566437429576,-0.331886784507014,-0.0820548103161719,0.0688935403467439,-0.185195447950926,0.0227067320994306,-0.271396378520848,0.0090719540093175,-0.233635701634878,-0.225845901525684,-0.228450642980235,-0.323565579015707,0.185578890011868,0.150494836470511,0.118216070694554,-0.0748730256303798,0.161050430414345,0.0708727596190622,-0.316405308139111,0.212024916701666,-0.135862199442393,0.175428560998522,-0.230660460026137,-0.28911089830839,0.0745517769941875,0.0582510891183156,-0.172384968881861,-0.112172106237866,0.110100556612446,0.195021752444973,0.271482328391904,0.0489785440522643,0.132716296243138,-0.218719816645841,-0.349151544859926,-0.307727246395365,0.0145821042582824,-0.319015473148692,-0.318071623382427,-0.21569847469404,-0.0171919371288061,0.0533865846211399,-0.476038198054354,-0.488185026286321,0.358205509748739,-0.103472462518884,0.163195865836698,-0.121208377233753,-0.167919495484215,-0.140001481511819,-0.331073815176239,-0.522155633706165,-0.0837360677063126,-0.57289803599952,-0.2029275013113,-0.455508020288912,-0.0587093632393443,-0.201638046424823,-0.353375075960564,-0.128089707651256,-0.604348290009348,-0.402733782401051,-0.516380418103453,0.302620487472201,-0.323888929384117,-0.115759237579463
0.374098211523488,0.533584321244343,0.606397698124686,-0.028853756007651,0.0224214455842767,-0.0224350582394496,0.595484247314939,0.27332465774029,-0.030657288636679,1,0.108559630838778,0.240079421775991,0.823127973097349,0.0952492822090886,0.292703189553013,0.138516365503194,-0.0085875950340459,0.205946165163917,-0.0117066131703988,0.0615320045949658,0.0627118079572668,0.130287103892262,0.000196639968729,-0.031648559376836,-0.0980855848798419,0.126701791038665,-0.211939735145234,0.3163947158433,-0.165974197256568,0.0115776627149046,0.417699081093557,0.0626081350899409,0.247376909543103,0.017048150940712,-0.217826629100164,-0.199223369775088,0.0323467699012468,-0.0313526473788533,-0.128133248165322,-0.0776707477266002,-0.250875622950593,0.0498579556541927,-0.294013257711585,-0.0648346162244735,-0.195092918646369,-0.0226955108605388,-0.114982793336015,-0.0581773625958785,-0.256070182490769,-0.367042119856701,-0.237729937195997,-0.224763177571292,-0.168810576203414,-0.282609698378653,-0.380859329253208,-0.371173157799069,-0.297799557057298,-0.266790605466091,-0.421297102002406,-0.358241238794024,-0.0620903501563267,-0.219553275431096,-0.226871997763712,0.0684587545421611,0.124361571493739,-0.262271034118339,-0.220492476063919,-0.135815557249254,-0.201565024196832,-0.155809383337283,-0.250126031261702,-0.0504773619377908,-0.0987006774658097,-0.178563966685834,-0.179654842123094,-0.26872070137,-0.199908658696663,-0.325719974244227,-0.365365339732982,-0.251503525304916,-0.104806721888572,-0.0680777688454798,0.232097337925003,0.317871863144334,0.694741600624003,0.110538767028662,0.615033048899946,0.0048023607048288,0.124342600908635,-0.103743633380669,0.160405481898749,0.809164223004162,0.159612489843273,0.807002467836693,0.197663857499235,0.169533894116643,0.106512394806728,0.183325589895091,0.154078814595836,0.102318114582667,-0.0204847042591928,-0.0092215284018368,-0.105852519501057,0.17631729598557,-0.127525619470214,-0.0266057626670963,0.0099283775054159,0.0636158049776508,-0.240839242377637,-0.0761683097813302,-0.102232713967582,0.0819198372015564,0.181532076276082,-0.293798078769763,-0.0450329644414661,-0.157023831670456,-0.0876640433148393,0.277070032777346,0.227597521237938,-0.0288451875110336,-0.0776883817148576,0.0707553141993818,0.236309844014801,0.091434300092813,-0.109215785136464,-0.0677603948546716,0.0310043810333968,0.053088809980257,-0.0265208953779571,0.0246070022888734,-0.031429993250323,0.0975510293518941,0.0662766298432439,0.0464076912061068,-0.216177329713792,0.198480395375969,0.14321463982253,-0.0444283437797617,-0.0993057827814604,-0.182965490120813,0.0126169833233823,0.15520211027994,0.169170409544982,0.0764156871562961,-0.219886453119052,-0.0219924259923894,0.104322539979066,0.178863809420349,0.366300545985805,0.0170882834795095,-0.0172373981863957,0.0437695241589901,0.0108928891022978,0.0041038210204525,0.137218084738639,-0.046643800491817,0.0702958520778795,0.101314854893613,-0.114936126929843,0.162013319022869,0.004556065423245,0.0836456009988023,-0.166795102206404,-0.178904352060338,0.041270665828872
0.685421859011063,0.299316343632878,0.0746308850202327,0.780109731880207,0.497604422464044,0.174671967048576,0.171850140791113,-0.238810034192709,0.854628147528678,0.108559630838778,1,0.6798549627177,0.122670542963783,-0.0787566717618599,-0.327813002179518,-0.142667806129532,0.367388964682953,0.0157046672497381,-0.27211870483548,0.251166623308004,0.110839455917992,-0.257934807989465,0.228089157114676,0.229486449595665,-0.166502125011893,0.320450613386563,0.167017549050082,0.150071725562035,0.313239365039085,0.238795415615536,0.50300482813202,0.375995536916633,0.107495066410019,0.341616544092632,-0.0361325321475769,0.299021097694407,-0.0699779598708214,0.35039004942217,0.296753765862815,0.219937237291389,0.140273558463427,0.448434278956048,0.139515580161796,0.0739847916062288,0.218425426982726,0.274801441833423,0.194612514937509,-0.083005747190622,-0.170157270483032,-0.086748524928005,0.34771662480653,0.147739918449142,-0.270782157363395,-0.342800079653966,-0.225880157745827,0.189488771549662,-0.173425674546426,0.47289731729349,0.040544770819395,-0.0025558964901961,-0.0007995892353681,-0.0552575508202687,-0.012984100983424,0.233666686321276,0.307242122070327,0.0514722946958668,-0.442650172832139,-0.0182075138191425,-0.561813919929383,0.0003449744398455,-0.100674920584478,-0.286099459453308,-0.486514986278738,-0.135357486398725,-0.352590345693685,-0.311368218024925,-0.395496894739138,0.292361210228455,-0.255006360352989,-0.399594820376887,0.18330797954095,-0.0609511117361396,-0.0417013111347189,0.32023633878255,0.444821108383624,0.821063505002485,0.0096833012428081,0.153001419619112,0.873191883184441,0.621963957514666,0.919223759813992,0.0974007746268535,0.920347493870048,0.120144153945047,-0.219338295437236,-0.258335127701743,-0.157605804289866,-0.17454414835666,0.100362572913945,-0.0883629014896527,-0.406965706255845,0.173189340206983,0.245735352563139,-0.0147488568906497,0.218612244304963,-0.332398835934944,0.219523563331242,0.0319136926532414,-0.0870483698832258,-0.0777945567053275,-0.125532292662552,0.364829312202959,0.414719041197634,0.0748013093843643,0.0106831260661336,0.304646677067597,0.137367845002816,-0.154836399574249,0.484346756945415,-0.103411593300886,0.328762492419157,-0.139009470112198,-0.0534377902507921,0.348185682255234,0.30401835032426,-0.184553876066821,-0.0835606792603596,0.26028217669889,0.404520159703342,0.381275713212281,0.26668722439398,0.399988093554208,0.032272145823824,-0.305201705630972,-0.41144876468398,0.0236073473259816,-0.444668826435829,-0.348797390305898,-0.372432891875933,-0.172864614044653,0.235886059242494,-0.397824418417764,-0.543038037258299,0.560952549522152,-0.102448846549489,0.237477337708223,-0.137038090055944,-0.0971879830471244,0.0797075989751497,-0.160199617700078,-0.554392383507901,-0.0274149203657335,-0.621831694258153,-0.0791761571642865,-0.431647767306722,0.0767327617832648,-0.190527726415232,-0.408208669281132,-0.101990532171256,-0.621221687219627,-0.508496234001481,-0.628969061348022,0.219837573950056,-0.365235873865829,0.10048724785601
0.599970148025618,0.595620428786508,0.0198255677785766,0.7578421555918,0.529302821814622,0.427796714761825,0.0631432827658939,0.0909690839003886,0.765543356043538,0.240079421775991,0.6798549627177,1,0.508048603206457,-0.20526411142102,-0.190239508114326,-0.22843799491738,0.0873789712819147,-0.123532501378073,-0.260857979578228,0.145694202616639,-0.180597128519817,-0.273549227356314,-0.0887392026919166,-0.0824027354309769,-0.276575276747203,-0.0792778400742533,0.103989039785703,0.199527948647334,0.144259828793516,-0.0230910232804443,0.319540058893344,0.100037611617784,-0.22971109935017,0.462026804716738,0.22668862509916,0.205264999727685,-0.307174922138378,0.120050223926567,0.0432332805706276,0.003755862056737,0.0523533888865129,0.0979766860139876,0.152265485849078,0.048641657779468,0.146678888649954,-0.0794968327133407,-0.0196695829063663,-0.401579682050452,-0.0442863358368901,0.0286299502467561,0.0978768683226811,-0.0232618799920896,0.0978954700666651,-0.0719352118393496,0.0481761223453331,0.145244783279148,0.128678255558348,0.0994008839860682,-0.172669660720376,-0.129897868466209,-0.144019319451871,-0.332334328486891,-0.0867157438050744,-0.0412995803465241,-0.129858854479278,-0.0481286414891829,-0.254785004236686,0.0426481073205879,-0.393490362275595,0.13112545399151,0.0339535184641053,-0.207702921982236,-0.367364969228298,-0.0152908249524325,-0.0079701312692135,0.0692092969762941,-0.179322208713823,0.0579731229853976,-0.487156815289456,-0.439988865576733,-0.258672417430288,-0.076464012037105,-0.0568678922999515,0.271511069380981,0.54974746612454,0.781988413031984,0.0174161207081914,0.51019192482622,0.720827871530841,0.788578933300546,0.727667010935743,0.261842469461792,0.816217190150883,0.229092968060401,-0.148594081110505,-0.254715901888092,-0.139849521856656,-0.188500982137347,-0.0873374510322778,-0.17309091772545,-0.299563117398478,-0.192013431588899,-0.0183078460349379,0.0060040313983732,-0.0348572616403658,-0.215681902387107,-0.0885155757416844,-0.21196716142228,-0.199124785923267,-0.290510547746977,-0.285178141705376,0.105432675037494,0.264496003318984,0.0945933767971878,0.0008463909689916,0.161385916558083,0.0427549299849186,-0.160694118129774,0.329846439860128,0.0587152034710023,0.238619100773673,0.0320945359167239,-0.243293419325584,0.0776100723041464,0.0179968854326946,-0.225525950624953,0.00034739089768,0.123192440815282,0.171879113178824,0.292192680578292,-0.0509987604301644,0.0925102303167528,-0.276557305809116,-0.183796936946658,-0.285777508728543,0.236892048530236,-0.0417099847018777,-0.175892400868703,0.0034792527873466,0.0703571160963926,0.105572458558169,-0.297351509631726,-0.179321434263903,0.202282179085998,-0.260499830296782,0.0023103662882574,0.0265233875512677,-0.0579411308975346,-0.136037020619418,-0.340850733728927,-0.437939103662689,-0.297109056211329,-0.539085722689178,-0.349321819167641,-0.378032326652109,-0.228179084146396,-0.111492688058643,-0.228929499644762,-0.221650595911821,-0.469340488808515,-0.222989208432219,-0.365422550488782,0.0416139205448681,-0.569523025284986,-0.305903842715926
0.418462559667003,0.730094200751165,0.349947896171478,0.161979792589728,0.15788879661369,0.202584390138908,0.250183273264213,0.336243257660634,0.132288463592284,0.823127973097349,0.122670542963783,0.508048603206457,1,-0.124389958379214,0.19003942002297,-0.0508925223073288,-0.13907693372146,0.059326351530831,-0.118101786539974,-0.0076553760111335,-0.134071430866498,-0.033488426686429,-0.23960925511426,-0.270279136533557,-0.209322143940929,-0.0636323762994174,-0.0758167907922063,0.449848533804318,-0.250355453278436,-0.246358597985443,0.297160073896415,-0.0475105957922422,-0.0670245871476725,0.21601661685776,0.0494247316149935,-0.0483391669776127,-0.194901977928718,-0.135705887506643,-0.269748479323627,-0.124301158645336,-0.188513800985325,-0.0608991712099256,-0.217160556831061,-0.146184276783285,-0.0835134583899299,-0.147839021024057,-0.200824172728013,-0.319080255645941,-0.13632857936258,-0.0559157848662186,-0.180011224657834,-0.133981833369363,0.0548201502275224,-0.0639410648052567,-0.0749536403387978,-0.0949833058878955,-0.0413101718217642,-0.26230768884304,-0.32824615910077,-0.365660409527326,-0.225453558347526,-0.391141478470862,-0.273499044702382,-0.0917442943687655,-0.149412091233714,-0.253057303901099,-0.162224646026438,-0.11820298144546,-0.201775396187878,-0.0600225946835158,-0.104060408698419,-0.110787163562615,-0.148394431579219,-0.103931714567851,0.0105962016667795,0.0020041233372475,-0.0372069860198632,-0.283012752998666,-0.388894004918457,-0.178928838450179,-0.312058132105925,-0.0156387862410859,0.177679787333857,0.363752408549037,0.747734069809657,0.287859328401039,0.390568187642872,0.269014734839043,0.238526186921832,0.193939140223814,0.263914988592889,0.676179948065409,0.220761531094757,0.723999392123719,0.150432737792855,-0.0004639949589786,0.0175823589604727,0.0934130847618175,0.0674359409829861,-0.0418279474569761,-0.110138375843164,-0.175763364711495,-0.311766758387925,0.120649627839478,-0.206945433355815,-0.105530377174007,-0.157579511061305,-0.0132044476937134,-0.280881891767168,-0.2537579670892,-0.210548769307122,-0.025224351662806,0.085144010292701,-0.363635759370484,-0.0127981652970608,-0.19136481857403,-0.103029981870598,0.187593260111214,0.186164339982196,0.0783619589370245,-0.116721103150676,0.134517018581721,-0.0454069317167433,-0.0959255195246671,-0.282942211989411,-0.153023732445323,0.144707642257294,0.0167352890634243,-0.0991249774957138,0.0494508648211148,-0.114967123410837,-0.0972952487891511,-0.22778216188558,0.0272010513826235,-0.0950821782107167,0.275083732729333,0.263242431922694,0.0734198230245632,0.0651212710071473,-0.0056979620268934,-0.0510613070912986,0.0296344440569207,0.198399246506325,-0.0002036532008216,-0.223177262605857,-0.0362820466573085,0.125573343338458,0.0593928832147431,0.147203039527134,-0.185865993940332,-0.0553575277929088,-0.248586466539445,-0.0875831356115194,-0.24395034664049,-0.0536702787143571,-0.322165558739471,-0.0367511854653678,0.0567457166402141,-0.177272691055122,0.0278101007396243,0.177894931757052,0.134704477257205,-0.130129678314344,-0.289159006434415,-0.226076634597202
