1,0.819477422077967,0.595549237827829,0.747112781476842,0.527050802953729,0.396340075262369,0.329207567589083,0.594811969007545,0.646828401286116,0.639868267092541,0.619670505935946,0.732760418020071,0.70308427704577,-0.0801942698532469,-0.0832754591838319,0.396281315295168,0.376681113985663,0.305454973959215,0.515557816144293,0.500913210621708,0.31424746245054,0.385778469786332,0.132906175070687,0.314622355799619,0.381289723413239,0.593643859148893,-0.257744735908207,0.0941654050458828,-0.0141195155239989,0.0344201201899079,-0.027041738774804,-0.270926716794612,0.19762913365758,0.16147218919837,-0.209271319787277,0.205057613027322,0.203802873535896,-0.131453904876637,-0.271419017096667,-0.119398045954976,0.0807371780406248,0.232010674216748,0.177170503401527,-0.317103130481357,0.0186711388109316,-0.0751071770796186,0.227205583229342,-0.114317688159889,-0.611255980363363,-0.400649988007045,-0.278333912736162,-0.525885999825232,-0.376492752737238,-0.244997949216548,-0.282563768636778,0.0939699455193939,-0.114913478433249,-0.0720948407792364,-0.26138689977061,-0.32757459828446,0.0191863813865723,0.0997750575270592,-0.133584390189235,0.129670926256588,-0.296342519409732,-0.251015973059568,-0.400020273147745,-0.15495993715521,-0.18933893680361,-0.214009807839656,-0.211431143001605,-0.321069917936057,-0.0921629165762782,-0.298322464938036,-0.598928195887458,-0.532730436432899,-0.456536449945664,-0.241309496990173,-0.288325698121442,-0.436061363155457,-0.407835898649915,0.0405799989284349,0.585179922991691,0.572117927853889,0.857311827263119,0.689641228466336,0.56783732108652,0.427833511671634,0.396901789266622,0.617604304200621,0.244630187832147,0.643238887830401,0.742016806181754,0.366854655749542,-0.193742640341161,-0.14811500632305,0.421820046539032,0.419376429916585,0.371922878255724,0.375838478252216,0.434301526279947,0.211899053371636,0.46649008409515,0.455201701392973,0.338061829578123,0.42046362638073,0.220490084691292,0.482387574885168,0.363678824694537,0.355472095722542,0.385127738239715,0.480945569187529,-0.0592249226646536,0.161176556851919,-0.228426533727942,0.305239999759408,-0.242258389059372,0.0818517134348626,0.233339302792809,-0.0911026155252025,0.18291656445965,-0.264864117280477,0.158325263740681,-0.19466852837271,0.353715690095473,-0.164735484557452,-0.142126295488413,-0.100661442556359,0.0793410227153962,0.0199561994236416,-0.340630230146937,0.108776636065255,-0.488586341838227,-0.565895905295441,-0.409630714428871,-0.167143087217601,-0.52219154556216,-0.349836072749325,-0.45399320718852,-0.0860797630143107,-0.277825460361346,-0.33594812514525,-0.433731152983072,0.0449586846484575,-0.253840951866795,-0.470347179741986,-0.33138094810747,-0.490839354516785,-0.110732388770279,-0.364125130918124,-0.595776239166781,0.107713055967025,-0.240751831555097,0.0923451190973114,-0.346077074489425,-0.157284326827147,-0.325044573266798,-0.388655649282713,-0.29508038537464,-0.221028645182897,-0.460596750698659,-0.385048892644378,-0.012188032184845,-0.251214176963123,-0.256626682125971
0.819477422077967,1,0.756860754245118,0.643243309469114,0.27847727355779,0.510540047214644,0.544648376976551,0.758698793637539,0.435334111946896,0.839203415486581,0.404196598553701,0.698253190223258,0.771975155049178,-0.148601652992814,0.0449241253571601,0.47330911605088,0.319064275796627,0.306610555314548,0.460411206581251,0.347682515533885,0.17341337518221,0.507386978947937,0.154754912570941,0.326522125753011,0.281088756828864,0.506952390932878,-0.332168302126574,-0.0649679484295553,-0.134590914293839,0.0395365736452102,-0.0720700153663203,-0.42875278800019,0.182339301504301,0.00094278266718951,-0.344915469890665,0.212668181758461,0.213593253420305,-0.336030896277359,-0.511166579714122,-0.244538433518653,0.153942388609664,0.177743764885924,0.00199803254009793,-0.433118135793222,-0.0730599406025381,-0.345990045650974,0.0786341246224768,-0.0664281878505362,-0.597897439023078,-0.35013673651871,-0.31273258175009,-0.488832248918943,-0.244765555166905,-0.2359910920462,-0.383826464855759,-0.0609716934934385,-0.116272482585475,-0.177349694692688,-0.286963892700035,-0.453137906261956,0.0344081310917496,0.143465917927138,-0.173858553940882,0.268277381328801,-0.43221881313522,-0.440886251830549,-0.404996953878146,-0.133609793228898,-0.0935309806130031,-0.249649145521565,-0.282388685901194,-0.241254434378778,-0.220674290802178,-0.117897965785592,-0.547009649248879,-0.505086837324562,-0.448047169429352,-0.281980651099948,-0.30992123660968,-0.404896470662441,-0.512429370292769,-0.25730849173512,0.500954573714301,0.338017933195708,0.956695696745126,0.613923607916629,0.729197893788382,0.554211525845677,0.264768196849545,0.546997265520835,0.0761760621562416,0.823113972900796,0.614239797948053,0.282377146331265,-0.0194620890416402,0.0308860232482843,0.486194726257139,0.373291676305925,0.335312004963589,0.446433376520534,0.419000522168152,-0.0140435262072609,0.545664748250761,0.432213503658861,0.177640293270836,0.470997072037482,0.291808543407571,0.524115181457831,0.363743504288899,0.35570203681683,0.26471117306006,0.539493106947203,-0.156021444314814,0.0886827473889154,-0.201095781049469,0.379653111034359,-0.285043667483873,0.104207818293264,0.077605120233209,-0.139729090654728,-0.00248145870007191,-0.346488196567803,0.194747572813474,-0.407917159258632,0.300125848568413,-0.0623009734086507,-0.246232249265687,-0.0391896244794972,-0.0658659546185811,-0.142562072836251,-0.506800525353608,0.0163973122100664,-0.604393643150602,-0.525800047009498,-0.310180909698426,0.104894374307385,-0.411420534874202,-0.302821035125075,-0.474487543578336,-0.0804981907207738,-0.349840248104376,-0.207148137330205,-0.383525770694645,-0.113486226562013,-0.27991832662921,-0.425129073250083,-0.18728234888682,-0.54400244151107,-0.217450691533303,-0.513106012713398,-0.571066735862038,0.145828750954166,-0.224831202918765,0.0781701326991348,-0.302715690557563,-0.1481593904919,-0.350952086644823,-0.275423473127789,-0.243832169258239,-0.278301381185989,-0.59963461035131,-0.249722402315081,-0.101402671896977,-0.261714473133422,-0.353357762902855
0.595549237827829,0.756860754245118,1,0.344061376931891,0.293867719553822,0.064101547331389,0.769229246055844,0.584775435648564,0.179110696306777,0.879284049148142,0.413339717427908,0.542522312084521,0.610444070276452,-0.0517918686439902,0.106070283024041,0.429993516672407,0.403308918004159,0.430975998707424,0.462664401123531,0.229860581079312,0.259706704530639,0.542637961441346,0.26750553533621,0.385698728096049,0.398648704482566,0.597144544104258,-0.19085454730333,-0.189385631636902,-0.114535449680628,0.136897563902991,-0.253274643573783,-0.540324196400222,0.240705676095183,-0.00888920645863951,-0.406762645924613,0.183427231065405,0.377263410628859,-0.272301873475193,-0.467747147676496,-0.249646156895679,0.0667507691658847,0.187739831368495,0.0113679995656476,-0.382024713614212,-0.16499274295587,-0.388421113184534,0.182106194585732,-0.220109412134239,-0.62424180095678,-0.341539132481755,-0.377110843071088,-0.400072624620988,-0.209021629100309,-0.199407289482384,-0.443874220688855,-0.178866645042787,-0.142226065300952,-0.305497783405145,-0.337890516130302,-0.573299291234214,0.149875293234104,0.0216847282858966,-0.0929517356395075,0.398768851434567,-0.382694927424939,-0.464541189829231,-0.321415525013773,-0.155078187659058,0.0199807826346275,-0.0704015767832011,-0.220338705109791,-0.151146840900861,-0.189982923770576,-0.0367505181830059,-0.489057927211599,-0.521442969319571,-0.404629884761222,-0.245402651046141,-0.392185423483963,-0.3160940700412,-0.575455431746076,-0.27142230647706,0.542460603542452,0.177564805782257,0.722957558488919,0.421771000648014,0.860377973277411,0.130415646451198,0.104264812587849,0.289122292411615,-0.0708298838944163,0.809717602476951,0.524629506783354,0.152820191307096,0.163007346703259,0.195505533612949,0.452298931900451,0.446551292855067,0.446747082384003,0.591662840589538,0.476571648383414,-0.215785528849813,0.619269946957874,0.467336774326888,0.197499940851003,0.526155117675218,0.493551678161617,0.586942344971543,0.432823661212751,0.416047708583437,0.411643405954234,0.631628197803999,-0.179406009833179,0.180401844412511,-0.185852153197835,0.503372214139207,-0.275802555600481,0.131350872955745,0.0286310177735997,-0.174933048039036,-0.106172439822212,-0.260554111879703,0.440550305786236,-0.347522440487151,0.0939817542200527,-0.035533472263446,-0.126115582407022,-0.0796050862903978,0.0416822840320235,-0.182885771159407,-0.63667190460727,-0.048244378409831,-0.525240116695552,-0.476930333164057,-0.293940429291741,0.198271222079002,-0.397349186074432,-0.371236023663212,-0.45804567005201,-0.317489213332668,-0.286869208534768,-0.272295099256997,-0.446907777288166,-0.241893416776218,-0.316638894148052,-0.387054395461281,-0.116108973138071,-0.595690826992725,-0.326353904813572,-0.602722884743715,-0.517258532617352,0.114076595089544,-0.256158450639919,0.207283464588682,-0.271536769628717,-0.0497645097582072,-0.420359869535252,-0.191623529812327,-0.18649107761396,-0.30519802012975,-0.61945508771929,-0.220387874449265,-0.196756421075566,-0.317987185354995,-0.493176708457142
0.747112781476842,0.643243309469114,0.344061376931891,1,0.358427533243769,0.263375648467523,0.162335645684247,0.448738634948864,0.747772616870861,0.438453351920669,0.571631867041359,0.691052696000068,0.556608228997001,-0.0431303048652724,-0.119971507847476,0.393109722483815,0.367507765912959,0.262288515116446,0.407409230469127,0.572731547969368,0.288377744745278,0.333280687962967,0.234025584341304,0.347474928208702,0.282287030882704,0.217756015939083,-0.284171025234049,-0.030166079787034,0.210972703216647,0.14706270474257,0.100581907866763,-0.303173859442444,0.305879818209371,0.326688406054609,-0.100169998212677,0.242808976963563,0.210998669478461,0.0516644020082664,-0.0570980391073051,0.0199649236230698,0.205005821644938,0.298163095898958,0.270986059402238,-0.0988959845085133,0.190615439133234,0.0334292509712794,0.248919668012855,-0.0859721381770911,-0.522470247382871,-0.453359293105209,-0.0532717586641763,-0.297998356559228,-0.442856287118571,-0.117408899332767,-0.0553295217033405,0.141850028045093,-0.0809010065022087,-0.0448621353154447,-0.214096704511528,-0.161775320582137,-0.172518668241463,0.110762715807558,-0.258905272679242,0.0077396723285338,-0.464259354722115,-0.311874997766714,-0.599501768642489,-0.271676774002336,-0.25198083710605,-0.45444692969073,-0.26992549484139,-0.345938475083201,-0.149563686553959,-0.24431543434537,-0.521656234912109,-0.538418501428747,-0.44048173715758,-0.382434670407121,-0.342763197427135,-0.515542992286402,-0.38771787313858,-0.180506489816659,0.20330155410274,0.200719222657989,0.681263228733383,0.869942494686848,0.374498669778346,0.377318405511865,0.485322792321886,0.754992398782798,0.162390466966157,0.410800963524371,0.700677342615611,0.0558645453850404,-0.0975977717195664,-0.0664384658057412,0.355234349561309,0.337693144017447,0.328721756157189,0.225864445476028,0.388020807697034,0.35578960636843,0.351116397034029,0.482434447868255,0.35478036601914,0.292496605854017,0.110064550213267,0.357392272267481,0.290864787971996,0.333591271768356,0.28494417608218,0.329274644587811,-0.211018816915262,0.284161371930995,-0.0285356125239446,0.266709453200504,-0.106932471165468,-0.101755977646617,0.345046771530014,0.0686449806095302,0.402596708018951,-0.153217464720822,0.165336390514158,-0.0202036100008584,0.603331716072768,-0.051532352562346,0.152463316715827,0.136722203654318,0.258222864005111,0.238970666498802,-0.255942788991808,0.386320759037047,-0.315268561298413,-0.347999546618519,-0.499772835330054,-0.186948101962633,-0.318637624695315,-0.0191414221214183,-0.0701373516715298,-0.00382523580104563,0.0743476779279645,-0.303248363588183,-0.310090755749361,0.0224602674660054,-0.222684059486609,-0.402363509593209,-0.11973665745452,-0.242575337480302,-0.356452674322199,-0.409973901216176,-0.638061472054827,-0.0625458546538152,-0.424394536493493,-0.00958790379916703,-0.366025089466161,-0.0195406749965803,-0.0943542519673015,-0.346275479342463,-0.234545758077222,-0.23506211951501,-0.319043165168429,-0.386078637226765,-0.196511903891672,-0.373764105914413,-0.262915734222523
0.527050802953729,0.27847727355779,0.293867719553822,0.358427533243769,1,-0.00581819403497161,0.101314753597574,0.0722582160094732,0.587866093485452,0.203602111320724,0.646900951343176,0.485583701485102,0.238910979213987,-0.241647439371096,-0.210989900775498,0.211165279852946,0.140426979203262,0.0736827408960724,0.221464617095986,0.279011632059979,0.215027180402753,0.155265776328232,-0.00915668099974778,0.146662003877417,0.313728015634659,0.454658254856985,-0.00697054684141665,0.2417753450415,0.0689338543707032,0.0297292899044488,-0.039489045783841,0.132565832629053,0.140259874176876,0.324343424926522,0.203449674086079,0.180176238721508,-0.0595947277668947,-0.0597183648288682,-0.0715731446180072,-0.0552246761761347,0.0318028138167469,0.0836854019980391,0.183326716038569,-0.10194509313181,-0.0077874966043566,0.187083959780278,0.148846054637494,-0.120525319159504,-0.244556183016942,-0.161662933879267,0.0138753605772253,0.00942770507096079,-0.110205908346235,-0.149957481035904,0.085696312983312,0.225353498203578,0.09704963901451,-0.0236431326382649,-0.229071180672561,-0.189307460330769,0.0404586198114525,0.165350267602306,-0.20923119228785,-0.0248441510454027,-0.000140204186316343,-0.0349115398304924,-0.228742432093071,-0.136631305872091,-0.0617694950316136,-0.216410832030722,-0.0615277727601329,-0.29067824788819,-0.106929225943466,-0.234986341258436,-0.324643672554177,-0.220089703161012,0.0296091248044391,-0.0170368044600874,-0.0787245758287639,-0.284475645601643,-0.0272382377617464,0.282365495839223,0.369362545981657,0.546837271099936,0.299535819657114,0.435333245630893,0.267420792055107,-0.0838106363569365,0.627808711427676,0.435779661022676,0.498681177389825,0.21069440186742,0.614579136944171,0.125618634165476,-0.0617809212844053,-0.220747853758433,0.382711336563797,0.223512363725758,0.245505289993012,0.273011708320286,0.238565106941216,0.159364868870748,0.210808662762773,0.333101338991403,0.450582568658811,0.344747675160558,0.254938373249462,0.334920418064942,0.312141679523078,0.291468829221842,0.353976814362688,0.210508005038696,-0.197145288789747,0.0692312828597208,-0.206875594251866,0.142436897850937,-0.238275602157085,-0.155121420749053,0.249316590130021,-0.0640231145456588,0.0282555004566868,-0.213578759194299,0.053427213846685,-0.0240248158630117,-0.00219477958983921,-0.0495121095990899,0.0823374063402744,-0.129116727348626,0.157053707817126,-0.0730459077970007,0.0169612884615021,0.0231294367354505,-0.235431207091557,-0.32907120180109,-0.352223058235959,-0.367280426232014,-0.322068205406975,-0.305555844431318,-0.228006497489864,-0.215381079381562,-0.157754075119839,-0.289855640816255,-0.365733878742821,-0.0509864673842101,-0.414345693963216,-0.383711892561067,-0.313593370636748,-0.394510184682778,0.0149586207588556,-0.205461102971419,-0.436333981979775,0.0369810702583066,-0.214217445508948,0.131081197543466,-0.40320839990528,-0.170633235522839,-0.341287516288851,-0.401600208135283,-0.340940467925637,-0.356062142833555,-0.255824386816597,-0.268966102848325,0.123310300069796,-0.273418133617852,-0.135993711701304
0.396340075262369,0.510540047214644,0.064101547331389,0.263375648467523,-0.00581819403497161,1,-0.00576761609755301,0.382989631061665,0.36749226547752,0.260195862103414,-0.0153466470715024,0.19621755880594,0.297415483831532,-0.304429320634658,0.0675353163549335,0.0189401197728745,-0.138979132909168,-0.115446189527559,-0.0101256413243548,-0.0179937791058054,-0.20061679070868,-0.0603419191392663,-0.21571559507551,-0.161645560012422,-0.262666295311794,0.144085512338989,-0.220468211989636,0.219730228306541,-0.276033551565478,-0.208843024937105,0.0838864470860492,0.0471057625227009,-0.150034718293974,-0.203186757636047,-0.179875290456972,-0.0405226330401142,-0.0975487068232415,-0.212841223347406,-0.317114182929254,-0.301441536708117,-0.0284659420412276,-0.08648333497975,-0.225180576553521,-0.375620122114303,-0.206524623989409,-0.217502361056737,-0.292844338506551,-0.00563892968327678,-0.0781148801736821,0.0271753110638913,-0.189307062718321,-0.30074644647846,0.0152931639848467,-0.241264266322097,-0.268462108011302,-0.000867219321756542,-0.0909859170784651,0.147895157759559,0.0762561402267072,-0.0755582037617237,0.054703222189837,0.0471377420954489,0.0169286614513305,-0.108879347115774,0.0916047950424801,0.0533900310628457,0.11711390329467,0.222365335665813,-0.0915911347812119,-0.0246888118155898,-0.123608211083742,0.0167097625605138,0.0561926535661038,-0.228088990746009,-0.087444406533848,0.0442409037461073,-0.207238406898354,0.162834231461929,0.205469335279287,0.0909183325121227,0.0592154405106361,0.0791878081837706,0.226564684174798,0.397263809739595,0.441669113784473,0.0524577306254889,0.0127249589159959,0.92783868152756,-0.0938716699424991,0.470772646385355,0.293162309639119,0.282264576367096,0.138894524468882,0.328024941620514,-0.158542876546925,-0.125761338793813,-0.0197535000071781,-0.0529386964915936,-0.162022130306264,-0.0994080704526264,-0.0862124643418957,0.0252782836388312,-0.149156896428115,-0.170348551656486,-0.239034154697133,-0.0865129064796644,-0.194269734755746,-0.0378719256621129,-0.150992521184856,-0.221367861861077,-0.202296529761802,-0.0848728393123025,0.0698831153070883,-0.288305510907972,-0.169223707014255,-0.147781835739343,-0.0488020549466672,0.230260557143442,-0.10472157547916,-0.144614118680099,-0.0624890905077369,-0.166757389027948,-0.261770071361551,-0.281490551079256,0.115596163365122,-0.135441743055023,-0.502621740409368,-0.192230063659597,-0.430727749370084,-0.2542359760804,-0.0648432046715079,-0.242118241573046,-0.316276330870234,-0.259510448276259,0.133963199810543,0.104710900072253,-0.0944552567909605,-0.206406542224079,-0.321064159455408,0.274574288735858,-0.419308663189803,0.116906448450966,0.0626045355473474,0.173913977624214,0.126457671399422,-0.243970457574277,-0.266188479389634,-0.0486122419782083,0.316793174006011,0.0499696864038473,-0.0121863813626645,0.310762028004033,0.288676179558325,0.0905668524857744,0.148984650273308,-0.173939814067311,-0.0670498790118558,0.081176929438921,-0.109900677958289,0.247678886644727,-0.173716893653227,0.0182313707351692,0.299612094594539,0.303773591875857,0.158405082526877
0.329207567589083,0.544648376976551,0.769229246055844,0.162335645684247,0.101314753597574,-0.00576761609755301,1,0.569775942605426,0.0755345963702714,0.749812508624096,0.238733022000195,0.462363890739195,0.538739613985022,0.123780612257116,0.165351174010993,0.357551567105265,0.319772080739042,0.299628311343126,0.45144459071435,0.187700096473942,0.0982089598765329,0.573569535221268,0.31694265069413,0.226207079980311,0.267671574470509,0.401119489449123,0.0648620801256455,-0.0692387975914552,0.00156246665103917,0.196436657011979,-0.145828837200148,-0.358363747291683,0.34496144403295,-0.060204653801534,-0.336022681986707,0.144875822591151,0.409299924670677,-0.152922469381774,-0.368868548484132,-0.138559039708808,-0.0109735666077365,0.164155110172775,-0.115244199086987,-0.46655796107097,-0.279874390419072,-0.418476494239317,-0.0194720060706459,-0.0413743616170849,-0.489262295351476,-0.152026516918034,-0.223298286992615,-0.403546406442257,0.0895105202988643,-0.326248297375676,-0.281374904627657,-0.0257487030272171,-0.133123015658464,-0.234320673681482,-0.311643217745371,-0.405659994876106,0.0124838352243063,0.0693347822103789,-0.0252115250425112,0.516250693861999,-0.172769575379111,-0.191221316353808,-0.198628998891104,-0.273098759210274,-0.0657969076478506,-0.139962329769851,-0.222449025425208,-0.274840193481207,-0.311541640695426,-0.170056494306323,-0.346566020890504,-0.284578612782759,-0.413568382948409,-0.219077692058726,-0.182923594832404,-0.299415765523813,-0.409587643975921,-0.252877018898129,0.445718094056368,0.0172837319313537,0.519662893172381,0.287693462956382,0.777633900679187,0.143680490761249,-0.00648550218627261,0.108787362419649,-0.152384949986135,0.656047948575655,0.32286505616867,0.0623914927745421,0.116908827237251,0.345924786051216,0.390754079980374,0.370227647631298,0.363552676482346,0.426080013958675,0.481875198458728,-0.156105664726071,0.655292514430551,0.481653215151131,0.0990634407763157,0.604542943058295,0.465654141916885,0.609714231245446,0.334730544189574,0.310767080270434,0.168695286142758,0.497810761741431,0.0952074214588277,0.250252468116826,-0.0786184023345818,0.523468352390017,-0.0331519423411905,0.167717883945511,-0.0376674867130998,-0.186430461565253,-0.1274458695188,-0.0233769124305809,0.424855331979988,-0.301295617749535,-0.0398132253279568,-0.13674817831959,-0.0717674865292257,-0.0857281402367085,0.0343603144918026,-0.222433913302567,-0.551573845194362,-0.107134352405635,-0.49966324383039,-0.386255959302066,-0.158455779352585,0.111225217278262,-0.268673062882746,-0.417579209338965,-0.398837984969194,-0.150478022230309,-0.394791690028476,-0.153932254715961,-0.384332486167541,-0.225726638105024,-0.323098851317722,-0.288705633410872,-0.254865111836083,-0.520717657879249,-0.17890801252388,-0.366711222653245,-0.447632086483729,0.133693907347619,-0.18730378549963,0.250459946188813,-0.136229841564326,-0.0495590223435546,-0.319561770161039,-0.240661351494897,-0.276990369187759,-0.281330645405112,-0.621131019611043,-0.15447595527022,-0.101047084919215,-0.18590719424173,-0.358375619899737
0.594811969007545,0.758698793637539,0.584775435648564,0.448738634948864,0.0722582160094732,0.382989631061665,0.569775942605426,1,0.284197483181412,0.783957874243279,0.162153429570128,0.735295208457757,0.919335759758518,0.0726309423280677,0.0253024613533651,0.355464867214326,0.41136054343628,0.408397953574215,0.500665799852964,0.416250969444585,0.263645940804461,0.505680174342835,0.386698114567781,0.473084285006218,0.318293105501023,0.246492601333576,-0.342110601357639,0.00497637978435202,0.0296970148478169,0.258548607884723,-0.0494378966529233,-0.38738400926964,0.410723566820614,0.00594886193810603,-0.416595546490584,0.239786363083846,0.366667525226219,-0.241804230784151,-0.538511729681495,-0.151807225944748,0.123309217288834,0.401896780633197,0.0190113650077643,-0.392460370861704,-0.0937632646430916,-0.447097120675443,0.111020054435497,0.0854553690455694,-0.680507592445829,-0.416376865994488,-0.355109407633191,-0.568357426836044,-0.251502659127167,-0.207557547405579,-0.419720937775693,-0.0866069390048449,-0.285151807526845,-0.134978394974769,-0.211091942678713,-0.495459296492869,-0.0863681793785961,0.185535623420765,0.0266781155841858,0.374207688934108,-0.511108488871396,-0.407303397548203,-0.386460601637454,-0.312009199875487,-0.13181946262624,-0.253239925497138,-0.403233361806692,-0.284880279050074,-0.300698118066458,-0.252831563347311,-0.675326657935051,-0.542615101888807,-0.643323712939052,-0.404724969386229,-0.263218179930056,-0.440585265841953,-0.475476025794096,-0.373432104708184,0.255835094060306,0.0204557617685277,0.772365327035919,0.445488958759545,0.630121057584717,0.484008937605623,0.0472892204073983,0.255475426260331,-0.206978968876779,0.838816027486599,0.368984653315569,0.31912063131443,-0.153004197675159,0.185748240591856,0.383813905732334,0.349629302502007,0.338333113670123,0.411950692922705,0.415865105513537,0.0692390311148577,0.604533631794532,0.51331168508521,0.299961722770634,0.492931137849976,0.499177452874774,0.63886783296651,0.520817090506971,0.412150823707184,0.287787671563283,0.2942505193344,-0.148943443198364,0.251171190653164,-0.155659692181821,0.547664617323641,-0.276992372438827,0.272248305699659,0.132100003181873,-0.185574991068515,0.028973864600587,-0.203374253098586,0.32186922600628,-0.392826926038104,0.242632146393158,-0.314154888747824,-0.218080157894771,0.0230963006614952,0.113888883623768,-0.0481624004650839,-0.553107774724862,0.0291179613795437,-0.564075728491227,-0.519083828261313,-0.317500895316647,0.116403932331174,-0.450925514834394,-0.192945554003035,-0.447978805492928,-0.1421896162725,-0.256682709783596,-0.22756468887468,-0.480207845224007,-0.106672949025149,-0.183887880265961,-0.470152663390222,-0.138467288906099,-0.595083819653092,-0.248051932401103,-0.482013728876584,-0.49849671472317,0.00960905979531535,-0.269140068767797,0.152019148047501,-0.124184169505192,-0.0353864000109133,-0.301810564605368,-0.235512550711041,-0.242929619588825,-0.216218258943176,-0.646989940474511,-0.327832857367205,-0.250361005599786,-0.200345885671271,-0.284455237288826
0.646828401286116,0.435334111946896,0.179110696306777,0.747772616870861,0.587866093485452,0.36749226547752,0.0755345963702714,0.284197483181412,1,0.268591387882373,0.711285996512578,0.61597274619682,0.370997838017035,-0.0753855810700069,-0.0774727130234676,0.377989289914823,0.257981366104687,0.169832488337309,0.406044411390003,0.552381453998543,0.261083271690471,0.293874257546791,0.0672677119726645,0.188031990051273,0.25120329686649,0.289610031938813,-0.111426321364723,0.200254746286445,0.131427022574776,2.94217232656154e-05,0.0133915120510278,0.0689730209045118,0.219404900459669,0.354697650325742,0.0324763921120163,0.143671267076871,0.0859456344304362,0.0498062862698798,-0.0507772992291932,-0.0839607409610436,0.0230469845899923,0.199351866678573,0.131473163078804,-0.226298785429462,-0.0894895186289041,0.164628218237119,0.0319495652666742,-0.0888437934689493,-0.335817495196439,-0.35373000196368,-0.0496836615960283,-0.211013640871089,-0.28326294416297,-0.238979723554285,0.0259985069507007,0.312571715942108,-0.0777366063187479,0.135320463095659,-0.107874584402873,-0.106805154421041,-0.0948215080081004,0.164489443148557,-0.131170530308056,-0.102581627233132,-0.0646052096711811,0.100475321295954,-0.301443197219213,-0.231328218439235,-0.196120360588391,-0.392770204809324,-0.172989542375506,-0.320019214567255,-0.00537303318019614,-0.485885244329484,-0.400778447262494,-0.330537348201304,-0.327940720914725,-0.0219891266099269,0.0489285621883254,-0.331303696327323,-0.0408767441242729,0.240234581498896,0.29793741550451,0.473125305851447,0.443436149737167,0.673620345158608,0.173045454800073,0.388101552920353,0.570740682353028,0.817296492675077,0.548085706709807,0.200713902077484,0.752404361732761,0.155928036743362,-0.130859994785293,-0.0830295747364409,0.391541203526293,0.394975630551836,0.300053281190244,0.18326174458521,0.388145344990946,0.441355328273281,0.249899200558584,0.464815223226688,0.442210259135335,0.31942348930777,0.0781877227338805,0.364822214268356,0.245154514306899,0.286579166812372,0.294167838508154,0.10831589160841,-0.0800452607939098,0.207565837664188,-0.190078714646434,0.10559316296605,-0.113511180126636,-0.140439910941047,0.361545700212518,-0.0905535982734953,0.269130672939714,-0.149924596207626,0.0677093335206938,-0.00416600045139474,0.301153694372855,-0.255380228408517,0.0481981748207937,-0.140395006397288,0.105994746926711,0.0358398688417266,-0.0781833524059242,0.168906768396156,-0.391417054032957,-0.377295625555844,-0.457690584212682,-0.405356438810548,-0.34220791508868,-0.249988734086574,-0.177679213935392,0.0346306615198114,-0.163617085840841,-0.295998390023316,-0.359496081547777,0.123951347530879,-0.183744506841266,-0.501960048858032,-0.455265548281543,-0.33012704406777,0.0409517214928178,-0.167072230593563,-0.581416601355239,0.00406066364975412,-0.286319884142005,0.163812651732886,-0.292111272821186,-0.151197928764895,-0.218572528120191,-0.404992464309502,-0.4109723377052,-0.152556017913036,-0.385880716058089,-0.436348658845508,0.143741431413316,-0.149427069335549,-0.020223203420525
0.639868267092541,0.839203415486581,0.879284049148142,0.438453351920669,0.203602111320724,0.260195862103414,0.749812508624096,0.783957874243279,0.268591387882373,1,0.315021773221381,0.625590801449888,0.772540627458903,-0.00645569426720159,0.089553898394864,0.475380927554028,0.43824284521314,0.444039961289745,0.538360454862941,0.390196822472398,0.290942795634047,0.586344973547736,0.189967924222225,0.398911736369306,0.39893511831819,0.523456692540078,-0.221035381294499,-0.12267690430591,-0.120386678652448,0.035912721140708,-0.243225403934493,-0.502007759901577,0.224354978964269,-0.00217908307663735,-0.41106570860799,0.21911183279317,0.390500825313437,-0.307749620767027,-0.533254632808825,-0.196842428844275,0.0545532482038757,0.245037689692555,-0.00624171047592837,-0.479398089382979,-0.135243337306542,-0.396975989978633,0.174935440152819,-0.0711475892818285,-0.681731186468561,-0.40369661714145,-0.374436517091557,-0.509268644317915,-0.102214358886845,-0.379674874316646,-0.445178085147518,-0.137685813076471,-0.148006873115609,-0.38901337144203,-0.415116323214296,-0.513544541442389,0.0104306700241287,0.0233314067422769,-0.235781402166327,0.314242103457718,-0.463144950880946,-0.520639793818149,-0.384311974648452,-0.232213587941695,-0.00457319785624453,-0.131053133837454,-0.271937212372026,-0.288100562792867,-0.290400402165026,-0.197094990628603,-0.51204722333376,-0.536361996052965,-0.53194910242934,-0.355739199867262,-0.400417529054702,-0.390342024019259,-0.617401565404672,-0.268302094203103,0.499061097357661,0.198048263368743,0.817456797839759,0.505285591062076,0.837293328488005,0.336647866856619,0.0989787602928626,0.385737571973117,-0.0775083011694718,0.924341626831331,0.500254830338057,0.32689746996591,0.0533834660409663,0.156930307053157,0.501688768851724,0.492306941347634,0.445032581242243,0.564631104351492,0.514923920607108,-0.0267020344823433,0.599586679833523,0.537259482647505,0.257403077102364,0.519817418010604,0.426945512010559,0.626612101199182,0.460591222649673,0.440750195394331,0.376853263436523,0.617093713329702,-0.12610905936208,0.137016361159483,-0.155641957590155,0.454136953864684,-0.221614894199972,0.236968392341758,0.0669575205188451,-0.104921904393952,-0.0287589510316058,-0.352555051289796,0.353338428492247,-0.446712786189302,0.235251981260963,-0.0957511087621627,-0.140806713087621,-0.0668213488757773,0.0442389145070798,-0.125617932312016,-0.590297424459868,0.033674379189392,-0.596656440505885,-0.500660813636869,-0.237464955213855,0.0835530640571689,-0.316062585936577,-0.386174758402617,-0.442819661026708,-0.14807607810023,-0.354500611485994,-0.138537957159072,-0.402308080390973,-0.299927539821201,-0.325205177156917,-0.353919551852571,-0.197427641421115,-0.623295383218894,-0.26098959159916,-0.575188605596335,-0.544194930298048,0.0252038687696708,-0.257634313179628,0.138918949793469,-0.303240829233953,-0.237168504685,-0.37796097404621,-0.292286024165497,-0.337232709416534,-0.324864315666776,-0.625225629887464,-0.185820869990612,-0.242317173066233,-0.30348949718763,-0.424689660590642
0.619670505935946,0.404196598553701,0.413339717427908,0.571631867041359,0.646900951343176,-0.0153466470715024,0.238733022000195,0.162153429570128,0.711285996512578,0.315021773221381,1,0.540125659094555,0.272017161719778,-0.00495842306151989,-0.151950781544878,0.416878543571226,0.416495962445686,0.254942454474927,0.533308917455862,0.473293244289328,0.375620943791448,0.423631542127039,0.0284041337002885,0.278950304875523,0.508501301917197,0.435344902675485,-0.121291550877622,0.0707675850466574,0.0375035877011116,-0.0787862533839541,-0.137849687054745,-0.0868221058436681,0.135113330459231,0.29724850715645,-0.0409656371847444,0.146484208382186,0.150479104871612,0.0189764307377962,-0.121083210082892,-0.09312074736078,-0.0641327694300833,0.061318377384146,0.113490607756481,-0.275194529139291,-0.153311575128799,0.158027182067449,0.173572924034678,-0.19733353704481,-0.506171848766025,-0.302649505507565,-0.163225421226088,-0.207565773458086,-0.23295617280489,-0.214588762033206,-0.0184512963270341,0.202941686677394,-0.0388990028044867,0.0331034423856446,-0.213763707776398,-0.176237784690244,0.010577589024112,0.206417720959428,-0.138583594656494,-0.0261426729350351,-0.0968352734157693,-0.0398896206072894,-0.232834905643373,-0.354959319845498,0.0899830253746087,-0.359944860486586,-0.25923711998171,-0.278784687312945,-0.0629625557919635,-0.464598463147025,-0.411430600704893,-0.316215031409325,-0.263196498969222,0.0280803475761465,-0.00045937574409444,-0.219672786168502,-0.170657784961207,0.259960096800571,0.375787234864805,0.428402117298938,0.359897396816385,0.667468971378491,0.265574428270173,-0.00351471615708621,0.53599197076081,0.586183548625974,0.467261391780759,0.207607949232358,0.879631305901262,0.126016670283007,-0.112101415712936,-0.0682393633297529,0.453996725087424,0.512953397336372,0.454507242317247,0.418045447478366,0.565623454933626,0.194124886769337,0.45790197432221,0.569628327597396,0.493068698939226,0.499589652694967,0.212667389062494,0.447446616076944,0.360283379213212,0.514179479233828,0.525754833332654,0.357611051036088,-0.145507702556854,0.254216654659477,-0.227029946431188,0.145402585357118,-0.194890735671999,-0.133930961424269,0.304126652678331,-0.124084805447236,0.188410666070288,-0.222316285833986,0.237708990551231,-0.0567895174783553,0.169336215035236,-0.139714354969008,0.180306665887369,-0.247075976589508,0.153493920044368,-0.0855312934740258,-0.244420641879953,0.175228044633456,-0.432775247930166,-0.403633530178501,-0.367389180527735,-0.422531165769709,-0.352305312323925,-0.357807248149118,-0.242893524323174,-0.106361360818089,-0.210164971505805,-0.301997498634952,-0.431929059416271,0.0217904803345838,-0.282994856829914,-0.426578426700931,-0.519216626692452,-0.506933549773628,-0.0139349976929683,-0.311000406111494,-0.556872096918733,-0.0861606435159218,-0.284667836256499,0.318074665457328,-0.376211778700907,-0.21299483320493,-0.480750543422033,-0.424738630599491,-0.438323698704741,-0.289437576878713,-0.389271910046206,-0.30997100324647,0.125745479636898,-0.191604449765114,-0.226733321118189
0.732760418020071,0.698253190223258,0.542522312084521,0.691052696000068,0.485583701485102,0.19621755880594,0.462363890739195,0.735295208457757,0.61597274619682,0.625590801449888,0.540125659094555,1,0.854169876714101,0.031135776253283,0.0204455021922707,0.479471040703482,0.435090925098121,0.420006264239337,0.611478084973753,0.684807289226686,0.432252056370786,0.552964985023356,0.470822620499672,0.58086911078795,0.52252335818366,0.291810570362517,-0.305791248885743,0.0338114459783369,0.216463955776348,0.376135602447465,-0.00694803767981196,-0.301947139197764,0.503435748013816,0.389783519801115,-0.1741822254879,0.452046248716932,0.382313836843454,-0.16792524783911,-0.332167729133164,-0.129947654950065,0.300359963810121,0.470719993397926,0.318848808591574,-0.284457321947991,0.0473224175710636,-0.208452692654231,0.332963794851265,-0.0248544929299449,-0.616210293000675,-0.523675342253145,-0.157657245479714,-0.425442320338917,-0.399030169685313,-0.184643929095355,-0.156835199116039,0.173508071112427,-0.0421736861523965,-0.16524892552729,-0.394850784017915,-0.396968004730702,-0.0830880742454022,0.178330571624803,-0.0812642580764921,0.341502196791114,-0.506334384739408,-0.336788732452093,-0.595633258058957,-0.380674985315783,-0.19205256014454,-0.35065402013547,-0.199636314845618,-0.461462348483638,-0.220208616452393,-0.28710380880948,-0.608516648621135,-0.645636038985539,-0.524143042107992,-0.51793837889914,-0.397884445622227,-0.676465891861442,-0.466328476339099,-0.235154509789232,0.238855495340712,0.166804240884868,0.749373051050483,0.726596095513382,0.594650921142949,0.292811068830426,0.446510605750348,0.522470349029764,-0.00676570530491212,0.658691091034602,0.689772796077713,0.170201685652888,-0.0814487598166947,0.0813854253202892,0.495476851579288,0.450408638478754,0.42235265461521,0.407462687739396,0.488148866627669,0.225710916124927,0.65884184496818,0.698082241376808,0.585397604982413,0.606069686551068,0.53365923704813,0.721477497880848,0.620582275749769,0.584855038848198,0.505086489663825,0.323471971885489,-0.279168666263317,0.352123534969081,-0.136865285631888,0.570826697741258,-0.322743992951575,0.00115718752785857,0.30699448250962,-0.0913483584299839,0.299336288014748,-0.126905627080319,0.414667219977236,-0.308637732171522,0.378666510307165,-0.327651235181838,-0.0049996316893196,0.111198534711129,0.243091732639014,-0.0139038771315557,-0.499864564906284,0.271453423386607,-0.495473181143365,-0.499749758799019,-0.588006178673871,-0.137996185438314,-0.461803901125025,-0.225953373941256,-0.308072464329681,-0.193739248165596,-0.151888381623214,-0.463304643472086,-0.556378412560538,-0.190429376262843,-0.485743875164771,-0.585754941677383,-0.248215254893061,-0.549315935156961,-0.374468449552521,-0.528582573629893,-0.748547131274407,-0.0850935242180628,-0.500328712396053,0.260036416294104,-0.351300847646207,0.0758337980681893,-0.218502098098199,-0.507662011639416,-0.394406978703607,-0.377687131811776,-0.660395398839435,-0.483704852347464,-0.273875028991316,-0.510783271081998,-0.426543853510994
0.70308427704577,0.771975155049178,0.610444070276452,0.556608228997001,0.238910979213987,0.297415483831532,0.538739613985022,0.919335759758518,0.370997838017035,0.772540627458903,0.272017161719778,0.854169876714101,1,0.0238278793109886,0.00816856910807118,0.413359520363065,0.4275996446031,0.488276741794842,0.536683252081463,0.556325703233174,0.401094272451075,0.528288107978727,0.497267658943038,0.605762836813895,0.46408518993357,0.321055011680588,-0.3588586338156,0.0134867117445778,0.0931749893127092,0.349616458147076,-0.0329351935195969,-0.406859128896828,0.483878613824169,0.170222294873277,-0.373473718068801,0.405896638961768,0.417120361330287,-0.273629499966005,-0.524164180101188,-0.174811039821432,0.224382261897446,0.467421805179814,0.186714803809717,-0.40831410165246,-0.0175837159460399,-0.40284019660304,0.268717312335535,0.125378409534938,-0.716091027058266,-0.512711426863151,-0.310754229849141,-0.582514785902786,-0.364681447204727,-0.296610376478602,-0.401644752652216,-0.0538524638622999,-0.183642473572643,-0.264375215386585,-0.370609850442043,-0.497674704569296,-0.0896557452842285,0.138726661530198,-0.0381320871638156,0.41237342750418,-0.567910323999709,-0.500287443919476,-0.50259730609324,-0.269870238881617,-0.135180340040591,-0.196376118205431,-0.313700526983893,-0.397659976593657,-0.311056581288805,-0.263840767823649,-0.710402563847778,-0.668348046131324,-0.686904251918391,-0.565552856444739,-0.453600816459755,-0.601991951035023,-0.607224130803926,-0.376083921945124,0.247811316345991,0.0672049759349549,0.803073016789145,0.539795821604523,0.663567712383981,0.393264946089984,0.234066319193445,0.292637723247334,-0.230483391052351,0.845379170023631,0.4520152432412,0.384364635999844,-0.206101117956082,0.128202295080606,0.43316015860345,0.402690633249896,0.339705335135775,0.387342480285521,0.419327475687361,0.115276384311865,0.666851359709689,0.594613904773532,0.448758284677845,0.521246074150863,0.581483592066402,0.711769177544352,0.629571824656227,0.536429315759227,0.419984558103055,0.389659534114921,-0.16282416325486,0.285567279825176,-0.116879130086841,0.644711450486112,-0.274711608667813,0.291170187469141,0.210880762836126,-0.0795513513147107,0.124205145117294,-0.218545204903714,0.390583651948177,-0.464671704530816,0.345117209440406,-0.31586968806518,-0.2014306548152,0.0966488099362515,0.152237745682544,-0.0578605764951563,-0.56502447481119,0.113256490308406,-0.568279964683743,-0.535458618413998,-0.395677944423252,0.0763788194689163,-0.428783196896387,-0.250030525171661,-0.412039844135145,-0.204420055068344,-0.228213112548959,-0.296281643077503,-0.498275032068315,-0.239859749671493,-0.349327890102624,-0.538468051591695,-0.147308771211633,-0.600405508643521,-0.337843245916378,-0.567932266208633,-0.592401889244711,-0.0434541299778039,-0.368436927484358,0.14056016472973,-0.194814708038489,0.0495825783282483,-0.252745382706029,-0.366990243952844,-0.31125256789155,-0.29563500895044,-0.667570421833017,-0.354204572922787,-0.379085862610967,-0.394460877625896,-0.444541563329096
