1,0.775368522741033,0.467497843714483,0.578770636860986,0.428490526195339,0.305232374500591,0.392292861198595,0.287910723774989,0.649413926624121,0.786558716405435,0.700959591761031,0.718581216613631,0.748323399028446,0.112176389230022,0.0449441898857407,-0.0323002776685209,-0.134527355411795,0.0372023073813639,-0.217512539182676,-0.297096291926052,-0.297111698094929,-0.328309060101879,-0.138598783997742,-0.493977734428119,-0.210108911709629,0.341145552992606,-0.260537388612619,-0.213620568644406,-0.440604577081299,-0.591444240090469,0.366522763680597,0.18933198455647,-0.283496811515448,-0.267146750037049,-0.424721069193964,-0.233658495422614,0.0155410780542735,-0.025160672603791,-0.0452176780146186,0.1815279980152,-0.277261735976102,-0.0399477870335495,-0.0935553386856133,0.0378101863386002,-0.313121524277459,0.487049968591399,-0.178516857866345,0.148187610597838,-0.412218792967827,-0.250327562861426,-0.392915866537172,-0.340721228848526,-0.316295428783594,-0.291699498030304,-0.166367877004255,-0.166968108967822,-0.282118433523105,0.517125785521161,0.379164145542184,-0.179471087353453,-0.0427268487259966,0.0829570382901712,-0.132029560569153,-0.275087081601373,0.106989761971926,0.018930217337683,-0.0010877703576881,0.154765963979715,0.14506993631407,-0.307214064792695,-0.285864951334382,0.133994752014042,0.171152590697606,0.0387140058374482,-0.377172281191506,-0.372143508987729,-0.175872840630404,0.458777270585542,0.211377708758833,0.235200883486312,0.292133022393088,0.0599633438369026,0.427664915843627,0.77246730362912,0.777827832552998,0.649078168673923,0.553692160443155,0.313795197577491,0.652762308393076,0.657104163710021,0.716214748214486,0.676679788170903,0.640234836757345,0.699606041228433,-0.043768053440424,-0.122280703427518,-0.0894029012753506,-0.102195174777928,0.0965617703627244,0.050593841567407,-0.24452027350089,0.264391726767622,-0.329387567295252,-0.110346874604715,-0.163593181288978,0.130294679839361,0.129854802160978,-0.217221238068248,-0.397451709694217,-0.0375424895993925,-0.283090277738354,-0.0577174781941202,-0.0546330884968468,-0.198256538713992,-0.380107035166702,-0.549987896639105,-0.348269273347486,-0.111978560014103,-0.124715449419416,-0.371043525795563,-0.26347072564248,-0.261899965393239,-0.0440343548691973,-0.0482251236358097,-0.415956980302077,0.122039292099074,-0.118052075918646,-0.121899557862728,-0.008752506950791,-0.337495714085909,0.357334719568275,-0.111975066350256,-0.0231779573276294,-0.272891957250302,-0.283766149531093,0.0520145489288271,-0.456410295433886,-0.327091228290734,-0.0914381571230644,-0.210548025846021,-0.145916058687948,-0.464461015826503,-0.29540194249267,0.671710895057042,0.28105382968934,-0.0209389761393208,-0.160966021714503,-0.331384809801818,0.51675104055236,-0.194964979147678,-0.285349578203464,-0.082144181497095,-0.350417163907951,-0.0691875276433885,-0.199860778246416,-0.355258659448437,-0.151156182185711,0.192662396848344,0.237764920296239,0.111783535579959,-0.11079406105872,-0.0810912607450199,0.498880629909185,0.177982257268876,0.287969579690844
0.775368522741033,1,0.364553603512286,0.690327079600371,0.168650366240941,0.630538572397739,0.17459828809454,0.618070197959992,0.543894668023123,0.621792599442591,0.580320788617783,0.603360381160766,0.79740857601579,0.0313012705218131,-0.135062031507633,-0.191615402548867,-0.163922546661489,-0.0286360013151444,-0.355089690170863,-0.377763886597413,-0.242797855895854,-0.401166490744202,-0.223922956982959,-0.459863774144075,-0.297834965492063,0.174841082410562,-0.198252809496629,-0.155007965683012,-0.568193978742454,-0.582432519651925,0.305311124172331,-0.0480744452122748,-0.294470298389916,-0.349552958819716,-0.451615365248623,-0.290551162032706,-0.12144107459262,-0.154612284250955,-0.0840094456357535,0.105564192349811,-0.228979708040981,-0.0151619998497766,-0.0977399200267765,-0.0620289673997012,-0.27085744623848,0.199365638574221,-0.140735325139177,0.05748751925612,-0.301926201795443,-0.117052307053884,-0.345852480631505,-0.153228537328507,-0.181194495370759,-0.17164253824412,-0.120860593133404,-0.150376875785503,-0.261344163339571,0.421086440350932,0.34372173723721,-0.231427756808811,-0.078896157155167,0.0197014040712117,-0.0976275727846612,-0.261538901044001,-0.036470105683932,-0.139862519784815,0.0243447543273356,0.0808660747602143,0.0071780226105161,-0.219248273458562,-0.29372681659531,-0.0089883488981582,0.0523968166910709,-0.0349205725890714,-0.249805339770869,-0.206707500827716,-0.296346038372738,0.230582864172459,0.116883958509975,0.18134429623681,0.100156691265218,-0.144231460348158,0.305156034413422,0.490915915390884,0.859168224722903,0.66828477832208,0.367347293606767,0.578318210592089,0.393646518996037,0.727947321133048,0.571104982907673,0.550922751229381,0.50190394422851,0.54961280662149,-0.170839482461688,-0.124046454047205,-0.196188705815094,-0.183180001735686,0.10195765799558,-0.0505383397106589,-0.366409408360663,0.0957889379737413,-0.372995642643262,-0.183724253773074,-0.135915052397886,0.0549476355671735,0.0028489918221122,-0.239191562848782,-0.329555764278986,-0.226427469887572,-0.335344988420175,0.0409200536405192,-0.259283934604864,-0.384523520834177,-0.198573525361056,-0.557078244613888,-0.305337464504492,-0.136660543375835,-0.118764070094572,-0.31805771860191,-0.250755768953112,-0.237013784983877,-0.147309649824644,-0.174049321909364,-0.291657498922577,0.0903842272325829,-0.17164017274826,-0.0411495198924075,0.0203123252226039,-0.220225988676205,0.153827092638641,0.0040931582751233,-0.0530970383952112,-0.0886727320999759,-0.133776169431693,0.0104938259053521,-0.223340141949321,-0.185257762810642,0.0280471613605263,-0.110146947961295,-0.127212549222256,-0.270562729129074,-0.12909617759106,0.573396318603869,0.319041495611553,-0.0794745236260499,-0.130714224754967,-0.168968276403326,0.237444885836186,-0.164779155401611,-0.110123808260565,-0.147954794147268,-0.167164018937334,-0.193546460107304,-0.101384823847086,-0.302408279919604,-0.0604372223555434,0.0542163383990999,0.116756916206251,0.0436200224040847,-0.252695905174102,-0.116143196100996,0.254290483387277,0.202129093871036,0.141339849750867
0.467497843714483,0.364553603512286,1,-0.1225366296203,0.0435850487822359,-0.0255813162286893,0.693112989466203,0.0884076869659813,-0.097602486655781,0.585542094169898,-0.0782871505486008,0.249319276158106,0.643631409610942,-0.1814579960889,-0.215608460751368,-0.205204921981605,-0.445078231205464,-0.390129776342855,0.0170720904441684,-0.156293135820749,-0.353969602200713,-0.0759592289090533,0.293273658101793,-0.215603571137954,-0.250391359021457,0.699582098168994,0.323848963540621,0.481447217751033,-0.0783885441258268,-0.0294980240252005,0.86211051946918,0.141364796538918,-0.203055127560921,0.301854905121995,0.186881191130789,0.372150665296032,-0.240987837925325,-0.334165654003751,-0.221194638299769,-0.421913897609182,-0.400404242349859,-0.431503500303089,-0.346609588195221,-0.364076262445545,-0.344461511746797,0.204034758984086,-0.445056899054104,-0.254912145336133,-0.265022892221807,0.29077502921507,0.219928897225932,0.252199843494804,-0.0902686925584507,-0.194755427143657,0.0219041206118253,0.117583818296335,0.155677776811258,0.0049069740751441,-0.0814080061500625,0.0169271123506882,0.0055462916957594,-0.0227074387853697,-0.283206992155777,-0.248198824538652,0.011663600752131,-0.322956201780745,0.0415812748076458,-0.154367664785391,-0.0313468611341323,-0.241032117530908,-0.341860922710235,-0.158250399690842,0.0359815812357111,-0.407655853421078,0.0010374836143616,0.0076175448194312,0.137162830342312,-0.0520156927074604,-0.0932483949050266,0.0711212486432531,0.129979864927808,0.660416226926956,0.602356984990271,0.708251184548247,0.215148892634603,-0.0173812304013604,0.763479915186021,-0.111107255239633,0.112148136542102,0.0013473806240437,0.0520591503231731,0.600207468999869,-0.0614524559130894,0.776754089049955,-0.376506088569029,-0.376839190248494,-0.194050810458598,-0.201072790826174,-0.387986561851588,-0.278684281953003,0.0502675058390635,-0.244139130499765,-0.081397990774791,-0.0306499141936427,-0.408997529105185,0.0090293910569781,0.268316408064763,-0.0598610829634006,-0.365054175867952,-0.30348357349097,-0.347534764233604,0.687005009798641,0.464205119859895,-0.134301298561639,0.0884570448590891,-0.0020096022363148,0.168919234331052,0.422054948167523,0.278853976227823,0.0190785122080653,-0.0245063484185184,0.0762709882391869,-0.302858760177182,-0.363806837951893,0.225574604697476,-0.156237363604139,-0.413418609361798,-0.280165896195918,-0.464685103808754,-0.395187529018879,0.142983187831531,-0.398374583443116,-0.18332401959777,-0.156408929837551,0.216412945260306,-0.414096629256624,0.145345754714832,-0.334622125136472,-0.032212883881372,0.405702557665663,-0.439672600021832,-0.0283172430209727,0.065707747778793,-0.037647576475,-0.279868256916282,0.0417002617656818,-0.393682869315234,-0.0278268439086031,0.495211156275451,-0.245371813899537,-0.236182700194512,-0.0773159900525255,-0.0514603472805082,-0.144715052010944,-0.300495265968224,-0.465746331567556,-0.295194889317106,-0.239638922828645,-0.151068166595241,0.0371098512639399,-0.0061081887910079,0.0483094666478739,0.126742727530437,-0.0603668064682621,0.125444913244048
0.578770636860986,0.690327079600371,-0.1225366296203,1,0.341802880146262,0.618165071891875,-0.130540745121107,0.48779855425527,0.817250034291308,0.314788686234729,0.763407537223497,0.651591083686235,0.44691108274006,-0.0167018786200774,-0.0979611138077999,-0.108656614312776,0.0093561223963845,0.0863662921772229,-0.328135903490697,-0.194217475006111,-0.165184670548015,-0.448950290551915,-0.299273408710072,-0.232787160762402,-0.0125843602775962,-0.177464765170155,-0.180909334648997,-0.258027505439042,-0.319296871480284,-0.533322766865974,-0.100018832824731,0.094193711991588,-0.0334228760667667,-0.397975191004739,-0.386126278408557,-0.285990792138992,-0.0363043423698254,0.0995077335506222,0.202433259181958,0.260964172447493,0.0111214109237973,0.207657767388596,0.16155870304924,0.0582783128719028,-0.0795463749952334,0.282264600280432,0.0963252987196915,0.132012931021533,-0.121989381072183,-0.232774505779902,-0.250550634177076,-0.242913934070609,-0.19309542954765,-0.316796273324745,-0.0414289180581347,-0.247944235228964,-0.342839713517925,0.435627845275974,0.168037956465885,-0.161779282716766,-0.133003521350615,0.0085445380143389,-0.156651341999882,-0.214637314185906,-0.172152779771182,-0.045457128409641,-0.176733626866119,0.069895825327559,0.022969983742861,-0.219223859807468,-0.105267734836247,0.0168622478252154,-0.0220949886717192,0.0830954136273679,-0.309234169135524,-0.324473193875619,-0.313953406980202,0.16622017160073,-0.0558413182616291,0.0073333473380408,-0.0784345379528409,-0.411143729093829,-0.130118116218895,0.133354413238197,0.736254802283272,0.914912670596258,-0.0874868048428387,0.631017847763985,0.552597823020288,0.878098282247652,0.735062707738649,0.225476788151655,0.738676323994723,0.181044779366238,-0.0365449346155052,-0.0759963748926925,-0.0596743076381824,0.0307789141465352,0.311034750675821,0.0766074680811324,-0.374992683321512,0.215334287045936,-0.273096106142008,-0.109951160296738,0.131077714407959,0.114023380450761,0.069843687710401,-0.0568110051615397,0.0228162726717742,0.251151216777063,-0.0263832899385419,-0.314799689134876,-0.612574767278484,-0.295858135231285,-0.263848009258539,-0.469292470499219,-0.260823477027959,-0.184198061518482,-0.168516976768384,-0.291586815616631,-0.348758328414158,-0.495830020247164,-0.23399621049755,0.0337884002184601,-0.370756780511099,-0.0227167129611499,-0.0783205068550021,-0.0220435410406892,0.157493552222322,-0.0699486437031399,0.17410739842482,0.0833329904601805,0.0557682953078711,-0.120690729408016,-0.293693790734903,0.0608433989993773,-0.359525948348243,-0.199853587889731,-0.0112538397235091,-0.384294787383987,-0.0214886184050674,-0.30676659480508,-0.266708297984611,0.648871244432284,0.220707552243668,-0.050740512498164,-0.0708240610611885,-0.297232717622339,-0.0467655877067857,-0.2153546216302,-0.137260558083687,-0.223839508279066,-0.290355522965823,-0.269661842612895,-0.120468537751046,-0.189904583809575,-0.195944848149847,0.0144869015451231,0.0619277139527079,-0.180702264280157,-0.287146875896278,-0.270007739297439,0.100687037928192,-0.0595055429355782,-0.0137690327081377
0.428490526195339,0.168650366240941,0.0435850487822359,0.341802880146262,1,-0.0307251624331672,0.077509811021909,0.144069896764502,0.564665463869954,0.425030601882031,0.573271320165049,0.544611206216104,0.163421035510474,0.133974598486459,0.302763506534365,0.549232416116453,0.221851204582175,0.291396167861769,0.47547674520331,0.367614654263502,0.0917798515086278,0.288818244144735,0.0239669492335405,-0.0313667256631987,0.477119515137961,0.129041396912243,-0.408630110449587,-0.42613521418426,-0.367262874492106,-0.326260533333702,-0.117776472263731,-0.0198557957419201,-0.102972405988589,-0.276549294220094,-0.226440754073101,-0.344711004003508,0.219168776223019,-0.0434779450589281,-0.282076181296403,0.347526491118889,-0.174785650638928,0.065981143147817,-0.110694245507478,-0.0036574273816249,0.0355382373709368,0.208431687172275,0.204096179267817,0.449839548222802,-0.284976328589525,-0.498674221590906,-0.411062917925943,-0.286235814784114,-0.47095592072314,-0.441898539871577,-0.327960791880183,-0.250293776031983,-0.413296745909375,0.103006803243007,0.0612456308789709,0.0519071281627468,0.0517956839113365,0.323236534377395,-0.154717778604409,0.147399645239793,0.0236092928010923,-0.0011293231104589,-0.112881097595571,0.129812381431828,0.500490905625743,-0.283828096413377,-0.060108420302634,0.257640136539748,0.148083650755494,0.237271466257641,-0.521537892292697,-0.395850619517383,0.0848752665159842,0.519052398531954,0.174967633468681,0.27373995144905,0.159321260308674,0.0431062151439142,0.355285056293962,0.387890362169791,0.357931682262085,0.405418148386947,0.355536703381197,0.0011795081607294,0.849032433111486,0.196328262915889,0.699874133283364,0.371925272689239,0.646952909190582,0.216438344817892,0.3804571804304,0.0940653497895893,0.58478325462749,0.470310461541133,0.466365082378166,0.620746888718293,0.470239281387827,0.389577832835837,0.212599241385332,0.625476012406456,0.258747729534761,0.722782787692033,0.209797001424833,0.290487365085917,-0.043900674941249,0.420026611976678,0.451323769348389,-0.178802007123536,-0.0902615788122581,0.229504201124891,-0.561414916316576,-0.328538069122219,-0.515046387337859,-0.251581119659002,-0.219862402908121,-0.405678459920119,-0.323748439386477,-0.342417764000336,0.0529079791526789,0.188241536678592,-0.467053296358179,0.160146508110823,0.121572487725572,-0.183070010615733,0.0398230895235702,-0.034362527216946,-0.0590211791979087,0.110219229321879,-0.285917830082985,-0.595389928053986,-0.49584209490937,0.129628460871067,-0.572447375128871,-0.379165565250225,-0.490771986459052,-0.445229275200551,-0.236327434650526,-0.535002186687882,-0.558581135883991,0.520082814703823,-0.0383837833299825,-0.0291858207010713,-0.12326403031179,-0.580151021022378,0.179318094292785,-0.332938197664694,-0.370925035820401,0.334049550983361,-0.283332915076122,0.383339900386584,-0.296800236011176,0.218369279380842,-0.272926583634731,0.198245592784739,0.289917661453582,-0.125271849260586,-0.118334015047476,-0.144334549135205,0.454496307196262,-0.0716651943767236,0.104432489167668
0.305232374500591,0.630538572397739,-0.0255813162286893,0.618165071891875,-0.0307251624331672,1,-0.258753557949541,0.805482019276978,0.382785951611886,0.109606587655395,0.250051934712214,0.360065653096718,0.330291332638015,-0.195338264182598,-0.264712139275469,-0.198465282508553,-0.205947472655296,-0.153495164085017,-0.3648447119078,-0.310161473731506,-0.248699776698165,-0.291710771614912,-0.498248033539451,-0.425506873486032,-0.113975829389458,-0.143436632780807,0.0297518342654121,-0.108082481011213,-0.453072726480272,-0.459604331066845,-0.0820281314506941,-0.283644068522969,-0.364934336183224,-0.297253915187513,-0.258891239494401,-0.18049536978235,-0.277476243553198,-0.253564184624342,-0.0686559867877363,0.0989224751431907,-0.112016850471826,-0.0618850736103622,0.0081728263686807,-0.136596709505083,-0.152493516658362,-0.156998171028537,-0.151772875441777,0.0549047444602085,0.0529324995092244,0.135808370170286,-0.0739928666942837,0.150419899694575,-0.0703144553063604,-0.149273138536212,0.0503970515359498,0.0280709364347473,-0.0435077211677567,0.255722050526505,0.183970826874601,-0.125077249118795,0.0591364665838684,0.0188055569338438,0.0093239746280996,-0.0026636148502008,-0.0161551201687522,-0.139961604697983,0.0243954011183679,0.100628343424776,-0.0411321096512116,0.0067171838401095,0.0085450470492877,-0.0246140608516849,0.0361391792494691,0.0328890582774742,0.0080648843174805,-0.0074015555720928,-0.345415755662855,0.0545090388245321,0.0545412738058693,0.195043245368414,-0.0504196663836363,-0.205617614829063,-0.116391267066596,0.0534234640429609,0.639563093824022,0.539973789474443,-0.0959750498703052,0.910254654684619,0.0606511043211724,0.742796628392576,0.257947501503063,0.0173173320631225,0.26171301478679,0.0357065775977988,-0.239483235750045,-0.191329359893502,-0.237420430188974,-0.0779800015239319,-0.0149377354890611,-0.125038726810953,-0.385737897973401,-0.151207368738984,-0.380555250293375,-0.25604404811582,-0.170723700984872,-0.0720327580480619,-0.382787535427665,-0.31268411450943,-0.288458011937158,-0.161439477001986,-0.0942319730417068,-0.062777042601725,-0.547599247405568,-0.518952568346795,0.0919306976775957,-0.479112124449553,-0.184323287821331,-0.282090784773077,-0.378682422552832,-0.233172914672673,-0.204595178247872,-0.129090509819244,-0.346042383613143,-0.322627545057018,-0.111011528706929,0.105081556481617,-0.0692247806443516,-0.112842842006382,0.0020356087975081,-0.178992610483582,-0.127649249221823,-0.0578642383573099,-0.165976280975971,0.126646844399329,-0.034526214687804,0.0572490126627637,0.088690630419239,-0.206930547154508,0.165714437324796,0.109451156366727,-0.213504703728649,-0.113491477927013,0.0248654460672997,0.278343904857607,0.240028606998394,-0.0847080595412803,0.0026943514111796,0.0349750776409218,-0.200885055307905,-0.177649565953545,0.0208133366608315,-0.169047054545839,0.0348569367316337,-0.306817298313865,0.0153323304962555,-0.230010608019757,0.0285602766919079,0.0240236194433686,0.118469038610453,-0.0353719109497225,-0.377556843223295,-0.235603896710062,-0.0117313551966217,0.125673935582629,-0.111993468537975
0.392292861198595,0.17459828809454,0.693112989466203,-0.130540745121107,0.077509811021909,-0.258753557949541,1,-0.165957520860856,-0.0063239727172932,0.595832319614014,0.0802540335381957,0.302088834828672,0.542809320882431,0.102884255966683,0.0445098442717709,-0.0859876007377721,-0.139382462935878,-0.0753838782328015,0.0507632286559809,0.0280891890656495,-0.103255951187083,-0.0178707223668504,0.53966873087981,0.0672479449674765,-0.247051184273001,0.644650273204408,0.14534059409047,0.320438717903864,0.227963899878003,0.149940681168984,0.701970359091479,0.497515983454436,0.220938760290406,0.215028785318697,0.126811858658564,0.244398922681894,0.153215599625216,0.0956198750494101,0.0891510550339262,-0.280385922951004,-0.212381813375851,-0.053597188650415,-0.117524171589609,-0.088255695294589,-0.155759648256093,0.463929386104279,-0.166471578559276,-0.13993346146473,-0.33545384536812,-0.0220786692545133,0.049554193944443,-0.0503395222240879,-0.177309339842216,-0.265139901467329,-0.0130983288559017,-0.195384072241277,-0.049893586940831,0.106651279521744,-0.0446169496010204,0.0037091239477982,-0.307444376545343,-0.258743537541874,-0.444685257738805,-0.481870426645221,-0.118977903068282,-0.185638270053783,-0.0687380388616038,-0.308542298590452,-0.072751928935478,-0.451462258096841,-0.443035298240507,-0.263509210845239,-0.141674140724729,-0.343345433082768,-0.291876201729306,-0.271466136118361,0.0657179775919071,0.0623773438493616,-0.109166252187331,-0.0129177672025675,0.0791856225342854,0.447050001020911,0.446671318496008,0.614919953138227,-0.0363479982350216,-0.0133840638490235,0.666168142437295,-0.391092688131552,0.152792833558055,-0.0848643356780888,0.101895163930248,0.603726316446794,0.052261376072842,0.668753263975923,-0.12511429440013,-0.082822325471924,-0.12486162474213,-0.153465998616218,-0.148888857916074,-0.0995935611602213,0.0699752597849974,0.100607104727069,0.196690168344472,0.0385372231237197,-0.151567599895939,0.0573624270993718,0.565975931777386,0.246488117537982,0.0006606472703882,-0.0118616379762556,-0.383100017409283,0.497307033854111,0.686814690819935,0.258694964050606,-0.0268104056588939,0.247539791673158,0.220587363012187,0.471103098555049,0.475478362166448,0.0995558233972495,0.0402910372537451,-0.0800571202233171,0.0408270585591377,0.100948788224584,0.157179987449886,-0.0618265084515687,-0.220508662517747,-0.0162049087503441,-0.150633612290489,-0.200390307187718,0.328783545219417,-0.233839160557296,0.181937045302676,-0.165092922669185,0.0330966113031514,-0.397551675676451,-0.0513184683177099,-0.150788274556536,0.0189254197451636,0.0565935624063321,-0.152863188329787,-0.0575748847594835,-0.0756278983771406,0.0901572338308991,-0.208542234587995,-0.0848204255863294,-0.374804031817886,-0.231086965594765,0.547683788534703,-0.110791409588817,-0.197703050755627,-0.206218300237833,-0.23228009093005,-0.0175262578030063,-0.31032907393801,-0.286394785081912,-0.329514272610272,-0.312089117604732,-0.243437389501128,-0.126780051602794,0.141271771632216,0.0807165880936175,0.185208341729484,-0.0922320765922354,0.204533043140095
0.287910723774989,0.618070197959992,0.0884076869659813,0.48779855425527,0.144069896764502,0.805482019276978,-0.165957520860856,1,0.321608288615214,0.213383529674801,0.278879349161389,0.369510206330907,0.377226974728299,-0.0744685275091256,-0.116942703233131,0.0077006717108308,-0.0539467298822675,-0.0559135807482974,-0.0351866235943243,-0.0602571779773194,-0.195486500159886,-0.001910441879659,-0.300963521255585,-0.372273350414697,0.0636671871200935,0.0163196293750646,-0.0999709544703335,-0.133722559589097,-0.498153342796353,-0.369793778256896,0.0284951782137651,-0.437501095826168,-0.419862994907519,-0.315150689497433,-0.242440893990742,-0.203003290660291,-0.1891983638118,-0.28652849335957,-0.278639237241354,0.0434604339057582,-0.206205267853025,-0.0539157858229313,-0.11785323837267,-0.166359192592947,-0.0945057748859127,-0.322893532678747,-0.0734877905790755,0.0901239202482461,-0.0017989654920646,0.0540541214493338,-0.123499946700431,0.185322961964636,-0.11757535294772,-0.104813159863276,-0.0400353755512835,-0.0281493434524621,-0.104498860554574,0.101445323283413,0.113049261204136,-0.0445705424507812,0.0935947041588141,0.145311796058473,-0.0095427736536663,0.0956179106985461,-0.0946910924037778,-0.283392910138729,0.0122329524558921,0.001885793249972,0.126302838986302,-0.0460446761799529,-0.0575280596781789,0.0322351526937656,0.0435148306140947,0.0495533344641082,-0.0499864712610276,-0.0114096019170211,-0.242374879149451,0.0657273685091798,0.0605894483493947,0.257541714966626,-0.101679712111022,-0.124723148106313,0.142839301195299,0.147426697241847,0.672822140205452,0.468546268793614,0.104405704056401,0.742701739531604,0.202543321052606,0.512477099759324,0.285007797421523,0.158158399048889,0.285826187086037,0.161910588792409,-0.15306975414521,-0.073523439811218,0.0529113046886616,0.0361613311916504,0.112241916560912,0.138394228010637,-0.0578261800399313,-0.187974477427255,-0.131906353798026,0.0742854466005914,-0.107597813838572,0.187289761515105,-0.269551244611154,-0.108348942508383,-0.313979821106206,-0.114825411381417,0.115771610520617,0.142536391135732,-0.377494266316745,-0.290993523740475,0.0607521665131261,-0.397837147671188,-0.228838814737646,-0.215770553407722,-0.309704166194981,-0.261144169606641,-0.154056365025444,-0.159642856810666,-0.233075450321583,-0.286011421165304,-0.0569844701848711,0.0639795011610764,0.0056774634836705,-0.144791115865253,0.0247241019003662,-0.149322908324525,-0.323075161569481,0.0336849640775097,-0.229069391210397,0.012866159152879,-0.0194790544751268,-0.0200295024653419,0.094928449177922,-0.214058644863316,0.100944141700202,0.104474762808348,-0.330712514736106,-0.145387156432367,-0.0819993588746254,0.287677685000641,0.156313682922238,-0.122206064694089,-0.0548031316855071,-0.0217472858559886,-0.214298282869941,-0.309004527574516,-0.0400276288855404,-0.0167168811645277,0.043193022116088,-0.0887348014733666,-0.0954026768006664,-0.0295310040557665,-0.0462865898142563,-0.0029168689483535,0.137365664439458,-0.127836423104462,-0.456109426419396,-0.272622733329499,-0.0174087397058458,0.0561124373041782,-0.181243801711566
0.649413926624121,0.543894668023123,-0.097602486655781,0.817250034291308,0.564665463869954,0.382785951611886,-0.0063239727172932,0.321608288615214,1,0.421238929746498,0.842866347097218,0.741602619007423,0.391048582217159,0.138317966085931,0.111837183184429,0.138012774254832,0.179432058512457,0.31832103914593,-0.155216491355711,-0.0803595360546687,-0.0816187730598165,-0.269006867860985,-0.19426900623269,-0.201830967110219,0.007491439315212,0.0234392291845452,-0.351602504459711,-0.454247277887499,-0.301444073512234,-0.523695961573141,-0.12191396803795,0.21908227682476,0.0454327799896126,-0.541387016506236,-0.505106283392612,-0.383701409799097,0.135087371039731,0.272037442455177,0.126576854746138,0.463671431477194,0.038811503109718,0.329622475630512,0.143194661081575,0.169029476903183,-0.0253283883835678,0.385174835778906,0.146644179247831,0.324702271613228,-0.365008395553373,-0.446257590563479,-0.487270330311778,-0.450745184977296,-0.425084621449317,-0.453539987879476,-0.16826374567153,-0.34666770176042,-0.495280634118128,0.436134348139493,0.302174470639406,-0.0373689698079421,-0.130502181320698,0.0854022078384881,-0.193987832657982,-0.187920024204939,-0.123735217650385,0.0487859341472889,-0.27585307270976,0.233543560680581,0.24500908520633,-0.255184751895413,-0.137564899552724,0.226571412979423,0.125645628453243,0.299871410529484,-0.531372685064909,-0.580222933320999,-0.305040965248224,0.49344444946627,0.152422364798603,0.228638045187582,0.108181418688551,-0.280329465294093,0.0125527163420765,0.22301337215841,0.633540856585314,0.725248488992494,-0.022767941070828,0.458898366012925,0.764299220547616,0.721763829195013,0.895491026559741,0.222852801559961,0.870955363820531,0.1640152507094,0.179985864227982,0.0274378655984608,0.110872852060944,0.139406826054618,0.420799156560882,0.288056530335124,-0.204757899843279,0.443520448878527,-0.156894701909475,0.0354679087875349,0.192108225862016,0.270939824930157,0.0891133470654399,-0.0041628889880323,-0.0015233727663672,0.343169913974484,-0.0234793199313483,-0.496273842970157,-0.491930658446453,-0.0425860125164591,-0.503725657044491,-0.456351965511309,-0.48300778708138,-0.346606404278504,-0.28014719687792,-0.45504641337917,-0.377946164593089,-0.533828083017557,-0.0214414533927341,0.264917854072359,-0.555843432123415,0.0915459369689092,0.168869705995482,0.0667095037941073,0.289585801046815,-0.0014403769095577,0.282468316563475,0.125494281089678,0.0969318949771347,-0.381488088399377,-0.52902243674938,0.261987443695407,-0.657836263238594,-0.329067114191104,-0.180469946419422,-0.584718108728425,-0.0497423145969157,-0.542028538334275,-0.561301465686396,0.784850623479477,0.326046557356156,0.0332746863212561,0.0180314645656636,-0.530611735424919,0.118949034538864,-0.261042705477751,-0.375187895016793,-0.07194303604925,-0.471446631771082,-0.0512903019507698,-0.239752163389823,-0.0910815160209207,-0.181750392502486,0.244671758114702,0.333806954613016,-0.0855816766023242,-0.293983708692189,-0.354478258879063,0.398654703004424,0.0317377165511307,0.0970784016801105
0.786558716405435,0.621792599442591,0.585542094169898,0.314788686234729,0.425030601882031,0.109606587655395,0.595832319614014,0.213383529674801,0.421238929746498,1,0.537772358983935,0.739453652488361,0.836356042110542,0.0672282493731736,0.0082057540538575,0.0688255254574628,-0.123784877898467,0.0101426257462246,-0.0084617869818366,-0.151009591935105,-0.223129354201931,-0.037749384960828,0.140344946689438,-0.348904548138459,-0.160424894448885,0.437130200907567,-0.280859723724587,-0.101518843099067,-0.467467563092043,-0.38434246824641,0.494481718378941,0.205685034365747,-0.186017784503115,-0.13461762571378,-0.330216023604566,-0.296407861680443,0.0312342047420467,-0.203131452850896,-0.277023000907875,-0.0246263502751228,-0.391983824757331,-0.0895405223271061,-0.298852373557729,-0.0388865412871108,-0.266040535887054,0.333458691970138,-0.178647634838173,0.167047618053523,-0.451546432642748,-0.239764980127578,-0.4219451942382,-0.240582606562489,-0.311323834107943,-0.273961316660706,-0.276638407860492,-0.204274931300578,-0.33577824278969,0.325702735111472,0.232814951565351,-0.216000879888652,-0.054307383697724,0.0852897810258905,-0.194018073956913,-0.166996111608058,0.0303955866278909,-0.103823094866865,0.0730722143843971,-4.12185844395592e-05,0.234986482842609,-0.36624786404841,-0.323556973174375,0.0651685283604158,0.115984232126075,-0.0295487917415562,-0.44380144275045,-0.349869321735348,-0.0463366330993376,0.454433300795484,0.248287204268613,0.328338496545871,0.327930847722308,0.179560492212719,0.586252043656385,0.789001917458606,0.504385649739886,0.418440077941949,0.783294163472393,0.0038643724256412,0.547654823993778,0.35843968072279,0.515647673953879,0.909676938912752,0.511462413460374,0.810512063417558,-0.0735888014586007,-0.0770096470248196,0.0374333974252381,-0.0686004429826054,0.0455276653980754,0.115749391501753,-0.0120920867725999,0.125888062040829,-0.101030305447575,0.089397752020467,-0.190642799462947,0.312703892951545,0.281481998689875,0.0080152056621404,-0.347032603554188,-0.10216094843212,-0.227624359910418,0.147702493367852,0.221965996251291,-0.11903229078269,-0.399942769714733,-0.364947669678433,-0.292458996107012,0.0702922917137783,0.0019555008239237,-0.309571979909991,-0.299035823088333,-0.195014365862803,-0.0863755189105651,-0.106998167246551,-0.335661650169479,0.0901730938801286,-0.189104974031619,-0.231547896329116,-0.143612437424733,-0.344513905506727,0.209391934117357,-0.166274141380427,-0.205031987189919,-0.363968159016297,-0.210197330305598,-0.138708591021992,-0.386693298517439,-0.283240340914794,-0.274091387441607,-0.187886239941279,-0.242168636788024,-0.401033995438902,-0.343981215550431,0.529206739835119,0.101043664822477,-0.129364085413064,-0.302804566706117,-0.425859143093398,0.621876876776927,-0.233408323536981,-0.289842938339987,0.0746435906823832,-0.35640659989352,0.102205084444066,-0.330762234812529,-0.154265665477464,-0.233672248162728,0.0425389307307926,0.145727008326743,0.0301264851160928,-0.0703300758012136,-0.0060096469353992,0.535207662796904,0.201903055714833,0.336891727020324
0.700959591761031,0.580320788617783,-0.0782871505486008,0.763407537223497,0.573271320165049,0.250051934712214,0.0802540335381957,0.278879349161389,0.842866347097218,0.537772358983935,1,0.744146539269369,0.484458963396694,0.17598892930208,0.0988501137873376,0.10745422977325,0.189425426774414,0.308042622896907,-0.131573661385762,-0.065129481663409,-0.0553631789088623,-0.253445023147813,-0.151631161868933,-0.258833499287905,-0.00418385920805,-0.019659323537847,-0.482286622940233,-0.509751407473255,-0.374746491945871,-0.535561189384712,-0.058576862125782,0.159291906061079,-0.0216019547916805,-0.529108639122426,-0.649829277117502,-0.470576410331364,0.127043553984156,0.214342299936179,0.0284769304701561,0.368512071858449,-0.0995157174963008,0.274669009065059,0.0740729105682104,0.234029322785237,-0.0947268508737546,0.302039355704401,0.152126902852872,0.327902632307296,-0.292236012892915,-0.456595679963106,-0.551404343269215,-0.513789551438283,-0.30896925238626,-0.27074132304932,-0.157419323484968,-0.334125518413269,-0.492822312087634,0.599810832473206,0.47207564870424,-0.1794226419624,-0.0473391370584148,0.177511097796046,-0.0378669659726807,-0.110661886121943,-0.0857056777092355,0.0748275223390394,-0.121691635456329,0.167772330478984,0.220762176026506,-0.279381464572172,-0.144736250941694,0.190846145532678,0.111218854243465,0.228253658636937,-0.56184505509961,-0.483526590184567,-0.337343369690152,0.558741582062999,0.319303084558731,0.214550164872038,0.163100597111129,-0.353982379561507,0.0902515026849389,0.308089923575295,0.625100796215682,0.772506059718291,0.158192794348596,0.284513831008831,0.729061022110835,0.646110577549238,0.859085006596842,0.4246772555832,0.89452795830859,0.327363041178579,0.124988573771113,0.0753633862229945,0.120826015191766,0.0714290534738187,0.466621499194444,0.3233155870386,-0.175568488070643,0.417378602633135,-0.150447301640848,0.0927819582779609,0.164709142667618,0.2750060704563,0.195994497199363,0.03496715912798,-0.067597587884727,0.238655265196127,-0.026241617536735,-0.354688748764581,-0.334645866443555,-0.0021509250991144,-0.475004058371074,-0.471545213531728,-0.451243907178393,-0.232557677443348,-0.190121811705003,-0.481880912900752,-0.296237086844527,-0.449977734367762,0.0715008663838001,0.252592738119231,-0.524192242547943,0.0915960961025045,0.0847256696578126,-0.0502149827895108,0.266599965740322,-0.0830858380280249,0.212559242182887,0.167793637091856,0.0972312761094813,-0.298362164858283,-0.468781013950411,0.153929938591048,-0.645451220975304,-0.193030146841132,-0.114353920532444,-0.561932613541837,0.0613413546919306,-0.509911160316081,-0.491796097164634,0.882799656800711,0.457625421022513,-0.0376292057799554,-0.129200922457243,-0.522444501567457,0.189393540938758,-0.198112233977365,-0.282619729751269,0.0352774064591453,-0.368981784109233,0.0580354242974437,-0.140259386747599,0.0238926341727594,-0.158077269454623,0.185858206151181,0.294451668633271,-0.0261370646978304,-0.261963179769884,-0.276504063724636,0.42817975623035,0.171515512889584,0.172158647071979
0.718581216613631,0.603360381160766,0.249319276158106,0.651591083686235,0.544611206216104,0.360065653096718,0.302088834828672,0.369510206330907,0.741602619007423,0.739453652488361,0.744146539269369,1,0.660730327570295,-0.054447943132173,-0.0781169096716345,0.055864283811828,-0.019070625369155,0.0437274287047401,-0.0792755003583377,-0.0284103664737136,-0.185589211059638,-0.168310471120301,-0.101872923872055,-0.352603582775793,-0.0055950706900323,0.230937575195311,-0.262552840764877,-0.243889087974164,-0.444215765902992,-0.555953554220518,0.174407672267942,0.222691039681598,-0.133558520235508,-0.334635973810568,-0.420984018380992,-0.337417344959592,-0.033775863649005,-0.0781353254881291,-0.116929603474934,0.166739999634102,-0.137697777623221,0.092245050785913,-0.0161848139712909,0.0404816627902263,-0.130431312008223,0.303389754847016,0.0666388833490528,0.232216019500057,-0.257100447042233,-0.27568678963986,-0.396829186081748,-0.246720328631751,-0.384946469280704,-0.413244221271382,-0.16006542387867,-0.271404642277413,-0.394031479751376,0.456872926864972,0.177013433481852,-0.163541742862558,-0.114930927163469,0.080586036749232,-0.287502391816508,-0.154563123775836,-0.136912778107098,-0.108534318607179,-0.0781451485143033,0.13490262171009,0.319045605789972,-0.285867200268127,-0.119724863788827,0.186222406102937,0.17040822435389,0.201295104874804,-0.509511222779709,-0.496414185584113,-0.166304735753701,0.467881266511454,0.14604401281521,0.331113075032686,0.100697754881086,-0.0824292036890517,0.253982426202441,0.512184808148332,0.592992665466971,0.723701660497738,0.381619447409156,0.270892105526238,0.674090435950894,0.645947562554011,0.759792659433455,0.609959733297872,0.860634758943946,0.507625691867081,-0.066268148560878,-0.212348453049227,0.0741841480115372,0.0800844441752232,0.27153081247121,0.183742184392743,-0.0943821909296199,0.237798722789991,-0.099257075011316,0.10510135047655,0.0096969702390475,0.408970820658834,0.192715307177284,0.0340149844301519,-0.226298338594603,0.221029210318469,-0.0454012375344018,-0.115577307993614,-0.19978397057807,-0.160217358627043,-0.481184710120283,-0.441058290000365,-0.390032503252333,-0.113392335296482,-0.238833430135807,-0.466286469847701,-0.329665212236917,-0.500440168058699,-0.225768136798949,-0.0487451139934874,-0.430125133934512,-0.0118375334991274,-0.106242540079477,-0.130002220472178,0.0351373255367275,-0.219153001463025,0.0822028968601359,-0.0044155705791388,-0.143316460382771,-0.408350165503655,-0.406821200354467,-0.0371007724385786,-0.526925764712202,-0.414187147800676,-0.240693651033013,-0.373405317891061,-0.283874688845204,-0.56340763790706,-0.551130206142287,0.723528401966683,0.108301147019757,-0.0579646140032942,-0.185004763369843,-0.566354457641987,0.269415457774682,-0.376176434599994,-0.402886581875336,-0.033155573714712,-0.454847565226181,-0.0145545198281788,-0.413343166755048,-0.113119163742341,-0.298330801701909,0.107168038240379,0.256079889227108,-0.0911019013069599,-0.323906394281228,-0.320168401236344,0.363881115126219,0.0161098535102681,0.0847107560206483
0.748323399028446,0.79740857601579,0.643631409610942,0.44691108274006,0.163421035510474,0.330291332638015,0.542809320882431,0.377226974728299,0.391048582217159,0.836356042110542,0.484458963396694,0.660730327570295,1,-0.0825073432125064,-0.256616043800041,-0.287517826417835,-0.369763834867347,-0.209147920739125,-0.313400097863894,-0.390425120700721,-0.350992046098005,-0.373773707314445,0.0490257789393099,-0.430272675313028,-0.372142039838769,0.363572875965897,-0.0109737205155533,0.137106238140364,-0.441779971676629,-0.441901587697461,0.64710641023165,0.236703039001458,-0.196566381416209,-0.0894774854097478,-0.302579334744601,-0.118340278593194,-0.178592986151422,-0.219389735125181,-0.122386548839506,-0.18412719712584,-0.382867641977029,-0.217812649936751,-0.269356001199914,-0.155234858067394,-0.430444070074308,0.343557657009513,-0.331582495400591,-0.0101951406160449,-0.326580491723423,0.0232253957900242,-0.194067157673776,-0.0505934599133894,-0.113862161317349,-0.181949724999519,-0.0763760321785179,-0.092849855007422,-0.19597165050094,0.438375692572679,0.263080880805083,-0.330302985984803,-0.0354549829190094,0.061589325170913,-0.181224749347082,-0.28762722916572,-0.0043578991359447,-0.175552329947623,0.0673617632865897,-0.0652711186812301,-0.0654670861361324,-0.285890845438814,-0.371979029657619,-0.156743938143411,0.0335149484878607,-0.269818930754068,-0.266352689289592,-0.196531656859164,-0.163396030205672,0.207602539378945,0.116460052711696,0.145172525521129,0.212121217202517,0.12567334504884,0.37782737547726,0.645935663950283,0.562235443969358,0.474584618862375,0.606503469609637,0.202028096148438,0.344843580223865,0.484740601848095,0.44021294326608,0.740545608207603,0.391615308512619,0.842308323030348,-0.349133559410512,-0.247295024749643,-0.271562090685812,-0.26992058947098,-0.116705128225119,-0.199191748066749,-0.310849921040156,-0.0365286479910323,-0.303000135627851,-0.181318767723388,-0.310268349296646,0.0140650411297007,0.238293547674501,-0.145678865656276,-0.3725212712073,-0.241179457293093,-0.44775860606326,0.286079607627544,0.116106729814307,-0.301293319420896,-0.13350149670345,-0.357310882935286,-0.0782427908734756,0.211364044747321,0.129563505910332,-0.21638060334188,-0.165265367256976,-0.0937954440511691,-0.247060343298044,-0.235836120918894,-0.12809697918825,0.003695039299907,-0.350473606671497,-0.182675760841994,-0.214132539232417,-0.415081636106028,0.242122201177142,-0.245757021756815,-0.0713531628395363,-0.124107263855313,-0.0404033650340348,-0.27416072684095,-0.142828729967622,-0.223600389261039,0.0106691857887339,0.011378745455077,-0.190841471242916,-0.210307298760592,-0.0846075881345381,0.464449391103331,0.141363470662127,-0.119701207918872,-0.395393605463615,-0.210600297297573,0.509837833993701,-0.142326440114361,-0.197966803849392,-0.0756992341475821,-0.186059644873592,-0.138643972871388,-0.177731182715012,-0.314185780992481,-0.160012488976148,-0.171982245418907,-0.056754620556453,0.0484037341850147,-0.154681462322606,-0.0319419077377043,0.281394077526584,0.159043158963693,0.260421594505228
