1,0.452575790072253,0.397770907503417,0.690934537809041,0.745583189991817,0.336655546194919,0.104286314610414,0.0666254493677698,0.733828547052434,0.440109744406641,0.776789797505358,0.776660115898218,0.794409505403155,0.115339549515247,-0.117424195333758,-0.0167037000996009,0.293188304405803,-0.220971913533213,0.317805223184961,0.621693343346227,0.221672576040461,0.282698860023338,0.060351760664854,0.166868886325187,-0.208408553968494,0.349442686220303,0.186095063181447,0.256679748770075,0.108598153403907,0.0393496814296137,0.583759453380676,-0.0630951896197443,0.156392035004795,0.544552656741605,0.0258276371835044,0.389983406699984,-0.0135313217214872,0.34303490337826,0.323921977887,0.394122276280117,0.507463799152296,0.329899407363789,0.442308273683129,-0.0842992362887813,0.495800604980412,0.242594484762037,0.408648174855889,0.0281730516437848,-0.494396285559042,-0.339748580829222,0.117558539200252,0.097586067834059,-0.2192237366361,-0.409365640922639,0.315887591615832,0.174362225348987,-0.207526845500541,0.637297741899078,-0.0089791079931116,-0.0227870652492272,-0.329905085803127,-0.0868043103086678,-0.347278157706062,0.0269656899212232,0.198300802632063,-0.323955339449244,-0.581393165876091,0.0261813669263492,-0.557007242224932,-0.0269958004823953,0.171079883146705,-0.477008531622799,-0.391033597256491,-0.216236279627086,-0.307785359346777,-0.485496896838162,-0.370941997267011,0.0612727502337597,-0.476862632707643,-0.500757944179108,-0.409030812984138,0.46783360974066,0.246034012171488,0.536531306978132,0.608151631524425,0.659990607453779,0.250023483662627,-0.242388413280681,0.630209272819641,0.54904261601421,0.704591549684316,0.587454070466385,0.823520529781717,0.671943369323169,-0.283768730199955,-0.168424942262203,0.0133506316864889,-0.1474542531695,0.260514748523763,0.0537126420632734,0.286505510329114,0.300963119036308,-0.227765813465544,0.581187245736123,0.211331466614329,0.0160472294145263,0.0497587987770752,-0.231515898011191,0.0596385756871383,-0.193248214633135,-0.139866144937673,0.129772858022594,-0.0113338210804067,0.311606221961827,0.211801866731146,0.047403589496127,0.45572152712835,0.525030159135872,0.421034475756933,-0.174071484902977,0.226408920381351,-0.495992755641159,-0.341243208119113,0.397093603803912,0.0810407114497087,0.199404307223761,0.103294117037207,0.238503907470811,0.392721498139548,0.257369761288807,0.266260676106947,-0.227996105970462,-0.2974270129513,-0.234576012117993,-0.0410140491376282,-0.189375478200737,-0.230137375592622,-0.446470512276658,0.0068954115538838,0.0042297090613837,-0.171612074370314,-0.307346748894182,-0.525407092593318,0.464242861272163,-0.137146819771571,-0.0545837848998162,-0.280956495296062,-0.491252978398848,0.465819864210482,-0.659825598522717,-0.561282605126893,-0.561956818906201,-0.600456804196753,-0.346992377523887,-0.603619787803044,-0.416905585985108,-0.128288471697507,-0.518224248917728,-0.300303678511472,-0.621613953128318,-0.54867765814805,-0.344094204238676,0.0494553828655521,-0.609240600326981,-0.212638433153697
0.452575790072253,1,0.32048072173696,0.71887402310431,0.388237868165908,0.766086167770934,-0.404797427344674,0.697547119069155,0.686934326664079,0.45354096222319,0.498597053909354,0.642119145243654,0.511122167865622,0.0308246478586003,0.0330170328332449,0.04941827965789,0.174764116182819,-0.170659962789072,0.159724781746729,0.226592177377129,-0.0655221707113582,0.04521093033642,-0.336085630081702,-0.368327993255356,-0.0327000268396897,0.321133044601249,0.0228930970591922,0.34965191808993,-0.321342454194712,-0.31029942757562,-0.0094834365742657,-0.0943042648152172,-0.157777012110009,-0.0108102466389851,-0.0515303837446272,-0.0488973855677842,-0.0901028430494876,-0.0729135358137588,0.0947462742574974,-0.022718115525368,0.182574898695412,0.019836081859616,0.124200066585954,-0.200282003636833,0.0686098862750426,-0.0597209223905478,0.109463090248707,-0.160390343980132,-0.2048458196902,0.0382544235555292,0.0101575809395886,0.0082260865808255,0.158681394870895,-0.223920728526702,0.287075185639949,0.0433697317930047,0.0349197942492284,0.284507044235617,-0.0134427532146235,0.0195761532087013,-0.401932781897706,-0.210407713225622,-0.175048647368866,0.145886118143111,-0.122411107165648,-0.366736688377356,-0.274846246063483,-0.179567746417401,-0.442011558096077,-0.167802995341569,0.0317780484139293,-0.47735542822472,-0.382428945075508,-0.261117603769438,-0.061389710980807,-0.256023734019677,-0.134848094683759,-0.0963496044084841,-0.407559406594227,-0.28940975375397,-0.17357210875369,0.195803020118489,0.278392580422541,0.132343793569868,0.849137869616231,0.523608692564918,0.0856544360281449,0.544811085842768,0.340034457009534,0.448309341614811,0.443763535990102,0.509467345456375,0.535602183065791,0.482955164670699,-0.221076512838409,-0.0757833244200554,-0.0002945773662372,-0.193075106874259,0.172761893669096,-0.0122122765079889,0.188641072708142,-0.185303840715495,-0.298726199660674,0.194151456117472,-0.105263832493098,0.0003111172621702,-0.366527201596138,-0.274455760338401,-0.294930793792745,-0.027718601524229,0.0638507297107787,0.0742141098100457,-0.196013481522412,-0.0594780226785129,-0.196281751316508,-0.302908974952172,-0.0681286346703336,0.158722453838172,-0.0539969681182341,0.0190600620754956,0.0184147256639931,-0.292031580937534,-0.360960957514145,-0.051465820020806,0.103055107939755,0.0611745009549371,-0.217366679220204,0.0664266703177474,0.154500741197795,-0.054254494221614,-0.054244615844842,-0.0816550459259311,-0.171029423335945,0.0204318706757144,0.282731644290845,-0.295686687196634,-0.0065503967862068,-0.258041048864671,0.182074179735862,0.0803757395941213,-0.296868753176403,0.0098672982330203,-0.0709881300598004,0.137806137952798,-0.126094897407676,-0.250559120886711,-0.271848012095797,-0.230862636189535,0.145569108468966,-0.411483627765025,-0.172274173047011,-0.450213512522514,-0.358702887715731,-0.396987661677773,-0.316637722547502,-0.318391835175031,-0.0400871393090992,-0.435221567979334,-0.344147173869826,-0.478181989091361,-0.370036816660332,0.0164247258327726,-0.0489687486838184,-0.337330313801665,-0.148347716544412
0.397770907503417,0.32048072173696,1,0.302403498441416,0.301161629961101,0.262279357867266,0.343349679229117,0.344065394006767,0.260778318322967,0.762350660027766,0.281832296690502,0.471510509064447,0.700582514160977,-0.261465919399896,-0.100866056948787,-0.120543486183613,-0.218498410445042,-0.288679369629511,-0.191502410616717,0.175887732446333,0.0408298592617449,0.290845297439052,0.0664256873059486,-0.0105262292005653,0.120928352517115,0.759170927644725,0.379875592588378,0.636838919949696,0.12806423746631,0.180383611728557,0.513763865391992,0.237678115807764,0.364226139647252,0.385331373671299,0.0726943511485827,0.273217436340275,-0.0778493748401705,0.131670885975181,0.0924314516449858,-0.258894641819908,-0.0798830386833782,-0.283255997082022,-0.148904818551185,0.0322348134933758,-0.0281818741355091,0.247994229821549,-0.0062381744633725,-0.0269203933499221,-0.215213878342189,-0.183151264864563,0.144555614897419,-0.0902692073566968,-0.143170970603202,-0.33745346161181,0.144302581026703,-0.016429979806843,-0.145008904022296,0.349433735500509,0.101787099680538,0.145413114917503,-0.142789038579259,-0.255780836181904,-0.217711100990205,-0.0233120362895598,0.165529144249182,-0.210851613460888,-0.260545667224895,-0.326450479790127,-0.348844528827158,-0.171659563664155,-0.149880869483862,-0.278570034687722,-0.0502255121945149,-0.257329034636218,-0.358085236696249,-0.0943766860674657,-0.135688498564075,-0.0562401842472196,-0.150803719987281,-0.0853289970632196,-0.0510627621128243,0.192972291377064,0.426112977600075,0.257426686482093,0.463900174083524,0.168435408687895,0.64731693458734,-0.0206712675436953,0.179419585093556,0.284388968663125,0.194434804069691,0.756507253442284,0.359096557108656,0.785087138828909,-0.112512799505238,0.0039496117381391,-0.302836960851372,-0.067690680807458,-0.222712193143999,-0.340679827085666,-0.164795454489277,0.0826346481893392,0.104545530252955,0.15155115809074,0.0142940065727301,0.167419888689353,0.340819911212698,0.0574529050726882,-0.279247854496892,0.117611243903276,-0.0304818866665252,0.550215038131777,0.302654348678699,-0.083361354320259,0.132278870786337,0.0945195265328155,0.571916184410386,0.587849781129347,0.239343827709712,-0.125664304696035,-0.0026176081304858,-0.295824173420747,-0.288744727429459,-0.131379563922845,0.0145067436138153,0.0714203718709415,-0.109530654009915,-0.38311395118718,-0.266767734900437,-0.204120275764458,0.226263513701853,-0.171518285558279,-0.0966018034410183,-0.19941774884406,0.0906923419367138,-0.387252375932844,-0.247889827739687,-0.409503891751041,-0.110655748215087,0.0298151460506169,-0.112951909256222,-0.200143371320481,-0.211361500407678,0.260741555395687,0.0953675392006755,0.0719310386135767,-0.334408100255778,-0.28275516479448,0.439495184862879,-0.353406500611798,-0.322135164973586,-0.252615589440003,-0.384796008335001,-0.276127920592396,-0.235242804281814,-0.270065194479397,-0.272295851078942,-0.359268502337681,-0.24322882803959,-0.27432021137422,-0.264617638043778,-0.218094807146539,-0.0201251940556523,-0.211877200180971,0.0941176651096013
0.690934537809041,0.71887402310431,0.302403498441416,1,0.687248845044468,0.732092265987315,-0.168537191762182,0.476592837553832,0.904251589479872,0.547549838062517,0.791632871582603,0.87938253985897,0.763717380850499,0.157909032269249,0.0450804136352726,0.0282370710118477,0.290715782848959,-0.264485940759225,0.292606284632623,0.489299541512965,-0.0518165590276495,0.283893935365379,-0.232134114897655,-0.147346217845113,-0.282467656727629,0.284445873821448,-0.0007156397185317,0.290832925795033,-0.226012551291605,-0.24005562314175,0.292436774416976,-0.140735449426118,0.0265668108088169,0.238769606103968,-0.181352279819965,0.0680229204073628,0.0037755776618753,0.10175877569128,0.219143342680859,0.206042502125571,0.33769043650275,0.203084461632263,0.289726412202454,-0.315284624047223,0.280499075241739,-0.0207315213245398,0.241001577320517,0.140179295685907,-0.470959158906105,-0.226807097558552,-0.0812563803319393,-0.0949298498651941,-0.120749116519386,-0.480759543374461,0.2229017788056,0.118255219431995,-0.183331925112725,0.60812642790858,0.0281505283583662,-0.0397355851598613,-0.327929297497224,-0.0669349666056201,-0.169053565052563,0.188748497546337,0.0511501765316799,-0.302209013944877,-0.4751000501288,-0.0611632390032164,-0.583413487938344,-0.115532967622812,0.068741515117723,-0.527217689056205,-0.438729481531684,-0.268709435194215,-0.284337056146719,-0.44748091594,-0.374109783800019,0.0453303898863907,-0.471571637239072,-0.412605001517249,-0.281164564497929,0.288662586011959,0.0731517276695376,0.331418222836929,0.750234437335896,0.85270783817127,0.136731770220592,0.321800135126696,0.642377284030901,0.810295962842156,0.747771724348641,0.620693296377582,0.873818209010975,0.646522060620118,-0.26240618557533,-0.177901154563586,-0.106224028095506,-0.25233700532022,0.284496540500442,0.0646832459335385,0.297820517420291,-0.102974987605532,-0.259966989405753,0.422005247967248,-0.0659031256407192,0.0686402645979638,-0.251078725727352,-0.288751224983862,-0.201958968966031,-0.223752839702065,-0.198806643669547,0.0329173249560439,-0.045996450250695,0.0976899343714334,-0.153050482234404,-0.211285592423682,0.129665467695484,0.2932224257789,0.115160360604632,-0.218474195451164,0.20487930535966,-0.302194574066792,-0.369928691986394,0.115864176621914,0.133203112681459,0.172728613613239,-0.102954339786748,0.101628819100941,0.309027441496689,0.081538976275938,0.0312864340674968,-0.143772779447564,-0.218961020913442,-0.25022731554673,0.0745496460880028,-0.210983911785822,-0.337036036479513,-0.564559462901912,-0.11284925483144,0.0948198954790552,-0.415535258588178,-0.288589861670946,-0.358015984316611,0.451640597988537,-0.0903388607712215,-0.211619384180095,-0.323384127266335,-0.423137831858415,0.306461814477435,-0.493403686776079,-0.422020741299973,-0.387887093836382,-0.389890492270142,-0.266913802602854,-0.397288429254748,-0.286000622352558,-0.0304626987242188,-0.526523156341093,-0.440421428897668,-0.582620674149471,-0.513405180874515,-0.270492135551034,0.125033641897463,-0.426796465990228,-0.156170656151154
0.745583189991817,0.388237868165908,0.301161629961101,0.687248845044468,1,0.245260717208995,-0.0589523738155325,0.0941842071415185,0.7230281581019,0.425310966318481,0.787690071971848,0.673126483475596,0.681875124300774,0.106167823812528,0.0009324432658515,-0.0774164635978509,0.204362730585992,-0.230323567070523,0.25423546509927,0.521150856057145,-0.0654695103022821,0.0457382541072588,-0.0913138278029613,0.117238420711027,-0.39676061612841,0.158079894410683,-0.0042929185196148,0.220041161135203,-0.0186237497107632,-0.0258796920296302,0.427387523807987,-0.0749845574201741,-0.0165461051447705,0.435140893141251,0.0489473639316308,0.313663188123013,0.0256152660864159,0.0926640890297604,0.0768772916007422,0.21305949139121,0.284841426199487,0.22769073577381,0.279656632002141,-0.179053546168715,0.323954905916374,-0.0151847369525119,0.28300918457832,0.0516983665413946,-0.649132922242287,-0.212652573194746,0.0223644580957539,-0.125219571542775,-0.282209457844117,-0.337855940563169,0.0824303584902381,0.0774463627065757,-0.256010620190846,0.624063675173381,-0.0248742748123978,-0.068505860979133,-0.351410196559327,-0.0716966134095394,-0.340442900139365,-0.088203269618027,0.0194300283148475,-0.36451820222047,-0.375615368953582,0.0506909961453094,-0.368298291687519,-0.166033732690568,-0.0006920486364158,-0.294655088486369,-0.315563746220866,-0.102072713798216,-0.14668582474684,-0.511803852900244,-0.132919339086808,0.397188682698867,-0.227362913566401,-0.32037896377212,-0.283482044121573,0.393386783408616,0.036716308651374,0.51934603000805,0.544308422862519,0.730099587679608,0.146148995890198,-0.0909324215175278,0.878683667182295,0.654037115739598,0.790432779933921,0.502344191187519,0.768248096404464,0.573932159602675,-0.202095060346381,-0.2167835472951,-0.152694447197079,-0.152744516512044,0.17707631421684,0.0552646120287351,0.237084353003687,0.0495397937026788,-0.121649596640781,0.486189175886032,0.0049720734538463,-0.0739238881281852,-0.0045383411702475,-0.280360402388593,-0.0239472039464089,-0.429410084697966,-0.388294045754138,-0.130805559513412,-0.218320725742534,0.269757289055223,0.088054539484219,0.115864095107906,0.410630576927166,0.45841189367986,0.489223372836489,-0.0936818522828176,0.309311697726048,-0.424513961712938,-0.353767509556725,0.15559079851015,0.196344555514574,0.0552036978107043,0.0512196225290545,0.242069752277004,0.313062758186076,0.197935386167747,0.106483120822454,-0.0813956604332658,-0.353102263161388,-0.338611963440241,0.0430168677287839,-0.0653943699888497,-0.22717295876423,-0.338204084445404,-0.0825744512102752,0.101182044193449,-0.183915698912247,-0.277909749241476,-0.428811445893597,0.621682381380689,-0.0729938678347781,0.0214711846779753,-0.103314831147389,-0.310546420347464,0.385094813027803,-0.45738976867009,-0.50413756730576,-0.521692672758264,-0.545391672803024,-0.30282069933815,-0.525702555085775,-0.407490271678969,-0.028636635741064,-0.383240365618529,-0.241634128712225,-0.442619469650312,-0.297005152095326,-0.197937130495028,0.388962956227407,-0.320586818323908,-0.0532897721720422
0.336655546194919,0.766086167770934,0.262279357867266,0.732092265987315,0.245260717208995,1,-0.179643436044463,0.72033167040288,0.621160910680891,0.392624902414875,0.39042652341966,0.698605700792843,0.44867741242018,-0.0693094869080746,-0.115749039688243,-0.150836163208916,0.0997501630924435,-0.289160557731238,0.105882525462775,0.114194352587843,-0.022298146076575,0.130370215322952,-0.180589723005866,-0.210018028462717,-0.0482797107843308,0.263529141777989,0.0724142402597968,0.263927407763294,-0.0806818785971113,-0.205556798491083,0.0846878432039486,0.0285516382649014,0.0789913864683964,0.0233041983386958,-0.0585738501380588,0.0174448410174302,-0.188549046397911,0.117041563978592,0.237638965863307,0.0237627321911074,0.227383444001191,0.115096287910942,0.201173094782851,-0.0132648255197324,0.17341904673498,0.0867922150047744,0.0658605783048657,-0.0100039809228278,-0.0437296110319099,-0.103675695920132,-0.0186298567598331,-0.0239685806506122,0.0063804019130496,-0.210535938008456,0.243159190522859,0.0108273193137696,-0.0401334481202597,0.39381410525698,0.16021027487053,0.229843908527743,-0.228983002237618,-0.136656994744916,-0.0652149387720844,0.141096638360578,-0.0014080463442592,-0.22474831019177,-0.390018453502382,-0.0998532204562901,-0.492131127521259,-0.0731530123695254,0.092902545397072,-0.371277110746844,-0.281507473940491,-0.164589325115247,-0.245775679625962,-0.198722298536592,-0.343214903392791,-0.131401223153906,-0.40826538741277,-0.14488095437406,-0.106623579202838,0.112591491433135,0.110941291894989,0.10205962406632,0.647200125378733,0.453125984066684,0.115755456327536,0.595667624760646,0.27312805583495,0.47667417238038,0.407707409432142,0.452247191673602,0.508011076690601,0.380226782661563,-0.373235595101532,-0.176199380286806,-0.162086300093235,-0.303224129679865,0.148437271779562,-0.0481241199282456,0.117521683528914,-0.13914388588572,-0.243011243255767,0.0727269715535315,0.0346044721396628,-0.034488768474355,-0.319191892752495,-0.202650753127631,-0.139672519469,0.034618019081763,0.0832572276311384,0.120319499629596,-0.0710120701424569,0.0560707568403799,-0.153892342192586,-0.196165892625369,-0.13121888940727,0.0441548741983764,-0.149935940268073,-0.182422025097573,0.0686109012728597,-0.226091356694038,-0.366545524463998,0.0243863100473659,-0.0445484596383974,-0.0001057954233439,-0.277781453432569,0.0030788051139329,0.151654373849636,0.0248469163500395,0.108689861275347,-0.121410435448186,-0.0599981380031578,-0.0675487751633629,0.0365562328868522,-0.22738505224514,-0.288141317771285,-0.398422681668584,-0.162890840860643,-0.150551369897161,-0.173749664743538,-0.162286910773698,-0.201720339278617,0.141473790758839,0.0817557693527378,-0.119092422881195,-0.251156853736526,-0.39325223734369,0.0809255796242938,-0.388920641515113,-0.174162976039527,-0.20951993500926,-0.221725345184096,-0.262269054334601,-0.175358729637912,-0.156444209136854,-0.0757401182429484,-0.336535866801515,-0.300455284241001,-0.418804638200756,-0.391122813219229,-0.263040738913854,-0.0258789808215587,-0.347716143288169,-0.23820055601795
0.104286314610414,-0.404797427344674,0.343349679229117,-0.168537191762182,-0.0589523738155325,-0.179643436044463,1,-0.26243351562872,-0.196213955040744,0.274166984901167,-0.103209050300664,-0.0336352071510027,0.200612828388869,-0.0568714798109382,-0.185058722544806,-0.196190860048721,-0.36204201798518,-0.148803442894419,-0.454683414144305,-0.0573346688044508,0.357034135615406,0.145370124686813,0.35316887709982,0.218164388509722,0.221944017207871,0.152924857649351,0.324660256706436,0.0876788226647286,0.21243891942098,0.156782395442102,0.380669863465089,0.303765977616446,0.488429319930074,0.532488307737941,0.173630282583545,0.265727063473985,0.204903094020057,0.248778367686171,0.25481674637027,-0.122141186739326,0.0589132762673821,-0.231053572027399,0.0316391571792083,0.1812167643379,0.0695264734770679,0.399223252450479,0.207930972503167,0.177004374699139,-0.0408665736661284,-0.236480169068806,0.0129990708988882,-0.124998905686499,-0.2757157447533,-0.0843579588310066,-0.0568132849508281,0.176449844873861,-0.157755191748293,0.0265114863263337,-0.0760006192416892,-0.18256514165738,-0.0451159178477249,-0.0337545948156083,-0.165746588804873,0.0316673402947835,0.513334734125396,0.0753108846256628,-0.160253288258458,-0.194305787316648,-0.251742716159254,0.0001410960547865,-0.0614479108590002,-0.146292439089191,0.103363460998956,-0.162084895910256,-0.350020067394072,0.0063717142060427,-0.0736505625843365,-0.0640414164047196,0.003494471381183,-0.267758841634373,-0.0618993751887831,-0.0264852906937889,0.0196046712701197,0.105442230812228,-0.251509943774192,-0.170529047364218,0.478422511744145,-0.391722427207262,-0.0530078647433383,-0.0819675027100847,-0.106877040522987,0.231080674699212,-0.0584712765645442,0.237412474742738,-0.0425840722853231,-0.0509163999305363,-0.329132227657607,0.113443231276338,-0.349321975436871,-0.485213289053113,-0.42861159454796,0.460133075960222,0.141285814012608,0.0260814606112724,0.260005799561723,0.123345153246025,0.508742430479044,0.406470855865334,0.31871393369623,0.378754712356098,0.277542749362252,0.291145064176095,0.548760418844425,-0.09728436961827,0.249665505910149,0.22794741844679,0.477138069048888,0.410137395637078,0.331594849687421,-0.0405527130340456,0.02334243425035,-0.126135199968091,0.121558079613791,0.224440879360809,-0.0668619027914048,0.0469750291547226,0.145722711749795,-0.24878206203488,-0.222737196011217,0.0432751703731022,0.395248316286675,0.0654036515027897,0.0266120036142231,-0.224843132394545,-0.179019247627412,-0.161853758442169,-0.455924963245048,-0.197250199203514,-0.339305889214877,-0.0271645548363373,0.231500852187767,-0.256601661212806,-0.289294410709643,0.0008072512036765,-0.0967967640578409,-0.0260671641783335,-0.219555597457909,-0.120727396946381,0.312936138911858,-0.173769789119154,-0.229784380232035,0.0669889396166748,-0.273965429739061,0.0617245595452721,-0.233153521480053,0.0550359874294867,-0.258736317413033,-0.206097902154695,-0.0414300986758238,-0.0240159134952359,0.0272234916171096,-0.230391319588482,-0.054140662778048,-0.180186227201832,0.0851682188778107
0.0666254493677698,0.697547119069155,0.344065394006767,0.476592837553832,0.0941842071415185,0.72033167040288,-0.26243351562872,1,0.395310076055002,0.564986591380266,0.20160089224024,0.506365786822622,0.338063804060256,-0.162232656437069,-0.115792829021572,-0.103031661341756,-0.0567215765771732,-0.311974855002653,-0.0315622678644359,-0.0972059150354898,-0.177585591827372,-0.0134846901787916,-0.423774403021814,-0.444531851801384,0.0576836328074068,0.180306320968022,-0.0400182870213162,0.245548773419131,-0.249505023523445,-0.289661666798578,-0.163330502508928,-0.0175024477435353,-0.0319873259914949,-0.135679274974081,-0.119329825810344,-0.15566178252945,-0.223841411232977,-0.247720327813622,0.0895113325150504,-0.363119499030032,0.0033655215801143,-0.148714091932607,-0.0772293770239045,-0.0704250942217265,-0.0011504500392114,-0.155417705037598,-0.0663149684151474,0.0545418246483573,0.133959658074653,-0.0692791196368957,-0.11344839013872,-0.187588094010997,-0.0964169933346729,-0.181919032666451,0.0755974694194848,-0.0773448681145581,0.052249038042383,0.196136897664682,0.131234430209665,0.175348790555138,-0.178535054257072,-0.16791380840265,-0.069984651788428,0.166690377729053,-0.167989881275486,-0.157186338061655,-0.200159698318411,-0.175400137677763,-0.353131573882216,-0.119534579744771,0.0319104534166529,-0.260925072656063,-0.172591849132736,-0.0946008820033488,-0.133907262177235,-0.093732534947044,-0.208926847513651,-0.167633223050301,-0.300222655401996,0.0120543232412286,-0.0459622210751696,-0.07238773345509,0.0487923221463599,-0.0887908206826051,0.646404582684327,0.333875773162347,0.210424256025371,0.678428607270828,0.163000532783455,0.362610871235825,0.253711665732756,0.501940917803453,0.311975202499283,0.312989583793733,-0.32325664065106,-0.173338817819096,-0.268411596375036,-0.349945471865402,-0.0121061869182668,-0.128569481390503,-0.0008149317232411,-0.328751887782985,-0.197903319507258,-0.0415104000126904,-0.102440558834919,0.0943329419785808,-0.388936324917087,-0.218933383999699,-0.446008370138521,0.0859089624878146,0.0480731954495288,-0.0367823538377676,0.041314162186832,-0.233462058619644,-0.393316763836418,-0.319897721826373,-0.233824514874224,-0.0974329401575094,-0.214100115669495,-0.143699384890639,0.049539567066572,0.0425587112028485,-0.103403514411684,-0.236094949410972,-0.0165789148105123,-0.0397276387432639,-0.467428421005688,-0.0517315116653173,-0.0778082741713203,-0.0658989070056979,-0.155561963367914,0.0456182093218377,0.161564198131145,-0.0085379864145415,0.049990285066988,-0.110654400504187,-0.278238215034255,-0.384623479383252,-0.16494661010612,0.123138318984299,-0.20384440467605,-0.0826487771473889,-0.0045113903951597,0.0489192030847856,0.130800445857909,-0.0823640560151938,-0.086649469275566,-0.13650726074048,-0.0044306155198526,-0.144244660894186,-0.023164963321614,0.0148524453571444,-0.0582614670695074,-0.168927458066103,-0.0181125083794716,0.0699035627206331,0.132390261513026,-0.255649492562464,-0.172514413537423,-0.288672389659131,-0.252820511405302,-0.144145698957983,-0.0711187423942158,-0.14921174829921,-0.156507500713607
0.733828547052434,0.686934326664079,0.260778318322967,0.904251589479872,0.7230281581019,0.621160910680891,-0.196213955040744,0.395310076055002,1,0.485201921941206,0.922734161071152,0.849788202701937,0.746159206414152,0.145487294250817,0.0130625446880941,0.0469553186888214,0.352543429304579,-0.319637548140547,0.331204543502296,0.532162929295592,-0.0398920792794944,0.210420256156655,-0.233552673081861,-0.167603290699059,-0.212912187501711,0.137701509764376,-0.0292044192833282,0.246804621202347,-0.283196113743447,-0.343000691934909,0.273010415244207,-0.208146960918324,0.0009188898615646,0.242443634603299,-0.217342824648915,-0.0080304229098034,0.0440510840904565,0.0692241724154073,0.242596869854514,0.220626547270375,0.413675736640464,0.198657986905819,0.331773175965759,-0.351923832539857,0.349823420401898,0.0141280328341917,0.322909195628059,0.0769456180646317,-0.454837615105612,-0.293441024152916,-0.0685290402365786,-0.101918857133979,-0.199759241244663,-0.493221800747997,0.159437445028805,0.0874326932293752,-0.245959241285106,0.612069892844492,0.0308420785072452,-0.056424567877502,-0.355806814532624,-0.0262323237272809,-0.21191916765719,0.119085936210049,0.0269848606204576,-0.309053069777436,-0.546200888944823,0.0136034650257567,-0.584662593799553,-0.100900580293429,0.0949903423595072,-0.485179161396396,-0.510992377329074,-0.202144142320355,-0.29948461508308,-0.521075758986465,-0.435116292327446,-0.0542018633188455,-0.543000773700947,-0.535808557481439,-0.379290948169246,0.166339727417173,-0.0008005874708102,0.299610795544461,0.774653715049947,0.870158570879902,0.155131826715211,0.204278284521751,0.665556364953878,0.799284889979729,0.873290899899103,0.560211861113091,0.882044206399837,0.638882383014386,-0.3076330733575,-0.208923660197945,-0.0221499795464756,-0.293274852978684,0.325037087372452,0.057276897641432,0.321081607528495,-0.0220536429918276,-0.425177578461263,0.553830258718626,0.0214891936646252,-0.0060552505646655,-0.293043902362898,-0.324532908928369,-0.153271491203515,-0.161531663514845,-0.113484838125659,-0.0842937132327342,-0.0739096891215339,0.0388208366422179,-0.223846524036803,-0.298558889706122,0.168191863298034,0.239494113407161,0.15060152407689,-0.220329047850682,0.138891838058039,-0.23800895679868,-0.249366738425205,0.172635734160106,0.127636699355352,0.147670974614399,-0.152198013212265,0.242403063213829,0.389451328645512,0.224825572990898,0.0390329482601139,-0.0931375259471384,-0.114617445324523,-0.205354043164844,0.0150689911054597,-0.130692759527285,-0.316632769703651,-0.449776701849769,-0.0586676467120018,0.166110129167535,-0.351148634194061,-0.248112493004131,-0.318985106174404,0.490775625107939,-0.115319161974104,-0.202429979837637,-0.242023434677029,-0.346528956305344,0.242841373177605,-0.488237880955322,-0.450028891986156,-0.413007213761102,-0.415908387632075,-0.179157620363496,-0.403141283089315,-0.230902504888733,0.0247258785242296,-0.483063353088147,-0.361859977646745,-0.579345263453305,-0.514259700237843,-0.284236946439501,0.036174884708971,-0.517545471683668,-0.223991565538549
0.440109744406641,0.45354096222319,0.762350660027766,0.547549838062517,0.425310966318481,0.392624902414875,0.274166984901167,0.564986591380266,0.485201921941206,1,0.47546997334266,0.69545703507222,0.826406680450738,-0.0285075604142833,-0.0901670494613521,-0.0804031746904314,0.0092849163500513,-0.338700163307679,0.0096726420654852,0.360684733316224,0.0300556748751234,0.346707240986745,-0.190102849852407,-0.141336420002069,-0.0404975590441021,0.452352553029633,0.0761657955667182,0.483035390974848,-0.210111143454895,-0.164068398852186,0.328392523098061,-0.0261994009964536,0.199385647085349,0.364449896968821,-0.138677151011876,0.0884517826551586,0.0402853785159487,-0.0730847854829046,0.141853569247055,-0.207117977716529,0.130378869935416,-0.199460724354552,0.0027021403619188,-0.166506113576592,0.164340840344058,0.0208021575633069,0.256737842905346,0.102155289495901,-0.27225917697301,-0.278159812432976,-0.0524993391203916,-0.177213706714491,-0.297472471516522,-0.44030136210793,0.0774010078493652,0.0370823060415409,-0.0721387543239135,0.48607351169676,0.123035833273917,0.0299447711672728,-0.261505896519016,-0.249870000535475,-0.266666976392954,0.121451720247091,0.0650555865827383,-0.262210658804838,-0.370864667999114,-0.237395228597169,-0.539883907851774,-0.161712682669307,-0.0545086494112859,-0.41632214201692,-0.243515287278647,-0.21380780393662,-0.304244612639589,-0.298505085561485,-0.256205652034957,-0.101290308967373,-0.297875706629386,-0.269401914931864,-0.226758333452771,0.0824533618593606,0.197918452045556,0.220450334685274,0.582035608812624,0.485646747611255,0.540259791628728,0.0871459054211652,0.399924535725798,0.55670698051035,0.433577599241944,0.856475614282353,0.607393272091485,0.800953050755913,-0.231973507695133,-0.141750715162257,-0.352687839160313,-0.226581282686072,0.0076092372302526,-0.218936483173937,0.0554277620349546,-0.0238518074777787,-0.10298276310089,0.409640079699153,-0.050266462148657,0.251896340389716,0.0724867739628821,-0.0098300668450302,-0.374774958788575,0.0826231781698333,-0.0572542851913746,0.163388270725451,0.32406596325284,-0.225657742296408,-0.187957943678774,-0.192712713576055,0.399279291883537,0.437988870042983,0.207406345867759,-0.201570294816713,0.0544899212651312,-0.0969453947054722,-0.117111765867239,-0.0845064484130736,0.171210539532796,0.107085967573061,-0.173790570356999,-0.121601178464039,-0.0426712098553982,0.0302390303595304,0.0339521647067465,0.0568150407434819,-0.0475275451223036,-0.237758237590477,0.0699025006987331,-0.225711190741273,-0.425563487088543,-0.648211686816429,-0.243353454793456,0.323047016470617,-0.299384869453696,-0.277754501376975,-0.286452857301586,0.429964741007233,0.0838430431785337,0.0330611355466956,-0.265526067820799,-0.243988321349782,0.396026221892113,-0.284158730936073,-0.365930833613644,-0.120857892846687,-0.318669504411426,-0.209240711175806,-0.289836328997224,-0.1348359560999,-0.0157253517469867,-0.457152884640354,-0.317188133743048,-0.426957455078091,-0.347868769861151,-0.266123683630629,-5.30335426187488e-05,-0.224211648564428,0.026738139722692
0.776789797505358,0.498597053909354,0.281832296690502,0.791632871582603,0.787690071971848,0.39042652341966,-0.103209050300664,0.20160089224024,0.922734161071152,0.47546997334266,1,0.787738153632404,0.748729709036576,0.241696079624494,0.0875541136378593,0.117725166355255,0.433517992958949,-0.213210464495667,0.414928604912447,0.654488698588181,0.0221389044986131,0.232292144342029,-0.177942098796547,-0.0985216639031454,-0.232547774163999,0.125768214583928,-0.0757844148983114,0.187049621828022,-0.244766623808534,-0.310011721882688,0.343557592901578,-0.294972381358131,0.0138466881659505,0.339338605348585,-0.27720709110167,0.0211027001571481,0.157375753184566,0.12751669611502,0.267055664885938,0.309456791936405,0.467721429876298,0.255133909326955,0.392469777427694,-0.349595629452759,0.443235994967778,0.0262472546450465,0.446416821529984,0.0723204744895164,-0.571788455834212,-0.413837595182292,-0.0881172007906939,-0.0501889226032132,-0.291070101780914,-0.501773801186068,0.138474156030358,0.158015743282523,-0.301082254039413,0.650879069484458,0.0466860732920778,-0.0644848832632806,-0.327951822991661,0.0507066798295041,-0.192299371640695,0.150103661821408,0.0738836015892419,-0.279577650973171,-0.604725281164781,0.0810759616632836,-0.530049227086295,-0.0287354318170389,0.129254822614495,-0.439699697148298,-0.483671205797739,-0.132920958935629,-0.22408992204667,-0.551868398129612,-0.468849804585926,-0.0703716057916465,-0.467275070487799,-0.542943410473217,-0.425985338568922,0.133233529237375,-0.058748227632269,0.281230438932545,0.663881204783567,0.877774661368363,0.135643868995631,-0.0120094642002191,0.726065591966351,0.803195451324207,0.938774443291353,0.511993463394482,0.881511628123113,0.624022607992306,-0.210170875455129,-0.073446634785691,0.0483398389786219,-0.156644787713304,0.402495796112013,0.128886922526554,0.40344981081816,0.0347530795469443,-0.366731826333549,0.700525972383049,0.0458385515410662,0.0236092141056134,-0.12971171539718,-0.23582506248407,-0.120126855110844,-0.199345297653278,-0.172361809009913,-0.152750603537896,-0.0707884756551652,0.0734238342917634,-0.20812519860977,-0.26732930856913,0.293881387039112,0.274279827856585,0.224018594381278,-0.333394607029398,0.174400527702894,-0.212594622802146,-0.130545081483778,0.326665633209309,0.17862297422108,0.225060967920241,-0.0166088842623586,0.272667706141291,0.474060540091083,0.301571138348345,0.0069669573403707,-0.0070018945938573,-0.114406792828285,-0.305043466656857,-0.0952255315420262,-0.052212422622077,-0.290552885101282,-0.44838161916896,-0.0919627236593879,0.308782048037324,-0.38231326833076,-0.330072505936925,-0.376792984475711,0.615197336288856,-0.0824819947129959,-0.159452191744924,-0.209863175780433,-0.267792831988801,0.212728539249535,-0.478825835624835,-0.588501420218717,-0.384558860558093,-0.447136771017762,-0.100487210554921,-0.405349285985533,-0.182677987518184,0.118268101848448,-0.464877887696164,-0.373312779398531,-0.513131448967898,-0.544956143930067,-0.374684902144561,0.0087652327165395,-0.471859848306354,-0.23148139742438
0.776660115898218,0.642119145243654,0.471510509064447,0.87938253985897,0.673126483475596,0.698605700792843,-0.0336352071510027,0.506365786822622,0.849788202701937,0.69545703507222,0.787738153632404,1,0.86588220100575,0.0940106389743906,-0.12061714638506,-0.0874193784118482,0.306898210731661,-0.303395510526142,0.32527912566563,0.576985959328395,0.0853770980122683,0.337836749593973,-0.132997931523469,-0.0004416748272911,-0.244748660108845,0.306244962908833,0.0148656190994857,0.251412215336355,-0.0452610744685037,-0.107464770905285,0.421243976009951,-0.1740440798649,0.0926939057842035,0.353697170404425,-0.192759351405548,0.17464676693354,-0.0812353833515093,0.208043539663371,0.316498583090309,0.247354810994912,0.456139448675671,0.25217451672473,0.409592198577142,-0.13594565062063,0.490645874075188,0.0720492120518286,0.382698096239952,0.119511227286186,-0.37515259674198,-0.435550998341087,-0.0332400663279721,0.0400306180390028,-0.340230610180082,-0.469703380987245,0.232892389695574,0.029749955027511,-0.227100884251292,0.677788458029747,0.104097622864834,0.0787110861637555,-0.294165773782418,-0.140332319377071,-0.273090540594035,0.103846418205905,0.0271172758292384,-0.334933418169725,-0.6061885333926,0.0286203763363777,-0.616388327726902,0.0116786621057366,0.216793438682045,-0.434546763718629,-0.387209128402639,-0.10771918651628,-0.357765578975208,-0.488513080541135,-0.495068596322745,-0.0514503667873174,-0.526078066438277,-0.438662226662053,-0.407951861701028,0.22039207966315,0.10807146307056,0.333749001384497,0.754787504922194,0.779398764910747,0.267016247071856,0.129517303916161,0.625175346569828,0.757922228937024,0.757241937270193,0.730181332423795,0.917502877763806,0.711125405179214,-0.341706164582192,-0.220160406189497,-0.112931916887878,-0.257935710910729,0.312652870482356,0.0645105483494613,0.304120402971675,0.0485143011709416,-0.230665995951651,0.538838094966069,0.108623469511709,0.120127017801873,-0.124310452377375,-0.225243247581449,-0.124672021568074,-0.157439300277155,-0.150526884681842,0.0391875795738744,-0.0032580235585292,0.164774122583596,-0.0805666052001055,-0.125007222693183,0.243408785287509,0.30859722202376,0.168039951651545,-0.311287857759434,0.184556251111443,-0.3311996230516,-0.351440974526609,0.237994819015601,0.0540988175214883,0.190841810930809,-0.0666432777251511,0.218963985318377,0.38531553497172,0.271562901824862,0.104258597282586,-0.131834059058536,-0.147870483790997,-0.23432502856452,-0.100374279961665,-0.147579494227281,-0.363140646258595,-0.62416624064898,-0.171453395878002,0.0630027325993543,-0.290437130406355,-0.325465617729677,-0.455511264632099,0.47695344585368,0.0089436785096672,-0.0370266949911933,-0.192210684208325,-0.493875943863752,0.318281266392183,-0.515470784964263,-0.485090401675776,-0.389318074813254,-0.417313047714308,-0.279415790458822,-0.412293651178568,-0.277310444183565,0.0208774794626456,-0.464978128856047,-0.336679148439798,-0.59976434707891,-0.550085620719843,-0.391498167648403,0.0186631644099299,-0.521913120184112,-0.258490617377044
0.794409505403155,0.511122167865622,0.700582514160977,0.763717380850499,0.681875124300774,0.44867741242018,0.200612828388869,0.338063804060256,0.746159206414152,0.826406680450738,0.748729709036576,0.86588220100575,1,0.0064977321181582,-0.0780260449069247,-0.0461595163302606,0.107617721428754,-0.350624242545725,0.128075942142661,0.529510664799193,0.0541623687032659,0.343202739538214,-0.0710647660208097,0.0061765195978709,-0.12640207722306,0.516024890731603,0.207860747329596,0.504142625906362,-0.0414126273252533,-0.0613008915663222,0.596258210133479,0.0014975504729522,0.258678271754838,0.511295960112601,-0.0629244810922484,0.285915475883972,0.0150409772819495,0.192193338982456,0.267723365704003,0.0916779049938424,0.304913967976346,0.0065165931525174,0.19015069018488,-0.189771840984526,0.303328662444379,0.195048629007625,0.302721839456423,0.065812938567138,-0.47908939411938,-0.337441446853475,0.0490660122420749,-0.111152959016826,-0.290707269784085,-0.566637320153679,0.241262287641635,0.0948247913091124,-0.210127239489693,0.714823093863566,0.115515408733805,0.0032864411878498,-0.311771926212143,-0.188298713517766,-0.347537502584281,0.0439176326338632,0.187698195135597,-0.326988022368556,-0.533986938080162,-0.130225400197317,-0.637432779024997,-0.172195631186633,2.91353505362657e-05,-0.537530193427524,-0.38520446386785,-0.301417325605452,-0.410759023106695,-0.467323254883611,-0.376744926980786,0.0188012806347869,-0.410724827391978,-0.433360655677529,-0.294127420479978,0.325410375883794,0.313593893882988,0.460690184367499,0.711982907813335,0.705193956073588,0.515122012402125,-0.0385324869611573,0.59901686278831,0.728535870370377,0.660786720682553,0.863569267419102,0.861845386439971,0.920797467358507,-0.253179355702357,-0.201648821677679,-0.20797420375171,-0.215315949350507,0.0846971922132782,-0.141133579252241,0.126111193665522,0.141773411631286,-0.164544735494365,0.511615210970423,0.0746218401190872,0.15026769521861,0.0995822017101273,-0.120691817382519,-0.133916811438498,-0.0669324194030065,-0.143434932087344,0.273996996039786,0.242622548734042,0.0459169681758645,0.0308308827239839,-0.0429645683879763,0.5336933940812,0.603965742982579,0.358247073037343,-0.200771355204736,0.162783491679716,-0.314118364479891,-0.326761368525717,0.127068184803696,0.105073410547759,0.186523704753007,-0.0679403016947813,-0.0460301863113268,0.122837127468726,0.0673144449263099,0.228698569495931,-0.202034669436197,-0.176389447973852,-0.313827951827882,0.0490771375105646,-0.272060759139999,-0.441307377350932,-0.639814805550516,-0.167365668501984,0.165258048630369,-0.288151036158288,-0.366204948385485,-0.451968862565465,0.581153381382984,0.0017112476519084,-0.0290498304573275,-0.400455440201204,-0.458799637200807,0.547832438247922,-0.494331482047097,-0.524188919129609,-0.392589471120162,-0.502396827376683,-0.267890397415031,-0.488765873691002,-0.356591872547459,-0.160266989094126,-0.594812165374837,-0.438468459612166,-0.601398427684324,-0.491116595892332,-0.334454884641581,0.0882123140629703,-0.445402884995219,-0.0233032404924549
