1,0.622788277181384,-0.0162987716226622,0.65610288757679,0.630741674164079,0.441063283174202,-0.047677555832285,0.409005139991231,0.460064733341259,0.279045387495024,0.812529328569838,0.674325993227913,0.650839709336892,-0.0015606777467832,0.0874446065105141,0.155404592346198,0.023377738331586,0.226953660462104,-0.0471903996758099,0.100553530227715,0.0087023852341545,0.0858555669450153,0.365704167799901,0.0645799557797134,0.265069615971088,0.0873495038546803,-0.200203520896923,-0.173681809194816,0.194984145276346,0.271286868167699,0.0661187730491936,0.105028125822052,0.40671145443286,0.114010824487394,0.0391977110298379,-0.0802368031067473,0.234997855567468,0.215873006701439,0.0651478489345391,-0.0774662110843031,-0.0006550261216862,-0.0284897878274123,0.14164431865924,-0.177542630335574,0.0105107845612501,0.156288540444408,0.110555379602413,0.0754169889438736,-0.287433098325936,-0.370199411206347,0.0743830140999927,-0.187290816039644,-0.275269493939052,-0.136895977628439,-0.106124047625915,-0.26336706290455,-0.168163726713472,0.540686114655857,-0.0606514804882301,-0.0240271128621497,-0.284202971691742,0.136045426077221,-0.202947240859779,-0.0434236551873519,-0.111893007307233,-0.049294898729304,-0.39780303719913,-0.148048792977312,-0.177040792498535,-0.110903204060954,-0.10432240497986,-0.270924890136807,-0.349696346690275,-0.158239533180092,-0.295834663992753,-0.328737037765147,-0.202411203121874,-0.0184222905168431,-0.341277857607984,-0.205488587539715,-0.216050696233556,-0.159947240850014,-0.283562418488216,0.213264206168721,0.577814194069902,0.69018797939693,0.242608739358515,0.319625720087127,0.71876522400373,0.32888241125192,0.468770905738218,0.320490305323986,0.454533927129862,0.622783260884197,0.402007402926482,-0.0280593259158653,-0.12793223867362,0.0516535870783053,-0.0170829009259744,-0.0908597666248527,-0.0419690441378175,-0.0984252459598269,0.110484434320759,-0.0643248573147643,-0.0868797257595372,-0.0530597005560784,-0.0154049887865678,0.13362224870997,-0.136928500164963,0.187091963655047,0.0549524000555376,0.234398657612601,0.178581788309479,-0.144894158153808,0.0142783757095522,0.0166251981284261,-0.106245845821166,-0.0906247490115335,0.0017184917222267,0.049300222906863,0.0567147228579899,-0.0442265206514418,-0.0875261763300956,-0.166506677264939,-0.0352418831793916,0.113066736819938,0.0569610216709001,-0.112030222062767,-0.10948204411766,0.13934612659429,-0.0500035477860837,0.0092912896941934,0.0767855569714368,0.0318703558501854,-0.0882007392559186,-0.191595852641696,-0.200169584673983,-0.0944399797777612,-0.183029581564633,0.060293080475251,0.0199043011898794,-0.111923037606129,0.159187486683239,-0.113527484528207,-0.174075998946983,0.372215254636629,0.019815276593319,-0.164167130334721,-0.120269768017737,-0.0856641162426691,-0.233416614706796,-0.448080828673758,-0.331881774857855,-0.140774508633076,-0.246598208864978,0.054656455809088,-0.0760794386406219,0.113513042600715,-0.0630206643682241,-0.240988138435044,-0.046828388593173,-0.235771894232288,-0.0983290567746505,-0.340058130294125,0.0906859583268919,-0.244868897744196,-0.358836244827836
0.622788277181384,1,0.361405474398169,0.631417108630385,0.536142356891406,0.390291663830537,0.271546901459242,0.544616553823176,0.296957871520577,0.503407632836854,0.485085707558514,0.61414862953877,0.625078736727336,0.0670770670759778,0.0512289666741699,-0.0001102241090171,0.147273485254192,0.183287188641081,0.041088340380165,0.0091948394107124,-0.0573206854866153,0.103302348099345,0.436555224654416,-0.0124664851478552,0.221425898437241,0.331834561969752,-0.315274981472195,-0.285216379644639,0.285327110104215,0.420645443280079,-0.0068438155763082,-0.0647315293890643,0.357051753855085,0.0823095595343783,0.0058108121644039,-0.184310115843022,0.313825891268649,0.317870551334147,0.159529424949206,-0.041573389795595,-0.134804572931649,0.0174437791740052,0.181176196828666,0.0598809878106552,-0.0463572907196355,0.0181529078463201,0.0808194706922017,-0.106234242007384,-0.12304356166664,-0.353335226572169,0.095398515409418,-0.223810967155002,-0.20895191758726,0.0274425074782008,-0.176818776746094,-0.418250659299844,-0.176733312046954,0.423444963926078,0.0078814982285845,-0.163031744516773,-0.264696048188335,0.0533694146274192,-0.202079946827849,0.0154161076878444,-0.243670606374082,-0.0326586417876551,-0.309626353452507,-0.255515056679133,-0.292723020515318,-0.207012936749117,-0.223845883119989,-0.38954021529572,-0.419994429531277,-0.201232274423984,-0.392976439735014,-0.298879520713543,-0.163397026717376,-0.03876841129497,-0.262725005473881,-0.169963985299378,-0.184072719420375,-0.213735869097239,-0.0205848799389732,-0.0064385430359989,0.830655922152778,0.646550503471192,0.551705173037548,0.361053767386806,0.413892906256689,0.162000606560713,0.138815549460819,0.54829038964567,0.471848391222583,0.38482726884177,0.327435962981698,0.0942329032623518,-0.0233675713553672,0.0352893433492049,0.133890242105454,0.0669511022849639,0.0618151781630701,-0.0053159607040545,-0.0542360910924301,0.134898562140947,-0.118202700521398,-0.0712243724533648,0.0440561878998742,0.303566358964151,-0.0525400039486139,0.2295510789149,0.10638050482624,0.324723881043255,0.039547948923598,0.0939468788010966,0.363034747872931,0.181445000225898,-0.113078872344802,0.0735930217409571,-0.176987183237592,-0.0230704549387181,0.0901741507118905,-0.135118167141832,-0.170288676148973,-0.0342556629065784,0.16964454151404,0.347420373487918,-0.109313592794696,-0.0800989355922756,0.0549594267595012,-0.0313201060763135,-0.0004262506126163,-0.0557757353563465,0.0335991275813543,0.0873711497405499,-0.0156907493533695,-0.331365368529713,-0.325788377060018,-0.224500221732353,-0.281734025713073,0.112734836273894,-0.0641649225345534,-0.493319665121758,0.245908314802026,-0.148441476313986,-0.285027534338749,0.182447099519648,0.0358545087928047,-0.377622264146935,-0.308843013394051,-0.222853584600416,-0.309019540566019,-0.463256428905176,-0.390276872302589,-0.192539355088436,-0.322060053759988,0.0111892020541593,-0.131155721895589,0.134380348922083,-0.207116166303772,-0.410338718548134,-0.227809893970693,-0.316395604884668,-0.102831109673551,-0.384339414554514,-0.0897629427191734,-0.292770668882919,-0.398360013281904
-0.0162987716226622,0.361405474398169,1,-0.0793648163274989,-0.0926768613075473,-0.282183973524869,0.621274547321707,-0.0745443651425784,-0.44929441144893,0.484537705998991,-0.0683102106079514,-0.101054960820861,0.0468046286347044,-0.106599867635446,-0.0318862753353626,-0.183053517958621,0.295842398040834,-0.0991804343154631,0.310091793746777,0.26687663203371,0.139239237360022,0.176441070366555,0.383079949132482,0.132825290876617,0.106030594669679,0.669966435814001,0.0985566474431823,0.115173493928945,0.243098487355053,0.386133203847409,0.291092502699853,0.157505228541688,0.171013080676177,0.300062901646584,0.113367703065971,0.039671419617729,0.267062442465861,0.218801431424099,0.239475226476772,-0.0088494259827459,-0.180407646752448,0.0121530092612164,0.0311684116454685,0.12370433012944,0.0596609684267242,0.129398772607482,0.206888345208197,-0.352106305496793,-0.304966533535477,-0.131539614390766,0.218211365873916,-0.146764845412306,-0.274420197685762,-0.0449728139897632,0.0029269713511,-0.0646137756949007,-0.135655904167808,-0.0643522704549567,0.060938946415035,-0.244929083667205,-0.37911558424273,-0.0743124641971893,-0.40167022540434,0.081427728141106,0.137111535871519,-0.149674167063813,-0.27829500027641,-0.350964315968623,-0.349286979888573,-0.328846918347213,-0.185518733850952,-0.350892872575044,-0.321759415862747,-0.342139878709408,-0.485998166643607,-0.140874728549848,-0.0206389942586214,-0.24133552886211,-0.102134270540195,-0.25046862112904,-0.0778527589214097,-0.210475888202144,0.32027525714737,-0.0549117864802658,0.47920733085004,-0.0910299885044355,0.415304395346429,-0.189980981541573,-0.32854732708089,-0.478755777586746,-0.57355917604511,0.34785206834516,-0.163672767594502,-0.0310072426728604,0.251550505027114,-0.0982676812988068,-0.0137255326095561,-0.083849172413981,0.0660887085866879,0.288085021462047,-0.0476687537964536,0.263080161029585,0.104346642546181,0.285323987141201,0.179052207949037,0.0377351027515638,0.206292225919189,0.287270324853447,0.177048759479763,0.260335428047981,0.240531023315988,0.147236704537114,0.0141159753581413,0.594337736655263,0.564456975035057,0.274958593234513,0.0363587846200396,0.32820369910789,0.0884306953281953,0.271464427176057,0.377168041749496,0.14428293460987,0.19346703480119,0.205622594112859,0.289278765778489,0.264238304891754,0.242435868111213,-0.117807635986086,0.0802653618798112,-0.103881449436416,0.0303216165974268,-0.0629057287811613,0.212338780785094,0.270375325340503,0.219017022793428,-0.171888754049298,-0.0671700005764983,-0.533321581421597,-0.131634240642954,0.125552767135411,0.253073954474357,-0.0235381512640131,0.326365114864844,0.125229578136948,0.124825558610109,-0.0587234333187965,0.166910671217104,-0.430009190852512,-0.460204728725125,-0.190386371976872,-0.0321707939200876,-0.170610909776337,-0.225610862855235,-0.245062225610422,-0.20969198851648,0.0633618001910854,-0.013544503218547,0.0568339352928202,-0.208760664345318,-0.41972542065851,-0.28373183558808,-0.200675033838182,0.0281280522546743,-0.221153171513633,-0.407718795113527,-0.139025116409656,-0.0628699358383843
0.65610288757679,0.631417108630385,-0.0793648163274989,1,0.667553931472598,0.605163018615412,0.0151243890574969,0.543211264766274,0.608504477481957,0.293150500895506,0.787607876034207,0.868248006346184,0.706949699151007,-0.0237283091234458,0.0681141699188255,0.0471940469608093,-0.0763499930530098,0.213980681248252,-0.24423195898717,-0.15861589658155,-0.224292453423744,-0.0232387306344113,0.311816378625795,-0.0189134889995253,0.120674066626785,-0.108337207202299,-0.293511989550491,-0.200230754074574,0.286962437770841,0.23409031419531,0.103563713123418,-0.0080866992917253,0.325452444306239,0.106674780499541,0.0680484889005295,-0.0856777346306488,0.0711570177880243,0.390102425887637,0.0410080902355515,-0.0227194239193311,0.151780775825446,0.0428403738848977,0.176543981775086,-0.184049117708767,0.0580001178090801,-0.0303799909684368,-0.0007554145913062,-0.0819502605751776,-0.0791687982016451,-0.201738751150438,0.008457000570209,-0.246523139500571,-0.217263822909214,-0.124749396865422,-0.171621240136048,-0.336009469538506,-0.0877780224734744,0.674408303837539,0.103672318410633,0.0884371958022881,-0.139432190395026,-0.183734551599045,-0.236656189280312,-0.159158543216343,-0.274639161770358,-0.0617949146379878,-0.332538823376974,-0.192931543659475,-0.269880399979622,-0.140471335704456,-0.216196532725976,-0.367485282455438,-0.365497836911845,-0.125570520185379,-0.347460813459219,-0.306142727137159,-0.245158434613875,0.072201148822016,-0.231057541712053,-0.193934243372903,-0.0571208746737161,-0.158536377508125,-0.455607728078414,-0.0333860023290146,0.440259649047507,0.920493406292366,0.236687521230715,0.437445847341437,0.641203667904687,0.464028278392291,0.475253010952651,0.238749960820286,0.627758980124997,0.708902787947393,0.26552353052687,0.154491902424587,-0.0544225065008286,0.0764038147504115,0.195008371446905,-0.0535281771074257,-0.0510330414193985,-0.287871837706754,-0.0665761607843703,-0.0844242811288025,-0.270154279106195,-0.309606307652196,-0.106902565186281,0.0707886941822732,-0.233531711624606,0.0629699998555606,-0.106707583911317,0.288338172499515,0.0141740361028557,-0.177647199245952,0.042880461172781,0.0379448754386418,0.0622004042207129,-0.0341353553823688,0.007600472383936,0.0315458731483996,0.0574504130791586,-0.081842461176344,-0.21200918093212,-0.237422748609476,-0.120559082361711,0.202571961368457,0.0064760313211774,-0.0615264190014848,0.0309533636424069,0.134987284457221,-0.0554805354694367,0.0358290764076345,-0.0076571431630062,-0.0754834478707042,-0.20302888842138,-0.236710368405982,-0.203266667184581,-0.059512836798911,-0.359030858043819,0.0162696265613228,-0.105675691602575,-0.400453548815164,-0.0141065974125001,-0.121020647461339,-0.22362857635104,0.496761361505618,0.0680528860043498,-0.242656053458772,-0.169254018737964,-0.242679778927158,-0.341926679630685,-0.570350008816327,-0.406620660309382,-0.261362933267353,-0.472652357290222,-0.151148668826959,-0.222902092367001,-0.129098273031277,-0.298797474214026,-0.352381823281453,-0.0819635983747972,-0.40637128001197,-0.268515026264159,-0.431261834501769,0.110641600458576,-0.267226879728083,-0.275479683724143
0.630741674164079,0.536142356891406,-0.0926768613075473,0.667553931472598,1,0.337253370780346,0.0621479189372966,0.490642709606393,0.475107171420807,0.320218203207035,0.76788778411504,0.691393571006666,0.535975291076072,0.145872615418778,0.342936720193574,0.323387459038391,0.105254602587992,0.465206642192048,0.0248696119305345,0.156150856991893,0.209539133823579,0.320674870424987,0.255773085574552,0.235587878761871,0.470825781925813,-0.036227383839273,-0.26603775568268,-0.215222854748606,0.206406971981328,0.1929552625975,-0.0319924991986212,-0.0639340736354479,0.343087649514091,0.157573161919912,0.0537241467520169,-0.0454332706519299,0.42443482062506,0.157189281256836,-0.0484864546663461,-0.0053305177390731,-0.102293067506717,0.0726302848468988,0.119688928482009,-0.327436707261999,-0.219304484463065,0.173069141080234,0.156593237296262,0.107270937673846,-0.216353812471948,-0.268038358710922,-0.0515710617910303,-0.119680081638066,-0.147713696366193,-0.12811312734734,-0.227086411601031,-0.247010944775164,-0.0873144276978951,0.455446478196725,-0.158517558646775,-0.0546191880971666,-0.149647970014073,0.119353603152757,-0.173300942954773,0.118890963380465,-0.092209978764934,0.0083315072259954,-0.270891614536403,-0.274716303009425,-0.153062212955743,-0.0703443135761286,-0.0334745554389853,-0.280113216523694,-0.258158562504056,-0.252331894429965,-0.303031489439675,-0.232985104703556,-0.172260191444903,0.163839219063896,-0.209929448596869,-0.232612817539501,-0.185315351594569,-0.0202420685621631,-0.236215171412171,0.234282204674286,0.509199364238199,0.634067406573898,0.315178916058393,0.289431266574922,0.836979786706565,0.278590743641509,0.50095190421897,0.360904925937525,0.475828861898285,0.733468264391638,0.251621469287256,0.244978242750221,0.200567607015438,0.195365974065574,0.390126724849779,-0.0173843134846409,0.115519649928728,-0.0132454688154932,0.0611969475895214,-0.066348517928388,0.0896775026299808,0.134131202817671,0.0724220189458796,0.0294835896720537,0.0477398022919678,0.246900667401952,0.158384605542104,0.430543029207588,0.426045372666881,-0.170354224882016,0.0549088517128748,-0.0216591503730599,-0.219024790368209,-0.212314680647594,-0.134930014430839,-0.109456090254025,-0.0415633522126268,-0.111096878072397,-0.261708364125138,-0.24792060438278,0.0373710872021661,0.20295736978167,-0.050758500482625,-0.0328975419812997,0.0175324576754572,-0.0695695242991869,-0.143618399239811,-0.24197895225033,-0.0121649952332388,-0.0583769818026367,-0.290588301626119,-0.30381892657631,-0.20023332177157,-0.131641761408858,-0.260878249931182,-0.102802879917689,-0.379214535261842,-0.301662583885953,-0.254280547133627,-0.333023239425975,-0.324189927949634,0.278588851727666,-0.177629341902591,-0.18970987623304,-0.331115237438576,-0.337291453783677,-0.0797521310501342,-0.409503917574388,-0.267411338985431,-0.274429612790652,-0.266276473036061,-0.153656487415454,-0.222178024731792,0.0567862285872516,-0.225674173343747,-0.262807243313918,-0.151051415480953,-0.336880362021634,-0.292417200503647,-0.339474839129327,0.271594174215195,-0.194371017951938,-0.314434318332938
0.441063283174202,0.390291663830537,-0.282183973524869,0.605163018615412,0.337253370780346,1,-0.260246091944771,0.559227931503371,0.904275626429109,0.14365918048162,0.366779420094321,0.623123352251278,0.774543355061945,-0.300448967733711,-0.167124851486331,-0.107284613367002,-0.441601302980715,-0.0361171344236282,-0.45231056207353,-0.236632814865699,-0.46996123347573,-0.258699378901777,-0.159882527504261,-0.258168038622431,-0.117265775732954,-0.413285805498925,-0.211276981617267,0.0319428797146762,-0.0986405675215285,-0.0477225727702135,0.0559455753151934,-0.128457644688487,-0.111996892842456,-0.0552527829347825,0.0518851113484328,0.0024520863316494,-0.222890061497181,-0.236739651713248,-0.459076664182342,-0.468888502053527,-0.167846478088756,-0.384930914820016,-0.0496101200765641,0.0343351530340523,-0.21699012563211,-0.504643330002444,-0.285011944174125,-0.133231982443291,0.0327538026098599,0.0804017013297354,0.0126854002764051,-0.283997328518449,0.239996209553858,0.174867189524014,-0.304077933705069,-0.162389415340549,0.28849687730348,0.371053099876179,-0.0977820174769025,-0.139008790487221,0.0124939318434013,-0.175418205647848,0.0130452239015454,-0.203884571502945,-0.56206372970531,-0.031040894875132,0.064615031486222,-0.161986859787547,-0.0107919377522515,-0.110141652343077,-0.033500714553942,-0.24459641448689,0.0282043219717264,-0.128560632526561,0.0649595123324377,0.126738051471796,0.124773097007115,0.265179194918343,-0.0158436269135724,-0.10341674996893,-0.198173336243009,0.0131376939359201,-0.523277334629888,-0.079052690713064,0.245431609728127,0.722520867308714,0.218617427530797,0.844136400845065,0.528634996434217,0.924634003971233,0.706068131218268,0.259484923671442,0.812930180045691,0.181149201948346,0.475388510041656,-0.113128369548168,-0.409883831281347,-0.223489392891576,-0.234975421833465,-0.52785827814629,-0.154713394199724,-0.491559420554287,-0.535151274090877,-0.318134844272166,-0.458508638084644,-0.394133780542659,-0.332404138396897,-0.221015748258198,-0.426447522664298,-0.29193500454789,-0.416496792511384,-0.17041715492628,-0.128232820555325,-0.20126967553987,-0.25575418695859,-0.41073500773799,-0.0214209175481586,-0.15209885270269,0.124972972469308,0.234040394598955,-0.310602417876408,0.027060712125024,-0.379803689862436,-0.511857432335505,-0.430257074571796,-0.317510359710089,-0.0438955128787302,-0.435132279253187,-0.437222407554389,-0.223581831250838,-0.463268953668825,-0.266960905314113,-0.496978518259842,-0.443494983839101,-0.487561304322787,-0.181098016253226,0.124765551045677,0.0452166348837147,-0.0246073594627254,0.174434806637361,-0.242662549816391,-0.4202287251076,-0.297796422210186,0.0126986967916652,-0.0755015828275373,0.168864412149832,-0.163851206603967,-0.181117684760415,-0.116704495897355,-0.147025265481559,-0.0820403792915563,-0.480741728025736,-0.007805024065085,-0.247532177041705,-0.208489590412539,-0.208021015015843,-0.366639611524539,-0.280225410692417,-0.217877978371536,-0.110261030159423,-0.124489186579618,-0.185077606662826,0.0800027652429408,0.0593525458511447,0.342734147614792,0.0336572025518057,-0.133404518846955
-0.047677555832285,0.271546901459242,0.621274547321707,0.0151243890574969,0.0621479189372966,-0.260246091944771,1,0.150654065938246,-0.337271382816475,0.603636219416013,0.0874293975191419,0.130529050349967,0.079401094729534,0.102216956656457,0.436460484281116,-0.0197829040858028,0.270918475816068,0.339226812166051,0.277949289905601,0.442080715173688,0.249800627120676,0.515501990826359,0.453321776775117,0.30019106717778,0.208052670641114,0.421967873780245,-0.251514611364526,-0.0685002822846785,0.195327696472805,0.420596705642678,0.181241390813203,0.200249288393857,0.378483064786751,0.407381370623316,0.1403565322557,0.0243655939928967,0.523380898301434,0.276642100895074,0.264701917474672,0.0198853024291803,-0.107977663385065,0.130596959164155,0.0697102112631962,-0.0375007718520712,-0.0487762553139385,0.114405904606361,0.19556725280003,-0.0681521392479594,-0.212897538642805,-0.165489586862413,0.111827758951752,-0.279377880375209,-0.231988090975128,-0.14714327496355,-0.107489792595769,-0.176052032137617,-0.0950023552974151,-0.0506269604169102,-0.0394111408233051,-0.220156874653156,-0.31007320483647,0.0483781728695021,-0.294827526388978,0.383779359845129,0.184906995615574,0.0577111596889501,-0.239732837243342,-0.35813919329657,-0.306340995786867,-0.137142817263866,-0.120480455340996,-0.326912737128037,-0.182782179502613,-0.295984285042251,-0.46832442840355,-0.175252595862197,0.068907952080599,-0.263135535771446,-0.140538999863881,-0.327787289690904,-0.0327535640939601,-0.264711022834862,0.248535033387568,-0.102913898268536,0.382332868025482,-0.043816195936254,0.582312644457828,-0.104454441472602,-0.145843514841411,-0.361436457340923,-0.341020733752094,0.54236759961483,0.0766092956570086,0.184410668979164,0.25759224356707,0.186955260666129,0.306527754961375,0.0318126962992118,0.258971035219849,0.319684531714699,0.093339021141122,0.20019453227206,0.0823620555461053,0.381587570424361,0.330712783465159,0.0418546657749417,0.322510627491797,0.324878216903673,0.232947032217062,0.291590599834244,0.269111016917243,0.24581174838076,0.183044602127134,0.395703647302182,0.813369573617587,0.349309601362148,-0.0304153320476599,0.367162207182684,-0.0362345023009958,0.207088082183306,0.345748786409182,0.076880779307515,0.0728929649493053,0.436752026791105,0.560716353912672,0.315820969880102,0.166744039273244,0.117541294344316,0.196847877700605,-0.098436373125447,0.0297256618777964,-0.0618700910585653,0.173308371210151,0.220266776886633,0.0897273563260449,-0.315834188683871,-0.181313981993553,-0.460638232893605,-0.325386559453287,-0.10932890241781,0.005714310793532,-0.17308488755119,0.109334067770399,-0.0602302908379775,-0.0765049201685603,-0.022307340201633,-0.0451899364380474,-0.527269501777347,-0.479917770277416,-0.338142632528399,0.0057096178057505,-0.240807044703329,-0.290168205090709,-0.353527613383789,-0.306678626684373,0.0566272484545866,-0.0735699632544317,0.321151870863194,-0.261422405105778,-0.48584536045397,-0.238991614306076,-0.344556039096394,-0.151338516528201,-0.278301606241417,-0.30219845447212,-0.249029024575957,-0.12255062941872
0.409005139991231,0.544616553823176,-0.0745443651425784,0.543211264766274,0.490642709606393,0.559227931503371,0.150654065938246,1,0.522269596862848,0.579942081806462,0.433941264266805,0.749976321055161,0.639819006068887,0.107208755738916,0.0225160825255206,-0.0268966010195474,-0.168731638911797,0.203135152267319,-0.198848724827501,-0.0938665057039386,-0.160686794094711,0.0480802535072992,0.222957888659178,-0.0263733651748234,0.165692666600606,-0.227559047118623,-0.405247001254078,-0.224281694729208,0.0793764522590809,0.186975954387346,-0.105807517942936,-0.109829027757864,0.285984665899511,-0.134683523921019,-0.145001714126887,-0.231226038699588,0.0566712136236034,-0.0079578482802647,-0.114789067422533,-0.147978419418617,-0.119952500411853,-0.0898737715962423,-0.0074981813385415,-0.280820040080742,-0.273016587472039,-0.232354950360851,-0.0800320734949785,0.227197683433031,0.0015954602092158,-0.183282958230477,-0.133656113480242,-0.28973269006238,-0.0376868007144202,-0.155475192967916,-0.369217395281817,-0.443339502940946,0.0050499284307102,0.32801480661095,-0.0879571674585839,-0.0939090828667686,0.0925076206350466,0.0123179515960597,-0.0441545313178624,-0.138293624727663,-0.406437563499579,-0.0620517177725328,-0.0803871025220412,-0.0971807380778003,0.0165997131654489,-0.0050140291717792,-0.0407361196707575,-0.0878808907938307,0.0306228439014996,-0.0873302366046517,0.0159367762208326,-0.143972438516358,-0.0625862859546307,0.139922151278026,-0.0972425443322893,-0.165943118376594,-0.229241076710915,-0.0987310365677389,-0.428464505484502,0.0497657220316956,0.346059910877961,0.538938480631759,0.491821736991621,0.646584910181941,0.50858504413831,0.468625107076225,0.43039623210624,0.451710138583807,0.76068746402587,0.415984031898532,0.168974249568213,0.0017826886740088,-0.205800822684472,-0.0201177641545033,0.0879822028839445,-0.184501136987733,3.44137196398858e-05,-0.276109963213389,-0.224047750785011,0.0337176967176313,-0.131009600392516,-0.161717870438067,0.0512486549039469,0.108180212675055,-0.0593552638501083,0.0983057471187247,-0.0588057180333051,0.161243018920801,0.0605073670131385,-0.253902904711562,0.067605950646841,-0.0396860490015719,-0.0769258989398698,-0.0502858237989545,-0.198470035704269,-0.160841913632404,-0.146006780235784,-0.179380130305734,-0.261494979995613,-0.305362376226632,-0.168518310572417,0.0265514065273909,-0.215142974563608,-0.0359333505657296,-0.0167360832891442,-0.105943284858941,-0.146498417278477,-0.168364043120663,-0.231754117946799,-0.191309773985512,-0.292546602121235,-0.297123927741275,-0.227048506944386,0.0347007050079838,-0.192376827700862,-0.155630053753064,-0.36400413112426,-0.396614073944199,-0.185246374547099,-0.345492550058662,-0.35209098729107,0.215973695309823,-0.137123174047147,-0.264109117634832,-0.0979380819292599,-0.104476943579224,-0.244655850623314,-0.477458630914672,-0.221172963144927,-0.134949167346908,-0.249127086998448,-0.23055942636687,-0.298286321941718,-0.120771353822183,-0.167972830525255,-0.08996937805295,-0.109018431197865,-0.162772443179448,-0.158741359242072,-0.110827562244537,0.217950818672996,-0.108278580506735,-0.292696038704895
0.460064733341259,0.296957871520577,-0.44929441144893,0.608504477481957,0.475107171420807,0.904275626429109,-0.337271382816475,0.522269596862848,1,0.031583927920193,0.480847096190407,0.639295700131832,0.649299009075439,-0.211880467985813,-0.0457399391716534,0.10577234777049,-0.393003430330925,0.10282973488881,-0.458379777348397,-0.226944681617995,-0.309580425134736,-0.24594370311753,-0.10135550696162,-0.17696152494207,0.0240175914012199,-0.474400693272325,-0.233347491248497,-0.0634934023520288,-0.0944094594460158,-0.0581462807994584,-0.046011334058563,-0.0873045152611823,-0.0414914303659368,-0.0433962479767643,0.0566657887563565,-0.0416122485233282,-0.206107243070448,-0.157923043797835,-0.390832475664773,-0.370350237008624,-0.112352405047449,-0.247652189626321,-0.0158829951004656,-0.124972266938513,-0.135385651967767,-0.261977576263175,-0.183007409295015,0.0415895049468148,-0.0135785569717683,-0.0218539413237931,-0.109565458356259,-0.248528362590924,0.138815657653056,0.0150229378529516,-0.333360813353427,-0.218827189579789,0.205686568296223,0.45280536546971,-0.120860507389684,-0.0035415669244961,0.010340185036048,-0.13529542580591,0.0398345816304669,-0.170910195691756,-0.444523455668571,0.0413191125769456,-0.0364386169766736,-0.0681897960771564,0.0679289586653376,0.0689615803782457,0.0101344676586752,-0.114265513701477,0.03260205425022,-0.0246809271302801,0.0913836477333018,0.0173176142868309,0.0774517847678169,0.328214113762164,-0.0591904789880062,-0.0624101591928006,-0.118199496211515,0.153642072572386,-0.487145637391958,0.0602348409465186,0.140121797808714,0.682697896025698,0.15689082622341,0.790437390827256,0.69863246764436,0.951269805208649,0.854845346458829,0.175415181410564,0.746433496495261,0.307173420474867,0.390518782881712,-0.0031603820271098,-0.259690098724252,-0.0522254499022126,-0.100870272227664,-0.453428412271633,-0.0402515470970736,-0.465113852474639,-0.327768739802717,-0.353881345289952,-0.287255952190932,-0.271634808211134,-0.277067273846337,-0.168953664543264,-0.343157863002801,-0.206948983440572,-0.338468035738394,-0.0300416689055448,0.0197624838679933,-0.328282665960593,-0.287757415087924,-0.361059349266973,-0.1161494874593,-0.233948187212986,0.0096368831761936,0.0870796262224801,-0.250741033737638,-0.0308331034098207,-0.371572048214535,-0.421879135759543,-0.356475582765181,-0.233400112970293,-0.0354551508583315,-0.340698377312522,-0.367956776825966,-0.0991920544283855,-0.365155433305235,-0.159842397279585,-0.341514354460406,-0.308880234256858,-0.44003546818637,-0.22443204426576,0.0371002702563164,0.114331282297973,-0.110603295911551,0.0066704918727876,-0.358304130123133,-0.385014025463734,-0.350199461870611,-0.143877716319536,-0.174491178674721,0.234592383353696,-0.203849564100188,-0.0396368540608811,-0.0614746542203702,-0.100177300637771,-0.0354793345341196,-0.38469847001537,-0.0781978374286171,-0.200260039820174,-0.197595053463856,-0.129402982668966,-0.272398467848901,-0.178011676520159,-0.108873176335903,-0.0328270051188602,0.0504761076075222,-0.20037613075759,-0.0737495770510575,-0.0430130573230605,0.46810418712272,-0.0345017464285247,-0.155485451901766
0.279045387495024,0.503407632836854,0.484537705998991,0.293150500895506,0.320218203207035,0.14365918048162,0.603636219416013,0.579942081806462,0.031583927920193,1,0.261975643280305,0.492648818550773,0.564563756533096,-0.0774757872866138,0.0182517666228225,-0.0790206463035908,-0.030200334588989,0.091401704403508,0.118357537153182,0.272292272186131,0.0132449842058585,0.286809694120655,0.433222623778189,0.0590382889725643,0.27619770415778,0.0987239935581544,-0.452649717825819,-0.152190726959544,-0.0259575371044368,0.232804733930607,0.0173638933293871,-0.0430691485602627,0.565477796106727,0.0944570993301605,-0.103358139747999,-0.312168690667779,0.230863688704446,0.0300158460128893,-0.0168158456101096,-0.225321498403816,-0.297101992111996,-0.167167240005404,-0.221192861633855,-0.168225546640036,-0.304267561121558,-0.15287048074866,-0.0955771308710642,-0.0765103498127453,-0.152976111418533,-0.14999757508884,-0.0897561283179754,-0.303384394090667,-0.128977309533142,-0.137698080972327,-0.311227057607355,-0.38492133268159,0.0080357689860574,0.152619370930641,-0.0158618207776647,-0.353967087515757,-0.125427028575747,-0.0633515336804608,-0.180933785317727,0.0884315041201085,-0.175338837624015,0.0333946352937338,-0.162120333610469,-0.368620363322481,-0.189649981486083,-0.204401558185934,-0.132066510898781,-0.287912934382953,-0.169120944456719,-0.30811492932148,-0.220746827974721,-0.11928229017075,0.0046615749123615,-0.009425648577832,-0.127288952664208,-0.280756902905731,-0.193877239610937,-0.312605756088765,-0.193706854668151,-0.046795327891163,0.526510977869518,0.261875153784247,0.762765886226994,0.211424334956362,0.178338700891316,-0.0049125159834222,-0.0397573444885922,0.779718858094812,0.401967479117375,0.307428714668462,0.346976986767595,-0.0409935304195317,-0.106765740212413,-0.0086247106773568,0.162099130464685,0.0003473939068733,-0.0161224189611422,0.0289218146944266,-0.152667423379909,0.204739413799749,0.0585251925084626,-0.160797086663865,0.195929700657892,0.228132431365242,0.129931349545019,0.327717615258282,0.130647177433759,0.357054614508319,0.196245712462902,0.114091882915946,0.49663014497124,0.124996219632732,0.0583303346596625,0.225993148407508,0.0136117007315823,0.174398535008618,0.112131074229182,-0.0022753495948544,-0.10430237791603,-0.0934386522186167,0.0319433770928114,0.0903432221318165,0.0402199683485506,-0.0853268573529801,-0.0739498117134936,-0.239802036179366,-0.179533158290145,-0.273990240651745,-0.0586426758403457,-0.0274009071936737,-0.119926475005807,-0.274721142608985,-0.187846701141937,-0.336481947679824,-0.198808140619402,-0.0260933381345216,-0.0890141837171294,-0.198604304989658,0.0643585024444904,-0.174730165757601,-0.0993389152218865,0.181011676606423,0.0375300116499035,-0.463102641281902,-0.423848369755464,-0.267219651595165,-0.159060488923297,-0.459956932546397,-0.247213877589071,-0.315660022239702,-0.300692288890377,-0.188618829126439,-0.214382275766435,0.0056137065438557,-0.306534600159981,-0.420070270981226,-0.386413672646035,-0.312158767543439,-0.0751718811455889,-0.169943486775518,-0.0396126321147709,-0.11312120806761,-0.246464112306917
0.812529328569838,0.485085707558514,-0.0683102106079514,0.787607876034207,0.76788778411504,0.366779420094321,0.0874293975191419,0.433941264266805,0.480847096190407,0.261975643280305,1,0.768223538903475,0.57570593420256,0.0047153562049133,0.229029755830221,0.163381788171545,0.0083404590821636,0.357136153270623,-0.0772862374376331,0.146027313717238,0.0588762842015273,0.229508075845061,0.420088968644167,0.239938932916512,0.293705111997835,-0.0100745044420181,-0.236003486782618,-0.0978595852650926,0.285965569886619,0.298363882443242,0.18494076492955,0.230586042252344,0.476518825327266,0.277144082046639,0.149706109615311,0.0310810363698387,0.268672114905898,0.350849960964012,0.0363981134581855,-0.0389086193838854,0.0872920466697349,0.0490426264635414,0.18312310203274,-0.335045829256596,0.0386762214962047,0.248805727024985,0.205388356004841,0.0758759136250357,-0.299243286756301,-0.263133246832192,0.0802547548312325,-0.280681141194988,-0.374437931365834,-0.274368512867078,-0.195507577824243,-0.293017736870624,-0.163996313924903,0.654981987282524,0.0176254759885786,0.088771317147117,-0.275117037303267,0.0068962509110205,-0.335305006766612,-0.0351828659159081,-0.0745148379744762,-0.112412880331917,-0.419472937070946,-0.24447260497135,-0.188122353698053,-0.121939869828769,-0.169742041009142,-0.287309598298863,-0.328603394789165,-0.165506207912792,-0.398948731651976,-0.375906761649222,-0.231004233413189,0.0333621157161937,-0.258309817841036,-0.23194455678561,-0.0400488204481959,-0.169141729960033,-0.343282966357455,0.135343251382687,0.404250568386035,0.751717494345871,0.183472998062112,0.234309163746698,0.792490714657369,0.30845116452527,0.54201258001292,0.205180877637376,0.452769182707241,0.889850296906615,0.340324811249871,0.0761649475696826,0.0049649711759256,0.116892163110216,0.160225103201484,-0.0414583797551662,-0.0234993957831914,-0.151350580583871,0.16025432757718,-0.0780278820373736,-0.0024644847173474,-0.0608311278005301,0.0650997724565541,0.107712742396035,-0.0730706227807835,0.192589937778691,0.0775302041063055,0.318666754571097,0.249340306286571,-0.0973270718356673,0.0979631890120828,0.0862247580006282,-0.0167343125205999,-0.072085984861797,0.0609417537358312,0.0944212314139371,0.164608346296565,-0.0049388602804248,-0.141213700431457,-0.126203024723052,-0.0015895821525505,0.152304440297959,0.165655460624044,-0.053571521899904,-0.0191365513758764,0.176390227858605,-0.0665614793431244,0.0107379256179864,0.151911034188384,0.0390591191342177,-0.202170004218832,-0.226250911316413,-0.150299899767363,-0.11687168515147,-0.378738531116409,-0.057807259331649,-0.11049553345047,-0.22619002424486,-0.0187225907941483,-0.16793773799884,-0.229859477460662,0.547503234482693,0.0387791112662499,-0.208270522928357,-0.198237274133231,-0.261479846801072,-0.199061948839244,-0.511172955126618,-0.38360622592601,-0.259190592879667,-0.400470941847856,-0.0736000892270668,-0.15896539954007,0.0533681318128196,-0.245416321772276,-0.303583058050653,-0.0257771940173588,-0.353467817446682,-0.284036340070023,-0.464977285826333,0.141583171383121,-0.238836796942707,-0.236459653802887
0.674325993227913,0.61414862953877,-0.101054960820861,0.868248006346184,0.691393571006666,0.623123352251278,0.130529050349967,0.749976321055161,0.639295700131832,0.492648818550773,0.768223538903475,1,0.812149493532287,0.0526512765044412,0.125067919625764,0.133489356951338,-0.0431394334481702,0.330232099445419,-0.145019934515609,0.018452888342279,-0.0436615527538451,0.134737260227424,0.357377209387283,0.0914941346202343,0.250951269887447,-0.208927143031821,-0.459888499047567,-0.305155728302952,0.184588888504239,0.221134312437946,-0.0132245490648755,-0.0891693132309983,0.448160189491122,0.0995845709656555,-0.0889281033536833,-0.151025206945786,0.172422150997194,0.237887066567394,-0.0220417593731057,-0.0632476379973879,0.0305570698123403,0.0585800987793352,0.135980924140091,-0.300339894657527,-0.0381088615343158,-0.103068468232683,0.0438755603249774,0.0389558864191245,-0.135509120589121,-0.268496662768201,-0.0567242030926044,-0.307708725567486,-0.143296035023327,-0.216465517697375,-0.239494199014696,-0.380965755296477,0.0208681495148225,0.587664963530627,-0.0178511446931148,-0.0528984298288488,-0.0445520989381771,-0.0569848102868349,-0.148681425473509,-0.0193876353562348,-0.405719331936635,0.0062130095151977,-0.316649068139507,-0.143281219114061,-0.223835788938566,0.0363134419570765,-0.0162922541876402,-0.306679076946912,-0.220136896553429,-0.146404951201982,-0.229048232371906,-0.314167465750632,-0.105034264783761,0.0251667406129636,-0.305202703696696,-0.329574286802913,-0.26403358066369,-0.276578778006673,-0.468998642449288,-0.0591495699222084,0.483925053592339,0.849407272366619,0.434596721847201,0.549534247820692,0.692941511475362,0.528738755563016,0.550358137490069,0.454364181344775,0.790015842026894,0.760329807676841,0.328250629232,0.139548459778393,-0.0961501569464863,0.128495287719471,0.227152522937894,-0.0907402440089832,0.043598982884441,-0.205353152274177,-0.0765424953614276,-0.0545993197577116,-0.0885072329302398,-0.173985678480817,0.0141614078864092,0.0778987270234584,-0.113826299114142,0.148621420014331,-0.0304067139161584,0.312157209036438,0.166829428670819,-0.267748818487245,0.108985644720138,0.0326795238967728,-0.0955092396388009,-0.105860251513265,-0.110646265929675,-0.0137534269573311,-0.0148758600894339,-0.202739510461721,-0.256305431267295,-0.258105631039627,-0.0676022243293954,0.181810469636278,-0.0422388654957942,-0.0370205139092825,0.0499049286729503,0.0935570909416061,-0.0548254426734099,-0.071974670943182,-0.126298535979878,-0.0954447315219923,-0.305035375960111,-0.427687720668927,-0.321956431663151,-0.0999618538095303,-0.395079069514845,-0.160510123197382,-0.247853713322974,-0.382267607219641,-0.145007700721859,-0.347078348249036,-0.349768315156767,0.428652921174495,-0.0609640442427395,-0.311228503558692,-0.259145945443734,-0.223304832158436,-0.377689630552056,-0.674300002656616,-0.474460893461404,-0.282803330393386,-0.512595305573818,-0.212136156906855,-0.342074077792738,-0.0589430523038346,-0.243336531632289,-0.358268882162877,-0.130022983351224,-0.391700703462087,-0.376145123860873,-0.422589712856036,0.0949902804738226,-0.340868236408691,-0.455195415126258
