1,0.491599272254373,0.482491377243318,0.168098316208488,0.37954396667273,0.266758772077236,-0.199031144520859,0.338673331306648,0.549020407676974,0.504845864621091,0.304060375111502,0.431288913715096,0.580563154127648,0.116207694791753,0.443051920799063,0.319319002579581,0.338486091012482,0.187012284243637,0.299727492479433,0.439503468265345,0.546167508424237,0.133369736993554,0.253018886161452,0.248887636064541,0.28736480648595,0.134409122900243,-0.226467191151385,0.249611287038059,0.27588692014642,0.0354454120074447,-0.0359760182981252,-0.469791249452993,0.46868214493329,0.264631101587471,-0.356609048673799,-0.12320768400093,0.360581349823496,0.309604058403391,0.568736801926806,0.413398518947561,-0.150696915891541,0.495382168226061,0.172912861335654,0.0030630959953178,0.215306667934355,0.420474561474071,0.513249969061091,-0.125078771465146,-0.285830864492102,-0.137028672714477,-0.0210285376517017,-0.0323471966897263,-0.233859384110538,-0.267465344895833,0.198805390541215,-0.278003454408567,-0.185385827407005,0.031080964510019,0.0487826481560257,0.240620726603136,0.0099665768149211,-0.266739569362141,-0.227959826272822,-0.0360028531866108,-0.324277031130276,0.0392812934902307,-0.448296222187279,-0.300626850936309,-0.102273679776632,-0.300280267554514,-0.257275774951603,-0.497618025656183,-0.476018125928514,-0.192334262650773,-0.463401867875969,-0.589107395763163,-0.364663337214748,0.158837087647041,-0.49532787106624,-0.355553738873696,-0.545770657595604,0.310523418877115,0.180075235182657,0.44930865237271,0.524354270406732,0.181688699843485,0.474378341499574,0.420539214391072,0.196231953424813,0.380973304482121,0.461741426897892,0.429509185435029,0.160816021718132,0.407132456554592,0.432378106724929,0.574316225971218,0.244994867196216,0.210671402787551,0.289238909137227,0.481612458612401,0.563375091689563,0.371932141618848,0.0840338001175765,-0.0301997567959814,0.428254673088169,0.340728962805146,0.243239042090052,0.304497443001679,0.289691966927188,0.3062024386804,0.393272632587002,0.514866320529318,0.183921481910602,0.277335230678844,-0.232331620045735,0.331100721200962,0.284944598929507,0.119688964995633,0.235913607813597,0.175224229167902,0.503917565837728,-0.154844085252157,0.464723940158672,0.0092428358995447,0.482519721545145,0.581531111003511,0.520691586092355,0.040636044839588,0.53867339428997,0.292592167924667,0.536439918434812,0.366213797756733,0.300303341097753,0.396903282139169,0.520551831429212,0.233717024334349,-0.211702840474239,-0.230828936374024,0.0258802326277476,-0.128723638624958,0.309008948810751,-0.207951933361377,0.290136015563166,-0.293941102681926,0.058611903778542,0.148295644223125,-0.0613930314507143,-0.113288325681971,-0.0633340037452444,-0.242468640271134,-0.241633948393724,0.019033272631565,-0.142582032081037,-0.144432781161778,-0.228455913234234,-0.0569542554853704,-0.317762831539701,-0.090116083604433,-0.230201772898224,-0.0112430720414738,0.0840744748200184,-0.330038891747921,-0.403466440191907,-0.155512989568387,0.0971993927775987,-0.419901304409213,-0.334086251375642
0.491599272254373,1,0.483185655403767,0.272735428179486,0.154793745874025,0.239559580314402,0.0829975668465325,0.824275033933186,0.182771270306081,0.168872640077979,-0.0288197215593239,0.713725628987746,0.627929896239805,0.0910258030936949,0.394029012678809,0.285213881947633,0.32231615469966,0.241114875473831,0.241344390813777,0.462764576501403,0.216740881710779,0.245149931171994,-0.0084675115136816,0.353536190975822,0.216713940954813,0.428985038478363,0.150456026824232,-0.114377356174744,0.0866129851181499,0.0842565137993117,-0.321420546150278,-0.359137895448098,-0.0647899521175007,0.243884309099543,-0.0925078116796129,-0.241336097884438,0.502079012969077,0.195329296131198,0.403498656731254,0.123194038072825,-0.400142382630812,0.185662230101215,0.0417216767022841,-0.0214936775065429,-0.110508029539674,-0.0701350846881741,0.272173856962261,-0.297002441166984,-0.109909929054495,-0.225644647949571,-0.342074037778417,0.134518756952194,0.103551444629242,-0.199714814124094,-0.0405533837429202,-0.114128520481986,-0.144686076284181,-0.3110218931468,-0.0628291030727618,-0.130845826098041,0.370379554191261,0.0826158689048625,0.112746476047905,0.225647455160644,-0.222868705046208,0.194908857035158,0.13537201862614,-0.0851866935578958,-0.155142596970018,0.108582144028498,0.137221645872396,-0.385557507590264,0.0641216932327105,-0.40361400616543,-0.290930055758518,-0.189111054740597,0.0652575062207232,-0.330442345571665,-0.281387856992722,0.110692759025254,-0.236607828027584,0.04605319068923,0.130674061200343,-0.0019740187669056,0.648662196488701,0.0843352191498819,0.329651030884036,0.278121214685893,-0.0843947462462914,0.195685174030738,0.163798262023569,0.38520947712697,0.714184272295696,0.232136771488873,-0.178839943321341,0.594458680303668,0.443282109399125,0.281837577974101,0.371283852739582,0.484124484003666,0.483491982979427,0.260048270249103,-0.0479726830924228,0.045306326705191,0.532371477691452,0.179683969950948,0.228495624452046,0.170022603386722,0.316214192107465,0.126324748093551,0.0743275942405488,-0.0047903530982452,0.122913798356747,-0.0821162311015351,-0.233159750413789,0.192880052344344,-0.219415634557269,-0.184922196667022,-0.286732012693353,-0.366892337917878,0.0851606738032266,-0.215221431303997,-0.0437470205569341,0.0965289348104217,0.571867522859111,0.406041860480749,0.116830822073496,0.103618201718473,0.443003186650666,-0.190373542568627,0.191267088650116,0.0921052103896135,-0.219239083119851,0.0242271247673943,0.208906728114698,-0.0504484121060852,-0.268912225859784,-0.453311627542477,0.124858113116234,-0.110042462444193,-0.0309184544768403,-0.296936993728548,0.0185265300849957,0.0166197329959353,-0.190338199185022,-0.22498988476729,-0.228135196641383,0.0633643522354093,-0.387362564831872,-0.265887526460737,-0.263692254629486,-0.0481892735194353,-0.0546648657423086,0.0314709863984912,0.117929614122751,0.062128223913603,-0.0686143022045713,0.0481323927293102,-0.149805805355525,-0.250812927846597,-0.331074680096508,-0.0409514863774197,-0.266247492796474,-0.137053072279634,-0.383992229043533,-0.330522373153839,-0.372552347791231
0.482491377243318,0.483185655403767,1,0.151079734003267,0.162289277988695,0.258970967705456,-0.0168299574729185,0.367138093204593,0.16203927354224,0.684353663177962,-0.235751408150825,0.232628628191704,0.456736795941203,0.190656122695695,0.301605245701196,0.105362359263108,0.195362879720144,0.357364841183099,0.368201053440657,0.303793461225221,0.353220310425406,0.228449161572207,0.655844728555521,0.414067667775019,0.206848376556695,0.398432275107879,0.0459192989614543,0.387219482592302,0.763879353240498,0.642958378277389,0.118840574125543,-0.604209598125074,0.261224816664712,0.461193658215769,-0.291004974545364,0.298618782217288,0.474848187830023,0.525893927084497,0.542182748954036,0.474847566156924,-0.12355207138938,0.555971660032093,0.273155391584635,-0.123364010949404,0.0421772776231115,-0.016885985396795,0.464196592735121,-0.390674280493389,-0.141825973399966,-0.122481104441814,0.212496652482205,0.294018358160719,0.0913371900009937,-0.244904490882105,0.281255790403775,-0.0917557354084778,0.126889610959989,-0.503589529536331,-0.452426070145308,0.282882563283513,0.0382472979424348,-0.275169891173466,-0.330891564651344,-0.0349062246345463,-0.496187325547351,0.074373904380549,-0.326046833442803,-0.0818377463467443,-0.177825985691752,-0.0157675964297451,-0.0316140538174781,-0.476190645306672,-0.305364290084277,-0.415125983781804,-0.362114733300832,-0.5290446656695,-0.186801001983847,-0.360498213380713,-0.575797958776226,-0.287881985070468,-0.570359740537958,0.224320493492145,0.244066045608641,0.236920245749281,0.676644361930896,0.273162348225015,0.679193371151154,0.285198577300515,-0.208451658317443,0.156771405668922,-0.0139707260792978,0.703999655178676,0.246819569098305,-0.0785176338847779,0.298107155430991,0.505521442495187,0.33933633991109,0.212243848553931,0.0244169156665315,0.231164618623606,0.627555159558397,0.366475880873529,0.149250566263122,0.295864126137033,0.372495419132305,0.243651443537692,0.283033330305644,0.480991289453985,0.21337441895922,0.313380134739951,0.430702499796359,0.443740107957052,0.200784273200463,0.439637083495408,-0.295986100033997,0.651270236041516,0.387437213827149,0.364248409375707,0.302882610940936,0.093254218248958,0.553376265992414,-0.531545169255495,0.524359618826545,-0.139182727803819,0.530090284238651,0.657217137726295,0.591625114323575,0.157662909969241,0.487955693809434,0.155935270189257,0.421875419055339,0.261136619956139,-0.114653850410438,0.177352963983103,0.520902658929043,0.154697930424383,-0.293818647216117,-0.228350481444575,0.323768238016387,-0.423778476338526,0.289864785549923,-0.0874504036396487,-0.101871474924906,-0.155258599191684,-0.0492583718392977,-0.432801135943571,-0.585819931761056,-0.0984590003253855,-0.425253250813161,-0.344983341667004,-0.280615241958336,-0.237068680286572,-0.323213947598956,-0.148431656586234,-0.196701171212068,-0.268077988099787,-0.377711189699669,-0.217009537663944,0.0104054172409353,-0.303948293730571,-0.327256649292855,-0.221520166543404,-0.429373552175523,-0.415789104652648,-0.398765634331952,-0.592272452836535,-0.656122931983887
0.168098316208488,0.272735428179486,0.151079734003267,1,0.207642770734711,0.315022034467136,0.162526389305859,0.195632597937563,0.188596354272697,0.123860626858953,0.43331428161148,0.3285544129023,0.522795708702538,-0.0244894126660747,-0.0568233672070998,-0.133503703652907,-0.0365156295834004,-0.101511229029564,0.146473116889915,0.0112829216382137,-0.0984230016150799,-0.115419527765107,0.168338190604311,0.139790828776603,0.0329628690795221,0.0800026953310043,-0.049940693844,0.258827812736412,0.137250298692936,0.0026925728317026,0.0166332619071055,0.0342443133015418,0.328652734026209,0.163048868790642,0.194943489724643,0.137877936374,-0.0461241717524984,-0.198735364984923,0.119541892909726,-0.145689874810358,0.045728541750522,0.100246916696774,0.179973717714419,0.314512816275926,0.163613244066583,0.155355243227667,-0.0152178382709118,-0.0761021336178928,-0.211474234727389,-0.117583056370444,-0.102129273118497,-0.0564426619711629,-0.230895739279059,0.207806171326475,0.135346593910077,-0.134247482431457,-0.0250620539900627,0.055191714915191,-0.109817621489775,0.0981577251783779,-0.113221703771034,0.0184385420731494,-0.131221234587128,0.0425388499670542,0.0211171498597896,0.142120477671065,-0.384887356044352,-0.216349851254054,-0.246853910720368,-0.154821427638761,-0.116525328736744,-0.127019860936588,-0.179665787187283,-0.0069255044777618,-0.0791283729352595,0.0167733024760653,-0.12914945416642,0.14349912867361,-0.0404104429531696,-0.283728789210268,-0.224810326234148,0.0841814140043536,-0.0695500216275616,0.261516491811471,0.221342140378261,0.25446800730484,0.193114534368251,0.0542123439336213,0.102463586709658,0.198549352817685,0.0974224377566682,0.135978426748814,0.256399335539155,0.45366674277507,0.192647493135846,0.0660567105185423,-0.0434261045073525,-0.0787229084619431,0.114916679764603,-0.0802675729567339,0.144468966745483,0.0504418576800838,-0.169120340073617,0.137289223809821,-0.0350166240220479,0.0067505415071438,0.0657620628907168,0.010777107369327,0.0735279580286083,0.0756040217971972,0.213829490648786,-0.0537174400477764,-0.193910378895888,-0.133910417377279,-0.0879040336851006,0.257467999138999,0.140672697335625,0.0315385928764012,0.0168021942634802,-0.0523286166097879,0.329703885153227,0.116525340925576,0.0480834736996149,-0.0453947282954798,0.0585506076376976,0.092301742589193,0.150942163550731,-0.160924985309776,-0.0608159803073668,0.178799237285216,0.0320639726529153,0.173282614461273,0.250835417386348,0.227998108897505,0.149265954577359,0.0260423239653496,-0.255875657682476,-0.220078001581273,-0.208422546255758,0.122416036694486,0.011246282720593,-0.424172036287013,0.335950452128808,-0.225289129004862,-0.0619347252851906,0.0943647987184018,-0.0746728938475237,-0.0826061283997508,0.0924960423004384,0.0688801747146154,-0.250939984598383,0.17784048777757,-0.186678434978246,-0.232771507479466,-0.386731302702632,-0.0241224573011515,-0.139768906589195,0.0010661336812054,-0.296073265757746,-0.148486529142389,0.091885454347118,-0.18486006736265,-0.190557191337642,-0.0666721716856448,0.193372888739071,-0.126740323582832,-0.179316583853398
0.37954396667273,0.154793745874025,0.162289277988695,0.207642770734711,1,0.114295406658729,-0.215183773954524,0.072632735931066,0.615024124804764,0.0941853950848495,0.387703762496013,0.366421653465908,0.276608938011841,0.202181374176397,0.273846518680439,0.396116929416981,0.347387349287863,0.023131179277684,0.333190463818611,0.361819798005115,0.199058972634231,0.25142161575502,0.0793613569991043,0.493098791823117,0.469715466468915,0.1197908781227,-0.126351043506224,0.39653894400839,0.0220576836985403,-0.0419903371221751,0.158931478491653,-0.079196270782781,0.107561595106318,0.264009769819084,-0.182621978958243,0.155496431243843,0.0934923347929973,0.0675343209359291,0.0835577155455044,0.128969571208074,0.0168288375465914,0.21896640006562,0.0586976261681105,-0.208156856889481,0.0601353533656275,0.0826999090964888,0.308238897586093,-0.198242681577098,-0.247222695073704,0.21413810363074,0.127490787289687,-0.301380818137968,-0.052744280014378,-0.20679376070784,0.139093971811826,0.127569279820936,0.130892009149543,0.263077885599856,0.146984323722041,0.176583346183906,-0.133101512222955,0.0261685730830688,-0.0981763001691727,0.0521903851707725,-0.258370107924061,-0.335254275196699,-0.318098003667178,-0.213925807229075,0.0835686660856671,-0.289109038240372,-0.18432015640756,-0.42349456020802,-0.448821852473684,-0.246251436476383,-0.247583048566566,-0.273393997644891,-0.228150871474689,0.391503396222457,-0.0097999345739209,-0.113564757895006,-0.329298601333205,0.551150583367539,0.252204090256317,0.543383113947056,0.339416893477134,0.0895373639185199,0.220543532777169,0.448096656765041,0.224679764915285,0.410976264412228,0.385943044041124,0.0887838959737204,-0.056886474937867,0.441198722414281,0.39469028977833,0.349136430080935,-0.022675133867434,0.276168146111146,0.314107351901398,0.247293929733841,0.27957019823869,0.387656670772249,-0.0795744844036592,-0.0194041958222833,0.170533705866822,0.076462511790697,0.368070898603561,-0.0271993501152603,0.350201243843458,0.238978016903442,0.142523772933151,0.173256192866499,0.360209668571394,0.246812240750652,-0.277485830440226,0.146390554679514,0.214608001268307,-0.134814664850059,0.254961678254612,0.315418234682693,0.135286943082062,-0.0093439935316038,0.208994719116231,-0.250622255465864,-0.0142335191010323,0.0633022693747229,0.213945103519701,-0.313388351108153,0.405778370619311,0.0794766003209013,0.0661271950273003,0.112782163107446,-0.0496895510575006,-0.040472547324931,-0.10877501889248,0.0588119886702026,0.141977064020687,-0.0350631543264556,0.0433507577079924,0.0491773611400673,0.17285361253727,-0.0954443375713494,-0.0398054803312986,-0.0088911719266925,0.251066884244477,0.244259835085335,0.261863117410201,0.0995426991771985,-0.0665850855764564,-0.245871032709082,0.0471451442326773,-0.263662611886852,-0.188653176097388,-0.315081130908843,-0.221575721326305,-0.0852008108568219,-0.361803980108005,-0.265436313430822,-0.477311166714612,-0.0212557051953112,0.0331691913308338,-0.353172297311327,0.0070372437972511,-0.0686004644989498,0.321106911068055,0.0351448265389653,-0.116069332877037
0.266758772077236,0.239559580314402,0.258970967705456,0.315022034467136,0.114295406658729,1,-0.13722488260665,0.312240310056102,0.520107266967057,0.380350135418498,0.150795313623346,0.379565862006063,0.290835351615278,0.247284595493138,0.236322370667142,0.302569346384253,-0.0059866550688547,0.469371306984862,0.306488601000567,-0.0548444726710195,0.188156670600814,0.296669979435018,0.174543069784331,0.137576026635151,0.300404218056534,-0.0102508081944624,-0.369830818227929,0.298165660434818,0.36486483345792,0.286021855925055,0.258131400707298,-0.181317937118619,0.247752888489584,0.0681702245837997,0.0099017040348306,0.120418203489081,0.036885556216776,0.0312372031713197,0.0389004713732639,0.0475822310140442,0.15115175864139,0.171201715932748,-0.0735715759226591,-0.0620774370892319,0.0172023383395801,0.118972478674082,0.0119216254093607,-0.147406690774248,-0.211832729365165,0.0584517085574906,0.220051447915309,-0.0613077395271996,-0.323809792894141,0.133796545825441,0.138307343542441,-0.112290061435728,-0.0277649452072553,0.0503946627944997,0.0070501890691887,0.16284070570778,-0.29338047521302,-0.252202924132057,-0.262611806567859,-0.223804455564491,-0.189816457660394,-0.0832625520086905,-0.387123686317536,-0.15173606420695,-0.0625148713178416,-0.415896228292158,-0.364924075739764,-0.169939861321293,-0.375037094296682,0.154774724408064,-0.118209030542656,-0.0784340976501277,-0.318323390685674,0.128599171798068,-0.0643628189468484,-0.218969367772688,-0.206334857410473,0.0335882909991759,-0.12941328547878,0.065233779321991,0.245384307712083,0.252688049644735,0.445369104184373,0.646714276227083,0.058712673245928,0.721282349981528,0.441683801913107,0.421896697181,0.177699315539598,0.385525512050024,0.293378670484116,0.469506277362692,0.0629089606490234,0.412239824009451,0.411172829966227,0.0572077270046578,0.432919713244848,0.345082715053002,-0.0455807819320005,0.283458523891959,-0.0131548236398661,0.344020539323913,0.418854964514316,0.38148112416124,0.245873152688939,0.332283828873886,0.446688938335851,0.409155150390926,0.360877263169924,0.17679613924658,-0.195535556218119,0.282946368711297,0.346636965459036,0.455412753380496,0.22884953566832,0.203325049678673,0.364032378321777,-0.0147744550398836,0.214138693019648,-0.21224888245443,0.148045344796293,0.231007272068479,0.228456083609186,0.0185637411724629,0.181001185659697,0.361560066071793,0.17243366957695,0.0803554565807171,0.244824674290495,0.243928568654177,0.235078190888062,0.0427300705807692,-0.125688120266806,-0.0926084934890813,-0.187744668254305,0.191304404562912,0.0430253704291585,-0.427866824067297,0.189733281326752,-0.353305143567773,0.0261857951963902,0.0241771440079835,0.0080378243807381,-0.112028220712888,0.233779678376572,-0.0378479137313472,-0.232774997249243,-0.0733780676615394,-0.214378599149413,-0.272120883441956,-0.339334597059938,-0.2464611504289,-0.286890419928431,-0.244793609468375,-0.319941436520823,0.0967320318262077,0.0130405819133842,-0.342433451563954,-0.201156137015931,-0.0023274744732211,0.0598892646440083,-0.145624806989026,-0.181635783128183
-0.199031144520859,0.0829975668465325,-0.0168299574729185,0.162526389305859,-0.215183773954524,-0.13722488260665,1,0.0065090901191084,-0.211270435152131,-0.177263507446938,-0.0066009066846067,-0.206887124788434,0.082064709029022,-0.119163974600679,-0.202641690022803,-0.271417449842299,-0.0660078613793611,0.228145970287439,0.0483398243371705,-0.0827199419752317,-0.118741041234502,-0.186207101231129,0.0030597298287386,-0.153637237991006,-0.292504302131547,0.200032889393672,0.503436205722336,-0.238841205968098,-0.151643531421358,-0.074346947011618,-0.309481844254652,0.44013268363689,-0.0732576120991575,0.111326628838543,0.366945843428681,-0.161194788784674,0.0096630020057896,-0.242326718821358,-0.0377547321365431,-0.155616814312605,0.109998436774633,-0.158289514145982,0.119346203834976,0.306415024743283,0.155835443184734,0.143121696272452,-0.157082191339657,0.274799238028289,0.0920860414204185,-0.203243161162766,-0.398930474141776,0.117656164298173,-0.0204237730491971,0.145610967302505,-0.258510104113818,-0.0117903504696032,0.137331599773467,-0.0087222863535173,-0.0806493899015481,-0.0910956630353603,0.456075164799447,0.566868347546944,0.514851635522358,0.27342852023437,0.713259772479422,0.524897575091638,0.256873890169196,0.443490402636795,-0.0733990360577126,0.490170499734788,0.511393237133217,0.525897597618633,0.6608653014975,0.127680855356924,0.33519417261426,0.454154124024077,0.331394375406893,0.0230170452344663,0.393292400699098,0.19514900746233,0.530165729046788,0.195440562024588,0.075471871431522,0.0421269441240764,-0.243026534819749,-0.090310052478716,-0.43472943952554,-0.434542894058692,0.256573647011751,-0.2201234488897,-0.079003728030958,-0.339037861466963,0.0463183598097815,-0.0355613353187449,-0.413739260910758,-0.275973954785372,0.0042421451995194,0.178338056973782,-0.339239661109876,0.0048429087661874,-0.0689229768823375,-0.110162887662999,0.137874377785199,-0.218966380317114,0.009121591023438,-0.0137207731222958,-0.140761302811451,-0.128544347273935,-0.272771794050071,-0.25654193637738,-0.345623082111958,-0.335386692951609,-0.50060608876924,-0.646159376303703,0.252854409274343,0.0386873481090908,-0.582424294166923,-0.304038708693591,-0.644188319698341,-0.614546351946111,-0.254133583254087,-0.164173787328118,-0.622708515119653,0.400624988537631,-0.10651630694981,-0.107425332546419,-0.340032162722277,0.32873434437392,-0.36668129256602,-0.256123004783151,-0.183413201374927,-0.0326977231568576,0.0195173493162874,-0.0513158389327422,-0.165745088116391,-0.497183702993933,-0.559522515575803,0.104798352885226,-0.464014519036417,-0.413360085701618,-0.59152475116492,0.0893698964162397,-0.0642328576044282,-0.308853206282974,-0.670110112125438,-0.169560482912146,-0.0450750419417123,0.154146763785459,-0.129696376565915,0.0708115970670976,-0.182341898314495,0.233536729862538,-0.221906040285084,0.467730458116761,0.186906690733489,0.398461387507229,0.474413489200197,0.479304520743451,0.268156092881315,-0.166815116315678,-0.262913514869506,0.263886673504165,-0.306674930320529,-0.408834739202024,-0.0186150508401422,-0.019644017977008,-0.0237613581924389
0.338673331306648,0.824275033933186,0.367138093204593,0.195632597937563,0.072632735931066,0.312240310056102,0.0065090901191084,1,0.126920863946787,0.0706196578929866,-0.0608812335023121,0.777066256606239,0.571457360501131,0.149779482162882,0.4848125691223,0.264166457538236,0.28785678046156,0.30687177164272,0.247279076499222,0.453861809708633,0.0941099711267803,0.280658656226795,-0.134929522822041,0.182299602543971,0.221830348109459,0.293847221441012,-0.0130858263302061,-0.227385859889797,0.101794744152887,0.140843341479166,-0.343641797512417,-0.335302454904377,-0.157592709714004,0.0337178015942709,-0.208340077465436,-0.307150218899961,0.540230729938753,0.232798642578321,0.176542419210763,0.0269167894824857,-0.521560477996186,0.11376934868539,-0.151200162708405,-0.157961868456353,-0.264703908199553,-0.168143989053981,0.149316286248899,-0.196605855308128,-0.154171385227531,-0.230315932298572,-0.309711700615033,0.05508480111189,0.0541203461115062,-0.189522059411122,-0.145369595199858,-0.222723268696499,-0.284909929278522,-0.2754015207376,-0.11074030847932,-0.178931952951042,0.281269994138134,0.0460083811350787,0.005688340791999,0.230559156005807,-0.280061569834868,-0.0477719342436819,0.135410833719169,-0.23663525564702,-0.0527772817570075,-0.0358016880139184,-0.031187766353949,-0.305734747155059,0.0284117064793891,-0.45296988026279,-0.397784034401636,-0.126439924417541,-0.0955209076923671,-0.297530014061254,-0.142918059518957,0.154182646451425,-0.114548026460066,-0.107823844190036,0.0669803595877617,-0.189330385709109,0.637431102052648,0.209681478091706,0.357304026097365,0.248169276087141,-0.0159916801859009,0.245280599652296,0.0753630289617691,0.359149406385023,0.774451447300964,0.211432469132743,-0.224721058164518,0.510983804419327,0.551174867878564,0.188584394967617,0.357804480512182,0.462852825707185,0.433854151579821,0.20547761582782,-0.0462725063172927,0.193809098842001,0.478203651541414,0.132715591003989,0.190123221685549,0.153471224126171,0.298269156336896,0.146386064222567,0.0390726469116817,-0.0121321804500437,0.174279235723024,0.0115789569919324,-0.101495869423795,0.129150530130006,-0.138340757395579,-0.062103829793638,-0.198849962323624,-0.33508635081493,-0.0595243972616206,-0.156950270103933,-0.0188966657389903,0.0651618512502371,0.544897095455099,0.329054643840557,0.118520948716076,0.0777411708618644,0.427368543155756,-0.306167089761055,0.139191000274356,-0.0265625077689285,-0.235824281741262,-0.0948577895993052,0.134591305181112,-0.0174803981806303,-0.116632914681551,-0.492076387863966,0.137553957161447,-0.0482015491645133,-0.0284152270937435,-0.268610596320175,-0.0757437350994343,0.0635085079074132,-0.128682582302759,-0.145661968276301,-0.207320790197575,-0.0002390699860928,-0.317393302387828,-0.290660799989039,-0.100135329698932,-0.0454186517580116,0.0154070807032856,0.0221313454659565,0.150043881983038,0.117134272180873,-0.0433811436584339,0.0649226407378557,-0.115199099367893,-0.0933388181380043,-0.273011440819909,0.0536302623467063,-0.0554797170377582,-0.015929755826947,-0.361411736946138,-0.127822380634858,-0.208298530390614
0.549020407676974,0.182771270306081,0.16203927354224,0.188596354272697,0.615024124804764,0.520107266967057,-0.211270435152131,0.126920863946787,1,0.413999221695524,0.512568052894143,0.370443745701034,0.376724367139319,0.226631616623129,0.402186130779263,0.492012880458242,0.240017155935455,0.265883375467842,0.399085186617216,0.188365219222474,0.293416702958159,0.202574364196918,0.172854201351358,0.351594501264466,0.362452535892645,-0.10531461681669,-0.343311076957683,0.479409752545511,0.17345465709877,0.020479277784385,0.282893365129933,-0.0550414804174893,0.41161704012887,0.283713716767097,-0.137998695343879,0.0266475337529749,0.101443834365217,0.0873130452323434,0.0956786703106869,0.19551250923108,0.0787724733910567,0.28130496021789,0.0700548847003287,-0.0721577934264588,0.242114017601892,0.391898458946293,0.270858264442421,-0.092064356363083,-0.356128051728146,0.111010295662202,0.130134128478162,-0.440839940843045,-0.485852021980908,-0.114902426365987,0.03108699910379,-0.148291109494301,0.0543188907823279,0.389251606407608,0.214004867346407,0.283499823607815,-0.257526548530001,-0.182801251699994,-0.143810479871001,-0.233451536046574,-0.1209111234527,-0.193141841196195,-0.550573386691923,-0.202192868657471,0.0652752548268879,-0.519564350899735,-0.382029391632192,-0.282339044452632,-0.567364470977324,0.0650629824210452,-0.205723354779085,-0.311318693108046,-0.345273489725778,0.579745401761368,-0.0382983845379814,-0.343092262966678,-0.285430517880158,0.396443331284882,-0.0059779376419316,0.517468254533305,0.17472051794368,0.220195815125702,0.294578656432484,0.693813615398486,0.320748967995759,0.749655817824793,0.763713978674076,0.259591474481384,-0.122175903053751,0.6072520576527,0.584646399437119,0.500517936820379,-0.0158141394875544,0.463408751722212,0.386889187550534,0.218122493365052,0.362150542662714,0.423059451988889,-0.0176411681414646,-0.0380609889032668,0.0020164356253235,0.217070141223691,0.259630018240399,0.177466080849533,0.257860282281703,0.218675240958953,0.332374575342949,0.354853682271257,0.31765552946073,0.171934249676795,-0.23071872033268,0.143107160644343,0.346625992852015,0.150397992770753,0.337823425049115,0.419140497778374,0.353301574217631,0.101776441394091,0.266363540575214,-0.272335293230222,-0.0111529275464328,0.171987573388145,0.394098800547749,-0.164658109706824,0.356380795944521,0.365510667265336,0.173517613005936,0.210452639943647,0.292155622846165,0.20704305693634,0.0745723001336366,0.0824194668411191,-0.0073625414976411,0.0848957998627253,-0.251768153169684,0.0773835916685264,0.0599259175878292,-0.246929692691484,0.186145205150017,-0.324173251766245,0.154125599128995,0.410173796094731,0.244705424035591,0.214456308303096,0.248795666927521,-0.114154062172371,-0.0706894278904975,-0.100561550654292,-0.246464010799032,-0.296025490578263,-0.395797514036394,-0.180335411466339,-0.264622578800273,-0.297645286539886,-0.452981706034163,0.132639697166488,0.236870013713334,-0.503235271592406,-0.217950103802835,-0.0529921370196842,0.514345696718426,-0.01368167001664,-0.0190305522614396
0.504845864621091,0.168872640077979,0.684353663177962,0.123860626858953,0.0941853950848495,0.380350135418498,-0.177263507446938,0.0706196578929866,0.413999221695524,1,0.139200258376647,0.139197854738027,0.505657128423153,0.112988260284348,0.207568527006496,0.145136999064287,0.0245754990279731,0.218904442306571,0.176406526318368,-0.0519879728534373,0.295980437919235,0.0134905457118673,0.541536501965347,0.20242330386993,-0.0146859875865315,-0.0213406199990915,-0.221786141782929,0.620419197970478,0.682103118861128,0.40834881500387,0.324441788316036,-0.486536290053503,0.656380241729918,0.322662022604024,-0.170503330922375,0.300788022457106,0.154750569853419,0.327015521323716,0.51916780207046,0.318772082331049,0.114539411092921,0.450863223740329,0.207258279847565,0.0267857597597246,0.198480500173731,0.284403697031256,0.244618153637035,-0.378703265954762,-0.295780132646635,-0.127337375088904,0.256991169562752,-0.0434614533615113,-0.253603955373672,-0.104098765869017,0.289369566179159,-0.186564392393445,0.104640870808553,-0.23977069235136,-0.377419470547165,0.330537749249705,-0.326720734324936,-0.513348604295854,-0.440648719512808,-0.387288183075297,-0.35365127184117,0.185177797706379,-0.620476352728059,-0.0608763646555309,-0.155679873031381,-0.280966598936413,-0.253578510297733,-0.326071932494255,-0.46110088585678,-0.0333360005339091,-0.113586824491843,-0.453212045319991,-0.284340561990716,0.0496882914504247,-0.454126019618148,-0.487570204264319,-0.54975512283214,0.168615002366645,-0.0775827318684897,0.359585885099708,0.252104791084629,0.309953734426556,0.602292569914827,0.342569302287043,0.0795838237453126,0.422913044772701,0.356971183089158,0.660323771127126,-0.0893454247890794,0.155748861773404,0.689291958951727,0.421808057373677,-0.0362970983719444,0.181846836289529,0.0488119712564785,-0.0530368150080623,0.295593331914547,0.203994243739071,-0.025274385209567,0.162028878603375,-0.0558441429458233,0.132805539528792,0.108936763097012,0.437115993689202,-0.0507219429802269,0.193048860268034,0.536262595838827,0.548005187663106,0.0525697894458563,0.368402679828995,-0.208368240486302,0.317076035163491,0.577118137624328,0.472159737901865,0.547217041395648,0.395426130359719,0.735510982141922,-0.16033855235542,0.596829673983803,-0.294485415565385,0.190412437293898,0.449635966953396,0.638187543243991,-0.0588409373603283,0.261727414003994,0.510132922500172,0.280630994880748,0.182187947049647,0.306188109855861,0.298837909011922,0.514641565481354,0.278804081471397,-0.155456445075079,0.0333540573099917,0.0985231591852655,-0.162361142521223,0.268789123223324,-0.153254745678414,0.154262786853106,-0.263432488783642,0.178358204473729,-0.152581648263641,-0.384435044632792,-0.0085604452294718,-0.0160814704103416,0.0327113958763319,-0.144218930525559,-0.104262996471788,-0.168751450093054,-0.347298556839852,-0.43241939237057,-0.461751582037486,-0.378000022906636,-0.409055861911683,-0.101840157443879,-0.0513180451248237,0.0324127188158588,-0.312006613314693,-0.336194611950072,-0.136064950792248,0.0697891204799133,-0.425722245259982,-0.40471754748637
0.304060375111502,-0.0288197215593239,-0.235751408150825,0.43331428161148,0.387703762496013,0.150795313623346,-0.0066009066846067,-0.0608812335023121,0.512568052894143,0.139200258376647,1,0.288955202342734,0.426498525659777,0.14507612418423,0.0319719095489063,0.273849322999567,0.257208081031048,-0.1561997356266,0.163579258602266,0.111596934205283,0.143090321100578,-0.143391063597761,-0.176297526395143,0.0952799806698394,0.173951176827779,-0.186318064143113,-0.269676025373551,0.297453572244454,-0.261483683993796,-0.501755174696403,0.0239369157881159,0.34367360362056,0.442378505980244,-0.0252697046903996,-0.0299341098458219,-0.122934458609607,-0.06439771340891,-0.23804462061005,0.0801084121648752,0.0515269697597344,0.0846870790571887,0.0180151775722826,-0.114455600084226,0.130370812734729,0.298430822422999,0.526310352163647,0.131057177689284,0.0278852002209724,-0.393219403149272,0.0349892430122528,-0.176012135057299,-0.402580704512394,-0.4153648634697,0.0553952007252902,-0.0314628203553128,-0.217037250622689,-0.220757502705949,0.660287929229771,0.363887794754546,0.192032687758485,-0.294594400525251,-0.001842756106434,-0.0915052129388157,-0.0354659989757022,0.231794449781834,-0.020795491630989,-0.438293351373089,-0.260040108641148,0.103750382421351,-0.400358264351727,-0.320202301403605,-0.0241475449962148,-0.343476539120665,0.139038585439709,-0.157693838039307,-0.0331810766960553,-0.403072110863778,0.729477069620119,0.254483923541774,-0.28454686944427,-0.0264516058319619,0.272571762805708,-0.0824540736428957,0.596946598830814,-0.106216532658585,-0.0477580434757561,-0.143551134471623,0.163189995588521,0.482385929432389,0.396805053454562,0.49725113685208,-0.207383750076793,-0.155459246315169,0.699553782999026,0.486488890320683,0.0457687596812783,-0.238133554927584,0.0978715228842596,0.283494015446125,0.118536227773436,0.0376224337955082,0.206414528961028,-0.0586723522767119,-0.178685216667191,-0.108297107647065,0.135473374217584,0.0143789037338719,-0.140145295275226,0.103344147237878,0.112518646847451,0.133894142574395,0.115336587324018,-0.115883250589554,-0.15586438750483,0.204959911147093,-0.149110623786677,0.0756177950980427,-0.152940895279699,0.0933289670626771,0.224931730844612,0.173414576178594,0.39031458849373,0.0476345438905343,0.11086666889411,-0.0885647547749228,0.0038107022720443,0.132233857873503,-0.260621415544512,0.0477571550568981,0.247812937419049,0.0488648433362659,0.123390909842498,0.542019205324436,0.23574572175196,-0.011835772972283,0.0675243355608973,0.0104489896808077,0.180148996603687,-0.338877481481828,0.37442070929147,-0.0206303267175055,0.0104016348739102,0.393725768598885,-0.204523477048645,0.124061283479096,0.710766116961279,0.450934748352587,0.24716645895703,0.350415273358398,0.179043949520361,0.100077585828301,0.357526377203759,0.0566949651054095,-0.20168229508698,-0.297113488357461,0.207691633824876,0.0428045818869632,-0.0334386359345232,-0.291302643188023,0.346196757755605,0.343505979758172,-0.208840460654296,0.0230560301069649,0.153053699967982,0.767627328302326,0.255772741802852,0.317211856097224
0.431288913715096,0.713725628987746,0.232628628191704,0.3285544129023,0.366421653465908,0.379565862006063,-0.206887124788434,0.777066256606239,0.370443745701034,0.139197854738027,0.288955202342734,1,0.669934942243651,0.236611749263266,0.382332875589154,0.404256751252544,0.367955708238655,0.0896820336244017,0.267906875471891,0.501277265924203,0.156824525824896,0.286504480263519,-0.111049335073388,0.354992622980979,0.42101017497713,0.170170152833697,-0.179022296547108,0.0342782299783276,0.0266226823060529,-0.0147041890881795,-0.247193252010443,-0.266891289134482,0.0846429003819494,0.0365583698422937,-0.247503505306496,-0.278242648114038,0.378096811989884,0.135163515367339,0.210591191034193,0.0579383851154447,-0.479031050738057,0.111369533913671,-0.279541742520856,-0.182255981090048,-0.209097592766653,-0.0223018640979492,0.261095224994487,-0.336763648678713,-0.316160228693212,-0.164929892382781,-0.255011370268453,-0.0866647108370381,-0.0217332298162412,-0.175438100262459,-0.0367026871454534,-0.213460736920978,-0.342556422833548,-0.0178254932983626,0.0628167070159477,-0.151996052840622,0.0313712555838561,-0.0618511416276878,-0.155282553664893,0.0654883362042294,-0.360894233265234,-0.153451781806055,-0.0499108461085878,-0.421125468294537,0.0894049100831146,-0.245093136033312,-0.220259427004256,-0.446792332709088,-0.246776650277188,-0.424549079615088,-0.489584471729641,-0.211514630139481,-0.286635028882845,-0.0198807814351202,-0.11392464192442,0.0603627995725681,-0.262747770977632,0.0789397203631695,0.0528450496281837,0.0062463493476029,0.585834579469407,0.109358326741211,0.381414393454019,0.385672224132417,0.0467495611478194,0.476075344392625,0.300477553298142,0.338511422047777,0.659626792320337,0.518224621093598,0.10612356370836,0.450753669909749,0.195983666903719,0.131787162578921,0.482303716555723,0.447695924295432,0.341397657094732,0.340329051156725,-0.15415368705892,0.233935582926912,0.396395389483288,0.191686259162328,0.316229526974609,0.213944273844101,0.48664860283116,0.365860230507349,0.203278665283094,0.156211212612174,0.266444756208143,0.101382145041812,-0.0859901228900069,0.126688275080411,0.056298591702041,-0.0407470024709457,0.0117855747372901,-0.105744146089596,0.0719981532461722,-0.0026167723356469,0.119211495216674,-0.0682318395872653,0.376150295652354,0.292327212518635,0.123656889944078,-0.20729103711282,0.417629084957974,-0.156385037587093,0.17010824315779,-0.0481855751259044,-0.0315169462382191,0.0052637584391607,0.167938650823454,0.123923868753108,0.0031301715326972,-0.377092009663272,0.124595291263278,0.188790138016527,0.156345519173088,-0.34324588482352,0.0573752663282288,0.0862901909449249,0.0965606986810623,0.110323924864493,-0.0285365691643467,0.0213633045456565,-0.189821261601337,-0.236918481721052,-0.0013740362208565,0.0094922955755982,0.0513844601147481,-0.206674953569953,-0.0219653305027208,-0.0616834352315101,-0.158597927541562,-0.179099641902336,-0.32624232271536,0.0667680087413062,-0.0769691848409532,-0.112826582267457,-0.0017117530103314,0.113804922541473,-0.0510328520374236,-0.0199731073098574,-0.0988538545704291
