1,0.544032558419528,0.575082528000106,0.301704170518166,0.594186119672406,0.417410010878206,0.734522175405497,0.366293271522356,0.512085930516371,0.533390441571037,0.495622376230149,0.665082137789627,0.772329578239825,0.116326095155591,0.163088828289732,-0.083083616430714,0.190278764539217,0.194106655776375,0.342705560284382,0.588503655916719,0.383174628190692,0.446498977331616,0.257418954823456,0.304646106371964,-0.022604416334091,0.18237979379341,0.317100848931425,0.00287607140791004,0.171056031512148,0.325991346854332,0.349606530977854,0.131880966268573,0.364477197864892,0.498734809475619,0.0982827051553581,0.23249933758443,0.00808518798707966,0.297133426631573,-0.0218972317687849,0.0775440279878611,-0.104010357525143,0.267018163327129,-0.0132986005015493,-0.13441280235731,0.28890341959478,0.239561658369788,0.179140017051969,-0.180662480964132,-0.626808378483962,-0.552079380899117,-0.21584825404919,-0.391532670189456,-0.495962284269732,-0.658236012382857,-0.343921251087199,-0.298641277118286,-0.539382366635849,0.198971497713989,-0.256994845211108,0.158252853393103,-0.475360165969209,-0.409994642738876,-0.682558840438094,-0.403203524052292,0.424673528705799,-0.497613852568233,-0.323563509228597,-0.431069946984061,-0.356896506219313,-0.267959973928916,-0.439292802425281,-0.507541029906851,-0.430395489906933,-0.362525073604191,-0.569523856990092,-0.556192722626567,-0.471755721252949,-0.0528042117104178,-0.38882743417294,-0.494602839200028,-0.444923558492819,0.528631947231594,0.555183118603018,0.770744365109636,0.506817313942523,0.581088827553113,0.636986331010027,0.313695858046959,0.588619314258612,0.640562160650959,0.588735665639403,0.469875019986337,0.688630543862583,0.792533615547282,-0.081088750684019,-0.17356181219066,-0.144088988346585,0.133347612448371,0.141872424178528,0.164666739921075,0.146547524868856,0.322583856730653,0.293506740102772,0.630284098455943,0.397608241394751,0.41911927283826,0.0688346995864824,0.0670743071608022,0.0190924004474412,0.274707747906025,-0.122771654716351,0.579592188131543,0.537634896841504,0.13888761248353,-0.168441499737922,0.183602722002494,0.131825515406647,0.227223231922307,0.519400262106949,-0.178368364423985,0.244233608090474,0.500624153508202,0.269730462146262,0.252624837766767,0.276094384920488,-0.0761770588198756,0.0234348629512778,-0.0142949388292259,0.066587587485003,0.407613820764596,0.204561657969867,0.278165937821399,-0.10052615297104,-0.463474157550544,-0.268270439083715,-0.467546096772143,-0.59779830752878,-0.717211647561155,-0.400774155787285,0.0844987742387216,-0.212457941804712,-0.397460479439093,-0.514634276937107,0.292148419408787,-0.251283323277785,-0.00770345136118885,-0.320785432291579,-0.491228080470012,0.184097762352237,-0.492700379386732,-0.589893268918945,-0.405803281332547,-0.541139657707551,-0.478339716477832,-0.506535908776832,-0.0368843918248657,-0.248085788649224,-0.455822622029611,-0.344044780326535,-0.459630516636219,-0.402723836444184,-0.417842330435609,0.104177057810627,-0.429027342723955,-0.0238097172730537
0.544032558419528,1,0.15197045857766,0.197644075249646,0.014836604816682,0.608950513352877,0.408418240600973,0.720292756608506,0.358370248231351,0.568730478535532,0.120024987834216,0.559175520590901,0.665882819751803,-0.207855058123254,-0.19568773000538,-0.311134356070273,0.0368282261521633,-0.0201326531841063,-0.0492856450509238,0.228042492244715,-0.188928034451027,-0.0325724781952187,0.104287691758609,0.061369312049634,-0.0289209030052907,-0.20825980675301,-0.123445896130428,-0.258323732755496,-0.23396135139616,-0.0951800074642024,-0.078195544713584,-0.0982389215473905,0.212784766185013,0.0686948540560137,-0.0315226629680558,-0.278243284745153,0.0276774995310245,0.0542972852796095,0.154076406474127,-0.147555254945439,-0.115556479582581,0.109228710707878,0.0769580887531688,0.183728264907134,-0.0239691269743796,0.117219455554369,0.0889682372417831,-0.0928781844955487,-0.156629188916247,-0.28955343551678,-0.423525230477386,-0.00290676995355822,-0.0887582808783226,-0.0946625572171124,-0.327672144354445,-0.391649440281941,-0.22136125590782,0.000969370468478462,-0.187890806620079,-0.271684662906571,-0.0481962751217484,-0.174755668420102,-0.173622740738506,-0.139016552375621,0.0322409829752006,-0.0501083632872947,-0.0325875779200921,-0.00699265677877578,-0.149352834666322,0.0187560746983281,-0.0580412089920579,-0.1245827897812,-0.00781142150437488,-0.0362806473209258,-0.204053448031556,-0.052699965395397,-0.0597144294166149,-0.045278004570515,-0.0323313493173405,-0.13450788361189,-0.118982226482522,0.00511384293543515,0.0752449393600136,0.321277156449948,0.831360016358716,0.0426165728186464,0.586952818388236,0.774285759250838,-0.0865092112453804,0.193775483120569,0.117099419820985,0.645200181519867,0.310766352141877,0.231533078689206,-0.173151939869172,-0.265766849967058,-0.256541276627239,-0.161768700315432,-0.156791026547093,-0.269679205417108,-0.133750355755332,-0.120679938075177,-0.0828322448999173,0.172632698292588,0.0042752600375574,-0.000837447650008112,-0.0214010083211419,0.0210282288618523,-0.217605136404717,0.175967816455546,-0.182781879499952,0.0704069640234755,0.154899706122727,-0.16059156859896,-0.394417268959391,-0.225677948333906,-0.406986770495388,-0.237708413340745,-0.0307734568754549,-0.386264808909386,-0.142120159006442,-0.115130752424288,-0.159525997659577,0.0242940280450509,-0.242085450960772,-0.272049414456835,-0.118034937087568,-0.240321060862943,-0.0624068059869039,0.062738317390092,0.0784212071285307,0.138204909541187,-0.153697865680976,-0.246481742275775,-0.43924068555313,-0.135097453020051,-0.377974828212981,-0.295922928154131,-0.282636097642254,-0.477570231254461,0.0729204833764343,-0.44555217400498,-0.551800120303231,-0.183653382743782,-0.177887035198613,-0.369956389092053,-0.0265097518057744,-0.201931651225872,-0.198203800566728,-0.206771571482968,-0.275814534776231,-0.159456154952648,-0.351507184280158,-0.143192380995332,-0.384214508746293,-0.0564500008804479,-0.064907996473929,-0.145154974591152,-0.126331962739352,-0.0402610147982117,-0.0702531216531416,-0.0319209409716597,-0.134317465254223,-0.140048635429467,-0.278039001507967
0.575082528000106,0.15197045857766,1,0.120308859119495,0.357188557568513,0.00570769873767862,0.667000617450887,0.0938771291376861,0.323648298033488,0.603450910838104,0.231757552202326,0.322399403359621,0.587149566355206,0.111241426696993,0.132613632207824,-0.0376028362399761,0.182379927681265,0.223834969672758,0.301120918586168,0.554264310463061,0.222431391771305,0.398414563669165,0.282693832089184,0.261155074518112,-0.0585107459559018,0.763459887280747,0.608013240208878,0.365759590541828,0.34308192286313,0.621183065505515,0.845857579547862,0.169761329149685,0.34646594275569,0.478052191537341,0.113958238776021,0.608210371484742,0.0421347911845094,0.328928668452322,-0.160951498892946,0.00423913639006251,-0.0367187387315133,0.314084688309425,-0.0632853243960554,-0.1493920663535,0.388858164841242,0.0702693956611208,0.167355807268484,-0.0487214041959717,-0.739717132161918,-0.409379215028655,0.00256862195060661,-0.390221532907534,-0.55852461291234,-0.616169094096162,-0.158828122375947,0.136246367424068,-0.544228914300113,0.193955665214747,-0.0733566326286458,0.45853951807702,-0.537047840226577,-0.284009158965041,-0.680387311429924,-0.290068349628704,0.427463551640647,-0.570364585463356,-0.371100238268118,-0.581242970898681,-0.167038398025686,-0.235571948890524,-0.541738416209176,-0.55382900856212,-0.459943245808575,-0.387503630938865,-0.631678758526405,-0.601064957690543,-0.475813117527809,0.0131598265022905,-0.400289328255742,-0.395621040535378,-0.328098308343121,0.604469597698891,0.744746483528701,0.713090542771555,0.387965776653928,0.260773691959902,0.718819852996659,0.0574112457412494,0.428070862291032,0.373463873137297,0.394120624065823,0.534960758922376,0.267171474640628,0.825569103737597,-0.0115891671282466,-0.16803274507068,0.0086283665230365,0.0489807189945455,0.223442376744436,0.181745437812539,-0.0244721172969307,0.172688832398256,0.251440411973675,0.577939373137144,0.253137583196875,0.378815220260061,0.0715155068658875,0.0339769803055258,0.0944412216553813,0.292301617405743,-0.116412097822349,0.918867664890095,0.552267020052499,0.173163333417242,-0.230033964858535,0.312312609560875,0.314830852503042,0.337156276141148,0.590652650666027,-0.333736047539308,0.220495162804556,0.42875953442058,0.373024497050864,0.142162656787087,0.275234137166595,-0.172590614670856,-0.123208842794776,-0.00563518997733454,0.0986652465123583,0.442257382071391,0.0032331713106438,0.104534122942376,-0.348781720444684,-0.717206978654591,-0.2339437251005,-0.588891160025349,-0.613742884548685,-0.667240376779911,-0.515340026989001,0.341467479430322,-0.361075295119052,-0.422473850854962,-0.479243722700096,0.229972268145062,-0.188057374876078,0.248000283448934,-0.413961041997252,-0.660246179852979,0.151595019239269,-0.625918616393898,-0.730863077143613,-0.309043889597965,-0.616836989167043,-0.534393131016555,-0.44880240951612,0.0453955380188901,-0.45108153392738,-0.54415527682532,-0.213909886826211,-0.608490206272412,-0.648248998435953,-0.692627452481443,0.0831563147188501,-0.427831096014113,-0.0284951530475858
0.301704170518166,0.197644075249646,0.120308859119495,1,0.58019432760127,0.32464136338357,0.0832726531916314,-0.0141810761963733,0.82550998374338,-0.198715035806105,0.677643826508085,0.685919329603311,0.292523695598188,0.260323976203045,0.137476822822303,0.160396824882785,0.355414931174941,0.29018600362474,0.211803460227015,0.423965275744571,0.166494950297612,0.128758851406892,0.382939078663966,0.414756403264198,0.0487774989744031,0.0188360986928837,0.136023819696961,0.101020894552992,0.292732060151892,0.176871392240055,0.0536486945771459,-0.0253720042648956,0.4919299985182,0.405704856530576,0.249074137464238,0.124946812103095,0.233251117740516,0.465442398742564,0.281981383240024,0.196079874586772,0.214950224106564,0.388940405760794,0.356193536293551,0.0776685735155932,0.334232547811316,0.248575112296746,0.278277425563778,-0.245821543783204,-0.153524706306361,-0.166767123337157,0.152490744555815,-0.117885425832966,-0.0566944491836526,-0.357458463105543,0.127915991858519,-0.142160274153305,-0.0848119665879929,0.132911793718359,-0.0176157347109192,0.0511426643053148,-0.370431020363618,-0.324436822862856,-0.289786381268874,-0.153539066300018,0.185357877445475,-0.260374618657727,-0.177354819400759,-0.226565191022383,-0.317719255328644,0.0435041975570348,-0.103287900671939,-0.440988839500853,-0.264715281806271,-0.259797592723383,-0.116213753073442,-0.165361443568708,-0.120745008408293,-0.18681072352753,-0.211277182096256,-0.145547335611582,-0.293269194711893,-0.0667977443431576,-0.0558202627401791,0.166556935577849,0.0958723548581936,0.304869005554709,0.198780461880293,-0.080126465164634,0.425816290508855,0.53184062841374,0.612644532631376,-0.110117069510996,0.652594517399069,-0.00140853049675925,0.104184321797151,0.152744307872906,-0.0537032722809019,0.167448209216524,0.399137128515441,0.122603126807298,0.0350207754908744,-0.0484032530367197,-0.0417063257541068,0.35307868402133,0.232565250463964,6.04244322972854e-05,0.326596459425245,0.339797889316969,0.310645131984217,0.11709513942563,-0.0393226283263463,0.0363589215971254,0.155777347175363,0.279055078405085,0.0521369316480804,0.0325384663333102,-0.0536419880776729,0.0441897846922385,0.309083018412188,-0.0942342315039835,0.149401239156323,0.195558235549302,-0.011684255726002,0.416701102109253,0.0375814685510765,-0.00774003921697813,0.166182944313326,0.0405804953949487,0.455323062999307,0.333001897019555,0.234759800538661,0.275970337526602,-0.022787424113132,-0.113840452567799,-0.337938262012911,-0.138686998533948,-0.220011873223188,-0.478626473363557,-0.0321321786336666,-0.127949610107476,-0.105392586121104,-0.176507788291431,-0.337423978099499,0.034008027005166,-0.216712136160543,-0.242565248165833,-0.177940360666619,-0.301995312126761,-0.35823470031194,-0.408068849659421,-0.278761937974472,-0.417608513218112,-0.390340891491566,-0.393915480661201,-0.346303762184201,0.0464392819119161,0.0346372579841107,-0.47436276045573,-0.247167492838162,-0.389043179349081,-0.349588124880289,-0.378613653610644,-0.135183155707911,-0.289493577213136,-0.252810076824041
0.594186119672406,0.014836604816682,0.357188557568513,0.58019432760127,1,0.218790959035672,0.316219501382425,-0.107056813036084,0.745397398810153,0.0418278879796385,0.787736512572856,0.551662032334053,0.307890601759604,0.269148320740715,0.250472106058694,0.104831196550667,0.387630618225787,0.318469537307895,0.343677416572907,0.543528338787045,0.394178223704561,0.271773783241687,0.206911147327955,0.378614040109327,-0.0769066750618223,0.193301244868225,0.210683290595824,0.0592542914375631,0.248095229610185,0.193515610269604,0.261943582275794,0.210388060393399,0.28184104388512,0.433707184424629,0.141711703309549,0.264230714304088,0.172733512614129,0.366919450130601,0.114813160975959,0.258563058146042,0.232672320019876,0.360083261093803,0.164723418915144,-0.0485028242409947,0.474621038330092,0.334151852101142,0.302206667799977,-0.049919863888399,-0.490025241837951,-0.3982864058962,0.00356341640728775,-0.365915037610506,-0.522187121398195,-0.629795128249299,-0.0882751231075085,-0.15011098110408,-0.444489370865496,0.28872523820176,5.62055513240568e-05,0.353901607689125,-0.520473323340429,-0.324785935010882,-0.598223925825463,-0.271736318716283,0.466212690468021,-0.458083267942563,-0.289719610350954,-0.353615427712726,-0.251202261748386,-0.226895846837469,-0.448334600121191,-0.414562840537963,-0.380912384631969,-0.137735567999268,-0.455527650456466,-0.524339903497009,-0.421461867261144,-0.00618145731155341,-0.333392013059167,-0.355123550010214,-0.301057906675471,0.345055596684308,0.319996127180271,0.550877480713213,-0.00247691145642874,0.676455296475848,0.278261356380194,-0.186134622411634,0.875689312461026,0.75115568950918,0.851162467859532,-0.0615049443296249,0.763521020612504,0.415527361952044,0.140606210594273,0.0813066549591449,0.00270525970246145,0.183009114194,0.405335242934471,0.330217742678616,0.149692274851556,0.443255595726812,0.110102135376897,0.571536326218744,0.399094796193833,0.259429669468744,0.00881572526175325,0.0411823032292419,0.160609545311775,0.0995994271566266,-0.106268776636505,0.386786456469327,0.355601672291364,0.198995261609755,0.0274037239544507,0.109248794901755,0.211736162307076,0.167729380871168,0.469946199255436,-0.049790475106095,0.342306789628597,0.464514653672212,0.467780872414457,0.370047990397805,0.315197110327784,-0.15049604970138,-0.0805089604677991,0.152114692709843,0.344278823409084,0.487244942702219,0.308837726273586,0.332275054642427,0.119781398821782,-0.223878412829652,-0.125412403308109,-0.189561859614814,-0.396850381536844,-0.610176750495046,-0.13779871882269,0.168041784932494,-0.0890368851160655,-0.172864885787961,-0.267526115102985,0.467355937705383,0.00678331884051172,0.0584504149639874,-0.0605368819623563,-0.342072361240476,0.0926408556745479,-0.319741146687015,-0.433306615640281,-0.326226429996268,-0.378138498761927,-0.346875319355058,-0.257788875036168,0.194591062922009,-0.0469476161100529,-0.321921505949743,0.0324097162457886,-0.399190394671452,-0.260260182373102,-0.369400401510217,0.233178540490629,-0.311628016010706,0.157174075500244
0.417410010878206,0.608950513352877,0.00570769873767862,0.32464136338357,0.218790959035672,1,0.190508827024623,0.644797013566144,0.512538851165541,0.308358168628111,0.411946349553632,0.709501902707958,0.529104343488096,0.113676313719109,0.0345515423695679,-0.152074837317819,0.151012645247878,0.120755770458141,0.0741240432897393,0.269738392858368,-0.0176994299673308,0.00503486348545322,0.131471557852264,0.117782512217872,-0.0422378056880085,-0.214280288665156,-0.101915905439625,-0.178050942228802,-0.132795909241967,-0.0679560854075647,-0.0694699285720954,0.036109483857733,0.25539047075482,0.174299867736866,0.00021220578747976,-0.217653671612281,0.0789047442336817,0.125014927966562,0.107196250877157,0.0254517083577699,-0.113654882709662,0.19134991330647,0.0850700779090057,0.00201944336419488,0.0470228817398218,0.0876183580335903,0.173941936699608,-0.0466450519347584,-0.137088395550128,-0.213407828248403,-0.306849681323209,-0.302511769966997,-0.139177593837058,-0.172642661285728,-0.359628579667969,-0.339232157232606,-0.165608903257295,0.171817960542981,0.0282999073227486,-0.180000987853768,-0.118588704505693,-0.137006511584166,-0.140278642303641,0.00816489551874238,0.210302835027509,0.00170146208652906,-0.11353894650109,-0.0467695322993212,-0.335758966260493,-0.0382815655460441,-0.0559727189677446,-0.193650347243877,-0.130173912156392,-0.179418429461718,-0.252816329031283,-0.122025250831634,-0.206280123085499,-0.0663499606884565,-0.0903754003463262,-0.21640459016378,-0.0980943448146633,-0.0414030255640956,-0.0808969147195414,0.284613729490403,0.463562363772465,0.317720236652871,0.325906399004713,0.672487870185146,0.118750655858499,0.575617177130159,0.314866752878663,0.239946935354539,0.584086159780345,0.169985806316741,-0.0272397262042874,0.0104362382287337,-0.258521423608382,-0.0531789921273891,0.102552646590542,-0.0209658980381461,-0.0248840149683894,-0.0881739744446752,0.0600904230301978,0.182270746448521,0.0317389477767415,-0.0702520238114604,0.0289758309924699,-0.0993105513450118,-0.156177597522486,0.116890638434146,-0.196184726787393,-0.00979138707932559,0.00246861426655524,0.0269624355130407,-0.141949693077493,-0.0582232244851551,-0.161973320680585,-0.0345419413609141,0.0859691808890727,-0.133688448250988,0.0333779027234411,0.0254443579721748,0.0830965658643506,0.0842433367554541,-0.0243575006077782,-0.160177015492467,0.0725635582243351,-0.219420917772224,0.0169211091478988,0.158046414702591,0.0326919631293706,0.186180838714504,0.00104591356028726,-0.143290339346554,-0.241368774773403,-0.0164902119466668,-0.410896166543612,-0.167754601975679,-0.129913101739054,-0.172787420613154,0.0175190730093953,-0.247027731799866,-0.292777265339452,0.123627425884884,-0.0357665314725129,-0.29541019161419,-0.0600859791447486,-0.142285395026835,-0.217057353190687,-0.119431581663854,-0.210141399050806,-0.153113920593937,-0.308156151242122,-0.0382465965815601,-0.147776671327956,0.0391291952991274,-0.0286559060890685,-0.190400761532496,-0.173917705922644,-0.101097130066918,-0.0156010330979363,-0.0138075638709963,-0.0574717144839904,-0.126284305039603,-0.0523060729539865
0.734522175405497,0.408418240600973,0.667000617450887,0.0832726531916314,0.316219501382425,0.190508827024623,1,0.210941631470682,0.217137917550007,0.552018961704701,0.194041324175519,0.440971734361101,0.710055234378733,-0.00384320114143178,0.0947928920330793,-0.13822618280967,0.177484206207346,0.279512733488283,0.305198680253723,0.506553651157295,0.330037337009884,0.406656812499399,0.532396824427536,0.367961530089345,-0.0443808294098936,0.370617203805052,0.550120972443728,0.0107292352189813,0.422969359373915,0.587642098862574,0.440728012257915,-0.0363613390861314,0.602352083671853,0.581037839394198,0.0583976360282071,0.290308079821587,-0.0240472558456698,0.428014335953659,-0.0696459711993161,0.11293476394646,-0.140561894768886,0.311891221120883,-0.103342571658827,-0.184514050775448,0.26947451245168,0.181324550151028,0.137555681051593,-0.24281543148834,-0.655181977055526,-0.58557161774765,-0.0872902388516545,-0.341101677480808,-0.454719460029903,-0.610905649013476,-0.239845124061221,-0.224183835708366,-0.606814507499059,0.0147917100017772,-0.328278399381828,0.20519760429301,-0.508045014606343,-0.421941156639641,-0.681535753880839,-0.422857455061443,0.53607086523313,-0.555192818108202,-0.388604023496935,-0.543492947293058,-0.258444025043178,-0.279146798456514,-0.475235648216313,-0.522021324447516,-0.442520426388731,-0.427379864731763,-0.548316263634989,-0.591437990000484,-0.473151293704838,-0.178360176922407,-0.446697786304543,-0.481428036792938,-0.490830133334975,0.360070399617507,0.618022652175379,0.578763713931385,0.440118374200414,0.489083804718138,0.705507606131963,0.17400207954286,0.46240939205775,0.43408701457838,0.363907873188465,0.548357729786572,0.444344401350014,0.81673221425528,-0.120135545412151,-0.219380264536417,-0.27080337684598,0.0902829269581748,0.21295548296292,0.101772506227428,0.0924661217077442,0.219615539543468,0.286159211100056,0.535647716329376,0.367928732568832,0.295339709431364,0.364273276909562,0.153589305077874,0.138402077275209,0.280453791023632,-0.198900206085103,0.704242468757756,0.862571848812122,0.3964718293506,-0.115634815249895,0.436416697971169,0.267949614134795,0.345519116056921,0.612871102174917,-0.212118239347493,0.309993865535175,0.592748435862584,0.234879459228473,0.351037734473155,0.243216299858307,-0.131968803246289,-0.0606809471248314,0.0025879901095311,0.0590173690632998,0.39014477546108,0.148477809892121,0.236615288837134,-0.201684311824048,-0.512142805313549,-0.412168279481048,-0.589843406476878,-0.576438205052251,-0.610700551393539,-0.344241246176247,0.0776738148633073,-0.272212528123036,-0.462603221069532,-0.569728067568497,0.079255188767436,-0.397780793101851,-0.040505169354612,-0.427284696583,-0.568151116706358,0.208719337371024,-0.576465622639676,-0.674520699747512,-0.386944907752706,-0.600430794331171,-0.53332693416305,-0.575003740556166,-0.0591463785911147,-0.340666547615928,-0.456941372702991,-0.332175516929121,-0.523089508068958,-0.495851996147583,-0.482365128096701,-0.103859580795883,-0.499648685269141,-0.191244852308179
0.366293271522356,0.720292756608506,0.0938771291376861,-0.0141810761963733,-0.107056813036084,0.644797013566144,0.210941631470682,1,0.220635337695329,0.57632548884568,0.0832697470897368,0.459935913435096,0.563242666341495,-0.130256196002976,-0.193894468544969,-0.268762569106048,-0.095808090688123,-0.100847255079346,-0.00404424619663031,0.148851964758318,-0.165872617659942,-0.0552507787732796,-0.0193786292254953,-0.0464195575617834,0.0646485545997287,-0.143996296210728,-0.231126087034401,-0.220006998109436,-0.301044712062674,-0.130729258490328,-0.00520977211925161,-0.0244793879687347,0.0145602096702506,0.0121477043845089,-0.108565595661555,-0.199364034747196,-0.0240225037800285,-0.124932518970934,0.027657897136122,-0.235702778552202,-0.153564538309169,-0.0518321259369731,0.0173422201064234,0.127224794119429,-0.0354559282926953,-0.044488511869334,0.0588013130306413,-0.194259031250234,-0.152882381314975,-0.200780324275697,-0.479741361274123,-0.145560978606312,-0.119767795563663,-0.0181633303182446,-0.391999191071647,-0.308383938940146,-0.0982503487957019,0.0384957949610579,-0.0954455785373482,-0.308076992467626,0.178594283415638,-0.0238058996161228,-0.0208679402325001,-0.028972282067746,-0.0837549536870548,0.0438619754660056,-0.0753910869991181,0.180144944367477,-0.162574583651507,0.0512710561526957,0.0417819307320987,0.0172837106834355,0.105704990931817,0.0705284684361372,-0.141537870410926,-0.0136098780470717,-0.133677096940046,-0.0277623073546825,0.00334273642533825,-0.154730488728079,-0.0707626577020418,0.0826154986763954,0.0404897604729483,0.24059843460174,0.732848192187686,-0.112559782695364,0.437148034481695,0.844281865603054,-0.204571963996885,0.117711604196497,-0.0241378715553032,0.562080203721374,0.16947820087864,0.167774998621664,-0.283414755574532,-0.228956098236385,-0.259314308470621,-0.235452012460837,-0.210125621604655,-0.242917533271204,-0.125037081841398,-0.113832406515223,-0.0626688151796408,0.08212232083503,-0.184819375163549,-0.0274971136786844,-0.149599836983451,-0.0851519069571197,-0.272283087630754,0.0937684740786416,-0.085216225032662,0.05264386337946,-0.0533661478859505,-0.230586292795801,-0.344286867961309,-0.188190330313746,-0.29318126532307,-0.166679857970155,-0.0653177260969429,-0.245890334755685,-0.0828317603982556,-0.218821516785459,-0.148928988936026,-0.167313413768493,-0.070456136920128,-0.151450866205972,-0.159664578729637,-0.229034824166665,-0.157389032385216,0.033279700241475,-0.0880411662489335,0.0974531127194936,-0.0855165039769947,-0.22034023702095,-0.231468235999267,0.0223488078567468,-0.250075654906095,-0.114388895345785,-0.178466677566608,-0.206603344509647,0.133157589657621,-0.304169636276864,-0.276910211718464,-0.0792078908122214,-0.085713651283768,-0.208882083088937,0.077611584728918,0.0356174987828465,-0.230461580280562,-0.05888335741389,-0.159139794087951,0.0773990181052343,-0.181432563706222,0.0784169523265949,-0.133970528586893,-0.0447227005939943,-0.0105931977868757,-0.0593540844946184,-0.165526250174774,0.148308601640339,0.00999290686923785,0.0696101205968069,-0.0824584727275634,-0.0676680969438897,-0.106538741076329
0.512085930516371,0.358370248231351,0.323648298033488,0.82550998374338,0.745397398810153,0.512538851165541,0.217137917550007,0.220635337695329,1,0.148021992361317,0.842816042956544,0.784884474777558,0.456124564024414,0.279272173176537,0.145928292366647,0.02224474674688,0.475521367618757,0.396548033299731,0.255505977545305,0.616776105435793,0.162074139238201,0.145181365170844,0.334291088866855,0.45765889467232,-0.103493723978807,0.0609741833131914,0.0549775626585827,0.0566149153454336,0.161172345020638,0.118316124397998,0.213249489060397,0.182741104434477,0.449513129384928,0.471866873899896,0.190781063275891,0.0981496283663061,0.340796934362607,0.465683017238661,0.384720983070226,0.184418944437365,0.312821988350888,0.518249133385967,0.377995152301031,0.227517298480385,0.513770139590144,0.422751902563308,0.393251463553923,-0.160670347956789,-0.372837273061941,-0.356638936316705,-0.106706769013024,-0.323076186045745,-0.431060907590832,-0.546837731562077,-0.137270065292893,-0.267482298223366,-0.396477881268635,0.292794509959717,0.113698510460354,0.0641070385472281,-0.498902239317027,-0.363421252513179,-0.505700930719114,-0.191990900817227,0.399238486860003,-0.380380810427678,-0.302147858322202,-0.270591609115922,-0.401163689896234,-0.0528382717039983,-0.373387458372842,-0.484122189589837,-0.365944388242376,-0.129588767448621,-0.479540667871638,-0.432250710468053,-0.382136218282897,-0.125066300918956,-0.30053288807975,-0.320578586626065,-0.27510428779007,0.0923471170852442,0.0997384897914348,0.424765974759235,0.30181220522816,0.428972854496086,0.390682488822793,0.145140103210207,0.587369991151982,0.734878852737504,0.818503240046236,0.118032015400442,0.808033354461652,0.245879316609978,0.0697153145155155,0.102895959838444,-0.0890871387055838,0.0751006018095046,0.415889888447441,0.151661312422721,-0.0136359297279604,0.154142323152663,-0.0636299608865206,0.55131489944818,0.283448342983816,0.0641817740069966,0.110013728793185,0.190879591144206,0.195124081770572,0.11273919603912,-0.164954012759715,0.247315751351863,0.210726836734242,0.122898653425584,-0.134554002615661,-0.0430441185531453,-0.0322925336051788,0.0221568377442328,0.379175534637702,-0.241784788227947,0.2447698056779,0.267342691852877,0.295229487875195,0.407498469648283,0.126254969911619,-0.149993368320706,-0.0562487518188126,0.0467033760378263,0.496725966024526,0.547657164029077,0.368229331675875,0.417586439830405,0.110211304714904,-0.251358906496661,-0.347430290987733,-0.0653997000368226,-0.473934200408304,-0.625007314462822,-0.123017653613424,-0.102957947942945,0.0798527595480289,-0.279129049077682,-0.501316182883246,0.281185313987099,-0.0376909071572883,-0.261723706835931,0.00824022114108745,-0.392372804940683,-0.302405128005047,-0.387679153829523,-0.486578004494877,-0.411077985126841,-0.553670633828923,-0.309778623599014,-0.34784527996688,0.203750008846896,0.0519337722223204,-0.466458475015417,-0.0627529119788982,-0.41478925942398,-0.286813461764971,-0.397892237168156,-0.0291350271696278,-0.346806589154416,-0.0770058264494204
0.533390441571037,0.568730478535532,0.603450910838104,-0.198715035806105,0.0418278879796385,0.308358168628111,0.552018961704701,0.57632548884568,0.148021992361317,1,-0.029763130118163,0.302930134031111,0.701900178879294,0.00987043847186991,0.0798411586871002,-0.166048039105283,0.0965594872165711,0.0905485760365292,0.188493072644849,0.427166623921388,0.0419980634928555,0.240975405529628,0.0736968321350038,0.108926826482645,0.0232472101168571,0.206281052961713,0.0289225831364586,-0.196980130903455,-0.132670596244641,0.148238474598121,0.397461893227597,-0.104412566745035,0.121821932152502,0.171560636076005,-0.216510402093612,0.0606570440511062,0.124978430397088,0.0349556272056876,-0.0341661706002337,-0.0293683302661052,-0.099380535170275,0.168898021726151,-0.00369038133139888,0.0160831050654907,0.192149975486626,0.0754189927625325,0.225089021752181,-0.0243517501262935,-0.606255176092217,-0.48624278515361,-0.521084794800366,-0.268108596553139,-0.497774957991651,-0.357160937152971,-0.549805114256508,-0.189000157368372,-0.45004057431328,-0.0305907292243658,-0.195518888767577,0.00350965301457481,-0.203893322567532,-0.138398799860382,-0.429428366137075,-0.147623279884152,0.20166700179,-0.302489042719421,-0.32166256695578,-0.147342557131104,-0.127211815230726,0.0137761238576838,-0.247999094897132,-0.231688094238029,-0.179643781879388,-0.0833814152640272,-0.509271288968654,-0.417685616174357,-0.462812244467029,-0.0586853088930628,-0.263065606810709,-0.403176016116706,-0.246016342439781,0.289220815051859,0.435458591543452,0.577164287163794,0.78697139643492,-0.0459609783460352,0.818144172432173,0.609275683660426,0.0405864681274913,0.118869886016357,0.0667645954371075,0.918328324509145,0.0875481102288356,0.640182350062256,-0.0437492103197743,-0.16003847035021,0.0282534291255373,-0.0054622135569172,0.0426912835250684,0.0649916444628473,-0.0130918185575985,0.205295294986561,0.226596896938019,0.463645259404742,0.145361341978682,0.353471492658987,-0.125213411068211,-0.0684641900434899,-0.0813345897158993,0.310433566392087,0.00172660347868496,0.570356918612564,0.328528813841502,-0.0963847290770117,-0.516009800423373,0.0113668644579593,-0.102778302914441,-0.0324271189013983,0.299907039459187,-0.451386279346389,0.135594532666583,0.121112881624769,0.235316674731575,-0.00341114909459814,0.0796061267658997,-0.186080976933925,-0.096394568648721,-0.157932044534147,-0.0255904466066694,0.297649152581063,-0.0154523616522643,0.217132673264742,-0.193929201774078,-0.610256073907105,-0.40899294878164,-0.32205791480337,-0.628425664533488,-0.398038147698767,-0.455966015266548,0.000311478396697559,0.0256788474721065,-0.527239577285315,-0.495068886849155,-0.0497682824692547,-0.170912046417124,-0.0986654231040167,-0.0878764256283033,-0.347673922765512,-0.0434190556845258,-0.305743763028083,-0.619114326081341,-0.0745389443429685,-0.544578238893662,-0.109622899472122,-0.302297404997361,0.153121658327402,-0.139688618719128,-0.220167370349162,-0.0687973212149241,-0.192766080656112,-0.318617056044299,-0.347777317247391,-0.0693037694530644,-0.301586915428773,-0.187245292257683
0.495622376230149,0.120024987834216,0.231757552202326,0.677643826508085,0.787736512572856,0.411946349553632,0.194041324175519,0.0832697470897368,0.842816042956544,-0.029763130118163,1,0.593467703303652,0.243788530637125,0.258400197698514,0.094204503589578,-0.00923143816263255,0.33144209977923,0.338467569489625,0.166646294555827,0.482855710640486,0.197340172417988,0.0402608930784414,0.263640915046704,0.356620217892919,-0.173023256191423,0.0416958135259446,0.0699612884579935,0.13798468296227,0.200881501572135,0.0963493524414391,0.22343875965333,0.395157411262401,0.319110964768121,0.46606800757368,0.230613802607088,0.149826993674684,0.125284381566605,0.417466901288514,0.227305195002255,0.147763947121863,0.201106675830489,0.39601681059863,0.133552390183973,0.0865948820717041,0.414030217305073,0.403751200311071,0.185869539005555,-0.182140314214988,-0.313489385755427,-0.261800097105985,-0.0192615891850239,-0.355155076718455,-0.47896937955133,-0.511950747226828,-0.0853702479570607,-0.145723291463356,-0.417365679691017,0.488285643102097,0.234047489402323,0.109097041213184,-0.482735455994575,-0.267112326414201,-0.490901373642721,-0.217535147218055,0.509983301148846,-0.297898225244604,-0.174058329190303,-0.362244275466801,-0.282385976411297,-0.313005359610304,-0.49272519278135,-0.396928855175001,-0.306722310065275,-0.194420578070606,-0.488488999060768,-0.391668761504608,-0.325580375166539,0.0906311095784244,-0.158096841869165,-0.21310411394532,-0.135217590828895,0.232772880602323,0.17073610561795,0.452400022415833,0.043283292504426,0.546253275145792,0.19024126765642,-0.0292128656274012,0.723042270101253,0.743284096044423,0.809560339451076,-0.109749376669278,0.829773729275134,0.273079445871434,-0.0344394489645335,0.0723331859433942,-0.18937614662028,0.0857636514960772,0.337428972408553,0.0897864393782417,-0.0380503525842967,0.21158311204392,-0.0947995997327997,0.463448659459533,0.226206120705376,-0.0841433532902055,0.0819297920740171,0.131994788108558,0.10432688710484,-0.0520803794498142,-0.237628199838718,0.214417518846532,0.223882474193361,0.116804748311021,-0.0336928616297181,-0.00148935429428699,0.124393229410488,0.108626066649184,0.365532308016362,-0.0418402549081808,0.189925510087962,0.37017793603818,0.445130376996859,0.361654554730903,0.188249768999009,-0.1367977517693,-0.061135787114731,0.0416588930016695,0.377361843114076,0.496988327973605,0.372237225387836,0.296042430784016,0.186458668259378,-0.161098799280958,-0.0838436031683284,-0.062654407539744,-0.379298208702954,-0.47646604728664,-0.0673162066381009,0.0394981303559646,0.0194382086731636,-0.0945647361735097,-0.237496000798869,0.574384008977236,0.142171682665174,-0.161953049766397,-0.0374109902748118,-0.349057950614405,0.0170891606221837,-0.226931606666542,-0.345574854772791,-0.337841856614484,-0.313772109354975,-0.245378832026935,-0.20801770876581,0.12660964329031,-0.0559691534660812,-0.330348044157118,-0.048068478376849,-0.289537601135677,-0.11904864290313,-0.258032337055066,0.249657888009015,-0.156139526909848,0.255762231176767
0.665082137789627,0.559175520590901,0.322399403359621,0.685919329603311,0.551662032334053,0.709501902707958,0.440971734361101,0.459935913435096,0.784884474777558,0.302930134031111,0.593467703303652,1,0.770110640821545,0.235013108001448,0.186152551110192,-0.0168865913366763,0.307901933696172,0.297874022861686,0.321378018284514,0.573326297093734,0.196609072998936,0.284231930179101,0.326722053082918,0.408705304886714,0.0156298760777707,-0.0485362130456402,0.150558562614551,-0.0468438080723892,0.226967100869462,0.200882402907894,0.165944593065448,-0.0475900012464734,0.526081778793169,0.476457668671124,0.165113365117393,0.0757606141427711,0.195852878688889,0.385819668429982,0.214230377397872,0.160107818713155,0.129517468047758,0.397039953652418,0.284001241733635,0.0339399599582603,0.320197199224542,0.193858253147091,0.328169140025092,-0.361231073502632,-0.391965286420623,-0.443083963873227,-0.0900269450796171,-0.474200674242152,-0.25928063359628,-0.524676672571605,-0.229833796716299,-0.396881081765552,-0.343957843061925,0.0380321359559041,-0.216219664182912,-0.0732276461189389,-0.426922942564368,-0.469441467203831,-0.483304741045891,-0.264432537661821,0.283405001833525,-0.390190237244666,-0.426319145903938,-0.272582088161173,-0.536086591182887,-0.0627096479701639,-0.223490382003612,-0.502830238161779,-0.412454764352768,-0.301678603045387,-0.346732151820156,-0.432159446204145,-0.43294093091828,-0.320479551489074,-0.421418528924342,-0.467053565025616,-0.489790673399782,0.0224101977783174,0.0451299080484694,0.39210432183915,0.490972027816556,0.448541753441697,0.532157760150579,0.349805343120247,0.444790167850352,0.748118153700171,0.641062240973065,0.25615455812946,0.815368028878122,0.399784691907874,0.00443645008425568,0.0613616111920064,-0.218456561408827,0.0559596353810049,0.338959514411129,0.133291834705227,0.0815000193864848,0.0861845937470532,0.118041345572678,0.540445254467543,0.218910362379329,0.167794089978036,0.168973867941645,0.0562792740924231,0.0944770228260634,0.25063458385741,-0.137036354001504,0.261981718461902,0.282327384544106,0.313927250255486,-0.0148789492942966,0.144900497718121,0.0424493530518587,0.164638568692774,0.462158250694669,-0.156126294252025,0.271682490816858,0.311140240368772,0.0674256060345487,0.353684050391266,0.266308046742007,-0.0783914062095734,0.0874773032521233,0.1132089421613,0.333412505805677,0.421602082616468,0.153968283618344,0.395357737714149,0.0143290295193033,-0.251665173392486,-0.426285350227262,-0.168136478937333,-0.54894422106516,-0.615579892468704,-0.140399408067318,-0.0309648575426878,-0.00863957537533968,-0.306385068650885,-0.54373616776268,0.0490562820435778,-0.372605169409349,-0.258184426260579,-0.157525287833912,-0.304230320471767,-0.371186304803269,-0.516384096149716,-0.518205831798724,-0.491441289508603,-0.636221122200981,-0.399155534478803,-0.444637529283717,0.0132589416368051,0.0355027999503688,-0.503745643461195,-0.377510028975494,-0.441630710739275,-0.388608701185814,-0.365576756742525,-0.225935096552142,-0.495326784780087,-0.28892667908101
0.772329578239825,0.665882819751803,0.587149566355206,0.292523695598188,0.307890601759604,0.529104343488096,0.710055234378733,0.563242666341495,0.456124564024414,0.701900178879294,0.243788530637125,0.770110640821545,1,0.0783143281741545,0.0924010216384531,-0.181050678745316,0.113236920762155,0.114707427214116,0.321840004866035,0.609437530694228,0.209347733480918,0.369983846457157,0.264517267570991,0.302195360527677,-0.00603501043401622,0.124782149454235,0.21330716698774,-0.11239491905469,0.11604013624966,0.299051888579661,0.362240920666904,-0.180587795187276,0.429182408291947,0.427012492321728,-0.0673983365983106,0.112693701680591,0.0729080339841893,0.213595869233479,0.0203859867155438,-0.0517199139028754,-0.0848149657012796,0.268470793152198,0.0909535147318826,-0.0932809795358196,0.241809805536366,0.04007318820294,0.26849967196067,-0.26903559418334,-0.609293187349603,-0.569220545303105,-0.289062338773616,-0.410160310659757,-0.353105305401179,-0.5243435208294,-0.467778152741087,-0.378361921418219,-0.448282885816163,-0.0419079486389636,-0.365951667282457,-0.027389401711463,-0.307173280630754,-0.344873400327556,-0.50769939253445,-0.253834552951928,0.268064435787415,-0.389350463364604,-0.442519131004947,-0.209900909371788,-0.384007800053257,-0.0355423258306062,-0.218547451678279,-0.444253517022575,-0.345464666555189,-0.31089641773906,-0.463070587896581,-0.499607368674033,-0.530092888063426,-0.298709219688571,-0.423855234222218,-0.535739797070578,-0.518463471323316,0.233826864121407,0.356911881529551,0.586931029598795,0.73523098490379,0.264623657512628,0.802620023833776,0.519810205390056,0.281186730262722,0.478023353682686,0.361696385302725,0.661632460231936,0.511209336181081,0.689473649423912,-0.134836089490238,-0.143429135697471,-0.191331615208509,-0.0342800504929583,0.15987917150117,0.0612691354010887,0.0529906342419153,0.170958378344497,0.219329146284434,0.612077523842308,0.220096811781203,0.353831214717556,0.0689351241342719,-0.0285764466765626,0.0114976273030511,0.351082532928183,-0.1374148160522,0.534142485939335,0.477714225503439,0.24167533491283,-0.219105020143376,0.189113968629608,0.0400055885715572,0.23338926832438,0.518004324007994,-0.334851369544958,0.247571404095643,0.314772249160032,0.0487098828616254,0.186006725200365,0.218848652476303,-0.0778012740752205,-0.0339216907103435,-0.0368054232009685,0.10289162281821,0.371995502208339,-0.0181710322770907,0.292644297452739,-0.185048593273792,-0.509314104229982,-0.506362130045028,-0.37330028184867,-0.650831329840245,-0.66279307422724,-0.400152735800754,-0.03586152500939,-0.0664870798329879,-0.56692767229788,-0.674342546840438,-0.0694242431998272,-0.446002504051931,-0.20747169537914,-0.250452599998378,-0.421843078220249,-0.177758507800893,-0.523172619170035,-0.658924819461745,-0.306597307619334,-0.659366384796492,-0.387944262799594,-0.500047701797195,0.0278892600635761,-0.115525232023435,-0.467337454953072,-0.398429986133614,-0.405052627336313,-0.525135905837764,-0.462405383811795,-0.238329223040694,-0.504172728698805,-0.358722453740596
