1,0.36535743194756,0.0367374799338015,0.296583146749259,0.568983544870352,-0.0118000799751999,0.166747350621422,0.322563606174573,0.368907144605269,0.369624244927839,0.387215689083029,0.31587298983613,0.364364731399598,0.193740269248308,0.329613832227159,0.0216059730745058,-0.149802098358613,-0.0167477595989763,-0.283003905344936,0.102973009312282,-0.0084016095498017,-0.0770180442271852,-0.175365488050198,-0.105165752107568,-0.0734009194185325,-0.0916755926987347,-0.222418458000983,-0.0259088796040306,-0.290374813111541,-0.299808566202765,-0.24886909878161,-0.0097935935482365,-0.148942359878495,-0.167821224276923,-0.180170795136681,-0.158869928246178,0.285769973056138,-0.274261539001416,-0.244302054732508,-0.188454368710191,-0.342754390695621,-0.162812434924737,-0.266753212991565,-0.0767093567791052,-0.157888297499005,-0.082821457237297,0.0793200004599645,0.363616682193522,-0.236529240114634,-0.062577579670265,-0.265083904533475,-0.0386501808451494,-0.228129798786355,-0.243123828387116,-0.205408214981552,-0.188310272947092,-0.258106630576921,0.348026458357249,0.154106860629574,-0.133362015476792,0.0690492073427768,0.18867607816121,0.0004853297181391,0.348100474876234,0.174356954067559,-0.0649419839467904,0.0654189392540136,-0.143196360999783,0.130051939121864,-0.184415143820421,-0.181938697945168,-0.0602440413409029,-0.0655270572399401,-0.16683708655698,-0.274092334271084,-0.0778751262461884,-0.0099190253810947,0.259306037752232,0.210864327313531,0.0130546721913273,0.208321549354364,0.296234932342208,0.297083499629407,0.588965320880681,0.356178266391345,0.333120977286893,0.259963189367886,0.118348672998694,0.462701660489666,0.105473463174377,0.532489785160598,0.443757236148426,0.35536610135526,0.246286868367611,0.0660394366120989,0.302408066538396,-0.0271007057634204,0.146404168007428,0.0589681202962033,-0.0169817447915915,-0.220493867692777,0.119050108959264,-0.0235381535584471,-0.0088932770906394,0.0617423356130125,0.159318153101959,-0.023940502538481,0.22654878185994,-0.0292860374157329,0.0196663443213602,-0.12264612344726,0.0534350374153969,0.226914956281383,-0.120500606656499,-0.160438631811696,-0.168652960247398,0.0655408960327657,0.070599662210083,-0.17508194641976,-0.062661452359937,-0.126070898981967,0.337363394917157,0.30170609544849,-0.0567404409260725,-0.193213847590715,0.0234499931859234,0.0288268589393204,-0.363158720533728,-0.0634048741978866,-0.0455534833174386,-0.0433377338178418,0.0387161399977387,-0.125938907422473,-0.223324872859014,-0.0232851283572102,-0.198080475765318,-0.118207589599186,-0.0986786778570223,-0.109937841270968,-0.149832750960056,-0.0372107109921502,-0.049186410869118,-0.084109964719683,0.215370162641565,0.0808803924206205,-0.145917601024302,-0.137479152228785,-0.284713319470738,0.186385623185593,-0.0252383486822463,-0.0383163150165194,0.081703438745216,0.0644994698102552,0.265564720343065,-0.114342284352176,0.213067997219385,-0.0530333800351345,-0.0771087164255427,-0.0194158729095943,0.0061271154873532,0.012775234210999,0.0460339371844698,0.330053078157333,0.101256943657985,0.171415400636896
0.36535743194756,1,-0.0594904481174023,0.631356764818781,0.0946125875561433,0.583478780544741,0.773898174139724,0.871787990367329,0.596045188656034,0.699847383208118,0.436132462950661,0.870387756938131,0.875229837901177,0.0081717766260429,-0.0730937809956274,0.0738772913998498,0.0646915003044834,0.1818634782324,-0.187399990982467,0.190028027546589,0.27031703807712,0.120420449724629,0.275900910445143,0.270882081359863,0.214026326368158,-0.346333336678055,-0.317213145759635,-0.324452388327149,-0.247374640356799,-0.183337568626063,-0.271135389647963,-0.0830256090877522,0.147037761578315,-0.0616700340050633,-0.0367876704009193,-0.233014381515446,0.136826730831613,-0.143217788715477,-0.120580142352206,-0.0665085614861901,0.0207264043046282,0.107896493406416,0.021552337690303,0.384843409812227,0.195556525564399,0.273042515788549,0.28658118987097,0.0308736789124532,-0.312715658252701,-0.438122774362783,-0.263085997785907,-0.118876446322731,-0.331684363233419,0.0815195227171268,-0.0814858547881585,-0.390923826560395,-0.39400586786854,-0.106390170756377,0.0519996587037825,-0.307070963166628,-0.0379598594689514,0.0300610970272765,-0.123901617430889,0.147707866486121,0.038071071849128,-0.385418674923232,-0.235307888480938,-0.0957986450358801,-0.0300778471781096,-0.0755180651051285,-0.132159851168039,-0.0333627390602393,-0.0887855402806389,0.0929793672610678,-0.321811518119848,-0.223056786013427,-0.213091119638384,-0.246618680201498,-0.0392246377576113,-0.040771590573826,-0.0219834156177957,-0.45466070223567,0.212268684469621,-0.269054044463605,0.859802397008212,0.78951121671818,0.491194000606189,0.562583199612792,0.576817409916035,0.529860718711475,0.367276478577835,0.726053096574338,0.482754117284469,-0.213684526436987,-0.159259130816892,-0.0046280045550312,-0.0571660291732507,-0.11494998590769,0.105095327186721,-0.0216532590108912,-0.110820312817504,0.371633042885077,-0.224757745990247,-0.0805367805330832,0.10515113003417,-0.151902513185997,-0.0486069983850029,0.346969104048768,0.139754384632348,0.0706991338887782,-0.03320169980132,-0.310186291780765,0.658378873513707,-0.166395186744993,-0.345403587762066,-0.326045998309103,-0.288835101325489,-0.237887985997596,-0.205731525178027,-0.0577255925004658,-0.202462976642065,0.323621731125039,0.272232600481604,-0.0476897402928003,-0.26185806016749,-0.112350857612965,-0.0341307197983451,0.0999842636802809,0.0951690808920729,0.179664184909278,0.290584269104561,0.348707096466299,0.0755110524164584,-0.309113844688159,-0.426407085073073,0.0097143483943458,-0.394188587470876,-0.234424421276595,-0.281065617717891,-0.432318195890677,0.0854732466495785,0.195128704669439,-0.455971547828078,-0.198545609945558,0.0578448704877094,-0.482175642803864,0.215557925601192,-0.305056846562172,-0.192215804930095,-0.119223608444108,-0.201806489014661,0.03378174856362,-0.106957760660384,0.211867054433385,-0.243003693494311,0.301673474156609,0.0419518995709551,-0.015131879759835,0.194828487168132,-0.0790701183235849,0.0226911049561636,-0.0911579904019038,-0.259740183665624,-0.0608312298444996,0.0508311048547851
0.0367374799338015,-0.0594904481174023,1,-0.171760126911508,-0.180562649550906,0.00615453432569,0.0620422017929105,0.0328176066077221,-0.0192254169358679,0.203078141311317,-0.0686628629349148,0.0362461998849012,0.052204638812257,0.0330747458116655,0.0252861823397782,0.0802003931722524,0.319006259150735,0.273995960809881,0.0819620271366921,-0.204724863698292,0.16255414489256,-0.0272317985997871,0.40746299867844,0.426905801504195,0.0449835549740116,0.704586123131876,0.569596239894508,0.612645905357009,0.619174548037551,0.583379290161161,0.557641760750136,0.018943699050672,0.523282503980577,0.46145944846056,0.464096320013384,0.558706745938608,0.0152645449910203,0.653383768812422,0.442454479115804,0.378492684097772,0.103484460885892,0.341376316664711,0.465298004818199,0.0069077333676784,0.333517137358612,0.179154324922903,-0.0802089622315385,-0.0699658344327802,-0.293351453093855,0.0346843911345213,0.546692654872321,-0.307881903554658,-0.266099359853514,-0.199888549128532,0.368029096794255,0.107377851077062,-0.0759387153502466,-0.19154018066937,-0.200832694513978,0.575551168901444,-0.474105982302853,-0.549903036752474,-0.427101170465057,-0.322857109921335,-0.369782191326696,-0.409008402074063,-0.424176321010423,-0.323843869082171,-0.402391713310185,-0.264492795545912,0.0192935833565761,-0.388427871938393,-0.447924031704476,-0.233891570797569,-0.370295714390941,-0.390105737709929,-0.447824682587065,-0.213388274125244,-0.426273579951947,-0.426574578732214,-0.422400195243393,0.0121857194511103,0.0864208090288185,-0.0690447935219267,0.151446765853912,0.143178890043889,0.39615430192293,0.0717816629210575,-0.0492671883328874,0.127123860739676,0.236650975933067,0.255146055489271,0.0990694864688539,0.558218494409324,0.23186772014338,-0.0408024901282243,0.223565643571222,0.133147057491959,0.0920187134834484,0.216409763279612,-0.0964019721499127,0.0531805682362234,0.477000793295964,0.0900598102066536,0.187396920643312,0.376568838826795,0.474145014395924,0.164801449285104,0.395610543639398,0.394596296553536,0.0199770838157023,0.447305348922478,-0.12606992617579,0.548623877408981,0.417722038553315,0.512326419625594,0.325427153903328,0.438297528104462,0.441173374730592,-0.0158306298138952,0.396727393712164,-0.365660422050089,-0.436334763033304,0.47077869135877,-0.180741036748047,-0.0200407497504384,0.393586844622526,-0.0452442691030228,0.251172251296474,0.302402876100563,0.21831124858098,-0.126699992120644,-0.18975562980752,-0.266027952137533,-0.0458078710061548,-0.315126270372711,-0.27584084618455,-0.310362844039991,0.166226969866418,-0.0566073431302254,0.0375274165312381,-0.222849203569006,-0.347071882140943,-0.252591478978363,-0.339075540189647,0.276685128117581,-0.126627227336341,-0.471546613718559,-0.434332130559033,-0.476232875132536,-0.51679228237417,-0.566511070575122,-0.578161466631361,-0.549985207125738,-0.35783779238667,-0.377493702276344,-0.236538035785102,-0.549923926828144,-0.215647421531795,-0.591711759171837,-0.56820408704488,-0.627606464871259,-0.233249899133672,-0.4515756719588,-0.459566082593763
0.296583146749259,0.631356764818781,-0.171760126911508,1,0.36473774360201,0.456400382156506,0.367202219412537,0.543030331815533,0.574125589612394,0.334952551913467,0.518264998011857,0.643302440092292,0.509767687483286,0.0616449227737282,0.0752126315686487,0.032562923980695,-0.0972767315706498,0.13470080125138,-0.280631851600942,0.102690738713282,0.0705111980833643,-0.0240578735346536,0.0742423127505689,0.136898284295711,0.0545642002979177,-0.214589744632533,-0.192420178394052,-0.260150170951196,-0.257835151978675,-0.179092048569055,-0.153969774085622,0.0583162444222752,-0.0155569408862906,0.0378044253236697,-0.0546481934056776,-0.170408884347826,0.244007239536892,-0.176915530105949,-0.0870900749083284,-0.0554530329852217,0.0638009814427413,-0.092019938675376,-0.0413527853648651,0.225680386366686,0.0905213618035441,0.152228032649465,0.197425231970001,0.0232616896781743,-0.303310483355271,-0.208731114043411,-0.230324442155903,-0.187022102593998,-0.292411277766527,0.0098724598246678,-0.0615005595885512,-0.15583034329325,-0.277235837269885,0.148796654709963,0.274346428397165,-0.137731571702758,-0.097429996591802,0.0020927505758724,-0.115363603147191,0.19490259265938,0.133046043233227,-0.298743001732838,-0.200585856897085,-0.156890315006564,-0.113769874565285,-0.204636236294762,-0.184795894307057,-0.102455562299574,-0.237813366434326,0.0677053969339514,-0.360189713690904,-0.219716348263067,-0.242966121215749,-0.15602432771152,-0.0595611460430068,-0.158975680278147,0.0408159943199834,-0.26095205785757,0.0816627520006296,-0.145282469760232,0.49030386582564,0.637121915726187,0.17024548606783,0.362581812780918,0.478874988597515,0.561896047674139,0.419082402614309,0.326548719844506,0.525871360706478,-0.239985603951247,-0.11114411007307,0.103150552841764,-0.187075712616207,0.0277978695612575,-0.0233858122935843,-0.0868027035440681,-0.239243216357593,0.22313680242171,-0.139005139691301,-0.242320220957896,-0.0538756395775217,-0.160051077901424,-0.0083080139861464,0.228608097391963,0.0695117003431448,-0.0095599066723823,-0.0486941219621557,-0.219026907906437,0.334145994457604,-0.277173101090279,-0.146872796617798,-0.191893572694021,-0.118110502905444,-0.139551888816873,-0.134948179511555,0.039180214846121,-0.124001323022908,0.318358395464419,0.273023250028768,0.0226774785768987,-0.0306118216182344,-0.0552755605913447,-0.0008039324886192,0.228880026172363,0.0314359884743617,0.0768645306668357,0.24143860979531,0.330307734416736,0.170050276237148,-0.0477765091301496,-0.159861389722024,0.168855938656949,-0.0628724767794263,-0.144164450889101,-0.105500199509063,-0.181422775454319,0.219745944534484,0.0625554918816179,-0.210675474049373,0.0514786036531788,0.226637533112609,-0.241599252429281,0.287253777902369,-0.117854314405639,-0.181522792442304,-0.0196684748552304,-0.101492974796089,0.0783840812075724,-0.0329143293114829,0.0657600519359802,-0.152678861886003,0.336278969185173,-0.0130689792726117,0.0974703327184151,0.16766769814418,-0.135586701951768,0.0167677479575373,-0.102282581987055,-0.0726784466231784,-0.0312932090220194,0.1569681236198
0.568983544870352,0.0946125875561433,-0.180562649550906,0.36473774360201,1,-0.13821276536248,-0.045591819939306,0.0771846138187197,0.321590976004408,0.0489153283563095,0.289154756086914,0.093324691249367,0.0298031900375941,0.0438819785643976,0.215791218312569,-0.0222963831871725,-0.307943359048376,-0.0972215530344674,-0.310276303871802,0.0838526706229083,-0.0069605937076845,-0.0680430291682989,-0.313664379601378,-0.150262732750926,-0.033171289271217,-0.113578869711373,-0.0973910182680717,-0.174168940366861,-0.331369453814586,-0.337995000446112,-0.363760296360434,-0.0865294948364674,-0.190353302147642,-0.316384871358255,-0.2845476259241,-0.252510431360888,0.167207739345147,-0.286357965658047,-0.256162958879741,-0.181599753190891,-0.224080381243251,-0.22257871389132,-0.28533285273688,-0.169943421416433,-0.191164364308898,0.0012612903900084,0.0172384863113665,0.412234703576974,-0.217270092893947,-0.0749423436730061,-0.340282731418417,0.154930901211344,-0.172308465699155,-0.400396578865936,-0.32955495676763,-0.162098336198486,-0.319172191359366,0.504285465650574,0.0755610750772404,-0.0716228041265915,0.349379536884269,0.358347257382745,0.127203457512459,0.281996580873748,0.221855790070048,0.107472432117099,0.223900769291313,0.133284619687895,0.436077165646368,-0.0768533566761658,-0.108979101132421,0.222773548322208,0.161793655151796,0.0510324668577253,-0.0352747427603132,-0.0205658022401377,0.114237130776733,0.541438481852092,0.378172021687333,0.086784821818559,0.313573075492714,0.490451674756857,0.292900181594809,0.577173620455667,0.0242410514674939,0.153633586367576,0.0238806779114982,-0.0281376211791814,0.491379879593251,-0.0228222719762843,0.483305483898734,0.0703618089552609,0.132622726209866,-0.107095115442621,0.049443753037715,0.146602770256568,-0.0992096638737882,0.1224342180627,-0.0453939510097591,-0.108497206399098,-0.182639140448499,0.0843427012662824,-0.0077453910818846,0.0670444991743723,0.0099289169128485,0.116895543177274,-0.122350115662407,0.164180765439362,-0.124469426283418,-0.038739090076471,-0.037373488027416,-0.0484857562110328,0.053047405566132,-0.218818230677804,-0.189681613104754,-0.20782390991535,-0.164252592689291,-0.114308391630311,-0.251619301654653,-0.194720943430203,-0.213851119721654,0.287154565819045,0.23923695148791,-0.0661480536397097,-0.329204017840872,0.183167315209091,0.0560515618512496,-0.27770975246304,-0.131763770633361,-0.0951739760036056,0.0010883355355348,-0.0245339634439718,-0.134959908986884,-0.12685373275938,-0.0349957987302695,0.0884482403761204,-0.104176570193634,-0.19124720188188,-0.181525926678539,-0.230892380656309,-0.200602379205613,-0.185775337484223,-0.167159698635668,0.304286622916496,0.128636158540479,-0.0022863856316958,-0.0450329689747978,-0.234670350766845,0.292351032605733,0.0863066955996703,0.091789531349648,0.334627108286861,0.286125279951916,0.298278272079148,-0.0264490891477485,0.17846189188776,-0.107003554549526,0.26286535357177,0.16861468287271,0.177076527104781,0.0837695995521866,0.102393156542006,0.60645252959083,0.253907927323659,0.173828946780428
-0.0118000799751999,0.583478780544741,0.00615453432569,0.456400382156506,-0.13821276536248,1,0.377911453417224,0.611039768373474,0.603760285082809,0.380112677507346,0.354596343430078,0.700935937160195,0.691262153136794,-0.092302356980977,-0.0295778184805012,-0.0157121339625953,-0.0080005279170223,0.0434932522231589,-0.1483205752166,-0.0004775363213562,-0.200610188472231,-0.0171480282683751,-0.0846814908240473,-0.0874104147820589,-0.148829309324367,-0.103636972109685,-0.032791638255944,-0.14660952510806,-0.384156646285376,-0.331435832221023,-0.229819940978423,0.0633591919144633,-0.0995303628875791,-0.0983231504857417,-0.0481555800366613,-0.166508141871285,0.0476850340199714,-0.138303877164968,-0.0704295625745239,-0.0811605016697464,-0.0058057348621765,-0.131074715960362,-0.0800221348837938,0.262633517830296,-0.0006262152802737,-0.0262174696384341,-0.0574892639937045,-0.154334533889649,-0.061553550597518,-0.252015320401762,-0.296148454359743,-0.146052357149789,-0.0762068690461037,0.158385718396992,-0.0766330567475294,-0.157895058424066,0.102678203636237,-0.0677140095820327,0.181259414818026,-0.283293246872764,-0.0921080282362787,0.0902662271961305,0.162208050992297,0.315738963986746,0.102284341019623,-0.0896786708465043,-0.0016536452835375,-0.0264254609272895,-0.0184303059754536,0.078528896218421,0.233189367135367,-0.004538554348416,0.0206988232691359,0.141555863885869,-0.0127377631186015,0.156826027633736,0.0365459865258748,-0.181155576912752,0.0722847821672947,0.172338055581704,0.0896647756601705,-0.42740767163815,-0.218493065818149,-0.480583681419375,0.505093448284005,0.383144366831841,0.138519551036448,0.678302932699825,0.0716704438253122,0.676249025020475,0.262191169101187,0.390037194863927,0.405182100263327,-0.272336700675594,-0.153740903791071,-0.0196489252631376,-0.188809869046116,-0.278134476836038,-0.0669595913407147,-0.0120985198217791,-0.11091032379298,-0.0530389768239654,-0.484359069562312,-0.42643989457586,-0.35957070377728,-0.393937666278391,-0.329941790833807,-0.237862943307697,-0.261309772173351,-0.295977069041392,-0.234260712855796,-0.39652155389467,0.395216784130945,-0.380362646726844,-0.473218709545981,-0.476215903408927,-0.410200867778137,-0.292139778083414,-0.413773556270942,-0.299174574781594,-0.347281374009708,0.311575832775265,0.214677671669432,-0.25470228290301,-0.138887168281835,0.02176931066679,-0.133263608678366,0.0731130045065721,-0.164317212571778,-0.19402230074936,-0.0309862473016021,0.0059492732718544,0.121812326327015,-0.187911201294869,-0.384845888475615,0.100016001425773,-0.178373155177949,-0.0210716700726115,-0.327117927722039,-0.238136411184158,-0.0727986883887783,-0.0239164425028358,-0.11318877669679,-0.226570366275836,0.176822236164169,-0.296132601255008,0.176034690371668,-0.0327802242457792,-0.115080731112716,0.0208418878058161,-0.0038619673659282,0.0531392086787246,-0.0153383490721457,0.146621761058789,0.0857522667245204,0.322174336934364,-0.0132247361146665,0.0543746879332123,0.111583066101023,0.0215554164824778,-0.0707486457645515,0.0695560270854316,-0.294400408665317,0.0870138005118497,0.0610512419933938
0.166747350621422,0.773898174139724,0.0620422017929105,0.367202219412537,-0.045591819939306,0.377911453417224,1,0.62715223336368,0.494424852231189,0.690374812091891,0.202175258022337,0.59833766054036,0.568888528313464,-0.0074060063431113,-0.0597929072429911,0.240427636454624,0.158549815816697,0.295500725938442,0.0519081650942422,0.248221557135998,0.450699867888162,0.338087618179377,0.526176179281697,0.45937220668267,0.486526625118579,-0.250727273892072,-0.233493738298056,-0.397274346500023,0.0715816569026528,0.144855993039416,-0.215313160037491,-0.273208094231884,0.386538441598778,0.0217394226010491,0.0524418258320924,-0.243195545184191,0.20139270942854,0.0811385446068413,-0.0482120900773277,-0.0721166726508439,0.0027042573173296,0.21503038522929,0.0745274326778401,0.287319193665634,0.172974168748379,0.349165166669191,0.341090989248577,-0.0610524898361215,-0.178188848288256,-0.435040350309938,-0.0290364478846595,-0.098042145594109,-0.257309338705897,0.0037239340191874,-0.0575469690317294,-0.423199230173217,-0.424702636832727,-0.334407416131786,-0.193616887908862,-0.243942222001463,0.0452924505168679,-0.0458276039609369,-0.172989569819522,-0.067945948795266,-0.0460767193353324,-0.338127584349939,-0.202404760210675,-0.04445777197975,0.0011009091310196,-0.0542685179471682,-0.13763308573175,0.0472206037109373,-0.05211616429687,0.0379577296157229,-0.355346258219142,-0.259818350113724,-0.252070212497079,-0.242616816247986,-0.118403048974283,-0.0990553398150179,-0.188981619555987,-0.440056140941521,0.44169241758714,-0.24650783098283,0.743001759214063,0.670284810901569,0.730795656033918,0.41443705672223,0.591108137529038,0.453928276310666,0.322376123901525,0.73717576137938,0.345871674898835,-0.201660720680758,-0.0678076885096898,0.145832359366654,0.0782448307878249,0.0858061158009482,0.198904329825973,0.021377911544675,0.0876286687258925,0.419806671408564,-0.0485567295092313,-0.007548167983871,0.220909551137521,-0.0187242997417801,0.177420205162081,0.517226193925677,0.285156201148817,0.345175236403318,0.305118018842357,-0.101268476114538,0.793809517695541,0.123017457127519,-0.212409653268555,-0.116788440320795,-0.247619318196812,-0.203883584907034,-0.0403010301449221,-0.120943366061696,-0.109095039413432,0.286162962693306,0.352051405555109,0.0861163943940016,-0.340073098056673,-0.135932381031065,0.0033789904983055,-0.0200748587305855,0.120582378343679,0.228615619549304,0.341149996818521,0.335790141578475,-0.0894294523091208,-0.349977655829134,-0.513680826961927,-0.149942701711998,-0.427708858321687,-0.379712781209662,-0.293853735580725,-0.551170494987251,-0.0114217080548475,0.0473809983340864,-0.531817138975222,-0.386853236466297,-0.195860434738467,-0.410561743558774,0.0788187171513704,-0.384264246856537,-0.231263740345666,-0.240441851525012,-0.211804338513973,0.0085025503876154,-0.0819363541441004,0.163111937166804,-0.250456799927801,0.220606715580612,0.0287724545833992,-0.0090834720839509,0.230627776449243,-0.097341222632095,-0.105058473677076,-0.173413203052046,-0.296406135455756,-0.195903210041333,-0.206544102975987
0.322563606174573,0.871787990367329,0.0328176066077221,0.543030331815533,0.0771846138187197,0.611039768373474,0.62715223336368,1,0.574388589056532,0.765066441346546,0.295075658098246,0.796632241668956,0.829640610100583,0.0274578356162181,-0.0712415603787393,0.149116897477038,0.146414886769211,0.188741126688868,-0.0884571660657715,0.160407495093871,0.224285851688445,0.100022864873351,0.141903764794431,0.221932571162143,0.111409242802145,-0.337667063988366,-0.285975675512549,-0.233292409277778,-0.226870470706979,-0.207850218012869,-0.207167239152943,0.05205931333897,0.159687963737827,-0.0541915591518903,-0.0530317093094058,-0.204915421406034,0.0269494884545494,-0.13086412110871,-0.125577762125233,0.0122446041272259,0.0198091125612339,0.166168280055584,0.0279046927952046,0.406260410941628,0.242499563701946,0.238059214463634,0.265697403802955,-0.111491318053145,-0.349579264393647,-0.363235169078982,-0.262214802888479,-0.18615501921398,-0.356345024388396,0.144882032560724,-0.0519524272905994,-0.334075393125415,-0.276026219718897,-0.087888699771836,0.14753923155822,-0.246679261316492,-0.0985234299200202,0.0242625846896158,-0.0834628170764762,0.162842468902195,-0.0044400887813258,-0.384904687928119,-0.261195275404411,-0.134988196525532,-0.0732455411231315,-0.149224037599438,-0.127947401370229,-0.0665089744558962,-0.117156579871055,0.0993959452250497,-0.32901665040461,-0.175958032641652,-0.272161434865572,-0.332714343684494,-0.0370177111856756,-0.105512254792255,-0.0099743414170621,-0.476249421256251,0.0669883809228603,-0.26970215616848,0.767346653025511,0.691569152749481,0.444590078481226,0.536125622869903,0.496654627232147,0.518715698587702,0.328798014000247,0.716432427657199,0.43285433957195,-0.117092106995402,-0.0994625926964424,-0.123578320672588,0.0216922183002625,-0.118449710644691,0.174911157140382,0.103508587826253,-0.0251498381304165,0.30486912780351,-0.237825394297746,-0.118809956015268,0.0788246755050333,-0.194513837318514,-0.0980702283638813,0.177389247451012,0.0947621615942141,0.0626274992925872,-0.11510974360151,-0.352807303302438,0.504949699662237,-0.104133842220555,-0.299004397201229,-0.273384595920405,-0.274315587393101,-0.141105799339074,-0.179636454478745,-0.118738377444886,-0.190467822693317,0.238407748798157,0.123141409448169,-0.0507227014697608,-0.200219360726281,-0.1042337617612,-0.0296279340399457,0.0669018281280843,0.129337746003276,0.198199570043562,0.268543037188897,0.273599870755871,-0.0241524148160396,-0.374750202336837,-0.361713148082429,-0.0311315839162139,-0.443751632321932,-0.185781992626878,-0.264612596100611,-0.358863794140945,0.0599845865606141,0.0807791058712416,-0.374869064364485,-0.145152049995533,0.147332689744497,-0.39140188269526,0.236274718181591,-0.322240874210432,-0.199315049768917,-0.147153214241201,-0.229670435644332,-0.0392955011425352,-0.158757397122522,0.137668704804683,-0.217063619830038,0.221135144033623,-0.101854432495844,-0.0690485341500654,0.109531228520987,-0.134711134823284,-0.0910464937714434,-0.102765373029404,-0.287267014287704,-0.0524086746607797,0.0756407659615224
0.368907144605269,0.596045188656034,-0.0192254169358679,0.574125589612394,0.321590976004408,0.603760285082809,0.494424852231189,0.574388589056532,1,0.467510575848078,0.604206812325259,0.652457250599322,0.533273494643811,-0.0187784624244167,0.125317315699204,0.155208295352685,-0.0286257302486126,0.0175729763442502,-0.0980719975618216,0.224784609704211,0.0111825663772795,0.217086178015139,-0.032762124638124,0.0085462066944615,0.0451044758394718,-0.167215835257092,-0.0880340633461188,-0.195057322924451,-0.305376791122715,-0.262384199032824,-0.344943818947579,-0.0900941227276589,-0.0164010160616564,-0.137912762182967,-0.110792595545826,-0.234097579624348,0.174950912577987,-0.160572389657467,-0.138152737672396,-0.11983499531539,-0.171700389201088,-0.129122486945635,-0.151364602160531,0.0646385370207479,-0.0817650286979902,0.101990977451619,0.0178970333220202,0.140550883598412,-0.254890893837299,-0.305860792595838,-0.307844138177422,-0.0962443715559418,-0.158740464201296,-0.0582902719433685,-0.214471316844025,-0.30966122238604,-0.224822306417215,0.124418576832647,0.204243851678916,-0.174075180621196,0.0788104399999643,0.173228238020916,0.0544811490786773,0.275086803135945,0.192377027215845,-0.0819986432485099,0.0107884470840357,-0.0027086260727325,0.096324735272704,-0.0758374692626734,-0.0174590620077433,0.0098674706972495,-0.0163933526288873,0.0511908818888215,-0.204973556335823,0.0230289857516895,-0.0369881876275716,0.1281493974714,0.173430043321633,0.0730778851017778,0.09042354688128,-0.0457354795319859,0.186321115817471,-0.0107012218605049,0.559334951287149,0.589204947866042,0.324884800944601,0.530445510192995,0.48532175012921,0.755214128635506,0.640786850821857,0.52840649384995,0.655919557753018,-0.231592270760304,-0.0005877952754588,0.162236566331496,-0.040407365098076,0.0603854088906687,0.157148943623578,-0.0063376697214838,0.0060617742824705,0.163668006145331,-0.393647161704815,-0.209013546262573,-0.209122720551643,-0.313439919583904,-0.201730843838437,0.0433986520267822,-0.134309757336975,-0.084473649963507,-0.0398530650447952,-0.271517945147671,0.511031627946492,-0.292018543180275,-0.411029257137359,-0.3978943754322,-0.400680446982948,-0.209620986915199,-0.341972323854739,-0.338718957416529,-0.289449909583561,0.431072705713075,0.353590881670434,-0.0954958391698567,-0.317003982936855,0.160480583081347,-0.0044102522430811,-0.135103291795438,-0.0973360964174073,-0.104395376443019,0.0885858992734459,0.0412532591440783,-0.0754904657474478,-0.325949670734484,-0.389827186887804,0.0771973212193916,-0.287926682413126,-0.313528559612825,-0.370492131202305,-0.468955033873962,-0.135470332564582,-0.273120202354926,-0.300315665184534,-0.0093233874082205,0.185676278987003,-0.187890276540346,0.0716947324705832,-0.300877391605836,-0.0843324634574408,-0.0651111467351586,-0.0772818874092358,0.132537474681378,0.0165489895736544,0.27131781515351,-0.050542314581702,0.356901247960797,-0.128859080076239,0.086126027106312,0.287555396517274,0.0044981809444755,-0.15443542405969,-0.0346234011151783,0.110857365535737,0.0803835403635264,0.0121002213655635
0.369624244927839,0.699847383208118,0.203078141311317,0.334952551913467,0.0489153283563095,0.380112677507346,0.690374812091891,0.765066441346546,0.467510575848078,1,0.0579786710801441,0.564183224337493,0.622158321094489,0.036502910783379,-0.0615518469123634,0.159887619428466,0.114001829870727,0.2043804715138,0.160624568096053,0.148455303860318,0.357257765484767,0.314812234102673,0.261388967282499,0.363856857473401,0.337397293416679,-0.282619565502275,-0.254328029936585,-0.286886324599012,0.0127746163644817,-0.0079470522943552,-0.178012390116749,-0.177097379062379,0.396793861941785,0.0609211258430337,0.0723123962915924,-0.201289422718859,0.125724796930937,0.0199726950722362,0.020325620823518,0.0272735048435482,0.0662795211214815,0.254090772197009,0.0989601319871977,0.475495480116561,0.280972041785265,0.348687565004365,0.265653403038893,0.0193865666751366,-0.290069887543721,-0.386827586100767,-0.0921170240034419,-0.146840521227062,-0.373012076011425,0.0764070901165654,0.0600169229842735,-0.360180388402422,-0.270106969560365,-0.186339298303478,-0.0734685498590499,-0.195700347325255,0.0202472771459617,-0.0489327430659108,-0.129910734971534,-0.0103719266832165,-0.0977142746553973,-0.373664614562507,-0.302067053420418,-0.0279547095764065,-0.0324950858847349,0.0687550814887267,-0.045197890269684,0.0193549864899838,-0.0646533890261016,0.0969523198654161,-0.369343968720793,-0.205908954528047,-0.330959001686899,-0.302166890097707,-0.187709850752943,-0.236567236412019,-0.19754692574423,-0.418220611955414,0.340781849551398,-0.119715712850414,0.624668907971812,0.603066185480782,0.71058169000471,0.279688459461448,0.518027678797198,0.320160928711469,0.349675970722117,0.805208280186537,0.219513616206211,0.0955458587697011,-0.107715497628601,-0.0760826879822815,0.0972535561209576,-0.0206969833616441,0.241358419993365,-0.0382476473036323,0.237415107293761,0.297567365649057,-0.0516851772574419,-0.103024503837332,0.182660084127997,-0.0317593271115567,0.108961734121583,0.29934747806134,0.226298996672131,0.330158003439311,0.17678901436653,-0.0700711812135823,0.492382723098629,0.200616914756328,-0.135530510661729,-0.0465791167527597,-0.198466357922392,-0.0600442624521664,0.0198004683855147,-0.10971002548118,-0.0495740477844309,0.263379201551379,0.193323647587354,0.109211510412363,-0.269648427939859,-0.0969291283374373,-0.0112877142999069,-0.0446214108781118,0.169765108803114,0.26496120136639,0.3599039874248,0.337669392774168,-0.0004490685222496,-0.454723770777516,-0.457461520328673,-0.193826230683361,-0.506747425563301,-0.36124263447551,-0.234067217432331,-0.469932332493921,0.0335667830227431,-0.0128551576709587,-0.444766374400676,-0.301971878879066,-0.0790724888316861,-0.393064290395604,0.140690480580558,-0.358414644770777,-0.178054771866657,-0.321616583168615,-0.280516142623505,0.0141055447954376,-0.199127345347701,0.0981255415497518,-0.283303457984485,0.216871674332811,0.0623270825066373,-0.101185805488943,0.145644793157835,-0.142583765198627,-0.282853372288025,-0.220890545848636,-0.320407682054165,-0.263091144296919,-0.207422879807125
0.387215689083029,0.436132462950661,-0.0686628629349148,0.518264998011857,0.289154756086914,0.354596343430078,0.202175258022337,0.295075658098246,0.604206812325259,0.0579786710801441,1,0.543417901099429,0.454046081509421,-0.0016250915496392,0.13702319477058,-0.138297860274098,-0.127409059250212,-0.10528317952579,-0.293170774004169,0.181957277246692,-0.215358009992363,0.113491434190451,-0.104182316899157,-0.157515541061015,-0.164299225991115,0.0107306741497198,0.0791248659718176,0.0025359594828865,-0.313688218665868,-0.245656597312285,-0.222057372054984,-0.0702131777285725,-0.279469511701751,-0.0375718650550756,-0.0376108611707288,-0.145306941787739,0.155563893378428,-0.158957565537384,-0.105257276134271,-0.16552726221819,-0.318543823766767,-0.310758796388911,-0.210764875220065,-0.245410370005747,-0.240808324682578,-0.135388150881322,-0.131563102622739,0.157732236765104,-0.0738961882995391,-0.105709155590148,-0.225751497608643,-0.0753305866600793,0.0592196698308096,-0.180669592477236,-0.267640605061589,-0.157348859967594,-0.116302689463656,0.264794427251833,0.0885788204818463,-0.109616757587828,-0.0188133252588002,0.205811773379011,0.119454472868262,0.347582412407424,0.363169722022575,0.0889827566307641,0.170410643631458,-0.117632408068219,0.101522274951641,-0.148532383545146,-0.064002259702217,-0.076798800433249,-0.0173865600781131,-0.158460741462854,-0.137196945989462,0.0804020099969795,0.216291742905836,0.362702160326162,0.254407434180142,0.193318712810862,0.202982834848524,0.203417903265856,0.106291055110275,0.2010143018769,0.349576159571053,0.387808348286679,0.035606916799566,0.398951176630115,0.3035972185279,0.496698767715717,0.391426598538222,0.22451154450095,0.621447545214106,-0.130272104321878,-0.0418355031774073,0.277684326369404,-0.195457507108475,-0.0308534920292921,0.005208837776297,-0.0709790825221653,-0.227097597979779,-0.0588572249909066,-0.385531091955166,-0.178629271815505,-0.348756801690551,-0.326281102458616,-0.261841989377988,-0.107542207107271,-0.242869088856649,-0.323483146953379,-0.220107323042529,-0.19728048913171,0.280706358050296,-0.432999267062006,-0.371413649346693,-0.420716774755829,-0.254202262912084,-0.222760339288812,-0.359552564956367,-0.206246053228046,-0.278653400832415,0.30635675053904,0.30458584560253,-0.160146305915843,-0.140913886403393,0.0614360404094744,-0.0647237764572902,-0.175046659556303,-0.208607650235411,-0.275076505880167,-0.168691376938259,-0.119290700198432,-0.0100278867707668,-0.0749019212954429,-0.0929058537349525,0.0666885685884785,0.0202736486748459,-0.0566635885642581,-0.229829498755557,-0.170623501389615,-0.199096216087498,-0.250700760815452,-0.0341948754079979,0.0545968242802685,0.0339488779811265,-0.0292720365265668,-0.143051007886029,-0.196881672308991,0.0703984245944369,0.12561102010374,0.0917814468135995,0.0825966611837745,0.0600318642332771,0.240477572874169,0.0757246079652286,0.279775660415666,-0.138316631390196,-0.0096872074546959,0.0696833420545299,0.0086970328141758,0.0089221047709157,0.0628871739773571,0.303877050490179,0.131391252354334,0.107387095126106
0.31587298983613,0.870387756938131,0.0362461998849012,0.643302440092292,0.093324691249367,0.700935937160195,0.59833766054036,0.796632241668956,0.652457250599322,0.564183224337493,0.543417901099429,1,0.896835961809217,-0.0687114750654474,0.0122310030903978,-0.0715230488602919,-0.0199037523869168,0.142927203882231,-0.31583028938546,0.106284672738682,0.0740484081828233,0.0113070671754495,0.114676693083033,0.128596141332418,-0.0258670642754209,-0.168787339685806,-0.116746417475166,-0.0940417303848434,-0.288606394585076,-0.255435578785506,-0.205934483639396,0.0638883011933493,-0.0042738055910796,-0.103047561114244,-0.0410331774943658,-0.131622965958308,0.186404941298678,-0.0830654836133233,-0.0485341194676369,-0.0749938949263011,-0.0892049097917683,-0.0233568063938223,-0.0204092499379883,0.301995799388537,0.094165270096531,0.123101311112212,0.105082869287536,-0.0721213466467683,-0.299234062953614,-0.261275525828818,-0.269207311486136,-0.185714785907493,-0.318173362111659,0.140904809283301,-0.0192864028383549,-0.281838466801024,-0.304836951349286,0.0628114026777224,0.2251717391152,-0.19728003378115,-0.1533254599148,-0.0121331758658767,-0.0815606275272159,0.210057984718128,0.156246337110013,-0.319451896687153,-0.187326822405779,-0.21958376727688,-0.094471086714939,-0.223661262843265,-0.091643412005159,-0.097858711655594,-0.112986140067171,0.0491240606301341,-0.303284157838942,-0.124436653315735,-0.164712169911897,-0.165505676661737,0.0691169234923879,0.0745827986607884,0.0828108709147398,-0.430606351259354,0.0691301018689202,-0.307948042701353,0.806869792433728,0.715861281672929,0.377594534613851,0.716146201421764,0.47938972182838,0.652728997322597,0.468249935558957,0.648785801835363,0.646171114417137,-0.190448438362646,-0.147935802127381,0.0903650196148812,-0.207100390567271,-0.139883801457413,0.0441021582496853,0.0146515187005429,-0.22127304281728,0.220413910580569,-0.332499536512462,-0.254992241291285,-0.0774999462981952,-0.262676905192882,-0.163141678406143,0.116263326805258,0.0247867003521877,-0.0912270316572647,-0.204522713516311,-0.330435341353634,0.603108920648099,-0.274575435054351,-0.408160468511427,-0.416546047250509,-0.31034818226816,-0.223153577705983,-0.323020593191754,-0.203592147782076,-0.263116886334497,0.375454548463994,0.291999553498894,-0.0636154906070359,-0.24539827004426,-0.0723392806187391,-0.040771389860056,0.0132308324356054,-0.007177705850768,0.0183641149657473,0.15269470604925,0.184678524295596,0.121822865955385,-0.337707530628395,-0.389659057305305,0.0134071502502371,-0.362804449142794,-0.159715951184294,-0.34706139905242,-0.339733324106866,0.0710456782893147,0.122702616997968,-0.320434836358936,-0.108443357511456,0.217053915548382,-0.422378310759218,0.164401546857383,-0.350421550246133,-0.178330523480788,-0.0181563176901238,-0.206276541903013,-0.0012037483058198,-0.164161275070552,0.191647819797952,-0.118624566535195,0.348401068689862,-0.0912231321518026,-0.0598829376225058,0.0712246369592325,-0.109285710239157,-0.0796456216534106,-0.123929380206961,-0.233856205706197,0.0388963920127883,0.144180955542576
