1,0.46763375530952,0.225558403843232,0.285953767465775,0.0978442674807945,-0.417946310530557,0.645836135686465,0.179871736805047,0.106879557844259,0.340427335987454,0.419905360925532,0.29682554969877,0.430177078620617,-0.148245140858834,-0.172048440649941,0.151246229924613,-0.0572434728965214,-0.159799510071321,0.12636236678103,0.0854125784183962,0.0694557855679266,0.24097565091435,0.144898189078223,0.0830968106323692,0.286257738203785,0.326683477905101,-0.216068932014065,0.248396675248054,0.007016339325223,0.0670040071564223,0.109584801166437,0.293092003544623,0.146179091724343,-0.0123827433889954,0.24556248143581,0.134841423112817,-0.137927288086922,-0.181067349606995,-0.185226048116142,-0.0369472429735313,-0.0599337208428353,0.0512348086511621,-0.149914587747557,0.0329527081493429,0.111412829232759,0.0333680779998641,-0.0250071669673029,-0.142373583892454,-0.166680944724189,0.0953708111593908,0.186336631903934,0.0560945260023153,-0.213018172099821,0.126787758050539,0.185631080319238,-0.0959590190606351,-0.093138739989695,0.279509168124068,0.152585031023534,0.0341680449682969,-0.325319007841184,-0.343223303638708,-0.290264778520743,-0.23678680904674,-0.286405741009083,-0.342532832293767,-0.242989680791259,-0.387829901270307,-0.0252335033575797,-0.418423174250566,-0.354832975147107,-0.0565580267508267,-0.282941809285855,-0.0304994397120626,-0.258565591100753,-0.2607339177302,0.0642664960756984,0.0514831995538673,-0.284614802127497,-0.203139084354083,0.0772733310311129,0.007290113096558,0.0656146662567502,0.253551769253593,0.547252366798453,0.510748490353997,0.659061322011402,-0.347932389551457,0.363833103651239,-0.0924808252216521,0.39990039098633,0.483444464000169,0.477609826603364,0.416155131067247,0.0792461306601442,0.0652377941806959,0.315325948060995,0.221128677924474,0.102480263611201,0.22363570616021,0.10274099517898,0.169409715181838,0.333256389645235,0.273004964186333,0.15737790571611,0.306551158132954,0.49040845880593,0.489750349102293,0.297279456004593,0.0959444870245075,0.167488265252698,0.380804442336,0.636005889777848,0.158563380233659,0.163870404982619,0.317680425058174,0.191360341496636,0.245643793173278,0.354962431054415,0.17477961570053,0.0717469728104193,0.0968774557365954,0.150436040605867,0.0058562265186335,-0.097838173231887,0.011265548304972,-0.0342615748310506,-0.0163109670674797,0.0625508892195109,0.0542596340654451,0.072376644340928,0.0153413802024781,-0.153950748006236,-0.106160071585823,0.0274869839990769,-0.205491233958085,0.0195313249046108,-0.116345300208644,-0.0600874566600045,-0.137206675308213,-0.245394153543589,-0.136598058744744,-0.205600152314338,0.131131932777597,-0.0627659511388487,0.0996622344366222,0.0085553519269911,-0.379719658793484,0.0680104997504216,-0.379728981741543,-0.277677024910288,-0.186439064027885,-0.235137633221733,-0.0772857578120932,-0.354419923869718,-0.121112465319119,-0.27500363019448,0.0283456642836663,0.128081914547325,-0.20728883913432,-0.102462309591791,-0.198731414952519,-0.0059937089413964,-0.307467853897462,0.222728611155597
0.46763375530952,1,0.0464836269271158,0.154527434337127,-0.061187253987039,-0.0904809621857072,0.348392594412722,0.595264475868511,0.0306963228504983,0.139263838615286,0.288746274158699,0.412146888187205,0.391823394927198,-0.173769341169239,-0.284567648148009,-0.0081596034599183,-0.128575556121223,-0.260983911492529,-0.0303805320976179,-0.153098647447105,0.114204544020638,-0.0531263381647579,0.0856053248508479,-0.150854621428922,0.162669670008438,0.163973432760418,-0.12462226271625,0.0567016349164835,-0.0300574858715046,0.117662242650318,0.0138616444183987,0.075730989971045,0.103620991608791,-0.287981994282925,-0.0124476431110555,0.0183764258711329,-0.174611073780421,-0.0880676334371867,-0.0149035734309741,-0.116909236212037,-0.0734340805655639,-9.16174606137199e-05,-0.173609781784127,-0.0621090446125256,-0.078109425641107,0.077335901890157,-0.223509606804103,-0.149723490857259,0.0493690877749918,0.0371623227386159,0.0797187682854067,-0.0569226132774733,-0.219985038917512,-0.021611825279562,0.0548384969132096,-0.0734005588584852,-0.0492307812529661,0.250847482808546,0.236966004560888,-0.106882547223988,-0.107454694348833,-0.181068545011952,-0.0925650333821799,-0.246649378250169,-0.104728274056028,-0.0301546584058966,-0.195398093208415,-0.15678935508118,-0.314713232346783,-0.400704990753475,-0.2748929153499,-0.133869453939994,-0.179163032754934,-0.164989459261603,-0.108167389384885,-0.0351967769427373,-0.147551522379875,0.0294224204156296,-0.116950964473148,0.0124847654733392,0.184734489519832,-0.179304210690167,0.0569710547428536,0.0927534117609834,0.405919080933145,0.382592008662229,0.426901664653203,-0.104786382610003,0.0828343132095735,0.0313716826217395,0.206184670304482,0.296656863358481,0.263296712595121,0.216784990030654,-0.293783951207136,-0.105302342029249,-0.0266869456366613,-0.0293958086312493,-0.121934113597362,-0.0694660463473974,-0.0511362370036553,0.073233497495992,0.210678852544192,-0.0577819351328383,-0.0365845578622006,-0.0766522187599324,0.178662552361814,0.109498783688837,-0.008793055255337,0.065242877854085,0.0238103758315602,0.18274849211208,0.225167215572036,0.153420153469554,0.211722099886543,0.23096576153341,0.284404350282648,0.233264322465891,0.0972082593742064,0.128318693045485,0.120580298568801,0.0864819864006507,0.137748826789141,0.0317888762362576,-0.310529064004868,-0.0279424021273131,-0.100731509831477,-0.0624697445525876,-0.0086101269493309,-0.0708184660252891,0.176399939000581,-0.130485976772448,0.163972499435005,0.129363685064963,0.151227958530152,-0.289540554819998,-0.0725420279750405,-0.133549486396434,0.120335503175056,-0.115261536391031,-0.115368140388173,0.0741734547180165,0.0720793225133131,0.21486628411887,0.170425619129763,0.0417695529558335,-0.0231597904141573,-0.130698630548922,0.0860726241363803,0.0083105220319813,-0.0048705601293212,-0.0156441425790346,0.0237861468190148,0.0115159039148811,0.0621346645932797,-0.0692307580347258,-0.156615660722902,-0.0336975286132712,0.0465315316260268,-0.212650031811498,-0.164306919019492,-0.0015274443141066,0.0505329015503708,-0.0488729768615383,0.142005967542886
0.225558403843232,0.0464836269271158,1,0.291302836543282,0.226980255391395,-0.201192878056352,0.490421022138265,-0.162059537933548,0.167811872249155,0.776682326362336,0.0883039083079854,0.063513351667144,0.245250525130843,-0.128382904477991,0.0170978760824637,0.265451232794759,0.0130382882348083,0.17470227577578,0.252250196668648,0.122159585105328,0.001711812089107,0.157577309986777,0.484765710636727,0.363334121506515,0.158294193014204,0.493573305812211,0.496972175402686,0.34454477320926,0.689775957732893,0.433245091705474,0.535430190146255,0.181129768330104,0.550901662348893,0.154269405536481,0.143496878995631,0.216880409450918,-0.0145410802720277,0.485964565918351,-0.100117651831577,0.0968549938028974,-0.332395439489288,0.0549729477616356,-0.0714651654520375,-0.0933921939437247,-0.0935188207490479,0.0947724853288638,-0.0188852583118368,-0.12584506579832,-0.344109629051621,-0.10498465945181,0.396123988326655,0.110028201201523,-0.270446072450606,-0.128170326283406,0.182874810023605,-0.161821522130664,-0.191316521107323,0.0052295386359331,-0.190012789459781,0.0089719119055001,-0.3232599975146,-0.217410508500856,-0.384381876309246,-0.0718181220658479,-0.121391831499722,-0.394938066291373,-0.208536507273103,-0.427827005469154,-0.0240092403856495,-0.359536063580284,-0.400586515818285,-0.19674014005798,-0.312295009867395,-0.342776084506144,-0.530788470889045,-0.326213482285302,-0.0824024870714138,-0.0659214762568191,-0.339923600932645,-0.462265819088298,-0.0942515843370144,0.364683746284087,0.225417867750673,0.291229400778169,0.171480119876776,0.407725186824742,0.271312580916656,-0.0273915768934126,0.276756135066883,0.221318051847471,0.392201972721969,0.499462926074575,0.281647456137978,0.46830250887865,0.161002964571914,0.0619767801971212,0.261396252819301,0.0869041841698105,-0.0578226453787291,0.23565931379599,0.0722191923687901,-0.102709310801508,0.206871482528167,0.041142831500729,-0.0934397628738868,0.296907301653605,0.125039344913017,0.334041856481398,0.177936158547237,0.139488353890348,0.172113746765625,0.554241279590287,0.389837405123339,0.560006934998775,0.219023528788632,0.374908908186982,0.336734175673234,0.326502503604457,0.392440649399558,0.248057893861312,0.210797333378852,0.127503848059277,-0.163593678078349,0.112440071714697,-0.157365970584872,0.0044819203050107,-0.154495782959876,-0.208835580624515,-0.0136096220163433,-0.129602551370766,0.0507529890030598,-0.13117080550516,-0.161187587258735,-0.1472645270329,0.103505630413605,-0.270524947281828,-0.0545888387829302,-0.106362696319422,-0.168324811150408,0.0899089216403473,-0.13743590539094,-0.138785743588163,-0.0599071678259049,-0.0893749904388102,-0.369863370363419,0.0731016918328652,-0.27323177129828,-0.37085028067839,0.415116523608858,-0.16955970573244,-0.127308466990591,-0.32116123404069,-0.162357394362502,-0.0016506024575451,-0.207998279456542,-0.139708117408478,-0.353387610467311,-0.217869728705396,-0.143587750626576,-0.154392108660528,0.0844541787663825,0.0280972375518277,-0.0341397868873239,-0.194668000800977,0.123335273165093
0.285953767465775,0.154527434337127,0.291302836543282,1,0.110313801707851,-0.347200387955564,0.382945444217694,-0.249173159383483,0.11914665291496,0.122610865913573,0.241115234818475,0.118185873634991,0.027556347543107,0.0750467638578458,0.0234985109261013,0.111620532398232,0.197341169940973,0.1720179698819,0.251279256453777,0.280021222287664,0.107808014075707,0.0857054990276005,0.135462318947977,0.281949625364374,-0.0160063611220751,-0.026948281129923,-0.0046405530183554,-0.165615862364573,0.0637866599265805,0.148631208844583,0.0837683652356984,0.0063266163742889,-0.0014330340478848,0.155423200508119,-0.0063300101648731,-0.194843545764759,0.140957095182495,0.0043327084099091,0.0580052972790075,0.133923263414479,0.250071422010924,0.282854522444063,0.0130108925043878,0.316100800239635,0.27718450342736,0.154602504556377,0.331290248789127,0.0137348242652688,-0.417657968774316,-0.336357864856293,-0.12301607855285,-0.0032890402749733,-0.265664923088951,-0.12080784963619,-0.146321880278003,-0.165481660322161,-0.275144753848487,-0.116673691161284,-0.225267991781129,-0.0641404319503684,-0.130100768025288,-0.0358168643167527,-0.175235722035156,0.111123477955716,0.0080373521383645,-0.134750751743286,-0.262204815985715,0.0131061056817182,0.0128229761430305,-0.0653396819385853,-0.149353690737841,0.0143422836215266,-0.0488598082527936,0.192214217384855,-0.122936944312317,-0.170886687842752,-0.206666318657955,-0.168987968421963,-0.237894954188235,-0.287051328912418,-0.117111912256949,0.0301522870559206,0.102023199155438,-0.0887448897319685,0.335543770725997,0.440973571370396,0.31258918796394,-0.207881012970815,0.297922068758982,0.0453486211708234,0.259126218901635,0.285442860707994,0.376035307682519,0.050097601342955,0.195374462460583,0.0572075158393661,0.21543497386263,0.162258351269442,0.321647672451686,0.314566439640458,0.234524361831621,0.188282936420267,0.221277886663362,0.284152473723232,0.178342469989985,0.0897276161962642,0.278574998145867,0.22036372607216,0.468301963774651,0.113221665861312,0.0034645799208208,0.248671077307947,0.39897233516853,0.35107671673433,-0.112075893418114,0.310103511634426,0.102772729368855,0.0941943054548533,0.487448899455284,0.0163264873768036,-0.13055442879329,-0.0952192729186813,0.0068861214749507,0.12393657836225,0.0954052924036359,0.0354683166230274,0.0508343289931117,0.246926336670074,0.27792869496081,0.34306960662812,0.155327493686329,0.40146368883105,-0.0274857823122298,-0.188646142959154,-0.286108876695179,0.0470541949463829,-0.199879073531985,0.0530235387456207,-0.120650971476074,-0.374966332317302,0.230377587911675,-0.0057644821866661,-0.0868708461949768,-0.0724169143762515,-0.169217560408185,-0.173873097284556,0.303499174093965,-0.0361946542879041,0.0218642370391617,-0.100709220569211,-0.032434554136792,-0.125644492476771,-0.110894179223194,0.0311430633787379,-0.0853845754101953,0.196660547593782,0.0321926943470826,0.113037211390943,-0.0244488890144653,-0.0328162800031587,0.0688347071407483,-0.151047444650548,-0.0963064900937619,-0.258508098644567,0.0637206728636402
0.0978442674807945,-0.061187253987039,0.226980255391395,0.110313801707851,1,-0.0962228666119051,0.142750769821396,0.0118310206877329,0.125511567679072,0.268938277000468,0.0846874920070882,-0.0854483708449746,-0.0430668767705779,-0.0076196410934216,0.176122319096983,-0.0270586689376425,-0.34768061209505,-0.281786683078744,0.324342401610681,0.0006989268915004,-0.339850235107969,0.243410594246972,-0.165080070495018,0.0534825105804046,0.0889503487435091,0.0789938063158429,-0.165116177029878,0.0560123381598216,0.116887478979509,-0.11502741725176,-0.193488343008957,0.100488812435134,0.0887083333050006,-0.0880798088734154,0.0918206738416691,-0.0344878614031637,-0.229532001944495,-0.0641663255535755,-0.373496267850881,-0.250236926015916,-0.200454748825698,-0.419374893658456,-0.256313324288868,-0.247464346205383,-0.235975907158882,-0.353861347296116,-0.249453518355838,0.255565117592541,-0.194416035308573,-0.0137462720896576,-0.00387704921533,-0.0840860756000705,0.13943832568581,0.0920490794149652,-0.0361570792698285,-0.234115698988409,-0.0761513933189119,-0.117414670693089,-0.0377294757993924,0.0718828535579151,0.106562123645102,0.253617103621449,-0.0220869818365198,-0.0926587259820777,-0.407499901213109,-0.266701006455296,0.185331144027759,-0.101669937649209,0.393672856263879,0.0152966924615469,-0.101041499118035,0.142744522969047,-0.0768280517622395,0.0767226231220795,0.008294404077484,-0.110328131947253,0.199709874613983,0.248701407050894,-0.100676310589441,-0.101101456581545,-0.17975832907202,0.44090987523648,0.233533139092026,0.455603948349217,-0.139007711373514,-0.0917114366353054,0.132203469573252,0.0655711880671688,0.57284217486373,-0.115564850515918,0.479969422516229,0.182674930712542,-0.0298367629546975,0.26669624840997,0.158989444411543,0.378425292997195,0.0196510759809669,-0.276799562606701,-0.194814301646937,0.145797388464571,0.0863382847153538,-0.130850326937566,0.0101152625757246,-0.0342444977137381,-0.375587252476304,0.413419130607182,0.118535512809918,0.0799013322292455,0.166308126082243,0.1307841442797,0.232638777711763,0.311757304446291,0.21604392417839,0.195009489822794,0.0587851480142777,0.177571058769287,-0.0825001182931748,0.0341059484404769,0.0865900637482776,0.209949818126414,-0.0386108323535432,0.202576941129847,0.242776636905709,-0.271334766490938,0.0024465894375275,-0.21755592557563,-0.222941698127389,-0.272297758370615,-0.333279005562353,-0.340526272524685,-0.310614618221639,-0.223650949224814,-0.208046382338988,-0.051030109567116,0.0817654719031991,-0.0975722620315893,0.229475193301798,0.186888851156886,-0.076501647966609,0.0430992772314598,-0.143750153172111,-0.0407864631206485,0.157099990401204,-0.130669209008444,-0.156712298560101,0.156001105433397,-0.232437872657665,0.0039846655769995,0.0857627732655652,0.135660511532608,0.149536741324711,0.0431741550546161,0.236766415786818,0.386621582309598,0.127598671848135,0.0313311795697769,-0.120199699058492,0.0781300337592767,0.021946074094303,0.207962976436224,0.342976267140435,0.302461925186933,0.178396924536634,0.0465777229740391,0.191879721080608
-0.417946310530557,-0.0904809621857072,-0.201192878056352,-0.347200387955564,-0.0962228666119051,1,-0.245942027294198,0.223774759752517,0.33802564786942,-0.0508890581104679,-0.207098003894168,0.0887347051242439,0.0078165797497016,-0.144744588933951,0.198675136579831,-0.132980295500758,-0.204479760963282,-0.138721843747772,-0.177481078838071,-0.496152278401404,-0.219197052709319,0.0138231098117897,-0.418155161107155,-0.402172837288089,-0.13131963405265,-0.111505997203481,0.0293549328789829,0.0090167894274928,-0.266207754044993,-0.394665683716351,-0.187302457740852,0.159193486666181,-0.0343275842849056,-0.286362836872802,-0.0985787270087856,-0.0048228154688794,-0.203247404421816,-0.0518329029328687,-0.342024399321992,-0.276265287320505,-0.324096612749503,-0.341832328540755,-0.321110697880112,-0.292004722231544,-0.323942695250202,-0.182775822270854,-0.46960418163055,-0.267363174763082,0.19219118713935,0.229027424560551,-0.182559926625262,-0.0567174311075984,-0.126929947828829,0.0836509399339673,-0.095190540831041,-0.0746383028823216,0.0172114759436258,0.0668536581338606,0.228212940806054,0.169965832296514,0.12524695628272,0.0011642935386035,-0.0976716543441191,-0.287822557097667,-0.193179636049449,0.131473725611372,0.425205972098113,0.316025190672324,0.173497593041569,-0.0806894196200625,-0.0297925684325647,0.222479701576141,0.132811129006066,0.0919210081918981,0.14797024887159,0.243746479041695,0.252052259667105,0.387334793550731,0.401496997526307,0.457437259060212,0.196303458449044,0.245426674537619,-0.112417534362701,0.030787960113767,-0.345534114191535,-0.359508748186526,-0.487550997447689,0.821543098283165,-0.353834596701782,0.47977965337508,-0.266370268416489,-0.265747544878945,-0.492431282852157,-0.130568951443433,0.0995850461849541,-0.0156844243071261,-0.302146211523835,-0.26003464348808,-0.285496129199694,-0.238518253924966,-0.229033740667466,-0.317864159682476,-0.387721727728005,-0.397227709779095,-0.235904502290791,-0.222419694792685,-0.50901506948823,-0.482729981117101,-0.340782647440236,-0.144288374103196,0.0456691784032286,-0.452087007910285,-0.429103380292718,-0.260313538611889,-0.170672850055107,-0.346841124793462,-0.208514409127078,-0.176914403987324,-0.490580619361236,-0.102043883193805,-0.121374578791146,-0.198327762721066,-0.199402705708131,-0.181349919320048,-0.137893066654058,0.0187289814229437,-0.0296839275903363,-0.318302969645346,-0.341664902293394,-0.329679104708985,-0.111760382715033,-0.420174680868173,-0.111911501974702,0.100984987976541,0.132817948790031,0.150392787935971,0.0289627783877051,-0.0059856734310338,0.0158450295076925,0.0617820109033085,-0.152791140127364,-0.0354106118928416,0.116682328239689,0.0713456825763262,0.240963860887964,0.125756393772526,-0.0107607036967404,0.194961737355518,0.0263440831592444,0.13852305619775,0.217337056290685,0.0881857685687649,0.16525771440295,0.138823510830275,0.196100816559026,-0.0871879010761772,0.0683043153824807,0.210523940439987,0.188140118606179,0.188266426344931,0.136834002591835,0.15409184800575,0.31592434468208,0.376368781160583,0.0037524596235734
0.645836135686465,0.348392594412722,0.490421022138265,0.382945444217694,0.142750769821396,-0.245942027294198,1,0.0361969271502688,0.338840166739148,0.49624809635948,0.393133647276855,0.506734400261001,0.467523962009032,-0.347876540068992,-0.224322723442004,0.183453266948299,0.0162268745031568,-0.109051568204123,0.164828142663208,0.0621137630733879,0.0513330646781856,0.38716592083316,0.342855270631672,0.217518969250091,0.2166157160275,0.303385894642241,-0.083867073273921,0.202276709927966,0.156444831684681,0.191389775571867,0.267637894338672,0.325972771732297,0.315950070657171,0.0018500639545882,0.262276973654347,0.0953123656197754,-0.234148679603568,-0.073710670670418,-0.12725951877466,-0.106845893904702,-0.0724099464690949,0.00165989144075,-0.181518275158671,0.0715505089579534,0.0811603882973497,0.111900059139967,-0.0432155099286097,-0.195225001959413,-0.223807705357314,-0.0591676429565855,0.192574841794221,0.0668616988771824,-0.371721230095909,0.0354416289783523,0.0611201486893333,-0.185840258833708,-0.176276873035533,0.191768100655024,0.0137813541223111,0.0117160678385209,-0.307317894798625,-0.342827910348952,-0.420223079133847,-0.348774819668993,-0.170695365237189,-0.250569237621164,-0.173434720631132,-0.278564898743569,-0.0103723861093942,-0.441997959539334,-0.363856384315463,0.0023248620856594,-0.137387941435937,0.0756812768956395,-0.209868726266401,-0.109505818571163,-0.001582755132946,0.0222723377437305,-0.2546316880727,-0.147604613263804,0.0780965995632515,0.168898015754032,-0.0932349297706732,0.179530551287307,0.421386249904766,0.508558478667657,0.515623948335573,-0.127494695846088,0.300935963622448,0.202262639020198,0.363526139643824,0.427979857767918,0.539336063045675,0.378515557038545,-0.0275551436944071,-0.0562864812516765,0.32149891674538,0.19185344507937,0.0418366746999772,0.234965484606758,0.114693001563836,0.0601265008418129,0.497112162308391,0.166122253033251,0.125344215916141,0.333664766451414,0.592353058308246,0.550533563108299,0.431836379150966,0.105421418346338,0.130452968235137,0.379957906066425,0.652171507639642,0.384303730319023,0.18042642921227,0.526332327750155,0.241331868167239,0.23876018235491,0.47214075865863,0.195803596006289,0.0910265092551664,0.128255375956365,0.0202457841577936,-0.0203943609156041,-0.252613748514592,0.0409997627684117,-0.154216470636601,-0.0527428730639238,-0.009919782264891,0.0125733290838247,0.0749054797686339,-0.0383992272669649,-0.154862109909541,-0.149532392459386,-0.0186886815516225,-0.282702162829459,-0.178114661168798,-0.172159338600059,-0.126679019480511,-0.133693399758807,-0.177329186611764,-0.197560303634383,-0.115490461949673,0.0377005190693813,-0.155691371730872,0.168047571266362,0.0394186707017533,-0.28047118408038,0.196673212582361,-0.245231345012185,-0.22357429051807,-0.124420329740043,-0.274325207969675,-0.0585059244971396,-0.314004375938159,-0.0599604042214914,-0.273972589651191,0.0168877161981561,0.143308453466033,-0.156265318513861,0.0125114463004827,-0.169375918203233,-0.0190554316333703,-0.243187834068325,0.2607720049948
0.179871736805047,0.595264475868511,-0.162059537933548,-0.249173159383483,0.0118310206877329,0.223774759752517,0.0361969271502688,1,0.0803007613715323,0.0321896530986529,0.0919368623087317,0.419529873222448,0.39472782642721,-0.164218987266035,-0.0919186806113006,-0.232322455046265,-0.329719804271832,-0.429054621797319,-0.0153252698942057,-0.144527376924379,-0.259628596220242,-0.0508552515000516,-0.291526927798692,-0.574333560804139,0.0638291996671866,0.271245624616409,-0.273799241141704,0.152639312901119,-0.176287979168164,-0.27827288112804,-0.0729688234754983,-0.0025954761453512,-0.170379647949793,-0.288847366791497,0.0253698331316074,0.247103568264469,-0.297687905120098,-0.190225489933362,-0.234643603115937,-0.298695399391256,-0.209378991536387,-0.395940471650359,-0.179172903197355,-0.348717502519035,-0.304482556905934,-0.259427820758012,-0.462626870320974,-0.0835667208589861,0.251222680270785,0.315683313485091,0.137723057699428,-0.0593383609721598,-0.0413746830533223,0.0122857754323675,0.161013526687766,0.124694968728591,0.174999694269264,0.192891983677251,0.253360210572058,0.135342511033102,-0.147376947435065,-0.0129118969318009,0.0769077901147746,-0.180802460646318,-0.281614631336809,-0.189056040478477,-0.0270776272344212,-0.186289119458675,-0.242643512903217,-0.223237452442558,-0.110482320965117,-0.172148373553279,-0.139328464074122,-0.197069828380701,0.0646724448046425,-0.0467700426836242,0.120843457572146,0.135074663490277,0.0096910995310012,0.0954172922382533,0.0754881391886361,-0.13378751107114,-0.0493052861081225,0.0516188667415431,0.113585241183058,0.0501795595710835,0.123238049655687,0.206596259306421,0.0475843894654334,0.214725556970807,0.087236220893346,0.0868908233438962,-0.0802592489126809,0.210316539736399,-0.190973888836196,0.104508535109982,-0.198323764958214,-0.288044345579584,-0.308066023380381,-0.059105869312497,-0.0839720154704293,-0.101089250679913,-0.0214609403766837,-0.132140584237779,-0.363227905156428,-0.0356942042997701,-0.0246414130802835,-0.16148446611077,-0.207733886999589,0.149552435923809,0.109233541297062,-0.0086327433578928,-0.084668920482443,-0.0422389258607276,0.318112348687274,-0.0212809746209717,0.156117563979289,0.211094082254431,-0.273050615408605,0.197179071776961,0.250400464131153,-0.0103801696317326,0.0885697636163903,-0.237808734778283,-0.170621532045952,-0.138763681121278,-0.117510654588127,-0.199210013366474,-0.350793997726294,-0.370679527608744,-0.15893898504829,-0.42455020370374,0.0025525434698238,0.288226814969834,0.418480792669328,-0.384590377742969,0.171732467991558,-0.116349845566157,0.155346125319378,0.257838280600613,-0.289561741201017,0.0602781987011108,0.129299989608904,0.100289597396561,0.144036216859678,0.216945638960629,-0.264094832882236,0.0145032461985937,-0.0565736084199813,-0.0651120735887244,0.0021082043320702,-0.0892092075114317,0.0279073105504072,0.0315714683824958,0.114691645174004,-0.226453543667952,-0.308879606818047,-0.140903339259808,-0.0871035635986786,-0.20518934542463,-0.0592417108453491,0.182072492176965,0.0264315350645798,0.0394538500934679,-0.0257796939011127
0.106879557844259,0.0306963228504983,0.167811872249155,0.11914665291496,0.125511567679072,0.33802564786942,0.338840166739148,0.0803007613715323,1,0.233972143348893,0.251683373279117,0.396088854355506,0.219411933966754,-0.270629250256865,-0.0849253233602257,0.167784095290504,-0.0163171738068779,-0.0441199935548532,0.0122471660136492,0.0037722302672022,0.0825903642713736,0.273893468064529,0.0827268898911244,-0.0885652989587268,0.226510665471488,0.237894680219195,0.0387884539014912,0.287770287684048,-0.0044395695347846,0.0616610387401418,0.220282319320711,0.389797045683557,0.238084438404127,0.0680364154764406,0.2440086363996,0.148918777351724,-0.110061690397582,-0.0263227323311642,-0.201891609234447,-0.14752402035928,-0.03212093610896,0.0800161545271504,-0.173437871157267,0.01490772389223,0.0822625675422425,0.0494711457711579,-0.0210436475638949,-0.406786272481161,-0.164552203173753,0.17376819710412,-0.0141750854540841,-0.187092260916369,-0.262383889682168,0.0233882569355083,-0.0208379631861044,-0.0325682413721072,-0.0180337878286938,0.193230312360492,0.0414584232116247,-0.02716333441668,-0.283961534387726,-0.32632429614044,-0.271548089607291,-0.281459481749867,-0.120206074945669,-0.175771699873858,0.0034560613931307,-0.0250251499298168,-0.119469841120554,-0.251981856262289,-0.155983560797397,-0.159805909662615,-0.167192394910257,-0.0214849328669016,-0.15725041872094,-0.0717126048422931,0.0860323294055916,0.285796043834056,-0.0854015405583421,-0.0561784621884855,0.128089137929976,0.275776454414143,-0.187245868209442,0.23030332007462,0.201889525270515,0.198080239400134,0.158009922796159,0.441452382624439,0.215254109453433,0.685708680401424,0.469496197338844,0.25332212259613,0.250394012013291,0.265179871687132,-0.126830206541997,-0.113178788451787,0.275330023166021,0.0225152631112979,-0.01410021560769,0.0932090198185637,-0.0504183475982226,0.0525806024188267,0.148616280431972,0.143551951991329,0.112035654674479,0.0512010010445651,0.207653999317871,0.25759724452874,0.151951088377133,0.0838162100612921,0.236711514026286,0.0756171972314226,0.329178898302394,0.154067666394781,-0.0504240060506708,0.12265684833716,0.135595832944233,0.125733220094899,0.207752977996478,0.0649643046555218,-0.0784050380131998,0.0510512032711096,-0.17430863073424,0.0194373009653428,-0.0900298681218356,-0.0686099530829587,-0.0444253375845657,-0.0551464980006592,-0.0277408611513579,0.0418360000860473,0.104605837665955,-0.0824244770053728,-0.254322018089934,-0.187858697785388,0.0604989197740251,0.0080662560840465,-0.278416082587182,-0.186040317372994,-0.267041137958504,-0.218208312562444,-0.270465202662787,-0.252302353072756,-0.0626821763753171,-0.0096297308044737,-0.162320315859668,0.0832008216923682,0.0226518190445297,-0.200097274030691,0.140326184176706,-0.19023022604489,-0.15312388157778,-0.134797539180755,-0.190153438448353,-0.0107221759043718,-0.15849110305575,0.0193451976866408,-0.122339229450725,-0.098139703231222,-0.0414709532350308,-0.200864013355502,-0.131434043851466,-0.16973292225919,0.150578923801213,-0.0662524398463008,0.1878553728633
0.340427335987454,0.139263838615286,0.776682326362336,0.122610865913573,0.268938277000468,-0.0508890581104679,0.49624809635948,0.0321896530986529,0.233972143348893,1,0.0729467766711021,0.0696135656069693,0.472746012800787,-0.265446841460788,-0.0541223997364454,0.0194974328949505,-0.140781225450712,-0.0989522694936173,0.0584775699851248,0.0057632842717243,-0.150394849295649,0.182922578341073,0.34690378739527,0.165116553376059,0.159746667642258,0.526706304547598,0.421806834860787,0.478505075660959,0.555916813008172,0.1670588660992,0.521996082003384,0.422072271804424,0.553370262466985,0.179958577346235,0.442337414137695,0.392885850322071,-0.22157116913622,0.373388303926281,-0.264879043809916,-0.100868854872608,-0.399101610645356,-0.209459301687556,-0.12179787314335,-0.16444243217466,-0.157130287859914,-0.0016265050047338,-0.250142004560008,-0.339410012529797,-0.184843364915735,0.123883234744186,0.466682313002112,0.185797738541935,-0.263149628142384,0.0749323173603729,0.300882505571449,-0.0541896066521661,-0.0089296023918323,0.0484770528560001,-0.139293594883075,0.157794165606265,-0.377797701558815,-0.301425769276072,-0.410564830478079,-0.309594834779027,-0.292537124973877,-0.452917923096717,-0.103834147939403,-0.524853532408575,-0.0099024201725603,-0.363167022668133,-0.289509755614924,-0.145696378464477,-0.35156628828516,-0.29553497254821,-0.433328404393628,-0.232755753216602,0.16160654379649,0.0604618826679652,-0.355920998361723,-0.314492273848494,-0.071913932226476,0.418338291953724,0.102950947547364,0.497430601422486,0.145579047068613,0.231690362528441,0.313301401396516,0.0429893285951235,0.233013533138282,0.17452710211287,0.376142671687294,0.657910812245978,0.059305150915454,0.634605389722053,0.0484330448704826,0.0164254063748279,0.0782409900617428,-0.0088897545390733,-0.129441752823556,0.0509347535446404,-0.100444910725206,-0.196415360931615,0.0438055449372891,-0.0212199512723782,-0.168973787733186,0.303154398631697,0.0907084591698467,0.25746489019632,0.168291387366732,0.0917907452440472,0.221188149425448,0.549847238669856,0.35915654623326,0.489193160428633,0.281224154976005,0.310436530490478,0.324455241414264,0.399684708789052,0.413179032502491,0.356059385700689,0.306880908085892,0.12475236756404,-0.122226381811843,0.0154325487700292,-0.203290359254061,-0.146840479810005,-0.304197097588664,-0.346791635624749,-0.173554212721305,-0.228030743084454,0.0015911842860464,-0.253862082370894,-0.204535791557728,-0.160401530877952,0.149502053938131,-0.388689104951058,0.0614537382210702,-0.145181481397477,-0.140597754887381,0.0797846975927218,-0.296949083527417,-0.170987936232773,-0.0390686872788674,-0.169808306337495,-0.335182902573343,0.173038545440682,-0.379960437710252,-0.382782435510962,0.507216130571465,-0.265671013183542,-0.246697466946017,-0.314871410888232,-0.203839831426111,-0.0950983765868767,-0.272569807496599,-0.248538907495994,-0.39418109764654,-0.18467276163667,-0.154563803322822,-0.219323213337127,0.124039251332309,0.0147749259814916,-0.0402605151385182,-0.232296683440976,0.145140689501801
0.419905360925532,0.288746274158699,0.0883039083079854,0.241115234818475,0.0846874920070882,-0.207098003894168,0.393133647276855,0.0919368623087317,0.251683373279117,0.0729467766711021,1,0.648730206682891,0.345300486965241,-0.22265886268277,-0.250899402506709,0.175983991155365,0.0435338791102113,-0.190058719827251,-0.166877608254594,-0.0736550675577359,0.239157290072211,0.0634778422249277,0.201075565927813,-0.111844775579481,0.154011557019417,0.270877089924873,-0.108996091181227,0.30141994094415,-0.0740442759626021,0.0616314024872633,0.147641350366572,0.282222444239212,0.186428943697288,-0.0363794175943346,0.0031299666908732,0.077537079553538,-0.132263111191534,-0.0680540742482154,-0.13501338777534,0.173457646257395,0.099467400543731,0.262153725549749,-0.149823950710694,0.0488663038978768,0.271777413283496,0.289306074819248,0.031654521185767,-0.193725333167115,-0.276583676532126,0.233404423824964,0.0653342701449947,-0.103313392316615,-0.506800132212991,-0.128219203879456,-0.0367687141440447,-0.0721130370726066,-0.0671019185839167,0.780296415165907,0.633158690085921,0.136642262201489,-0.197634537373779,-0.186823849719716,-0.0293873847447841,-0.291210915086831,-0.0411996134571766,-0.14007159147619,-0.387366828203613,-0.202153156189711,-0.325551536171582,-0.541487985542744,-0.514461151794389,-0.179125040461057,-0.419381783506702,0.0717720005720986,-0.303375497753105,-0.353796857109542,-0.434805813957325,0.383998954481215,-0.0095669540188179,0.164135956510324,0.572689598330638,0.0518761470954865,-0.211075416295673,0.136204909195133,0.382829587016216,0.362790578299867,0.344809387096111,-0.0704229924533593,0.163449476263008,0.140715961807029,0.29621748896346,0.196474075144095,0.608551661153907,0.431130185621846,-0.100012610557801,-0.210161833252283,0.27384427674095,0.301533391567407,0.005311234810383,-0.0875188316192984,-0.173732146020502,0.343699171540262,0.227298881764705,0.0444297603361559,0.191332684251586,-0.0423539695507859,0.245549001551048,0.394082679031657,-0.104887825573329,0.166819498889568,-0.0772923245028784,0.210369229220152,0.353688628660723,0.115188000929824,0.237511611164842,0.0937721213254066,0.433323185673167,0.475094039935096,0.296094828565542,0.189845702920724,0.0432994860871435,0.0142154388634528,-0.0468775301889214,0.112468185250374,-0.354439535492896,-0.0238049953679897,-0.0237262755110104,0.281799497021837,0.277505162277501,0.303730338931774,0.376921635663077,0.0896958362043187,0.0176652409134331,0.0304609455244542,0.25547735831346,-0.0926343205432929,-0.41122353354755,-0.284586609600421,-0.185008734358357,-0.163549420097043,-0.194362847980847,-0.095150557618515,-0.0034472521457734,0.733310149262645,0.49318734605464,0.383617219062127,0.436267553529214,-0.170757660640634,0.120110508786671,-0.18317831743173,-0.117384140098884,-0.265165267241131,-0.281931988165507,0.171464330348077,0.0045431858899562,-0.157021951170061,-0.30854179949478,0.241714577198286,0.218755912251764,-0.347714598797236,-0.181040885394524,-0.271068310739682,0.416519069617636,0.0278795738077526,0.39254745545519
0.29682554969877,0.412146888187205,0.063513351667144,0.118185873634991,-0.0854483708449746,0.0887347051242439,0.506734400261001,0.419529873222448,0.396088854355506,0.0696135656069693,0.648730206682891,1,0.542081233015765,-0.445618251767482,-0.364735909176487,-0.0560052007503641,-0.098097563958581,-0.330867991089956,-0.085138693514801,-0.0184946509350438,-0.0004958441523682,0.0530613442067996,0.168095132186803,-0.195149838842476,0.122400214976193,0.344909092936574,-0.143461919936344,0.304541279310374,-0.0513005979465852,0.0050531352889221,0.20240316398844,0.301008172188254,0.0749813209850918,-0.0193683112763187,0.149067314156204,0.260582760792306,-0.256915858562761,-0.106165570830938,-0.0909025295626941,-0.0378836275611367,0.0228622416297318,0.0165963706211725,-0.107694877468609,0.0151736051345582,0.137319212711546,0.099185291702736,-0.143245761971589,-0.253358721001161,-0.118573363019882,0.213242308616196,0.204135889034523,-0.0108665228737107,-0.506179529982627,-0.0267388982389659,0.130335196278468,0.115022242179995,0.0737211946865341,0.555588685576136,0.417795773855274,0.158842992274692,-0.39660029688678,-0.248058378873671,-0.127118313028299,-0.290679888554091,-0.0971273294287117,-0.213774462405414,-0.348946171725968,-0.239090604169837,-0.379495139957564,-0.411580228946048,-0.342605819060187,-0.241707421849638,-0.319333900226353,0.0562259194450054,-0.168084065385356,-0.201720122291306,-0.222068939203011,0.18516086729728,-0.0728821608962634,0.119228930020646,0.436622680037038,-0.0303844199183443,-0.362572640478714,-0.013017356468951,0.386244612810986,0.35350656055758,0.338430742440314,0.15658119978034,0.008435673948108,0.511515138298913,0.121694468463361,0.122306559778275,0.503400009597923,0.382523367936541,-0.270478691313182,-0.190407684614621,0.0655733913841292,0.0329135918936382,-0.114430799446922,-0.116083283432334,-0.0812012068729496,0.113271406823923,0.413587867437882,-0.0620330830802041,0.0040140063840013,-0.0247118518854633,0.315645263481045,0.323960948557192,0.06885956241041,0.208527057246287,0.0151115125621146,0.064054862605315,0.367279142671797,0.244253302705726,0.310327233006699,0.305907444336635,0.413670230920241,0.409541618897685,0.255988877692538,0.220397664506085,0.168610355512244,-0.0384273955051218,-0.106347839231655,-0.0338064452585688,-0.348566436414505,-0.006423725075034,-0.157382211775783,0.146983484960905,0.0065839266296176,0.0525263337351969,0.194870257697837,-0.0941144139203155,-0.0112689259130379,0.0263735860276489,0.224772458456145,-0.271305952547811,-0.391326174230763,-0.315577857338426,-0.153905214215893,-0.0650688682744262,-0.193613827990335,-0.11386470946326,-0.0754645670129526,0.441435583315547,0.301820242448629,0.356739642616027,0.225279990814684,-0.130403320133813,0.0619897136320682,-0.25351289586059,-0.247041592553701,-0.307722276790056,-0.405733520219209,0.0433769399459613,-0.142748729589434,-0.111550449988556,-0.369460822992866,0.0765370470029562,0.160831438233914,-0.387308316279767,-0.117993596093331,-0.240671155875204,0.204087166649836,-0.0959310607534965,0.287077865634963
0.430177078620617,0.391823394927198,0.245250525130843,0.027556347543107,-0.0430668767705779,0.0078165797497016,0.467523962009032,0.39472782642721,0.219411933966754,0.472746012800787,0.345300486965241,0.542081233015765,1,-0.478716108923847,-0.459338924090589,-0.19333626457107,-0.357313007978459,-0.350926610393599,-0.192935573467801,0.064520693156817,-0.132667090424201,0.0507508399958299,0.321194526233008,-0.0793274834032019,0.183184257572685,0.527690584378726,-0.0237803088143492,0.616984131383263,0.195245873569176,0.0446544645591854,0.479381119847426,0.603886634445546,0.340097741124465,0.205219730670409,0.461517426216365,0.451723944025273,-0.417748520588507,-0.0391318683481745,-0.384859206456018,-0.290383793089178,-0.283766921539677,-0.180400970079769,-0.259699079984469,-0.164836434286802,-0.0037417242535098,-0.141633594595639,-0.183873016931585,-0.370432634961673,0.0019266372328959,0.480850385090785,0.414797249920259,-0.0658987684996415,-0.451731893286089,0.171116747162423,0.170730865408057,0.244037158284816,0.123152530926194,0.417864642719452,0.201427463414592,0.135697052851241,-0.38673228267683,-0.0824587598182904,-0.150662148540064,-0.258302852625573,-0.347444115003221,-0.38013893650718,-0.105742094198002,-0.535856264011437,-0.20489408335971,-0.38383124555953,-0.434434417609224,-0.169030263229833,-0.382917229757588,-0.140924470670408,-0.440769949809241,-0.34398373807382,0.143154147155381,0.330751025355883,-0.0247188942683661,-0.085137512076576,0.377848309452014,0.156364204787924,-0.0837016558519931,0.372207251045967,0.299460380150687,0.178172586822698,0.245349501786792,0.13177480733992,0.0758670779460517,0.174411622413871,0.0569644193850021,0.242374043749417,0.0975483718111598,0.584573973855485,-0.213316786085352,-0.245097295795527,-0.0740667086932756,-0.15050287779281,-0.246377724916964,-0.171794403652083,-0.268676296964659,-0.0461747776782187,0.160230759952373,-0.321513283109109,-0.198824961888207,0.0286407822917446,0.225142876133898,0.167958371557641,0.13280324863673,0.227355028018536,0.107070185068292,0.110626221014299,0.290671830539375,0.20885220860915,0.199091425131479,0.378121090607013,0.368215346697659,0.381309548726278,0.268755798810633,0.21508602459107,0.0509934370713276,0.050133569273615,-0.155476962769692,-0.255463302059217,-0.208622203301418,-0.222688066440576,-0.368961980147525,-0.257607502657512,-0.256958183708417,-0.125168848148685,-0.0935798450082052,-0.16963472823084,-0.30471961162623,-0.20495786775888,0.405892346730337,-0.563331142986656,-0.194605243862233,-0.369151537691172,-0.375835170010631,-0.052511773673189,-0.467245338394576,-0.262531208485802,-0.110169988151339,0.196024163648665,-0.0269343933217318,0.199690437368098,-0.239496117263887,-0.461311893377979,0.356008299778109,-0.32768665348612,-0.273431303401585,-0.274968842707694,-0.375257717168939,0.183744641689481,-0.303931703824182,-0.258321983041576,-0.47633036196059,-0.017852617192379,-0.0025193393685112,-0.351008927709586,0.0098810441601492,-0.24420954314181,0.275029581582035,-0.0070642247207372,0.446504982261269
