1,0.792442178623374,0.230873742660471,0.773647251293972,0.765200764267098,0.665923405344615,-0.0371730910917455,0.64229637810542,0.775749621997088,0.429187775638762,0.881026328264153,0.825889645666945,0.853376921134641,0.24562564125998,0.367709805714363,-0.0571637199553362,0.134486653634494,-0.0117611423428234,-0.234340333364341,0.184573015398502,-0.0584848165265707,-0.288549664540512,0.0171463747808622,-0.226146543426845,-0.285416898792345,0.163031697392419,-0.0148971597147185,0.472355565330751,-0.118075815180929,-0.264649258263699,-0.042579585512861,-0.219315332051354,0.280616675223101,-0.390110507171373,-0.22699040080344,0.0422746709014036,0.315527039615736,0.0617177089032121,-0.282883363267946,-0.0903738528374327,-0.115324176527473,-0.0131555514812274,-0.0981831935345228,-0.339915683428147,0.0892986690770229,0.303991864196896,0.141358523057596,0.0474929773467098,-0.546345105544464,-0.325172087484757,-0.383325956366067,-0.0545485392667138,-0.333174026371762,-0.284006651845654,-0.276644151083253,-0.237268854590022,-0.456339628837654,0.398445176336742,0.0760994058031588,0.0192251858968524,-0.404427403902181,-0.228006520164026,-0.376333847187817,-0.24207159101354,-0.263870603492497,-0.513450442608628,-0.53324704228621,-0.452218935870472,-0.38769064481713,-0.483061583257962,-0.501340037095288,-0.469649825028422,-0.506899416787389,-0.008862603968477,-0.559916020629277,-0.656890370574238,-0.452458709157956,-0.0164828330379699,-0.333248963228297,-0.305841107531052,-0.428766725939466,0.0170910170791989,0.315119703480833,0.671098221858263,0.828305930981719,0.731944158752989,0.175527613499389,0.528935527868772,0.732429252876339,0.696535968551711,0.767056753984316,0.669179968293327,0.687027793237962,0.790385800043163,0.817725032531143,0.207799797227198,-0.0346780062589363,-0.227161282576453,-0.182346111751672,0.138860058357998,0.119559407639542,0.110219239379882,-0.0159360328382284,-0.185028670608413,0.356456144903336,-0.172661755109097,-0.0859081874502514,-0.0592552874755467,9.8379190508514e-05,-0.126053165687703,-0.148928045687998,-0.085541015550495,-0.399299789322638,0.348188616770303,-0.121645883057339,-0.103619178477569,-0.167133648503411,-0.363170265132724,0.0789550254774921,0.478689639552084,-0.0546361768637693,-0.13147403684208,-0.226051057141636,-0.228302568975717,0.386331591309541,0.142294392979081,0.593795107738024,0.136012260500359,0.106848346093072,0.197484635088743,0.0136330270165205,-0.0084363805588255,0.436800873037393,0.155540064149251,0.128798537469177,-0.247610136602485,0.0530557047911549,-0.102557826798231,-0.318853274933011,-0.0931058538850035,-0.201572427119934,-0.26780575960144,-0.102770724565313,-0.234675965698539,-0.404434480200464,0.227904737002169,-0.0291474113109906,0.137025141195952,-0.141080426583702,-0.535930781648108,0.511848894464724,-0.48342496695922,-0.523121724963795,-0.371247295768315,-0.421689127199605,-0.128170285616588,-0.417744115370067,-0.03754737859676,-0.352879580433198,-0.315231598530441,0.249548093147411,-0.32658839284766,-0.591337976370475,-0.341496372887836,0.0914046538160695,-0.35385618275662,-0.348534485569704
0.792442178623374,1,0.272243060116735,0.740180539142717,0.615587827200909,0.769456748469423,-0.0081637808925971,0.894725387389066,0.587564708222605,0.548383481904401,0.632539235566957,0.732432273610687,0.866814128690299,0.0554925782976822,0.18356811935799,-0.0999136653469694,-0.0379382690611541,-0.134730427281316,-0.247727548891874,0.0880129713423273,-0.0779086779288887,-0.279857381874279,-0.197396781700801,-0.217892977405244,-0.147818404487107,0.239496276311556,-0.288755535195424,0.372311935316618,-0.293498421654208,-0.318308363792209,-0.0544142995418465,-0.36101710795045,0.0594377540439501,-0.488236210523443,-0.424007161661259,-0.180240561201922,0.195239322973412,-0.230311113770838,-0.370250073001045,-0.346820651137991,-0.286703249006568,-0.155668310833429,-0.248122460187599,-0.29150885675445,-0.12551190890732,-0.123365028401147,0.0608074797732977,0.111938102169012,-0.377189161293192,-0.225564686632421,-0.468435806631238,-0.0452950068728204,-0.249319630659906,-0.255278898934152,-0.375078575294685,-0.196880423142476,-0.295803708420321,0.255362042265458,-0.035692828285795,-0.202689447344354,-0.119947413197497,-0.0979465732820123,-0.271102457680282,-0.0395274391701557,-0.372935416901964,-0.289755738961932,-0.364678807804007,-0.233554840222278,-0.25650233872551,-0.269447754417308,-0.312669626123696,-0.406445731157336,-0.494148525888316,-0.152435062168315,-0.468789604632166,-0.513430534972468,-0.260371534690277,-0.040549229636888,-0.176306231062897,-0.123529051824135,-0.325933278458046,-0.105457915358131,0.219906089077488,0.335897313438675,0.906094434300112,0.740116966156918,0.363739497212319,0.751808041432143,0.616860649060221,0.627956657250175,0.557317282796712,0.712840001377767,0.840390855771648,0.68563000803446,0.806089136101035,0.025638177764622,-0.0052364541679375,-0.358130367482594,-0.220209189792665,-0.0777300769353584,-0.122394689278039,-0.0861452072974052,-0.19718463657274,-0.247860798833023,0.0427943649540951,-0.157727224310218,-0.183721478764859,-0.283461310001369,-0.10282454456867,-0.157909256584395,-0.329268672987701,-0.0482893837388881,-0.215995732337835,0.365461260445092,-0.0733761303107271,-0.241182525142582,-0.0424726741142731,-0.361406633342575,0.0483852437449034,0.275825023947354,-0.209048326786915,-0.228801719296885,-0.222226575596944,-0.35728484497331,0.215821110417591,-0.132731077853789,0.389459891959719,-0.0357815882002744,-0.100811347727101,-0.0167536154394135,-0.146488393524617,-0.186624863311482,0.104778708497305,-0.0892497136338444,-0.0594721243785195,-0.107266315370653,0.121235139436737,-0.119581736067571,-0.046724258185224,-0.116064245616955,-0.0797433589788452,-0.128196182251215,-0.178924457199879,-0.0051285296450234,-0.200914550638275,0.121035686216545,-0.114220433050262,-0.0371096350038427,-0.157675719103312,-0.404109728946715,0.118828467647412,-0.525799552292996,-0.292542292058819,-0.119708850684238,-0.174551215637837,-0.0912345808269002,-0.232712864424585,0.0102259370745929,-0.177439810466156,-0.224583757872494,0.095864276973564,-0.118025002281396,-0.344909121397889,-0.323681536841701,-0.0083371436705273,-0.189064280954131,-0.270872429868345
0.230873742660471,0.272243060116735,1,0.138685778016376,0.0063225499119715,0.0672451796517888,0.554641888576607,0.337383902076592,0.0471573327494789,0.536798773323484,0.128144408476083,0.168640060901617,0.471232447586294,-0.279742206306081,0.0447567755508995,-0.134726385411438,-0.330207496023482,-0.0802971001183157,-0.264683523839154,-0.273558639055997,-0.123463757667181,0.0339948875159981,0.344652492412045,0.0706004758507437,0.0120346311374298,0.719142919792969,0.461369898260539,0.477184510892935,0.495379956215468,0.434015463729718,0.398950456059231,-0.0492458348732034,0.427668582947486,-0.0985835829787827,-0.0858497217594491,0.362841139130216,0.107691034534808,0.239530522146156,0.0661952643132841,0.138784546409525,-0.168207008349783,-0.0972464938839477,-0.0201836416091607,0.0675079797292379,-0.263832892528071,0.117182671475656,-0.418837222070817,-0.0043550881842867,-0.397073730582073,-0.226643518986912,0.1686881057335,0.240127617286651,-0.129715192770829,-0.196817779545077,0.351250422019954,-0.356332347764096,-0.220344394170749,0.0864802653970513,0.142241483472929,0.262115073614269,-0.25920780083521,-0.408532270013965,-0.509689890673158,-0.270359663269022,0.0884014163184296,-0.446603374586006,-0.370524234918813,-0.0584594398232865,-0.197469878682687,-0.239380883967177,-0.216922676029074,-0.190368069435551,-0.325998155999539,-0.0244579247886195,-0.354004766378387,-0.359508523697331,-0.324384206535966,-0.155333557571627,-0.355061317671968,-0.31688036911353,-0.547039167593898,-0.0752184677385901,0.59897514433445,0.243155519397076,0.322000869925919,0.0668318517561898,0.520088895447623,0.128926993605746,0.0537385172039551,-0.0168294129841183,-0.046792584185078,0.391735415123596,0.255473837963119,0.0207676146907474,0.519538237593406,-0.0022137142811535,-0.0343959916538767,-0.203819241041645,0.026840281698212,-0.225755956904699,-0.119389569140087,-0.1047871166545,0.070437127999707,0.196489526339537,-0.0196839705877378,-0.0902843918059354,-0.0752490655884726,0.0329307330995301,0.165800211479825,0.254698898581124,-0.017141105169565,0.0389729885443483,0.230216368266191,0.755935393645396,0.45646675726489,0.229444711292552,0.187232484583459,0.347412419209695,0.424263164068183,0.401273660960268,0.267124516963264,0.0706442454374857,0.172400160108406,0.233866067539488,0.236919842906276,0.27488448283373,0.171530434537549,0.144237527857943,-0.0368931519440069,0.0258239062806228,2.52831160236553e-05,-0.222201040727717,0.254817277433641,-0.150277001192604,0.415261837483807,-0.0278093436776611,0.186446249692336,-0.182951490573452,0.0451732990630009,0.0174069800124818,0.105692361996692,-0.376685432425555,0.236484142136359,-0.0533838223971613,-0.35574631825669,-0.005997465311449,-0.0073469176246923,0.0273325882764285,-0.233755834453982,-0.422400672781342,0.269002675191268,-0.194309965960635,-0.326884888600531,-0.260837390756318,-0.240459141331045,-0.334796772622071,-0.423802818153052,-0.39149177601165,-0.123463947078872,-0.130837015156466,-0.0287974120262492,-0.0783274485754485,-0.268523517628918,-0.219346620408609,-0.185186701077599,-0.360249381581917,-0.423068427590592
0.773647251293972,0.740180539142717,0.138685778016376,1,0.859710059976688,0.769179880116097,-0.155255729841175,0.586396776733383,0.847506680430995,0.373063150375583,0.762641181852861,0.892793175220456,0.77941566218094,0.187901052600144,0.261505586765428,-0.0181731914900237,0.139522544056902,-0.0287156978582148,-0.239425939534722,0.285124589971528,-0.0585618853142196,-0.438692907032956,-0.0256913952984803,-0.0815392419925082,-0.351563636182929,0.116488860438273,-0.0516869851841331,0.434730679668085,-0.236839156932128,-0.300928861087202,0.0834218926154402,-0.356981183613022,0.244631089334729,-0.315215835205294,-0.181652554524268,0.0437928937396382,0.21696075363246,0.0051430683651679,-0.390298622332552,-0.082734532376001,-0.0220540693833886,-0.028152490626296,-0.105103604300205,-0.302737347380297,0.158180072635825,0.118914309304168,0.211204072825786,-0.162792884612409,-0.390330538846891,-0.114127700208197,-0.309231694876173,-0.203046699457746,-0.273310053761721,-0.316889212869693,-0.264855071360487,-0.154576877079363,-0.287671102501948,0.388279715353598,-0.0371731834204952,-0.0851096995541449,-0.256031537950043,-0.161040344339419,-0.290959975590489,-0.157245434299184,-0.395267439476665,-0.415660894468821,-0.392591014617665,-0.438484113023099,-0.270299767746128,-0.422135529102202,-0.406839921254593,-0.335914069916612,-0.498848703849147,0.0165417235695207,-0.448984383926072,-0.521088235013393,-0.364964235377493,-0.102582189560292,-0.214735580554119,-0.152416726462507,-0.335634701001228,-0.186379320453787,0.104141944432774,0.344834595938246,0.737166851286805,0.846351325966693,0.26336161513132,0.565933391833874,0.82136934511551,0.788697046734703,0.766873570172223,0.544778193891357,0.745308347825974,0.849433787826687,0.682728186440917,0.243422463986227,-0.013783083182247,-0.214131106995337,-0.214490733819564,0.167280135844591,0.0356580282688217,0.0798303568790936,-0.0604525109857216,-0.298543902443987,0.310726977881508,-0.0686587507194445,-0.19745900956196,-0.0877777779479207,0.006910063729286,-0.259396742087468,-0.0476388500378778,-0.118208263620824,-0.401028920346372,0.234824604305569,-0.108468535206485,-0.142421644730436,-0.0678367599647747,-0.241046045250804,0.041079289572041,0.275996025123758,-0.0431074819499528,-0.102745098104437,-0.259085764465434,-0.400647909510767,0.253481151680255,0.0424711733025452,0.522309737788775,0.0613572374505083,0.0821944191560154,0.18057506202907,0.0781039823852416,0.114443531448719,0.317147804647744,0.140867588483588,-0.0796884908950733,-0.209686331928255,0.0137211959631661,-0.113920955887805,-0.299150186157149,-0.16183932806982,-0.198788761726196,-0.252887922017143,-0.192376663094603,-0.126232667161201,-0.331453316950234,0.242060436345144,-0.0544266890000696,0.0360361510802726,-0.055974738645929,-0.528793586198095,0.184025647899454,-0.589206487540246,-0.415026393854065,-0.284884021537133,-0.34973388206794,-0.190464063772364,-0.323662301010268,-0.117742635474297,-0.451138034885989,-0.248134249233344,0.120445527933726,-0.315137061240296,-0.508082379965493,-0.295083319738866,-0.0962139061280976,-0.269902516608598,-0.359035066701322
0.765200764267098,0.615587827200909,0.0063225499119715,0.859710059976688,1,0.706205922187642,-0.187504008070217,0.459980688763729,0.890301876158921,0.239710729350328,0.819180693135331,0.866478988884687,0.693821766880694,0.287436371401899,0.291907763500372,-0.0628490901346474,0.120860453076342,-0.0482238594113205,-0.247665007024098,0.248340992645725,-0.146605187266976,-0.351810814725395,-0.0909904967642885,-0.187041274284816,-0.456367283932548,-0.0286978061355115,-0.0394161150186974,0.299938752250229,-0.235962673651569,-0.370773964229374,-0.0410059117005724,-0.297100364036178,0.22991681185072,-0.310630730107171,-0.11191784128588,0.0234307673721799,0.18948790983713,0.0022107726414546,-0.404076699154143,-0.0949779887961788,-0.0217896119695455,-0.0539095440234271,-0.149342925591046,-0.31625025133488,0.119262778705215,0.197769256434305,0.154942852557329,-0.0747720728370739,-0.361931149055336,-0.21041975041864,-0.337276960840753,-0.155340261587462,-0.238310382863851,-0.299866169315243,-0.274913794818646,-0.213210552311422,-0.334959656744517,0.29357547916961,-0.134359550670091,0.0321523673449409,-0.264015121932397,-0.102106816212802,-0.222763794458149,-0.266051030926222,-0.30564743389483,-0.409711316341752,-0.326008422382959,-0.410077731524304,-0.216297769578439,-0.409759540563442,-0.468838537912221,-0.269814449510866,-0.371788687407394,0.0513278253165086,-0.448032449874064,-0.413093368021454,-0.418536328585021,0.14173999328362,-0.139855446745522,-0.160992974277148,-0.294553793536837,0.0554198808239895,0.108725677192488,0.474590047423182,0.611278715658893,0.803510770084675,0.0260361607243997,0.466044948505653,0.907967422142828,0.783975122849951,0.874394059428464,0.450051007340073,0.674406763165483,0.879209792602084,0.577360688104265,0.165180330479428,0.0161751473591618,-0.255917581916576,-0.206438938001834,0.13952251724696,0.0523017105508394,0.066167566818211,-0.0334398959656762,-0.150808933305427,0.363837276388134,-0.084230365376226,-0.0495977772404392,-0.0758697270203923,0.0195230128416256,-0.162719922765878,-0.0646889248522866,-0.168981402697978,-0.475191483891153,0.16749526151477,-0.194826807647594,-0.0975449325263757,-0.0480233916454561,-0.218618383952196,0.0200144323356726,0.247254214784424,-0.0782610079438966,-0.0489229718270321,-0.17463511931418,-0.287099685672101,0.293874001641957,0.0353830347913865,0.533679467344181,0.0449481503983524,0.0716537862889305,0.186867802523538,0.0159823823135023,0.0403828028444538,0.297631839511732,0.106198165633222,-0.0481059632245182,-0.176678665503277,-0.083952063121777,-0.0838144062024446,-0.26344337557386,-0.176531797979559,-0.177814950753069,-0.174194868421663,-0.166576879950133,-0.12273012952622,-0.305882769282856,0.12367351528274,-0.126500720776009,-0.0001841945751862,-0.0316101637334225,-0.47410597658875,0.300823099821776,-0.42060756264708,-0.350705706869837,-0.297233283893409,-0.318010662011338,-0.0879254035902954,-0.253236336857272,-0.0979422132543987,-0.443204627467508,-0.166933727930921,0.0349444053960579,-0.26977687082027,-0.386641698256216,-0.179738106935331,0.139182044798279,-0.187257957431187,-0.310420218882868
0.665923405344615,0.769456748469423,0.0672451796517888,0.769179880116097,0.706205922187642,1,-0.272751377798698,0.589290650138014,0.80849248692745,0.162249980426317,0.651807090975299,0.800088696822824,0.637743696524285,0.0984395524847335,0.0907266367801487,-0.0980448660663801,0.0267964198057325,-0.123226148072294,-0.232831900015215,0.259394972178152,-0.158809885364541,-0.340631002926301,-0.145937869697318,-0.164423551659723,-0.340238227852995,-0.0462561052179356,-0.0805790410009465,0.340470420334408,-0.265302612831981,-0.400186950053152,-0.0103733517046571,-0.176265439655558,0.144817396274432,-0.211943451400207,-0.0574237247438422,0.041769996241763,0.0946382196875433,-0.0443151071588938,-0.362659957868605,-0.17490785171799,0.0396113213609956,-0.0502781921120666,-0.0504318586086007,-0.121935441780033,0.202553465636544,-0.0151159142880933,0.177815217718978,-0.0631113261296502,-0.459901426545636,-0.312783383662998,-0.331791258693821,-0.0380157625555155,-0.374197978748996,-0.097362972033924,-0.30179874255599,-0.192000507525151,-0.333671992045341,0.317370664769504,-0.179912724208091,0.0053829093477314,-0.190922213363682,-0.0921881502542142,-0.286542483206641,-0.101063837039981,-0.406216564077921,-0.328543689465691,-0.450401616400925,-0.239788103619537,-0.287627502817184,-0.261851758941504,-0.318390123306722,-0.290760193939545,-0.390101222379603,0.0760508595206596,-0.406691263210431,-0.495828553759241,-0.11083726753708,-0.0579374477167972,-0.27822734650704,-0.297966617890885,-0.369290948494014,-0.0598219006190654,0.0353124179201391,0.259178164278601,0.687003080511,0.810377733687896,0.120575551260054,0.841922945725195,0.671089028247678,0.894303860076235,0.750101334352361,0.431079817403405,0.708862221921609,0.833426702391973,0.619237413761614,-0.0490387345709611,-0.192566852890157,-0.251405912383289,-0.297734001242297,0.0170147516387192,-0.095292411739461,-0.0164830740438861,-0.0930975535388623,-0.338078751133656,0.154332219002128,-0.245210689207439,-0.252683812777871,-0.204025213569864,-0.196223858451571,-0.282117105206044,-0.0170608832413302,-0.234077628039651,-0.478144257499725,0.221604506413328,-0.255283639415617,-0.0016450806979419,0.0464198582895656,-0.149277846264823,0.149713266985355,0.302199643657745,0.0477221802143821,0.0667756298320576,-0.0193689812954353,-0.422604205559159,0.0921087788371368,0.0184373312071959,0.473835663253305,-0.112876444669198,-0.016929671370913,0.19751066005387,0.0861889118569647,0.0401626224390761,0.181349224633949,0.14021108488966,-0.112454721208993,-0.245710338293721,0.0559977813971718,-0.0054092588788759,-0.20148863221576,0.0009224026185315,-0.194717785813996,-0.286920725199715,-0.153924223542998,-0.0385832375357754,-0.31681926961312,-0.0027220068352684,-0.297298021033714,-0.0758458032945094,0.0144426128673486,-0.350675588134549,0.180534763091442,-0.522587653946056,-0.372792371701382,-0.221220602451541,-0.304396831144869,-0.153873164920681,-0.302955745051752,-0.100293111686074,-0.342616053000445,-0.251558384365096,0.155085359095076,-0.221488401904884,-0.367090512738853,-0.124416507201585,0.0074826704490612,-0.324685824264398,-0.35607040016332
-0.0371730910917455,-0.0081637808925971,0.554641888576607,-0.155255729841175,-0.187504008070217,-0.272751377798698,1,0.136243274535711,-0.290634218308063,0.63821680825334,-0.0657192480077826,-0.0400830642680925,0.144853024811007,-0.0825185422191133,0.0714952962519182,-0.0087559499454179,-0.116964654049904,0.100409117944586,0.11424826801829,-0.0975772316011583,0.230598856841649,0.472035614365233,0.272905951400028,0.107656001759988,0.284945357621737,0.545431032037702,0.202903301846355,-0.241665765787053,0.408728398299298,0.30507181160703,-0.146918363813842,-0.138857748545514,0.278693880826551,0.0461364413261889,-0.161970053086468,0.135542112720029,0.406262416866525,0.202486979058412,0.195164585066782,0.163206509435939,-0.0966787020353182,0.0373119461897918,0.0865088891720587,0.309461278097347,-0.265601618480017,0.0287659740427708,-0.195715590555922,0.140097516169347,0.02482541873444,-0.389366732272081,-0.106387703412236,0.0682226921266369,0.0577317932577457,0.139175862357153,0.152099992158699,-0.284955655352588,-0.126182810799357,-0.367962099863661,-0.21369450438607,-0.065448441734947,0.0465020752406787,-0.0298830382913842,-0.090829868077849,0.0583442611697524,0.437233280233487,-0.0116875978817246,-0.0703328882630565,0.296704494308732,0.112531853015053,0.180342963621259,0.155843304779008,-0.022469261022498,0.120723915684573,-0.193659814006075,-4.84838112241222e-06,-0.0465079506224341,0.100327286963363,-0.1041689358934,-0.230943116825246,-0.183359560328179,-0.353287487319191,0.0570926281244266,0.549686756208095,0.0684751354115082,0.0516007134137566,-0.186851820901223,0.653006229300685,-0.234852998832146,-0.16212057254734,-0.411327133101478,-0.297648942319295,0.348966463098997,-0.0360644776204693,-0.303142246130715,0.0630973599754493,0.0420482431544732,0.354707267474746,0.140961714556037,0.436743527558815,0.0068807500638528,0.138666527701154,0.176192583325944,0.230882895917168,0.440657363047468,0.136542987172259,0.218807945504676,0.288721795943409,0.415286549688746,0.33011739328913,0.521334324299262,0.0671719192958353,0.447715241672756,0.461383679744065,0.382313772951036,0.884838623428115,0.31468158497905,-0.113432223630855,0.285369242076368,-0.0557755948037915,-0.088769096326447,0.0818819876520589,-0.0934202310158336,0.116271987567099,0.419169272907896,0.47958461992218,0.304139399837759,-0.198742741248676,0.31648848029822,0.11563779988759,-0.160164778599705,-0.0733794584944675,-0.244762610008969,0.0231172069845869,-0.127247213358146,0.258899099706377,-0.0474802596342136,-0.366364553961649,-0.0908416826921695,0.175058836333494,-0.0150361809582238,-0.027295085726126,-0.31387849519205,0.0843479802422127,0.0571497955197745,-0.144572289384063,-0.401690832179724,-0.253671100614833,-0.179900367715631,-0.297948465325181,-0.160373677010464,0.0722049041318123,0.142642094719896,-0.0290123852797679,0.0606678103585719,0.0252317048020354,0.0626073774948813,-0.0931358003029783,0.11561698609963,0.205053639548854,-0.154725952844798,-0.127111444891968,0.243424592988014,-0.106302472204854,-0.28882873116506,-0.233266231575982,-0.300586601259995,-0.397956461837571
0.64229637810542,0.894725387389066,0.337383902076592,0.586396776733383,0.459980688763729,0.589290650138014,0.136243274535711,1,0.384059294666079,0.67027102515135,0.473936942098541,0.580062987572193,0.855026223459908,-0.0298304764824362,0.112384584134706,-0.104806417438666,-0.0963964957656728,-0.187145770900865,-0.18161224711778,-0.0548868518905942,-0.0166914829420213,-0.0996937365140609,-0.216530997405961,-0.192177338741263,0.0843141504456213,0.232888246661776,-0.410724567323041,0.298425945401081,-0.279468273935405,-0.249007843828199,-0.0800647758031367,-0.391113787918236,0.0308320043716219,-0.639176555639967,-0.559019202740109,-0.3617103862413,0.0741274793867979,-0.348841663711741,-0.406092647833206,-0.429760167832913,-0.420995211584394,-0.205061663673741,-0.305746570831463,-0.257154739739039,-0.258195158769048,-0.220065862986928,-0.0150311555252873,0.121039618843734,-0.326829749164377,-0.216370576597507,-0.528040138036995,-0.0517272751833396,-0.181501791150412,-0.22523156235486,-0.425631818046924,-0.286698503512659,-0.335144555776449,0.114022557048242,0.0127130289269906,-0.322249856761281,-0.0136802995761245,-0.137342825296553,-0.288710332250538,-0.0697690148863314,-0.407311973767164,-0.30428617785791,-0.266476274429986,-0.108276682458755,-0.14846742128314,-0.229765691414474,-0.26108966981385,-0.335933350214621,-0.406146243910573,-0.191752545490945,-0.499721216196018,-0.439318192627414,-0.249621753583372,0.0063120453565778,-0.134600058675238,-0.0608913844919939,-0.28292384390567,-0.131204169667215,0.286340376078537,0.319385928519905,0.809607803126476,0.608601869142098,0.426790697020095,0.586230860421156,0.510565599440433,0.408048667088649,0.386271428078802,0.781266170152994,0.799166108177336,0.469853655884588,0.772158893122615,-0.0472306515132677,-0.0305752192506601,-0.372529860776297,-0.204555959015664,-0.170130309233689,-0.187643879627281,-0.158423082902371,-0.242005035904768,-0.200293031881696,-0.0864998085429098,-0.160875915221569,-0.240251210035069,-0.326578241267791,-0.1796375639655,-0.148944062924131,-0.435191111565648,0.0847645802791755,0.0414525968074954,0.319159698034817,0.039535146257823,-0.276090059529875,-0.0152718962259201,-0.326474295658001,0.029490067408677,0.190669122110226,-0.335403401141448,-0.305608926003505,-0.145178108590693,-0.173550365328537,0.117998889952032,-0.267017968837973,0.275671942558762,-0.122694863265765,-0.255594117222148,-0.154290788480435,-0.222778559657957,-0.28719958754189,-0.0388219297192756,-0.193221676715238,-0.0369345049629927,-0.0196835806331054,0.209275790597218,-0.257094307118375,0.143661654674657,-0.140594795173742,0.0105201431369984,-0.032906575279514,-0.158753367618726,0.0158155029845389,-0.0874512399856621,0.0838022048316628,-0.0931505117416523,-0.0829918028155889,-0.237021464221993,-0.255719019753875,0.0492085827014308,-0.379100979305012,-0.188400863066541,0.0272663685897922,-0.0766364245046604,-0.0282244840427802,-0.186511614073159,0.113760249624619,0.0257204439120964,-0.137118404768857,0.0673257032040584,0.0050797437127027,-0.249786958242078,-0.29088246892952,0.0055489493272825,-0.0928627501079166,-0.186889915830732
0.775749621997088,0.587564708222605,0.0471573327494789,0.847506680430995,0.890301876158921,0.80849248692745,-0.290634218308063,0.384059294666079,1,0.114815602077965,0.846779818808475,0.895459886622373,0.643688420780975,0.229722260790681,0.230942225648737,-0.0795778777400415,0.166509246142414,-0.0577311829884088,-0.234148946672564,0.332126670696505,-0.139273530190172,-0.436838637452204,-0.0123682211951598,-0.132205686441138,-0.549965310289327,-0.0852519020188101,0.136007782510667,0.410412140911424,-0.157001914854846,-0.374989192889866,0.0219170961002261,-0.112562528583579,0.311609587212732,-0.19088776355437,0.0644622753578089,0.199021760984351,0.180606010137229,0.175617458307813,-0.334561100782013,0.0589788925219709,0.203326084486123,0.0596176317107353,0.056269364154191,-0.18052871207004,0.350445390566423,0.336806611372048,0.229915117986206,-0.115360557666508,-0.566177341258043,-0.342304225637959,-0.252372540437287,-0.0784302049038013,-0.449766201807891,-0.207618562593299,-0.184931713667354,-0.23088488050955,-0.461468298145857,0.486381023781825,-0.0027552649471366,0.124702335000711,-0.440712794999811,-0.222181183336402,-0.342474451801861,-0.292517291527263,-0.319924145759204,-0.50176645822815,-0.516828984662038,-0.44445076522253,-0.342612385900355,-0.510804425566743,-0.533894321052468,-0.288231532860992,-0.425869231753014,0.234606694962706,-0.487142897095724,-0.576074466561278,-0.362337333264418,0.0192181382872998,-0.274401517947613,-0.350075236220235,-0.378068564716414,-0.0052996524954862,0.0211883225470018,0.487154153953946,0.610833856233509,0.817485622294186,-0.0574285388370129,0.601190171903011,0.834388040687833,0.929526962317146,0.944677408495139,0.39996041183495,0.650822725921678,0.949085429376747,0.614803666882639,0.116405910585306,-0.208194462487209,-0.250149215149631,-0.342514560830602,0.166218595363967,0.0757564789051941,0.149151564131061,0.0296636921697057,-0.305178261815377,0.43073383533397,-0.239881134832845,-0.206798093343162,-0.0800112939932245,-0.0672684927147613,-0.316302733923567,0.0943391249857073,-0.370978158386756,-0.67190966761725,0.208393434653265,-0.298798818795577,0.0252540981803271,-0.0292810850621247,-0.167423357248123,0.111295600229081,0.426376764714271,0.136361037634845,0.108409717447275,-0.0835520990008548,-0.335062622309861,0.234765437391371,0.176547248242356,0.604711368385772,0.0825488678082652,0.167967349312375,0.422678602328974,0.2354621698613,0.198871692688588,0.457524583775178,0.321581659413001,0.0447434841350492,-0.320344288261084,-0.0293815029014187,0.0211360264352116,-0.432249727011912,0.0041460533499595,-0.287629848086343,-0.368098901780116,-0.0374913604553046,-0.202396321075648,-0.497056216719595,0.173603110765568,-0.12975940426827,0.0686567150844154,0.0994165459701615,-0.484042537942924,0.43052855107695,-0.523590174229404,-0.533413463621386,-0.468901331147753,-0.516332794475457,-0.202481242261545,-0.472729399969804,-0.182588330649812,-0.549491279439898,-0.252294257960978,0.260827819290836,-0.431103013687237,-0.532451638928722,-0.156019648998842,0.118247512550008,-0.363616287204027,-0.365919028910431
0.429187775638762,0.548383481904401,0.536798773323484,0.373063150375583,0.239710729350328,0.162249980426317,0.63821680825334,0.67027102515135,0.114815602077965,1,0.294309281967448,0.376700949787037,0.668213964887479,0.0128022924167127,0.243935290382692,0.097923885844457,0.0904930580034151,0.145014214772306,0.0001546157272465,0.0037466239420256,0.206367030050659,0.0391499371046247,0.221992868245851,0.163118043893856,0.146533033161255,0.43365205845053,-0.151103261340755,-0.0098292085141736,0.135090043900661,0.0850867324810447,-0.204038374534778,-0.475053118638089,0.304941245473921,-0.410713015624815,-0.504932985717926,-0.193142169477521,0.361000294081032,0.0448862258272111,-0.265393711788421,-0.04125784115758,-0.295657728370823,0.0664117038061268,-0.181390997536584,-0.0319572428957013,-0.210529680172619,-0.0814497600422022,0.0782138955004229,0.0648828694934573,-0.167753560279196,-0.345816998882992,-0.423490953687884,-0.074414043537095,-0.0436876781899196,-0.171674738018791,-0.23929708019849,-0.479520010993849,-0.344181626489837,-0.118305546431323,-0.0315255161860476,-0.254720930033057,-0.0685442488756068,-0.22425499220298,-0.349893877083175,-0.139131342367766,-0.160904811493472,-0.311374098973126,-0.207849133030958,-0.0795098610139445,-0.0982566581324933,-0.203410704845414,-0.222198790279309,-0.225161874555582,-0.288660752449845,-0.175990135560365,-0.386054775845081,-0.381505419481748,-0.190721413075941,-0.229536972397326,-0.268138906917424,-0.143246620244422,-0.444330329515678,-0.156821910398399,0.535855700781697,0.323618683645519,0.535651706502469,0.182344114947755,0.797640443798162,0.186196044505375,0.194971023600431,-0.0009400958124103,0.0698914063211601,0.744773991501779,0.421966459829625,0.123052498428885,0.524248329094133,0.0961883675166388,0.164280058483015,-0.0070463721299095,0.216898505434786,0.0905990955693802,0.0962411139951987,0.112115202154573,0.140992962470541,0.0863276097409159,0.1924336209717,0.143508196861244,0.0357221326037289,0.155664554292526,0.166556367635551,0.120802020506447,-0.0949961779986385,0.245665835446968,0.230148951648543,0.533069134727172,0.614676541561272,0.0119784201780015,-0.114784559140904,-0.0764871401358521,-0.0712771605162522,0.12578039231491,-0.0968760588367561,-0.223291881189425,-0.218511663293968,0.0486809940929375,0.354850219050012,0.168738330212193,0.192179690783694,0.186091917326294,0.0471992243528137,-0.0806494633391112,-0.0472917181211687,-0.135874233978473,0.163284754869963,0.0061655008332512,0.143210704641415,-0.0020709376956435,-0.115902693989164,-0.158379760265834,0.150110484020834,0.0202538494529701,-0.0105169617433751,-0.295871489013002,0.0494262792558248,0.130159537398818,-0.222560161746606,0.0102831388619879,0.0201260716459331,-0.0328750770858582,-0.144628490201525,-0.31088929891657,0.120561634740779,-0.235833406513768,-0.124720981726926,0.0280398604606152,-0.0003757942117223,-0.154485129381929,-0.189909407730974,-0.0034413787602721,-0.0096346592527013,-0.110565113130427,0.0872121877778773,0.0549531691029258,-0.233323278347001,-0.395204436212145,-0.242776609066713,-0.234548697127118,-0.437837910995155
0.881026328264153,0.632539235566957,0.128144408476083,0.762641181852861,0.819180693135331,0.651807090975299,-0.0657192480077826,0.473936942098541,0.846779818808475,0.294309281967448,1,0.886185189673863,0.736199045355886,0.278019865220705,0.233255241811992,-0.192453474215865,0.123120266449517,-0.0889852255917166,-0.201595080423807,0.201173245698859,-0.176719749540495,-0.309938765660869,-0.0036698082445743,-0.23274386213491,-0.424108551536005,0.0136044966142889,0.0195353225374064,0.442195890121181,-0.167181876347788,-0.348333219911199,-0.0661525185005282,-0.10380103197749,0.28894138371142,-0.262721481626828,-0.0499480834846281,0.0843426540757801,0.226870856723746,0.0762572989992343,-0.240064101523966,-0.056982337573132,0.0369120245015138,-0.0639419270923579,-0.0127940180000853,-0.190236911444828,0.174324805328305,0.452323367731014,0.121891272220445,-0.0221698478442425,-0.472281827449363,-0.301343497296931,-0.367493053240303,-0.0969595711093529,-0.353364514120976,-0.121375562351354,-0.227480246316509,-0.181381279892164,-0.463938671521314,0.472662537973971,0.096827856258492,0.0766131881148698,-0.376671172152773,-0.176895779888529,-0.292360361583748,-0.290177189073764,-0.202095970306489,-0.44135909306329,-0.461112450322917,-0.321922030775922,-0.254148455007558,-0.422362542612347,-0.457743013053987,-0.289422064353601,-0.338480430588181,0.142985969620232,-0.465031465348752,-0.538328315406392,-0.422160563939942,0.119425471089646,-0.260749398181636,-0.265523951721648,-0.291808072272115,0.081956239433963,0.170753820052893,0.620536571125425,0.671373047403857,0.768817579741654,0.027870830000734,0.417755068915243,0.817384614924578,0.728450219985656,0.851744002074649,0.501159108102459,0.630851428469766,0.853807338623941,0.667175512657836,0.0930526110438783,-0.13727016329635,-0.304637985033382,-0.239165906437145,0.120037180497043,0.0868269086543784,0.159858905263073,0.0078590136550073,-0.268521213557371,0.394983860035169,-0.253222611342689,-0.163320943158369,0.0019900957201476,-0.0625965318142072,-0.168732112049382,-0.0574626729377249,-0.22782397790073,-0.499194822259839,0.232494268919992,-0.133274447164129,-0.0608813922340312,-0.172966425074969,-0.311026860156168,0.0331911218236913,0.429155605585555,-0.0208181293775679,-0.0604626232315076,-0.135185498253323,-0.206945015165806,0.371955045167953,0.122568049779075,0.588317627811342,0.122037154948521,0.128024004072122,0.264559954824895,0.110529444185027,0.0339094876243367,0.43073109513092,0.219689241281844,0.120380676166579,-0.360298757674427,-0.0889744237576407,0.0428578075400389,-0.401559142428607,-0.0405205181028384,-0.327146740962874,-0.266557923033007,-0.106164658740785,-0.308179897218922,-0.403870090596821,0.224130843162617,-0.0424207072769361,0.0901739989204382,-0.0540682151040294,-0.461297136404642,0.524843866411802,-0.390870098606067,-0.542150650382748,-0.363237046436985,-0.482464031331738,-0.0089455008865931,-0.411915182734874,-0.0020529328358861,-0.336907856628272,-0.261023677115924,0.244951678930873,-0.27548001368134,-0.589564550907763,-0.315761669283159,0.198780562448278,-0.33087506484854,-0.309621908744845
0.825889645666945,0.732432273610687,0.168640060901617,0.892793175220456,0.866478988884687,0.800088696822824,-0.0400830642680925,0.580062987572193,0.895459886622373,0.376700949787037,0.886185189673863,1,0.807983236813883,0.180459523449723,0.153421523671702,-0.18139454874349,0.0852639863209153,-0.136464213946348,-0.214451613966603,0.31571849360613,-0.152189778244729,-0.316078799158872,-0.0350143974603917,-0.178236593710495,-0.453422994521084,0.109115570028291,0.0360029282526387,0.378622637540496,-0.198596253493633,-0.350581516593115,0.0050460541445163,-0.269016370264906,0.305784312120198,-0.242686270939364,-0.0942270803189156,0.102637473850774,0.220905782036247,0.0397515743078263,-0.256264705377662,-0.0934148362419858,0.0564262811813995,-0.0825645334955224,-0.0010283786554393,-0.153340041607472,0.154844955530735,0.244030619981598,0.140818569922163,-0.108681710632039,-0.394821685139875,-0.319051527001361,-0.35887053870844,-0.0955445024684429,-0.293115280953863,-0.155371443908995,-0.216296566863046,-0.196064186044244,-0.380798463861957,0.360213799597479,-0.0565382110781993,0.0676235921789227,-0.272552979811101,-0.150435441607295,-0.24725321755185,-0.185764997137837,-0.274355677185839,-0.376978636161014,-0.453396638446811,-0.283902528119122,-0.277257328331332,-0.353354374919132,-0.361220576468004,-0.262771581436284,-0.383964495760424,0.0700230071480469,-0.403539009766205,-0.538597717794199,-0.292234528967766,-0.0688297125374322,-0.294517276036602,-0.276490737003962,-0.395612746491441,-0.0952573574233784,0.137196198195291,0.469819776480031,0.782075303214401,0.888413826674343,0.18808677895625,0.605778662189058,0.844482671206474,0.835726037867553,0.853385809491163,0.602145138280502,0.800394453362139,0.930946541328258,0.728129498216285,0.0979631616019688,-0.0505035848307873,-0.345018629005731,-0.305334130298243,0.0866218321958761,0.0085615210229863,0.130156236629499,-0.0701492238933064,-0.280512258518871,0.362572178424323,-0.26727886759646,-0.235728477869963,-0.0084364266413918,-0.0601608086901599,-0.203989708064664,-0.052716833740348,-0.201002508070876,-0.481254067737732,0.307544006225077,-0.0481027631473479,-0.0797064547781942,-0.130845889080611,-0.254363545345123,0.0588355171735556,0.370102458776483,-0.0234353041974082,-0.0639760909536716,-0.198902662699142,-0.347545357587029,0.309442535886803,0.0788909195535156,0.523774017712169,0.0299015953254597,0.112636640345175,0.220313553105222,0.086434024763541,-0.0190324257145219,0.335264426147323,0.140636475033309,0.0279118682187556,-0.316582241639617,-0.122832864505023,0.0685252761812347,-0.315229854614543,-0.069288974886817,-0.312626380443096,-0.365175607914296,-0.176291984268038,-0.183870259934981,-0.395459192619177,0.0761480948716727,-0.189120575817971,0.0211283855150562,-0.0769828090414233,-0.487888159106297,0.342488094747707,-0.500032415738287,-0.498926251715903,-0.31085159436704,-0.429784950581065,-0.117028304276913,-0.354325987816175,-0.0346698072535714,-0.352295574225262,-0.258124972044059,0.132215456402122,-0.259608253547237,-0.55811573941527,-0.339669793841648,-0.0428541632068133,-0.394586350821857,-0.450187518387896
