1,0.558718551603258,0.504961776593605,0.786812336904367,0.484462070680161,0.335942355552771,0.824285844414505,0.492154978678359,0.724595072777494,0.645232197899484,0.577954817336631,0.801615831618292,0.844190939587158,-0.228935555568708,-0.266063482027927,-0.270566462987115,-0.209464394709065,-0.262222950297076,-0.0507165525264668,-0.125223933064171,-0.252221680632365,-0.193758599396187,-0.0982191993842687,-0.120432998347666,-0.455521436286115,0.421616345521125,0.0859570922417438,-0.208430825135012,-0.0197346745556569,-0.0772245353548668,0.0045408608889113,-0.172753272537435,-0.0806783502068117,-0.27062648817937,-0.53485443868026,-0.106848070002839,-0.181390377631135,-0.058228351993606,-0.135528381020131,-0.157432246387835,-0.458419221431945,-0.201947038901799,-0.0512700551744239,-0.186060710074146,-0.28965935823537,-0.0255586089738188,-0.203252404456458,-0.0521452655191834,-0.461489249524188,-0.454448716644215,-0.307181248086482,-0.232977772598109,-0.346648505525551,-0.510625259248465,-0.468743451730234,-0.550268483352433,-0.450230705835031,-0.13155417151056,-0.364261549771247,-0.209045802895487,0.19829067564203,0.0240492898648134,-0.0774405687380509,-0.174846838461642,0.165537518456753,0.0546334222991553,-0.258489933368837,0.0906233027185988,-0.0195216470998336,0.1117622216048,0.0199391175077115,0.0279810427480281,0.140214792893182,-0.154800481131614,-0.24262787014245,-0.420717353761917,0.0397545875536527,-0.251831185954727,-0.133415486355531,-0.282050809102664,-0.414411900609354,0.28789712457206,0.314845531343902,0.422877382062175,0.636950404145106,0.762578450813409,0.440649450275963,0.185386342345123,0.250214169918867,0.74162956059959,0.682554292890263,0.628535595449221,0.623308064041874,0.599270634690037,0.401855348798107,-0.239381289626201,-0.194092069379633,-0.158735429098349,-0.305998332298048,-0.164209734179091,-0.222147457011924,-0.0983391949678142,-0.0973109844059633,0.0253340914091249,-0.0658616458037509,-0.246456228617778,-0.232849518420464,-0.0837133767126037,-0.201733111968027,-0.204471937601435,-0.0621426877606791,-0.327557033624519,-0.404072306806344,0.145589075263993,0.655262685981652,-0.0242271722941432,-0.216207287480028,0.0812107263387571,-0.248172732651709,-0.0057692825432594,-0.0817550763831109,-0.373566506792111,-0.0548093070282839,0.0267863007237733,0.130408133080555,-0.0343901821401483,0.361515029591227,-0.165625339500882,-0.254744929893198,-0.228043509385285,-0.201051234100322,-0.166522122452616,0.0487559980830918,-0.0945619406026681,0.0114652853379171,-0.234888285232489,-0.373169194696092,-0.0927676921190575,-0.0140129974753979,-0.231287983864933,0.0273854513264114,-0.0177637415430935,0.0468304765818464,-0.201317896029469,-0.165531325647382,-0.041576249820799,-0.286368344437213,-0.304660119180011,-0.0329395486134209,-0.179566796708777,0.151025133029132,0.0675212645193971,-0.128945992698703,0.179426226182609,0.160734074986378,-0.133470270843674,-0.22090642632012,0.0785187197390409,0.189391190398616,-0.0737852901110592,0.0324045801795087,0.151920354935735,-0.281800467225586,-0.130627955063997,-0.18851827094848,-0.165911250373662,-0.172689580450501
0.558718551603258,1,0.34497647598481,0.566608044579887,-0.0967620982536878,0.872960783795041,0.514991984775127,0.883004603531341,0.454085015034837,0.288522525955517,0.0704861465438189,0.541593791263225,0.543500437230645,-0.231144227174233,-0.20253411965495,-0.230961930339578,-0.224856589049853,-0.214918150183897,0.376348993794515,-0.0653203116341878,-0.172841424967611,-0.320904768205953,-0.239988551065225,-0.148223055175822,-0.249583747934686,0.133742798439142,-0.265973378044844,-0.312614587974735,-0.11045241134234,-0.204046646382465,0.0629513963693373,-0.310881926794724,-0.356592848789009,-0.114500806805979,-0.40158264587937,-0.071586048949983,-0.485344346643129,-0.361334483875646,-0.316448393434603,-0.407166962796262,-0.266122748382402,-0.22421979460464,-0.254782482740796,-0.221580627526993,-0.285782091513691,-0.435298491081989,-0.118683022850547,-0.387281639311364,-0.278123618447224,-0.353342006836663,-0.203775211432356,-0.34665471902571,-0.104294011936245,-0.17603186654071,-0.281852197959425,-0.278157167454847,-0.129494838764185,-0.44436609331361,-0.38798833323081,-0.311714608567572,0.0503536895925191,-0.0460557863781089,-0.0659424715412042,-0.364630526241588,-0.41951103213686,-0.039394797704925,-0.339753287488152,-0.0351812475799411,-0.0335385230888614,0.0841810466575128,0.03640706469175,0.0342480791332406,0.0890934344506154,-0.193136231272055,-0.052236680622253,-0.249478503490472,0.0505343869357681,-0.366817375835423,-0.220279213815986,-0.305747512252293,-0.48171352394702,-0.174578034073661,0.0506096610360991,-0.0997860319865341,0.889494405434196,0.294757383123876,0.36867967079119,0.812920027475911,-0.2508498888454,0.507233525929959,0.196036503574074,0.390965101964367,0.793398511912168,0.198178550308136,0.106657466346022,-0.0652122987456441,-0.185703852635813,-0.166400763442409,-0.459462907893822,-0.0970011531913628,0.0195311342259343,0.349066749085587,-0.30453025793362,-0.137786329383866,-0.243184867526923,-0.171431242994184,-0.191884625072254,-0.34174320952958,-0.271125664635889,-0.363921976468156,0.0373254124380818,-0.335985662282544,-0.271414862335265,-0.0260149864467279,0.244274573401527,0.217239743811131,-0.0624864561534072,0.0705315252575279,-0.200552402993707,-0.0515673313358293,-0.0992578678215794,-0.115311977267718,0.0255881819847852,-0.22462798365383,-0.186515217486121,-0.2655518506028,0.327429136479525,-0.403868911540916,-0.384201031361757,-0.188229527527708,-0.131687575378493,-0.229951410089983,-0.322487049121635,-0.0787486221353611,-0.106810059369031,-0.0043053389930764,-0.27032570341657,-0.0570485547737074,0.0084994969005072,0.17442966049346,0.246782075553831,0.0735680852806453,0.199515531020125,0.136391276639308,0.223237110862946,-0.393030823854435,-0.341484141536143,-0.30394182344938,-0.0517753960685667,0.0396261902617321,-0.267282567800607,-0.0167428677166882,0.0867326191108235,0.114527568673373,0.0563135378524248,-0.15920599208184,-0.0462151904742707,-0.0854403017738942,0.187177245415943,0.0212055391598184,-0.14660784767354,0.157944134596747,-0.124245292184868,0.0878256517473985,-0.357072317748537,-0.231931672443519,-0.172467156027385
0.504961776593605,0.34497647598481,1,0.363885266147069,0.229522732254164,0.0690623878952358,0.685045661414445,0.274413475094146,0.151702955846269,0.748627855550873,-0.0210336478323726,0.243711506898969,0.615885355716941,-0.0915134407664921,-0.0276205376137532,-0.0854554543753445,-0.194089981061064,-0.240549287836853,0.014662707780905,0.0208923311174104,-0.0616287694558678,0.0073556420689118,0.403176802609524,0.278025490691563,-0.103465412815889,0.76606501113135,0.405053035056785,0.306929152701769,0.3227696583172,0.307011594692235,0.5624749379836,-0.0358639834835457,0.267834690185791,0.0846417382150575,-0.105993201395583,0.285865604670292,-0.149769241124336,0.0546131203433217,-0.313566373999803,-0.166887043679408,-0.380312672581814,-0.154811791106326,-0.114017874103079,-0.331135501051234,-0.266003463596562,-0.1373372489427,-0.136624779252051,-0.159334284606817,-0.3169104343969,-0.153619178899556,0.240160596860553,-0.169119205124849,-0.0116372415767675,-0.278440666472134,-0.224632829370418,-0.296110421333842,-0.21308348723515,-0.230787606601536,-0.327870312876702,-0.300559536391566,-0.115223587058316,-0.141124190571715,-0.196293634537231,-0.146906890610019,-0.0415882125619588,-0.181231090756194,-0.192367432196649,-0.360931640444518,-0.197340763575584,-0.0496009574332936,-0.102928290429783,-0.294038995298718,-0.175694682202857,-0.496400848429197,-0.405224061719528,-0.088483477253816,-0.0826968710470482,-0.308884477559784,-0.235223492109656,-0.388687175524902,-0.39959844344853,0.191770922521683,0.446609974437886,0.205739639270971,0.482891829323534,0.367203473117424,0.872108790874911,0.0760226909206713,0.0174919586173958,0.2272564515511,0.163861867234476,0.886626420600837,0.273105134605473,-0.0071574096274757,0.710805895877285,0.0325749181801019,-0.0200431347725673,-0.140417682527804,-0.211753432999661,-0.254116744364299,-0.18972658929658,-0.0568828763364515,-0.340211780697571,0.395404853277515,0.0481557170614997,-0.109689041299284,-0.0352632331642291,-0.0084043158202549,0.172902560384333,0.362875929922453,0.226359739689564,-0.05242330249892,0.0724346280401368,0.804981181473979,0.61149734470285,0.586957300895362,0.31309641580931,0.602724264219246,0.370598579270186,0.555141160146829,0.36788073441952,-0.0327099345883729,0.269822439589168,-0.212059161547065,-0.0824651598899021,-0.0568480770168114,0.20162418860373,-0.0706789849634482,-0.118970816467024,-0.245129756919467,-0.232382557300187,-0.283907595819142,-0.109035371234883,-0.226413268546405,-0.2462482513763,-0.245359622226997,0.022310544357055,-0.387517078904364,0.16452672429901,-0.296478003500005,-0.158791382699455,0.15424131521018,-0.31652325644399,-0.234131169351635,-0.217832226815969,-0.263484616215665,-0.459857053235443,-0.0725961451546453,-0.461157256055606,-0.41729557894185,0.178508875999874,-0.211428044293401,-0.456104834537049,-0.219278525951527,-0.258245115389264,-0.192980897569923,-0.409535510035259,-0.223991981966369,-0.149067318370226,-0.479740286365624,-0.257144646945591,-0.267586744186074,-0.169035019982434,-0.185231724470726,-0.299273427269904,-0.32210659141423,-0.185838379109741
0.786812336904367,0.566608044579887,0.363885266147069,1,0.312734310096999,0.401251344994749,0.667110041284638,0.499077463686839,0.853576939351706,0.48229281819226,0.58740256559904,0.882218041385676,0.741167123618468,-0.176514660860792,-0.255783800956104,-0.309451701785689,-0.147019636915803,-0.188151199764622,-0.130383682326966,-0.186494314472511,-0.277503020804939,-0.306654952263892,-0.181881300778682,-0.289082730286478,-0.389773156742103,0.249502356056663,0.172619389909144,-0.21517428497917,-0.0870860450217107,-0.235486945916258,-0.0444770759301139,-0.118528998945824,-0.138206565505688,-0.28142652013048,-0.488810719058323,-0.0947003105144259,-0.0641651460243032,-0.0005721920465185,-0.0315331411482239,-0.126656905250506,-0.434041780370323,-0.217874956389876,0.0145972219307556,-0.173771657128704,-0.350654044210144,0.0068657668518847,-0.273339747950876,-0.114738769927593,-0.456780093983039,-0.434139386207428,-0.265602612465396,-0.17620369105659,-0.297506400030487,-0.475233402225961,-0.281170388871653,-0.49756590285125,-0.391363395432619,-0.0794078020208614,-0.356111035852267,-0.236203169642091,0.0935151338041788,-0.0595062742076632,-0.159141956261841,-0.18637850063731,0.0566923439376466,-0.0164857822860698,-0.350523997154709,0.0096342578254241,-0.186106368175146,0.151811747414489,0.0795903172760092,-0.11206557592845,-0.0314262093137927,-0.271901569941691,-0.280319254598762,-0.424120548035945,-0.0467972792768476,-0.241394133095938,-0.205784368649037,-0.315476505269973,-0.437950929158785,0.259350111530399,0.0924075896676023,0.306311920173264,0.692556593967537,0.831606266912159,0.303853282667469,0.416869111985922,0.197853788859993,0.834427860429214,0.65407457547987,0.457200090265422,0.739510899576977,0.680764658441919,0.33971103664779,-0.2374698078326,-0.256287855079597,-0.29697805619137,-0.277834370907705,-0.100708239631819,-0.307864688302003,-0.162713591169646,-0.11808346687606,-0.258247674737809,-0.0610215431842701,-0.343049076398835,-0.286867659284365,-0.254440350995896,-0.236719551302881,-0.316917270167277,-0.1656612081007,-0.255700108889343,-0.372821621466337,0.0481514259058582,0.546237771994088,-0.0365281936102293,-0.109604520293223,-0.075643111643764,-0.223917611991587,-0.0497693352008346,-0.0650079815713803,-0.24615619939001,0.0649190910573647,0.0211212854434418,0.11022083507003,0.0562984103254746,0.321042502795471,-0.0512502488193895,-0.127046151514055,-0.192017740464264,-0.124886122400075,-0.211851416486455,0.0515469217384972,-0.171456168393048,0.0891687972909988,-0.187531667740648,-0.327253322179146,-0.0968566813011393,0.0106750138700492,-0.161666074943399,0.170062745193531,0.107960422510289,0.0833398232383029,-0.0666630661463588,-0.0863501889446395,-0.0349697405671587,-0.26491837080555,-0.42518801986568,-0.0866584562216255,-0.167930236768552,0.211225261516524,-0.030231993032579,-0.170589983274591,0.0563526615723951,0.0008429333723797,-0.186028797665865,-0.200258683722247,-0.037665501749604,0.144627559807897,-0.0915454952444455,0.0565175452766982,-0.0051911372404403,-0.206652238471022,-0.124010235473524,-0.126448149602113,-0.203792639472087,-0.0663888854418647
0.484462070680161,-0.0967620982536878,0.229522732254164,0.312734310096999,1,-0.183809082277173,0.453662281366267,-0.0945884560684232,0.385485741008528,0.413761982800501,0.578976580159452,0.373587009164977,0.506227353504534,-0.171230930778513,0.046894055668643,0.0530289632274362,-0.253903882097818,-0.119755204465889,-0.21634322394949,-0.0171041474835071,-0.157018418646718,0.21455361803675,-0.0388197495315556,-0.135038305404301,0.0540995974321544,0.394199855455781,0.124381988807768,0.200837482084108,-0.126114611760425,-0.062589366260121,0.0260116169848113,0.185963253010394,0.0018151725479278,-0.249504633829122,-0.298412399947847,0.0695721836862518,0.0088135039279988,-0.0783643504004653,-0.219754363574647,-0.0309395867081755,-0.284207484826185,-0.174553698692127,-0.0865832762417766,-0.375940666211993,-0.363416874770418,0.151928241999928,-0.286991724130674,0.0972934286778894,-0.22517855496323,0.0204933290503953,-0.0595269288912981,-0.125413221582063,-0.362714658163335,-0.235408728224904,-0.295137517298302,-0.290708703766944,-0.372314451333214,0.235632493648492,-0.0619410192872704,-0.0562275822802869,-0.0257272900305952,0.0448711485141635,-0.109873553027103,0.0372542101277505,0.302085679824746,-0.0217652289771675,0.15990914732607,-0.0382477173061001,0.18887390565388,-0.0718051188410344,-0.136997373263355,0.107808774354183,0.0231525488646702,-0.0494332972787786,-0.357588068945287,-0.0116041738792053,-0.149204780949853,0.281758533224223,0.12046430602841,-0.0201767071083158,-0.0118383054516534,0.564460737443974,0.383258826428622,0.672779929432497,0.0673635689391978,0.456045544386042,0.25272666138295,-0.293681854775227,0.695750866645472,0.286493073185323,0.529083436245311,0.362248254387479,0.0700368960500925,0.447941169347174,0.437030730611064,-0.0734168882285393,0.0498197212725407,0.007119973908676,-0.05512580704181,-0.188895613599608,-0.215886567566079,-0.319454295937018,0.148839830371803,0.0918455044641537,0.1701811473494,-0.15780578874011,0.162201830650633,0.106726485701967,0.0913136357936872,0.204815901205007,-0.183803508999816,0.188631429390692,0.167683043778612,0.179146851168737,0.40893834375393,-0.3053296439186,-0.187156994427785,-0.0196109986120806,-0.0994475421989281,0.0919863313083712,-0.21981090011319,-0.289647569478266,-0.23887492577216,0.171101304695818,0.197761541661563,-0.168070049267337,0.0999857356253281,-0.0520821022851078,-0.226399784706417,-0.154809500158306,-0.293850783026572,-0.241241558889024,0.120941955179889,-0.343499692283057,-0.0220523609885178,-0.162319097764182,0.0890901313130483,-0.197831684434663,0.0919463867288671,-0.325554228244513,-0.266788054033711,-0.0605443926339918,-0.358144240294001,-0.360083464199565,-0.13301044715198,0.207851867552136,-0.0676775875713759,0.01883051617411,-0.072861903282129,-0.337017015493464,0.362693600190573,0.0591178420951415,-0.113606959888021,-0.0654464885858696,0.118600799137319,0.0401702613743988,-0.244119068804599,-0.0716859893194115,-0.172297584216973,0.0320642113183885,0.213457827754613,0.0974737447606563,-0.0170548968677879,-0.0738421107531775,0.302135604846674,0.155588696143696,0.100979866353736
0.335942355552771,0.872960783795041,0.0690623878952358,0.401251344994749,-0.183809082277173,1,0.275623959238903,0.857466346418718,0.363997924826728,0.0477335814784764,-0.0320526804187174,0.396273266843191,0.30489339684611,-0.148279231975441,-0.156797220361165,-0.204673423779951,-0.136804557515984,-0.187093479840876,0.374722383133189,-0.0194184988543087,-0.132359775783217,-0.216405401140585,-0.327285709710209,-0.151672799191271,-0.147359258902419,-0.008253365180276,-0.314992053830381,-0.338722471753305,-0.0855273655179123,-0.278660603381625,-0.0161162232078673,-0.308005607077905,-0.392381349502464,-0.030621438555111,-0.305940920070879,-0.065442922306093,-0.498548760981033,-0.329435216669183,-0.248294675061321,-0.369636328301195,-0.191875495935424,-0.173549798765927,-0.138116030557019,-0.183414482721234,-0.214206701153971,-0.43962227739053,-0.0521849932181341,-0.421130920399057,-0.168797820239436,-0.24751626197479,-0.157911914298053,-0.358272795909261,-0.115974977850874,-0.143393002874766,-0.151726616533715,-0.122198122635914,-0.0744988253586954,-0.456494851687267,-0.355675686349535,-0.234432619884414,0.0783990059148234,0.0394582592028708,-0.0097657023282168,-0.24780040586348,-0.419902056964575,-0.0324097369103695,-0.351194244224335,-0.0272656924431141,-0.0335106130868155,0.150313868974591,0.105077956243066,0.0426863466722366,0.109736302953224,-0.136417018733628,-0.0066361199813183,-0.16382722751506,0.103628001887977,-0.347222306475667,-0.161312858961443,-0.268489084249873,-0.432809493059623,-0.297848216026215,-0.070680526536783,-0.237669638867487,0.763097633800198,0.111877322259015,0.145075045547869,0.885360692560684,-0.311726456047538,0.395734466670458,0.0637790084874573,0.123090365587861,0.717827151909738,0.0777279103903484,-0.0954420371613773,-0.0571775704842059,-0.158037710219612,-0.155785713598748,-0.438239379082008,-0.0476578944724446,0.0686414789097525,0.380612978281762,-0.299687896876395,-0.226878185369736,-0.19798305976692,-0.173765027802572,-0.0905481536488584,-0.368482599855378,-0.1834677198213,-0.359248328373555,0.0537327526689,-0.239831572692631,-0.201090446824973,-0.190032468997174,0.0071997734533628,0.132740975898418,-0.100817112819142,-0.0753751669977855,-0.259354302457621,-0.159495844990871,-0.139062876066117,-0.0920182216139578,-0.0243218740355189,-0.156421305867372,-0.256405160023695,-0.284428108720598,0.266036214653566,-0.35173404116089,-0.352711218351296,-0.151039589534352,-0.0945016554411105,-0.170275039108994,-0.370387162074775,-0.0398468073584177,-0.152916377310792,0.0242101812989276,-0.217683677033074,-0.0454883740856222,0.0224027412788892,0.203190529165937,0.224973693640719,0.0618915719469609,0.167052203412117,0.144775484826345,0.196204283998499,-0.401287567777796,-0.297767824938979,-0.226567984652221,-0.0377162877878154,0.0452951478344624,-0.366570088340669,-0.0932138646295081,0.100895868323072,0.119631019482114,0.0197919358020374,-0.0847491434392644,-0.108261356046836,-0.0581040512803297,0.150528662564271,0.0576940968008785,-0.231880807428532,0.148767157192424,-0.111009810410922,0.0846759264140741,-0.356907069784405,-0.18897995374493,-0.169397321295969
0.824285844414505,0.514991984775127,0.685045661414445,0.667110041284638,0.453662281366267,0.275623959238903,1,0.422056187570153,0.562384462472075,0.663908686478194,0.457615149586774,0.634473391994857,0.769625365298508,-0.0950253513744201,-0.0232450713168961,-0.166398501538403,-0.144653320132145,-0.167801477065784,-0.0445625171387038,0.0380768939052576,-0.304065424302641,-0.0857535685570897,0.0253104251628379,0.0603468893414526,-0.425417645084692,0.46667674836984,0.070786369298961,-0.175647832409289,-0.0018514177289263,0.0562007598779956,0.198472877506801,-0.339374196777816,0.0263389310653612,-0.130688415713905,-0.471580085825934,-0.0615433756134876,-0.075711601488909,-0.113746489069351,-0.285932728193204,-0.129632328665355,-0.35440597331434,-0.205899539356621,-0.0625597288089345,-0.322971897409169,-0.359151973922981,-0.199810643566096,-0.154305006250071,-0.0993589495402511,-0.400767492494498,-0.409148979978669,-0.182842118050512,-0.26978350670821,-0.234863340662834,-0.396392686932551,-0.401286248958289,-0.472953796144894,-0.404414773054285,-0.218938835863136,-0.41908191672277,-0.328219531478457,0.0787875265524222,-0.0275820498467296,-0.155654647285057,-0.0886917726380125,0.0092990538516729,-0.113599183721327,-0.264183885438507,0.077124891875244,-0.0647474880200989,0.0097221219173009,0.002783449795397,-0.0394014782827868,0.0455343810533513,-0.248928870155759,-0.185348955200325,-0.239913035761781,0.0823804820629899,-0.321734422232252,-0.174307635410789,-0.408958875535875,-0.512478060648754,0.104094436386126,0.273801788169485,0.309226782216146,0.607497684542323,0.628413267946061,0.657183894870832,0.1556461131972,0.262357571144203,0.594181879135341,0.566337726506359,0.726652761004947,0.492101063834636,0.497375579693729,0.499198546234147,-0.0614651544821051,-0.0363187523304252,-0.20206968265809,-0.240112500579365,-0.177832901398538,-0.20512902607766,-0.111140416050648,-0.222546728888618,0.169291129755101,0.0909810714311564,-0.350099958303432,-0.169282766518791,0.0562181731406085,-0.122125297948221,-0.0138045008848632,0.145748058062565,-0.171431510838907,-0.244390732003359,0.331717452982039,0.78173320405682,0.196549797113604,-0.0666363770931731,0.28420282436833,-0.0295781339532751,0.204929772742326,0.0399225762797301,-0.219273308837888,0.0529370449818167,-0.15351229491494,-0.0256884407804526,-0.107452260001761,0.485443290694502,-0.122393020482105,-0.26195012804868,-0.160941367671381,-0.191864029245559,-0.242328003692546,-0.123922214165675,-0.139867317945302,-0.129483576649541,-0.107452983956674,-0.199910210003111,-0.0257045117645644,0.230539251172066,-0.0394763047375487,0.0381404654866434,0.0593940851087046,-0.0437496783300809,-0.0563232489517753,-0.101616539076533,-0.108126775913209,-0.358115762516202,-0.234460219851827,-0.0893584446161531,-0.13176129855845,0.0650152112167378,-0.0788962036268518,-0.100076762528772,-0.0246973722469497,0.0802703879598387,-0.330714126035234,-0.323414464127412,-0.0740849114166646,0.129996286834698,-0.10494475926775,-0.0511376037894099,0.0933506992375646,-0.111424736297727,0.0166186485014012,-0.288468731653155,-0.245032566367504,-0.266173029599855
0.492154978678359,0.883004603531341,0.274413475094146,0.499077463686839,-0.0945884560684232,0.857466346418718,0.422056187570153,1,0.399916283876729,0.354029276452621,0.0568520882102012,0.477486444063495,0.532537859265592,-0.226614951519535,-0.222992551842607,-0.176983490654674,-0.166950014609463,-0.222467424994971,0.374957454656217,-0.0836443460474797,0.0109967978431811,-0.171892392578477,-0.266508701632068,0.0426580671478372,-0.0766826706168716,0.0787412028601919,-0.209203527297311,-0.341844378834048,-0.107711151786315,-0.282109659566759,-0.0113343876875849,-0.226178527952144,-0.219774233935118,-0.251178892746653,-0.388006695334065,-0.205866558614825,-0.534204818724388,-0.301308072719308,-0.331819962614933,-0.305602221565056,-0.336647452764314,-0.174233279215262,-0.263523977727121,-0.179503546788557,-0.24264627719702,-0.249258550657564,-0.105414355173625,-0.427248737738255,-0.358319490913775,-0.450222805556045,-0.294784832334799,-0.308873394558219,-0.231029736779466,-0.320849406193056,-0.288884314141467,-0.408303103813693,-0.343071079751729,-0.435344903907264,-0.402258164258253,-0.108804496709544,0.0071498219270822,-0.140432737116877,-0.219838462563021,-0.450280204321154,-0.48815383360557,-0.152933821052965,-0.354311043377175,-0.11516854693662,-0.118665050443798,-0.015437857759274,-0.0975479952624277,0.0021188606547351,0.0980928729868189,-0.17331779958043,-0.133571556919193,-0.263983210081211,-0.0518879274473449,-0.348924988444876,-0.28908873435276,-0.347815145010832,-0.518654177993981,-0.0354296735061206,0.10073891333997,0.0094736310020197,0.800921870067894,0.125535395830335,0.284781100834901,0.841283563382344,-0.143336473769581,0.349866469546245,0.156777867021427,0.393243956291581,0.77033466383263,0.104266639633686,0.182349783500117,-0.0826019472554481,-0.244404073093611,-0.134027192852451,-0.490303654118678,-0.0324260761863445,0.0407758151493536,0.318746687532768,-0.168979722609131,-0.191592156589922,-0.10531608650441,-0.002415976977169,-0.159608455831023,-0.319763624277941,-0.132014487135106,-0.249743758878328,0.233179946014072,-0.253456202111926,-0.170024678804011,-0.054679890318325,0.223368858664726,0.239639375275091,-0.0618417280778184,-0.0114149206833157,-0.21960505489791,-0.0343227981251561,-0.0002394568517815,-0.0960390152349011,0.0503005981108048,-0.167501918129091,-0.155637594297684,-0.188935097792417,0.325181366646541,-0.247308365885938,-0.286882611240747,-0.148730424627581,-0.0916634826113051,-0.0944165955104752,-0.142524379212958,-0.0526634964297715,0.0060332753537288,-0.0413018632410486,-0.23829948453647,-0.0542786095461295,0.0350556294565491,0.102028127538251,0.263085612525067,0.116750549384419,0.1938096942906,0.148233606580972,0.161322394018521,-0.368202351498089,-0.307067915511551,-0.204599024598468,-0.0194105845673717,-0.027634025051687,-0.0794836075984003,-0.0691395949736933,0.0778756832461508,0.124037215227381,0.0349479996329785,-0.201752805406093,-0.0957543748039874,-0.152202743305972,0.122813955497117,0.0293820044115129,-0.0770840856791708,0.181501845042422,-0.0386903368250077,0.0645136521921819,-0.27985080423754,-0.242152370301375,-0.0705789706140475
0.724595072777494,0.454085015034837,0.151702955846269,0.853576939351706,0.385485741008528,0.363997924826728,0.562384462472075,0.399916283876729,1,0.307637465131455,0.729397893184014,0.921193301121457,0.648357398381396,-0.224562212142946,-0.298715757246296,-0.26828276553677,-0.114797439992074,-0.114138111278751,-0.180728883556353,-0.0336314227822008,-0.281351009177333,-0.281209406646154,-0.222897317621348,-0.34014674481435,-0.378862078737379,0.192367820716179,0.0239261444798202,-0.203908756889965,-0.10214351457363,-0.289268466756896,-0.118935466617739,-0.0780232013244452,-0.237178332204603,-0.251930767230069,-0.45181073817341,-0.0224968799893779,-0.0778537652509587,-0.0271713751965481,-0.0091924937249465,-0.127963598699467,-0.305811982318705,-0.139973052585885,-0.0236533881311001,-0.115798726427364,-0.223716186465493,0.0143963092676954,-0.185449004009855,-0.0419053136185533,-0.36940939442598,-0.296692036519573,-0.233058928105722,-0.243747948680263,-0.3235489408524,-0.430711964968611,-0.208325400657973,-0.352983488471593,-0.346836161901428,0.042265388458125,-0.251277457168673,-0.0780691754414383,0.058847368201906,0.0090133747722709,-0.08366390155232,-0.179281796602921,0.110439380196867,-0.0043738538109385,-0.287267954757316,0.0383135790011224,-0.0415322567611086,0.154129291991906,0.0836950246429529,-0.0316003792630315,0.0143365760020498,-0.118646468662189,-0.172764967135213,-0.324410869526767,-0.0339002788700096,-0.0810802822441491,-0.0792339670966184,-0.238374422063589,-0.323751127306333,0.276299076462484,0.0376884737004521,0.360810547307092,0.595778300155582,0.792726088853377,0.106820211566735,0.343736355990996,0.36151468024298,0.924807378012302,0.867901960384584,0.267932753563421,0.657069957282586,0.841031981660255,0.177937146510459,-0.33103816089144,-0.343304998462876,-0.256093580008868,-0.199605463282788,-0.043421987286629,-0.271495220283499,-0.154249991189633,-0.0305536753942976,-0.325604218968139,0.0274637706179402,-0.289764694651507,-0.30137076911161,-0.16829875747508,-0.311820331347473,-0.399967286127358,-0.227267332638948,-0.304889856871524,-0.387798750799888,-0.0925792122865421,0.485788387930002,-0.186200204373107,-0.189203156165569,-0.17238269721012,-0.320915936932253,-0.144010115092633,-0.221434783920563,-0.296672284387775,-0.0112439729723125,0.0773032918236561,0.051657225382272,0.0513517817378129,0.384315225395277,-0.0679494424940758,-0.145292816359019,-0.144070269636452,-0.092050578372727,-0.0951769598250568,0.0063647638595554,-0.0667304647045566,0.0340929603289509,-0.155299283729636,-0.249994242658879,-0.110610932415673,-0.0242419690427719,-0.204948367182294,0.102558903704268,0.145954993049658,0.0400986279168353,-0.0971995387586029,-0.127886335896082,0.0575408757789904,-0.199890384451459,-0.271447497264769,0.0380378775899447,-0.115670462643871,0.129547023168098,-0.0379041493581866,-0.159293480108994,0.0568193502960189,-0.0001009936895456,-0.112353002992441,-0.203605622067558,0.0112678990226678,0.107554294915715,-0.0187737233585332,0.11535805786644,0.0763802156214076,-0.178734730928594,-0.100148988511247,0.0281475469726143,-0.0848906271887057,-0.037132686049321
0.645232197899484,0.288522525955517,0.748627855550873,0.48229281819226,0.413761982800501,0.0477335814784764,0.663908686478194,0.354029276452621,0.307637465131455,1,0.326585868567078,0.399625811821264,0.806667694235039,-0.139139375554855,-0.0365712931178654,-0.0493275754081808,-0.153656219104964,-0.163968020929925,-0.117098720491507,-0.0104657042012146,0.0242974101437484,0.140413094615364,0.215227503107925,0.272812174556234,-0.118304373003838,0.691057236354657,0.480418961783585,0.227313027401994,0.13461922159128,-0.002038909041449,0.407461875384046,0.167624510927656,0.352366194915721,-0.233526548355957,-0.277261864019052,0.121382727547997,-0.200001993997943,0.147108601947675,-0.327490852239434,0.0235974990930224,-0.43567136848258,-0.0555077863419347,-0.137218400959808,-0.297503826865364,-0.30261965008598,0.20960804971998,-0.200831078449172,-0.153691871653641,-0.533920350269535,-0.317011434159981,-0.0364472827090146,-0.200596573046262,-0.334955260365734,-0.543753311469486,-0.30995017186579,-0.594955449555969,-0.512177094457136,-0.0153356565021128,-0.297263299162438,0.0244274754343679,-0.197668043794519,-0.321058866388005,-0.490976942212677,-0.389788466501388,0.0489967896662394,-0.332110826217611,-0.261100914557158,-0.313240212787129,-0.302289340196367,-0.269338691955786,-0.346150947789019,-0.336715668574904,-0.205847589062021,-0.470234551211591,-0.527305266167265,-0.34296019581745,-0.289502567634553,-0.128849901563457,-0.344584653750577,-0.42590516510325,-0.414209000345974,0.595212352435753,0.572609718747513,0.618939348514151,0.42648815139374,0.396696441658783,0.64098461455256,0.0757162502376728,0.281333656675855,0.243406823496448,0.32369006677037,0.88414142727009,0.354543149720133,0.162462137500106,0.879231501202521,-0.0568693365676628,-0.0990054705075691,-0.0588196160065912,-0.146522677120024,-0.159703282212819,-0.202241319963237,-0.199323548395816,-0.103402238694469,0.102689027782879,0.248577222084642,-0.0341232835590679,-0.0515520249497616,0.026185185317955,0.206578189142013,0.248719991673473,0.183610541102235,-0.0513386599862596,-0.058278361523567,0.59815180678886,0.5745816430172,0.304182911720813,0.229987991726877,0.257018552347398,0.259049770309735,0.545634089042587,0.375089517599932,-0.0368074285020686,0.337533584672605,-0.128217586795793,-0.0925458678399685,0.109090318319484,0.388761937393962,0.0909860274482474,-0.0894759588919257,-0.0959490475070326,-0.115562282558015,-0.123190459037283,0.254748330219824,-0.196975570306452,0.057116279851359,-0.174155464125346,0.0602357975895121,-0.299163657999796,0.233217001374961,-0.305608655198012,0.0210443642961989,0.304837369834011,-0.226004821921399,-0.166023991260103,-0.164064355140702,0.0198934080366382,-0.288050852946764,0.0553385284350307,-0.295432225741405,-0.349637011702471,0.560961064498226,-0.207662080488021,-0.374109231698539,-0.185404004615252,-0.115193714035517,-0.317717023099499,-0.382417800999104,-0.272332832207466,-0.117285706192393,-0.340071365439375,-0.013320209663973,-0.1406834056409,-0.0150545805472858,-0.0892167954029166,-0.0576231356730386,-0.294051089931867,-0.0277214585781529
0.577954817336631,0.0704861465438189,-0.0210336478323726,0.58740256559904,0.578976580159452,-0.0320526804187174,0.457615149586774,0.0568520882102012,0.729397893184014,0.326585868567078,1,0.721945169615987,0.526134390066705,-0.262123121332066,-0.161014392640693,-0.19409182066622,-0.136785375915303,-0.0198977069058836,-0.425713562472974,-0.0929336065664847,-0.248167338908614,-0.117545071937638,-0.108495001038542,-0.303480094909941,-0.349100484302198,0.155320306493653,0.103360927388576,-0.0404817639238255,-0.176031644578682,-0.234677699698192,-0.12250298872894,0.138180853108715,-0.0725151262551435,-0.345444995620981,-0.353833874587047,-0.0183369945684385,0.0632224264984957,0.0682459135390547,0.0934476585856298,0.101014685525377,-0.169436302559285,-0.0671799155536135,0.0530371853251727,-0.0549427630380563,-0.209651363764575,0.294540241324166,-0.257172742097484,0.110262738799906,-0.258185732452529,-0.105953119698888,-0.187106351223106,-0.053342054300865,-0.413550360158215,-0.271205129652106,-0.157160370722083,-0.336391656604487,-0.341659571551178,0.50633779343298,0.12747362330202,0.121440386504217,0.0066776338593296,-0.0953122522823011,-0.146786372443659,-0.124812742317576,0.405031477197283,0.0273581624336766,-0.0988425419971685,0.160617240250961,-0.0515803187796091,-0.112085904112724,-0.113804906058605,0.0251581262771231,-0.034667798282521,0.0563359735595284,-0.159158427899381,-0.333249526145404,-0.17433638608863,0.203672556971722,0.0157324691515393,0.0461643253130736,0.0552512045713153,0.460440496374619,0.0600712656579727,0.566246967410957,0.16539319672721,0.615855505101826,-0.0770659880388731,-0.0833687161417309,0.523909071245976,0.610186150105109,0.797627475344047,0.163977059371332,0.289636946278632,0.854815769519944,0.227175372082055,-0.328835457306374,-0.243505312973159,-0.180783513101483,-0.0327264790586322,-0.127769758365777,-0.396147471590446,-0.423748161111333,0.184448220093634,-0.261110409054659,0.131299257076391,-0.297812198095806,-0.213452387163755,0.111349935581361,-0.261447804158797,-0.212771662821373,-0.321253445230509,-0.20048955744292,-0.359374252089493,-0.0960840335621732,0.47669475825696,-0.413292040441745,-0.153823968478477,-0.241615947613131,-0.166051808592225,-0.0283410971528807,-0.240453777155282,-0.23938738763287,-0.0312087517596828,0.300397312973565,0.241656135322182,0.13010010506471,0.403189191831845,0.0420442867059599,-0.174993844444184,0.0247468047197557,-0.0655051131309175,-0.0203440643488576,0.28252194794388,-0.0841243804212083,0.2959767471753,0.0591577425171953,-0.107211508336219,0.0501630443190207,0.0153001026855765,-0.0892355426522712,0.102289228693731,0.118794574147854,0.0595816723881796,-0.0513340487128628,-0.108478579908859,0.53289228150229,0.183111274622111,-0.0614271338013333,0.232071259693142,0.0152722688940102,0.297971705859608,0.062914423895509,-0.0743346974258429,0.0599275306386293,0.0419986900787489,-0.137391604387563,0.0043547564628891,0.129891983356815,0.0408382586063417,0.133725259341062,0.286248973067055,0.0837011505393874,-0.0848706417271053,-0.0981995080306411,0.273665756398228,0.0490562405692321,0.0530985790200361
0.801615831618292,0.541593791263225,0.243711506898969,0.882218041385676,0.373587009164977,0.396273266843191,0.634473391994857,0.477486444063495,0.921193301121457,0.399625811821264,0.721945169615987,1,0.78255684217656,-0.284544988064366,-0.356013665658659,-0.381039783857345,-0.266266872990989,-0.209804231079586,-0.181261205623114,-0.218571849258453,-0.363257009949658,-0.354957459983353,-0.148361479855178,-0.344972211323816,-0.413487258105118,0.264550138564346,0.0315221371809839,-0.162967929124988,-0.0281260713171667,-0.182988232563743,-0.105481029194656,-0.116902006188404,-0.231563861097697,-0.28868063689164,-0.515359521867358,-0.0085043186384631,-0.191066829137907,-0.060529180738753,-0.135337503759046,-0.198762544124777,-0.454975118896375,-0.245835601932018,-0.0498008628485076,-0.219652668654041,-0.333349010282596,-0.0676133145946813,-0.338845852192366,-0.0409273068848711,-0.358207556333504,-0.257364596603055,-0.201893812073879,-0.189234470592348,-0.290725721985226,-0.42711795263857,-0.278621417226588,-0.398120776589365,-0.322282862862855,0.0778976996738966,-0.189096052847215,-0.0682460738971632,0.174147679143517,0.0794088754117598,-0.010454633164734,-0.18951783178623,0.0842866570443905,0.108505994300934,-0.205195540642361,0.0801647666866054,0.0114477652328938,0.178402555827012,0.0976887436137086,0.0669548603944936,0.0752936160823105,-0.0966959666529736,-0.180850858518939,-0.309052878210696,0.0122150643922629,-0.0823483195352852,-0.0061089135615199,-0.136697158426605,-0.311241467341083,0.262899242513454,0.0931866239701985,0.373882326649841,0.6263905527129,0.78655998113511,0.175673699212477,0.337012564133266,0.210786064351503,0.885855915708241,0.812179614420601,0.365774723134471,0.750624140155894,0.809605261446874,0.224846073088222,-0.391491874824677,-0.326851425164593,-0.329379020194062,-0.306270111428765,-0.21181193607528,-0.349855121153263,-0.203809913500414,-0.162643507040233,-0.220412248097518,-0.119344130489598,-0.382636321676635,-0.253809790807104,-0.146701161205005,-0.359106400368531,-0.358420861050092,-0.249932180795769,-0.398838906067448,-0.436911337548931,-0.0391872983694358,0.516926570955517,-0.165097667505038,-0.212281803462222,-0.0927566430342185,-0.316416768185016,-0.142716481606457,-0.24620146429676,-0.379237530944846,-0.0573158033889846,0.0972088277483072,0.146981114992866,-0.0576884877855345,0.332936382384566,-0.170943047617687,-0.266279777276409,-0.315145527178019,-0.242244593672551,-0.239369353765471,-0.0385399334312734,-0.211190007355173,0.0238663673774185,-0.158580140080981,-0.295529479697249,-0.150487809949909,-0.0109995776007516,-0.197715057921079,0.109373415585867,0.109732583242151,0.031095297572775,-0.153632801131664,-0.116425024714727,0.096325366561324,-0.159482363236029,-0.327463112876865,0.0160628249054264,-0.118124479266969,0.104322019430043,0.0780535996551725,-0.0812614007587518,0.146073327266966,0.107841260803236,-0.119975023283532,-0.137044480507257,0.0626900842690336,0.0979054879636196,-0.0159342958659583,0.0913075064899652,0.083068338407647,-0.260544011255738,-0.0890449851525266,-0.0309674401762162,-0.0539436075718052,-0.132125250401887
