1,0.605749749198606,0.36096858407613,0.7696905357931,0.715972801661284,0.518313891419212,0.244066422400783,0.0182582743888771,0.813761298559324,0.172275508970466,0.774364041801755,0.729297162462344,0.680863981418012,-0.0177299027290151,-0.119751993708496,0.0142660483862246,0.0888270236528256,-0.0925294927664043,-0.0295297651970434,0.238950691140899,0.0216090689193802,-0.1149103444925,0.13858199286385,0.0914496969583068,-0.0740977339828702,0.463142250613385,-0.112223410421629,0.403194922912379,0.318205766904306,0.109409786878526,-0.0238857626203196,0.319417110128814,0.426826812055001,0.320037467422893,0.211578938130994,0.215559633096203,0.165110362096798,0.258951541355289,0.31175222645373,0.324985437648716,0.163836712719641,0.255417421737638,0.129086113215689,0.0078427470845031,0.0664208381977826,0.280778327510401,0.175610720821319,-0.141994643800296,-0.432691374617434,-0.523518745198296,-0.0435370040536944,0.0061258321683179,-0.415268700954421,-0.400252930524676,-0.121200283018662,-0.275926979248183,-0.262405955473997,0.3114050388138,-0.286879372469166,0.300268902613186,-0.403132255085637,-0.379214182361943,-0.427019542751166,-0.49879512282498,-0.171713652547329,0.001074358645856,-0.483932620395572,-0.234624315413573,-0.11466497206024,-0.237703979905454,-0.215669452441615,0.015697939213922,-0.281233465508793,0.0367397250119867,-0.271901160812176,-0.339121029334856,-0.173388949630554,0.6682615569727,-0.287441281502277,-0.39594071348385,-0.395337046297499,0.314827627380022,0.414692389232536,0.659977792693412,0.620778196562136,0.68392314899592,0.214186971091128,0.465029662109615,0.590120773056421,0.738644621500422,0.777270923090889,0.341403816327072,0.736093484912241,0.554762201079292,-0.0966726536650992,-0.277507783086379,-0.0175244187193099,-0.203579584571144,-0.0089551573162308,0.0316440627056159,-0.0031745960258838,-0.0138175596236626,-0.394073322407786,0.480680314257711,-0.0495427889911697,-0.290618951301848,0.139548944252857,0.003967922755796,0.0398075639167202,0.0238956379457035,-0.153128611674158,0.0436813751786115,0.377737011563908,-0.151530564499392,-0.170044047129872,-0.255420605792112,-0.256969702037793,-0.131602341335912,0.299982982724049,0.185043202480755,-0.119021390514111,0.0856381622939044,0.004064328834847,0.133845090533996,0.514992021902456,0.0741960650221879,-0.0938515312850356,0.0725626630715901,0.0786920648405375,0.0973516762538279,0.0968064814395454,0.0634840323849294,0.278759634071969,-0.411763761502395,-0.487524973846321,-0.0861436985194778,-0.316801532178278,-0.409600800673535,-0.346340658089021,0.0178533263990645,-0.154108780746767,-0.30364710800318,-0.285416428002707,0.464249645116279,-0.340087312742586,0.169195045074726,-0.418052317599545,-0.633094296604325,0.46271021997889,-0.304184845647505,-0.688745461060581,-0.353520774472051,-0.703785769003727,-0.161704350827361,-0.476102023026276,-0.304369319651531,-0.670034630796205,-0.110525401429316,0.0007318540524839,-0.492877023377241,-0.433744019999642,-0.353386370452504,0.545504710700072,-0.375850995517098,-0.266510086133286
0.605749749198606,1,0.412068058285203,0.826475035178916,0.387677437684542,0.857705772903098,0.320937874367145,0.550928831126749,0.789866208408477,0.532641651708194,0.475819296773414,0.690788024150233,0.759739894649563,-0.266734663439903,-0.573281945593376,-0.177330507883537,-0.310698660522677,-0.43320535086252,-0.344126129940926,-0.238999889436656,-0.248978286501636,-0.333833757036355,0.0821425652979174,0.0792491141768998,-0.0661271273213855,0.311756016746006,-0.0204480406659995,0.331546899801233,-0.0934822054420014,-0.0063969836445289,-0.0394560801439697,0.182878935272569,0.101191317379031,0.291180298430629,0.110969346853505,0.106355459213287,-0.170692721207551,-0.0189456656705087,0.0483152194914472,0.0241147515231105,-0.063001492291481,-0.111568013582915,-0.0452676993573288,-0.075292980701702,-0.130343425411644,0.0166377041219891,0.0001508728211409,-0.348003025519758,-0.0899812399428196,-0.239040604827033,0.0449039611346481,0.154048565074752,-0.0518375631935872,-0.134604045379141,-0.01757456593726,0.0400404161972456,0.0160114012479934,0.271628940805242,-0.34054354994614,-0.156721688672221,-0.141020313607584,0.0011172776161585,0.0226793091204259,-0.106120975678252,0.0969227647418337,0.108037291512625,-0.136152901065399,-0.189142997913004,-0.137660060884817,0.0388206205458166,0.0446476636399804,0.0636047575261952,0.0595100097751136,-0.198758193848105,-0.0189131156883596,0.101957731661,-0.102079431379238,0.316885133860874,-0.117158810981178,-0.236750773183607,-0.172808255717584,-0.0390992370812302,0.291340102879304,0.184639463680503,0.941810252739452,0.556427583360381,0.443874797252111,0.852458479630436,0.190209542063962,0.77548950765285,0.537131796787189,0.660542618730792,0.540383571991709,0.619729657045119,-0.474802698791122,-0.512533854868713,-0.291021876438428,-0.322908252192986,-0.153298459733755,-0.315738290676003,-0.348678599005768,-0.127940275049524,-0.335485139024716,0.0598187359914238,-0.199286335177567,-0.286760996071192,0.0718719144801092,-0.0173396435920518,-0.0312358149260258,-0.0297439283941151,-0.054979109943002,0.0271577512876606,-0.0808209113464212,-0.217084977007176,-0.118463614843475,-0.29264697234683,-0.15990268885911,-0.0504624334595773,0.0199351110734628,-0.11886645361727,-0.415186732097175,-0.214495348021925,-0.312201291836481,-0.151576376781949,0.151179344989279,-0.256795736009803,-0.456495208331754,-0.299632897640612,-0.134393253031899,-0.0711256878015141,-0.139235599565582,-0.146702145739645,-0.0702638258766757,-0.46237825989999,-0.378648527983878,-0.3120152470288,-0.305276575379638,-0.216664719672239,-0.40245292386796,-0.114639236641503,-0.185177980859994,-0.143504268481677,-0.231181536461557,0.21579083216431,-0.390965543275102,-0.29403335202992,-0.449908839275593,-0.481085936210083,0.129218042686725,-0.370962590047449,-0.418830578382515,-0.185590596990244,-0.359858574390645,-0.177509897054912,-0.329563755431541,-0.29969610524316,-0.521842048803015,-0.256037288666032,-0.264222481885528,-0.355114646727848,-0.512728563233893,-0.286431397612114,0.0613816089237169,-0.333782326531095,-0.282863569566387
0.36096858407613,0.412068058285203,1,0.21520397947709,0.288869183522587,0.197479004540491,0.378659301111399,0.372731669595896,0.263955798445994,0.753186574116177,0.283858195265951,0.450359997682896,0.663670095219145,-0.386496579840485,-0.331259232397531,-0.224436735916773,-0.035420742522972,-0.309274173413168,-0.145637220253867,0.210290533935299,-0.15159659647493,-0.0495923487947989,0.573878767976917,0.228865348853792,-0.323530341751248,0.493713846072381,0.154952039025161,0.55145111954763,0.235753934271247,0.383753716606485,0.193471471208613,0.0144475338765879,0.42681613332992,0.297612748811358,0.0933918507855578,0.256909125180895,-0.15491225479431,0.0087520543906114,0.0621033562273509,-0.140043458233754,0.0946501966884023,-0.018021163052075,0.0283417428026707,-0.0203660263374619,0.0787589571182736,-0.133137462553984,0.144266829856213,0.0945233851990425,-0.370900360682787,-0.412639089073012,0.192684466462085,-0.202722212067119,-0.289747206852572,-0.414997394011816,-0.0415386086031151,-0.153299815617345,-0.0802807809337178,0.0261568128655813,-0.380852189875557,-0.0217346393756964,-0.286432614340554,-0.366950497080172,-0.29928195488752,-0.209609766316836,-0.283490827095402,-0.280834743971771,-0.451910962181525,-0.362590794629917,-0.482166127013708,-0.18003168516671,-0.239802357055044,-0.393709393000518,-0.331755279782497,-0.190073345253632,-0.115295485149606,-0.252020276124639,-0.424214947805297,-0.0321120851955525,-0.506593619936008,-0.661186414950887,-0.573018614564993,-0.120996792098577,0.248178415427337,0.165560920756824,0.369732251503666,0.356144606784526,0.538840295341772,0.126936387117201,0.243264503927595,0.322809662388383,0.326996501789612,0.588399446997574,0.269284103065615,0.799729921110495,-0.366152713552498,-0.530237511809236,-0.135793106692948,-0.317922442037621,-0.0521570763741647,-0.24787292313454,-0.141713539767837,-0.556198386068331,-0.0848489960510219,0.33611052899848,-0.0632499720584391,-0.239853224511713,0.138768800519566,0.147043297755008,0.181332817495571,-0.208692598272875,-0.342976563382157,0.325396379602932,-0.060698472317384,0.031610166025889,0.132753935109478,-0.07640180274564,0.0105413591241568,0.184276894333173,0.361217877858003,0.328390938563652,-0.175745405756566,-0.511612892043163,-0.363054694052379,-0.184653567523875,0.415062388150845,0.0160028704617703,-0.237390880659951,0.0217577367905775,0.0157975986777711,0.178834009976971,-0.242137004833859,-0.0286249391197657,0.101007665999754,-0.158470904120344,-0.274121710309387,-0.21922140971152,-0.104053525061336,-0.280333819757118,-0.0833045889903405,-0.0968518621391606,-0.0415231608773228,0.0039973265816126,-0.0862247927991763,0.130186958460555,-0.529618758024755,0.062873452442494,-0.326410960858708,-0.340154300837767,0.306920461558787,-0.416501183991803,-0.426820905579713,-0.349386243658745,-0.368237019310994,-0.44254737084644,-0.429828490760503,-0.511143480992842,-0.303652978646793,-0.496622105071038,-0.0650187942830561,-0.522458067519404,-0.137467101516843,-0.229116634206469,-0.0538050509749574,-0.548337870030674,-0.40922801975376
0.7696905357931,0.826475035178916,0.21520397947709,1,0.652091594706417,0.718331872491005,0.139503634059842,0.297721790889302,0.923651172616523,0.257413392402017,0.769979074811392,0.784208028043121,0.706767674642918,-0.122003133881232,-0.335881667242723,-0.0483256478685511,-0.127401938174406,-0.272643629372402,-0.295040192693011,-0.0595852350414074,-0.0910104614264974,-0.322763516767958,0.0189160808776988,0.0257462597585884,0.0026717363995065,0.190715011114819,-0.146059857481284,0.259679430164897,0.0962072013299691,0.0157331691018992,-0.0267892236010598,0.330517306286707,0.271214954715556,0.323854310169848,0.102685405897225,0.122399963835577,0.0300380500822315,0.154540653920087,0.292236074125942,0.297785245529667,0.184288429862189,0.0665053270568543,0.102910296539663,0.167652480919497,0.0888791352172092,0.270998660989513,0.160019074238753,-0.386722351273615,-0.193368378174355,-0.299920105600581,-0.0398555983778242,0.0802989149196179,-0.213299293969691,-0.173968812528071,0.030100569170922,-0.107680600656462,-0.0912775049356003,0.432076384501126,-0.143636357789681,0.062212466013653,-0.32342842495398,-0.26582319174521,-0.264220806132736,-0.345721146248774,-0.102570465228328,0.0737662872182606,-0.357935808267702,-0.0381968700609334,-0.119580715801921,-0.0066259799934375,0.0127278214049059,0.173772610411156,-0.0876236028753169,0.0501280749858284,-0.0646971109195123,-0.0749509093877481,-0.176843009694542,0.4269921905593,-0.292447020998389,-0.25530190214157,-0.28973700252941,-0.0519190627370338,0.189934151903404,0.257979713146132,0.85878932246055,0.742823016467164,0.253672745469919,0.744204404511315,0.470290768786927,0.862096372088264,0.774773758949838,0.428970318750028,0.753115070276272,0.420010115981795,-0.207783037376025,-0.35767034499716,-0.12649635666207,-0.269948697536325,0.0065960920807699,-0.0850056294167725,-0.29747670768797,0.0620480204750225,-0.41060494882063,0.324461746037534,-0.0756764916037306,-0.294038415217694,0.084908001899811,-0.0681496592191843,-0.0846487140803081,0.0926228310600192,-0.0671985826491739,-0.14004949714345,0.134070449534471,-0.244912001350891,-0.188088854263774,-0.298492049696621,-0.243674248639071,-0.256530421889528,0.141315738999459,0.0255087607071897,-0.235035590332537,-0.0159238933701489,-0.110098478542651,-0.0067134747276246,0.292713119123503,-0.0824360705026448,-0.142634853190986,-0.0376669505433428,0.0809906035596058,0.103544336623785,0.173260661233603,0.101360150247811,0.164764879881191,-0.487575633464724,-0.516538243301369,-0.0463108517580708,-0.411663721570442,-0.296384585911322,-0.366462040046763,-0.129141500029367,-0.0400514903872419,-0.302153992288811,-0.329545958028536,0.455922444799089,-0.241152146869,-0.0948233029367252,-0.264574137237037,-0.477342929228451,0.0671809353700547,-0.360327173346757,-0.637495669547832,-0.372456288156438,-0.590607604792192,-0.250323512522571,-0.487655100571696,-0.257876720949895,-0.548086344175889,-0.182243907060995,-0.0262353712713355,-0.444223225553723,-0.478519182551081,-0.259894893710883,0.17092075288854,-0.486375068762864,-0.39170976623446
0.715972801661284,0.387677437684542,0.288869183522587,0.652091594706417,1,0.2928708706015,0.095208426629552,0.0384297925582593,0.706398296038769,0.159611502268385,0.858506039518596,0.71886021669356,0.562303126992971,-0.211366755742858,-0.160362644005024,-0.0757398683859436,-0.0342629413967631,-0.154684804202656,-0.236707374159189,0.222434425600622,-0.0690488015118602,-0.160378629060726,0.0944937884764147,0.0503588457633355,-0.166885763380367,0.162635426082981,-0.272663748816315,0.347633810332368,0.206858821080102,0.091196266374819,0.0742705547931832,0.358657879152137,0.362962170879861,0.279337557017468,0.0685075632713868,0.112691463030116,0.0086050752355843,0.130526490646527,0.287506272487697,0.236738944441358,0.299231575235081,0.23714358255817,0.0923549982428985,0.194641434605071,0.175786465782228,0.230776500110897,0.19874819372857,-0.0326605504268936,-0.49843230590898,-0.357738717586009,-0.103102337252826,-0.35242569668187,-0.413928867749838,-0.245880241924097,-0.0517746356679626,-0.173091674227504,-0.186548273581348,0.589969133596782,-0.0184270017559723,0.222342381729983,-0.47919972758361,-0.484739895469319,-0.517129324287834,-0.532597466985562,-0.220842457834961,-0.226224716102169,-0.62837109718809,-0.142450982365655,-0.372079995563921,-0.267547795824768,-0.282785999981448,-0.171402336282053,-0.404478179133161,0.086812401995307,-0.244461943767136,-0.487768721250241,-0.457726574221551,0.49194712241649,-0.459415136299776,-0.451898652129279,-0.445566449706697,0.0988184855822882,0.0870300692435828,0.326711574886132,0.521612374047771,0.823306492512128,0.196827127911013,0.323179533647597,0.79419329349851,0.719761555857333,0.857808102341703,0.284388219214078,0.843214001196021,0.433255820261799,-0.115107089558967,-0.394144997940187,-0.08374104856483,-0.350902061766966,0.0213058975448768,-0.0237493421539055,-0.199700703083323,-0.161217992010986,-0.366385251763509,0.490031847991116,-0.0447680237009244,-0.367307214234749,0.069759050150264,-0.0207160207433631,-0.0145307220324939,-0.0744695298548314,-0.312713081208536,-0.0894982663493467,0.32250743674527,-0.214287966394291,-0.101581259097092,-0.266827061556211,-0.173180926262939,-0.205222145762204,0.313458400221101,0.252061252973556,0.071823835049347,-0.0901934720176693,-0.136515685868735,-0.0495390851394281,0.433705603098967,0.0860028118899263,-0.075392639467355,0.255545329000112,0.176893210695983,0.241050224697774,0.192018408717183,0.202512356046642,0.251502402258586,-0.327111282992658,-0.425698018703097,0.0481410156718145,-0.352353393076721,-0.296582085913463,-0.235860186334077,-0.0058588516659975,0.0319409723293715,-0.178144706241224,-0.240615517435514,0.673464707114155,-0.23782631347643,0.191798443747262,-0.129430602771812,-0.455747805516161,0.196647881839025,-0.252734958741155,-0.694884948626359,-0.460237750772633,-0.682899096220872,-0.351427493091544,-0.510188543690396,-0.298737108771884,-0.277522718147494,-0.389404602662657,0.113165886414465,-0.514362089268402,-0.347655351712972,-0.223476650220847,0.347743943022354,-0.563900593635223,-0.36802567104952
0.518313891419212,0.857705772903098,0.197479004540491,0.718331872491005,0.2928708706015,1,0.148035916594305,0.418813622718449,0.74481186487858,0.299189599295209,0.33360567967987,0.7066631707559,0.704745803373276,-0.0933013055110254,-0.4794456841415,-0.239719874655531,-0.383106991131753,-0.348432716911763,-0.26927419996821,-0.298525635658836,-0.29823538985506,-0.190554837581877,-0.0301704533527415,-0.158040771741488,-0.022177087752648,0.351567892905897,-0.114141124832965,0.330505304056915,-0.0230080076474306,0.0016298027710916,0.0666328602804373,0.279230992220269,0.005225257967255,0.0515594710036447,-0.0011807441518776,0.0121909353415403,-0.230193758326345,-0.0314184420727712,-0.0027743603217936,-0.0863405292820725,-0.228914072357847,-0.157216861343303,-0.264324556988428,-0.21340342175067,-0.332304239851928,-0.0209555849081765,-0.24944980427846,-0.239343688877031,-0.0826779256984773,-0.13287156423286,0.0370919970123508,0.17673168734506,-0.116776158257987,-0.0679314050673725,-0.0547262429561466,0.0296490066648175,-0.0593813280908836,0.373371214458379,-0.211335927723683,-0.10143771532765,-0.146789846022468,0.0392738166785113,0.0571441698998267,-0.0585396425737986,0.185153362367561,0.0951669953064204,-0.0756784627138436,-0.294622912633608,-0.0838646416203901,-0.128444520385833,-0.151142055450507,-0.0152806615266832,0.0018535104574521,-0.314218393470872,-0.21955304709517,0.149498439996642,-0.0704539761246795,0.448849571871236,0.0713072560722184,-0.0514675903213207,0.0147573590192457,0.111957627267924,0.279950180070205,0.268367198072982,0.829178245416404,0.480365072552474,0.146920754892033,0.931975357059424,0.120354583132978,0.774731122391242,0.40911227263526,0.443965671456161,0.458182039849981,0.518921667336907,-0.307989675495433,-0.28114850667049,-0.382778328638237,-0.292332651754453,-0.230590613340019,-0.321143660197774,-0.34423797843676,-0.0665716918179763,-0.204338834336449,-0.162964791299671,-0.360277826135281,-0.229891079960168,-0.0510265849561924,-0.0973109562650705,-0.213793507457962,-0.0002847571724554,0.115944233608807,0.0835136153011055,-0.0951727472890622,-0.211797042042553,0.0439240861984681,-0.245832678219701,0.0193905912319625,0.122606519568177,-0.0833583853151335,-0.246437673882757,-0.306069241260638,-0.0885440528956951,-0.229398641097922,-0.136352820073068,0.0826804845881968,-0.227907657086215,-0.426977819452929,-0.348183668083948,-0.25345442569484,-0.318162918782021,-0.123232106522609,-0.314143706474061,-0.0868728326194315,-0.202989826885384,-0.150130948260253,-0.331230169281687,-0.15562073088464,-0.0528918677403913,-0.206996384311828,0.0174045765315735,-0.131193019463586,-0.0343075317959497,-0.0357918316030081,0.244554863080874,-0.170265119867064,-0.19077860663978,-0.419126937431616,-0.439332775543226,0.16516387098997,-0.195272167994385,-0.245284378850045,-0.0323155769093118,-0.238912952229645,0.073440953355611,-0.115639514801754,-0.0284812207277688,-0.512544490923828,-0.160681537151554,-0.345840977666651,-0.234858506019341,-0.383262931084729,-0.089426435698007,0.22282371371346,-0.0568795694406487,-0.0157607508328996
0.244066422400783,0.320937874367145,0.378659301111399,0.139503634059842,0.095208426629552,0.148035916594305,1,0.421107903016057,0.108582759798634,0.538665616950268,0.0603189075966251,0.23748798317126,0.331011270543847,0.0090199091095819,-0.187162029406577,0.0328665275390171,0.121196842822321,-0.0654297108691896,0.0921383238318321,0.0479234863143666,-0.12125355323188,-0.132030470412981,-0.0041780930010939,0.0457682776233404,0.0552530665190966,0.198906213205315,-0.295339872150651,-0.167991349226106,-0.257017393282552,-0.399898463112374,-0.497149168786478,0.0583516763901981,0.0269964136317769,0.0506186240819469,-0.1286926329499,-0.21723975406006,0.257348440186722,0.197860188441815,0.165186609618584,0.160673136166424,-0.266249574725216,0.0716643697402195,0.0433890144306622,-0.280576285985328,-0.253252570164486,0.0584867927879751,0.0595388316262271,0.080358846172477,-0.0597948782946268,-0.515647440512193,-0.365640191164676,-0.056728662188837,-0.301972167570125,-0.486756541203178,-0.478511704215681,-0.337653582231896,-0.349330598831298,0.0405867359201605,-0.337588654356985,-0.397377234305824,0.0324021851980907,0.211202380487976,0.0369226976717488,-0.113142304540399,0.331095664104362,0.432142388818451,-0.0009858879954767,0.0401104042636013,-0.250352205123259,0.126827184209138,-0.0723360823734021,-0.0733690404509358,-0.0298882756263238,-0.29563920385111,-0.157235284876099,-0.284573118421828,0.0050423284340172,0.084168613674433,-0.0500225877950133,-0.367331711057648,0.128607034161253,-0.115000327664481,0.24607153069835,0.0701675922983415,0.35535996483211,0.176390568933451,0.649474237327112,0.188077100508669,0.0022039957791469,0.114614613502684,0.133396055135717,0.603818349064267,0.139249433025788,0.372958360653167,-0.12092180318323,-0.0914075259799921,0.0691252097712534,0.0333723999617496,0.0665962146475465,0.0645525820096756,0.175572671506925,0.140325502439359,-0.197972157267745,0.15092686664977,-0.0631845586305999,-0.129255380839448,0.196163039184426,0.271108276804691,0.112694741820039,0.147681123006622,0.133353635709134,0.214183324214777,0.523735932114865,-0.0351337888050752,-0.270945681450625,-0.0750001154728169,-0.322299625500201,-0.12256757262114,0.0181179950724858,-0.153839136578066,-0.0077604687317793,0.259338888259372,0.209744546477493,0.2323057479744,0.19008114484771,0.0580331204276546,-0.177169574194257,-0.320222150577906,-0.0322238010485072,-0.0385040751538104,0.0159362998903,0.0049154476704629,0.221755787832643,-0.252527950765807,-0.273724691707078,-0.362448049136458,-0.300484996621248,-0.471107059178478,-0.308474053203927,0.173501693620741,-0.275017239681009,-0.274347262419737,-0.256298039046695,0.103693338985378,-0.306431104753215,-0.24112997444385,-0.617036576204405,-0.332500400846491,0.429567602199593,0.274109559338959,-0.145982603976642,0.197632557787432,-0.137849590133536,0.156862647441581,-0.000313889756185,-0.0176041450930431,-0.238798996643802,-0.18134787383064,-0.487555774436352,-0.003077328443241,-0.327686952737798,-0.0420146539098345,0.052842241386795,-0.133634576395675,-0.0741762768343525
0.0182582743888771,0.550928831126749,0.372731669595896,0.297721790889302,0.0384297925582593,0.418813622718449,0.421107903016057,1,0.244882421346599,0.730010393877963,0.0168887744265528,0.352060376056736,0.429754572920838,-0.317339580219475,-0.518933181250125,-0.0043982090161206,-0.26390010004662,-0.398791500248348,-0.193880189562319,-0.199219551460175,-0.325533412238735,-0.331619385062339,-0.0462972105671143,0.0592737761920884,0.0413608829985226,-0.109923412457463,0.0152909067357722,0.0253898881322002,-0.450997733603445,-0.325905130002868,-0.196292704538756,-0.104834101999819,-0.208478296718665,0.147182788195647,-0.240491102312728,-0.0850319830058046,-0.256064751262172,-0.12728782887377,-0.0801223459176334,-0.186752424463589,-0.374903219296923,-0.439745068345615,-0.197739408032439,-0.437925271489829,-0.347169344053267,-0.202557952940608,-0.0856181808873635,-0.0709496660536398,0.101276082708134,-0.007488176918466,-0.190010874486855,0.100915404631901,0.048625829635715,-0.175717990162946,-0.22401449405021,0.213810618893079,0.134438234832525,0.159227308922486,-0.23542103496236,-0.52910852995994,0.264534779620775,0.364353443668061,0.353050705567573,0.237479373133491,0.460525943046759,0.290158440098668,0.189168254441587,0.0291542867521697,-0.296731126289949,0.290216805480398,0.0731472364973541,-0.179651794117088,0.0867709894244718,-0.523699569718113,0.107151222201,0.130573835878646,-0.181856216709539,-0.129626286271833,-0.0416264523228846,-0.231102291724235,0.143430408608555,-0.248900594137889,0.109466625376704,-0.226930457833369,0.587469298164703,0.163085687016636,0.441389134442274,0.478505795068011,-0.0909275864695606,0.273194208749203,0.044701520458543,0.629514115118023,0.0579526718926805,0.379112771108445,-0.472218153580016,-0.314013881742568,-0.161416117791793,-0.144198802853117,-0.0727112482232974,-0.374165420139821,-0.247358042618634,-0.0584890997340947,-0.200317481408125,-0.0327080036470095,-0.192577232294335,-0.178109488546533,-0.061717726445934,0.0389215386553679,-0.078150700214397,0.0763933934432309,0.0777165219079802,0.0328627698049606,-0.125054175712001,-0.192628932159612,-0.160840697650764,-0.335463594398529,-0.217348008840036,-0.111430679638416,-0.185321924587836,-0.344118272972183,-0.176565204961058,-0.156318508164995,-0.176816679414567,-0.264518207103204,-0.0011173006964222,-0.101131998499755,-0.390949574459656,-0.492973900883493,-0.264327392328838,-0.109724313342121,-0.240558552423365,-0.109859877000067,-0.207591888404362,-0.264185036011632,-0.188905596800697,-0.440280767685421,-0.130340953706317,-0.195664595821698,-0.32689762249697,0.198975658781098,-0.377201730238219,-0.0433633477858338,-0.0581778260393696,-0.0720287787593814,-0.305384708505076,-0.446666805376306,-0.352661867687709,-0.253479668197572,-0.0054575986407574,0.0348138635282808,0.0232925677622589,0.251458688700244,0.153223875800241,0.0833180323871083,0.151134945057827,0.0701132197860461,-0.0081803652433821,-0.401110779363713,-0.535597202430508,-0.0331761365791616,-0.435759275918466,0.0131966887313068,-0.322133695755468,-0.230703650483896,-0.247146092001268
0.813761298559324,0.789866208408477,0.263955798445994,0.923651172616523,0.706398296038769,0.74481186487858,0.108582759798634,0.244882421346599,1,0.251890067155418,0.75911815499774,0.841506158168244,0.736946879764503,-0.145778284856969,-0.36323801219633,-0.0643869874460445,-0.156466065081645,-0.2635694831973,-0.266947469076179,0.0186576982246433,-0.0816564375070576,-0.236352227619656,0.115952646956846,0.0449020280697483,0.0094826450449695,0.275434507176064,-0.11970455282677,0.435312260765186,0.208030163849924,0.157864589139917,0.107913265024759,0.434502832645306,0.370546064663506,0.370447291154593,0.224212496761701,0.231880383604168,-0.0506916684661815,0.169407793792007,0.323474475140618,0.202417123383444,0.136924373389252,0.0658824988156745,0.0323738946854589,0.0775264248938125,0.0605804263946027,0.2573120204955,0.125693531224433,-0.208441500429759,-0.286107987744333,-0.291485152313142,0.0362187503302832,0.0074470557008317,-0.2606051121954,-0.194099278266231,0.029484691739656,-0.0362365998767772,-0.0726414003031168,0.47623470681033,-0.218746238174807,0.118762063542131,-0.364091163214444,-0.293316406913195,-0.308668658044495,-0.402104787745933,-0.0673831483931145,-0.0010077561924053,-0.401114236847532,-0.179813753408013,-0.194362452687236,-0.188598440457101,-0.102730830371835,0.026368745721318,-0.194204932898798,-0.0366427703775773,-0.154953818920317,-0.1755283668949,-0.241641531167815,0.572216311819411,-0.260516848962308,-0.288348138325843,-0.324232100268389,0.108464462470213,0.203804176419296,0.355454268784866,0.807518416984289,0.717922363623449,0.146346747251177,0.789536727842723,0.517409306856621,0.923196809762402,0.827619170654214,0.39328671115001,0.77796979059119,0.483981441877394,-0.202965674675383,-0.390421730730416,-0.125114047962739,-0.301336201662379,-0.0530401042307367,-0.153621484453774,-0.283621299897392,-0.0639736766076381,-0.374558151000712,0.304837480691041,-0.0659017220405855,-0.328865744080249,0.106364393929428,-0.0415610805973728,-0.0906398567813798,0.0594548285471245,-0.0170532016653503,-0.152503388527173,0.137668602882208,-0.209021216694293,-0.154734754776334,-0.309378173694922,-0.223656940547216,-0.201410296849592,0.204358537808535,0.0841049578025324,-0.13885110307358,-0.0531652818589276,-0.196038018706036,-0.0390780028496894,0.327297133866378,-0.0214763791530054,-0.219299293965323,-0.0514144094121006,0.0087858160344884,0.0430658431745502,0.113419579122268,0.0607823130386201,0.158335021011523,-0.476203166964745,-0.522559521252071,-0.0866010951319749,-0.40996279805783,-0.299656304767528,-0.399305432788471,-0.0481592113481178,-0.123632477048092,-0.238976619231206,-0.301847286517161,0.414944409836429,-0.359741070541294,-0.0464301606866522,-0.302032811331814,-0.599556531308911,0.222058403628174,-0.358506097022877,-0.674012474511854,-0.354547446996274,-0.649020555334966,-0.215422070032686,-0.444652205011653,-0.243290062962635,-0.541273207996441,-0.28576503872705,-0.0279133034333511,-0.495683346451186,-0.483536031611674,-0.260985995024545,0.323245359665886,-0.480981298972717,-0.357194946124253
0.172275508970466,0.532641651708194,0.753186574116177,0.257413392402017,0.159611502268385,0.299189599295209,0.538665616950268,0.730010393877963,0.251890067155418,1,0.185203470463632,0.481142695331748,0.669470942100679,-0.305548696062068,-0.412307957618316,-0.105554216725495,-0.121330459771261,-0.393352495292562,-0.154390170065689,0.0361013736203477,-0.23593281656274,-0.282435284421368,0.33608089606977,0.157399757702186,-0.0942804136431039,0.117412999456936,0.0134281635215758,0.245375279054755,-0.154136704511061,0.0128650485163009,-0.0772273243875031,-0.060702409389346,0.111377003596192,0.219975433960859,-0.130657927264568,0.015303155155517,-0.156716958931224,-0.077164268909532,0.0309004558231877,-0.115993379254647,-0.0949927997206316,-0.233995935050677,-0.0302112874213537,-0.143441423684646,-0.049135128030435,-0.194879234051933,0.085159542133539,0.0881914359635609,-0.0949209656313633,-0.288143281041565,-0.0366906867588736,-0.0984992642370736,-0.187311169405995,-0.336857266432381,-0.149043956979236,-0.0274316088091322,-0.009700907616617,0.100770020479703,-0.303776181419869,-0.406141447634019,0.071916275018057,0.0173199434347123,-0.0050490289419631,0.0139978504355809,0.0647757329064803,0.0044754190417081,-0.11960996987993,-0.137111731082641,-0.47209418802897,0.113100888298546,-0.0547711278692365,-0.252348312059679,-0.0858051076093791,-0.308711985206481,0.0100119514607948,-0.113252498166907,-0.333477657816656,-0.220942407524563,-0.397541556382384,-0.520541782919214,-0.250572402083598,-0.295413901036306,0.125976514178355,-0.0799322471023913,0.520602695356727,0.301758983564711,0.589799728504527,0.330262459537493,0.0458806600443285,0.30882243460261,0.193785791432932,0.766824317258381,0.201680691196734,0.673950468980638,-0.445069534852368,-0.419883994130806,-0.189722864861511,-0.285616385754356,-0.037075605355467,-0.329371747224988,-0.118966951283051,-0.291337993405651,-0.19899708287709,0.193970323335484,-0.0836564210990138,-0.256782446950527,0.0684685164438963,0.135464260213861,0.0621472233983239,-0.0582056138143713,-0.126577911951135,0.141771717479175,-0.0706246995647834,-0.0874578982751757,-0.0288689193555378,-0.302203668531139,-0.138954158195199,0.052909755354955,0.0871951138340367,-0.0335698036912724,-0.19285384006318,-0.34080202819501,-0.225129431008312,-0.233363380485072,0.233882188415188,-0.0646003823225788,-0.264297632789079,-0.252740021177619,-0.0885837921776864,0.0569640564109876,-0.245484390694224,-0.0124839125638052,-0.059466023977103,-0.262570680859038,-0.271003352433514,-0.30663878523068,-0.212981708815319,-0.288376445007798,-0.269078426370405,-0.0137450033818953,-0.212307690718042,-0.0307635162646624,-0.122328227006171,0.0449548485499664,-0.469437184467514,-0.258808450657537,-0.351264427894494,-0.243979569700184,0.138695538649613,-0.198463899697582,-0.171557420792673,0.0092924790613682,-0.0745136793246149,-0.257261581767306,-0.151206972012962,-0.280923588964082,-0.128872446676345,-0.447536741595319,-0.281439598063178,-0.241371924564777,-0.29451706994502,-0.143562715469199,-0.27103124183946,-0.448931481202651,-0.330861501457849
0.774364041801755,0.475819296773414,0.283858195265951,0.769979074811392,0.858506039518596,0.33360567967987,0.0603189075966251,0.0168887744265528,0.75911815499774,0.185203470463632,1,0.745807385026645,0.612805649340938,-0.115325048391066,-0.0521303920586433,0.0343118804516289,0.0453377807534553,-0.0815969217814178,-0.247432928387046,0.17790161727081,0.0393532664349272,-0.22907798099173,0.0991203258162146,0.107834861946407,-0.0119806376908384,0.103797060087081,-0.113790696032752,0.269014026585212,0.199561821055714,0.0759820958908919,-0.0358389411784868,0.2871995065456,0.39641262845375,0.398053062986793,0.10884943572614,0.159287272527426,0.163384182311022,0.183438180232462,0.309659890564366,0.347745552280713,0.373593584112378,0.256119493551302,0.240035141686895,0.287383584078731,0.347812981858236,0.281954544704163,0.334380977570179,-0.205834133128375,-0.348638070302745,-0.409277801318346,-0.064972329765213,-0.149395023661382,-0.310635617611578,-0.200496321306926,0.0631756625631476,-0.176720498374705,-0.100026936906168,0.430506202418702,-0.0642615580150311,0.147776477872432,-0.389397879654621,-0.460361663634807,-0.45448176160107,-0.42754885179059,-0.286694231492658,-0.101162718265531,-0.553911120283393,-0.0621427643731476,-0.236340940230571,-0.074648468484974,-0.0941501304807304,0.0179287010711613,-0.222180271654889,0.235609877071554,-0.0766101188991693,-0.332140106261465,-0.315661889335085,0.389748427216862,-0.463492445389725,-0.432076650950159,-0.480634465979751,0.0051168807028642,0.0022997347451221,0.319050068141825,0.585553603549509,0.855708972438688,0.223345715671819,0.357358878893828,0.716571991792893,0.754924992434978,0.868244375502313,0.285802299995459,0.872576883281546,0.372656969579549,-0.0524967553322264,-0.278459630624262,0.0570530432206384,-0.17524468050154,0.0614997176573735,0.0653431927187474,-0.195013980212907,-0.0644276998401478,-0.399158824308438,0.537763116162232,0.0767690911062845,-0.20965918584536,0.05644741960334,-0.0344978935927003,0.0116688129734912,0.0206799256929432,-0.231459814567802,-0.183331723923923,0.242198664891986,-0.235347435961225,-0.237077413681467,-0.288251002017909,-0.291906966010062,-0.296151468387037,0.254990768994849,0.226147549519161,-0.0330718434797666,-0.0528170191222212,-0.0710343611221409,0.0424587716299895,0.369371563069079,-0.0154630829070835,-0.0008113723094788,0.19891037895408,0.215010508783593,0.268842225005163,0.198543132501273,0.274477058370915,0.220738531114713,-0.451852796550141,-0.530233825008911,0.113681730632658,-0.419127481277176,-0.316289710221457,-0.307067194088537,-0.179033848752602,-0.0055121840880496,-0.279009239855305,-0.306780168225754,0.592417664947334,-0.260184978853671,0.0908939912739227,-0.117313155440465,-0.356262596746381,0.0683196388180008,-0.384767624536959,-0.709950782712409,-0.479050662875447,-0.684395200701627,-0.431409373768856,-0.544613323077322,-0.300916915695824,-0.38325816954479,-0.261802966782618,0.171746156084503,-0.522459641132518,-0.369680101416628,-0.363261518882422,0.225721526961521,-0.600819497835987,-0.442559818233612
0.729297162462344,0.690788024150233,0.450359997682896,0.784208028043121,0.71886021669356,0.7066631707559,0.23748798317126,0.352060376056736,0.841506158168244,0.481142695331748,0.745807385026645,1,0.899444332639558,-0.106387497843756,-0.302701231191281,-0.134799333975956,-0.100309599029519,-0.29757077749766,-0.209896056509321,0.110511392179836,-0.134096574912889,-0.237821192147933,0.138493471252147,-0.0776997511865406,-0.0685902751171337,0.306989550156933,-0.252120311658429,0.428558173435622,0.195010300455725,0.0966257776482602,0.0939833194334454,0.441147888504451,0.335715304999814,0.197925804739957,-0.0678700608671757,0.0411342963921336,-0.109972250447079,0.13898175515757,0.305639085812178,0.135611099122732,0.0591463824013095,0.0465425506964997,-0.0702022999451225,0.0010670354378438,-0.0234146435208539,0.156397703936096,0.0357187147586396,-0.0162625186819197,-0.374791393450796,-0.383177384800212,-0.0874944017140122,-0.132451080818215,-0.471861542891768,-0.338573433107726,-0.104802095692158,-0.198660647246379,-0.229042206392069,0.61585812452854,-0.111519379976517,-0.0209577765144282,-0.369577388953611,-0.371753149423967,-0.394502082078176,-0.410633771192838,-0.0677765516090517,-0.0706851697644779,-0.492355330575415,-0.249150203355065,-0.454070240398615,-0.253227905390784,-0.331027439294043,-0.187720128915601,-0.365318743748204,-0.170359212308724,-0.335112649548411,-0.28697156470965,-0.444225905075234,0.410337239275749,-0.431860935672539,-0.453124154627513,-0.335187112963021,0.0447876900414592,0.188563153494709,0.327771797013035,0.782351888724619,0.848017927527291,0.232997568519535,0.695378261036755,0.582482604511796,0.897190269389136,0.766465486637885,0.487789771031755,0.789090808078983,0.653393185842396,-0.17148444140991,-0.323732686782761,-0.208334627389986,-0.363372192176187,-0.0122747524504554,-0.175885087835546,-0.224442350339512,-0.134223908918942,-0.357168161063912,0.323721386780798,-0.191095399566708,-0.405326984040137,-0.0019867500121498,-0.0407252336788413,-0.173219612099547,0.0065169076615846,-0.0744588368949614,0.0534407019951197,0.251712011991701,-0.278212992723025,-0.0241275111159433,-0.401376296071266,-0.115436637091409,-0.0393287312842002,0.21783877808707,0.0540740650469524,0.0101664664492586,-0.0495551830130457,-0.133049489081826,-0.0981435084659354,0.45390499851996,0.0363718534485447,-0.181021116136879,-0.042065972723484,0.026015379205457,0.0096319944851386,0.109115410543312,0.0416927123515036,0.221318367865779,-0.279090610580264,-0.405429311866618,-0.169172776302597,-0.323364316943272,-0.304617428382683,-0.223067082720445,0.0600972418226799,-0.0691203548368669,-0.18368968710242,-0.172609128265834,0.595789501287784,-0.295952415970684,0.0177596774603101,-0.37518135482745,-0.511171013915054,0.292586404246922,-0.206399154097322,-0.583609619392836,-0.260763579943179,-0.561746331489833,-0.191516721372095,-0.372432335786653,-0.113996122110329,-0.446704681567941,-0.426878910947065,-0.104062189920669,-0.503501285642048,-0.433825302480673,-0.149127910248318,0.247119299335633,-0.50803783219434,-0.286180178472519
0.680863981418012,0.759739894649563,0.663670095219145,0.706767674642918,0.562303126992971,0.704745803373276,0.331011270543847,0.429754572920838,0.736946879764503,0.669470942100679,0.612805649340938,0.899444332639558,1,-0.212638002787791,-0.385484173347,-0.219865771213988,-0.142087399357623,-0.390031200856054,-0.250075540965624,0.0834917125979911,-0.218025243991263,-0.28271014500529,0.301750179632017,-0.0301413855988284,-0.202460498053934,0.40573404173123,-0.0780183019847828,0.540780953536253,0.203681172541413,0.207733502939053,0.130862819949655,0.294385169219267,0.295976037430559,0.255963504219867,-0.0011769005149865,0.0984261727125259,-0.102508561019968,0.017695897937987,0.172765045139704,0.026545293443707,0.0412834661981277,-0.0378201940523441,-0.0484743668295332,-0.0211651364869591,-0.0418755897598725,-0.004292352926837,0.0189920312611943,-0.0033279246209358,-0.310683537036295,-0.406502357975509,0.0632200086447784,-0.0706925320363369,-0.413952873454432,-0.348337059129161,-0.0583365068858434,-0.172199093926487,-0.165984068722215,0.380790560964913,-0.234858712911031,-0.0453934227677215,-0.323114873313802,-0.31394116660149,-0.31008265854476,-0.292323269647686,-0.103602139736772,-0.0706972722094629,-0.448054916293907,-0.339858745656495,-0.421268148910844,-0.175485262997155,-0.272805701691084,-0.201257269609545,-0.276947658085515,-0.189462781752936,-0.257628611117692,-0.194759140213734,-0.383777698631869,0.243477074375468,-0.441473644720738,-0.490572010613355,-0.387822128355581,-0.05432815564692,0.223296849259754,0.302189873460944,0.771387972927222,0.698863614404096,0.349674982056575,0.649816761543712,0.374808205255653,0.774263653847769,0.625212582482231,0.626059179129857,0.619088160996098,0.813911895184717,-0.297616152134961,-0.405978816650621,-0.296583542430348,-0.412576392941801,-0.094221803457147,-0.256960778702629,-0.23808429284544,-0.247676173667146,-0.30769363211324,0.259719877618899,-0.188188879586494,-0.380421607115689,-0.0071262270807405,-0.0451228308958815,-0.111933248793557,-0.130756928587643,-0.200275274408851,0.154586023865107,0.0957379597271593,-0.223457048102712,0.080219496853681,-0.369802787877764,-0.0621647246393575,0.105498342170124,0.20961987793761,0.0757583878645193,-0.146705866707996,-0.206047827358632,-0.170999868040815,-0.161392340880139,0.430594106858297,-0.0833426335073238,-0.248618279232025,-0.0805190086622904,-0.0246148018004166,-0.0057413506710413,-0.0854017214186341,-0.0633848320630947,0.123818428406512,-0.240964517793859,-0.340786663223268,-0.223630104581906,-0.233653847632626,-0.267938490177031,-0.20946652215068,-0.0310744256985523,-0.0548251608903057,-0.106784692598002,-0.121952998345336,0.410432919325253,-0.366526472934307,-0.0068774065467375,-0.418940252243556,-0.443356211357838,0.257891539055459,-0.315952923798794,-0.534616528679623,-0.285941323517151,-0.50933301641323,-0.254076416905412,-0.403223949881811,-0.286490820585945,-0.50459188906594,-0.39303332258126,-0.147531249118518,-0.5085304886665,-0.334736080050893,-0.181927934235152,0.109889200974584,-0.484352507112067,-0.267498609652782
