1,0.781056479628514,0.394306706839817,0.879426012210049,0.32431523543583,0.613681984660854,-0.0323673010105781,0.252854045422004,0.761042630746356,0.481250739704885,0.743562209568199,0.839565217255797,0.7941920559113,0.228741574747816,0.233975527950836,0.175397533765705,0.248318878702647,0.175621054503126,0.121048620926653,0.374371879579906,0.024262448773954,0.0436056033156409,-0.0417108966241375,0.0525386026856131,0.0847901756595834,0.201606486300379,0.0507879678467676,0.746780228837351,-0.00937058851160017,-0.12106575931151,-0.126907137136735,0.101560370242834,0.107537950918071,0.0529789194507009,-0.164036857380143,0.125701919168241,0.0974856592333484,0.0146461388863302,-0.124619891161767,0.0677078196863023,-0.344492984319727,0.276647171636149,0.123769871262209,-0.508254622195615,-0.0573639880914666,0.337223186960345,0.220308681259386,0.0847844866213395,-0.507913417183176,-0.465524178347667,-0.382176663430705,-0.416531858694833,-0.209411761371472,-0.607759843713825,-0.0332188491765507,-0.176342994618678,-0.1718878776622,0.434447507892477,-0.0811062134425512,-0.279820321843949,-0.387377999289597,-0.228166473380651,-0.511165754895805,-0.231402780519788,0.0644735017839224,-0.432134107524227,-0.166597134140742,-0.435840350152674,-0.418701657573501,-0.248601745284025,-0.264123366646797,-0.562186989527968,-0.40526140441858,-0.46063356696307,-0.666972590865956,-0.528968550668956,-0.560969255149145,0.183808666805839,-0.213628119039818,-0.496055700802824,-0.279783093811636,-0.135832536050407,0.321624314895417,0.647462515999332,0.752852435535936,0.868441033641788,0.228412276632637,0.452994953951173,0.619258188944892,0.789164025291863,0.705881562761644,0.435442753432789,0.845893760840756,0.827385586544196,0.148686086988325,0.207491902269621,-0.0384207428206852,0.199637161711349,0.168759974731422,-0.0533642313496668,0.146007416090149,-0.0175688695510837,-0.17759775727661,0.225992865589127,0.214534961922167,-0.249651730564605,-0.136404107679391,0.089921658129901,-0.23054342516204,0.240127992409469,-0.0952008475026147,0.251231682734448,-0.201626025450421,-0.281222874699112,-0.318245794667912,-0.283730546623334,-0.166269485124354,0.283060574259684,0.073280287387503,-0.208468438054912,-0.097650316816133,-0.1207979578447,0.0770074111137276,-0.0573843055512977,0.452618605555984,0.065219486408321,0.229878573628563,-0.136470828377121,0.049302507380938,0.0235513372453215,0.296339518600793,0.0966221150340723,-0.145304999472928,-0.489965599816108,-0.199547005410946,-0.392486232061924,-0.347667245735443,-0.329803795159906,-0.294932256222218,0.144745064319296,-0.32615156834283,-0.227960552844862,-0.334324754513953,0.637755464624285,-0.14857470769125,-0.374649904039686,-0.575977477878324,-0.542181534729757,0.601062655002929,-0.162623188816086,-0.351941866051775,-0.239192912299452,-0.431786255276023,-0.190341247214601,-0.354301278047737,-0.346620422816933,-0.302398484441296,-0.516612710746095,-0.326146204254156,-0.444983395726654,-0.343603318359969,-0.332137477817823,0.243990662773749,-0.194660331991584,0.000545160264152629
0.781056479628514,1,0.347096929778468,0.782330172707224,0.231064846357862,0.704442701201618,0.126782355504652,0.578890364659659,0.620112513182889,0.749808725505188,0.628187515550732,0.86017222701252,0.879094074327935,0.26167687528992,0.304017239515267,0.239002242712311,0.226179615495331,0.0948677904084679,0.169906834889756,0.48140641260281,0.174163765261352,0.0547275012392389,0.0499577589135477,0.105429999516894,0.283118997886469,0.149033802372338,-0.0851964491054193,0.71346437921031,-0.182505213365541,-0.251891592075223,-0.173980126647324,-0.0956678996663732,0.0759803228574244,0.0474515308115354,-0.215629991797507,-0.0818524591727719,0.0981194400729227,-0.114179579673486,-0.242187884634136,0.079038965221419,-0.243548139945311,0.269842924634625,0.172756300169586,-0.505905449727206,0.0863908946885524,0.204254508698473,0.37699414151074,-0.00591252982625228,-0.502014494891712,-0.480133123235915,-0.398213697523868,-0.432047095915296,-0.222129348625171,-0.50483256303333,-0.129229016996477,-0.205515089530016,-0.181467054312967,0.230409688942592,-0.202497587650232,-0.101169815583496,-0.360540399856918,-0.352428291383509,-0.53896360230816,-0.195061356997945,0.044965639101589,-0.536851173492969,-0.334913158539585,-0.425038804265722,-0.333213927346843,-0.261199137921282,-0.292836477314793,-0.505463260055826,-0.431709957396637,-0.304263318857568,-0.612548006551287,-0.430402125781609,-0.64659936034982,0.0400113977742847,-0.272021037066205,-0.485895392078371,-0.412601593629126,-0.249825796698814,0.564373889966237,0.531288045115372,0.94578673879919,0.843329513573903,0.543952091416762,0.803813054511009,0.55563425294558,0.732116769950702,0.580835503115699,0.687898847051807,0.838347192493933,0.87581941290105,0.239557071476112,0.305059189526572,0.201132064592166,0.277920486816367,0.255314114446428,-0.0787009635517159,0.207160780410815,-0.01667581311274,-0.044613700071168,0.352197332149363,0.305059638108367,-0.00488305760902344,0.0308523983813013,0.24947856238082,-0.07988009276578,0.415865027463004,0.11929109156447,0.525436375574523,0.0527690481796708,-0.303976171444013,-0.2732929211227,-0.205950447246035,-0.117177073252618,0.386698671311859,0.235599054303814,-0.189439322981428,-0.112777631560928,-0.147883636034204,0.0513274262620101,-0.0411444637710188,0.466008023654671,0.0158978099319314,0.25383440794548,-0.0447163816269901,0.172040957224573,0.240836835620806,0.228510279417853,0.334360062545193,-0.216303330823508,-0.370370438249876,-0.204939508143917,-0.404261187941597,-0.378302499022857,-0.273296029798617,-0.259651362061836,0.0115032422798771,-0.342712196258247,-0.130094344140746,-0.291617818453439,0.46290707538468,-0.232255416166638,-0.250556192628902,-0.436062040663632,-0.47896841530188,0.389102793136658,-0.323363099317457,-0.485709609231515,-0.270900379291026,-0.438940681489752,-0.218445268069106,-0.424681335079407,-0.280946640115043,-0.393017887241875,-0.491547085603026,-0.290438646283776,-0.527061219528852,-0.429194261028339,-0.429839635630464,0.123991271057932,-0.262258801416156,-0.116360047223489
0.394306706839817,0.347096929778468,1,0.430038470496896,-0.0235048986167562,0.151553990471051,0.110450809416494,0.0187283809764815,0.279314628450144,0.266614869817921,0.318236201924501,0.401294163235001,0.385476091429045,-0.138056619560215,0.0165576320862102,0.0486797358743845,0.144287955368874,0.0770406871911546,0.292361474366274,0.032092516761904,-0.0127053623010565,-0.0112799922980665,0.165938890652517,0.0540460309423528,0.247390603475353,0.452534450570723,0.357798562453475,0.606104743218956,0.362458629368284,0.318343670487515,0.174352999697105,0.211853312176258,0.257830195619439,-0.119349818566721,0.0518357560939802,0.201504686999556,-0.210360400874064,0.264354287912468,0.131217101110089,0.154022783822389,-0.342291726624559,0.342029809259139,-0.0365882541257121,-0.318928092450794,-0.230381302381482,0.0284261711189151,-0.213472938162155,-0.33825499556995,-0.130108237228917,-0.069040822257307,0.105797703813202,0.0154170335238093,-0.0630199661490402,-0.380536636189367,0.095625072247489,-0.170295463880501,0.111572848476023,0.162335581304411,-0.0280465572904333,-0.173939577094852,-0.391783889845877,-0.465729777314904,-0.28529563376387,-0.29090765503416,0.0979627522927861,-0.212689161177185,-0.151139188324174,-0.496292089985797,-0.30981937349265,-0.28701517482762,-0.384321249858939,-0.437035104842364,-0.383042749183631,-0.388508437878807,-0.292426880843722,-0.0638546380647087,-0.248444722289377,-0.164131007824015,-0.208029078813755,-0.27928336636077,-0.174317656266413,-0.255458548606498,0.184681989842627,0.162430453840446,0.278019890501302,0.519516644855029,0.127394563327984,0.12705087175456,0.200142920748321,0.366158035756814,0.210050017733193,0.23520616275396,0.441435870393218,0.424527058887545,0.00253090010449571,0.0162677683998249,0.207220192532215,-0.0808843625681945,0.209126152784808,0.188620898239041,0.341303379541773,0.0302090437638206,-0.29980639056791,0.150794385527788,0.10187169643895,-0.263891790317477,-0.0538170006213911,0.0602832929119076,-0.311787996326162,0.213721645460285,0.0239871512435415,0.325369674850437,0.12503726484994,0.0112790903633415,0.135896288869079,-0.0698996517882027,0.192804300208256,0.433178118163491,-0.220992771848301,0.0550670715777688,0.100357107722873,-0.202197445887114,-0.179493157854985,0.0436165825294385,0.362312426375848,0.0984879366510958,0.0448030528710741,0.0357531056612128,0.0985302390454367,-0.142454858955586,0.168821440502366,-0.298833173125978,0.165983540335983,-0.0250644046998524,-0.0518610925048352,-0.328434102332937,0.213460409703682,-0.197646667482925,0.039884195258176,-0.081242971534483,-0.271388078120209,0.0776494924497707,-0.0512258287490453,0.248175366913279,-0.150395515773347,-0.235963758597036,-0.3948340913531,-0.344282668911549,0.36331542380941,-0.249312048821423,-0.255044040191172,-0.435411043943999,-0.291674307531688,-0.460717893016364,-0.373250267042185,-0.245007738635377,-0.311988778402666,-0.463284801784584,-0.396035448276158,-0.334298847618657,-0.278670406554926,-0.372827862084187,-0.0889529862571515,-0.308077250220513,-0.104261046187427
0.879426012210049,0.782330172707224,0.430038470496896,1,0.348040512145573,0.689610624767801,-0.0650279952871754,0.315126756818646,0.840648930437206,0.478179215318343,0.861102424566063,0.880052875558462,0.803112107623081,0.216381261591936,0.226791782098474,0.253181470323402,0.273117344514477,0.160369570154223,0.00559787029038085,0.252498082020974,0.177888473447314,0.161817659817248,0.161792124542007,0.212574520253628,0.148345151606105,0.296706167172422,0.145592756806764,0.669905408351922,0.135673324500355,0.0467177455026193,-0.0808358703979277,0.033215432499314,0.339420935298005,0.127133790210866,-0.0395795231576997,0.229327688965045,0.0752174431130802,0.210656029820919,0.0112494296278098,0.18341246743281,-0.162683999097853,0.396636342302307,0.230072363996807,-0.413707568445508,0.0791678722944277,0.393814174604549,0.209976915794745,-0.0445555822874455,-0.545971141105408,-0.508696660989586,-0.287213913689077,-0.253279268369562,-0.14315449525195,-0.566790962421767,0.159329800663367,-0.13932982230008,-0.0342965888730481,0.341313350864698,-0.179717872300048,-0.216717950368379,-0.441862908978732,-0.36236137694325,-0.541988251874217,-0.314465542243455,-0.0384526716394943,-0.525669644942229,-0.405200353316766,-0.388142217946469,-0.438850631253088,-0.267392509682537,-0.254503225270216,-0.588022512299783,-0.480441310316857,-0.374073900416266,-0.597966709508857,-0.461574491609559,-0.570680356187107,0.0271029958351089,-0.346416176431417,-0.582033814535065,-0.414282466468207,-0.327379293758663,0.386611289828834,0.453429275894763,0.757708752896707,0.940554045917533,0.301792542215639,0.511617663658628,0.680724869883972,0.89356359511851,0.768218460370254,0.475051647822859,0.915120998721668,0.750648665846341,0.154300401762861,0.183847451924261,0.0583552389261916,0.0954895086227311,0.161951314789282,-0.0123035987912531,0.0280240335785858,0.0930478918096247,-0.0597768260068524,0.184355707922982,0.241931240997987,-0.230548387969407,0.10825198812782,0.243735423341586,-0.056592642151846,0.396796158571778,-0.0496716203265264,0.348486701458332,-0.132753776499478,-0.183309065014167,-0.240679522812929,-0.097049145641633,-0.0560345369276659,0.272052328349747,0.0271330443921028,-0.0804509829682377,0.0256002901271028,-0.231839079644552,-0.014176184514801,0.131542346856873,0.457782247564102,0.0686626095863005,0.310113813675378,-0.0814980031403763,0.211514364772277,0.199024453690592,0.362293410642563,0.083335218154034,0.0108489512514141,-0.396934637574403,-0.362088330472475,-0.40996274243569,-0.34615459663979,-0.387268351110675,-0.193320394280862,0.0812103678332635,-0.275359004569566,-0.272072197170017,-0.407938378497333,0.509842957501567,-0.230523584963542,-0.242990571709051,-0.555138485968145,-0.58216789621467,0.468594013442135,-0.323261053355789,-0.530183654246137,-0.354114168019843,-0.546271302112763,-0.3219116802719,-0.523417334041877,-0.382147486161547,-0.333897828813448,-0.588928483814716,-0.373369008044582,-0.523150994026008,-0.46908397682513,-0.404774829050677,0.0764387028987741,-0.364766921257663,-0.215402802801865
0.32431523543583,0.231064846357862,-0.0235048986167562,0.348040512145573,1,0.217938342470848,-0.347932525768797,0.22235132981211,0.465846124253203,0.145288941223384,0.479885644048288,0.381588426946812,0.0994631117302969,-0.198887107507423,-0.254867479523897,-0.11853735303684,-0.145036152731063,-0.361408640653754,-0.0050066925289233,-0.0599161811571852,-0.0407406572782121,0.0723313640080576,-0.183939673598037,0.00949773970378457,0.0672610192110573,-0.380117931068756,-0.536929312576107,-0.0412028203427774,-0.247675530100146,-0.263766672779436,-0.268833047787571,-0.0312463409763129,-0.0662015314443895,-0.334427813636244,-0.105677012667197,-0.385029359776667,-0.489950063033672,-0.262252346584173,-0.489021151220114,-0.353755546663999,-0.139961988947654,-0.0959541686188471,-0.25252340136783,0.105927482495973,0.0769590595802882,0.00946291243267406,-0.0118150783055718,0.287852994908493,-0.235725823502735,-0.0263659274076346,-0.3015045754187,-0.0431604498151366,-0.404244925864833,0.182728969010919,-0.285269005527152,-0.320986359433076,-0.374920029733307,0.323914445662468,0.0133970169090524,-0.0235545563268091,-0.0168230255849251,0.195473566776696,-0.0639077432655276,-0.298612953803119,-0.477546564203997,0.0133738198405307,0.133858144274545,-0.0636994593230698,0.148131399594209,-0.177696977770736,-0.233288652624015,0.175338731449337,0.105881158803402,0.132840401875799,-0.141067188965762,-0.120321487156277,-0.0581001931996801,0.576192376778136,0.311469319830142,0.121881325159263,0.183002327647708,0.306178717633976,0.153166922822278,0.365492394828112,0.262934943158639,0.303241870566502,0.182883169499277,0.238424138764761,0.695344652265522,0.283261178240243,0.473790227740223,0.0119637825225436,0.406065972463957,0.0507851335092105,-0.275364529443639,-0.309698360539419,-0.175855134092073,-0.224082780463254,-0.0977171320840885,-0.166896798226125,-0.0186827153899078,-0.0159587485026768,0.120202680221374,-0.0220260346450566,0.0230359970469238,-0.104252711995244,0.00338163911154352,-0.0993255156904165,-0.0467021405743115,0.0253117584906754,-0.0384285562989983,-0.140589601785645,-0.0145716901709037,-0.213042608771533,-0.242158759950707,-0.044287271756241,-0.255137211351097,-0.0676536844187346,-0.146369631141172,-0.0826757063477717,-0.482790365586488,-0.213810250633678,-0.0052871594128965,-0.376979228138475,-0.170020360784389,-0.342860697004337,-0.319126840260104,-0.0140268450485818,-0.221974195909422,0.0521397778535369,0.0487084410078531,0.0286493057497987,-0.401609056155139,-0.219725780490814,0.0568961932521082,0.0697168779992721,-0.252874554609695,0.0771310252096435,-0.429177543774142,-0.250567214898422,0.154102425346393,-0.0193632412410598,-0.0522059313176619,0.410409385231667,0.0928271468507889,0.153803414634294,0.210517645703576,-0.0266313634250127,-0.0839213900812849,0.184992196176434,0.244123026219052,0.199450736192965,0.190593320639626,0.238122243744098,0.0293614361746422,-0.0562388677819845,-0.100766625875788,0.199501633236698,0.181664321193205,0.15411536095758,0.204091853045292,0.221790567236093,0.551639328801915,0.300417615654935,0.255738878958265
0.613681984660854,0.704442701201618,0.151553990471051,0.689610624767801,0.217938342470848,1,-0.183131114952293,0.505101047914851,0.657126131200674,0.408273917169133,0.59814154700413,0.760119139857271,0.710144149993581,0.288500523754808,0.40093900354458,0.275463482888695,0.17231861697814,0.182261486019253,-0.138651605123293,0.232422732409,0.120252045174576,0.25444573555101,0.0461261232867736,0.25303037099955,0.0714318867384261,0.233986797088796,0.111783934196962,0.495910743512435,0.169157729180169,0.112911123003982,0.0467659375877874,-0.0298182743226384,0.287100617578953,0.0813046606460636,-0.0522338499541293,0.136355235241604,0.057161638857473,0.130622166310682,-0.187534076101775,0.153166787132697,-0.234544141036542,0.325531326577113,0.0952904424179011,-0.572692737525096,0.0840537575065401,0.221603332090739,0.2247575239422,-0.01049513582002,-0.428054298052434,-0.258812333288963,-0.176078612347835,-0.115519624491488,-0.15017842555972,-0.439268048020134,0.108358664776862,-0.0521134463002815,0.0788364510596525,0.256514595349415,-0.218016192542738,-0.032533530792973,-0.390091369270371,-0.32760247998756,-0.434340954449296,-0.233384151751388,-0.181940672956638,-0.619466196037782,-0.444745573352941,-0.386585598413072,-0.286028505945593,-0.301676585673029,-0.32961687795907,-0.491951749542036,-0.523397100580671,-0.382859379805996,-0.566679631354771,-0.374326809370514,-0.529881372044829,0.00298683668329103,-0.285005962368843,-0.50334600698207,-0.403864316261926,-0.297363112129714,0.456422361731342,0.23862075730276,0.711856741966614,0.66679037778557,0.220572410889693,0.619073855856567,0.532217784625872,0.755899388054863,0.629094701017973,0.437847303983997,0.732606221612636,0.66010667866843,0.320834373953202,0.390077978868451,0.0698529317453274,0.226337687107174,0.118983507109702,-0.00722250641575717,-0.0746476720416025,0.00531316866446488,0.100736077519556,0.182482507951605,0.220091732810141,-0.131981199156829,0.016165049532574,0.273988411779368,0.0271268432564573,0.199345843523051,-0.111839106751667,0.338404617471688,-0.191366004654718,-0.103621421230161,-0.0814640186506691,0.0907203034346833,0.0569845374687778,0.265545934441844,0.186856598548368,-0.0428512179157074,0.0893315211066678,0.000631271419827678,0.0144340015047167,0.132379612640987,0.330817803044111,-0.00386116334085154,0.298065951797032,-0.0829195049045918,0.193317399618341,0.249012898789317,0.206133403151649,0.0812892880193573,-0.0724357273212623,-0.208785217574327,-0.120613536630182,-0.488514006721048,-0.208878049444418,-0.405697086737898,-0.10964317520173,0.013606959058416,-0.450710175278587,-0.0356005436678615,-0.214656250464138,0.363182433067265,-0.275090122551207,-0.111967916286559,-0.432360381802031,-0.576222380718631,0.248418959645807,-0.424583393222428,-0.458578753476058,-0.373783297026689,-0.365525746613977,-0.280195044622305,-0.482188888305273,-0.347634663989084,-0.461366532412592,-0.484462223184727,-0.302288779480981,-0.561996451839183,-0.440117099761366,-0.482127489972446,0.0250254024341267,-0.275601834749218,-0.18145341370904
-0.0323673010105781,0.126782355504652,0.110450809416494,-0.0650279952871754,-0.347932525768797,-0.183131114952293,1,0.215085686543007,-0.396675986603139,0.529099054128895,-0.284566853767218,-0.219431652042059,0.268350756679396,0.14811504753229,0.176393157857078,0.0419517090569153,0.140703934925083,0.193663728790312,0.246636235922947,0.24543161942069,0.0917835975806214,0.00703995692765701,0.447586912226502,0.094370386336123,0.267045907730681,0.268278472149491,0.0853170030903808,0.255153719083688,-0.0684730187689628,-0.121661097852069,-0.133045473943908,-0.354387543070127,-0.253467656630889,0.154114757735478,-0.196447242678311,0.0631163060381666,0.191383268579052,-0.0851389424560425,0.170966858932059,0.0123844328515562,-0.0733561401484569,-0.00266365905585376,0.206594324374214,-0.205332676421753,-0.300554705930014,-0.351700093924911,0.12889809392237,-0.0228700614092669,0.271468659328283,-0.180078917874567,0.00542754416622996,-0.239673803438472,0.322710960726605,-0.0929415625163622,-0.0758399755729875,0.0281674131730441,0.0319248183417511,-0.496360293305586,-0.311328457139242,-0.212817704628422,0.0128455663546282,-0.0466049314219038,0.195451003322718,0.270231399637949,0.501144203719504,0.0130719696735521,-0.163396351399987,-0.0198729307620242,0.130891876476678,0.265091835917975,0.129821237835809,0.00311389495724351,0.166761436706499,-0.109801580906334,0.119218129988987,0.17620149453458,-0.028539916323059,-0.419901943188772,-0.179933016178228,-0.0724313058713181,-0.251747511581176,-0.162220556587,0.34702901021345,-0.128714249081348,0.0855742318628067,0.020325877159863,0.545673962936279,0.190991217008374,-0.238742001527562,-0.272079473959459,-0.404071072592421,0.591123548745491,-0.161076509177352,0.153343773842429,0.125133010969696,0.323255215045879,0.29684436433893,0.249845661092372,0.109171219813624,0.172710187559322,0.196032765973585,-0.369837518874633,0.0956784347471109,0.229729868929983,0.177666528739783,0.375480964931062,-0.00301852615494101,0.147290209757711,0.0383558992279614,0.084937763728474,0.465526295229513,0.447935709148228,0.704784514900192,0.288240140629823,-0.041837173287927,0.108980889513568,-0.117325032401609,0.0811827321634352,0.34583448460323,-0.168797351649379,0.109096522000785,0.216890876972005,0.0465759357134344,-0.0287359734620019,0.242952869222682,0.0322604448293513,0.0675700085573888,-0.162902120740584,-0.0525400083052695,-0.165843074225161,-0.325281257502479,0.140744640352615,-0.0291030198983406,-0.0289397300019821,-0.249952815892362,-0.1257793075633,0.0743141255970048,-0.0766769264563141,0.0728707552489316,-0.219676659393835,-0.286027569079768,0.00235216375859727,-0.0568704300393255,-0.344733954322353,-0.330206402658251,-0.0777065116468929,-0.217350641124844,0.137330243328209,-0.198482968895756,-0.198128384580504,-0.164790828584612,-0.0281745055623162,0.034159530175114,-0.150881869028623,-0.0122294381791033,0.196792398815888,0.020418042072666,-0.0607314735037596,0.038438480402542,0.00901520037028776,-0.319185597744103,-0.26969465892941,-0.329306069859036,-0.185154477422041,-0.272431389524456
0.252854045422004,0.578890364659659,0.0187283809764815,0.315126756818646,0.22235132981211,0.505101047914851,0.215085686543007,1,0.161679030637041,0.729765773650384,0.195351832414473,0.358989083176659,0.542227847253126,0.258411140583488,0.253530597138239,0.0458025598040543,0.0754045255904972,-0.00108308083116186,0.091893225429328,0.197471096214193,0.061138153235566,0.177412355572422,0.0392866233651366,0.0724910944031684,0.219456191582716,-0.0530677654896039,-0.257096587699405,0.250974923083257,-0.196850998523562,-0.178637362207596,-0.21018051819281,-0.356487523539722,0.00436696952900766,-0.115016950646293,-0.194756295182582,-0.224026904265661,-0.0933541544732281,-0.158455393548229,-0.377140367127136,-0.0413003174088081,-0.301565475463976,0.0515636759773136,-0.0837230841643763,-0.265291898508947,-0.0939158790791217,-0.167561428555394,0.194844269309709,0.0568920475297732,-0.192105650538252,-0.174227291888588,-0.246100508030472,-0.149812801669277,-0.277529546812868,-0.0556289445471459,-0.235298230885233,-0.250058909944049,-0.158198172662454,-0.0414683543845877,-0.192738965372855,-0.120140538872177,-0.298988202230688,-0.138235123726421,-0.206799903850267,-0.298546565092075,-0.191434657173247,-0.346079809463418,-0.190128527159136,-0.36247141904875,0.00914126132170745,-0.352592518961412,-0.433355995841717,-0.126093952018874,-0.277224149167027,-0.170517368480741,-0.333021374446064,-0.0799198676217877,-0.335896063981193,0.0663219969697315,-0.0285233053135347,-0.255484706738759,-0.266963058576948,-0.0753110536446626,0.500186333531557,0.303183594249016,0.595860895063675,0.364514394991917,0.520503452362368,0.695867649341158,0.306915077304393,0.31130221791005,0.128534867115396,0.594627565478466,0.41394569408231,0.438071204992721,0.125918232206452,0.280823241448441,0.0228327539164455,0.217743187600306,-0.0138621159207925,-0.113536392674315,0.0451769937614455,-0.195787327335619,0.311123940052205,0.184193125038379,0.067999392449867,0.19570591651626,-0.0488712046076331,0.110677289562022,-0.0962357253271705,0.260123963182868,0.162080802978536,0.424956509316111,0.260018731871847,-0.165721198595672,0.0289751888637301,0.0322761281085364,-0.0136988606047159,0.275214448672109,0.151100987725191,-0.128272686650439,-0.125638679662548,-0.119280793942578,-0.225626903403195,-0.126710732615811,0.182773883697521,-0.195112302733704,0.0215658189907514,0.026112843647814,0.00307268305628235,0.0307867405106987,-0.0436416250729355,0.15866126929086,-0.245304709211902,0.0408307668272102,0.0404302841234569,-0.183710529943715,-0.125162593139997,0.0306422906395006,-0.0911114618301759,-0.213407611574386,-0.369300688088602,0.204737679451553,0.0513453490321767,0.126606324338909,-0.222419919868921,0.0191950016666164,-0.0688641806859292,-0.279707497871561,-0.153132526414991,-0.313914774999232,-0.188094613938176,-0.174143165223498,-0.0978826224914019,-0.127652946455676,-0.17524514042336,-0.199277612629272,-0.469110700333771,-0.121896114245208,0.0841544194274662,-0.298420951802588,-0.192333377333169,-0.29651772365528,0.118572624187487,0.0040980557962498,-0.0790092864501215
0.761042630746356,0.620112513182889,0.279314628450144,0.840648930437206,0.465846124253203,0.657126131200674,-0.396675986603139,0.161679030637041,1,0.209176581338769,0.848292765578098,0.875031997679218,0.520617566515077,0.155600125653376,0.129503464831701,0.158977680769314,0.227030207704763,0.0941161731862987,0.022266423985316,0.165505113422025,0.00151143390870992,0.0574712586064664,-0.0508185473322265,0.0538898385719328,-0.107982919305192,0.153670747844979,0.0452149666646506,0.459649119011153,0.136181714701062,0.0700816208179002,0.00546642598588839,0.213671412797004,0.339435761473143,0.0888075901276171,-0.0136703737191296,0.206070646417839,-0.00959174336753409,0.214940103084878,-0.0470239210333345,0.115614575613611,-0.019472803120783,0.325585936493742,0.145804326749459,-0.266351316978437,0.18574118931613,0.411836814519651,0.159523521042376,0.0819008871983335,-0.589925417101693,-0.386947583611363,-0.228689379067239,-0.182690141074404,-0.265525526168516,-0.443384820117561,0.147122820095827,-0.10357367670896,-0.0332041051126147,0.541244371564241,-0.0398513153582895,-0.135310098935161,-0.283361223602447,-0.20475382136578,-0.470941594149891,-0.346090257536167,-0.16323737105504,-0.380758328999786,-0.254166688025889,-0.276169812053192,-0.475365843329005,-0.314779254331762,-0.157820193721183,-0.529705903233156,-0.427745352636679,-0.252303495144552,-0.46458380124468,-0.46076156371887,-0.50967794288274,0.23145688181132,-0.224278975525601,-0.453722952289619,-0.194865802810598,-0.123115877981604,0.178119002867251,0.408578798749084,0.647103118187992,0.788408628309948,0.073828874549503,0.398370793536212,0.759555238950814,0.910300083302477,0.948244601130559,0.18508160357095,0.858948602623643,0.557974317564362,0.0985176350814051,0.0652951937032608,0.035849826371699,-0.016785377841014,0.15834163785825,0.0367179440698401,0.0816628446925008,0.129441229263295,-0.10415385518062,0.161158647731185,0.114631940507751,-0.353750591355389,0.11592680608663,0.0977166721904184,-0.0987574371835809,0.166145543446761,-0.312195263548079,0.0951334050116058,-0.344973183116336,-0.179414314214155,-0.172265306186556,-0.064609206717192,0.00324755855721405,0.18384027669067,-0.0424806222517114,-0.0257097251676278,0.0471519115135842,-0.274081867320542,-0.010310550270487,0.102588172252578,0.269134293523087,0.112523624480779,0.227668693605423,0.105325163530972,0.207079228486542,0.287148618653653,0.418916182297241,0.0479267954685496,0.0163167362041337,-0.349737313998258,-0.224744683592337,-0.238337393770117,-0.322635285754544,-0.262622546918093,-0.173464384390989,0.180507848091156,-0.08324029223068,-0.216201704438318,-0.364400435728868,0.605841643320048,-0.0696315148049385,-0.24247751128041,-0.362221309741494,-0.457818880071092,0.481616056408181,-0.162452739193388,-0.378204138733612,-0.227835762962111,-0.484525564708043,-0.163627869237168,-0.393736351641977,-0.316338771947455,-0.233358568547973,-0.516964475829563,-0.395840028963762,-0.429553675500499,-0.304542447120293,-0.282338677948767,0.255650144269767,-0.277849672931787,-0.0548871294915403
0.481250739704885,0.749808725505188,0.266614869817921,0.478179215318343,0.145288941223384,0.408273917169133,0.529099054128895,0.729765773650384,0.209176581338769,1,0.308457038028333,0.486574198412888,0.783300985022672,0.221005817006262,0.264255957826529,0.103865122749453,0.173059007434053,0.048932473615641,0.310740170010377,0.427930263199266,0.0853323775962569,0.0342388115329694,0.232538196438397,0.0935417507274707,0.370613235497084,0.175768349684622,-0.152458158574005,0.582513898771328,-0.223094908090932,-0.269887197947862,-0.212755427702912,-0.34588587407186,-0.0629000633171196,-0.0483456489091088,-0.242181424285238,-0.166973289932228,-0.0353079008786052,-0.205187827901189,-0.262644363685646,-0.0298943903765006,-0.233675117778507,0.108219053617775,0.131121222367591,-0.367896973498547,-0.124811105373861,-0.140326908241804,0.31782728243685,0.0405638414253923,-0.214492853170164,-0.354529662563923,-0.278127306579699,-0.306632462098696,-0.0992784595018926,-0.163230720168532,-0.197850522142834,-0.237484299440918,-0.148091401897114,-0.10369030311092,-0.284290285767085,-0.157878538510759,-0.273634405052965,-0.28114575353941,-0.273593738826502,-0.161820932656821,-0.0131446667081095,-0.39281047925659,-0.34695121389895,-0.358152375031107,-0.0926666460562114,-0.184415691309629,-0.267866692377952,-0.265637674523261,-0.227477746346911,-0.215891226089695,-0.32345141467705,-0.131835200186992,-0.440734941733835,-0.123143037006409,-0.228943817392831,-0.326530162023122,-0.397559845663556,-0.209998369156356,0.67001668064052,0.357795411161449,0.735557215977871,0.581826691850788,0.817550337554048,0.687310480149131,0.363957773290121,0.376377649476435,0.229931549528455,0.894993359795598,0.514263363986678,0.675983115712721,0.144580627324476,0.314362493957805,0.192528290804576,0.204941002157928,0.175028892199663,-0.0346297013408257,0.286028871243199,-0.243996922875762,0.0156940868325996,0.33759889388754,0.233754785345546,0.185465107508898,-0.0860336607129269,0.157254325889402,-0.17284999957903,0.336459412059205,0.354073575904149,0.693580775134904,0.480669975247907,-0.103607751989836,-0.146890904987729,-0.145773251894641,-0.142102286507151,0.329377488717218,0.219858391544367,-0.21593708588875,-0.152657225315768,-0.20889185737219,-0.120804555821981,-0.16938317936977,0.31346468958636,-0.0748883235224477,0.112355272014209,-0.0469547944457079,-0.0149262389624156,0.0205464352229004,-0.0567474343798124,0.25004297520917,-0.255470920211843,-0.209566128569403,-0.179251551670541,-0.319883563619516,-0.203274016377707,-0.0777582162294606,-0.204335162527235,-0.269376113393156,-0.367173280793046,0.00363278419889491,-0.160240461008501,0.163277254982425,-0.319350760092551,-0.0984723684049685,-0.281538855152568,-0.25947755764414,-0.00946362080368617,-0.390557423830872,-0.39762653936453,-0.179251048812252,-0.221123277390097,-0.256429144793809,-0.265478516176069,-0.175267285664887,-0.407784996713172,-0.266684124727944,-0.0696144356139557,-0.346609622111628,-0.378246286632632,-0.394238700901464,-0.022343446199639,-0.19252104422598,-0.205997610188041
0.743562209568199,0.628187515550732,0.318236201924501,0.861102424566063,0.479885644048288,0.59814154700413,-0.284566853767218,0.195351832414473,0.848292765578098,0.308457038028333,1,0.813142053707646,0.606818711905621,0.0562311193525857,0.113925459807961,0.182307467930744,0.205916138306294,0.104382905388642,0.0315887952470969,0.182379663314895,0.0394778325949212,-0.0401014075824594,0.0967671027084721,0.00976554207461575,0.0164621061182843,0.163907979210748,0.03604485843157,0.473219408224965,0.102689865199812,0.0665471878951668,-0.0307823550474429,0.206965279993923,0.364351312493515,-0.00954086349570822,0.0650233077865962,0.133158111829579,-0.0602134837183068,0.192041500614602,-0.0339349774145986,0.143262471168628,-0.0262226910700558,0.418566589972454,0.232666473328627,-0.254164430919579,0.193636809530127,0.434200520313648,0.119207322408459,0.0354345480557491,-0.535452013961738,-0.409943236972829,-0.24490017913499,-0.0310209615068629,-0.170261083393996,-0.347473653661034,0.206760958212967,-0.122621226289527,-0.0832854353257197,0.451356825883733,-0.0669057471209497,-0.0602328026926928,-0.309130106977161,-0.301753438037267,-0.529815309788069,-0.325096879141806,-0.146202511275032,-0.439190395432455,-0.343734038172689,-0.354305913023379,-0.392006172059074,-0.326009886070266,-0.239647062585444,-0.494097489546339,-0.42663316341826,-0.161830659024715,-0.558146313852491,-0.417016332624591,-0.466851012502314,0.205923824882225,-0.256172036387601,-0.474313226616653,-0.263841649426985,-0.211029499729333,0.325318277017152,0.40304961334976,0.633969300735414,0.777182565307149,0.259311103987271,0.404823866375799,0.692083685222636,0.786506791541607,0.807064734318176,0.287458773514387,0.820137398881467,0.541940809591716,0.100915569801114,0.0457630393718419,0.0963680666872228,-0.024914148656207,0.204534543007471,0.0565196384307604,0.0745004081460229,0.239719605609947,-0.159580035411644,0.155858315644233,0.125394914101091,-0.331401762602804,0.228273801349632,0.269197958757708,-0.0994530301937385,0.283836229941639,-0.140082993150829,0.292698341619505,-0.150786559854128,-0.162228579622047,-0.236509633781011,-0.0755944163979495,-0.0309453922068159,0.182954724687103,-0.119628112055737,0.0171014406881096,-0.0341234725747674,-0.293707199460118,-0.0367620207351583,0.155132169083888,0.26825373675049,0.078085518986494,0.278181520781108,-0.0620221999337535,0.238877774025636,0.272880417128386,0.471737198301397,0.0507629610889743,-0.0173301115265053,-0.369537267123585,-0.314119357137361,-0.367198206988404,-0.42828126746819,-0.355597882064398,-0.2047376584156,-0.0383091252242529,-0.0957883585632875,-0.324551972267795,-0.456598320565618,0.553033363223894,-0.117782598161902,-0.204193247065019,-0.383923566895486,-0.583626910905249,0.437629076627421,-0.263407816880176,-0.461281979821735,-0.2645768389916,-0.533721603808656,-0.148174806468642,-0.571578713792959,-0.332992443688673,-0.39369747256286,-0.508603939730219,-0.321429412880643,-0.514197535783715,-0.31674613414154,-0.270821562824501,0.205949931032162,-0.283169287143028,-0.133185572227498
0.839565217255797,0.86017222701252,0.401294163235001,0.880052875558462,0.381588426946812,0.760119139857271,-0.219431652042059,0.358989083176659,0.875031997679218,0.486574198412888,0.813142053707646,1,0.775868424073007,0.124011720741429,0.199190740941066,0.17332142965666,0.172210073323537,0.0882399325943799,0.0674418512546461,0.277150267164592,0.102893663042948,0.00577336417764246,0.00759198958099315,0.0473389185650833,0.122407894196385,0.168514650565153,0.0420646017912871,0.660178978545723,0.0411821249867058,-0.0118812308088381,-0.00237804714966189,0.164560974962385,0.309338817854676,0.0785227837587213,-0.0328208274734584,0.0885638756620453,0.00296257020978824,0.0625019870369223,-0.150699334621251,0.0838184297480978,-0.183843013688534,0.319009059112483,0.167108005241737,-0.4517091813569,0.134222290762266,0.346614172044736,0.234293387754524,-0.0373423523741781,-0.593109448793313,-0.434775057262895,-0.25811411962644,-0.27856213650788,-0.235399531378837,-0.516318973793844,0.0624983084269416,-0.14210008275267,-0.0314547559381548,0.461074184316664,-0.153265452853953,-0.107966756981867,-0.42504890559528,-0.372445775938512,-0.629086933073649,-0.333782265987814,-0.0899688494294283,-0.549998652122945,-0.34071876501325,-0.445235194521787,-0.512047655974383,-0.363633011724127,-0.283313351521677,-0.63355893315305,-0.564216456145558,-0.362145699856784,-0.603797401636035,-0.528209204306124,-0.616451318474898,0.128308179363662,-0.315987669180592,-0.549951817080344,-0.348858775122585,-0.243453926506214,0.387795668808285,0.520663171635601,0.859663422524984,0.907155502521699,0.294068469187096,0.64426737827564,0.745952685914773,0.89635881095571,0.825760304204768,0.46372774351204,0.942952313027337,0.813268796328438,0.106478338162782,0.149215040670124,0.0470915190097436,0.0664609862712196,0.182814680976137,-0.0775924872932903,0.131395510809344,0.0778143863681999,-0.131878010727823,0.193900779912751,0.205503979855206,-0.267083032825416,0.0792333722176879,0.202755154787605,-0.119871660064772,0.35652985343443,-0.156117138470583,0.357738484243576,-0.195381037644151,-0.316764395256984,-0.159726364205216,-0.177354313686418,0.026736148216548,0.398570787467641,0.00428000396334403,-0.00176610205535247,-0.0199847615943593,-0.247701436771062,0.0065695687155517,0.0206528150224831,0.339893690260127,0.0125744054638544,0.193644012496677,0.0687158502867986,0.188015984009708,0.252724071067506,0.402641213990046,0.160271362044787,-0.0553528301938337,-0.325742117956311,-0.149231660177396,-0.403202417863225,-0.290539705029618,-0.269092451848985,-0.184510555647139,0.125425263640436,-0.201178502799002,-0.105752198014043,-0.288008253857937,0.613005921480394,-0.171960122166237,-0.26413223031252,-0.428475345125292,-0.514784812925022,0.527890646532524,-0.270551051889787,-0.458793138161322,-0.343035733648487,-0.524767139988191,-0.271519311009,-0.466270874076233,-0.413955126484813,-0.367169353392283,-0.575771946244936,-0.426712961953904,-0.553137719420521,-0.351181261629423,-0.355202113898446,0.200001438157753,-0.312367782471521,-0.0389688336671545
0.7941920559113,0.879094074327935,0.385476091429045,0.803112107623081,0.0994631117302969,0.710144149993581,0.268350756679396,0.542227847253126,0.520617566515077,0.783300985022672,0.606818711905621,0.775868424073007,1,0.334276271156978,0.439110572096983,0.299865416083252,0.303054550124264,0.276881556332565,0.163077650058795,0.503426191103458,0.249117844952893,0.170922677607018,0.285685468934931,0.211866825848465,0.337229174452299,0.315610877281532,0.150005761666185,0.788210253542596,0.0435055618853497,-0.0379428788847018,-0.146424041605677,-0.123353199788305,0.225603687260833,0.147640844519591,-0.10645751815348,0.145915758888613,0.19708243461747,0.0473424775359811,-0.0810335316462834,0.187726034421778,-0.280482033418133,0.364935886928034,0.317499938454559,-0.56835881271334,0.0160585404981535,0.242138583376322,0.380081492501751,-0.0725622433385331,-0.461228713843354,-0.559030549957055,-0.30538051596237,-0.310820310117846,-0.0377630999232079,-0.539942872112905,0.0689840118363474,-0.160915254601161,-0.00813271174876902,0.0859246710189251,-0.299892548500274,-0.156946410548617,-0.523972630570801,-0.503195596337106,-0.614250631515726,-0.245401324651994,0.0719606614751319,-0.698378013417156,-0.509623464493671,-0.484202342334766,-0.366759303912456,-0.280770851696122,-0.35228331440179,-0.587266269583368,-0.533184486530821,-0.414435993396131,-0.653367425189091,-0.471947126961788,-0.645557555682592,-0.141745952749905,-0.449735000412713,-0.634514010195329,-0.60923326940958,-0.411114604696815,0.553134198111173,0.451744288478814,0.845497572662821,0.847195887077621,0.533891237688184,0.667695746508082,0.472019880790748,0.696705171347136,0.481907900756197,0.772958308982927,0.787415044281504,0.922593594619265,0.303432720783112,0.415411729368207,0.114529830654128,0.328601628324525,0.24174605189023,-0.023097701209758,0.169414463383437,-0.04382594009877,-0.0599231982903381,0.341936384898746,0.358581519749358,0.00733877315249256,-0.0111748766734365,0.31198807546165,-0.0807425959199955,0.462490867415793,0.196332115453169,0.628494631700423,0.080599932433678,-0.189580719799378,-0.181444819035836,-0.140198056830556,-0.0563257162544033,0.381617297435136,0.241394962485228,-0.100984466098473,0.0484388498138548,-0.121280033017475,-0.03751806892282,0.0818770273281224,0.52022414861192,0.0229397570071001,0.336992732167178,-0.128493803656281,0.211270692450829,0.158564857615904,0.25107959708317,0.267175226231535,-0.0366450155695709,-0.303319131972378,-0.290291487461552,-0.547634407566242,-0.275294427348612,-0.333302200022358,-0.1023704014155,-0.0240855920333765,-0.417710643391583,-0.142656949195894,-0.312130889572055,0.371707581012745,-0.364697200000655,-0.252117653859064,-0.552344050047726,-0.545711793599159,0.403143834824925,-0.478571866844878,-0.607755157230262,-0.422351258625997,-0.530737064411195,-0.427288241013098,-0.533813244138676,-0.435490887311213,-0.449712114771854,-0.557362761173941,-0.311577065678891,-0.611262875094387,-0.507681455727918,-0.503218206208646,-0.0446516904223673,-0.391160090455844,-0.262041611752316
