1,0.77085455022226,0.661189629482028,0.686262948405465,0.51019200473656,0.349881016766295,0.499852834350811,0.33748980177079,0.616131109024669,0.47604583548598,0.623871546480462,0.688460359933126,0.724377335492535,0.414762587269297,0.373057517965601,0.364468860675383,0.364837024944828,0.272027886575852,-0.162288346847421,0.0539776326355573,0.290939988869228,-0.152525469405554,0.29332458861182,0.339863193655637,0.131625232478281,0.35052851459151,0.108990688599378,0.0331917513827465,0.401929041965806,0.229762670959735,0.165642546279599,-0.0844207361764635,0.293766321471897,0.205868531693528,0.162911471357436,-0.0004357112250219,0.326015321517547,0.318573380870743,-0.0149409740227862,0.258108257100825,0.111793804265942,0.437205819619448,0.327328245320173,0.0202818761637552,0.242125734709939,0.325236468465018,0.128770412413412,-0.0567127082489696,-0.432160707651291,-0.43665119020472,-0.0508357322507119,-0.306719972108376,-0.346341906683601,-0.0853435097949386,0.0371383415953074,-0.29076875212764,-0.379517168139241,0.29617702704325,-0.0028104618826643,0.314815747573438,-0.233936784269708,-0.198033747930901,-0.329919860214382,-0.0685056640225825,-0.0916706156126505,-0.402572280619065,-0.407320736473007,-0.273695912051793,-0.298083276551324,-0.277437637543288,-0.243885032754462,0.0036186426743943,-0.34252363290041,0.124783824899301,-0.446047349620902,-0.520868032353054,-0.508298314934393,0.101399905435792,-0.146098185703272,-0.476140471843764,-0.223516259222263,0.115259588986284,0.145944222399863,0.446123057742188,0.568362206002689,0.61287650085076,0.264827913149757,0.077132500971235,0.451664715983219,0.428244457486767,0.493207433325877,0.106618368685926,0.60931610250715,0.252479555270383,0.18386721474815,0.324560862723376,-0.0217705538430961,0.336767879345071,0.220124815372345,0.193153936257347,-0.252813042660889,0.0727867473809615,-0.291711956898941,-0.372977658056658,0.206551185029221,-0.368026405966735,-0.124757643653214,0.220023630001766,0.42414162887168,-0.0069039700431688,-0.103932687567309,0.280672928611434,0.162760286442891,0.0711947136827734,-0.120036133409782,0.0116309964325154,0.092012078548664,0.226564500475298,0.424729532473358,0.0157913258579192,0.0215957033661236,0.0162326078450722,0.263664253993209,0.276418657137528,-0.389760114227227,-0.0728724736425211,0.271536363552477,0.0694247207898704,0.275938987650773,0.275673835429693,0.299674726658411,0.0077434889955856,-0.0197384628912459,-0.197304631272979,-0.313127761911425,-0.0182777663855392,-0.224867659596579,-0.397470845538228,-0.0513258393194028,-0.382549448592151,0.127698610198738,0.151125136307499,-0.4685783733808,0.140599895838894,-0.0316702057988017,0.184421105955626,0.25924824340634,-0.406364684698869,0.0401464131620513,-0.139048932999305,-0.357379928620084,-0.134657431729677,-0.0863077580396806,0.129914762677609,-0.211709076685398,0.208177320969591,-0.21138562054362,0.0235595363750163,0.162839728524967,-0.303708518153569,0.0094734641542395,-0.313353157681983,0.0348663687562281,-0.16373158579558,-0.108001876498719
0.77085455022226,1,0.663337472454019,0.618551646246403,0.247814484536468,0.406342804552606,0.667986276800415,0.642609738235302,0.590555710220032,0.619383528215187,0.539972351869652,0.764833509442015,0.804397015642361,0.328046919403368,0.394772099473174,0.390417600530977,0.359505978031036,0.395612814777928,-0.198642645720413,0.117842538262542,0.340251172404096,-0.193074232142202,0.372482172389606,0.284575059860863,0.131107007315108,0.251163074190218,0.0760527745938606,-0.0231918115831274,0.229268665183744,0.158680480266546,0.204696117988309,-0.169962979388578,0.11931359605203,-0.008976057472056,-0.0998431650360887,-0.0312486349305026,0.495235093086719,0.317766911362515,0.0285592182755741,0.238926777059492,0.130499282701611,0.457700862018297,0.232377228431339,-0.0346769640731848,0.133299650297527,0.331229415558278,0.12208476092781,0.0656736690186117,-0.471862365065797,-0.309148765588427,-0.145480180995803,-0.15428758814826,-0.314670331485883,-0.10747902777497,-0.0075820243361707,-0.241645059317882,-0.397672851139738,0.203605006323247,0.115096723585769,0.156837061047713,-0.191214155406874,-0.26392507339448,-0.310279479570287,-0.0904042175683668,0.0584247385406435,-0.407554434512639,-0.403373237808782,-0.169514892152981,-0.309239171734918,-0.269750687225154,-0.304597600568535,-0.101955409180652,-0.320342789152934,0.0609386050075908,-0.357236595382639,-0.458571740437927,-0.510382458469686,-0.116292156040279,-0.138945112060621,-0.346695254754809,-0.244740347624033,-0.0529308696065128,0.304007855911208,0.236802400590494,0.644447795749112,0.543097258402447,0.382098255193225,0.0714888259222487,0.308597961783576,0.450547496877045,0.388795653574191,0.325122693495445,0.518474620406363,0.139876992742613,0.234240950023629,0.394808165524494,2.33038421438492e-05,0.272712055232764,0.287441084588548,0.277216989785959,-0.184070265888173,0.138410602745306,-0.259158098302516,-0.275839851787549,0.230410283749641,-0.325289215417521,0.0064107083320627,0.243213316192425,0.444211402362095,0.027351973105055,-0.102059074426909,0.357040656741332,0.254807567906388,-0.044285947026434,-0.101110977626126,0.0182126304843477,0.105561160668342,0.205454734887554,0.328379381540885,-0.128367551636303,0.110381220728006,0.0426716972796019,0.348261028802341,0.369502281059609,-0.277591533642119,0.0259034241628378,0.281237133099095,0.166394230847105,0.273630011710495,0.24220479055038,0.281638594090607,0.0682876766267625,-0.0389210599909743,-0.2567505118021,-0.29752824175781,-0.0196896609941669,-0.237926214447352,-0.382130215400899,-0.0964573216520651,-0.250491834594907,0.101290735263216,0.151337330544504,-0.384269363423567,0.0778078651861821,0.0770598142131267,0.140127219110015,0.214085503117236,-0.396648637252571,-0.123879599927963,-0.231634005065002,-0.329618944399697,-0.0918345166310285,-0.159371740153884,0.056752568903148,-0.270229832279306,0.186392367928398,-0.128435666108072,-0.102450419432074,0.0611348626484464,-0.333405988345243,-0.216662216658843,-0.376503841568337,-0.16023801681103,-0.198452617380548,-0.0583678369232577
0.661189629482028,0.663337472454019,1,0.468058375240976,0.324383990541727,0.367714013582532,0.548085246403778,0.545885219438926,0.384510102029374,0.719621059497298,0.491727788102832,0.540729573556756,0.585737766491839,0.320199310115971,0.480597766227397,0.347361365385322,0.487522963545792,0.34715236989101,-0.112667036482576,-0.0120995587958076,0.241305648813216,-0.147935959551855,0.345806108333716,0.125169528790299,0.0973730337273606,0.392989793799743,0.102062675892203,0.0619104363599832,0.617348789536081,0.334301935873743,0.0659726862988967,-0.351003136565127,0.379149226613324,-0.113152159152146,-0.025933838320892,0.086290677818492,0.313066866252606,0.535062597333413,-0.141257169637135,0.273007804507446,-0.147027339403135,0.435369968222135,0.300526611589074,-0.153051056649285,0.0810787904071106,0.195623333872728,-0.0851588083790607,0.121335989583158,-0.63573948013074,-0.551938186115329,-0.110958582211112,-0.447607839376535,-0.429549853770738,-0.216227950867579,-0.0758681177725548,-0.500914712166026,-0.578018861917591,0.111510592370416,-0.0597387913767227,0.328198296164386,-0.438261163454685,-0.426931888616677,-0.52268761107429,-0.375597974309928,-0.266605565714605,-0.596808443387801,-0.459355961602945,-0.473624568097269,-0.193186552490193,-0.532929933764452,-0.434950510392898,-0.101087665245182,-0.267415987857045,0.0568657161470966,-0.539882589407427,-0.572778283471139,-0.49728833837408,0.129471022974039,-0.0719348214629567,-0.544888381274408,-0.236365438040537,0.0630675283046435,0.309809350682405,0.455922619792364,0.393662572757595,0.379603290078845,0.525313366931671,0.0498431294565815,0.197777340266371,0.271902735725977,0.397792834811272,0.428497812561615,0.481051404830508,0.463940178943172,0.363278382083916,0.399888510270887,0.14955817437793,0.281473946311159,0.2555916225684,0.3835033209622,-0.195322683520472,0.015495077064102,-0.199428648863601,-0.43520669107474,0.193700941064219,-0.431477999052615,0.151829859718585,0.349092214083287,0.296710586998739,0.086245795295726,-0.0593469670100207,0.592655884420076,0.130609618165963,0.264722264357478,-0.0025377038185042,0.267371692937526,0.105070870534887,0.409065737841645,0.33710512561591,-0.0503863522008893,0.218121191525406,-0.0881071027913742,0.11289440340853,0.39599739966387,-0.448307556971871,-0.0404748683474271,0.436743785472315,-0.100257664389592,0.224058539498505,0.0826732782615341,0.225361934624437,-0.222404662634417,-0.457859134851579,-0.197275012448628,-0.170488339899695,-0.0970455315463705,-0.195032720119219,-0.315151377174537,0.0451895581491359,-0.30464557984536,0.0799699348603309,-0.0124693875363771,-0.332704257912962,0.0716105250975699,-0.0917150004175375,0.337240790728145,0.199105738365084,-0.412751216522432,0.130861121589656,-0.291175566310261,-0.202431789138336,-0.276669226076495,-0.132705946276585,-0.171802775199651,-0.36439209288246,-0.0949823396492536,-0.385327266871095,0.0783891877165281,0.0474514722877295,-0.215518739667816,-0.0398913263291089,-0.175616772131771,0.133126234200236,-0.0442947329022143,-0.108647804082679
0.686262948405465,0.618551646246403,0.468058375240976,1,0.469693897823163,0.462671858441382,0.319512627723681,0.297915048870553,0.67219410349222,0.370978219746775,0.610946459899717,0.605859817631652,0.438892846533384,0.492869245647194,0.387981885404383,0.28346642974825,0.461935499595063,0.369391146591384,-0.179622567061676,0.125624372932595,0.405790418285994,-0.275548728209607,0.239958465952126,0.459592205519902,0.292552930613487,0.116231158376619,0.117451343381218,-0.0339283451076888,0.379429119389909,0.11497455842486,0.308140102869718,0.124311819456415,0.405462114907018,0.349618008564147,0.09971976369969,0.0028827497347424,0.226448945316798,0.376124373167173,0.109738990606296,0.41087983104349,0.377318789167794,0.514181868420445,0.443278695636417,0.2804684643985,0.419362373313607,0.497261828349782,0.166391633296401,-0.0853034000441994,-0.488026061820994,-0.340655522095417,0.0819260956460958,-0.186378325636665,-0.456568881310427,0.190494707809349,0.0986906455604494,-0.211264009159833,-0.351114737727417,0.451818434164524,0.339209363023847,0.173559863119283,-0.183591722438084,-0.281890417220641,-0.242391978766575,-0.0357102843456405,-0.078031262418094,-0.419085500658262,-0.537562511293701,-0.0670582573743428,-0.379846253680473,-0.179662534857109,-0.205159284195642,0.0890377889767871,-0.215066600598622,0.38996941045456,-0.251162339475038,-0.369051326405448,-0.536147092564435,-0.163488937798213,-0.165781642130878,-0.394097659651501,-0.178603098666247,-0.0727662005957646,-0.0285337236105884,0.197544792585931,0.392784024233169,0.721197520297078,0.183920944704131,0.217291012701815,0.328974748777299,0.506022399798803,0.470316100938371,0.0388024341181783,0.632292080880376,0.158077799092268,0.368603610334013,0.158617492988886,-0.0612284861563209,0.280201551807509,0.295155914445672,0.18606510441637,-0.283794462399353,0.338602171462559,-0.275808415497821,-0.291860790043515,0.232762222376889,-0.346417486366636,-0.160867701468515,0.135584150807094,0.43707457292175,0.058374240468888,-0.0336410200906335,-0.0139480116269482,-0.0236438244600024,0.0224536036754583,0.0019405515722892,0.16996552191321,0.104894062746231,0.293991069375433,0.504675724483767,-0.120329602437077,0.0721520524269865,-0.249237850500473,0.107556589702246,0.402013053916335,-0.438601509795022,0.0453847469075981,0.365380922307377,0.280444748534514,0.398104651988279,0.410292985714427,0.369807939855323,0.0116288581651199,0.0311410341133922,-0.243064400065015,-0.359711051878697,0.388034559038969,-0.345029206103572,-0.43097022932785,-0.0596082259586415,-0.338301031601043,0.193511670470429,0.128909850524065,-0.558485806981185,0.323710748650014,0.263083401350731,0.231009361270558,0.486761338018301,-0.251004582718882,-0.168407661482168,-0.327622900543105,-0.432996485115853,-0.158997384764057,-0.240335472971467,-0.0585351371951399,-0.389691512393123,0.0765647902290202,-0.168773063137776,0.104616603661234,0.35853530816272,-0.306121329261581,-0.130866072834707,-0.3926815474011,-0.0308757089828961,-0.172697314796147,0.0142221025806148
0.51019200473656,0.247814484536468,0.324383990541727,0.469693897823163,1,0.351580648011621,0.139982590955893,0.270598068829318,0.51747360881654,0.216465156609078,0.449850355598591,0.404038670007366,0.287877008260378,0.19111158655527,0.120541534757777,0.31737729085995,0.459201431773202,0.156502657009122,-0.130200645650744,-0.115188909563127,0.419411477898595,-0.0030971617676005,0.131857997745199,0.0446152481469067,0.335415843732957,0.192687333570769,-0.0647578307413245,-0.0252104856154681,0.248521329610769,0.030248925683514,-0.0020166450038585,0.204112817530436,0.355210190498908,-0.0594084769833773,-0.149664272789349,-0.135997446523092,-0.181022676158357,0.0927817052832492,-0.295651707271059,0.160759799609602,-0.0765181525543061,0.293226440402988,0.0484357648500468,0.0462075540536551,0.0686659968080898,0.27804287808366,-0.0972618667046286,-0.275107020870802,-0.288062143148006,-0.179344800421771,-0.137251855103915,-0.294361276612192,-0.293856411670473,0.0990660421663401,-0.039606674303097,-0.268073193728419,-0.373111673269813,0.59820621099394,0.0302219629454809,0.176596547804966,-0.122110403163949,-0.0024629833848256,-0.212305109063536,-0.10166504025623,-0.202929359182228,-0.310459686911055,-0.164275415060575,-0.331043152417295,0.0776738152001727,-0.467121830850847,-0.383143630501594,0.288822557723161,-0.0103116543122222,0.134000368749251,-0.516877299729243,-0.206547098519633,-0.244461047477655,0.45587753776809,0.28124695809066,-0.131535308934013,0.224341979006814,0.229102489467768,-0.0389407093873054,0.364758713106838,0.129165299891247,0.425356869378401,0.0249884776780413,-0.0382679392308898,0.656113583296612,0.272366853634326,0.394355178813111,-0.0166984416585986,0.498296930366683,0.107048701086899,0.256365389523278,-0.159858510417193,0.0613180518853652,0.0583778228651465,0.284855516567935,0.11427518952121,-0.256363241684391,-0.0608812165575319,-0.155093875887114,-0.280426788547066,0.131648632286521,-0.211496256270926,-0.19900421668235,0.1215999499356,0.165051901564053,0.0829414719626565,0.190175834536156,0.0225469778181215,-0.0489092748894067,0.103775862952227,-0.0347439031239083,0.0871698400478331,0.0765082506876237,0.109127001821321,0.15408327476066,-0.120992090378002,-0.117661956055699,-0.120194085446684,-0.100337200103705,-0.0269229085799154,-0.472224138713113,-0.247591916482373,0.0695766239983788,-0.247934144450289,0.0979264975015235,0.122854909361176,0.301198780345083,-0.442413424768,-0.23818760697037,-0.0468429049971539,-0.0119720704918746,-0.0458640547369266,-0.33567977074691,-0.290182296925263,-0.0272143126797227,-0.274293274301758,0.0281981971566864,-0.0006567628558902,-0.442706620900856,0.491120776472092,0.056707131424298,0.220474975495044,0.157552144182945,-0.446931338581448,0.156566775651421,-0.199059044529156,-0.176649002429087,-0.158650223591032,-0.061598076386718,0.0551751655595005,-0.117651097799081,-0.107778342152033,-0.59858622946423,0.233762256731625,0.133182458970014,-0.139844330996601,0.119515300095136,-0.158810295402391,0.495860033511326,0.246632950694631,0.201956688692956
0.349881016766295,0.406342804552606,0.367714013582532,0.462671858441382,0.351580648011621,1,0.363250676986342,0.553121510942604,0.643317082839549,0.478784631876122,0.309780114032061,0.51033478338558,0.34274175416135,-0.0995997010828192,0.214838391080868,0.0471616604352546,-0.0497220148301483,-0.0208487688266719,-0.0840847277847963,-0.154264277296476,0.0970967241141979,-0.389573008972865,0.132684773183617,-0.0901798562444348,0.247234803385393,-0.0062307045577628,-0.107261527835903,-0.296621053283117,0.0277712437382125,-0.202922133012015,-0.184164674459219,-0.207689738787511,0.29343648005283,-0.189358844748991,-0.284591476986705,-0.295586630058607,0.0014758170621563,0.108542599158215,-0.288300420138624,0.0589794791576243,-0.200998559982043,-0.0737409492542717,-0.180685349495003,-0.174644187049026,-0.142560435407572,-0.0173000953200849,-0.196687281548582,0.240178431489997,-0.299188603781463,-0.314385421731882,-0.281805846001405,-0.289224943995301,-0.313023263763271,-0.125866294379556,-0.307664966402502,-0.316745268480143,-0.232729861680656,0.186901877284633,-0.0266040243251862,-0.0108675108148652,0.123358447245346,0.0665033988459096,0.0397234565856572,-0.0614962324243357,-0.0125960382187755,-0.199701565761405,-0.17875069362404,-0.0532367267105442,0.117072002709525,-0.216412889805829,-0.214649893943811,0.0552966625938895,0.160342484320455,0.226291358247146,-0.13856375436856,-0.0252326311539721,-0.351823185270834,0.0574726614888869,0.10226092952987,-0.244894452150722,0.0434819045977498,0.0274271258399385,0.143623031787465,0.427586731835128,0.104368672838599,0.259030411126655,0.368541029133823,0.529666630958521,0.193299554840906,0.593134815835793,0.342818441792506,0.373022983942431,0.215687823090065,0.352485556353857,0.172378922550181,0.119573153934651,0.0273131960144233,0.101360128854291,-0.0317903480013902,0.0733054956857561,-0.161806736804363,0.0708262993161672,-0.0805166457083274,-0.383238915578989,0.086968751305829,-0.20987152198312,0.048183360174408,0.103507224605064,0.155925481660619,0.336279748746144,0.0731787121707793,0.19252998681596,0.085000824836716,0.167601046853477,0.0311835739469981,0.216683956176154,-0.0376808916411673,0.0877566664881101,0.0923055233657848,-0.167087493381078,-0.0123269104585002,-0.183020927846744,0.0295880504467105,0.119392333147153,-0.224620905057543,-0.0795875566240579,0.190005537667195,-0.168717684883859,-0.0727587413828352,-0.0796154794354105,0.0089701179881429,-0.257698027393509,-0.35902396308228,-0.135813274361032,-0.221606134175997,0.215034974476806,-0.235328650915123,-0.389416167384407,-0.0882958921009202,-0.280547928156313,-0.116718459902142,-0.183410521380543,-0.0756539023166376,0.206343697442457,-0.0766413460358733,0.183437631621566,0.160924689097887,-0.052680404638899,0.105842498263037,-0.244345951448924,-0.0368931306963695,0.223478287423201,0.0122157656918108,0.0578137078296263,-0.127060726103357,0.140286661936987,-0.251349249110326,0.247363607024171,0.0416497167647425,0.120382067515465,-0.140853401826504,0.0636175661819267,0.15629505830045,0.0610962661285223,0.0100478337124824
0.499852834350811,0.667986276800415,0.548085246403778,0.319512627723681,0.139982590955893,0.363250676986342,1,0.679153458375464,0.613577457914361,0.782047352009657,0.370364526579187,0.657160048437494,0.487728007182384,-0.11025620805855,0.209832281001234,0.353979298483417,0.154869213515346,0.141297530531846,-0.117283950866342,-0.139155926926104,-0.0210589568856334,-0.0586443144681779,0.559194451851011,-0.116638949069235,0.237145776580497,-0.246203995029078,-0.36462951525846,-0.413344702843415,0.127963779048855,0.199729611115941,-0.299052982711385,-0.272264039468531,0.249040822255205,-0.298458493854911,-0.373374953532484,-0.501586941309448,0.220898908863248,0.0592038410387708,-0.361740692645541,-0.181712857550481,-0.349067537978379,0.0590614329050862,-0.31950687573606,-0.238390924390418,-0.257847465813257,-0.0622166176678531,-0.160366450602604,0.121006130651293,-0.20685758252131,-0.40566072495747,-0.477654945352965,-0.10715409992557,-0.306567127400282,-0.102263013185049,-0.463091158190228,-0.437601123038776,-0.331402628388196,-0.0589383553267267,-0.15496568963424,-0.234132719285257,0.168838777294635,-0.0603123141435555,-0.0529854854050313,-0.0622690342020626,0.288132039265964,0.0139205460967334,0.113396042987567,-0.0378695119379602,0.0873888480459344,-0.292242758905668,-0.412122263250091,0.0964122745345239,0.193968286031923,0.0057781327783192,-0.198171748994174,-0.0178512428319187,-0.257258016609736,0.0206742372333835,0.168098244408956,-0.228233287205043,0.0921498124918822,-0.197770184907107,0.343517504634629,0.0168125047563569,0.652326710111271,0.25654302647235,0.791970475340932,-0.0901422756287768,0.161811819083631,0.40043886976362,0.291532941337192,0.768395887326231,0.225044947822425,0.12727820238119,0.138198577055532,0.4824499555644,-0.0208386700166145,0.342202276677176,0.0491838482365818,0.108238499673871,-0.210451881076243,-0.145261855372268,-0.0974167036213367,-0.479713992532877,-0.107530030853229,-0.255299281852417,0.123184983451182,0.251425517869552,-0.0282555080570576,0.293281864977944,-0.0161375458517247,0.283792273322998,0.746133287739753,0.0979880008685864,-0.269265181835209,-0.0522913942597211,-0.144613915177418,0.014915819359151,-0.109793756535448,-0.210190979984988,-0.359696122067156,0.365433641827788,0.623204621999849,0.0050154444325222,-0.317248408579563,-0.017825531227362,0.0361205703842899,-0.28346526466024,-0.147182596154265,-0.209316892000298,-0.0953106906750302,-0.217355637727889,-0.257909476776625,-0.0869483269341444,-0.298222489454091,-0.0106384425841148,-0.0507790073576003,-0.387593389843928,-0.281518719786344,-0.375925879566722,-0.126760870504657,-0.0082894783161111,0.0556055441177477,-0.0681217274430227,-0.0329319362729499,-0.159888299918342,0.0198212503086566,-0.158676508857848,0.125927113706318,0.211245922540105,0.135183718117187,0.222384277771555,0.285689612607201,0.269397628817193,0.0570317725021352,0.391629217348527,-0.244358078711254,0.0814114401371824,-0.209275464574187,0.146811634377413,-0.0075678974598137,0.121920013443067,-0.126266782969452,0.0973498746758624,0.105686250341091
0.33748980177079,0.642609738235302,0.545885219438926,0.297915048870553,0.270598068829318,0.553121510942604,0.679153458375464,1,0.545544193183687,0.684996662790325,0.312770022074001,0.576129939381626,0.530487031560508,-0.0829308262615903,0.372701837808223,0.213259783502382,0.194207567935463,0.242802217057596,-0.256982393432454,-0.0335675679308174,0.172357841360617,-0.184223949062716,0.220654504062452,-0.0844553760772403,0.0865257158024817,-0.116764808539493,-0.0891527727433941,-0.19110793402934,0.0332563782062627,-0.0306352324439175,-0.10357868148398,-0.116476996565725,0.145182219246504,-0.291302993352135,-0.300760718163089,-0.269358463106166,0.305590217076077,0.189738514905875,-0.292893444138944,-0.0304188178503037,-0.227604493704356,0.140152640630045,-0.231015854668674,-0.161360233195265,-0.118615240297307,0.118532488925544,-0.101997103968234,0.197059050684712,-0.316724135142475,-0.251556859668583,-0.369551930756957,-0.124444176570565,-0.257023299816537,-0.0937085264501806,-0.322286577528111,-0.344663605467501,-0.36349724041891,0.147697776351853,0.0304515192052359,-0.13617022653911,-0.0930770359116438,-0.14605208062824,-0.141023592811029,-0.138856653158226,0.14593942046562,-0.136461541707683,-0.0489683318632513,-0.26010307549881,0.0365311436791577,-0.409611144950712,-0.436065171295351,-0.0091423167639341,0.0062679001876118,0.0596590755621732,-0.320196723265831,-0.0343815768890429,-0.229720046999294,0.0409154604058884,0.163483109077574,-0.0181077296410566,0.083102337166342,-0.102938825592457,0.16953318086713,0.221083725187298,0.317110179705158,0.263914831843266,0.515281838221435,0.181013039087845,0.122420009136766,0.437012564419728,0.305066332453502,0.5727875966216,0.241725126622618,0.109821193267594,0.320084477761388,0.334586292399818,0.0110062014639581,0.16003844384646,0.066486135755487,0.277750513266352,-0.235437246254931,0.0302768544243674,-0.168541515313522,-0.409515122860209,0.0864775273366194,-0.273354563488653,-0.0245187679668003,0.249407119906382,0.164062892409927,0.11541836898366,-0.1367681326401,0.273434767881486,0.370641957280527,-0.0347985346035658,-0.143517741860044,0.0301920794883906,-0.080005494646326,0.0860512664170606,0.0398023248119651,-0.229888526031904,-0.166906285453951,-0.0262285022903774,0.283071451766794,0.166110875630273,-0.358727479505011,-0.0981080836922135,0.257487975021581,-0.203959616224776,-0.0115099557301645,-0.022039657810402,0.110751794056248,-0.204008453823481,-0.390830740028012,-0.190363586913351,-0.246036237880635,-0.0736206628741701,-0.230118490995011,-0.391277631636,-0.19576184440475,-0.365341370874929,-0.112023544380115,-0.0107270984801907,-0.126550980456598,0.12837133931661,0.0237132188165823,0.150708967119129,0.07332898259507,-0.372436215287287,0.0572678908032226,-0.166867047367347,-0.0346542251839721,0.0174603680025882,-0.0443453767439307,0.03655630726518,-0.22427960911078,0.110256584760891,-0.415456873349283,0.02062696627734,-0.110069573115396,-0.117894995612519,-0.186456536218234,-0.0558667660118322,0.00988375759224,0.0326475653113657,0.0566771052531018
0.616131109024669,0.590555710220032,0.384510102029374,0.67219410349222,0.51747360881654,0.643317082839549,0.613577457914361,0.545544193183687,1,0.476978314164625,0.615821509784153,0.691022002781354,0.47205406076451,0.0693927085342206,0.289357575790421,0.296090293613949,0.22222087650541,0.217123474143435,-0.237323936502439,-0.0657097718226016,0.32174883286084,-0.231140416007828,0.265165114782823,0.15221525402566,0.327012199411946,-0.103509574501536,-0.158182541546781,-0.317538220861486,0.141533499178675,-0.0338580234547978,-0.0652178121291119,-0.013547959752406,0.32611551288869,-0.0642199590313423,-0.167851398663337,-0.340015350772432,0.148138426045453,0.172887637694784,-0.246262595883731,0.0949857727767942,-0.0020087928194442,0.257234077414986,-0.0425321045583621,-0.0028153676600053,0.0965600692338281,0.245441315349939,0.0146318816576869,0.0241723198383813,-0.293394305021664,-0.352615922073154,-0.276605692120214,-0.148749017229309,-0.40792254434114,0.0246793263452831,-0.255899529453908,-0.351720541840875,-0.359018515594432,0.342559392733458,0.0553016917798141,-0.0036805910519715,0.0252224411642056,-0.0747754438130658,-0.105633269040924,-0.0492524785889477,0.0474322564288162,-0.16772097379177,-0.193764587863795,-0.1323148435495,-0.0889114426695521,-0.319891611450406,-0.350269090749172,0.23570549640337,0.0513191850159803,0.31929066191504,-0.33205305531281,-0.116603576308597,-0.426996956456677,0.0554807619257676,0.0284540286047684,-0.279721414253285,0.0155621783248889,-0.0643881430573855,0.0653487358685121,0.306862468774218,0.495813598269238,0.591865815188343,0.367424316174713,0.116678271097889,0.433196127525173,0.802748754765616,0.60465168243896,0.363674143336097,0.540859594508382,0.194114396528199,0.213279525926872,0.195684399021786,-0.0507624522488762,0.283108740632732,0.0356624280214478,0.0816868749678141,-0.375933144626241,0.0997580327622704,-0.226302858712743,-0.447583222604668,0.170960943852567,-0.310579650889445,-0.11640586426724,0.0846285076977024,0.274857575740841,0.267500866766097,0.001330914350344,0.120843376596562,0.349213923452409,0.0127096133021462,-0.0403002577701491,0.0869661586045243,0.0901137067899634,0.195805778708339,0.228884133840258,-0.0621172356563978,-0.167547193626121,0.0134307133444525,0.322754421269411,0.138756723282946,-0.424588708516109,-0.0453248059433497,0.179217179648543,-0.0797809927782295,0.068330958502529,0.161961733990959,0.224845399832838,-0.160169283179505,-0.117269739603172,-0.0848947064682623,-0.310750404348311,0.147814755672653,-0.319291772347288,-0.433975492423567,-0.101267163028017,-0.414918333456397,0.0853073493354742,0.172512195728605,-0.261470333294973,0.248697233883742,0.0616942271170936,0.0954228785158432,0.335861204402297,-0.231702933126036,0.0781632629479944,-0.108457026826769,-0.0991922505092904,0.0944387318218386,0.0648426793135516,0.179115658356644,-0.169788321771962,0.290562970295401,-0.342721536889568,0.206293015271392,0.125329601727425,-0.0488919165481838,0.0377446234448504,-0.0896782660694273,0.0874198962452766,-0.0161544424609998,0.11214985920073
0.47604583548598,0.619383528215187,0.719621059497298,0.370978219746775,0.216465156609078,0.478784631876122,0.782047352009657,0.684996662790325,0.476978314164625,1,0.334663552094754,0.460740275599943,0.406366924521872,-0.0020181087166743,0.277464591461705,0.193086494715569,0.270302578123107,0.174755582152856,-0.0869769302819425,-0.258698235878635,-0.0193076954623518,-0.276771649325271,0.513298220896155,-0.112376802570913,0.24723523474797,-0.0956017056876201,-0.13345407503651,-0.264650539214067,0.365453947535594,0.201413154997916,-0.204921974630729,-0.367926318365406,0.47160500434337,-0.317371291067904,-0.369662737823745,-0.376867274538368,0.206070893551545,0.313472494661635,-0.193679073590997,0.0223183007017884,-0.28789546903401,0.181684582758434,-0.135421513915697,-0.226869703804285,-0.252171263316719,0.0236106977544207,-0.320421280707971,0.123199879381793,-0.371428482014396,-0.503348775575994,-0.337291460776539,-0.186887516612478,-0.36814200234677,-0.188725339983865,-0.301409988739294,-0.524309233911851,-0.49323349000286,-0.0077956734542115,-0.17290281762756,0.0446501397345276,0.0042597822868443,-0.225902759209738,-0.241945343552272,-0.258784683317127,0.0346873989105208,-0.326633316467967,-0.142469617733698,-0.0884652183883425,0.0167641610619002,-0.346491046559439,-0.473163065908756,0.0220576339712042,0.0675043393716879,0.0028062154403784,-0.32366419347891,-0.200514110705977,-0.41499710756049,0.0390703477460057,0.108597304221297,-0.377591586559571,-0.076136229103128,-0.116302613244364,0.211549721658107,0.195916066960224,0.378725822744554,0.159265859638818,0.716299503642105,0.103481035452805,0.123783738000439,0.319154800387962,0.157203147738105,0.724411661026051,0.227041840870781,0.457683887103386,0.225455978021871,0.355222275144874,-0.0970031063021977,0.141829700549023,0.11662033326707,0.0935204477126429,-0.164119318279278,-0.135341609095865,-0.117663584843046,-0.536937832768939,-0.138219757436772,-0.366524697420351,0.158428562274797,0.141656746603775,0.0329789726709138,0.276054216192088,0.018009182021937,0.41350487730781,0.348453493294706,0.233906065273091,-0.0184812177755654,0.237046229906923,-0.145594211757727,0.176509948590255,0.10289919559046,-0.138913430605692,-0.0984656160623901,0.0887424249631374,0.237042614902772,0.16552369577563,-0.271463661926569,-0.0980237291425512,0.145995463715808,-0.182442784435641,-0.0234273588665767,-0.181086392654719,0.0020712805711289,-0.378666040448864,-0.377858402649885,-0.0862721186595083,-0.239183752860625,0.067188191607448,0.0043119331292092,-0.445615135294492,-0.0986764600205176,-0.266474891037047,-0.0373925589607727,-0.127799316791604,-0.0486301996686723,-0.0031473026189825,-0.0585673041162779,0.197922938594384,0.128544756271795,-0.159063869870054,0.164528901851338,-0.0992023022207473,0.0653020653661791,0.0644027451634124,0.154431619896774,-0.0413990922527754,-0.094700546827401,0.0755928567981572,-0.29350763757118,0.212164228164771,-0.0893369625489108,0.105220732083181,-0.08207260555789,0.0523904161318935,0.003743014797724,0.0430699100160169,-0.04038005769398
0.623871546480462,0.539972351869652,0.491727788102832,0.610946459899717,0.449850355598591,0.309780114032061,0.370364526579187,0.312770022074001,0.615821509784153,0.334663552094754,1,0.647870396379646,0.393664603144909,0.376388994891394,0.391584396519929,0.396542840414584,0.446184366272499,0.320167287781825,-0.228752371336293,-0.0011232348743605,0.43299972285402,-0.124533171568619,0.0792267846188966,0.255044949617452,0.224842314738529,0.143059720400313,-0.140558232899716,-0.154259763584003,0.227688796418656,-0.0735877092945133,-0.0773758972632758,-0.0224020205050967,0.231591503448143,-0.0247794946782406,-0.0186682007191774,-0.107046496589564,0.136106540135615,0.263691582657925,-0.167171132448134,0.363271328514037,0.167016278478131,0.391184119127974,0.250371804070586,0.0499465664413358,0.211546841415606,0.437708939267449,0.0334633269834669,-0.160877536481512,-0.469790024728641,-0.530544107661831,-0.222604452092523,-0.180083868763938,-0.470206691246185,-0.0129114180157855,-0.0765877328744843,-0.423521258265669,-0.579234338949703,0.436008196381628,0.157222067154084,0.260628498559513,-0.270635099053379,-0.276920466377806,-0.406945223698557,-0.29189282911959,-0.275228620952203,-0.369696310344771,-0.361410341523315,-0.193097879675819,-0.145586653492097,-0.406772733810726,-0.421981964235897,0.250249594511059,-0.119999660465119,0.307372515427315,-0.465005426615392,-0.460073690771928,-0.467369021517708,0.141110230114697,-0.0974167419437867,-0.43770990226722,-0.108539447541486,0.0815755582428442,0.011780306977058,0.286842847397576,0.553322676193459,0.634032256801692,0.219372653251427,0.167674458914353,0.41830053370285,0.403759367338477,0.621821483712516,0.0640075819403753,0.811125185648533,0.184458277102733,0.281077513706677,0.212966757588744,-0.0074739463345414,0.292474799098661,0.201155639642079,0.211734645770494,-0.288536857850716,0.274137747924497,-0.298234641925154,-0.269273001566529,0.385071188624016,-0.358959830246589,-0.128054764656503,0.245826353989335,0.402818263495481,0.0960254569863924,0.130988357664348,0.237641456778429,0.0547114635427438,-0.0136330508449902,0.0086555505136123,0.046573607052002,0.0565705229445676,0.254285198392383,0.307220760743699,0.0464466839653719,0.101582368167799,-0.116849293123152,0.0516655747133519,0.255373525244791,-0.374374936420041,0.0936504425804351,0.375317264331246,0.0102060538322053,0.310993873932104,0.369377356994607,0.396475782725107,-0.128191848071326,-0.112955033434251,-0.0928277472666713,-0.237955682929055,0.183356624318754,-0.174542534254492,-0.345639390392701,0.0804130105863333,-0.367038265000906,0.228370523372823,0.1603574137314,-0.420509397438365,0.287141804170827,0.124616313165146,0.268747146998965,0.439738494714009,-0.221861321519314,0.0237338786797245,-0.222066316227501,-0.27500169917391,-0.0939747536117276,-0.0142815783257739,0.0372053144836454,-0.192252227334626,-0.0850792063476049,-0.252077034297627,0.198732706412667,0.205075890949482,-0.0869846796883398,0.148092109205204,-0.217614381753679,0.129758862611561,-0.0420950811191571,0.0456665904470923
0.688460359933126,0.764833509442015,0.540729573556756,0.605859817631652,0.404038670007366,0.51033478338558,0.657160048437494,0.576129939381626,0.691022002781354,0.460740275599943,0.647870396379646,1,0.690927123396372,0.211172405320961,0.370230930176753,0.370581553068657,0.305395697313743,0.266083217512848,-0.115548206493367,0.106586561537001,0.324116284607641,-0.116031751334289,0.36777968493252,0.15975058046545,0.204011612699629,0.0657506209537215,-0.150010283495964,-0.199150202939633,0.139213787559793,0.123253506463224,-0.0050812455632989,-0.0824434928084942,0.158330958829068,0.0184208674127566,-0.147078656362847,-0.23028309508356,0.252507423705115,0.175007672599524,-0.209020113350278,0.100263287510992,-0.0160341416679773,0.274746817648492,0.0776217427728266,0.0275195816573624,0.0943380608329382,0.293074048942021,0.072382470059594,0.0917089978281593,-0.408950361423714,-0.369950120337598,-0.233171007157151,-0.211306409285259,-0.398956733221843,0.0344080115994361,-0.163765340594122,-0.334679502721821,-0.37125173209383,0.316661078695924,0.0991132640057981,-0.0603983773727555,-0.0448996737004613,-0.0832729093128311,-0.150501124287907,-0.0101169073066508,0.0986906418066229,-0.191140477925531,-0.186074219172292,-0.140810371244519,-0.0708312684889914,-0.293501921554222,-0.314207654816308,0.119036214362961,-0.0573740680304012,0.179517970544831,-0.323399709510207,-0.298620620459504,-0.347407148985534,-0.0163044201121414,0.0360121873057344,-0.256261145602158,0.0345933400196136,-0.0187614017439591,0.276614793429291,0.167514526716734,0.695183517277514,0.612942528844182,0.47878771076472,0.207500490111185,0.374552440679302,0.560247303355618,0.64212638072701,0.335665187199587,0.617683207846143,9.16336580762407e-06,0.302773696435987,0.448793640602151,0.12301700284626,0.427589975985105,0.221800355349133,0.408347082835242,-0.163261745726954,0.200907715912444,-0.0827300645475775,-0.26159649141808,0.301576577474844,-0.20558238780313,0.086198752863318,0.466218148720462,0.399143287705474,0.163722551224457,-0.0235212018079933,0.146834686893827,0.417091334780446,0.107349196417229,-0.208674633874815,0.0378303552298374,-0.0141015466243273,0.0907265212458578,0.210386769452955,-0.223028874818664,-0.105430526351135,0.0536909806131766,0.41153034969526,0.251642692090013,-0.445853229447948,0.0527151693937294,0.316994444605082,-0.109666836932241,0.202477379853191,0.171112439655955,0.255943339432035,-0.0840392613486249,-0.165101089815297,-0.280448257199901,-0.398160375555462,0.0848268794877616,-0.348526465000014,-0.471384058508749,-0.259365108306139,-0.50410332799862,-0.0057988154229059,0.0952639948555064,-0.373977757819422,0.192185235845073,0.0416037931530076,-0.0691008738610042,0.153094909444804,-0.404292340918766,-0.0702345567524174,-0.0991527711763615,-0.285803904392449,0.0517264218188103,-0.113019413862805,0.218466857318009,-0.205409769489872,0.209566896086463,-0.230119754779389,-0.017332216873727,0.0594884547195366,-0.168027691664155,-0.0690539964296869,-0.197799169588362,-0.0600566657602353,-0.011252960997795,0.0946344036477843
0.724377335492535,0.804397015642361,0.585737766491839,0.438892846533384,0.287877008260378,0.34274175416135,0.487728007182384,0.530487031560508,0.47205406076451,0.406366924521872,0.393664603144909,0.690927123396372,1,0.232015996155991,0.319321481632208,0.228818096643594,0.194039829210253,0.205764487448218,-0.0959871865534211,0.231430143030099,0.260386896463964,-0.0696089441154288,0.211935997203137,0.20639109692305,0.0257902066230177,0.426406045076123,0.0952831151465263,0.09304372075319,0.14825678538556,0.189968216282014,0.274768564139919,-0.181989127903783,-0.0640700539159266,0.117600987154565,0.0037179067956711,0.0902506545301652,0.45678852529972,0.0965503064818244,-0.0457346543294882,0.0065383925567747,0.0451707903207032,0.262879067030652,0.221614558789461,-0.184996455162842,0.0730559564981376,0.124146028667312,0.206069184485397,0.0577291833308904,-0.299071488352899,-0.109756697224852,-0.0760701474669068,-0.196640336626151,-0.0849309269415486,-0.172230241510303,0.0429350572372672,0.0263094518296277,-0.16093236300502,0.138942058135387,-0.0903369322634821,0.0931826961330571,-0.174933014966544,-0.0331208431358379,-0.112680200801314,0.117808983693214,0.140874986711182,-0.236650665841891,-0.320806401103653,-0.239316096547267,-0.210940107043895,-0.109511714245869,-0.081158243134537,-0.18696487213172,-0.402873889718616,-0.108059764114706,-0.368487450869355,-0.338468131032282,-0.327834938666677,-0.0072367393133875,-0.139871964452592,-0.255768018330013,-0.21867115955878,0.0878756418757226,0.368687222844251,0.305215082144106,0.507136688969583,0.474549210642936,0.244180810766229,-0.0395562130875489,0.392718802069688,0.360726577369954,0.410822445507414,0.156148780270634,0.400114407349809,0.0306260477869848,0.101107524178141,0.394506079005395,0.091266240149688,0.290025715548788,0.259493815570401,0.283564967446296,-0.0296418825438237,0.121415627944941,-0.0333788675981134,-0.0252054287863446,0.263266289967235,-0.0236181477762421,-0.037519637685607,0.429048935734301,0.43902751878233,0.0172361334677228,-0.117177333616637,0.217790175425815,0.289429932845961,-0.0048570162502594,-0.279125185000801,-0.113278430988047,0.145838859461352,0.032771632186895,0.264364516002495,-0.239630454391282,0.0580837380801236,0.163699762769923,0.413154685040826,0.188211983154771,-0.182287564422264,-0.005954829561516,0.128522846940498,0.107388827201177,0.137428626809326,0.121163204649643,0.106979403826316,0.182974957118312,-0.0224343051809174,-0.378763991133483,-0.286065087720804,-0.25469828253857,-0.220739239122967,-0.204091810603999,-0.247776860771292,-0.176305476963156,-0.133138193641046,-0.0677789664715746,-0.314509276405786,-0.0341549356859535,-0.222492730779344,-0.0129774378584246,-0.0853671308423505,-0.478435145456168,-0.0988126413256798,-0.173074924475268,-0.422886709738242,-0.0324655615177008,-0.16806156399386,0.182299866040206,-0.131556695946032,0.277710611156051,-0.0464155586271848,-0.301068236428945,0.0243391885241055,-0.432895230554831,-0.293665181436053,-0.390156954878528,-0.0972705934596867,-0.209588649256951,-0.190963918409932
