1,0.617105409985667,0.309288478666695,0.574157527300741,0.254485115670922,0.418431496714975,0.390599345125212,0.518340226184268,0.393867858297036,0.629663370340151,0.256914477042776,0.460677920287749,0.738223485281748,0.138616838415959,0.222724212311654,0.163246177464588,-0.050991396666307,-0.0598751076894842,-0.204282747282787,-0.0083271134591224,-0.03199662083192,-0.176466771616296,-0.153409982212268,-0.139525944458682,-0.115733023695427,0.409122153556279,-0.147780444119814,0.276662878240377,-0.267500191162559,-0.135846403604582,-0.195707906688167,0.117293378827356,-0.134859149112582,-0.0564047693170798,-0.241773928562378,-0.0347050084940806,0.069161883439488,-0.0926165570803446,-0.239007806995481,0.0201911567858174,-0.0177992458314016,0.0263329042854282,-0.0349059463206134,-0.116382082178347,-0.0161913318754265,0.0050462129950069,-0.218099022416631,0.0550851743786463,-0.426022508037367,-0.0760436333340361,-0.318885728508163,-0.117398644977319,-0.271892225372455,-0.102994510011543,-0.0812803104970581,-0.166146598894653,-0.132040991608175,0.262205793380684,0.179245834785072,-0.258498517181718,-0.271435631974494,-0.178954490234799,-0.277480718354433,-0.110095220025445,-0.061444429372403,-0.400855250647616,-0.147009427586708,-0.244188790793539,-0.0025566581448485,-0.164044575337385,-0.251091069615928,-0.215124822028703,-0.143288279523022,-0.0361704669142813,-0.392810777506718,-0.0445393053000187,-0.240724813571825,0.480032163729668,-0.0741423225679337,0.0161187941840311,-0.234147978319784,0.413012127908533,0.498922675558232,0.467132390979816,0.664513913483362,-0.0394694039573497,-0.0097329675638665,0.491280629906661,0.369906260314576,0.195877097272803,0.268394807183161,0.251426731100059,0.576776455921875,0.236709546701534,0.242419634040578,0.204857118033689,0.293334683324949,0.0356985206361885,-0.0003586523270715,-0.047325522600975,0.0146090692032386,-0.134146007899325,0.121468709605709,-0.370817334254233,-0.187067519949327,-0.193950244180589,-0.268660324893203,-0.322594108359736,-0.186153592763731,-0.172643039053647,-0.201237461508136,-0.0025419649758416,-0.14051329916847,0.0629732840476769,-0.170678339616208,-0.16562467597506,-0.265457421625395,-0.27484964156725,-0.13297852064585,0.0478669841420473,0.0199482927144255,-0.216397739964772,0.0102953389878135,0.104052592731884,0.21223974696787,-0.0965974342284733,-0.0842903208570024,0.0718911320207872,0.118936906303834,-0.0629366341864737,0.0615188840811175,0.0204172489046514,-0.0468650532428917,0.0288150833508522,-0.363148985987533,-0.296522820077567,-0.144803868669297,-0.0375696662097657,-0.205953047964926,-0.120640774911603,-0.190589047347412,0.0444155953984101,-0.157551670068726,-0.178218894830651,-0.21677037968102,0.454392915588554,0.0779545008284605,-0.198828705862608,-0.0537947158999623,-0.285093731010141,0.0215569760917492,-0.125845455330468,-0.236097311985597,-0.0506022401841889,-0.220405438717472,0.0287826784319358,-0.165112795212773,0.16667902628532,-0.0638275202426389,-0.0958324718844902,0.122752282515959,-0.155472600932843,-0.0413773534567705,-0.133520490190648,0.374840228352287,0.055116046075199,0.0148000758512991
0.617105409985667,1,0.380286610636402,0.470962913231505,0.137545871201413,0.773536151988583,0.314935061773531,0.725914460960764,0.430597714394968,0.720246116187291,0.0856162854242966,0.35525114127673,0.616964211367244,0.206040649096231,0.31279340311585,0.0234992071811384,0.0477340227850721,0.124310986203824,-0.0116453406543858,-0.0159147204357125,-0.156488617284711,-0.139878763093807,-0.150255308108613,-0.0969740016812595,-0.175975731231565,0.559312126005122,-0.0876378778823157,0.230547482730692,-0.029185179065628,0.0403665241393546,0.14841758499042,-0.104290613663203,-0.0903896473562219,-0.0524305748461971,-0.0278287662663783,0.308046190979324,0.149703642720742,0.117046359863259,-0.0327457993038401,0.124360834546353,0.184450141915261,0.110289307542146,0.175673925272832,-0.0799009512138256,0.180212881865356,-0.0662805328586027,-0.119585728345635,-0.208848840597252,-0.19592865125615,0.27690566731159,0.0933179226310454,0.0474804939031292,-0.16655737181194,0.0830481145648535,0.237405468852412,-0.0060749760327804,0.174684092001839,0.140608210323526,0.177127963007723,-0.0013125246307689,-0.428028675933423,-0.335810804589429,-0.22407458573764,-0.150965650647281,-0.277011577009907,-0.323383814678494,-0.351094253387693,-0.330749511381178,-0.0306712462557947,-0.234737253711331,-0.20820643663533,-0.188260676363483,-0.35357206551196,0.0830284542684353,-0.0639671666094921,-0.0198759582106804,-0.085346697022931,0.232363329511775,-0.248285310943967,0.164539008182775,-0.23164416884123,0.0813792692632986,0.274859337777113,-0.0161579055575136,0.866461288713184,-0.153222170957024,0.0611934070081017,0.896504601760904,0.102895476042738,0.16044180593617,0.133743719255499,0.360696567748301,0.731263357497261,0.277087369857126,0.0729710347596211,0.343910411371176,0.339031540015241,0.0226286125824231,0.0127431452734132,0.039523293305776,0.106759481470939,0.0312533919157898,-0.0878396105662797,-0.133522238477658,-0.192148547070662,-0.296390136224802,-0.0968841562440997,-0.315530708504502,-0.09510921810675,-0.101782759102904,-0.192643734400601,-0.171617981153597,-0.262431014716641,-0.0381936421586906,-0.271806364524854,-0.182462701004523,0.0018615264290587,-0.345857126714563,0.0693067916217716,-0.115844456335619,-0.253517118833818,-0.122142788622087,-0.112453242686237,-0.169213230804979,-0.0018288935002727,-0.0127562887402302,-0.0013037383373737,-0.0108642760183998,0.0375418090382615,0.0454353023460348,0.0696850686278894,-0.0159516601961926,-0.142011189727798,-0.108774007416326,-0.168656790958188,-0.0033114311275774,-0.0031980561266778,0.219196148560311,-0.19245487075509,0.083440729455807,-0.0886147010558404,-0.136330252703729,-0.147934222395446,0.143368316380516,-0.124736456979309,0.0851856837935321,0.126530068395969,0.164068027440265,0.0776657718869668,-0.186296951489588,-0.369575193683586,-0.424222181240887,-0.273865413200391,-0.387569109833141,-0.393631139004054,-0.213416208678738,-0.362062201741204,0.0224423895711253,-0.434009743227198,-0.0411925634344796,-0.0163404504014401,-0.461459592640643,-0.231092403540352,-0.222131249931837,0.0876379647716382,-0.225743917583038,-0.243041230809658
0.309288478666695,0.380286610636402,1,-0.0556014237564944,0.109139207021053,-0.0079719384143295,0.585332679838568,0.0733937325317067,0.0691635352515912,0.499150006917528,-0.146414435428371,-0.0107307086932133,0.416601795029014,0.179003776916685,0.317122775148865,0.102033660943158,-0.0148548275462582,0.0410213021184913,0.178218756740284,0.24471719336352,-0.0811244344482052,0.187424634451179,0.326031231429201,0.0731271200732432,-0.02399090565202,0.840039889772636,0.488773418406713,0.849114097879457,0.0731665176201835,0.439801152394701,0.342596394436376,-0.188998487495325,0.136782316177838,0.363525714086012,-0.222439881221676,0.427236860155773,0.198244005499117,-0.154952794820882,-0.289898113591858,-0.107962524451352,0.0338605210260443,0.132681268766434,-0.0811768260877999,-0.510472445701101,-0.123253012527406,-0.440983461020167,0.0608214069734478,0.0084677381465108,-0.229714156674841,0.31886655666851,0.0430599543518102,-0.284818325253625,0.0052067340935384,-0.339896442146516,0.0407150093105815,0.233297978486293,0.568446314124263,-0.245014637201143,-0.280275314770073,-0.0516933336658594,-0.0321215796679564,0.0470799285867089,0.0970483678073248,0.175711449527416,0.0829254172994041,-0.137415440779788,-0.184826159834423,-0.201630676120741,-0.347303266135027,0.0761761929456889,-0.0924757425860282,-0.436757027110497,-0.138626528718214,-0.37137052078197,-0.160837422598737,-0.0172581484226962,0.0557452912468802,0.0289489862970965,0.0012134574844397,-0.201157633030966,-0.411950854376667,0.0357930226949445,0.387038288792551,0.234316322992964,0.534925099722261,-0.238917453514361,0.553641234337811,0.306143610320642,-0.0494780127734277,-0.205339228636319,-0.106925517234087,0.587535616560088,0.239636352766006,-0.121697644335183,0.715025924453658,0.285739084188218,0.287712224216813,0.0942844043151992,0.0001491700615545,0.0737830200313752,0.0948290271593615,0.307784822374143,-0.176075650235956,-0.0853351434910038,0.100774917088979,-0.21393602712112,-0.222046386134169,0.146094088484554,-0.107344206706896,0.0892624091423512,0.212719979160553,-0.145860243054582,-0.19467546928282,0.590958301306926,-0.102513009307987,0.215400622404517,0.0058046252107785,0.214633599667194,0.134255459185557,0.588997452915384,0.249722841128136,-0.181363064256807,-0.0387080314959729,-0.437204396394736,-0.262851007881853,-0.109689457923585,-0.0342227800197529,0.0422581447248276,0.0909325272122239,-0.105273868692841,0.0313158564329752,-0.20386151838343,-0.465423945561676,-0.0256311821364579,-0.445577144058167,-0.319422739637587,0.0227373574059433,-0.0777548142907992,-0.200938298558167,-0.556823469086163,-0.368945795621938,-0.0683186970432024,-0.531276806556823,-0.200940575108194,-0.36653390281222,-0.181623802453072,-0.407021504417259,-0.142100969339034,-0.340568569435916,-0.272595545103823,-0.0635292256140148,-0.406644649031719,-0.259581149598736,-0.190925795963473,-0.254356368965578,-0.152914760737908,-0.216879736950334,-0.0120943006528686,-0.324020667355775,-0.517013540781393,-0.330537602668425,-0.320010670214655,-0.357180560569458,-0.547333893787199,-0.136130254110397,-0.134838900858505,-0.345215298535743
0.574157527300741,0.470962913231505,-0.0556014237564944,1,0.352381461874671,0.559359574452823,-0.130790356699239,0.528471813660407,0.829328930236829,0.153800837936851,0.72429581511365,0.673879332197811,0.337131572560911,-0.15201762188745,-0.076934391491273,0.0408623443400592,-0.0932056435751539,-0.116561106225683,-0.121819220571749,-0.0870965887120748,-0.124333934569926,-0.353913104224082,-0.224618456387214,-0.104249049306596,-0.048475093365621,0.0307110631017521,-0.213014180093518,-0.182431389060503,0.0248671970919558,-0.0075877791546498,0.117194790468726,0.243800550573074,-0.0423769703413744,0.0707249319373575,0.118068222758822,0.108622035529277,0.033241476997789,0.0679156639833316,0.0838235179442714,0.138983939896468,0.0930780878337753,0.0061142133395618,0.11402150891157,0.0667585416158006,0.147056311745508,0.0571877327890778,-0.113160241750765,-0.134409768280599,-0.0323695902854309,0.130344472032823,0.0898703422696822,0.0828879170741681,0.0853425487638921,0.293875257054921,0.237003106492983,0.110704638582079,0.0578989836426478,0.374597595506462,0.0825039412898827,-0.105343647261023,-0.200018209192998,-0.236420325543941,-0.0460855148777017,-0.125230692497758,-0.474840232689487,-0.1478745712134,-0.189805080902299,-0.182551403035255,-0.0409077016056715,0.0960717780000302,0.0781804144070113,-0.0851459843957352,-0.154313843955538,0.121062433455328,-0.0569925038328074,0.0526716560164503,0.0961337074996327,0.24017017402034,-0.196490201019797,0.0524945635439411,-0.0234068671498311,0.073881897570908,-0.0426903872770484,-0.0787053065639027,0.382867057642227,0.16580258093986,-0.437186196004484,0.333044883396235,0.501278065044194,0.527450653642929,0.615899491482565,-0.335471822317401,0.427935423888717,0.737742938364091,-0.407360732881957,-0.0437419421189143,-0.0639893324938246,0.0186841842444718,-0.201845017562429,-0.154756833912274,-0.16281906273852,-0.149388865215953,-0.162381670067622,-0.269332077248946,-0.340550181136456,-0.186602326958537,-0.187918720034566,-0.155009404524081,-0.16559801726757,-0.269826636234505,-0.312534958544224,0.0251914994474213,-0.0102144649147226,-0.30756702623472,-0.459089530250787,-0.203879217525246,0.017745395134076,-0.220707448487959,0.102909500686772,-0.220631598898051,-0.335848439372308,-0.0794740461360807,-0.228589916916164,-0.108062492422982,-0.149009041900492,-0.0857920116713894,-0.154158723238313,-0.0004939014139252,-0.127738740025895,-0.124736687427873,-0.021088109285079,-0.131162371431353,-0.0010390824844661,-0.200067870823427,-0.0706768773047638,0.0738224909083057,0.0303873216964144,0.111462094173979,-0.0441789700593863,0.204320413763604,-0.0330371713847424,-0.0777468775924609,-0.103428404212401,0.110529648415675,0.0398744349660312,0.440771019803484,0.0895452711938522,-0.070182679108858,0.0503308043305987,-0.143642710293685,-0.313963781979843,-0.190706995428856,-0.0029728391265325,-0.140447988022285,-0.163464727466672,-0.184755436720654,-0.128814318013501,0.0928771485160296,-0.159170589234151,-0.0112586643526864,0.103825872488734,-0.245882039875281,-0.033375562702751,-0.0461785747418356,0.168593981724283,-0.109729701957127,0.0633624776913685
0.254485115670922,0.137545871201413,0.109139207021053,0.352381461874671,1,0.175016826168529,-0.0669815120241966,0.17023914566601,0.427606558830735,0.0117954435346658,0.509688493658407,0.300161986330697,0.110816626297204,-0.049392965382824,0.0408467139630413,-0.195002821173981,-0.288444104415369,-0.158075642820761,-0.159763186306198,-0.206509367783685,-0.1788808736219,-0.204500985951848,0.152973304754472,0.18217899474004,-0.133402426474484,0.0358335460633806,-0.0654825774916828,0.094171488011988,0.0826871154487229,0.258505102157669,0.235266162632011,0.280045320256093,0.219149850694556,0.182657249348717,0.31988773623373,0.091010162553216,-0.0795245795892775,-0.115111730200355,-0.231330303461909,-0.144012192452771,0.111388994874014,-0.155587168399148,-0.160487100318055,0.171347318954023,0.113020564227906,0.0172519235871383,-0.0326869767167898,-0.210523360576869,-0.0374512073529021,0.245196091107255,0.216485949001637,0.075630496202017,-0.0536559754755556,0.191556465754825,0.235327011254581,0.0209508916175366,0.153692789351423,0.399939737290094,0.141355227103965,-0.073481641772631,-0.196511296657756,-0.192197182088649,-0.0918892073290111,-0.0750596020545301,-0.0947778365902668,-0.111166819792201,-0.0617334835594479,-0.223830340087249,0.0856587176342323,-0.136867989807097,-0.229026579910306,-0.0673819922838984,-0.201615091876931,0.131763662631984,0.08367441521644,0.170403769995582,0.0892060844534241,0.505339105544659,0.0001147026855941,0.112516974880418,0.117928860368566,0.271962301977348,-0.0815856300021059,0.204531189652813,0.0837512852375793,0.183293378312012,-0.214489501007324,0.0761351229770743,0.632356559609936,0.112682096396391,0.411548347665599,-0.146992064611257,0.0919358263935416,0.362842762515344,-0.194418325147099,0.0711998273162039,0.0323695380202248,-0.305610719497483,-0.205608952899593,-0.29143819066043,-0.355524888102359,-0.116660538804796,-0.132087914061748,-0.267020887598887,-0.328145909097217,-0.240750447621121,-0.170131482200487,-0.0285446965811732,-0.202377281571472,-0.316720552542957,-0.242167037414508,0.0660409294329558,-0.161671538240092,-0.20162344177419,-0.299823516249992,-0.194122565748737,0.107538964241919,-0.0194528904810756,0.0860257965982212,-0.187797087661537,-0.226265894916211,0.226112597743917,-0.326357469747949,-0.291161492694782,-0.104116373113352,-0.209439992224975,-0.191536813694786,-0.149658873462054,-0.104458737018879,-0.011979066288384,-0.236007304291783,-0.164286940861034,0.0515553640123579,-0.254955810278829,-0.0196295520455628,0.149268399525688,0.10949568153692,0.121168779460837,-0.088564473354638,0.257958929768895,-0.0911584966386634,-0.28841250525365,0.0998747894909663,0.227978630562876,0.0048431503807673,0.424489551228731,0.0377561694847659,-0.0432202074499024,0.121618162006033,0.0351729780800072,-0.141513671780783,-0.202104040060736,0.0837875960870564,-0.253133420521509,-0.0296328302551232,-0.163373709160345,-0.234961194905708,-0.162938365021902,-0.428621385720896,0.168359909595081,0.112497212033727,-0.213450773130565,0.220738810494508,0.24715426736768,0.443149406060465,0.125329321724252,0.192886374239268
0.418431496714975,0.773536151988583,-0.0079719384143295,0.559359574452823,0.175016826168529,1,0.0017575539593719,0.847159459263634,0.538277262938884,0.570391893641231,0.283891141202173,0.583931016611854,0.554002594382461,0.219117473952226,0.204516468331065,0.0427587881605233,0.0799806150814667,0.0896185208709961,-0.0450239272057966,-0.0142375938911855,0.0486773185770965,-0.180952654862242,-0.108633936665328,-0.0657862410264559,-0.0552037504269166,0.192128630917594,-0.183424748596933,-0.124602187848474,0.0379984010632454,-0.0403557046351188,0.0367772548050368,0.0164889681328369,-0.048910229502007,-0.192206576479618,0.0097636680566742,0.120739920873249,0.16326268544756,0.269881915229117,0.247097024651159,0.30024022527784,0.108941772937703,0.13478593514725,0.313036962632093,0.182026828938208,0.347732880835398,0.180861658331555,-0.0718718040485094,-0.125103376642884,-0.156742066564326,0.114287699888275,0.0477680101372853,0.215158284625613,-0.209763870136111,0.218298501337891,0.206276577600585,-0.0032759958686766,-0.0403541449705158,0.296878067119,0.320140748439204,0.099025763395312,-0.407701020482835,-0.323339705267766,-0.204396920729043,-0.180742367124435,-0.373745386896329,-0.28408837777065,-0.328139108061499,-0.297772155056753,0.242907253413288,-0.135338226396853,0.0276326418825254,0.106914075371485,-0.21851798385176,0.331454923815166,-0.0778340552306831,-0.0278702238434285,-0.0500813722097319,0.132218141526591,-0.197507566480424,0.296168426729986,-0.0054962445909749,-0.0542931360404961,-0.0382615048989843,-0.232138639273889,0.56174823930361,0.109255263243664,-0.27668401167374,0.69221027385861,0.212090918846764,0.334457418609651,0.294395299362897,0.111679147369259,0.76769242737427,0.526448543371546,-0.302744085087586,0.284327234350724,0.213782402436777,0.0841284038616492,-0.0014602042409514,0.0487650072969418,0.0558881744740743,-0.0627116409452149,0.0609971779396105,-0.191837869864767,-0.166245501412553,-0.137395130571023,0.0355885085184242,-0.361883727252377,-0.0018154141218941,-0.119477724855928,-0.284296492585856,-0.0980984390716612,-0.171646074815362,-0.3056028889018,-0.238435976905017,-0.319592674512627,-0.0793043628526393,-0.460881217478104,-0.0882086580165164,-0.454604704032456,-0.437696764712504,-0.197668743849264,-0.149533379103622,0.034222046814515,0.076527003058881,0.0984448241132224,-0.0692675900563597,0.05910497904178,0.0944555843336915,-0.121520430874528,0.125077046550133,0.109412149051181,0.097365543317665,-0.12203308872397,-0.0992654194115451,-0.0352154533519269,-0.221155094947884,0.139577091171548,-0.300753762747032,0.217034832622714,-0.0275368311899672,-0.238529783519815,-0.0182410676996912,0.0686700343956311,-0.202226927532712,0.226616358097812,0.221661558433577,0.272056603502771,0.254577335647503,-0.230570441513706,-0.40082772541241,-0.372808031275279,-0.288817897268047,-0.282929524010375,-0.429659922397712,-0.104571756854368,-0.253088530937148,0.076096834872228,-0.317377624907709,0.222886220687822,0.297612328437903,-0.314796429241896,-0.225676331047442,-0.102543892611498,0.0208622906134504,-0.1759700559415,-0.129308991116909
0.390599345125212,0.314935061773531,0.585332679838568,-0.130790356699239,-0.0669815120241966,0.0017575539593719,1,0.0771816479738764,-0.0507542805547309,0.617759789760846,-0.212174027463428,0.109884406566077,0.559488094621288,0.341686396206375,0.440110544184756,0.274861293325514,0.201377908479307,0.2773667976403,-0.121947551716525,0.238699071927384,0.192549166874852,0.318980326366907,0.222279127609684,-0.0113713073590169,0.0189437037756986,0.556102205045679,0.350602476302596,0.588123201884691,-0.063191749792952,0.060191680179696,-0.0300136145426459,-0.206605834093197,0.134015833251589,0.151980389788252,-0.446245250352446,0.13877918453457,0.221398947711462,0.089788723923013,0.0160773999082739,0.0879722935223577,0.124245266824512,0.309777416209714,0.178056151323035,-0.298468002167282,0.0355105262803548,-0.0693574819760134,0.161019308423677,0.0060654374512831,-0.354610451956103,-0.061292327156452,-0.241443389975385,-0.281790170108499,-0.20069193052293,-0.387472915630531,-0.0288237893909644,-0.0321229428789562,0.137117006750286,-0.118800939259532,0.0172120200734467,-0.162406153690175,-0.0566108874801556,-0.0082129714533447,-0.0987660485724245,0.137545040497017,0.541731833530418,-0.152033669314841,-0.157207905306125,-0.0938339257444195,-0.308385640011616,0.0135977742989935,-0.01718684372687,-0.417549710334739,-0.0734615489517997,-0.232207652207037,-0.357162365126955,-0.235447150661767,-0.0217981418784082,-0.127879164189766,-0.0648720598616716,-0.351819093521471,-0.453022261704393,-0.0540429339199258,0.31976736666182,0.180933000122752,0.508751387409172,-0.153643374032611,0.540802634683409,0.314925676609376,-0.137353369633326,-0.0268879054803711,-0.199731597935696,0.698301458763217,0.375594712870411,-0.153272366068482,0.707655477246311,0.391703554227315,0.424274841934868,0.256933393523599,0.333189153559517,0.274220524809495,0.142337776812964,0.0478459978541178,0.193648288544536,-0.199972981110843,0.21890099016121,0.0179020855841166,-0.207954509121655,-0.063259551550465,-0.131638983269676,0.153697929212434,0.0813902748641899,0.0584017175159737,-0.0745337090798048,0.440916476012045,0.282947906634965,-0.0221454730443094,-0.207997239809627,-0.0771329899237411,-0.125211842966319,0.318668063797387,0.284113898402401,-0.33883896786289,0.166386444507226,-0.0107212426991986,0.161790839618728,0.170897203939395,0.0594597735921009,0.263723934717745,0.305992034537611,0.0531753221949255,0.279740453851311,0.131594707027477,-0.129223001439879,0.278071180390064,-0.404564344769956,-0.378636790122147,-0.29140628007229,-0.119432325166156,-0.37538526538088,-0.413923496703766,-0.235674440517647,-0.11202431955194,-0.227681413330716,-0.345002445124685,-0.458664161843597,-0.0140403546630552,-0.111755871220809,-0.231078440295946,-0.096732395465765,-0.279286225509618,0.10992295737597,-0.245272017354992,-0.466013627376012,-0.0612321855522456,-0.319021839626772,-0.007065967333618,-0.0998970771915533,0.0759788683935973,0.0098214519372965,-0.406981875153817,-0.127783037719269,-0.205315666656799,-0.456448608357259,-0.457590010125024,-0.19509286569452,-0.159077886243634,-0.357871812560865
0.518340226184268,0.725914460960764,0.0733937325317067,0.528471813660407,0.17023914566601,0.847159459263634,0.0771816479738764,1,0.433544983196502,0.649413043272266,0.199692266855496,0.533070388545139,0.666776882423358,0.225080629338684,0.158260904773316,0.02744782025149,0.0419871918603954,0.0482774068022046,-0.0372804296972996,0.0471457441291395,0.111032774973247,-0.237854493991603,-0.251059674956244,-0.272542353286511,-0.0688314827258111,0.186121869331265,-0.312640413630181,-0.0907770742803871,-0.231622617206035,-0.168531003270878,-0.0534868165655638,-0.0943306487553823,-0.281470154708666,-0.255944982598128,-0.115668709449798,-0.0021961336405509,0.217625912209627,0.0502355351336502,0.109150100729348,0.165214129320523,0.0639528430897415,0.0327905578422553,0.189437954842913,0.098961532700291,0.334766665426769,-0.0018145125690209,-0.0981840376162699,0.0035967436809648,-0.101121553865909,0.146696367952958,-0.0979193933649911,0.078796234977209,-0.243132926649767,0.163539646193246,-0.0035788615780632,0.0498830514102406,-0.101667514869749,0.400289018477635,0.360205137112802,-0.160185814468025,-0.330667914207722,-0.183643741177469,-0.0912987876819233,-0.0024689051669686,-0.234386779422741,-0.223893873895226,-0.26678771159116,-0.314780769560765,0.298226591768527,-0.0514950940403972,-0.0144609102634595,0.0990266316350504,-0.16992537932712,0.297951754769775,-0.189490159827422,0.0274742880486332,-0.108537147975185,0.189637947854732,-0.0488708099883322,0.371850549326758,0.0940536433244011,-0.0587836569167625,-0.0464701517145109,-0.262850937747935,0.571088007027912,-0.162903282829106,-0.350267690024601,0.616646597581958,0.0950644299161554,0.106107622452893,0.113939794132675,0.158934747724624,0.856090847995575,0.348817596777302,-0.224857012683104,0.285064925321784,0.228362568141126,0.0517619294887002,0.0476119092059903,0.0523791622430399,0.106590066579736,0.0017023459254922,0.145339693445602,-0.278917914285715,-0.161219855416958,-0.112835604347093,-0.113551480736301,-0.468044113958202,-0.0734006119985563,-0.215739363598331,-0.33517430800872,-0.12065979075886,-0.169381741390886,-0.318938731501865,-0.24044469848947,-0.332067929558233,-0.114508988896715,-0.523143294424885,-0.0715891005465873,-0.370156096878751,-0.392075581517347,-0.276664705055072,-0.199898689233559,0.0765717274841675,0.180251586721371,-0.0167643701781024,-0.0782759719154124,0.0770776150803865,0.11080405332399,-0.130391546945948,0.111555853947876,0.129111619605092,-0.0309447696187797,-0.123992388087291,-0.115039349108837,0.0070828272399045,-0.125838732777851,0.142727184492056,-0.297744392906152,0.139678823051145,-0.121691664103568,-0.204939887721245,-0.0454161804165859,0.0615788798105998,-0.145583699636763,0.248190371932031,0.302916797674392,0.18493189955515,0.252198524960266,-0.216284405300309,-0.496463303380381,-0.239967264547148,-0.183148391492569,-0.164617713868338,-0.293136615249252,0.110547014925314,-0.150978315309114,0.313719538195548,-0.249152102062992,0.251989482201905,0.297386438524718,-0.243804506639073,-0.160802706807645,-0.0887640105278556,0.0492948215280859,0.0025028198983269,-0.0052381717267896
0.393867858297036,0.430597714394968,0.0691635352515912,0.829328930236829,0.427606558830735,0.538277262938884,-0.0507542805547309,0.433544983196502,1,0.188650582341569,0.8069771520146,0.767732768534366,0.337298910647946,-0.100613686879117,0.0206409807564898,-0.0813073568116626,-0.15590605822757,-0.151730520161581,-0.0782296795662686,-0.0130670626510229,-0.220993153468125,-0.222878073636364,-0.0406018789441783,-0.0005396168988957,-0.137911876309066,0.185201143593384,-0.11509029424172,-0.0080931784806679,0.185646487958682,0.121243060840947,0.237624413645032,0.265584559125804,0.1574317633156,0.123988196467735,0.199038797576554,0.240308909392742,0.0126653670196541,0.149436485629613,0.19468041001427,0.166117769414936,0.335662616834343,0.0581693110661096,0.190118532039519,0.0605633369014336,0.24208370735604,0.0720525165182029,-0.0358954344491628,-0.148971069889499,-0.090303484893376,0.121989343110199,0.289345647509063,0.196592885377353,0.0369405217078556,0.195360532829324,0.419380743257157,0.101431950213432,0.182080824718218,0.297385250100273,0.0532115298501509,0.135677124152288,-0.310446566061646,-0.385328859918073,-0.157075543305827,-0.225472711593713,-0.450062153891876,-0.261179595013189,-0.370677985086839,-0.15870566883486,-0.113842153506437,0.0291669371483695,0.0669332335290972,-0.156173099623826,-0.264706891718913,0.222677800723376,0.0570293857470403,-0.117503875802418,0.109811455422338,0.134836240783357,-0.329165329212473,-0.103307571673019,-0.153976262789188,-0.0814256729928386,-0.0868644540032479,-0.209464014016288,0.392732172124033,0.29907348572137,-0.28272378006991,0.362098291892181,0.572317069416035,0.61730905072519,0.759406097543224,-0.241306354137704,0.411140246950402,0.869955207576157,-0.345505785262588,0.0450459117220065,0.019351807675476,-0.0165091925880429,-0.281394956788884,-0.167580179538219,-0.172686857804106,-0.100017962015838,-0.230858983373778,-0.273694933188579,-0.277435683817992,-0.274022065907796,-0.144613398942424,-0.0415522332039949,-0.134750484798916,-0.223890276973008,-0.277673973501371,0.0268290926328296,-0.112417313843597,-0.111854557641985,-0.408575143944616,-0.242398078385217,0.229080156446715,-0.127863807795697,0.249862617882588,-0.141985221859143,-0.264006475081169,0.118566444846849,-0.172086742948662,-0.207351654308059,-0.180298987862595,-0.0080573106097312,-0.041750902129123,-0.0354839524913548,-0.129614397995568,0.0206890504169007,-0.0226382303932721,-0.0745528504026903,0.0917374064988106,-0.173353167443052,0.0349282169032191,0.154903957486451,-0.0114816673744918,0.193629222939292,-0.140715866196195,0.232818773253958,0.0954906059107702,-0.156230231768064,-0.0008825092589771,0.207697584736421,-0.0351792734510494,0.408745663159053,-0.0046364994761155,-0.0139892342682397,0.189978143777753,-0.0514122700909834,-0.311901170573695,-0.385422529709087,-0.153816374154492,-0.328757463083429,-0.311253352610614,-0.307995141992977,-0.311348540510772,-0.0523901177703806,-0.25667985597376,0.0196510291202036,0.131917396553283,-0.381808359010674,-0.165109333293324,-0.0180284033647428,0.059173938955433,-0.262435670615716,-0.0846941481864933
0.629663370340151,0.720246116187291,0.499150006917528,0.153800837936851,0.0117954435346658,0.570391893641231,0.617759789760846,0.649413043272266,0.188650582341569,1,-0.124793201762254,0.374336562337413,0.83301916405929,0.364904151759577,0.316255855209704,0.091172381837992,0.0983340179427854,0.168916868356349,-0.13135204395061,0.194300339245492,0.116317933226741,0.118630567535992,0.104952008305746,-0.0726129127201763,-0.0300115937504592,0.532002153674119,0.0658813885659718,0.371377276752437,-0.106607206318293,-0.0207806088042058,-0.147362892926281,-0.239842286013647,0.008997113876747,-0.147281258885137,-0.329781783008603,0.0367960786948034,0.169674246740521,0.0972122640377864,0.0515516969125999,0.161239325556621,0.0647190615280963,0.162133737204052,0.188632215393089,-0.189637063203519,0.0736915064274575,-0.0084378617289122,-0.0423727697390594,0.0885173277418443,-0.302316090046207,-0.0579036855959333,-0.238672204648531,-0.0515061515990772,-0.265749128955939,-0.216866401984649,-0.0316210558786252,-0.0859734749335833,-0.0327208627426085,-0.0049759436213244,0.150225427365429,-0.106270653435263,-0.249144660470704,-0.158281996206288,-0.185007286811043,-0.0475501671643309,0.0746400839009318,-0.321160042389645,-0.289431885015458,-0.234051700083164,-0.0137145916846936,-0.0924768889765753,-0.0066182074005374,-0.211491358740979,-0.149518196367721,-0.0238178039085116,-0.283051873497498,-0.165198081141667,-0.188258455861502,-0.0111895986290484,-0.113306618436534,0.0150765411787491,-0.305482937996701,-0.0409226876198605,0.352227392563044,0.0755511333860241,0.751681310904351,-0.176983157704857,0.285391255070975,0.657176963294389,-0.0862599301801842,-0.0072309013691183,-0.138761047732588,0.701693440515007,0.771689454706379,0.0091465629880159,0.423156951215723,0.359920948821287,0.358928552816687,0.0848596034046428,0.108770909657496,0.127708451219266,0.1354189017397,-0.0246576580673355,0.194460032327926,-0.242004856017941,0.0350376826294338,-0.145387228815234,-0.122701436231973,-0.273745789188312,-0.0985089774912537,0.0179345561582404,-0.0411824273281217,-0.132659603080191,-0.204253918294533,0.219087729426669,0.036258276551942,-0.156464889147712,-0.274278771659701,-0.306514029789721,-0.217884199358319,0.0147966301038151,-0.0376534251289043,-0.345524560083861,0.0376450938696803,0.0664630663958604,0.218860782773189,0.0839244130550635,-0.0511955433573334,0.121542003115117,0.227193003289055,-0.0194891160637432,0.187709486911781,0.119439925221224,-0.0954213878260537,0.0434676158815798,-0.332193763926781,-0.30765370268949,-0.396147588338465,0.0001861920903378,-0.339630723078929,-0.240247991798066,-0.168382984994072,-0.159361232610323,-0.16263773455497,-0.216968850310016,-0.402779790283735,-0.0135889421861315,-0.0022400854482767,-0.020777404817597,0.0045451675240271,-0.26439166416092,-0.118061260898102,-0.289321644228814,-0.498232416153969,-0.109588557011746,-0.351458192668353,0.0744895328346818,-0.10503343368672,0.151735279364595,-0.0425788104499468,-0.12222909609475,0.105298078477854,-0.205323283359047,-0.420489584211342,-0.312272493241902,-0.171937125162814,-0.144349473827601,-0.300800456986418
0.256914477042776,0.0856162854242966,-0.146414435428371,0.72429581511365,0.509688493658407,0.283891141202173,-0.212174027463428,0.199692266855496,0.8069771520146,-0.124793201762254,1,0.651022585800393,0.0847738700879949,-0.127175709549853,-0.026413948330138,0.0165900541498485,-0.17521422179275,-0.144997619151323,-0.13041286326917,-0.0216783446365246,-0.113580510647945,-0.2081886787044,0.0163970892731402,0.10197665121212,-0.0943007483378467,-0.154938315352255,-0.239221888644824,-0.171757318568008,0.113562846901522,0.132936616445436,0.183090050738366,0.366613208234814,0.14994582034487,0.19675852122385,0.271370962566712,0.0638878204661786,0.0096515485596068,0.0299660856716729,0.125796274027475,0.0822383277533111,0.232159524412981,-0.0506490983667736,0.0240313452121358,0.117326484551575,0.186371840555773,0.0632971149279879,0.0063586802247761,-0.115084687301067,-0.0299721437636623,-0.002433584220741,0.215803609486121,0.0391564562139662,0.115183393190046,0.245784504353015,0.238496613052288,0.0613696619331862,0.0709913618648057,0.442064211351337,0.0805547173078775,-0.0091965514563281,-0.184957771417232,-0.271306288847867,-0.0946788401302792,-0.166631925444069,-0.353593401224465,-0.150634775414712,-0.235644973208261,-0.118593453427455,-0.0020250896705966,0.033065596378316,-0.070064689313761,-0.0614975911015256,-0.221015646441728,0.210087779499108,0.0883783411467568,-0.0934580826971999,0.0562600003556528,0.260096126250903,-0.197644042841555,-0.18097161127958,0.0102936440173755,0.0891211195959454,-0.23151433265261,-0.084295705381439,0.0380220089362208,0.519994918774779,-0.330102390433232,-0.0434085723127834,0.729409511755365,0.533592448145473,0.787547244704215,-0.436290886986528,0.0860406394868714,0.865965661230004,-0.48701753305551,0.0207361104688159,-0.0326611584759267,-0.0378274687296012,-0.151199272606325,-0.193715105611855,-0.239331872951189,-0.186066209485183,-0.146875342791461,-0.187108802246333,-0.201002140923554,-0.103042677790205,-0.0380687547897405,0.109433974031505,-0.0915078006624338,-0.1077520707323,-0.166384869875736,0.241173763669182,0.0380059298656243,-0.237786116865833,-0.298271773651516,-0.215817692307224,0.220289800309974,0.0305259107916048,0.173992914749037,-0.246146178505822,-0.163464083762895,0.230420825809567,-0.206182780534207,-0.150407568553145,-0.130011043655381,-0.0135465986191193,-0.0735268423152222,-0.080297128633698,-0.0323334939210165,0.0307506627288174,-0.078736432513556,-0.0569370580932457,0.193090325422323,-0.160557307552768,0.131549439484743,0.227719453283744,0.0167668781712319,0.183156787494207,-0.0814685002375301,0.320726090298095,0.101435649047078,-0.273247980033282,0.0783801278461249,0.245234159525247,0.0481892050737205,0.609559910958755,0.0259512288992054,-0.182834576573207,0.169124832358898,0.0041872944399567,-0.225481548090211,-0.215057553229492,-0.0013855720996945,-0.19014555862512,-0.118992376244758,-0.162466620987136,-0.173024108290659,-0.0480350088404384,-0.185886758430709,0.136732747155764,0.173443833132237,-0.26060955094584,0.0891981430313736,0.186884341801547,0.284662907236564,-0.0997117876939821,0.132741795946673
0.460677920287749,0.35525114127673,-0.0107307086932133,0.673879332197811,0.300161986330697,0.583931016611854,0.109884406566077,0.533070388545139,0.767732768534366,0.374336562337413,0.651022585800393,1,0.646742572761998,0.334778199737035,0.284347681872806,0.236166816454747,0.0708295859227388,0.112415769267232,-0.272768985987857,0.103418843552153,0.212545883453885,-0.0569450033917911,0.0123771417718525,-0.0885404032930405,0.0376551584329472,0.0754537221329092,-0.11322247581627,-0.0479231705514853,0.132625983618139,-0.0565000048461874,-0.0619281367369156,0.234375346114046,0.118171653555353,-0.0745186778336027,-0.164444131762888,0.024933893122676,0.211319552859932,0.346008279611432,0.410792663565583,0.466001542907213,0.275233936792839,0.219756199435466,0.396095971179587,0.180029031388955,0.414325661195224,0.362852085547446,0.014816912251352,0.0277102168598097,-0.398455008380438,-0.181435538879235,-0.0909667846930185,0.171580417150374,-0.321149377131294,0.0739435000963245,0.187722637546908,-0.118124359242397,-0.128045065734361,0.446528137517183,0.330062661539694,0.075551881198134,-0.314401909131159,-0.398153838176599,-0.321589960757417,-0.201385347948394,-0.190936431845963,-0.411602070791315,-0.408748441524593,-0.227527729774147,0.0950743536469817,0.0142965572171296,0.154859533169255,-0.0073549630702987,-0.192274154687646,0.384800968102339,-0.252174736770547,-0.298770667311771,-0.0893882903163645,0.0472084377449747,-0.238100550381765,-0.0007158175642557,-0.161671223625199,-0.169849895707501,-0.125221281760634,-0.2064779620489,0.390252810355371,0.377259647444458,-0.291245804702058,0.318709841656164,0.531901336096755,0.583355829808442,0.643035557110966,-0.145729872071454,0.553622244448977,0.77321720533007,-0.228064392605268,0.346485486183758,0.309709043094484,0.237188698585395,0.151955554737753,0.104015325805011,0.0195805067926615,-0.217614085302068,0.215115382113115,-0.327270583090911,0.0415705714860856,0.0090871999963588,-0.0734590415187218,-0.13265420976114,-0.0734350380085172,-0.0444318468284828,-0.186012394467299,0.257134030680464,0.0291044666072227,-0.0966429084499414,-0.0572014813186347,-0.230508004788677,0.0091206458776035,-0.282947503609721,-0.0293509457429211,-0.263860576644357,-0.0987449146616061,-0.163789768734217,0.0639264098427482,0.163439345784397,0.190831761700801,0.309997769528124,0.0730935332618099,0.349299211173375,0.313360822587821,-0.0058914656943762,0.313372293045022,0.309088401408845,0.37352517927403,0.153250479450482,-0.146241508264265,-0.149233629555442,-0.405858813181416,0.0897015979960598,-0.481889902969916,0.121155053029471,0.0756149896823179,-0.241278352133986,0.0908922871327399,-0.111499945877998,-0.383569020176886,0.562153116980368,0.213508545831211,-0.0330541140839632,0.363534213990686,-0.299618196678085,-0.128691914964154,-0.396303374831247,-0.443038276958478,-0.214278320416415,-0.51079368270459,-0.134582783686155,-0.290847787451466,0.0897272718002601,-0.0577331510731832,0.167934472973948,0.425751565736204,-0.293481818070103,-0.358728804515035,-0.118896366245944,-0.0263068780787192,-0.19459948893675,-0.158519076387221
