1,0.474413387834696,0.337484841824532,0.345756471492252,0.497090855679899,-0.186138417711404,-0.0153109995109309,-0.167287411217269,0.306668875996675,0.461612685590401,0.339018813942919,0.38473943508527,0.413742864888679,-0.203111391296166,-0.296824520231445,-0.0900049184871859,-0.0769869736819098,-0.176602264792571,-0.122473142064516,0.395616151542674,-0.228045927695219,-0.0471599210736036,0.336670812959234,0.0164641258887839,0.100554691486001,0.149257020630395,-0.080872518931625,0.184127514023696,-0.34421529457211,-0.150974481720408,-0.253153348337555,0.034743597667661,-0.0241197442161377,0.184086347169005,-0.0089900451098278,-0.119703502187242,-0.335624597830397,-0.0312654109950713,-0.283444497559899,-0.0861368726952495,0.137629210092039,-0.0013118884736188,0.0808985369292612,0.0196368798990929,0.214204236967537,0.15623292122912,0.173527066875773,0.0216131785200129,-0.291947398373502,-0.0999000948057145,-0.213535810487627,0.0541676010897596,-0.327083856787587,-0.339358827814272,-0.195885046146387,-0.276269041482686,-0.224164626537393,0.129589484367964,-0.166378965699443,0.109742459169931,-0.228097911688268,-0.180463277737806,-0.326054113549305,-0.16282401380524,-0.273180987488637,-0.401026980172343,0.0785368540017547,0.162436197839886,0.437180858108048,-0.0879434718198476,-0.052944988037922,0.30079799937853,0.168771292162659,0.199133722574109,-0.155241804885961,-0.210128762811303,-0.122689960985535,0.298852876671173,0.110527488368623,-0.113622759473238,-0.0814589498736878,0.460893732822319,0.178716027308466,0.67654230853004,0.623338014912537,0.580327156824797,0.220620796217738,-0.0617893562406937,0.593118515370707,0.269423020015186,0.177219532236855,0.0440093147999151,0.519342538926568,0.668700328846488,-0.231651326226631,-0.156396214492985,-0.188186294960542,-0.025777695017047,0.0895879694243457,-0.174530393099238,0.0268455444697026,-0.0205404795519648,-0.0078878083493454,0.514218489159524,0.0670753108377313,0.200354150388528,0.28313307314206,0.182253256563284,0.0707680592670622,-0.020701670795713,-0.0023766666517691,0.0837327140325083,0.197109991847424,-0.0778950483031234,-0.213678804758739,0.137768393063526,-0.0805418152298869,0.273446197040026,0.490432186304201,0.309587410487889,-0.0082107715567611,-0.0191343630184877,-0.0831511004138301,-0.0100518745116505,0.110626461636415,-0.266882538774529,-0.19877688781562,0.0628092737269479,0.0411254235437051,0.21492429052909,0.262836536218943,0.185266586625894,-0.312772232053249,-0.386223744588993,0.0078863002037566,-0.0853746231189375,-0.0053351987852459,-0.101880567942799,-0.245616048351487,-0.186431549919997,0.149638265783237,-0.147065631327584,-0.122027610562574,0.122398163389297,-0.13079740953076,0.255240908094551,0.164259466140589,0.0173640849084708,0.638108045497773,-0.123218387797901,-0.0962602773511057,-0.254530209936225,-0.130825429776459,-0.281474377560141,-0.40194947656863,-0.211939134116411,0.020479192364548,0.217953979313665,0.263311049820022,0.146962752458583,0.0255219378470402,0.142110790141008,0.275027081420908,0.002790322561375,-0.0521148268792057
0.474413387834696,1,0.528824030237922,0.648035486064707,0.17827916321714,0.306653791882703,0.410524895941109,0.381859621559535,0.34137831727867,0.772907602004119,0.240582389557923,0.762810198614928,0.812759859701632,0.185062549603164,0.190672264929684,0.0499119920898152,0.194925037857381,0.0902121713544395,0.0348613845419607,0.243017349494401,0.106765302896811,0.145049681648953,0.165963292326373,0.255797623449283,0.289920340565341,0.27220463103241,-0.146184205236989,0.165737682781988,-0.004535055891297,-0.0391872600491863,-0.0772207329568726,-0.0869216621570723,0.0499253279766737,0.100716942836426,0.183147580267415,0.0618034533654045,-0.0892436296972667,0.106444343049356,-0.101894297913795,0.190175873967656,0.320519942012222,0.130372449470681,0.247061756667611,0.15126782315056,0.23899327171859,0.170528199919116,0.214078675782526,0.119525948183764,-0.291644507045991,-0.249684002038475,-0.159649180496233,-0.29642870936221,-0.166612161791098,-0.0186847054437847,0.157456647231166,-0.0581216901735552,-0.124959812605677,-0.0363529194956582,-0.122659226279311,0.0372154957808699,-0.304310720430789,-0.0328761190433342,-0.288167908304283,0.130540290155868,-0.241241601845763,-0.413275265018424,-0.338198641540037,0.0562793159417088,-0.19997327247282,0.0033964881014789,-0.0799802830572944,-0.195640987811039,-0.291256833049897,0.055833986133577,-0.239267333531258,-0.251248899573755,-0.156964390958058,-0.0401569778562238,-0.270464403112177,-0.424063856728229,-0.322576548987284,0.0385236177235966,0.327925459933723,0.274645780252933,0.798968445727241,0.531131457072144,0.542716634410774,0.450676478155715,0.270818398478997,0.27166733418119,0.293921769119637,0.555540104432696,0.682370780422743,0.668565356028042,0.0476081384062392,0.138687603024961,-0.0123760544355857,0.177022142280935,0.139945691162892,-0.012121078492599,0.107492973634469,0.127708604615128,0.182894194499182,0.273118357921314,0.225536872916556,0.18491696231928,0.329389519059658,0.403287865462001,0.133494095817154,0.195235244388656,0.191445589309734,0.189224651106891,0.322785272270388,0.0890378378907374,-0.1004017801912,0.118975982669631,0.0551717292542895,0.16516914968819,0.252390608942417,0.279467597729519,0.177675762627195,0.157571444227584,0.116256328022151,0.120656350773725,0.24590969025164,0.0181454974237617,0.0856586289470175,0.193297909019299,0.208471667438793,0.250416438985226,0.174829132212198,0.300887173233847,-0.187966120495006,-0.29393567030474,-0.0298041487325235,-0.0357610528594635,-0.214902059493201,-0.114557442631224,0.0630147253792671,0.0148249169907699,0.160115120233653,0.0266587221304305,-0.101665852057188,0.034219415825518,-0.0948149492068736,0.217525133720696,0.0336279189556565,0.0488056645596799,0.262332001630458,-0.199261484107428,-0.21882466870841,-0.10502843003334,-0.230643301183368,0.163255915315954,-0.264208694039891,0.0001852668569744,-0.0052640372220684,-0.209247932886887,0.0586058674118733,-0.157783961045721,-0.100857747237098,0.0240382383568511,0.0409336046795642,-0.223268615365954,-0.040117946328342
0.337484841824532,0.528824030237922,1,0.26964034568624,0.0631147245976223,0.155310629013705,0.612742589234201,0.244596645695222,0.212446183696794,0.518591969194542,0.311247304537424,0.375413723368058,0.367761505581497,0.0206046510333571,-0.104085528468316,0.0379952433906839,-0.0620832310231704,0.0644477759279623,0.0518729641012957,0.267925034255061,0.132310119923186,0.205305487419972,0.404932139029669,0.193158960289203,0.312899050867243,0.512414728097474,-0.0297501364448274,0.493178504700881,0.226834458300698,0.179680770924071,0.248188333998627,-0.0755760671012276,0.258141088364546,0.2548882392706,0.453968828515476,0.136187976715166,-0.427234847109227,0.0352144184845355,-0.362477154127845,-0.006344388264755,0.0812348410626566,0.0885360490605447,0.0526723198593309,0.208324446061972,0.189724142226599,0.0993507988397082,0.100563552682901,-0.0363486138733661,-0.166521962327988,-0.0440455023179641,0.177675438535668,-0.305060505696397,-0.229871217146857,0.237703207813385,0.0849066468638433,0.175065362101062,-0.0267037273301008,0.20358643073173,0.0501010718116056,-0.0202706005967171,-0.211393488695087,-0.121650790654795,-0.085131606716718,-0.035019047662458,-0.0478502560356271,-0.309505385349698,-0.289231965355415,-0.162417119664778,-0.0422346359272063,-0.0672731056090748,-0.159014409537625,0.0467296048897474,-0.102435811708879,0.0948080425750831,-0.330175600898097,-0.0493228379200111,-0.0805166257938763,0.0256580372840526,-0.0709686128387438,-0.261965666301119,-0.131909062889377,-0.0505361135376024,0.319546707696567,0.224958764840728,0.532188842677836,0.46403565314942,0.620801076538909,0.138980161743089,0.162558148853073,0.153174323814461,0.19580102042465,0.414653419036939,0.407987213304205,0.556569759223833,-0.192929876528581,-0.129424983217571,0.0786762910983205,0.0993193125928365,-0.0715606242032299,-0.0170620574239426,-0.0233819218637106,-0.022202549323833,0.173167812207135,0.100938777579209,0.239532770054055,0.198283081281964,0.371696545746452,0.307068442404645,0.152641062212597,0.221895797123674,0.303057606378577,0.676744171520536,0.369703610459883,0.38804198227295,-0.150015316143862,0.34224381022164,0.396635330653201,0.354013254180605,-0.0170606620460407,0.269591321341546,-0.0564442369360238,-0.0920095322599443,-0.156981249888044,0.0349971251878525,-0.0976152566775346,-0.16929174415782,-0.086893402709816,-0.283505012056754,-0.042330300968233,0.0414471292320198,0.0836659784957754,0.0448611042302954,-0.52188414818434,-0.352878052079457,-0.0529383215563564,-0.527810734183439,-0.298019814254191,-0.288691532269208,-0.132289325427866,-0.290199609529856,-0.0055886991298683,-0.367498672582501,-0.23502552200436,0.0805156840396264,-0.0845696927368849,0.0782699168768119,-0.151736084351457,-0.392351285380927,0.0731095727171353,-0.440285616830043,-0.333011501394237,-0.049779161855566,-0.226642281763102,-0.0181012989730029,-0.414872130636863,-0.0186468531260183,-0.397690956390356,-0.133251396520039,0.100101502239239,-0.199082961965944,-0.304733539456566,-0.200079737638933,0.0678806086150893,-0.147702214868513,-0.152798777660262
0.345756471492252,0.648035486064707,0.26964034568624,1,0.23866190733647,0.339152167009291,0.243008187387846,0.226574233546591,0.688025208356803,0.508212538678976,0.25557264896744,0.85837199041404,0.663721536950981,0.227505964471584,0.230686182415606,0.265472670451964,0.373271963134006,0.232420671188261,0.121731073738004,0.220622031977332,0.166196355320965,0.169740645218875,0.0369876062706868,0.322806202765547,0.27263910236381,0.298286596265843,-0.0838502377692993,0.0752580250589881,0.076713699792914,0.0021204046217605,-0.162691108101343,-0.192887771180675,-0.0404978831371025,-0.0103265436392685,-0.000290356706993,0.172674761035309,-0.0238039145018232,0.28637102622964,0.0348506825192047,0.419514467032363,0.49642176399266,0.349374609600275,0.36636473390991,0.101235448486206,0.315859242286858,0.0849929498778081,0.335321628836027,0.279335577825808,-0.416384497910088,-0.406339785248193,-0.249720719870577,-0.113884181831729,-0.172173179309051,-0.0802335804868427,0.293948976236801,0.0116051183478717,-0.158612971866638,-0.16301102464878,-0.189737207609515,0.0791587916556462,-0.246267515817148,-0.0064216721775935,-0.266007810153677,0.262915789245752,-0.229905482522929,-0.544426699092671,-0.382628073162075,0.0134702013370656,-0.221108694619322,0.0516376059635712,-0.0974013814857629,-0.265608014905722,-0.37838833533287,0.0512899075911724,-0.186858829615636,-0.463064286566796,-0.274941847031248,-0.111967753459362,-0.388930549812337,-0.587319807517102,-0.420148371081373,0.10487155075162,0.304044782400317,0.276658306800738,0.569404507708006,0.624025651961058,0.381935963338584,0.460824313326755,0.294929767226307,0.665666193430382,0.645232651543271,0.407003053604874,0.740741707326131,0.49455015782663,0.0989895851983396,0.21499455987825,0.164275706117623,0.17890961141476,0.353563046406512,0.174570624882251,0.269758125182363,0.169911858519108,0.283732605555366,0.424629318417795,0.271537722926769,0.253021796436449,0.230551435980775,0.400952227715862,0.159594022412793,0.215234047144456,0.175207851991815,0.0769226116774562,0.291084750483451,0.15496835847568,-0.130347973835582,0.119816235096783,-0.03781720047251,0.0290211988297604,0.33061920285983,0.339145422578363,0.424448128540487,0.359878532572682,0.353365632163452,0.273428878751872,0.378585809455281,0.215271866840703,0.238214523438867,0.400043477475015,0.413618192187917,0.382540434862369,0.179480988028703,0.469790331422806,-0.0871150474261943,-0.415640713835393,-0.21334467766717,0.0487936042120561,-0.202594066421302,-0.0895949498626641,0.0284079994360678,0.202032721466182,0.264483065421035,0.026347958138225,-0.178078472624641,0.0273545759589374,-0.122802120067669,0.469987148218894,0.0590615461948041,-0.011900793156826,0.260924863425596,-0.183838163300903,-0.329114508590604,-0.158662858625435,-0.262815423198788,0.14930793274286,-0.306519645609283,0.0212379503352316,0.103614701020518,-0.143716668482694,-0.0007923854954292,-0.205067274065526,-0.106873633120155,-0.0304584204854692,-0.020479455688478,-0.288524095760465,-0.103167960680318
0.497090855679899,0.17827916321714,0.0631147245976223,0.23866190733647,1,-0.0044975272094061,-0.133808087897657,-0.132984957663941,0.374894065141002,0.042806288846911,-0.0259584951168018,0.161540197333163,0.0387021704607387,-0.306519267842113,-0.423425968759255,-0.112509438472176,-0.188085397642032,-0.147930314690343,-0.0213188471405592,0.21822745722341,-0.303610556562708,0.180020036867413,0.148306332795228,0.0325201928665611,-0.0940193643855031,-0.121674064796954,-0.282212930019308,-0.0920454944973705,-0.344988263513783,-0.0680019979022531,-0.327515510750371,0.201269524867228,-0.137086651370335,-0.0186502365965513,-0.131418364443448,-0.286132663195901,-0.330326114779449,-0.164040435636975,-0.295657457969872,-0.200212096540388,-0.0809179837162319,-0.223154850339983,-0.174086856199859,-0.124628045011537,0.0401913485098495,-0.0929488648055059,-0.0122783749944821,0.0710981729051983,-0.212693317765269,-0.167339782549275,-0.302093930087472,-0.0053536388000308,-0.123116275695696,-0.334181509957785,-0.3315641100581,-0.230807140274057,-0.173981441567944,0.0420820331122281,-0.151331982504485,-0.0356947479088266,0.0320635643328986,-0.0421149601664165,-0.0322039007801154,-0.378353867799534,-0.23904019869681,-0.0423413606129198,0.208315999224415,0.222416272589222,0.464835990516686,-0.0850869885244814,-0.0369591111879001,0.390352990833005,0.354404726851636,0.210913896952431,0.231898633117716,0.025334281834004,-0.0422499216152851,0.584009574548445,0.312386634142798,-0.127294103013384,0.119214313212737,0.529005182718102,0.0357318232752056,0.62595174860936,0.347973857949857,0.36009201276159,0.0496417245548107,0.080266015066831,0.792021274866648,0.320336125078163,0.259964130239834,-0.0988915801101442,0.268122446673742,0.275149705319612,-0.313134081550367,-0.339836979231576,-0.201624099022398,-0.204439236185132,-0.114302910370891,-0.0909304252061891,-0.0104354859456071,-0.204646600848309,-0.196140211428564,0.184663991124764,-0.100011720350348,-0.101304319665438,0.208151200094585,0.111432720165578,0.0032474703392355,-0.203044741551414,0.0680359613663062,-0.0906627198383005,-0.121761811466838,-0.0434996517873564,-0.31854921998982,0.0413640283301107,-0.173894735283966,0.0775342753679839,0.151896870181305,0.11392384593211,-0.255953531857857,-0.152978799430879,-0.130261269235411,-0.114501323225193,-0.155220365663265,-0.196997466213241,-0.26944983263657,-0.0832199050876255,-0.136896378116184,0.0547795646612506,0.0712378557933982,0.052153018440284,-0.162651085883888,-0.261206716263898,-0.0236345953383224,0.107557308282233,0.213553192618401,-0.0229808145199015,-0.243815554898783,-0.0876117320424694,0.0028757821660928,-0.13238041552115,0.120377857747109,0.0412751506272129,0.0064457746350357,0.174686674663605,0.217587445027559,0.11655391807133,0.399791389063205,0.235408747068847,0.0616512348957106,0.042609812428743,0.198792916275536,-0.255555120652681,-0.161289345175646,-0.428733858182611,0.0471923071600433,0.346846058052866,0.241376789647925,0.441082097045765,0.320250472204847,0.337716321465769,0.534625264614436,0.335792937441384,0.278868217911103
-0.186138417711404,0.306653791882703,0.155310629013705,0.339152167009291,-0.0044975272094061,1,0.266771156914232,0.742899001844466,0.355738926537024,0.232926046431705,-0.0028996713174056,0.389617226327857,0.279417953906745,0.231882048167583,0.32727685829425,0.180768519377531,0.0716758151008191,0.130998106046585,0.357328547253636,-0.132200898731415,0.19477336119547,0.0433989103997096,-0.203801907506192,0.217933199463599,-0.0017883668150906,0.127257561992005,-0.316127199862105,0.0384446121210735,0.0489591415221612,-0.0242588486977913,0.0406339583035893,0.0744032349795363,-0.126972042137415,-0.260548460829734,-0.128904093388864,0.0147556051474571,-0.233430916384381,-0.101470808947083,-0.256837751142418,0.061507547520548,0.0411196827232355,-0.0066853328383457,-0.0129946189720201,-0.236554213355893,-0.0903948794639817,-0.30877836605509,-0.084969205593593,0.292747349234263,-0.144058591517139,-0.0171964784477941,-0.104502710667289,-0.389555204939559,-0.0311122152301112,-0.137391177574591,-0.0290002945378678,0.0316176121240807,-0.0816943213550916,-0.171496589595685,-0.109657778284668,-0.015986745475302,0.0548449856584899,0.252933251881776,0.0103257634804216,0.0686079864747535,-0.0605644590141111,-0.0868673260772033,-0.0801270758881509,-0.212917878353932,-0.238879617079912,-0.0311222573990332,-0.210322993269761,-0.136803598729482,-0.134191628656154,-0.244468066932336,-0.121045334861177,-0.178597449013111,-0.0665134090826036,0.196228300373532,0.0114715805085122,-0.237106046485036,0.0714567818262384,-0.0143380201952627,0.216546251802448,-0.0009496189993823,0.102715376291624,0.0645625133010267,0.279038839225184,0.648260531576077,0.0745964843134893,0.313601186164085,0.311853313911018,0.455248359320341,0.184202459513334,0.180193100831503,0.0712970220221795,0.147439623416365,0.206476309029334,0.076713495422338,-0.195581377604733,0.138799752306507,0.313813690193597,-0.035455214973531,0.08097353195228,-0.118303503970846,0.184421226522335,0.0105961654201741,0.130093308529902,0.362543843634639,0.0811430513569446,0.112599143139217,0.206941998070616,0.153734842813883,0.0826734109757154,0.106101555621195,-0.193624245031378,-0.0367649238406091,0.105523656722121,-0.0950911730946331,-0.258974805075104,-0.126743610674999,-0.0179562127629108,-0.0765387883132262,-0.0540715304680082,-0.0694648499260565,-0.0638333200365834,0.0660461798739366,0.0811745532110638,-0.0244691873339403,-0.0416100366863349,-0.0921842454955254,-0.192758770812832,0.0227831199633589,-0.195042978158663,-0.115955207907569,0.0439799017559331,-0.0783272918581361,-0.0356052794898849,-0.068491695736528,0.129028308912201,0.0487703357265435,-0.0966551131921364,-0.0813949288932636,-0.0578261805719025,-0.165629602208462,-0.0641344513030578,0.0589839191594107,-0.13613224288421,-0.141861580379996,-0.115803942128488,-1.11119234018029e-06,0.0104796092160553,0.281023453879481,0.161185208680283,0.227918753683387,0.0070021408969776,-0.0116086909865328,-0.159770550816567,-0.136989099224294,-0.203222657203153,0.0504849206353389,0.0267241515249844,-0.0171440473405761,0.187673977644477,0.134818104169598,0.203057192161293
-0.0153109995109309,0.410524895941109,0.612742589234201,0.243008187387846,-0.133808087897657,0.266771156914232,1,0.314641163118255,0.0662065270399578,0.599794176334262,0.226075555862741,0.389039271513342,0.430676992817856,0.306324276086089,0.270275122235967,0.361836912398387,0.203341791119237,0.254862188389177,0.257898967766545,0.207008414064797,0.270880482963967,0.44086868515733,0.157275032481373,0.412088536646528,0.346569207518148,0.202128703487347,-0.300024672072593,0.0479204229968545,0.134915702652449,-0.0179196722858305,0.0552116970487476,-0.349494614324338,-0.007534998338107,0.104024807707665,0.162696411643925,0.044720481139259,-0.13872272673092,-0.0251067287750464,-0.224109826018255,0.176679446337661,0.0218260286156016,0.0985361203444061,0.0322622892991658,0.17325504488709,0.0673435755664709,0.0774979855236341,0.0923717996657521,-0.189540349555745,-0.0991222886859522,-0.170846377836548,-0.0520635347302271,-0.252348891942098,-0.0525995409772207,0.277764937003101,0.179038376465964,0.133587120816361,0.0018155823601411,0.100397197060812,0.0064756399349187,-0.0872243128127418,-0.0285506587388734,0.0779838658468252,0.176567474797262,0.16024273619394,0.268541637248052,-0.0480702886667585,-0.233601235386532,-0.173852080782673,-0.212542376338695,-0.0521778761069903,-0.126965345751053,-0.0070318550545402,-0.085858789665872,0.0641142852734218,-0.33242140401633,0.0268556189181817,-0.0460384974586787,-0.139352658606073,-0.0349190937712859,-0.204163698476632,-0.157175223856887,-0.275470252593681,0.203718158683655,-0.0914469419787862,0.438602803597262,0.129903444615212,0.785597805786385,0.190295858589708,-0.145777814585462,0.0112735484722889,0.208201179983426,0.546685593446999,0.39998033124852,0.316362267514407,0.163042809524457,0.258387219465483,0.285191052994672,0.325043706383286,0.0269445125027437,0.268577567537355,0.21695013387584,0.0550730987611461,0.175053863324903,0.123241549444878,0.354971492435419,0.318972759108619,0.464060596731737,0.45744487870191,0.272710919393593,0.221459651736005,0.473771413007858,0.428417501561297,0.567120503715521,0.289940649863933,-0.161214376021674,0.0796532406280357,0.166557304075926,-0.0744030580767278,-0.0124708038784505,0.034924704278949,-0.0013361691616222,0.0442268918567842,-0.0153933220488283,0.0531258132448196,0.0211044339845907,0.038141429705867,0.135875760254428,-0.302830092825394,0.0453523329529058,-0.0552301757739457,-0.0114455812038936,0.0427075388042794,-0.26279853558235,-0.150009823279484,-0.135642180441833,-0.402299674315166,-0.178744207091828,-0.284108990461606,0.0234759252386745,-0.129124085463671,-0.0801220226177107,-0.172959888157951,-0.082548529143223,0.0576906353657276,-0.0502360201619611,-0.0280221752580821,-0.247577725875882,-0.337824380292759,-0.0696442706822662,-0.0862245840146704,-0.11555711718173,0.0626058393743066,-0.0352436787590531,0.243367569191103,-0.099738761147363,0.256968253826839,-0.277850189284824,-0.153891490175806,0.104619759278143,-0.140732298856087,-0.161534428088747,-0.0833603723398866,-0.0567790471467207,-0.0439666470547504,-0.0732439102305394
-0.167287411217269,0.381859621559535,0.244596645695222,0.226574233546591,-0.132984957663941,0.742899001844466,0.314641163118255,1,0.0449696271159917,0.396725263249988,-0.174001928354979,0.352444739754742,0.422580247247047,0.168197418062036,0.312224249028189,-0.0238066329273461,-0.0624439653558256,-0.0976966787671942,0.195047329340371,-0.0499060692559972,0.0123471130595928,-0.168573103739962,-0.407786612433905,0.0060532442591239,-0.0409962193614784,0.208461167033444,-0.389526516991504,0.146296853490881,-0.0011551058239028,-0.233187105606479,0.251103803019353,0.103797873417301,-0.274860150797049,-0.177024245521391,-0.100352155578849,0.201029922946729,-0.330752622629097,-0.323698072828156,-0.31438587958964,-0.0943552967288357,-0.112171862447216,-0.12587084831271,-0.120816886792482,-0.256157907258717,-0.259178966551792,-0.454267784537039,-0.209405129268889,0.240796061438766,0.0889912425002976,0.24562924900549,0.125275536408272,-0.260273653480769,0.153157037290704,0.111658464404035,0.164340592655321,0.262085538732904,0.188147219223115,-0.294766362404982,-0.170487854215637,-0.193775389363373,-0.0036035811749008,0.29025477797223,0.0302008213666345,0.148517428970181,0.0767296574506514,-0.0020557249866378,0.0305247915609355,-0.422824964973225,-0.206822705944518,-0.0802231812238513,-0.205555454356282,-0.129391681343856,-0.0385348226669174,-0.351763381002265,-0.0829655118753853,0.0318211737955688,0.227758723157105,0.175960827074512,0.108506558696885,-0.148461946792873,0.192112631809284,-0.0738172569195106,0.144691197585294,-0.128463234412436,0.104705598259062,0.0624724974037888,0.268870133758839,0.559126261542171,-0.0623519154419788,0.0636491129256049,0.0043810716660135,0.654922416032154,0.0586080855626104,0.140840100707624,0.0562606296220169,0.169634055594052,0.0957460328665176,-0.0742266417756531,-0.287961039120894,0.0154075315007098,0.162435302204851,-0.193411138052807,-0.120748664301642,-0.169617444289373,0.074603722468369,0.0899420271714436,-0.0335371026924641,0.171953852053367,-0.0204023262582213,-0.0692736976970731,0.292128103696706,0.118016623361692,-0.0372766897825714,-0.0818953560376465,-0.178714374441298,-0.283877684134332,0.172502998361029,-0.289157367137377,-0.339045628992315,-0.32400079821933,-0.102360874261754,-0.30218846987748,-0.283287594078557,-0.300706578028413,-0.237392767234687,-0.118416928602357,-0.119402765948044,-0.236528430803022,-0.21072530040344,-0.307897926468206,-0.431206707681923,-0.213362466494375,-0.360540647749836,-0.0452798882450514,0.06721701370135,-0.272856693176,0.0835799619968122,-0.104261620465078,0.253732535366191,-0.0043861441012572,-0.268749592630804,-0.128079954188271,-0.0474866528483295,-0.33321994377412,-0.227352457852948,-0.0443959468209856,-0.338012781312906,-0.21418983452204,-0.337185017900316,-0.108714531220118,0.117920483686167,0.223102032741456,0.111301774674454,0.267516056406317,0.0507210982282999,0.0670724750979731,-0.385088589241033,-0.228955483505336,-0.300529958783947,-0.0123650105702679,0.0407201560340219,-0.0410577735802443,0.108519480421556,0.12361456021942,0.121754264125457
0.306668875996675,0.34137831727867,0.212446183696794,0.688025208356803,0.374894065141002,0.355738926537024,0.0662065270399578,0.0449696271159917,1,0.186992774208755,0.147535364492577,0.610219937478249,0.386423839110191,0.087997491754252,0.12858511671242,0.289457846293038,0.404402348542859,0.429910390213742,0.224847388604002,0.34833276501161,0.19648368723125,0.301191285792215,0.289474256642451,0.376716028630957,0.199887079454689,0.294824979967655,0.0696091831558328,0.0281360966439279,0.0803264750488523,0.138034841587859,-0.302320586646671,-0.16819686490684,0.0729023198193854,0.153118128549001,-0.0443707577839999,0.116622264923649,-0.0512991896213649,0.441407307816486,-0.0082997889805806,0.413932660494101,0.441204134041349,0.429896988085257,0.485247875413242,0.0715035295622218,0.474362416657533,0.0884911919213765,0.505342255162969,0.158329808362393,-0.511331259460234,-0.44233009615393,-0.285393121634785,-0.143475545248808,-0.215088522846815,-0.363218474560472,0.0568838885126331,-0.056067012347531,-0.211486400400684,-0.148966804077356,-0.204647851464541,0.271307744721896,-0.261500392665262,-0.195655399771095,-0.251294481523142,0.116011381311391,-0.316096101081513,-0.481161654927658,-0.280374698590976,0.119983209376274,-0.134313763863273,0.248216056847311,0.0634896999778446,-0.183198174993421,-0.211151067435158,0.001773405691702,-0.0337465712400483,-0.449102647912166,-0.407012164601901,0.0312821116078938,-0.286155153188261,-0.634846994857943,-0.35093190824392,0.265992075891369,0.140690717098222,0.465984582065387,0.447561117753979,0.589493511796119,0.231779889612554,0.444816227313788,0.485021839794941,0.858325961159714,0.843515868589258,0.150625961815324,0.524249728304385,0.449523050894432,0.0913049837466867,0.0435576590477168,0.217176652297421,0.292409004260167,0.403133033534735,0.244077311144786,0.34202240901135,0.258768758090843,0.228237148146337,0.491361918680531,0.350920207467268,0.184902378403532,0.295381034436609,0.307142653817464,0.305115676070633,0.348573374878147,0.121034233556072,0.220222053992332,0.292939792133945,0.344699361984472,-0.317893476501714,0.338139466280711,-0.125284721421639,0.17106666673055,0.393516610518735,0.452042799298809,0.348020149560067,0.319780586721339,0.218726927515101,0.424563637888715,0.392281888374345,0.226033314908128,0.358495201859588,0.311048976795718,0.467208740108883,0.484808750774013,0.170489884154081,0.542191751999397,-0.162811144246165,-0.590797873557454,-0.317542034204271,-0.058999514246155,-0.314793161856385,-0.205365589520655,-0.304125572978802,-0.0306124539287599,0.18013751805186,-0.214966687004405,-0.296514257765712,-0.0829666799401999,-0.189114775970145,0.332990609689871,0.0647869851906592,-0.0043921340595063,0.411684465012927,-0.209976149692418,-0.427151869560228,-0.241168003516655,-0.194054416689199,-0.158888624777571,-0.402709594936767,-0.167318949088941,0.155108719080597,-0.174000174292815,-0.0603683002698993,-0.149653353545565,-0.242906274208898,-0.140019330243282,0.0697518677928185,-0.260654332185627,-0.164497926930272
0.461612685590401,0.772907602004119,0.518591969194542,0.508212538678976,0.042806288846911,0.232926046431705,0.599794176334262,0.396725263249988,0.186992774208755,1,0.305645840383489,0.684677979974088,0.839816604053737,0.289375245781381,0.29515975772061,0.209019136431478,0.314450036536697,0.157913867324498,0.166173638647144,0.308497354140564,0.140470888996953,0.130459742652323,0.0709978626222489,0.291302572299738,0.298508807758565,0.299567939130061,-0.217455204728096,0.134186982205558,-0.0882794091060516,-0.214939051908804,-0.0895622773376868,-0.197220449871593,-0.087230838544461,0.0880538216039595,0.0512691139929411,0.0298450982260227,-0.100324109419959,0.0200954518950558,-0.149557426224624,0.227258466714877,0.223909541192625,0.209800494248076,0.199063041868749,0.200512429632403,0.213317369090481,0.0927148975649813,0.278501842355693,0.0774022771901174,-0.227397173006739,-0.119939426033187,-0.192812512843244,-0.15366745976085,-0.151157688432517,0.0215065234080563,0.158267423216378,-0.0510131811464276,-0.126809435632619,-0.0386817239035234,-0.136773688632199,0.0052376351343792,-0.209786736863804,-0.0080326730335133,-0.154959759008586,0.182130160217933,-0.114062755182108,-0.290039476764248,-0.143924597949249,-0.0323298879730714,-0.137202131619851,-0.0600021413972785,-0.0986253376728112,-0.07090113994702,-0.116040105311217,0.0596262387887134,-0.230724797601026,-0.152967610324049,-0.0214310797806139,-0.0181058186737506,-0.0899074453118258,-0.246583196056563,-0.236463410502749,0.0121029793188596,0.401482192365301,0.209887504085544,0.748198091822468,0.456336585212047,0.705608047628658,0.336084643716092,0.116057021938168,0.207824960460378,0.281523214119617,0.670492589422349,0.663663209435973,0.710623016093698,0.177711166346117,0.251638345208148,0.207904288236535,0.218933495999825,0.231788025121835,0.14665720148595,0.243519845541139,0.18015656136365,0.164588443000877,0.390105154634712,0.260079263399789,0.393060998712391,0.342240515678847,0.399634579055183,0.333994004586165,0.203029910927776,0.221825511038531,0.23139996354311,0.466703487436866,0.0849417771138797,-0.16691250701226,-0.0045977233794118,0.0420988272289996,0.0314315283519042,0.307827049859724,0.121202186255774,0.1142781008116,0.123507729993472,0.0283721920117897,0.103067316223152,0.195416548589997,0.0228915497361057,0.145278522010401,0.0315777721243167,0.238373641329689,0.194367663897587,0.120222575516854,0.263991971635686,-0.249504314163848,-0.264421666031567,-0.0492070728167192,-0.23644677751739,-0.20161998299524,-0.222282206281931,-0.0105876910880483,-0.142000980481808,0.0908514931523663,-0.0215139554586891,-0.147481910224497,0.014148868083619,-0.134780654817035,0.145619163278281,-0.0508602139296905,-0.0308925343656755,0.268297705002382,-0.14387916719816,-0.138141375479871,-0.143426065762192,-0.135931399968263,0.174676256238674,-0.257441333556766,0.133182354734325,-0.116218978169305,-0.14830129221944,0.0841091286360889,-0.0919773147157609,-0.0893332256385805,0.0541422092870919,0.0122047026571596,-0.11778553050332,-0.102696586327414
0.339018813942919,0.240582389557923,0.311247304537424,0.25557264896744,-0.0259584951168018,-0.0028996713174056,0.226075555862741,-0.174001928354979,0.147535364492577,0.305645840383489,1,0.316501616484742,0.114060472176562,0.192015808405409,0.0570229590185422,0.482672203366438,0.21007800103785,0.284390204747274,0.233145441313021,-0.153731486204466,0.375500062792499,0.257859857494239,0.480999981189594,0.209279151092589,0.594681735854536,0.286322948290401,0.198783930355658,0.268472263055288,0.323634745799467,0.336927804739137,0.0994409383614477,0.2030667009547,0.514295280216082,-0.26151295495749,0.235757755882207,-0.216602711595906,-0.0864012879225603,0.30393847414528,0.0429270790997833,0.29991402241176,0.224280957295874,0.360743552013801,0.0416254247994231,0.222166902089621,0.165637848567412,0.487859360239239,0.0900933344088773,0.102926215673018,-0.268696371059229,-0.216545509448943,-0.0294317837689525,-0.332058097523231,-0.498611260678925,-0.0394711273500835,-0.150350155261906,-0.299741404006917,-0.518781212935239,0.685243073933707,0.475253630810803,0.333060607551885,-0.0787243334681841,-0.0093660959839065,-0.237783755955472,-0.159435650427038,-0.244806962443191,-0.390305990111252,-0.375167048950833,-0.174845560160734,0.0387170449098191,-0.400473991271113,-0.543544302801506,-0.0120582594702758,-0.398115860587026,0.164897817560972,-0.630075434055101,-0.560837684853894,-0.495288659212073,0.0544281498805744,-0.191991131676736,-0.0853304150039404,-0.227431045096392,0.312057448795376,0.247472124893269,0.40275273685697,0.238730863920966,0.2506308373324,0.306824315770075,0.0678561635556945,0.165940335614469,0.108599433831884,0.250647837419814,-0.0511305878180274,0.628183953229026,0.26257803307631,-0.090810778857033,-0.0204235796845188,0.180585301584321,0.240406088300254,0.107667853135147,0.159765893157999,0.154594835098606,0.377585353425179,0.564069744041516,0.127190385671467,0.239930115022198,0.0309541559585774,0.302734708399498,0.403641602437096,0.0728163905804528,0.408244902422014,0.0573744035645303,0.27496598018868,0.245449903569522,0.406719335389719,0.220675725577803,0.469234583377603,0.325772649752307,0.556086371413324,0.172039691242465,0.454767231333461,0.165465684422739,0.321980963093431,0.424783467644045,0.394100531358494,0.0998466151990922,0.239340531393947,0.265235254574645,0.217805892378017,0.283574510440389,0.274803288716693,0.688450957934551,0.211191506710217,0.117726448726416,-0.0209946997554174,0.188146326215323,-0.110035428850864,-0.408744336842811,0.0011129017397509,-0.141712988652246,-0.0915658591912136,0.425643205811568,0.0892515983492917,-0.228105460208764,0.693486834067634,0.466425063547854,0.303955637040467,0.0942219037351224,-0.413737868156861,0.310543082874709,-0.140992480640878,-0.237149484900481,-0.0146374333414136,-0.0617347471251918,0.134689870339868,-0.240235859993308,-0.124115749051946,-0.151145582178302,0.200487166350978,0.279097036649603,-0.15955561123357,-0.100949548051072,-0.0802254547907778,0.231386657136384,-0.0630822718067599,0.190600430831155
0.38473943508527,0.762810198614928,0.375413723368058,0.85837199041404,0.161540197333163,0.389617226327857,0.389039271513342,0.352444739754742,0.610219937478249,0.684677979974088,0.316501616484742,1,0.847709002892276,0.300864730846484,0.358572952795796,0.29244236432533,0.359420981012011,0.239299771965481,0.129956866981314,0.29944392687305,0.163683430230486,0.149468264527087,0.1163899353412,0.258135218920307,0.342494272029671,0.335792882637547,-0.0665091157327262,0.0661165333483365,0.0410079435538776,-0.0631134706077309,-0.180595411292584,-0.226811247634995,-0.048864382494146,0.054804719193848,-0.0231602383769079,0.156088954997075,0.0165299507700086,0.300395587856713,0.0352718173892356,0.428110039309228,0.522857444692737,0.310390818977642,0.39018921287831,0.133853795412517,0.308535638981205,0.219001802460746,0.325685756844395,0.273128112215466,-0.46141187029215,-0.460682196654725,-0.272728250171072,-0.196783067888995,-0.227580762222163,-0.137870278966679,0.24341095945259,-0.0631061047491635,-0.188067406604638,-0.115771258079251,-0.174010233051741,0.111553844188304,-0.336716837094385,-0.0589545129997959,-0.33135918926091,0.320514039118188,-0.250061576883916,-0.540720519030766,-0.459281576476978,0.0151575267994415,-0.263323574386377,0.0552058635767611,-0.0856523274750991,-0.221360789242903,-0.395842109811223,0.0865204721830009,-0.293636289418952,-0.47096922085033,-0.345376816810523,-0.194703268338614,-0.45822846498319,-0.599583474695328,-0.491861327787105,0.0570633324443563,0.221977510851682,0.272144738444067,0.666924209256749,0.611405095827682,0.473720916179273,0.553744484023991,0.25483128413503,0.557892353636569,0.572127342233643,0.508403746363079,0.797102023656764,0.597092583190447,0.165208691891609,0.326977616032929,0.0864464326769103,0.296951966306546,0.307128416334162,0.0866702725907743,0.270685767882719,0.286966951332701,0.304610221428086,0.462833491826334,0.300630870334431,0.361169700991068,0.319885615084783,0.438034520787238,0.200323521156299,0.285035591680673,0.205557568139563,0.137010450024848,0.436209797179749,0.155484538116538,-0.158012515573638,0.108686288643636,-0.0340048847744083,0.0438570750203372,0.40284245420395,0.306238831757809,0.42223498824792,0.394995422096923,0.366188858990286,0.296875870462504,0.421922388138117,0.232707147246728,0.250142511648931,0.406257259255393,0.41515301095295,0.38983267789124,0.249238720264633,0.447951129415741,-0.0941361195634075,-0.424067779559996,-0.263509170266355,0.0167000438325559,-0.267815771643693,-0.161266596882138,0.0355840094183622,0.146163102298624,0.285551839652059,0.0677618801508825,-0.24985740776574,0.0372263116287134,-0.119573233133799,0.444583434753183,0.0852696106153081,0.0183172704769676,0.306844415577331,-0.209062119601606,-0.407346059308821,-0.179668874665339,-0.273883560487624,0.251249969752212,-0.309521030340547,0.0795002796264185,0.0601771438934432,-0.120519549935111,0.106304472036048,-0.196516677632578,-0.189367149152049,-0.048766327133911,-0.115324793058418,-0.359248495280739,-0.149687157735414
0.413742864888679,0.812759859701632,0.367761505581497,0.663721536950981,0.0387021704607387,0.279417953906745,0.430676992817856,0.422580247247047,0.386423839110191,0.839816604053737,0.114060472176562,0.847709002892276,1,0.224438580222925,0.315007297686312,0.0872067377899533,0.36122656595913,0.122953849734882,0.135446162513067,0.417463656399848,0.0709937331700543,0.0404886392846342,-0.004884948244974,0.22140938183939,0.267806708716279,0.372768839281696,-0.0809936997284022,0.136777671720507,-0.0668800203570077,-0.219090917847453,-0.120491251285953,-0.288971037577064,-0.135072160905383,0.161861502679249,-0.0488396092686563,0.244172668647107,0.0432255413880087,0.146859549990854,0.0469313744664555,0.311550344513103,0.400329589986704,0.24677497789894,0.372415846462518,0.103975706964291,0.232352858998508,0.0887390692757153,0.315933973451698,0.130485589499436,-0.259963926727197,-0.200444041787812,-0.177674365362993,-0.0719771647155787,-0.0261894398900603,-0.0953322029403511,0.322716433926677,0.0425621945833196,0.0207514926558669,-0.244042515251614,-0.259344268242722,0.0346254283700605,-0.252960301797425,-0.060591882410043,-0.214415939777574,0.338655269429574,-0.128598005189066,-0.331428952604201,-0.214717068228842,0.0116896699131707,-0.273139671047625,0.120974876636356,0.0843121387497725,-0.242626796635806,-0.22345775816216,-0.050406486668511,-0.117148272730373,-0.190373909376371,-0.0627005869903479,-0.171753827809388,-0.301509653687254,-0.42037905424725,-0.365579683741921,0.0107647087406791,0.192140257724964,0.184628263144796,0.727132774306415,0.490282162307558,0.510845532824095,0.4384767703273,0.132170825483587,0.324390355676406,0.327618560516244,0.657607288059006,0.647839840282676,0.678876412423534,0.198935470677552,0.322886675842718,0.0887472796611782,0.161445824596046,0.340092551199327,0.0871071501267713,0.290573315515253,0.186346724936786,0.0907683155500183,0.464285056579274,0.228420355087143,0.383663030105691,0.213440911166939,0.288562738864502,0.2788406859288,0.181820243549637,0.214949424282952,0.102493090993059,0.386623952008961,-0.0354878940208762,-0.208669856779729,-0.0864580580031302,-0.0914093912999393,-0.0811977309615135,0.356970903514764,0.0995978711809724,0.28657438849862,0.232211623148535,0.107520011275492,0.123841371485724,0.359464738583967,0.0939563427562603,0.160186512306145,0.218768454689387,0.320571006757228,0.248396750265736,0.0291264683757683,0.317895680282122,-0.187425096338771,-0.381226915226323,-0.220753558414282,-0.118898259801274,-0.200070628541968,-0.317512793820365,0.0167485650416636,0.0272356343655242,0.0426793569065428,-0.0631948144861914,-0.259263908305584,-0.148322740056153,-0.289457930862401,0.213568264017479,-0.102675626805215,0.0599253866381392,0.25735794610336,-0.235544024463773,-0.289730042291986,-0.226353201084228,-0.281444836591718,0.178417704016285,-0.243202992793689,0.109523487351136,0.0024596361841874,-0.291127708884175,-0.0365602353579774,-0.218225941099456,-0.241684002609989,-0.0911076808781823,-0.148512410378518,-0.308469831917859,-0.267185245871829
