1,0.652120959407488,0.430401887272408,0.797804929467625,0.692271364066791,0.483983059600404,0.390107562952957,0.347709641300077,0.527737777084911,0.531708433248938,0.711787492104072,0.824971973277257,0.69869153111177,0.0906249890041899,-0.0157957800177673,-0.2428676379694,0.111491781039315,0.100517505582834,-0.186947289642702,0.116425720963549,-0.1899372999475,-0.0266775306601624,-0.0535646734466606,0.039770357989334,0.0161776850946379,0.239942768646108,0.159535962024223,-0.088951092531817,0.0246500231449609,-0.142902232367877,-0.0768743257001913,0.162530432512383,0.188990394981503,0.0062162008252699,0.0108979293175067,-0.187488390325824,0.230888121479172,0.0641633078336774,0.183474118931773,-0.103966438402987,0.113149194613106,-0.170688969948082,0.14624748192011,-0.335504929604086,-0.0067660295274714,0.0294308593671843,0.248456830253074,0.151206880192862,-0.189884146919856,-0.166181202400111,-0.173067443025335,-0.474535035101904,-0.46435852474426,-0.468255020544296,-0.138490250325496,-0.41527437272852,-0.254934111013212,0.515353061328864,-0.0674892304988893,-0.0291193830687911,-0.215195612391429,-0.23792595130235,-0.213831765398609,0.136949447665802,-0.107536395955979,-0.293351297002399,-0.45848136943539,-0.251923582942359,-0.304309912207879,-0.129856064889432,-0.330863553236528,-0.460487024752884,-0.660665504702126,-0.280500040827116,-0.333462187069191,-0.54017205246922,-0.336637430011986,-0.207186649087527,-0.350281456600137,-0.247450004948413,-0.173229505661519,0.145322769412239,0.482287085781509,0.545845847588807,0.645343397606666,0.853140321340546,0.200204263781985,0.352321624792206,0.644284797784592,0.59786892087883,0.694482239713809,0.586080910249518,0.67722394437879,0.498874526742651,-0.12384154199686,-0.0336050967606888,-0.182609571793531,-0.118171232843605,0.0122726838958745,0.121230273429867,-0.284395528400392,-0.0079038281318692,0.0573086480495029,-0.0803886598135156,0.0205874884642625,0.205411253407626,0.0152913622314072,0.233242724607153,0.136789064322884,-0.0026139149663911,-0.0697068237207709,0.207314797437626,0.204602526339152,0.0116736559211118,0.122303747396211,0.119774148125416,0.125117298473117,0.230087770589144,0.377812593291147,0.172201963816553,0.0156828962848069,-0.0886176690836381,0.106821013366571,0.0456130679676622,0.0232773367901051,-0.201582530424008,0.0463871756244047,0.29756960885967,0.0974686160699329,-0.0352294316994747,0.150611687484431,0.082955457701207,0.0768728849951463,0.0549790733198819,-0.017437216716412,0.0504147504890487,-0.430820454130744,-0.146871238556488,-0.0467141827100624,-0.170631692387426,-0.0682964572739824,-0.296450255929597,-0.287678679676521,0.619609342858085,-0.163357492906972,-0.0237533269609195,0.0938762925475653,-0.218697787462121,-0.126991262010815,-0.375653713566464,-0.371862129632145,-0.375754330585047,-0.403578135832135,0.0004840256176873,-0.281472974436985,0.0265145090873995,-0.0702893822138139,-0.319838342314754,-0.299133207091602,-0.526577499823681,-0.382973762899745,-0.155441576942382,0.0923111004832529,-0.360836979490344,0.116682340025054
0.652120959407488,1,0.707594409484267,0.440359546745632,0.409499630958939,0.536278583060001,0.45433344834743,0.563043031051045,0.135880545268976,0.540456365278858,0.45391709508987,0.580162881179961,0.638090271452131,0.0838292351120037,0.144680277225127,-0.0561920175022219,0.237202587909008,0.359430162094666,0.0376967453268275,0.0718121319407101,0.0361606333436575,0.11013185354481,0.189560324499112,0.277700195434885,0.119012547337979,0.561841646992009,0.177449340055187,0.005776536071035,-0.0901009852846171,0.0350343608491144,-0.0874748296246828,0.250026575397893,0.286289989077666,0.169069126916633,-0.080372808560517,0.0211100064233515,0.074153368105968,0.046943813004743,-0.160058657600222,-0.217343956636008,-0.188860313619925,-0.071346184365154,-0.127956594665543,-0.304202229062597,-0.138904995283257,0.0147567939878068,0.203973115581128,0.15050364184621,-0.371297004694362,-0.340500642020144,-0.33190653715665,-0.584947404388661,-0.426800779041318,-0.319925792000401,-0.291961350365388,-0.213410623063552,-0.335467451783192,0.220268512547096,-0.11304865185169,-0.202383994166603,-0.152953943059879,0.0708348008832223,-0.134884244804514,0.369554288672122,0.220395315948427,-0.242593746365523,-0.290903407824971,-0.487208900217258,-0.337216714087646,-0.169262988037507,-0.374031754223243,-0.61830156041716,-0.406736380478125,-0.470420205385666,-0.576725293180096,-0.227942965841322,-0.372617314605135,-0.170916482519312,-0.218364050155327,-0.313909941457813,-0.126067330136866,0.0685486098713854,0.757528601610038,0.20150023303315,0.839757471402442,0.475749471722007,0.405608163911737,0.500554200502576,0.285787503119469,0.220041163094383,0.291329334680591,0.592659957694462,0.380202547944989,0.42932502527572,-0.0276603225528236,0.253273774130186,-0.100682898631087,-0.0007357168476724,0.192360744474204,0.384533351519656,-0.0668019929130357,-0.0413290447679787,0.277000364240995,0.110607201332136,0.124897795192384,-0.0101577395461374,0.167619144037529,0.262476632512766,0.0677171848954469,0.248092350519362,0.0651974050407768,0.54866307010879,0.398028120252776,0.371701878408284,0.123367314342308,0.259166711662189,0.228675766732505,0.192259909981943,0.445503641730047,-0.0018533481322386,0.0685888557085708,-0.0276264818977476,0.385120742981674,0.351602405868603,0.289045699542813,-0.109155482442946,0.212221023636044,-0.058803117141139,0.0160607742977212,-0.0777196865503239,0.164594935114261,0.0060858987615304,-0.113427763956975,-0.283178857514966,-0.179228983293683,-0.305766720333154,-0.260725081965478,-0.173377329180536,-0.151228929711813,-0.0270287583669746,-0.255773451565593,-0.183827613491111,-0.260798874637042,0.309482356289429,-0.323341218611919,-0.231799227322969,-0.269193208736701,-0.380002871930499,-0.219816408706101,-0.327571458426709,-0.405032454537455,-0.229855637902708,-0.337681716321184,0.294541064786067,-0.237552139581526,0.167477900205944,-0.314244869340781,-0.571275538458867,-0.379106795021387,-0.476510855450874,-0.326956527753773,-0.226954259649449,-0.148695508061555,-0.345829943740302,0.0870928801115717
0.430401887272408,0.707594409484267,1,0.291503139857996,0.25756122270325,0.159745802826486,0.612742116542775,0.558928831479887,0.0181800084762089,0.592458059942702,0.297893632930444,0.456592568932219,0.593428026586149,0.0147715687523894,0.162701434866647,0.002553086457515,-0.0807030057281905,0.158111775555699,0.0410772926586229,0.0270678606754872,-0.1544778210392,0.127750538458563,0.279102204631122,0.165407700285792,0.0584265383174956,0.664739723464858,0.542590859024531,0.180450293018627,0.163103532371902,0.180502929185257,0.18738574826399,0.350637178098179,0.360118720902996,0.321283824824542,-0.0995391716889316,0.0423298538326274,-0.0180630421772018,0.0791783714040585,0.0199929240308352,-0.20210682199677,-0.160812781158108,-0.137537651836658,-0.127758106653606,-0.0667413929895977,-0.29511899912552,0.0330131641613852,-0.0838267390708083,-0.0524630185403628,-0.153686796579327,-0.153858094470625,-0.109684234112298,-0.489449990998577,-0.252158697275881,-0.0697302980440915,-0.180490534913545,-0.140303337818397,-0.113226295838531,0.121294097152429,0.0029151862300101,-0.244794285263636,-0.0874903696521875,-0.0691477048293331,-0.0151567272929314,0.456200959932195,0.408101453912777,-0.0039027050321542,-0.225161245039533,-0.203800612651465,-0.1825346932545,-0.16962121027597,-0.259495974362579,-0.273753922526201,-0.206031935565066,-0.199511030038776,-0.344951260287263,-0.203767128289018,-0.369917527323832,-0.271342688141709,-0.359907583890142,-0.216762860684259,0.0110528645139797,-0.130407409181448,0.675200653701163,0.0127179183776505,0.773752250449217,0.293807009840421,0.597684725388407,0.202610219168908,0.174795996745145,0.0192587188787671,0.106642664344879,0.662801002612051,0.207273350253912,0.502515002819833,-0.0428554647443393,0.276826543319441,-0.116863254069497,0.0912639675720568,0.0425690737157043,0.240084791915715,-0.0679903815035155,0.0449651108725674,0.378640400351248,0.122521142385367,-0.129801367825154,0.201185156582698,0.321881965631281,0.442353787538222,-0.0421315793987664,0.186434371238475,0.0106907027740869,0.64606345615615,0.476682051805459,0.391801904162403,0.319139031222125,0.516244989658758,0.492132079142264,0.365535986516759,0.380784731342198,-0.0178929885501431,0.0680937591842934,-0.0805029551633032,0.353439906551437,0.248398939543262,0.210351585024296,0.0587048227398375,0.0214929220810912,-0.121335294809415,-0.12834836573879,-0.310760568168509,0.0411292039696871,-0.165982964331694,0.10099304326811,0.0117167654902236,0.000826088158355,-0.0057673283064554,-0.155268959933072,-0.133223239715464,-0.150087160832548,-0.132736036901698,-0.09068959089432,-0.152569102250196,-0.0669864845422303,0.229710148437204,-0.221598612996315,-0.263613783405817,-0.109088627013374,-0.254260684835392,-0.237374872681729,-0.234654122024967,-0.298466642713159,-0.253807426489023,-0.319629869755974,0.108302382727857,-0.207516942746387,0.0849340216693716,-0.253965805572677,-0.280898608101612,-0.233034555861697,-0.398745757908326,-0.366870262536305,-0.259451984499852,-0.299941247375873,-0.42275975155322,0.022816989399784
0.797804929467625,0.440359546745632,0.291503139857996,1,0.682334323428066,0.554675906445319,0.235208464039708,0.135153440493201,0.828228097842086,0.138148623635567,0.852129217411137,0.801914352618409,0.412073664430609,-0.0147623059867427,0.0397786371126642,-0.249267587554167,-0.0768755172843884,-0.0043555230507469,-0.332882026243645,-0.103067919810855,-0.0704277735342345,-0.0983282923744648,0.0215671347629016,0.133201647174177,0.0438588540446785,0.125622702605275,0.154172935418181,-0.160441812998084,-0.0509401430678142,-0.0432536778964631,-0.0480194862649231,0.120384520002393,0.212472322727206,-0.0941381958401976,0.0494178687935242,-0.344144540728453,-0.0514725871262269,0.0179834070688377,0.0326498522876124,-0.130163815459976,-0.116626456488948,-0.295451727193276,0.0168149139434951,-0.249584710378058,-0.0197341836941567,-0.059946448556606,0.0726497611038167,-0.141896073136012,-0.162986630798509,-0.0610916919969455,-0.0837531589364515,-0.339995603833813,-0.415505720793273,-0.251590595444598,-0.10291460126671,-0.552915957793605,-0.201097719717229,0.520943510212865,0.0754299172358183,-0.0560648283163538,-0.231130584846084,-0.285986227985948,-0.346245714664731,-0.0779406677991123,-0.220277747104557,-0.309534548875948,-0.4171936431657,-0.231310920904265,-0.215833676940145,-0.292172818797678,-0.469411327411047,-0.273574717378811,-0.609134022964509,-0.0796202249654097,-0.265765857842637,-0.516116725250446,-0.168883250259181,-0.186183495690031,-0.235608164684661,-0.142351733914458,-0.0392530399193986,-0.190580038035261,0.16180856939594,0.241465967679267,0.395241083539094,0.932593996409529,0.247113974117855,0.300902663566187,0.724708163815195,0.838185962952444,0.790558362538229,0.260491679599387,0.874246385881025,0.115504007966712,-0.0428466316174261,-0.0898482165013634,-0.231130527555911,-0.0803486495262092,-0.147987867357572,0.0361246650952404,-0.403462533188844,-0.0615911082500634,0.153608514994372,-0.185981956470776,0.0934310544188472,0.173490511190745,0.207864089253312,0.265343377347167,0.274857435438658,0.0649418204775372,0.070807132144129,0.111419749024092,-0.184249550531698,-0.0929916443250896,0.181923378409537,0.160593764512042,0.118364009752822,0.125894707443733,0.272343640972298,0.126803052224158,-0.0862566826170182,-0.347017119000926,-0.176706024058808,-0.0675179170541045,-0.185888352526642,-0.147284756278312,0.0188420541286725,0.105457995156123,-0.0536451772887748,-0.129179082166331,0.144095789156565,0.0085261249582233,-0.0289046425813688,0.0613335542498772,-0.125174517865767,0.0330080150968925,-0.463063901195034,0.0129514076122597,-0.0386389459917205,-0.423505406777634,-0.054563541478604,-0.415993865911753,-0.256327720155847,0.64394257933475,-0.0148733772346014,0.0746114935403475,0.101679171338023,-0.247101539016848,-0.414698430382907,-0.408217978609064,-0.328375200929216,-0.335186842622557,-0.328119416421055,-0.0850013525701234,-0.315858347860772,-0.0250334174230514,-0.139120167147375,-0.142669513021576,-0.187960224360499,-0.455055171341818,-0.331676340442142,-0.156705065277189,0.10287632555208,-0.226248491753842,0.166554919039358
0.692271364066791,0.409499630958939,0.25756122270325,0.682334323428066,1,0.567537780445893,0.179014041362933,0.104939665667754,0.702276040835181,0.19833082478921,0.766762921027972,0.765292591253891,0.369098852032764,0.0640625247995142,0.263616243786991,0.0602316199746189,0.155094918076539,0.202517403372575,-0.175507038223613,-0.0206095651370021,-0.100914940322792,0.0844141943321375,-0.139309120484879,-0.180834112104099,0.0830493288937199,0.106555679089291,0.0656904135105847,-0.0451487582965628,-0.0585702580762002,-0.117982498913471,-0.106045073375669,-0.0214489382647873,0.106647355093117,-0.312965819337409,-0.0618225562432786,-0.35007274677605,0.117166834528169,0.0754445329297213,0.0798262647730482,0.0239691579274464,-0.0352468016128362,-0.278973307161368,0.0832021662366911,-0.472426970835907,-0.04577418386617,-0.0724590623003656,-0.024116948235087,0.133979857784703,-0.0084262529700165,-0.03699842215875,-0.0310965783183445,-0.24305110283757,-0.315064823130492,-0.503259674931494,-0.22005984444464,-0.44856298416685,-0.348937758093935,0.421141646056196,-0.133509743516694,0.0497125773559493,-0.232252523544638,-0.155566394871342,-0.281017382663711,-0.0259831325468407,-0.230101661308351,-0.312354414560032,-0.2299247233417,-0.0035832641909267,0.0337977415454626,-0.099405336431032,-0.291474544334795,-0.175583031418469,-0.48996219611118,-0.0649699500455198,-0.297377180792576,-0.493016279665647,-0.211055282093992,0.220038216989433,-0.1795506810233,-0.0928242526955346,-0.173799860932847,0.124774685882467,0.302055138988418,0.438531865483476,0.362330191324143,0.762575868712465,0.154477110002685,0.278313584511885,0.915351902979265,0.632039341073344,0.783578671207884,0.310761951602019,0.819293282001507,0.315001442258102,0.268733937953293,-0.0651505528279243,0.053556882490012,-0.016103524473849,0.0021434966016027,0.253845267780245,-0.230745603190514,-0.0108708626930641,0.204045998724838,-0.0902392184977524,-0.0749814993640472,0.363653788881501,0.176571052130381,0.385891926362526,0.0431213189119995,0.151664133471386,0.0702369059987123,0.0980675002277854,0.0276193539512393,0.0072100817757475,0.199907606017409,0.119224122701978,0.0491995648452669,0.216331726496437,0.139038942781192,-0.0194056224822743,-0.11564005939234,-0.0948893432161979,-0.0498443888333055,0.0122580413332288,-0.114964425604657,-0.212975245070258,0.171502331209681,0.116750881656471,0.0007827669534822,-0.181337483434222,0.0780001479221331,-0.0458326366842526,-0.0144732250803229,0.100241212739153,0.0399578246568321,0.143520813613117,-0.376184376969231,-0.315977145528798,-0.125079156314825,-0.188555817479839,-0.271418630639363,-0.409999561864909,-0.248691313286613,0.520034095287901,-0.138399312912828,0.0974367101901289,0.0006468234312166,-0.20425603485401,-0.0935493575072932,-0.246296330757623,-0.108635558842572,-0.188368875561185,-0.203539084313884,-0.0597558830608899,-0.172355557713614,0.0654124681451556,-0.0513661690031154,-0.112371178884409,-0.0997614149515213,-0.387708649694992,-0.330713767581078,-0.130971562106748,0.461391876536071,-0.275193914060495,-0.109665580338424
0.483983059600404,0.536278583060001,0.159745802826486,0.554675906445319,0.567537780445893,1,0.0485418066995878,0.141242929142172,0.583841175364026,0.0124215387201987,0.545457340277785,0.528014225139333,0.247360964488093,-0.248707040659129,-0.0402601830132332,-0.145962753627587,0.161898023675599,0.250546025016888,-0.24197801868565,-0.0545127568150504,0.125545570804837,0.0100556055737862,0.0843450671499734,0.154423353073088,0.193770748049829,0.0692804564933499,0.0088882426630975,0.0101068631540751,-0.183819487027311,0.0014670326109636,-0.189286761718455,0.0364964776177692,0.153872838125475,-0.167232597358281,-0.0457786359686731,-0.271793194587543,-0.33695760260588,0.0411905384765642,-0.303333906952572,-0.128774152080269,-0.312366106045708,-0.270106859127428,-0.240222489307705,-0.461823657017721,-0.0565934958794808,-0.109112322863699,0.0456952696710128,0.0567163318311933,-0.157698662316768,-0.0585702195145486,-0.216523402425454,-0.353505267534267,-0.47236850598431,-0.400104184062649,-0.329001952552098,-0.496606705200798,-0.390752517071542,0.296057373149804,-0.158613714752912,-0.034304188471934,0.0702625503553282,0.130550829461061,-0.228234593779992,-0.114559780917607,-0.204198092359046,-0.329954415528426,0.0585062953057607,-0.221483883319713,-0.119040478733036,-0.408550709576132,-0.396820823566684,-0.237151975520706,-0.346430828611264,-0.192464233782308,-0.393687854482195,-0.132349848169716,-0.118638571746101,0.287764689592261,0.228017540181752,0.175527456585429,0.0988770042938979,0.141144142551392,0.30448888915849,0.265565457017314,0.360347884557174,0.541269551998215,0.105508844351809,0.661058946724016,0.451697261861184,0.682506898886746,0.473936855633806,0.156221052458184,0.630803207662396,0.0758223046481117,0.0820175856664044,-0.163369589998705,-0.0766954415729559,-0.0661600917917138,-0.132761375412284,0.126968727733528,-0.316184531294545,-0.162487902115547,0.081622168692785,-0.190238395755402,0.130251845087381,-0.120509338796479,0.0176932203107988,0.0911791806798963,-0.0133572569217608,0.273899556766178,0.18805394229083,0.135460649756738,-0.0649393188167489,-0.0437404692412533,-0.0290494435532971,-0.033520429105201,-0.0897369191459554,0.0353897564193068,0.138715326137802,-0.0551864518292084,-0.178884336359862,-0.0701320586225934,-0.0656671025200343,0.0029808209832394,-0.168481755787121,-0.292645234520065,0.0325892752614367,-0.131204783071039,-0.182671507455061,-0.16302804236628,0.134811895562662,-0.119329844827335,-0.326896532403205,-0.190741199350348,-0.0603343542298913,-0.147886180650171,-0.443760996530605,-0.0922340629321568,-0.213467615203014,-0.211058475984278,-0.349918776361921,-0.177459588715924,-0.19257215291353,0.347800944514525,-0.153254334887023,0.0327919757629103,-0.222161633241209,-0.320360771104387,-0.159461054703009,-0.0392547763790519,0.0206972258851691,0.0675913169890107,0.103637591633077,0.0625063620021704,-0.122951352189908,0.0026166724952765,-0.418684186436698,-0.146136879451296,-0.168689847463859,-0.149743934319933,-0.0272599278249476,0.0272362521025327,0.398303628434209,0.148798399639351,0.160411606879743
0.390107562952957,0.45433344834743,0.612742116542775,0.235208464039708,0.179014041362933,0.0485418066995878,1,0.775016754838907,0.0045101471510899,0.722269728427104,0.309210566693758,0.51106018514887,0.778812257794045,0.139806570505917,0.207269722208649,0.0916411010612597,-0.133794237095027,-0.0812725071430025,0.293808765175776,0.287437866436817,-0.170559670585531,0.142554609354406,0.21241368306568,0.0304467389348601,0.292766307503162,0.38264486071823,0.433196360227651,-0.209586535043497,-0.19297021280872,-0.139211911122866,-0.234211035188889,0.0381301164769249,0.485708613502793,0.0395139896181053,-0.492808678458126,-0.269740497622337,0.303545519041671,-0.336897567164779,-0.234803387110313,-0.28619391714347,-0.1238977894617,-0.117806734301475,-0.187846128556438,-0.368330952246976,-0.440969350306486,-0.24676437109808,-0.0289240893875741,0.125598614866763,-0.440989598496013,-0.548708234966068,-0.515909169978015,-0.511912401810124,-0.448347315403985,-0.359278422667723,-0.511310927020218,-0.280717155139621,-0.419988886084916,-0.0949033062109285,-0.365164670177443,-0.436422814700989,-0.0040108348812732,0.114165063760619,-0.0571310374611675,0.535536628182302,0.584457085277657,-0.141147217694776,-0.221073839841678,-0.214941402582494,-0.160236095679872,-0.0096016280302554,-0.0733622853532353,-0.301357819524197,-0.322301720143599,-0.303999096725275,-0.447119455975652,-0.218726954885317,-0.661836117172479,-0.25243723521148,-0.221578805682321,-0.283816589488113,-0.198468494943506,-0.256601959618165,0.335990160078158,-0.0928267683898038,0.514290005145834,0.268506015379969,0.818280432768924,0.118247192726401,0.110368786858098,0.0338541297831328,0.0714444306383102,0.802897369365133,0.131149215604004,0.420063999252066,-0.0856821979522025,0.376442235084014,0.0933293695107562,0.215808448617732,0.0853108454636832,0.250253738981632,0.157745644372443,0.236543652094869,0.311386376253494,0.294554910449803,-0.0143007620297406,0.406445428693789,0.343806480107156,0.648226777138141,0.0658245919415983,0.305563058510675,0.228422106968164,0.503519541167382,0.524772818855105,0.437288808744745,-0.0672364673143039,0.295032698698505,0.11915168739093,0.0138773044816287,0.183567967410471,-0.254819354240209,-0.211997455366862,-0.0819575595267904,0.449430003369572,-0.0563880621305208,-0.011846081061759,0.0789012627395683,-0.160355862034709,-0.015805436025454,-0.157458635159033,-0.314076101900734,-0.111277372383811,-0.0873316423534845,-0.295124908289516,-0.322980855197816,-0.234047574314637,-0.142332949873615,-0.112513608661751,-0.309471154499013,-0.318957773013753,-0.148064053165188,-0.283443752377174,-0.213695454426193,-0.232730101491881,0.130431402420146,-0.404625081818876,-0.310342594858331,-0.172617869615586,-0.265207269133012,-0.293867424803623,-0.196636826464116,-0.243313540120069,-0.2001229193177,-0.149405732945051,0.168715759170306,-0.131672131577141,0.258063212266136,-0.133012948783856,-0.318646045797387,-0.201846486449501,-0.248437581929915,-0.211087298201678,-0.258573673707155,-0.299487550866304,-0.359865922690752,-0.13692625195415
0.347709641300077,0.563043031051045,0.558928831479887,0.135153440493201,0.104939665667754,0.141242929142172,0.775016754838907,1,-0.117521761013743,0.716308825465403,0.208705288575059,0.442490841209473,0.783420998810688,0.0433585043084181,0.274161781991852,-0.0093083170927783,-0.162715376059282,-0.100680060987869,0.147762557350819,0.153003149777537,-0.203198930400068,0.0266287432525588,0.104051425166263,0.0249630531642536,0.180495519608351,0.211860597100178,0.15819016639039,-0.179323162200345,-0.219272671330758,-0.254175122064578,-0.20028872055412,0.126142256893253,0.367570006009561,0.171439669088756,-0.447867915165838,-0.189754243793015,0.188172813282571,-0.384951053395774,-0.204860404796232,-0.322277968737367,-0.145134965529358,-0.268050881831843,-0.176849907130922,-0.252627178352812,-0.431842376292969,-0.13865314748786,-0.0823924636431592,0.261121657578817,-0.293516232391657,-0.425193425635716,-0.423200322365176,-0.394138989315608,-0.303212034906475,-0.199505199263662,-0.378346704720328,-0.147361204145888,-0.269274086150904,-0.0006972667126069,-0.164873349804695,-0.323946443617002,0.182692632568943,0.201098579990593,0.129874605023602,0.498783716660534,0.47692166671551,0.099830194888142,-0.157733563937006,-0.151230716301684,-0.135068403561339,-0.0698768279581973,-0.0215786581243742,-0.337166871837792,-0.127793590885643,-0.269630912611348,-0.386518111071046,-0.0277263523224788,-0.545535512893423,-0.207708438309932,-0.213519218488255,-0.120969826137629,0.0098507122108406,-0.231218304674486,0.340540241683186,-0.143882963230892,0.657922287049168,0.227712645354148,0.683950331859919,0.419349273278649,0.0269702327609653,0.0088331327452115,-0.0451293797848148,0.785052661802338,0.074362080438299,0.471942969253173,-0.0237015856983959,0.323053055603677,0.0117069688284846,0.0248212806637313,-0.0284714075732028,0.281034757466173,0.0250298711924003,0.11467212515234,0.219618661836175,0.148577345294133,-0.121669846551939,0.0741794269715973,0.118888735477525,0.360451614678571,-0.124126417463151,0.269665326489768,0.15029630664921,0.46950864452949,0.504194620354586,0.402282734745301,-0.179312091564138,0.165875315467881,0.0026745604419782,0.0103721939602611,0.159590094802366,-0.267069895986905,-0.249055641846512,0.0941579960007747,0.471029179601794,-0.154158061685933,-0.0201299482842328,-0.154997386538132,-0.18078079456948,-0.123572331224463,-0.206593929462341,-0.36127555124769,-0.0830589297310791,-0.321727643252593,-0.29526433886897,-0.348048440432945,-0.169959869252731,-0.151906411008921,-0.0193576153781603,-0.200945655386013,-0.298046963338783,-0.0375301319066053,-0.290985211579853,0.005559050517022,-0.123166247103449,0.206965543234165,-0.249403688377098,-0.249361268018264,-0.2487197576105,-0.226213954562628,-0.236314356259257,-0.0539035868587119,-0.214757264360992,0.0205377915785794,-0.0617814311643306,0.278599807670908,0.0931918380778323,0.260130357746835,-0.223089130287349,-0.393320263225872,-0.177274369119115,-0.179099525923746,-0.191132755370546,-0.273041381858981,-0.249631837493353,-0.238101595383109,0.140728935857341
0.527737777084911,0.135880545268976,0.0181800084762089,0.828228097842086,0.702276040835181,0.583841175364026,0.0045101471510899,-0.117521761013743,1,-0.19679557609001,0.795944331883386,0.633483010750079,0.0631361927962978,0.0251833296204471,0.0845920504734511,-0.0522082878000771,0.0782335647475042,0.0307434492782748,-0.313958511940221,-0.124474471646109,0.0432898429210555,-0.0639598665761027,-0.138076747994457,-0.0564350013262495,0.0504791456536918,-0.0368239634150516,0.0522541903537986,-0.207508686218993,-0.0610675794785471,-0.0769686675605383,-0.116599824405601,-0.0721864053340924,-0.0189281481499638,-0.387007280328626,0.0027349293900732,-0.412031825926976,-0.109633456553846,0.0854552547137642,-0.0125420819503012,0.0875290326862466,-0.154955544607717,-0.15289463194224,0.077378813289692,-0.288999949256845,0.0695958603852128,-0.197092691007558,0.0250401406182995,-0.107209294998503,-0.0065742324897857,0.0641528034308562,-0.020743739967615,-0.0964655982545886,-0.356860426467454,-0.232208307024649,-0.0980667485286441,-0.565120740436976,-0.232713579960843,0.434165770866941,0.0024603152054187,0.157269801987732,-0.133871652723497,-0.23846088005655,-0.377276812963053,-0.298869356839289,-0.373238638670883,-0.291413842270471,-0.199616820680974,0.0037241998939343,0.13470897550579,-0.162710747241981,-0.296041246975697,0.0489380908005095,-0.408855622084391,0.189554502386924,-0.159707919576028,-0.422831864261555,-0.0229478678750691,0.11844639354682,0.0363669888675011,0.0693138748868712,0.0300328932570632,-0.120186166718659,-0.093345926833204,0.164850341470361,0.0501647959502837,0.739497032831723,0.0612032583108445,0.262362148996238,0.737327530300239,0.859970379308259,0.791034176878618,-0.0640820870975178,0.835503722628238,-0.167401699587579,0.202684097252517,-0.0948598890117013,-0.0492213642380814,0.0596429570548213,-0.0825538732189352,0.0638586376287181,-0.38900150738537,-0.0401060481939473,0.0921887599320506,-0.207110060257502,0.090681025074292,0.218990273026021,0.1449422220585,0.175238823976433,0.242012671348789,0.0117227472607431,0.104954883658181,-0.181122624384807,-0.414497838162622,-0.221031508327295,0.0973366461676044,0.0008074262126498,-0.0557271462509819,-0.0541518979572229,-0.0204621385945122,-0.0315303915424972,-0.106914513360869,-0.346521741046335,-0.389603979324717,-0.0996064716217164,-0.365082232679728,-0.0988998339072635,0.113496702175892,0.035807418606046,0.0348041635999459,-0.0596799938276228,-0.0014951683673205,0.0398445242469421,-0.0970689581397306,0.0389000082074753,-0.19047635856535,0.097877105437217,-0.481387343057463,-0.0902805491430254,-0.0483689596719801,-0.465429404161534,-0.149872693564461,-0.493014385267718,-0.314583455308795,0.467065172848486,0.0564864207481527,0.305223189978949,0.108688964727576,-0.144646101393732,-0.376934879004861,-0.287681487474077,-0.142200081457403,-0.160957914965099,-0.142146891586255,-0.140806966195537,-0.267083472876127,-0.032701244847859,0.003661044441189,0.158991179064926,0.0335216401415035,-0.187741136611001,-0.184057941650473,-0.12833244246558,0.376744997146626,-0.0338262703183203,0.0250701405733535
0.531708433248938,0.540456365278858,0.592458059942702,0.138148623635567,0.19833082478921,0.0124215387201987,0.722269728427104,0.716308825465403,-0.19679557609001,1,0.249239140514189,0.448678291154018,0.871971985336178,0.0568217180432381,0.0137185115474486,-0.0918695076209797,-0.0580562758442189,0.0022749298217142,0.129492714693718,0.273443733472418,-0.290017636843689,-0.0271542052875186,0.0601735128384566,-0.0335777857318763,0.0698354436950574,0.318416516357028,0.242386205663691,0.0100202152808951,-0.061013777028884,-0.266072942290906,-0.0736999459513153,0.287553444200014,0.34657239235455,0.360629522934649,-0.194853407556461,-0.0261053529197429,0.399610666501572,-0.16335960058297,0.134058553575852,-0.252302008470763,0.147315883443654,-0.149150564479329,0.0423129564423823,-0.142400785924383,-0.150989453694445,0.113336855101904,0.130640672068401,0.303425600908827,-0.231284070404184,-0.342479646894263,-0.323130861030074,-0.411520754155978,-0.247453003598011,-0.278769842887808,-0.263200245069443,-0.078706122078398,-0.13821650745849,0.18538741318918,-0.133115380933427,-0.190217534873844,-0.0839768599453409,-0.0210087727767685,0.0919352530548329,0.551116845027651,0.475634693264962,0.0323452517730988,-0.32595278865704,-0.0921098985655328,-0.247903139087364,0.0802315955500369,-0.0179060499372057,-0.36541701153214,-0.295351648663271,-0.2559463203159,-0.2474179286633,-0.202992853429373,-0.536110529685209,-0.290819303631485,-0.410887842423859,-0.274308820754739,-0.118835128229719,0.102852832087291,0.537011066107897,0.307811599932392,0.652385211730111,0.26252794953261,0.472501199787828,0.202658265808503,0.0781984676561005,-0.111098195947326,0.0501675711770671,0.901787191092681,0.0437765495559316,0.786517276584781,-0.187053900253749,0.190447749653576,-0.128443050837506,-0.0683293762152245,0.039996226383781,0.165225549860237,0.025148714726694,0.0941092992193988,0.0219897619248902,0.120423442132159,-0.16794235418659,0.181706772958468,-0.0006949000923534,0.33991938185251,-0.147173096113116,0.0490866162500735,-0.0756598525861134,0.405372821893503,0.66908713967439,0.25852084599159,-0.0912117893981405,0.128195921027891,0.118131776908742,0.176034824856593,0.329007659254021,0.0004968316631082,-0.130307951461623,0.0924485342715446,0.507656395417413,-0.0192965905460139,0.135741537920768,-0.117796771605999,-0.1713967232639,0.164973887705488,-0.046697175387056,-0.136321029279298,0.047833127894914,-0.109070389421227,-0.0393695064532921,-0.134969272815855,-0.0047963950096479,0.0269872209812717,-0.016245294938002,-0.177658325152323,-0.212296238154973,0.0529051777802687,-0.028496619265373,0.0173153054421915,-0.148285461301767,0.295051277987692,-0.197258118521744,-0.310492209718555,0.0343441180791591,-0.154669326212028,0.0402505078662086,-0.19476088166292,-0.342582414977287,-0.322039453423201,-0.297275831442776,0.105919681171757,-0.111332607494338,0.111496764708996,-0.0760775348633428,-0.392638106728306,-0.197378168216081,-0.374695635956865,-0.339796105179071,-0.228805498095455,-0.296413884000136,-0.454397083294452,0.074539181646707
0.711787492104072,0.45391709508987,0.297893632930444,0.852129217411137,0.766762921027972,0.545457340277785,0.309210566693758,0.208705288575059,0.795944331883386,0.249239140514189,1,0.779787866986894,0.445520351827102,0.10288433476848,0.125492209777083,0.0002596704624733,0.10540781242745,0.0652938370288959,-0.0900828603783855,-0.0488720363225885,0.0063108978623091,0.0097730095635893,-0.0633168739290618,-0.0235315668817153,0.220118544471333,0.182383885133437,0.128433569542394,-0.135321585728656,-0.159556103451953,-0.196907583411162,-0.151326257401676,0.0711225433550782,0.172534571792684,-0.249887258473445,-0.102010673254086,-0.395641563765682,0.0293811589678507,-0.0358978960290861,-0.0749735155505227,-0.0996675825288828,-0.142453034590362,-0.158543426758408,-0.0589395046315711,-0.41941333996201,-0.0084238946781717,-0.135101245633411,0.0546182216667358,0.0955001246390133,-0.187782461902994,-0.117537605340812,-0.198909007410827,-0.365385610834357,-0.449219564299513,-0.326789425502508,-0.260509922940924,-0.562005264493736,-0.385274422705794,0.492615992691231,-0.0681836033308519,-0.0239013148169214,-0.248958073917581,-0.118142241501652,-0.337340388484577,-0.0164966774868886,-0.073343316446924,-0.298353740362442,-0.317676277098004,-0.252077001875047,-0.151298961696987,-0.241137212673183,-0.44503746506464,-0.306249390594919,-0.563511047639838,-0.104253044467281,-0.395702271526612,-0.445285846680205,-0.287165475427798,0.0400623961461764,-0.107192709421256,-0.12677541876001,-0.043619989682301,-0.0593906226502374,0.196761577146445,0.243504481249909,0.345935043006176,0.798179975531913,0.291809957319746,0.380595736583058,0.730204510539742,0.695699452873267,0.725483910240252,0.275062812526155,0.817303847879461,0.159352403675999,0.118776568127563,0.102558577120655,-0.049820611588555,0.0106268457573644,0.059581313203934,0.25867768922994,-0.164186906588352,0.0024014618890228,0.139942264495559,-0.0501777913505729,0.12489899511683,0.235635011022598,0.230875408521365,0.358847722206105,0.200648304032612,0.214450684179441,0.230714080302115,0.104680225162713,-0.0954070552957355,0.0434813091470907,0.048190849456981,0.0561698005586923,0.0214114043818687,0.099254690821913,0.154840623324136,-0.0835065546548085,-0.181121935125518,-0.290959472043599,-0.065142406196746,0.0543876720534421,-0.195436625056958,-0.243565807313151,0.209877719534468,0.084054124846886,0.0432586644193939,-0.0824879400208168,0.122354704821363,-0.0202295415777234,-0.169369081925812,-0.121563722432094,-0.132778964740556,-0.0569032193316514,-0.403760305587347,-0.151092014617197,-0.104060125424856,-0.309446632475166,-0.224860380309347,-0.384162541222732,-0.335314700149486,0.560573958475693,-0.027372404975027,0.130251178331916,0.0145264478348311,-0.301859150444213,-0.362783961393836,-0.376849553248048,-0.25574539614743,-0.327408958163969,-0.268265510157576,0.0729262651213627,-0.26340287213096,0.173655412829486,-0.129266714116966,-0.19964816979051,-0.12382826096767,-0.446091633151524,-0.365935271097712,-0.271782202075576,0.200106804019454,-0.186977355538495,0.0831146653594215
0.824971973277257,0.580162881179961,0.456592568932219,0.801914352618409,0.765292591253891,0.528014225139333,0.51106018514887,0.442490841209473,0.633483010750079,0.448678291154018,0.779787866986894,1,0.705020423766984,0.0376706772757177,0.223020929506959,-0.0769805017736385,-0.0473612345189703,0.0423256644388583,-0.273967091335317,-0.036900643333461,-0.215151032424622,-0.0805586007063846,-0.0430216233916477,-0.143268140463852,0.170569249892115,0.216261589005974,0.206590934679529,-0.109691543813013,-0.098966024845381,-0.18087014525537,-0.0624165476634472,0.18918748822096,0.378574792176095,-0.178409041269543,-0.193614215495552,-0.349292239919988,0.17936656320162,-0.0124347858953244,0.060394965377127,-0.150311593746962,-0.0783695321300281,-0.369742075089135,0.0260519055394081,-0.450710691768711,-0.127232471445806,-0.0320216739373309,0.0189283925727945,0.0669605446688852,-0.173817862126218,-0.153661881941333,-0.145453526262722,-0.47260062369006,-0.430855398596682,-0.497045736633378,-0.262272180787128,-0.44323125891637,-0.340159744230144,0.458338165354999,-0.118609982707577,-0.0853129489158768,-0.136329806004928,-0.173840726779602,-0.195385814477186,0.226977895831869,0.0217307500401463,-0.236179825100044,-0.410634697920836,-0.203227379587319,-0.254624983842413,-0.156211446201514,-0.337397830271442,-0.398943292851739,-0.578664819373455,-0.15899948104717,-0.384724498193178,-0.561742341001343,-0.447633927835382,-0.163414838595845,-0.370792236003683,-0.240763708140539,-0.148408746959842,-0.0874895025438502,0.356587537404167,0.245168424523246,0.56558313326575,0.870226371645209,0.426600496582091,0.382591098839361,0.726749113333825,0.670529335231277,0.707835139826356,0.570401032031909,0.836220880496114,0.362671199252557,0.046701105514963,-0.0061156463908735,-0.0605301598913313,-0.0173747596050406,-0.104629891575261,0.133790202511834,-0.356164667943455,0.0306759056239075,0.158333820535913,-0.154468106976484,-0.0921646202319587,0.272483545885366,0.161298262494753,0.442934589272715,-0.0173458461339341,0.207391047167229,0.102390802718495,0.205907800429365,0.11544698522952,0.0221507815116792,0.0928260757973609,0.131871086632706,0.0336106404230094,0.139394222786154,0.138578027100089,-0.112659614387294,-0.19244407098323,-0.12487643899726,0.139621079206561,-0.104645362294629,-0.178564692812687,-0.0974636266652927,0.042259213073146,0.134005627203662,-0.125081793806546,-0.266682184805952,0.125262930178274,-0.116953921896531,-0.0643000048903257,0.0114501258259475,-0.0942742509543366,0.0813342377154126,-0.387103462614573,-0.252135862621349,-0.178015828931446,-0.253295104026948,-0.276693670383411,-0.410656713800705,-0.346956223015331,0.630242371666733,-0.191822156085166,-0.0439409717374568,-0.0269096551792246,-0.336322054721528,-0.38156297127686,-0.35305887160482,-0.329773327570494,-0.296772274167096,-0.346445484526393,0.0428448024130843,-0.207095399146808,0.116016410351884,-0.147060999339705,-0.324634971852383,-0.263774055589188,-0.486672444605991,-0.495514029522686,-0.331886065055617,0.133964409059788,-0.37166031241321,0.0904514417631581
0.69869153111177,0.638090271452131,0.593428026586149,0.412073664430609,0.369098852032764,0.247360964488093,0.778812257794045,0.783420998810688,0.0631361927962978,0.871971985336178,0.445520351827102,0.705020423766984,1,0.0650670564199933,0.0836642945908846,-0.0939170791774653,-0.0935558106398462,-0.0378798333011094,0.0436637716158319,0.205253256655829,-0.231096270426104,0.0294056986493397,0.154442613067862,0.0256431436210213,0.238109399944751,0.223170583958052,0.248783188226845,-0.12246186399424,-0.108570094909363,-0.218801623621245,-0.122211241403976,0.205825914669506,0.523517867238824,0.178014165323545,-0.331797759392566,-0.232340874920907,0.292045089970306,-0.230757411544764,-0.0005244939161987,-0.300884911255106,0.0366077595174677,-0.265271034574868,-0.0634652545761601,-0.340618806073207,-0.273858819075314,-0.0530387043391857,0.120317804913359,0.216735138321958,-0.337577138736326,-0.396309285345772,-0.369051965747835,-0.581701717892682,-0.400926431483595,-0.42220865114081,-0.364940379555238,-0.291332603297418,-0.308221092714726,0.256641030015049,-0.1757463151951,-0.243950183538393,-0.0144335302652447,0.0141921272998324,0.0186026064549764,0.500540764418187,0.347859926288985,-0.0879921478381144,-0.398370751664067,-0.269110314127855,-0.350905620066341,-0.0590436757935,-0.166864162349169,-0.483657594586365,-0.480915602144247,-0.370126043665084,-0.418202008462463,-0.388184747000266,-0.680522587169443,-0.268689222459353,-0.392325969230736,-0.307441331975308,-0.190691596185071,-0.0209174274932717,0.487934990092658,0.201107837590549,0.711816232095463,0.542301613542251,0.572633248266956,0.356416362053168,0.285641154398203,0.2253252304275,0.246153306737642,0.886683779233065,0.331544476381013,0.718961701889599,-0.15215140287531,0.197291878676596,-0.0522369471499722,-0.0063018664085199,0.0019672039629532,0.208531474743638,-0.059804890184309,0.16560973534788,0.194966028557559,0.160627710254142,-0.033668920702842,0.208763747376951,0.161269194410571,0.486401176096924,-0.0379679015246471,0.264946623458022,0.139618548000072,0.470071511981966,0.487364619403637,0.338750105620053,-0.0585416517505441,0.210942223269942,0.119482866005275,0.205123681671584,0.368145874149639,-0.11185145163468,-0.221541236637969,-0.0269290005608689,0.424732469453116,-0.0686280289110765,0.0198907114508586,-0.131287694590877,-0.110619606346084,0.145068980261718,-0.102210404543822,-0.259665936457171,0.123293699601655,-0.165659873736613,-0.146103107263581,-0.177741910890683,-0.0617589333707602,-0.0449822827255631,-0.173789621057438,-0.198879915472517,-0.266745997971795,-0.0769492119691627,-0.210948728149483,-0.154399106091004,-0.293941904299709,0.460569263429185,-0.24685281250513,-0.294775999253538,-0.0484422576480554,-0.359484889466006,-0.189427921683562,-0.283061826570782,-0.354496068682258,-0.277173898301898,-0.296559943632587,0.168338308962784,-0.105393330121702,0.212723736257785,-0.190391211875405,-0.445794343676098,-0.230826094739653,-0.464733564181985,-0.435405156426777,-0.355784602812426,-0.180745660074104,-0.403561857450192,0.0538404773966484
