1,0.569308270179899,0.178530309700677,0.58237902042946,0.541588361567346,0.447438095899942,-0.321606832619791,0.47702672987648,0.505022087624751,0.632582444652283,0.404218079821684,0.722897245445059,0.886318570998208,0.194172978800388,0.121212855363755,0.169626162108554,0.28970523160301,0.184032746121842,-0.0803965605782205,0.207196813565836,0.200591936824992,0.142389178732268,0.166773394713238,-0.0010072307206379,0.101146961270208,-0.0140447609548516,-0.28335371563794,-0.047551357191365,-0.236443979817007,-0.156489580248869,0.368511559555793,0.23203387899459,0.116002596025854,0.0820913076430815,-0.413824134172307,-0.283226295218481,0.217669289020141,0.319138625553421,-0.0113292527320252,0.241211109682019,-0.387740745175592,0.266180284652271,0.186006070563697,0.019339954147234,-0.174516690654601,0.0215019542423413,0.104609240132219,0.119899059504641,-0.334898177964561,-0.544664421369068,-0.428711228862499,-0.391026070513866,-0.373244507101724,-0.1149131146323,-0.473911577620863,-0.473352564108046,-0.403370101904975,0.36311589572737,-0.148630575891255,-0.139975975139628,0.0533238237563739,-0.192718408948038,-0.401867779649715,-0.287070491197774,-0.390146177272176,-0.171704932743558,-0.4585280814735,-0.0244291185574435,-0.292587586394855,-0.144180951093403,-0.359984585859241,-0.124367218183863,0.0031201368821797,-0.122554725254791,-0.227144726889204,-0.0519800652793984,-0.455723242895581,-0.313298908835178,-0.19508462758427,-0.39202411665397,-0.137817326209521,0.0476826156133078,0.390060759050432,0.535609570845894,0.639044277691804,0.644203912045942,0.302041556522285,0.396184910074995,0.525441018534985,0.463043613002309,0.465415642405419,0.704880525440856,0.524259358400196,0.482549045424811,-0.055585204186257,-0.244104014265284,-0.0764865169007974,0.115333088870165,0.0655265812579246,-0.0209689942147936,-0.20539401105923,0.0355902548829124,-0.312419537812063,0.0193462027126718,0.0589114777355593,-0.377750979629957,-0.274380190240314,-0.190237429145238,0.170873062415791,0.0739593205079285,-0.0186072627504828,0.105316693806325,-0.246027328891396,0.0841373875320698,-0.080459612075259,0.0514382869778678,-0.0916741315247456,-0.0189116809117697,0.233663809992096,-0.217331705619637,-0.0013370673172743,-0.100328541280606,0.0829825737308445,0.344923876900831,0.225602812814088,-0.0451392323788284,0.0545391174615177,-0.208370395421911,0.229314677875426,-0.0125299560596866,0.154266763358989,0.14207420645797,0.0689263501093466,-0.232127620565532,-0.27796456927599,-0.150976775150687,-0.223247110801508,-0.0581883866973576,-0.178568424342196,-0.0015632656038583,0.248305694165801,-0.168572187924219,-0.103121444021554,0.34618418103731,-0.0588912853280402,-0.0515456034800386,-0.350375076979719,0.093761434625726,0.0390061837246541,0.0232767005195295,-0.2154978707752,0.203092023143465,-0.064160248622725,-0.0158506368140135,-0.166101688617494,0.0186996847261555,0.0247142907288008,-0.151105187571515,0.0456181309463726,0.0439507104389998,-0.203965539628906,-0.116694062850758,-0.0409906467627075,-0.0233004062761957,0.203020997818674
0.569308270179899,1,-0.13834386058286,0.614861860444952,0.161146110032013,0.880712055208894,-0.307649251109466,0.828268994874159,0.424975890869667,0.0111960158120916,0.0121046510230627,0.406442657581657,0.603699732932127,-0.0477712625791083,-0.0503784207489397,0.153124425010004,-0.0424964556731136,0.0475015835752987,0.110033632968988,-0.316607730704107,-0.238218106516825,0.100138502396904,-0.0365872821974194,-0.280606629548466,0.103917748389519,-0.511294665982874,-0.502243778752733,-0.325989283995754,-0.470322438926843,-0.441149539359559,-0.0341067439085916,-0.0673578553440337,0.0066617558468901,-0.166797918667474,-0.317997935936957,-0.589472194615533,-0.061828904659507,-0.155789091448671,0.030225558292672,-0.117377346850742,-0.441344656790736,-0.0616152654530569,-0.296923469950399,0.210550875802191,-0.293024438708559,-0.0586298560906709,-0.257123941140595,0.0144208247712259,-0.0933291448949061,-0.385231686076695,-0.508553670888845,-0.325860734522786,-0.225566823662021,0.0299843109292448,-0.363723563532405,-0.401395063448778,-0.352782379700222,-0.0096951176085486,-0.095812396505166,-0.152842130881404,0.0893795713409274,0.0009049981799028,-0.128350457850791,-0.336400865259539,-0.281641459335744,0.0574267661660182,-0.321539361740827,0.139952465685045,-0.0704152789251402,0.0968661241122779,-0.111486037360511,-0.0362136841140892,0.0563664129982584,-0.135654084622859,-0.0982145056514547,0.181728224237232,-0.36409042332817,-0.138558338515329,0.0081200648124697,-0.258458022250102,0.0424135961744073,-0.21016746533939,0.23326954126445,-0.0369296038835817,0.904368620400617,0.591582377099273,0.219163840940696,0.800415974757132,0.0471576146975985,0.353892761416197,0.0127437278318199,0.759756833873054,0.168923013804269,-0.134706829999659,-0.219242386727459,-0.362201772313137,-0.123009384985307,-0.0919616732463311,-0.0269748921466648,-0.180403572390388,0.0063246218961275,-0.298345619356439,-0.324816682977242,-0.322189482294083,-0.295288626123031,-0.2273513765697,-0.156800398208374,0.0098892939334532,-0.0685371463145618,0.131956464265059,-0.0027609352713008,-0.353313901521386,-0.229508787417843,-0.0995247452230176,0.0528689978949213,-0.281941046278591,-0.177810645718637,-0.260576101027218,-0.123491121600583,0.0432939588327438,-0.321606534853184,0.0930370968566164,0.241657728923065,0.0617638054897752,-0.044153337101318,-0.453316336284077,-0.221118288490846,-0.244921277933422,-0.223247323587707,-0.283844845711871,-0.0359987126104146,-0.106448674282637,0.357362514345611,0.0351879288826777,-0.283050972266683,-0.0379850379797961,-0.260732058727975,0.182578106465772,-0.121877889437398,0.0853310410845244,0.136386942681123,0.182236369726602,0.192106936510428,0.110772569475044,0.0547067243297216,-0.271414876879195,-0.193254453419433,0.28320031043389,-0.178270538147199,0.276490861558307,0.0184067099024826,-0.0025561719939977,-0.10165600502688,-0.148156894066329,-0.0782629564119624,-0.0590988253149789,0.0753380583735567,-0.0589606936381474,-0.079271063748194,0.0482339348608609,0.0585722864491695,0.043800238066723,0.0997527800484953,0.0635865213028138,0.215427397181221
0.178530309700677,-0.13834386058286,1,-0.374070292466446,0.0522747060976373,-0.328219181834028,-0.212957999683901,-0.125986842466573,-0.394771566493375,0.59081858555292,0.235976164017997,0.16905914638754,0.309788912448658,0.319809016112989,0.399735356771334,0.359686147989946,0.371969447969467,0.143691250057296,-0.0088659552798497,0.567606811001234,0.371162078742415,0.298957246008881,0.117634057610554,0.451879245622071,0.335718210963848,0.66756766255681,0.109416764077606,0.449267156143536,0.42701152526104,0.513103952936626,0.423626091653664,-0.0352631530257087,-0.241591213169994,0.424184329901396,-0.30104734599322,0.265358340402228,0.199738745164819,0.262122763935965,-0.303708384172215,0.239376297271051,-0.0591381251266929,0.399328681399569,0.410063211040956,-0.224800678636918,0.323000221258778,-0.392756626796415,0.539649352389408,0.285541462359055,-0.367386910076578,-0.0167023598579191,0.0418209786926397,0.130420460583641,-0.1956259119317,-0.166992148512139,-0.115656377702024,-0.0136738123693483,0.13699229259166,0.287934671704825,-0.108801612812246,-0.312451816227992,0.152218032811016,-0.0093433133279717,-0.0593664361792071,0.281705034736302,0.164516007196878,-0.164558048029303,-0.0436876262734973,-0.156146689268731,-0.371735112262536,-0.0879395215690954,-0.0310740133079525,-0.409406706959281,-0.184081255542053,-0.135717231681451,-0.466694269328997,-0.284265143731092,-0.156728058839378,-0.523714444631653,-0.309206481615233,-0.43600492426386,-0.374896000842602,-0.134215342201142,0.501839713163337,0.13901808893914,-0.0771949658892045,-0.124489588088446,0.699631747711706,-0.228912227990161,0.0681426528635072,0.0969934257230982,0.188844476724019,0.35391315131271,0.321927302622925,0.399838136070607,0.346856795484882,0.291630114821835,0.384596279364415,0.440051695550541,0.35693129379308,0.214976898820873,-0.0438138923549607,0.341661520104838,0.387570754154967,0.416790002676674,0.357884528987148,0.314156689829537,0.232034108072141,0.451848348485582,0.321046711482714,0.237279004260008,0.435194913492869,0.39255952930198,0.100034770161127,0.137699758453631,0.0706735452124474,0.495745936153579,0.210595301841318,0.0379747666342661,0.390611167837015,-0.435256607713923,0.211075733314654,0.277568094837952,-0.106160804079578,0.0856186745463185,0.507252796467515,0.307328191853553,0.0956603636165463,-0.0603398372748957,0.440165218351164,0.390618186126078,-0.12312427219686,0.475133234259145,-0.301840951742831,-0.276775593532108,-0.321134134682575,-0.156270065528683,0.114856532497651,-0.100748847646865,0.129794345760619,0.009038657760639,0.0918192743417917,-0.241734891127873,0.0069383354086124,0.146877439848448,-0.237658817669673,-0.156014403037734,-0.2429418037512,-0.198668477753133,-0.310741072272358,-0.251179883386655,-0.231392732618109,0.30039333073506,0.0989234883728568,-0.07706226171739,0.0844047381010492,0.397820042499232,0.110547231716956,-0.374073442736934,0.0330407158920699,-0.189433194271728,-0.211372575441666,-0.215162505937954,-0.554654760175078,-0.473416997624043,-0.378362892554896
0.58237902042946,0.614861860444952,-0.374070292466446,1,0.563315523454139,0.661975557164653,-0.296362711759037,0.389195732534131,0.911089822264787,0.0418868246056812,0.491875616495459,0.662335299466294,0.542506195898474,-0.0348402266549607,-0.092633851495955,0.0061031315728352,0.0509253282698409,0.137017437954466,0.0285034954981133,-0.194317628649035,-0.108017908144038,0.0478884921919399,0.13822882879128,-0.213029757580852,-0.174028686342905,-0.462910692283866,-0.330679366879481,-0.264200711086465,-0.368929122683945,-0.372833641606194,0.110050506037793,0.236467399240575,0.293617421076535,-0.187705149278538,-0.0628788090278485,-0.449028328296894,-0.191851872415101,0.0254930136972716,0.019634915883739,0.0123201119214824,-0.352613599861022,-0.0024039969699326,-0.27718728356298,0.188923299759575,-0.276019534572762,0.121171751252738,-0.323863419618783,-0.118855469732541,-0.0929628593870049,-0.368345823083787,-0.334239237960831,-0.4498869698327,-0.178194602445363,0.134378127283895,-0.359123816557144,-0.403618137028024,-0.4414148028233,0.174470849474499,-0.0067582360356497,-0.0174983903411048,-0.119466083604749,-0.271262676820452,-0.32608822057492,-0.532792890180608,-0.528118290115454,-0.0409609711329308,-0.454599153609103,-0.0761347927266432,-0.217850491667315,-0.141249350572584,-0.356741969460767,-0.0081989957288418,-0.042595874226079,-0.0237845692800185,0.0174526796636399,0.108426170000465,-0.337863466384583,-0.0550920813809009,0.0142251278938582,-0.18839985428344,0.135454421499406,-0.179356144597937,-0.106218025318289,0.0893117987196182,0.668508012444707,0.912808505893947,-0.14037887912882,0.510608497349924,0.518561357651921,0.708225432429701,0.562793145560794,0.410956625803606,0.525123815448124,0.0165672173529656,-0.18556075336117,-0.398265391707428,-0.30416538104503,-0.168793718063731,-0.0802307404653008,0.0268838644208775,-0.0814642521918541,-0.287530346878344,-0.271586800180054,-0.184489284450326,-0.20243449276641,-0.421934309011281,-0.373758925751733,-0.391124699554761,-0.0291841331718644,-0.168533959210754,-0.279194371334106,-0.134580906871483,-0.402828206509289,0.168818811187903,-0.0152116384236803,-0.0903056284382766,-0.0840453076919709,0.0302676978894199,0.135507020285018,0.122032335588712,-0.17046509208471,-0.17150671062125,0.146186531350994,0.157279217744265,-0.121180277497655,-0.326005595403384,0.0305940636402468,-0.0588488662438355,-0.0690882367844378,-0.168572722539383,0.0787589398021616,-0.188562692223392,0.245593279454798,0.0085550332888352,-0.1264567645185,0.0184736034401164,-0.220959483654914,0.124989047632651,-0.207718251309429,-0.0371950092116416,0.191755147323525,0.105668910557429,-0.0406505281735884,0.271899864614268,0.104857230420661,0.0477308615617337,-0.0490037695983896,0.112739388336998,-0.129521459826594,0.12847663397688,-0.0207436581438974,0.0128933807545516,-0.228686300995445,-0.110066930306909,-0.15545324480913,-0.23381043290682,-0.168768401339001,-0.0265407845119095,0.0120488360580402,-0.0215328320551533,-0.0494807304495737,0.0087742619287202,0.163351688616494,0.137758873132208,0.403535174764717
0.541588361567346,0.161146110032013,0.0522747060976373,0.563315523454139,1,0.186462084712453,-0.192788335861438,0.144605909511835,0.60064887683638,0.398389451337415,0.61333406896289,0.682004175406807,0.476945335512868,-0.0234523114430665,-0.0566140675705996,-0.0072657329602714,0.249130926656738,0.182871507160204,-0.0814600267586124,0.246941650277608,0.172051687383439,0.180117271616046,0.275503924255066,0.0692434697289828,-0.161426478454696,-0.0838435563107518,-0.0877303510107113,-0.1220322483998,0.0043548317555348,0.0306532371036007,0.227355540492493,0.185508401158068,0.257151301083819,0.0561840509535715,-0.0244484322061196,-0.157481167660142,-0.108343956148832,0.276806713438946,0.015484291699172,0.100340223624639,-0.246199620931145,0.148447546267838,0.118601615009848,0.0159987350564134,-0.116176701967788,0.0806937586319286,0.0350534338109973,0.037450452791551,-0.116503891249404,-0.456150147172195,-0.221944607341711,-0.323066579654095,-0.237032839118954,-0.0454432285640332,-0.360412555918622,-0.429108466116657,-0.343504196549827,0.308896820061324,-0.209952970428816,-0.039387757407085,0.0760483760679939,-0.247179479704682,-0.435511392372333,-0.396885960556991,-0.32967927496439,-0.0899777130176894,-0.230477033533935,-0.0505104238943357,-0.293098751074745,-0.161012450703608,-0.322947801485387,-0.0742122474664496,0.0570047229231187,-0.0183932322398083,-0.163083369278677,0.0511124473103965,-0.175652809650972,-0.0592932807877682,-0.146531193625202,-0.226671043332094,-0.217378955277454,0.110976282631837,0.118203816384309,0.287641044128002,0.260374254884117,0.608200092533426,0.114694964533612,0.0881931548628388,0.876045786486099,0.483787230426597,0.702137395334732,0.298194638845362,0.597221101228701,0.182155903635142,-0.114982344065234,-0.206484292280662,-0.236291121280812,-0.0308045666157013,0.0471469864426361,0.0861610884303966,-0.144008290859028,0.0897289878830801,-0.113352669700531,0.227677362597349,0.122824120403621,-0.256013272997018,-0.389358814662146,-0.28711932289696,0.226791098098895,-0.173611851187415,-0.198788124370739,0.0492761637164856,-0.17403952151189,0.212370501203961,-0.294625528710896,0.116909647636973,-0.207003628999095,-0.0717588601764196,0.284031245499008,-0.0268174106234342,-0.0209379716961304,-0.206768815812916,-0.0471515836103715,0.121824806200612,0.0675939089013406,-0.1253867313588,0.0585373998283008,-0.0599696398498764,0.165949534765421,0.0172586492741878,0.207283911557342,0.0450119894220844,-0.0566780409705084,-0.171152081418926,-0.222943668092543,-0.125325475567752,-0.0702516468000289,-0.0460510267966787,-0.263965082123103,-0.250650356809527,0.160775929148807,-0.0841304275843006,-0.219551806506639,0.144335376353842,-0.176615148606229,0.192104490398516,-0.067298061452967,-0.0008360581988544,-0.0448016271153669,-0.100851416912002,0.0800176306772618,0.147862969890365,-0.0056159229917686,-0.0364763297043224,-0.166720732290775,-0.181369024903412,-0.045278093832888,0.006092303870036,0.163554742381698,0.0857654208734576,0.031381042713647,0.0960864533030215,-0.0595327644635266,-0.111559510714953,0.0830159343189883
0.447438095899942,0.880712055208894,-0.328219181834028,0.661975557164653,0.186462084712453,1,-0.0596931632722116,0.845228487335421,0.488648134848534,-0.0653612462857641,-0.0096439051684672,0.435337781248889,0.503166440175847,-0.0440279171221134,-0.0672895284921586,0.17446052743005,-0.002294161521223,0.117489439724152,0.21869755330917,-0.39652631687244,-0.197880675670308,0.126933264467158,-0.0193443614240215,-0.257878796609223,0.027470421610668,-0.531283932076723,-0.401468692711315,-0.453926722841598,-0.511081311093973,-0.487790191570915,-0.176836631808704,-0.0363992528869753,0.109773059650109,-0.214078836213629,-0.263412891785053,-0.598908773571201,-0.139752858926676,-0.128857719962707,0.0462529335961205,0.0140480619026158,-0.335796497556149,0.0025305235622208,-0.290534254933693,0.110571078355007,-0.311353161056394,0.0759820063529213,-0.318853046572743,0.130840277819777,-0.189428774097087,-0.478101708947264,-0.56250615585331,-0.499022635513172,-0.263301090131103,-0.144779128140917,-0.390297904999595,-0.432375865674167,-0.466052263767088,-0.0583717485203723,-0.163524559128925,0.0805478609864729,0.0653685615415515,0.0559965022734704,-0.223898132955374,-0.445972638822858,-0.308586155219271,-0.0724464102093307,-0.35421848488352,0.21781916837661,0.0442542803269061,0.107070026170252,-0.118338765492513,-0.0126022014038941,0.104541811900928,-0.220448386266926,-0.116264397127496,0.0396528019922978,-0.456364083885696,-0.0396424469166923,-0.0128503514993474,-0.250162033124699,-0.0234492054199471,-0.135403190202255,0.0723241666858664,-0.0693437299000935,0.784070369735884,0.5768006524586,0.0489351531640053,0.792215664282457,0.0392587960761918,0.358857625886113,0.0007142783697036,0.581250116341177,0.138286783037421,-0.161963885801343,-0.149628010951323,-0.309995959143241,-0.0732047524437187,-0.0897654369471385,0.0055930712969233,-0.0015330897129526,0.143207837943752,-0.261393869166536,-0.224688114166951,-0.249608465833217,-0.224048759783849,-0.134205185281095,-0.142859576337648,-0.0769180556379137,-0.0341740128223067,0.0327302900911722,-0.032275318946084,-0.303471169107587,-0.0959543932376231,0.0336052388594931,-0.0700624359659049,-0.292945271113611,-0.237502729179327,-0.236354952705628,-0.154075204136534,0.050018319213697,-0.31552724466479,-0.137517247178186,0.120858261860078,0.0916226098109413,-0.0729936492858606,-0.405034505608165,-0.137503577566364,-0.264137045047667,-0.167028238129299,-0.314602568032574,0.0325459056803047,-0.140684117473817,0.259778953062082,-0.105573959892846,-0.234656765300374,0.0228818105788498,-0.265718185727155,0.0332205213294927,-0.235924200622996,0.0496975992980131,0.0094931359632574,0.0344324607841034,0.0203408862011965,0.0615718519219534,-0.0090355733801811,-0.154518392975639,-0.278422472357218,0.281882511200557,-0.0426604312482847,0.21769921469396,0.0284378163623791,0.0862114565739817,-0.0942299438815194,0.0195478074446338,-0.0679753522349655,-0.191705832465862,0.0475738697428813,0.011091203378437,-0.0781255391070219,0.14206076963831,-0.0436381588820415,0.0823725151347043,0.177643736668247,0.142312681460344,0.250736513221446
-0.321606832619791,-0.307649251109466,-0.212957999683901,-0.296362711759037,-0.192788335861438,-0.0596931632722116,1,-0.0552709065741794,-0.283978261085574,0.0597104795111121,-0.287946307299097,-0.316406140911708,-0.194821512674171,0.0041002854019125,-0.103772676775727,-0.144616594890374,-0.0704949568541879,-0.0552311630317505,0.0175305745666328,-0.193681248444798,0.128155889519837,-0.0904563747160728,0.21763273069141,0.0684835392724423,0.138327689376842,0.0415317851447652,0.418130115815392,-0.140131929703352,-0.0024297932680432,-0.152604357296729,-0.166825892486435,-0.0352212361953419,0.281239559172356,0.134338178521274,0.304677323214028,0.0496143446199848,0.28260600208352,0.195639971992338,0.445998778630129,0.35717822585388,0.492745327982297,0.0520782899464456,0.110170669329233,-0.0755271134205115,0.167388639660276,0.628053072118393,-0.0462311013305431,0.173616701504469,-0.0964005381373865,-0.151675437368574,-0.0380290961191186,-0.113513680774201,-0.10996975950225,-0.440880749041185,0.12514303431145,0.0489847734917995,-0.118398166431284,-0.0510944713731816,-0.0722417869228723,0.590006199673225,-0.0913859255823242,0.206545094224756,-0.0534519239424305,0.055674761125288,0.216351625345605,-0.0964291152478381,-0.0047949505972047,0.17317178234244,0.361023561362148,0.0809701549086912,0.198380890496871,0.0459848300511246,-0.0448124424598381,-0.0563687501356821,-0.134328660107537,-0.262332607002254,-0.045142332970159,0.323886597828253,-0.086019139547701,0.273616258002876,0.0165009974519814,0.408758204147258,-0.241795236900319,0.14790942150421,-0.396384527790493,-0.397949256105982,-0.288115085868001,-0.214677368877498,-0.257644579253659,-0.44647500772131,-0.319590362703682,-0.367125365090908,-0.407185211453962,0.0992416590904792,0.111441526834252,0.130738160723468,0.0722402947868097,0.15826439467943,-0.0678170288923993,0.0228126040791115,0.168224900993768,0.284553810792409,0.0778192831407486,0.208614645831836,0.210767390336615,0.25387325625185,0.179710876813886,0.0698670846578121,0.204791071092763,0.0908004266182857,0.111568321812153,0.144723044938132,0.712144099668948,0.099829856821284,-0.351170340835116,-0.0709804093514847,-0.427784690838648,-0.134576617479275,-0.0758164646836408,0.228464607493726,-0.0041637501138008,-0.285913624632489,0.02597855051886,0.386606676654534,0.0858298226259944,0.198279385474724,0.197566624723853,0.230612557231383,0.152343422545382,0.107986295127947,0.580392064423312,0.0681376533371483,0.088350872969314,-0.233492081117168,0.0132064613850324,0.107336994108663,-0.24686674890034,-0.363832428378973,-0.221391506887633,-0.0834081142896295,0.120147354570287,-0.352252097151056,-0.442650258078433,-0.113445587344623,-0.0668997038733165,0.344649206116198,-0.199041576477002,-0.147974284970864,0.362325686596371,-0.232182199033991,-0.214388301389857,-0.0925377607816359,-0.116694770304558,0.305011181535856,-0.257574262693389,-0.145913364113297,0.114706219433731,0.0309039069287135,0.123519365173658,-0.0779802571148807,-0.277094614357082,-0.218453729676782,0.138121056298287,0.0858264114678571,0.0056440005141847
0.47702672987648,0.828268994874159,-0.125986842466573,0.389195732534131,0.144605909511835,0.845228487335421,-0.0552709065741794,1,0.173394698138523,0.0850310881736946,-0.212465541791329,0.313375276785005,0.493154562099631,-0.0638408217702746,-0.0989384617053847,0.165478924721365,0.0173993971751941,0.0845028215883893,0.177657432930882,-0.241287873056796,-0.184740877734118,0.134933217683204,0.0052890061890965,-0.19169082708202,0.0745326310838021,-0.387710299315429,-0.371943814762732,-0.417544276706728,-0.390656474994738,-0.398500787977688,-0.154658971057194,-0.232692858179388,-0.0005641811140681,-0.118853240629254,-0.322625596788064,-0.473309609115865,-0.0835933129037075,-0.0389086957841567,0.0655679772648825,0.000343494865209,-0.269392900966727,0.0784480379584639,-0.0842209102358871,0.109669123704231,-0.190452693130208,0.0070955045459569,-0.11380795637845,0.216501759885974,-0.178290123877057,-0.5087025966685,-0.531556489937466,-0.391885261673917,-0.183422113722727,-0.271715143410272,-0.261122524679604,-0.358049564944339,-0.325835967375627,-0.115147065939557,-0.302084095527715,0.0665956483975715,0.0921054608759094,0.0163966014666024,-0.160504461059164,-0.28094903329176,-0.228385421465581,-0.172609509767057,-0.315671448154544,0.190026263496704,0.0195151235104623,0.229458543841693,0.0701968843532181,-0.118823434888744,0.0457064996426843,-0.393773183378441,-0.174617962891508,-0.015802997381209,-0.43172872681103,-0.112142191128915,-0.2228196009624,-0.352164692159265,-0.250315640342888,-0.0440562051997544,0.217505249962224,0.0094418884926837,0.699014530055868,0.323457442950285,0.270779467395542,0.721515830316865,-0.0281168658712727,0.0851074072031206,-0.181956903100938,0.663658445588561,-0.0394115168679602,-0.115049896309983,-0.146899745720267,-0.260257000172985,-0.0122106566254448,-0.0606118084281704,0.0512310424140822,-0.0634227489909093,0.143902414754838,-0.104405480015325,-0.319665823601216,-0.186153584074727,-0.162195855760135,-0.0557035072325334,-0.127539004803235,-0.0271874160158674,0.0257121084501861,0.173676911673246,0.0704554135361087,-0.343701998443049,-0.0581647403888074,-0.093685446910249,-0.119707863218669,-0.394784373631734,-0.309570846665555,-0.427199433287412,-0.243304018232706,-0.0801459457840856,-0.234541078802959,-0.107734532686226,-0.023173086853111,0.0362551556634807,-0.026855695758998,-0.389789019613748,-0.234639838410787,-0.281948692524181,-0.15270740939939,-0.286190299185897,0.0460921293156981,-0.0315148154911695,0.160677883369162,-0.110886847090974,-0.302221627764387,-0.114130579712011,-0.11733781803032,0.016391904295514,-0.138218145772048,0.0952026628271916,-0.130135057854931,0.0272930535035723,0.0885032232006293,-0.114189440725642,-0.220394964540155,-0.240507377671808,-0.340728647635279,0.355354391936089,-0.0629703940855176,0.0868400742564509,0.0205761488411875,0.0592165855814719,-0.0918372187726103,-0.100888412651746,-0.0228394902872952,-0.105541590065289,0.225229260903713,-0.0926506788175808,-0.189990223918002,0.140296577889453,-0.0386725368240865,0.0447777628793133,0.0078144547972205,-0.0762923663323175,0.0037458201234386
0.505022087624751,0.424975890869667,-0.394771566493375,0.911089822264787,0.60064887683638,0.488648134848534,-0.283978261085574,0.173394698138523,1,0.0130287533110095,0.627397074333637,0.666758324761562,0.431081945990073,-0.142134596580543,-0.179321406028197,-0.113834618467513,-0.0256899218636204,0.0391259730386618,-0.0363675778916907,-0.140242786745871,-0.117343529285948,-0.0637353005291433,-0.0085033582783038,-0.277410425346072,-0.276255936216935,-0.38642016312647,-0.203146802247385,-0.143775521112857,-0.370902300459443,-0.359099207101169,0.0220225866271212,0.365011032279753,0.217761766609627,-0.227971510002655,0.0383098886448094,-0.345868370417631,-0.325253553169593,-0.0486983551562551,-0.0028295092166866,-0.0189434085839114,-0.290901845465078,-0.0944452596615155,-0.284071369310526,0.151293729251857,-0.25379375457653,0.11237936372732,-0.339677754391949,-0.177655917141554,0.0290292028715251,-0.208938047236886,-0.190672387655223,-0.338799052595875,-0.0915122100027196,0.201934125590042,-0.305159737540987,-0.332796318230575,-0.329220064123103,0.19165330487049,0.102223001391709,0.0197719471563491,-0.0638047520177223,-0.245728188960179,-0.290141324765085,-0.502129015666744,-0.402651166554635,0.0357017432290712,-0.249242145003094,-0.0537718129996915,-0.191711946449133,-0.135504768656089,-0.334313259053468,0.0692858402959928,0.0765396428567155,0.0931281091993543,0.162499158332627,0.197824058874897,-0.113358777531723,0.127730815059782,0.0867343919198133,0.031922505911745,0.16203976523008,-0.0182305158731966,-0.171922234173473,0.1968069848878,0.546764332123132,0.834970921309725,-0.258845394840207,0.37783970508842,0.60563237722101,0.720589209439443,0.682287875427244,0.240747466437761,0.58265766098098,0.0268893923334799,-0.209432952479431,-0.391206448329627,-0.408669141092934,-0.24125434513119,-0.166227239205503,-0.0228592318884799,-0.162680675386426,-0.32453076235134,-0.295062646306365,-0.148390994248291,-0.224573876294073,-0.462783864889648,-0.479096026476421,-0.475177256017393,-0.0967959252993379,-0.404151915706421,-0.43372029508044,-0.0873823656068373,-0.425036252183787,0.129126888748027,-0.0098107810367665,-0.0859070063621607,-0.0092913348653698,0.111074147240785,0.0896522872181526,0.154827688982132,-0.106312896197515,-0.169054035778348,0.0518479252598236,0.0744564123397772,-0.160066303951918,-0.228750380393543,0.057965821987608,-0.0135832191238838,-0.100350733427746,-0.144206310979865,0.052977688257836,-0.224271278921587,0.141565015726474,0.0659739806360322,0.0228020508196417,0.0636188684964771,-0.132588041154078,0.155362438806244,-0.187546006113476,-0.102256655267163,0.212674118006822,0.144227009996047,-0.0374741122624873,0.252877112889714,0.168434829863139,0.216230424040651,0.0922508838836744,0.078010865907387,-0.0826532209575148,0.149192457829613,0.0954700557694948,0.075593354534083,-0.135038971088442,-0.0379662484246135,-0.133978778370109,-0.237773298071215,-0.161817061974078,0.0859175039389334,0.0597983096789176,0.0393006522014136,0.0597116509595637,0.101350431817076,0.255698681387123,0.201258865887827,0.347165886683264
0.632582444652283,0.0111960158120916,0.59081858555292,0.0418868246056812,0.398389451337415,-0.0653612462857641,0.0597104795111121,0.0850310881736946,0.0130287533110095,1,0.330208901549246,0.541460134973523,0.709794738555678,0.470058940972845,0.387329758899978,0.289213585979233,0.48588979794848,0.282136814611757,-0.0510742828676961,0.468040614228493,0.528664273174981,0.25510676325502,0.34709503725431,0.340746944343941,0.219779019166615,0.522733606674972,0.0299719577053995,0.215459507748759,0.08613097304039,0.17279637306629,0.488299767857238,0.212063119454029,0.0860571092544506,0.381859447092132,-0.391044679847677,0.0093996115145625,0.419812722065427,0.544325029685642,-0.0309560014864182,0.509166400841961,-0.0813556788009694,0.526789927090966,0.505647263011628,-0.229117162959767,0.136512992400766,0.081324500699441,0.417134830441374,0.336037996148108,-0.557467979437555,-0.473846858211709,-0.300698026590744,-0.320526435547528,-0.45110037819035,-0.412094879121932,-0.394478872203062,-0.316623323230102,-0.276227838961762,0.482961049712036,-0.165370694430812,-0.0352263477961622,0.033412577308413,-0.0656785026481141,-0.431006823739014,-0.0045671053012442,-0.159545242287124,-0.37241564142114,-0.42078407331712,-0.101700123853921,-0.344907218819071,-0.194463848593407,-0.270894877553887,-0.361228620166235,-0.159802188750087,-0.234805603722009,-0.545748457321484,-0.426585500805143,-0.489798724814015,-0.377248759159473,-0.387072457012387,-0.458692195419844,-0.335191587202594,0.195002780354149,0.444523558052152,0.629843957890129,0.0942825190318832,0.216184766344867,0.464146626035552,-0.074955471411049,0.3915169911262,0.243767226855376,0.371200118990596,0.448131732265415,0.42314358210075,0.806563801415771,0.292465739083095,0.0991522590030032,0.21770131526361,0.482883842621792,0.282765023502679,0.191063136453604,-0.068646223895369,0.420780383199045,0.0404372962981016,0.350350058275936,0.416540854374303,-0.0969740447003953,-0.0218415830319923,-0.0252336375056735,0.407713558330074,0.18599499128342,0.204232766157717,0.468762931195178,0.116704585149476,0.261251247466562,-0.213487901204314,0.341870598600187,-0.0759512418003939,0.0512709937594948,0.427921779245047,-0.373227018324333,0.174914706011248,-0.137421045126087,-0.0772722948096886,0.517151531944188,0.518002224767138,0.391186974762239,0.333464453520551,0.0053986451565873,0.578774251327151,0.395136758186534,0.308909130161186,0.411052264162593,-0.232596740111346,-0.52050773580229,-0.349466131550435,-0.240588932680602,-0.147653945423044,-0.346231770212623,-0.163323439255211,-0.0539117202718103,0.280428939141399,-0.529314660812475,-0.349463661314083,0.311680983231605,-0.152799691570813,0.110137846986425,-0.505928452838012,-0.159900826620007,0.0782758472494819,-0.360042969598644,-0.467083258743716,0.329056169998691,-0.0743073190949649,0.0899218389802119,-0.194669714502091,0.164757035978373,0.0643139684619293,-0.340539693078933,0.0919400204196946,-0.106773982053277,-0.500149381907084,-0.363712917274272,-0.277411885163715,-0.263408796108523,-0.0778720468043607
0.404218079821684,0.0121046510230627,0.235976164017997,0.491875616495459,0.61333406896289,-0.0096439051684672,-0.287946307299097,-0.212465541791329,0.627397074333637,0.330208901549246,1,0.702954663351696,0.423920561465772,0.0903038786412322,0.0872487515037366,0.0581785465918473,0.310817472790274,0.0432489505370285,-0.023030586127753,0.450547821673774,0.269284356991697,0.0314271698180538,0.100290512356119,0.181523476117242,-0.0166811447547302,0.184254964474449,0.0390318593144577,0.228202954768208,0.119630257485567,0.0776549826222002,0.247057722369091,0.355339393704348,0.0639635761494927,0.138460808047734,0.000258247191548,0.0182209114302193,-0.119068164693053,0.221202782377849,-0.326506198634009,0.246164630450115,-0.0882945624863985,0.226585175274867,0.188368785420121,-0.092831533081241,0.227186305685299,-0.107598675651985,0.197510677777402,-0.0289849950302365,-0.289667100260333,-0.104808950643231,-0.0102775064659237,-0.0811583056711931,-0.143104942129779,-0.0007287626183117,-0.230660725347801,-0.236560765660146,-0.140814581438925,0.413855829892833,-0.0279676010084082,-0.0789545295392037,0.0175649922783506,-0.320140779466533,-0.387342860504649,-0.248910840387369,-0.18005235962741,-0.167636534860387,-0.143894875881498,-0.242236382672493,-0.468078305454957,-0.334138100318759,-0.307713785027117,-0.210299942328173,-0.174012269617149,0.0744693933072621,-0.178613141979302,-0.169807598086312,-0.0923698090907752,-0.158046273018665,-0.195202342163684,-0.203678702214437,-0.18668965320786,-0.0261242448949507,0.0918281153192568,0.305980799745658,0.147312538152655,0.574716750009707,0.150234957674521,-0.11176564334055,0.747253943990793,0.69638159810638,0.921878726940989,0.186615172960943,0.893984431784658,0.309476822784985,0.133549606887899,0.0301014729480674,-0.111709053570794,0.0354504014810293,0.141547659537525,0.22007698942091,-0.124879651447333,0.0452634678936637,0.196441701441832,0.416957005790702,0.197167728697296,-0.142880440795751,-0.267078061102826,-0.0976187901792126,0.226080909395967,-0.245170773675936,-0.0763884268543439,0.315150560836656,-0.251246807943596,0.321602969339319,-0.0089892376453744,0.380325513600722,0.202592412925365,0.244070589045969,0.496296479290396,-0.0485018509037744,0.160257618510114,0.0280048269636716,-0.166818055239142,0.100079481213501,0.158726760049035,0.150669788813703,0.209505186711151,0.12415539703386,0.352851749921768,0.355556354765973,0.0902793044756052,0.198240397868805,-0.19924391951925,-0.116262357697298,-0.0568494503012754,0.066925316538175,0.0558165846690239,0.0063765031138091,-0.0201564697199768,-0.226396597933139,0.307968507247195,-0.0687244209267424,-0.144710814475851,0.354801510080503,-0.0527056728804985,0.298224449741394,0.123271550280076,-0.217619208269753,-0.242945547257175,-0.137712407887308,-0.0333223197475459,0.26718462116843,0.0446703191547215,-0.109915840844255,-0.0282237471269091,0.0173910679116507,-0.116055469381558,-0.125700292478822,0.179873010761871,-0.123969484899337,-0.106024700615552,-0.0508568383909247,-0.181626968539893,-0.172558598552443,0.007107882588657
0.722897245445059,0.406442657581657,0.16905914638754,0.662335299466294,0.682004175406807,0.435337781248889,-0.316406140911708,0.313375276785005,0.666758324761562,0.541460134973523,0.702954663351696,1,0.741957462241643,0.327380326210321,0.283534992737898,0.381603384578813,0.505781339051306,0.349642185711691,0.0415097955488132,0.264961952542999,0.313127424748625,0.29981632990703,0.211834143430107,0.166515458398004,-0.0137354916940755,0.0088562676309152,-0.224727731686104,-0.0832245612602087,-0.121147883594972,-0.0012524568722092,0.291635974464835,0.362290279140596,0.0847740774613926,0.0407611231166623,-0.397124985017358,-0.280083159875112,-0.0107310531079927,0.300496437004759,-0.191941131507371,0.3300824864564,-0.35635828636008,0.437585751901806,0.161362470396612,-0.127628921175113,-0.136307157915218,-0.0538325224148012,0.0653531513438003,0.216278130055856,-0.403118263694479,-0.45950575582904,-0.380572031892619,-0.488889767208797,-0.336107365445907,-0.142769636915946,-0.557209892591586,-0.490721441277906,-0.45122438421623,0.528137376068613,-0.0752828219968326,-0.184236472326645,0.1261942771142,-0.182975576876247,-0.454920321968799,-0.337879505486974,-0.395583831836453,-0.211461964451768,-0.41836095792355,-0.0542306268568652,-0.46686076105975,-0.198694751688752,-0.447233178320098,-0.202652852686493,-0.0252219136449642,-0.10865236463401,-0.312130183638396,-0.167854579929821,-0.502417233962111,-0.305679985535208,-0.209139489489788,-0.469801661743596,-0.240941525194452,-0.0986905327373623,0.265252375454548,0.349035568514625,0.503272482728261,0.727132973368789,0.287773887960952,0.250140952748868,0.664474825511886,0.755904722806496,0.704415302186856,0.511186951986663,0.824314984558803,0.365222913027054,0.15251706842449,-0.0741718014913899,0.0035896736622872,0.202134656550081,0.270597734595367,0.341926445532728,-0.0465149656475854,0.0980070844811745,0.0373241248226969,0.202265843453378,0.199408993453955,-0.297656763812929,-0.198654449329952,-0.224399308809365,0.278834961329701,-0.113392115224364,-0.0215451079417682,0.142504314081756,-0.271583207859018,0.377567651036597,-0.147452112285763,0.232423081747995,-0.0094250992481576,-0.0330118503220522,0.309540409105236,-0.338452356869175,-0.011186524437007,-0.205661533273837,-0.0852351506717526,0.323893876966268,0.283364909642436,0.104344768357554,0.213773380366715,-0.187371513910483,0.391797302361398,0.0933271646330812,0.0756478784928696,0.109874657505917,-0.146438327405774,-0.362840003070056,-0.359094665691337,-0.064437761230061,-0.172122893234929,-0.156365341306716,-0.293948486884922,-0.135430775328113,0.157268067594336,-0.287603070083415,-0.228622892097913,0.40627051021022,-0.0580028486841447,0.118811285149567,-0.325243571232429,-0.0045603056810197,-0.123702138470735,-0.100257023194947,-0.15378251724711,0.399954213066972,-0.0798971558356514,0.0140881750081852,-0.0908851478821751,-0.0356814759657213,-0.0913169246600653,-0.16698476892963,0.140289900591203,0.0064320718745575,-0.346092127636848,-0.143785526987863,-0.125807368440703,-0.128086160114041,0.0877043736827541
0.886318570998208,0.603699732932127,0.309788912448658,0.542506195898474,0.476945335512868,0.503166440175847,-0.194821512674171,0.493154562099631,0.431081945990073,0.709794738555678,0.423920561465772,0.741957462241643,1,0.331964445685955,0.237767410185508,0.288418092395521,0.362039101017041,0.243063830945899,0.0235778488731376,0.21516803370359,0.280781074862559,0.222488940700012,0.273340959820889,0.0954846490912928,0.168338916558226,0.0558747161806506,-0.200677981631886,0.0185585809995074,-0.16029232916434,-0.116004790476591,0.453838931149724,0.229766115913828,0.164470143525639,0.234916062734149,-0.419661852047258,-0.300221712733388,0.232984806698467,0.382801523269551,0.0289434461625767,0.348605947427434,-0.308827524590104,0.36727280753615,0.220687610509455,0.0488468538066661,-0.0243842843943331,0.059257273108793,0.160798754859703,0.193738330974603,-0.483391521455073,-0.619317297635337,-0.476938301072476,-0.436223754698943,-0.515745997010156,-0.250853401735713,-0.51714155296801,-0.501269919881308,-0.457280442023638,0.398955887982269,-0.160476841273287,-0.0288601350959511,0.03672132619313,-0.135168631134904,-0.439092710668684,-0.242624899641193,-0.317883700568572,-0.274065990438512,-0.585749901867893,0.0377047611093753,-0.353450786217716,-0.123934893560636,-0.304851149378667,-0.273653909945402,-0.0786684752177199,-0.179015609723731,-0.433491004249396,-0.206902943147115,-0.601102919067019,-0.418038969359293,-0.297383774132779,-0.473721284295282,-0.221023483778172,-0.0194058604426062,0.418043534601644,0.440192193158516,0.663791488168124,0.646034012840736,0.3411641514779,0.457659857960668,0.425900739290908,0.482888038436734,0.439063574773852,0.772024660536776,0.529362585432235,0.556653648781829,0.111955496938898,-0.136009573345,0.0241905767986766,0.279203279240885,0.186840866434091,0.0702384863162124,-0.078055669328506,0.122084455089296,-0.14781974868149,0.124330855669237,0.13477763815704,-0.276486287516978,-0.180737398349346,-0.0719370284196513,0.282273681574012,0.149225509256692,0.0867298173801929,0.140632323239111,-0.14132537005657,0.201555180160829,-0.149802811908304,0.126285827404052,-0.16995346849676,-0.0403360160175714,0.354834071973293,-0.219376069170291,-0.0313931345119285,-0.102706077351826,0.0278759892296343,0.489173119677187,0.369885068004917,-0.0031768181816973,0.149803211953528,-0.145897666833929,0.346190004659121,0.162094157753056,0.270711785496223,0.268410630289128,0.0981419352959609,-0.398046796585277,-0.432385168079171,-0.156559138626642,-0.343873140371821,-0.165320579130097,-0.233688468037759,-0.0316763805646562,0.377252465565344,-0.337194598867848,-0.231886754342353,0.361481585696801,-0.0834568976891854,0.0174913613862216,-0.47822878567971,-0.0085374922579245,-0.0833849596913243,-0.123665358971329,-0.371750369894164,0.223328566400497,-0.169429281651735,-0.0442900134752861,-0.25692232607014,0.0435557116225393,0.0578344932870298,-0.282283892337871,0.087408758915879,-0.0791099516407456,-0.356353906434374,-0.27820095608208,-0.189152214238919,-0.144683449521576,0.116187950433953
