1,0.736658610196008,0.302560911112337,0.893273428894634,0.742460627711966,0.562879359997666,-0.119550166961933,0.170643878743499,0.80676169340998,0.68239768953489,0.781694186684735,0.833077979671413,0.698843286674536,0.0554088831238392,-0.106675022667411,0.128188188798251,-0.0021207519305292,-0.141511794483337,0.0493163480410888,0.184840618446673,0.0481236738647622,0.112207646668035,-0.066970948125936,-0.048922764974309,-0.0267651226192003,0.564147242801755,-0.307028990334674,0.681056395319138,-0.231433014907393,-0.178981237246906,-0.0227890467302838,-0.198502976386077,-0.0295006353831526,-0.0578933618391008,-0.221048849029214,-0.16086655415007,-0.128023476927114,-0.159698239239071,-0.273787559116525,0.0109687619189545,-0.1309689287026,0.002666110611734,-0.380882245875363,-0.253540802557513,-0.196182334785254,0.0613450567911533,-0.0736557425294643,-0.0251968136429389,-0.389133176156803,-0.331628802131213,-0.393870494932415,-0.0762477579262736,-0.171195373400074,-0.236064341340029,-0.265154823294413,-0.26144604382689,-0.150840744822544,0.568747261878078,-0.286673702760628,-0.175192522478515,-0.286280036590459,-0.171267896591001,-0.329097855591215,-0.305323273566762,-0.39378143029681,-0.413258482747303,-0.391876454360676,-0.315872514503804,-0.106879068470872,-0.074951690827368,-0.265307834408474,-0.326170189039547,-0.237174270600809,-0.361775518576834,-0.34261971783877,-0.487040494163618,-0.218137431024496,-0.0309357938228415,-0.230994079776174,-0.225896205030603,-0.261787504326457,0.299749649088954,0.699654374341631,0.716090297590097,0.74863182280466,0.859301574873049,0.451793633975792,0.263721394774225,0.599025952190667,0.760762964381067,0.706990150420029,0.648147625437173,0.428380307239051,0.827378638267713,0.768430940134428,-0.0424350183449791,-0.118210430427567,0.0830464188990045,-0.125998526924744,0.0536911191702388,0.0732682950864193,0.112993011906766,-0.197613857331011,-0.186947517182543,0.270595593997028,-0.144406505763265,-0.222870282987383,0.35840834702721,0.0028864903863658,0.0874176311491984,-0.198007396225904,-0.116002766281953,-0.0511542648619359,0.0363323399398512,0.0547709662836569,-0.084011184705395,-0.303067569044972,-0.198697316945993,-0.184863989496071,0.0243696795343928,0.121926150364913,-0.194509179729874,-0.0584833699835557,-0.168730202121953,-0.322886345963899,-0.152827757298383,0.213344908979238,0.0509621382398795,0.0935664189842895,-0.206841322046878,-0.0567802513817396,-0.104321117283371,-0.153670449193627,-0.183781984509571,-0.404529968843551,-0.33418947725336,-0.0156717991481363,-0.350923030001485,-0.169434192782602,-0.235494426088207,-0.17188786407705,-0.100462166099766,-0.339874111761612,-0.25166710419911,-0.0876724390441672,0.758105426749123,-0.341094022904064,-0.388980501322233,-0.366671060025683,-0.24333991746677,-0.0084315342889063,-0.350740457582614,-0.321373244115962,-0.263951893122143,-0.212729717272649,-0.186704942279599,-0.337887234770524,-0.183376549235926,-0.222006095493217,-0.319759671146113,0.0543471453022148,-0.176021126795241,-0.317462800584364,-0.28367755289544,0.0788780743607085,-0.23002121135488,-0.347670110509929
0.736658610196008,1,0.186427460862528,0.75954936057303,0.408764664351611,0.912946810397369,-0.243577214189098,0.641841945453787,0.759299288549853,0.713305096327579,0.692067350186248,0.846963089883384,0.86729357645154,-0.0779878118282671,-0.184287946794272,0.0238662961466413,-0.0424575093301225,-0.324721212932327,0.132036624461522,0.296172177973294,-0.192294052229796,0.13956204305246,-0.216576203688249,-0.177313518207282,-0.202781310978467,0.604210132089875,-0.579297349859071,0.593565955737061,-0.400446616569179,-0.282849810430744,-0.248796490094879,-0.499683574592051,-0.32979843949881,-0.256373458870646,-0.506373538995039,-0.291590884941324,-0.345565122519154,-0.348013426062285,-0.579604483104816,-0.162693422214659,-0.360510042049563,-0.20278507414593,-0.505030209638409,-0.522719307443866,-0.358154233605682,-0.3787050164745,-0.181141912232726,-0.195092373622222,-0.347181998777899,-0.305395030294982,-0.320595363369641,-0.319649743079725,-0.217025909472017,-0.284370521527794,-0.578263450179358,-0.252660290454387,-0.0413206619829251,0.417102543870804,-0.188777574781885,-0.351834759351242,-0.0482715678265279,-0.0317017479167919,-0.103950026204861,-0.252651029657562,-0.395200674980445,-0.305537590747997,-0.438568035485891,-0.165492495851717,-0.097878367362049,-0.034152715117078,-0.131894055156444,-0.128130861635115,-0.191435975556335,-0.278746660592847,-0.220804785178261,-0.492726138405025,-0.0085470936274641,-0.0985234096168753,0.0545175586924814,-0.498911378420803,-0.394104004572475,-0.0235216757388624,0.445198156866136,0.233277379023096,0.958446004562067,0.694687663406155,0.368635823300033,0.722578144866677,0.221115089504739,0.88677167908097,0.495793674945948,0.870915407288576,0.749224339366562,0.811784998827524,0.565889202602966,-0.070698384750893,-0.277168425072686,0.0546328891465811,-0.138651966998128,0.0485641897376864,0.0191721128077958,0.17365365042945,-0.359148145493006,-0.0387190027270161,0.339885255953445,-0.297052909745623,-0.195345669776175,0.162431507251787,-0.0312841467581984,0.0284026608554003,-0.217057617317202,-0.338619348875759,-0.184770624010226,-0.195207845458171,-0.240488055035357,-0.0876186177166133,-0.38807164830437,-0.208595996467688,-0.131860749402834,-0.0815224448419041,-0.0349656755812284,-0.400664223084406,-0.208169447115897,-0.356583137872336,-0.141352053323541,-0.229683060620772,0.286546045610998,-0.146513825151097,-0.172077481101127,-0.407729392759961,-0.108537656910719,-0.2728729610967,-0.565445165536898,-0.221701383965736,-0.5368570700374,-0.470906745739165,-0.0619434811711143,-0.299860885596428,-0.204187503742915,-0.141207769957271,-0.31143428438545,-0.0056822250563119,-0.560118898184901,-0.386232649148647,0.1628126790689,0.633007430424355,-0.206887572901291,-0.341572543053718,-0.274826854286266,-0.0859426089958669,-0.412591321150611,-0.336813572405616,-0.299241199426035,-0.108425145446328,-0.079496198749458,-0.117200952580076,-0.119153751495713,0.0911528153237645,-0.0629818190518236,-0.0897083793587983,0.0384119027066409,0.0535025499911902,-0.305831782529144,-0.201397922303648,-0.0202370516612808,0.0072623485077839,-0.101887228748952
0.302560911112337,0.186427460862528,1,0.210151113322868,0.229569182236923,0.0437421155727516,0.528855037034082,0.0515745597798328,0.1548772719115,0.507548610460479,0.11601081121203,0.211691962540945,0.22646556549134,0.314343099542078,0.287472415120774,0.139227629172987,0.156971572840622,0.253934644457285,0.254530733894448,-0.0149705239616319,0.35402533990768,-0.0941915980234256,0.418387591135352,0.252118782467127,0.285662640123693,0.368696957364222,0.314640768407893,0.441921475562042,0.266473408244734,0.252931963661693,0.275468344371728,0.208760115070421,0.488170322958754,0.0891488877460875,0.199265512350059,0.338413104512121,0.205453127568302,0.408351977520176,-0.210669074442548,0.376701105026443,0.119882915968276,0.435887477156649,0.0578290948908842,-0.229476669722491,0.118101899730822,0.373830416224347,-0.00842074802567,-0.0931652007677483,-0.476166165944939,-0.400015037601277,-0.475964283721369,0.0271944141787413,-0.226601066819765,-0.409295974442415,-0.0125952343289871,-0.41037368694905,-0.472333403221616,0.0696159266499698,-0.496344756635931,-0.0599619043961809,-0.443334349563803,-0.284862650731534,-0.539543070213588,-0.14200400560956,-0.394585585149213,-0.60324147971621,-0.321577465427376,-0.53951097703288,-0.0681651933205135,-0.483750814962828,-0.641823172595416,-0.309347953595744,-0.486464337951965,-0.241614776857425,-0.575645854839119,-0.441681985081632,-0.591459929631333,0.162318145557519,-0.490392848116851,-0.269256329600551,-0.179442982682465,0.363119341436928,0.733408529079544,0.470924020449584,0.144229060423432,0.220907405912125,0.761215703288448,-0.133799850632566,0.235678551147602,0.12877264855313,0.0917971534691623,0.283074257943853,0.129689855479696,0.139509756480724,0.64393708199127,0.14410052598973,0.217335392957771,0.136667030663375,0.166580993848017,-0.0042399456910894,-0.0551913798507609,0.17615934034786,0.0679982918212907,0.199417311085591,-0.084669205265978,0.256564761197725,0.169805691115072,0.426722657127717,0.32365191134415,0.256172201702136,0.31783528434226,0.282809731553153,0.182695859563766,0.634779638419803,0.543652341281794,0.309623410212842,0.0436487983425108,0.373212363629461,-0.0622686198162197,0.512420927910493,0.337697815667769,0.11075614409208,0.302496275944573,-0.0137873128191739,-0.482980656451488,0.311047221338485,0.0128624022107,0.26385625636799,0.46329236353383,-0.0233778384517519,0.0099084759859954,0.0669202949255854,0.257710682615511,-0.225398607835351,-0.436254182703083,-0.437786667645138,0.079672322574847,-0.217341715539783,0.003815067140697,-0.456360385192482,0.0609027153095828,-0.233071096760264,-0.297763881886683,-0.352467543903246,-0.379651310399651,0.150341209406784,-0.478018414502602,-0.376247033683095,-0.220600676934407,-0.610730007240484,0.345571954997895,-0.394147924642154,-0.235770193660885,-0.443524423626411,-0.35306458046315,-0.13941383163986,-0.564631284940033,-0.49420596321465,-0.520858955162223,-0.19430621269513,0.0456882819884201,-0.389935809864125,-0.242796507464123,-0.574938323443759,0.246827768774586,-0.321197169718337,-0.310256547530186
0.893273428894634,0.75954936057303,0.210151113322868,1,0.727549607331852,0.655514264833632,-0.131506158123034,0.298084857523086,0.906476322573432,0.697892782954795,0.8737179553566,0.901371942116483,0.71265836958534,0.0408135371993146,-0.0960808578159201,0.135910018754468,0.0518879929624529,-0.115131876851321,0.0784449811709784,0.288862245458134,-0.0362074952371803,0.180155758613856,-0.0333191032396407,-0.0251056413050853,-0.212083575748665,0.507407235133768,-0.332335689374554,0.617614831033433,-0.216194060289588,-0.125792072131642,0.037962203828992,-0.34146281151086,-0.0942465838924171,0.113462687539566,-0.259598858021424,-0.0563318789794522,-0.108585759903854,-0.139888573055485,-0.276537884515322,0.0490692552232475,-0.0442982923871004,0.0378448178017958,-0.304597380576484,-0.374454284034306,-0.084745485949982,-0.0534724142602435,-0.0727354832939538,-0.016554541275163,-0.41362227382277,-0.417640852291577,-0.37504859778832,-0.28394270575381,-0.266160636754905,-0.3608206113579,-0.399587093295523,-0.345750649900944,-0.0968951295734764,0.590994703109163,-0.218104218562588,-0.134924380087685,-0.213381928048689,-0.148365285303733,-0.248298847199068,-0.18198232566571,-0.341403425126433,-0.406767021963336,-0.586543018520224,-0.28447923809407,-0.249557479705036,-0.0397597501155226,-0.193930770179173,-0.335881665821526,-0.316287804827959,-0.256913693169896,-0.293401504647029,-0.600284152492519,-0.114938262399681,-0.104026991808493,-0.20686978322936,-0.361091437370217,-0.296789585374905,0.169716450535676,0.604548119591905,0.535592057520508,0.784302050638883,0.899593111611088,0.402755176579733,0.316051515866889,0.595818058867175,0.835310902856992,0.725446213110026,0.67586148091206,0.573337258999211,0.914821554664585,0.717360685836205,0.0166331960582448,-0.144162986530536,0.0846885199563557,-0.108598513891678,0.100561268688111,0.092548733762029,0.142908166282794,-0.154309179706639,-0.0815037284090872,0.35542676376147,-0.21568665387989,-0.203869738062113,0.357668118022646,-0.0236670692448035,0.105216911761384,-0.192128741950752,-0.135732522137751,-0.184412494351978,-0.0056835065966405,-0.0228032217480713,-0.0026492449702077,-0.311004488707467,-0.10815307601826,-0.1565566151826,0.0076204617715456,0.18958963178348,-0.0526683034216899,-0.0788267021162583,-0.232513662755241,-0.140424091598695,-0.145334996824033,0.329947102968612,0.165529179955588,0.0635654886153601,-0.10298232376765,0.0411108047117158,-0.0109647058945413,-0.268335762956727,-0.112606449446498,-0.364083217572779,-0.444975192141662,-0.119465496461975,-0.257438581635918,-0.370809442637749,-0.365262298418491,-0.335923571909367,-0.176795775943959,-0.379353142265713,-0.412105474080728,-0.0812851932616784,0.804827091536568,-0.273789769185851,-0.285534510689303,-0.317437188017837,-0.200738731577171,-0.147590184845357,-0.383867365502373,-0.493147606981111,-0.22933453001617,-0.297265477737651,-0.203743762964368,-0.299211022648316,-0.0650287363340438,-0.110606797665438,-0.350222058999129,0.0874335163769419,-0.237080862752475,-0.493059139036167,-0.350453225342158,0.0153504797538916,-0.301526113557683,-0.311284997342649
0.742460627711966,0.408764664351611,0.229569182236923,0.727549607331852,1,0.308326102175539,-0.0488634355157808,0.0345268816455999,0.720368463044924,0.507813590396616,0.613868760823872,0.545782683276225,0.310544679919616,0.145448906421703,0.0889406389670323,0.172722561881179,0.0316745483294458,-0.0577370065094748,0.022462179930381,0.19251004333844,0.124675821726476,0.099992989079906,-0.0612668699164431,-0.0380466234789969,0.0956532390985425,0.571462935078506,-0.0366135700177492,0.612344214233744,-0.0242382306034149,0.0582190919635112,0.193099883955688,0.0922356985491403,0.145336426611927,0.235764365499584,0.105683915267864,0.178967767523829,0.0563158577157065,-0.0465325637420536,-0.043090969401072,0.124095205094412,0.108371907448687,0.0577369494439132,-0.0957030409698373,-0.264210700280385,-0.0191094768997627,0.216733477059062,-0.0266416163788233,0.014078421858011,-0.421290640030392,-0.141129398131899,-0.225472793734011,0.0409401423303142,-0.111599680483978,-0.318092805485,-0.159072561361736,-0.121239382536134,-0.0239918908637388,0.578692818357842,-0.118437872333257,0.0674762862145245,-0.375466066412523,-0.243425896616015,-0.334987314680561,-0.103465291794522,-0.313435385888104,-0.470743612073245,-0.283328366143523,-0.315084819540653,-0.0444654171605658,-0.0589326149957668,-0.227625659584842,-0.35125097490645,-0.401195317040494,-0.288041392159158,-0.35096043084349,-0.348830919050285,-0.285660987217788,0.237415894021444,-0.428916743621935,0.0519670747127494,0.0084877159699344,0.446589162668335,0.549125743403677,0.68229978670609,0.451846891844101,0.648556897925637,0.211652827321137,0.0759177815810705,0.805124221577146,0.54986549566819,0.706417584311662,0.351568085359226,0.176755064850931,0.625003321871924,0.523656288720714,0.182439836623774,0.10056598566413,0.0928711849881576,-0.0819801983159262,0.0680661074472523,0.116204313031161,0.090190814464405,-0.0312457830762714,-0.165217922319343,0.289107236373655,-0.0084153826266867,-0.0775111428735694,0.233128238859445,0.0494378044879523,0.0262670569079558,-0.171382177111566,-0.0134290505371223,0.0308361072975281,0.209616082952959,-0.0012990679938661,-0.0514379782354122,-0.0624919694952168,-0.0622495630104896,-0.0492886969631081,0.144259633870554,0.197409578214792,0.0332682945914179,0.0970707752586366,-0.104942775599222,-0.220487050501462,-0.0992932538571008,0.144724585728121,0.254201167980711,0.23594721184711,0.0482261746857682,0.0194746473471239,0.0631058096020739,0.0624763827377488,-0.0147067874133449,-0.32793899313792,-0.201149890381669,0.113908221739359,-0.217917583122614,-0.0347763898672384,-0.329504355590028,0.009652215119652,-0.0504947833386428,-0.236610245159412,-0.256876890388981,-0.109733267985747,0.612619129148765,-0.213837832153824,-0.312294056832612,-0.287452964361914,-0.291425017446687,0.135923430511277,-0.373684488630348,-0.357637864297962,-0.379774906279574,-0.404813270698496,-0.227210058782794,-0.423869718093787,-0.239988819155382,-0.210003505539098,-0.31722601666935,0.0582189554309913,-0.362969925279968,-0.376382150020234,-0.288359132959225,0.331025115565633,-0.338213447345291,-0.468220970327805
0.562879359997666,0.912946810397369,0.0437421155727516,0.655514264833632,0.308326102175539,1,-0.298958145301107,0.801084354994712,0.705310476450606,0.689421831304994,0.552485669090979,0.807591042070878,0.854332651606933,-0.174959571402716,-0.293021931993862,-0.102279155840962,-0.180326833471288,-0.457468289671287,0.0363764105284464,0.278730183344793,-0.229927610812775,0.152016403650402,-0.327095801602377,-0.175338565720598,-0.219102431479201,0.550526979561667,-0.639889426488034,0.546441504973744,-0.459094403564046,-0.317599316019603,-0.293702014145721,-0.42918747214818,-0.370838914411096,-0.136994432795372,-0.404264743573249,-0.318458925923892,-0.457159204915081,-0.48509631932171,-0.543077145486417,-0.263373231695485,-0.341764062183346,-0.340954248732006,-0.465312301365925,-0.487134715927734,-0.345314505027121,-0.454909029496459,-0.198453776887434,-0.294213845649422,-0.306375894239473,-0.247926562500429,-0.239085259335333,-0.424518126227346,-0.290215041343571,-0.348490760737278,-0.586641105474566,-0.236278655522892,0.0006741792191599,0.349935223008083,-0.139531424057532,-0.321657870785044,-0.0645239235271204,-0.0512181758833781,-0.0948272593962825,-0.262925960583715,-0.347501833038334,-0.275925195050969,-0.377344068896333,-0.112367614484147,-0.111294100079069,-0.0521231447533851,-0.0406680816373926,-0.118797436161215,-0.200269103861238,-0.198111810348171,-0.160026607012984,-0.392288172010039,0.166370293233286,-0.0057033405499997,0.0731954246461193,-0.455009270609168,-0.280396881745005,-0.0626796369032468,0.260090887576337,0.05634579163146,0.885748721800049,0.558240567008857,0.170656791424207,0.860663103951883,0.13903069004593,0.890985875206482,0.364806778726633,0.882114475875332,0.846272711468324,0.723198111108687,0.460276776950733,-0.143218376519102,-0.442663108410512,-0.03682076029838,-0.201361061417635,-0.0215164001609849,-0.0714822857643645,0.0911666673573856,-0.375050827512484,-0.12422109128833,0.332310486272574,-0.330462121137548,-0.176897621628223,-0.0612870207978602,-0.0272289871060215,-0.0850271534188584,-0.220486304710544,-0.379862739922771,-0.2141294265931,-0.263521182530308,-0.420161987282617,-0.192923256715464,-0.418818070539802,-0.283609563968447,-0.110168528577543,-0.0820050828921974,-0.0809718341125004,-0.289127618423067,-0.311456518645013,-0.484397024422618,-0.129058955597867,-0.364779437798036,0.199891303770355,-0.260668818529625,-0.312540293778695,-0.386017294274307,-0.181616449109651,-0.26020081370262,-0.541852186969602,-0.136977827822974,-0.50528796217838,-0.45580201062894,-0.0516287277385363,-0.234025249772941,-0.265750410427569,-0.117490426418013,-0.362492562815803,-0.0281846348333709,-0.460690818873107,-0.322042535764859,0.169188755406709,0.538692354204635,-0.143503059947185,-0.223545754250679,-0.175581220525994,-0.0095613497242804,-0.421962755762957,-0.31707318987928,-0.273916798484422,-0.124082269512321,-0.129702185101399,-0.20409651489613,-0.113725140919233,0.156487413479176,-0.0205593088671598,-0.0113613100939922,0.0110054301375011,0.0799024601585622,-0.276316007648845,-0.131389938476892,0.0495968667838423,0.0575766572438422,-0.0314588921535568
-0.119550166961933,-0.243577214189098,0.528855037034082,-0.131506158123034,-0.0488634355157808,-0.298958145301107,1,-0.120330143066431,-0.208010615274921,0.168231535694338,-0.185425223521315,-0.186497187256682,-0.149740936121734,0.339956885926839,0.307349340194975,0.183489675965943,0.292572766951296,0.491185361811304,0.142587819466049,-0.025264938637145,0.317027897232158,0.0711525142389552,0.561496378816671,0.437346314593037,0.16964259406357,-0.167405232707455,0.471969085666681,-0.135877848892529,0.141934025281975,0.149658713760631,0.163213674252333,0.0975451309796819,0.370709874274469,0.17065129749114,0.0625967285648264,0.381964657206361,0.4336031471632,0.460575367528121,0.0844741966456591,0.461216619357872,0.0678484415222943,0.502777788654497,0.160115090276692,-0.209522447385859,0.260724015858857,0.300369769124297,0.153934683689579,0.30108223942724,-0.268214913418364,-0.366256934534427,-0.428591999397175,-0.0269125781599435,-0.320115622590508,-0.37289432652956,-0.0775595114512741,-0.291841499001473,-0.208853875192046,-0.308027293091667,-0.529132495242753,-0.0127272030476209,0.0334899729443367,0.210855920764814,-0.102470766872818,0.376405529980351,0.241357239577496,-0.0370979544079068,-0.146525678512328,-0.19909171638311,0.120336558873936,-0.24103019242432,-0.263960584690557,-0.0099201703233848,-0.137441397935525,-0.168398149335014,-0.362432292828401,-0.253282716357718,-0.512748541775238,0.0166780734307038,-0.153005922932192,-0.158568212021096,-0.0621852163544008,0.120712111358842,0.417063221638211,0.139354618495823,-0.308129918032108,-0.182585938013902,0.46248112987611,-0.383723400170853,-0.0676136728512457,-0.289842932415047,-0.233951839891153,-0.174369130115466,-0.0386705300744713,-0.236481199562739,0.147731931520486,0.0974656814095727,0.324574430981414,0.0046828244282289,0.166208609991143,0.0586094866772382,0.0333876245649484,0.0543746800255724,0.253412540215671,0.214324911486326,-0.154004717474635,0.2463349822391,0.0848240298631378,0.351615341035735,0.165401054246661,0.26289682885646,0.37115229633681,0.390860804840368,0.107793467175978,0.469191668633674,0.721784657415446,0.393235625729731,-0.0949907954129622,0.365096535782193,-0.173123461847123,0.192546572515879,0.46417770693919,0.237530497316156,0.432712550076123,0.447557944134546,0.037890560382378,0.513866384065224,0.260109180265918,0.325133025331434,0.374553305624707,-0.0077851233827015,0.235283600253511,0.21794310095488,0.318301790330384,0.0979254109566128,0.0104759823246475,-0.256780017845967,-0.0329375614112766,-0.225384310264903,-0.118118778205477,-0.369128761064742,-0.0489488126835256,-0.101873850456274,-0.0707465275187222,-0.239143410281157,-0.250447801346722,-0.251100178496542,-0.444504846820813,-0.167461943965855,-0.250234453280957,-0.34021268221179,0.381998423703475,0.0720105158519342,0.0409787428405229,0.0059367849530984,-0.0064259217995802,0.259091661042984,-0.161121482039162,-0.210653802869812,-0.231677050492535,-0.0996510790672432,0.0411001797595513,-0.131977302015118,0.001564084574275,-0.35466700801281,0.0237465250864879,-0.11867848018175,0.0386891735472814
0.170643878743499,0.641841945453787,0.0515745597798328,0.298084857523086,0.0345268816455999,0.801084354994712,-0.120330143066431,1,0.375701013390525,0.605192495033219,0.185035763289324,0.455990550176812,0.571377329878728,-0.191174813666754,-0.289091062078238,-0.218505993605393,-0.272215092224687,-0.480885950566629,0.0886645072922042,0.164869920944242,-0.174979117625645,-0.0408263166588865,-0.361710081666201,-0.139521743097125,-0.13329857810094,0.45711356614968,-0.451713334110373,0.29622986093151,-0.349157698881865,-0.24703740241205,-0.302861719098933,-0.278251832993276,-0.376407937945453,-0.123561630229304,-0.258175039641191,-0.223739626023492,-0.458258128325904,-0.424651956194019,-0.387225838108329,-0.283257845923399,-0.250149010506795,-0.312652763345274,-0.252317496649949,-0.475774866953285,-0.295015418585619,-0.448826949011597,-0.240284860371613,-0.451164638700711,-0.192002552441402,-0.15676538196784,-0.112426123875612,-0.458820436715921,-0.267518892092484,-0.358941500511687,-0.560427533462114,-0.293822837763471,-0.0748547995178663,0.107121855815031,-0.107917338956443,-0.261395987996541,-0.0058989345887622,-0.0754669876223615,-0.0821852888631669,-0.219584069047949,-0.231646519274137,-0.200259345408613,-0.168787818363924,-0.0931240437049567,-0.0703853258578127,-0.166901129797863,-0.0596306551406873,0.0321131032355207,-0.231362489445384,-0.0095079800025198,-0.145858204681508,-0.216680326521578,0.126903472552439,0.187200766422791,0.085423230885588,-0.387961040730549,-0.165528706024098,-0.0755879185426314,0.0578219270303537,-0.208016950694006,0.58407459558645,0.120469886493145,0.0494618382914969,0.802071628194037,-0.107544886136027,0.592504690034054,0.0257561459826162,0.73299933121829,0.810599782684085,0.330486899219689,0.173142824209626,-0.186715914977785,-0.426542322778441,-0.101238992978625,-0.308093162561973,-0.0420618936131846,-0.234133128176629,0.0946978561890888,-0.235318625511103,-0.183997393637648,0.20769446421332,-0.186960111020827,-0.114152089757304,-0.273373805098951,-0.0422231636336279,-0.216138746064164,-0.0952635483308561,-0.366548051181023,-0.178078731303125,-0.273392348822078,-0.465819382273623,-0.156637274027446,-0.375755792589788,-0.220068814778527,-0.148621582080937,-0.0319364385744675,-0.082251355488848,-0.188856077007991,-0.304497692665318,-0.561524678862031,-0.0877839526728987,-0.3064506035632,0.0529572066577639,-0.274623549820223,-0.369395406588291,-0.285724927507067,-0.167655487766075,-0.240063511623313,-0.43685486664276,-0.114849535596221,-0.465622782801964,-0.42063562996458,-0.109579527151591,-0.156137250627147,-0.271735063156015,-0.137524738522517,-0.403066230271015,-0.166426907945282,-0.334702833743809,-0.274051316649412,0.0439219026309846,0.166003052293146,-0.0552632238747779,-0.0677384445542319,-0.0315981437859512,-0.0679144771171752,-0.408341951038897,-0.283384837426559,-0.146414924917706,-0.0860432062271594,-0.0851255203556245,-0.192799841710562,-0.108206184331373,0.12892699952506,-0.0744937191277422,0.197045369444203,-0.0001063931841929,0.107598010082071,-0.191237712248806,-0.18453349624289,0.180542739536483,0.132663765362189,0.100930653847968
0.80676169340998,0.759299288549853,0.1548772719115,0.906476322573432,0.720368463044924,0.705310476450606,-0.208010615274921,0.375701013390525,1,0.664393567741316,0.86851424712694,0.829790557694943,0.625664238849855,0.117625854881174,-0.0272392053096456,0.165015097132458,0.0723481529948891,-0.229246836347274,0.152927845349962,0.47670636452205,0.0300828678380688,0.110182970704057,-0.200224223562124,-0.149137797848878,-0.148337789257464,0.60392146167163,-0.294250408377185,0.676383948926773,-0.334261193059733,-0.226809897141984,-0.0073001831459168,-0.311264115747729,-0.15796034079983,0.196181352680484,-0.251832137779719,-0.0750996853351163,-0.108473446640836,-0.240092457360904,-0.300298913825165,0.0647914911746253,0.0453730708794907,-0.0025152609082863,-0.254558387592933,-0.377344083167793,-0.0437301693014274,-0.0590299449955644,-0.0115448571711543,-0.171318610895503,-0.387174988038075,-0.278626855086295,-0.291312613664838,-0.255425315102097,-0.223400190761783,-0.353929061741326,-0.475375611087632,-0.294609797310385,-0.0198815267417357,0.657844108242924,-0.141688486113932,-0.0982057426458345,-0.23603130131707,-0.224386479597734,-0.259196944810549,-0.163531805179312,-0.426912912155222,-0.475355487151714,-0.544042391745156,-0.187197100663527,-0.22133852866224,-0.0074148933089135,-0.168596635680156,-0.283196498510989,-0.361441495388016,-0.13845977293686,-0.275435749047021,-0.593490757416027,-0.0465112102258701,-0.0412811383920798,-0.26550779104623,-0.339425028480069,-0.318282423119927,0.13523407267182,0.510363448287899,0.433516219614465,0.783520559996222,0.822004814332299,0.294697351068195,0.421403354862874,0.626906822961184,0.859052963618813,0.793032715102107,0.64511118201071,0.523592240400757,0.917797518328863,0.574826246521876,0.118895055084059,-0.106127984142554,0.191166509664885,-0.117135095440414,0.262316092951221,0.207783856254984,0.258345771083497,-0.0642080220141859,-0.161168927597221,0.570273058344305,-0.106587702119614,-0.15943924417929,0.273437365665983,-0.027756537283144,0.0864154279680174,-0.225135894491477,-0.215773478944164,-0.137323879685002,-0.0245980913480684,-0.199734093437859,-0.0795233331220422,-0.268269449682204,-0.141546139592385,-0.030855917713202,0.0667744156430223,0.198146916423066,-0.0633679491372959,-0.0759031681832669,-0.336684282836328,-0.0916715958933721,-0.178718543523469,0.361028286294214,0.168549031140857,0.0258488009556875,-0.0118942166195856,0.125844197210699,0.101416816378147,-0.355726106854023,-0.0087141918314047,-0.443588206135017,-0.448995232154668,-0.066269761307172,-0.155041688637585,-0.268420438712376,-0.371616547240678,-0.276049370539146,-0.145389782494492,-0.368267530970698,-0.528867702191914,-0.0478930514619544,0.789547193094249,-0.18137190010027,-0.173054464520825,-0.186205551987388,-0.179569505072616,-0.293829673355712,-0.509399593429188,-0.537957595350416,-0.244693269474692,-0.356305566527446,-0.279262637655224,-0.30270979208656,-0.0700175644604373,-0.0403767243743557,-0.277193631191204,0.147210325076593,-0.243559424060747,-0.588847477558804,-0.378796554977956,0.0781512831145188,-0.337970864602091,-0.353181643439927
0.68239768953489,0.713305096327579,0.507548610460479,0.697892782954795,0.507813590396616,0.689421831304994,0.168231535694338,0.605192495033219,0.664393567741316,1,0.569213327270637,0.777806219403822,0.760088424750663,0.0658173662727978,-0.0969577274055778,0.0171932880226479,-0.0455962749997165,-0.181974946346856,0.189049989383906,0.233964173701779,0.031920975681084,0.0849633036174548,-0.0673704031956058,0.04963759853568,-0.0305997439259872,0.584135415064291,-0.237746479444142,0.65248988938538,-0.220119849322642,-0.137017544470569,-0.0313714701339863,-0.132943863816594,0.0205623897128959,0.0519330548552554,-0.134076407811487,-0.0553767058931305,-0.112516096703417,-0.186015661388822,-0.302592368435197,0.0350408607100983,-0.14776751381107,0.0243043936727761,-0.26706494239676,-0.402442301303458,-0.161814607918507,-0.0559478451256904,-0.151130562111397,-0.207352102696735,-0.478834212788397,-0.418939559172914,-0.45442381835771,-0.30451053655023,-0.336780238370505,-0.485532781646964,-0.410834944892857,-0.45034419406591,-0.231553187716572,0.406361990708045,-0.440946511797776,-0.291449726454365,-0.368912546981145,-0.211020664139146,-0.423521356434635,-0.166887861929673,-0.355708242483138,-0.493662081862232,-0.43675381459279,-0.45601996344938,-0.163737116836157,-0.301850959791456,-0.334097293594777,-0.320338120099786,-0.452391994846316,-0.297339307849261,-0.582735311410622,-0.517531359794463,-0.261097128307957,0.139468312202818,-0.310150272012153,-0.454820191971578,-0.24987397108996,0.284256682011274,0.659400939659073,0.453205530284128,0.657950399197923,0.608918832203968,0.552288111173341,0.423044179585576,0.390286646231722,0.752716353253117,0.425328270181057,0.826530244073496,0.730216171835459,0.6637881366572,0.776780044095504,-0.0670291366495099,-0.205850404646581,0.020616275149236,-0.13362088206465,0.0273142167317814,-0.114489837067321,0.189041954420575,-0.15154141162758,-0.144169860672671,0.258459438224295,-0.106136594225415,-0.118568932244677,0.204292702518942,0.0779700146064254,-0.0150512543215375,-0.0355270288524083,-0.0792060528989967,-0.0812232069441602,0.108042257614851,0.0794181739917809,-0.0889139974883035,-0.359335775788169,-0.131099133054842,-0.247404044503917,0.138268164511446,0.217802717376059,-0.0631399025305819,-0.0959813348109137,-0.249132316050424,-0.268708924924913,-0.159482550307949,0.168777545230992,0.0542616792493397,0.0215669805099568,-0.280482503598988,-0.0815984764483647,-0.0974045208291535,-0.18200031910329,-0.167695900467226,-0.526422400206885,-0.501413726121001,-0.0444092917644824,-0.400299434544156,-0.37723387308457,-0.400168026375938,-0.361908725386545,-0.293890888764977,-0.371807451823196,-0.381091726816183,-0.209024508611688,0.58558960419793,-0.471913279571446,-0.401122499550048,-0.350477431173792,-0.434770988538945,0.019989598145508,-0.446929934806309,-0.352022249477558,-0.406777812671488,-0.390599437383111,-0.258747229499777,-0.479773125679944,-0.231638179453659,-0.35943829564134,-0.21975708573514,-0.0370597224136254,-0.268640617092749,-0.375311824418255,-0.471156587067077,0.222818343995657,-0.262243213685312,-0.241355959790067
0.781694186684735,0.692067350186248,0.11601081121203,0.8737179553566,0.613868760823872,0.552485669090979,-0.185425223521315,0.185035763289324,0.86851424712694,0.569213327270637,1,0.800443622161079,0.598288728736456,0.103927139932877,-0.0235963585694503,0.237172667305025,0.230028178978726,0.0072394664228993,0.246463563035847,0.438899476723355,-0.0299969825673584,0.142651979108218,0.0250430184770319,-0.0822138022447945,-0.189218004160544,0.403169058713035,-0.252122330495097,0.540657330932073,-0.205418546332525,-0.116938868623636,0.0745585358730558,-0.416409021854218,-0.0966670627858297,0.130370018818578,-0.342576919025568,-0.0554166473551947,-0.0420723855915213,-0.0387966210455572,-0.198020519791436,0.110292937868172,-0.0540831978847388,0.144874069017852,-0.214231616395072,-0.291203960273682,0.007930684019815,-0.0667486689149137,0.0017079774010911,-0.0086144672059751,-0.31305836660704,-0.315402549175695,-0.281295640116449,-0.200920025526058,-0.16088689045819,-0.249601926398071,-0.380857353868787,-0.254141052052403,-0.0544052489248024,0.591447640521595,-0.215213068463863,-0.100171080036755,-0.163044980374723,-0.162442001662437,-0.163454617241595,-0.123231382182875,-0.3009359243314,-0.319113189560379,-0.631318064206221,-0.269969938760093,-0.35837627312506,-0.0074137845172738,-0.147196359046504,-0.372763531893298,-0.324125153480622,-0.234156493251827,-0.222806516478144,-0.654125693240165,-0.134338436690579,-0.301118532693068,-0.235807244815152,-0.400384365445147,-0.423683839741425,0.0335961019105787,0.496913868252949,0.420481990068366,0.710374973380051,0.840451661187906,0.344334264435475,0.256692908549456,0.493865936061733,0.731910977829872,0.800076001269861,0.542225689078739,0.419102310412365,0.915117549470429,0.594896301300314,0.0361398324370626,-0.110713648325632,0.200169278545823,-0.112216632474872,0.29718540600406,0.275497499287992,0.333386236318882,-0.0262166810770256,0.0081880656678927,0.498028936188741,-0.159107223198902,-0.186296911987362,0.53063055269691,-0.0697444201404511,0.224406228796941,-0.174871921652134,-0.0479111954445025,-0.135527143742274,0.0388730019628246,0.0063230528616567,0.104337375732571,-0.114603040187461,0.0066186424930043,0.0125541074756726,0.0720275792235309,0.296401795126167,0.0018071647040863,0.0586654267732472,-0.157743260227774,-0.0315532757255916,-0.0022725564566071,0.457816338440804,0.214967564691889,0.0102224593488994,-0.0736724321154816,0.240746409082101,0.101648485800252,-0.318187456460888,-0.0667876014254819,-0.179694524884409,-0.302341446640035,-0.113190856591513,-0.233198390227284,-0.301429660019583,-0.34862077934513,-0.205336137525429,-0.119050451228685,-0.28391413775762,-0.390623958852495,0.0568602302789723,0.764521263052643,-0.252348377228027,-0.253950472652758,-0.256120213898559,-0.0831907311401263,-0.254526947028505,-0.399220184471954,-0.542869907958259,-0.166370564561424,-0.287825713534929,-0.219271124047577,-0.166252720156963,-0.0555813998854584,0.0092941767449477,-0.416771405390103,0.0048383434713511,-0.263457134417072,-0.559887618342302,-0.250804062524929,-0.177765608868477,-0.404701756546211,-0.337464797856594
0.833077979671413,0.846963089883384,0.211691962540945,0.901371942116483,0.545782683276225,0.807591042070878,-0.186497187256682,0.455990550176812,0.829790557694943,0.777806219403822,0.800443622161079,1,0.895070446971698,-0.103039754814675,-0.263031850437228,-0.0307824585797984,-0.123117334085537,-0.260930236533309,0.0121259178031768,0.20879679162809,-0.169045534588768,0.178246866036207,-0.129558212585382,-0.0802686598660448,-0.200198145320854,0.496763322951341,-0.482504950002813,0.637098837446707,-0.327664237453655,-0.222053156628439,-0.0735627193720817,-0.372821242091216,-0.149700406480581,-0.0321891461130807,-0.353730382765848,-0.224404450689377,-0.269631006681874,-0.327602685316129,-0.38110503034002,-0.148337765127315,-0.252668890651321,-0.15815895436119,-0.478136675509118,-0.331927925903283,-0.281947858953365,-0.22145519810296,-0.186121205277951,-0.106995506158281,-0.330148145623582,-0.369699988794288,-0.36101228733242,-0.364145968918988,-0.272615273257888,-0.315970876383958,-0.444742657313241,-0.317375428873461,-0.0660922998337071,0.556091175558159,-0.258724096041595,-0.343306948108364,-0.198071235869979,-0.0843762484345053,-0.190662867719608,-0.209783260371559,-0.276346224290646,-0.307560076571827,-0.518834939460742,-0.256174758848791,-0.264494171100969,-0.0409859393506477,-0.111080496848678,-0.348738771921351,-0.230190825503729,-0.322002071592984,-0.286823767305834,-0.551685710399773,0.0014118851117393,-0.0870242221044749,-0.0715996522581327,-0.498136053787846,-0.258368942072257,0.106335482358037,0.537897979582485,0.431982843105924,0.832229090901105,0.888274873841799,0.388012627092862,0.499695180107918,0.422263596596726,0.937341992954904,0.632361752753942,0.805558979171336,0.718200404278379,0.928966778850194,0.771861859842261,-0.151218977372034,-0.331305684604588,-0.0270519845779399,-0.168483486840131,-0.0455937808607775,-0.0194748923826789,0.0541936514535211,-0.338710011105348,-0.114015786488864,0.28013327856659,-0.315451710377209,-0.194950711458929,0.243968357156229,-0.0308551614998016,0.0230305766299917,-0.215067094832635,-0.192514124059637,-0.181823718666827,-0.0822071010191652,-0.0658893434536992,-0.135329492822993,-0.371187506310052,-0.228685258541441,-0.132930811531648,-8.58393010952784e-06,0.0449346646308814,-0.147725025244412,-0.249863265980662,-0.245245414769032,-0.18434935919274,-0.293274352986791,0.187905027578826,-0.117710270844223,-0.144625940308985,-0.301705605179506,-0.157787041653406,-0.181629474608675,-0.351312808175466,-0.192343668607285,-0.381595744089395,-0.381630373250897,-0.0146802269355775,-0.339914081247487,-0.412747372424295,-0.231342469363333,-0.39202161675238,-0.114277409210067,-0.398834738213398,-0.29371106344324,0.0377401450189523,0.831745222952851,-0.318924298003867,-0.373549350457581,-0.34220203637449,-0.135689686409649,-0.12323943240244,-0.280407607136638,-0.347978937804359,-0.214805737419492,-0.24027947741068,-0.172169683407051,-0.203825401027846,0.0139978332018315,-0.106038074145352,-0.337836164745215,-0.0343047038499241,-0.11968035538222,-0.351729312899277,-0.198834883722077,0.018252790504991,-0.16826061353966,-0.1497660556828
