1,0.596759312233248,0.41157837187843,0.915167185220975,0.834489456560359,0.600184535783179,0.450072550526604,0.421107171938371,0.80030923346213,0.520528331997424,0.611198077691676,0.852170197942218,0.855100288041686,-0.110830454631191,0.0019617425387881,-0.0450994745064871,0.0031587943723015,0.0528639656773631,0.0590585175695563,0.448251573715693,0.258879523484086,0.315626918239278,0.0622283281194782,0.0211502658772446,-0.196335610800369,-0.323846727110023,-0.21980756725021,-0.250100675419299,-0.12354868240982,-0.0808225438869047,0.241241311477168,-0.201894785666885,-0.0601181271322474,0.0133664671989396,-0.31606132703746,0.109559426606972,-0.252145666663736,-0.22350909027735,-0.302220393557887,-0.276304654413647,0.0018810989907666,-0.0549309562133489,-0.302672719563351,-0.197538280645725,-0.0510520280360273,-0.076722796701292,-0.0506992674859944,-0.0369066820450086,-0.475636118560863,-0.451078037863556,-0.178003454014867,-0.268800114780332,-0.236523230208583,-0.305851716807303,-0.213980618528304,-0.0317611883204352,-0.287610809334036,0.434101345360721,-0.265189221434776,-0.28620377023956,-0.47138029273935,-0.284813006636413,-0.389636600164726,-0.37731229733769,-0.128121685592939,-0.346653336102835,-0.39163299656842,-0.324533049481098,-0.0976350766637134,-0.434648147358712,-0.290951171631913,-0.24807489582345,-0.462675049747287,-0.217875939363667,-0.320353509103011,-0.462582185332659,-0.567717849589278,0.135055761346708,-0.35714374132198,-0.292229832945326,-0.327795519260556,0.299066586567012,0.229429423019404,0.838456743464239,0.687176481568351,0.715796856925565,0.548150610303911,0.352898160675192,0.742563730031949,0.602250442432028,0.650062906254749,0.336232428618148,0.661949252925396,0.756795730383863,0.793990093467309,-0.367492733155481,-0.358018113699351,-0.209371338458447,-0.238208162523392,-0.149462192390822,-0.288943582566843,-0.191078937008496,0.13062688384436,-0.0919376074776323,0.370320596574801,0.0400319659388622,-0.160469193274396,-0.276544249740371,-0.199016791123187,-0.308787742109126,-0.166177655521134,-0.0057255507948265,-0.281216369069113,0.374539073010935,-0.0004356183530428,-0.175331602541673,-0.049227636713301,-0.159694647035791,0.126083746258402,0.0932128549906496,0.164300631468014,-0.156118391402379,-0.205196137066267,-0.0815193604103915,0.0926151375524406,-0.220599098013305,0.250854842830409,-0.375976225043238,-0.45910774884799,0.265032459838295,-0.200364844492562,0.0558320645229113,-0.148574863138868,-0.142315994547545,-0.201031621052016,-0.276138781733604,-0.0692293014387538,-0.15147635401406,-0.405990640290982,-0.105005068399345,-0.265031814423769,0.29468461706698,-0.204938231769046,0.0651140302753696,0.0096432305010421,0.431179114416682,-0.343354787086496,-0.183091138514812,-0.185408146198075,-0.461058796686917,-0.185341193540229,-0.422325225297372,-0.474543684351329,-0.39849258714265,-0.503040089671083,-0.448731517813623,-0.243841407768872,-0.116107458732884,-0.393247187819857,-0.176243733158932,-0.158819572817116,-0.500655347722739,-0.391089365783706,-0.417562913018533,0.289252229728985,-0.271510413203693,0.114575222619779
0.596759312233248,1,0.25170427237348,0.574342608279221,0.260595183596825,0.901001145204988,-0.0699081153203698,0.925969989725753,0.433077955591642,0.940719506511673,0.0984564272373329,0.679371132098145,0.7553517136301,-0.0197668882723803,0.139824585897941,0.074856647425155,-0.0715388784459421,-0.0409795107136799,0.0780825145611355,0.266998752820748,-0.058807591098389,0.199129969777156,-0.353683898654146,-0.31400652766079,-0.216045776619705,-0.545130350384097,-0.537742840813301,-0.462182308641946,-0.503446286014275,-0.41095735355685,-0.170636346867659,-0.598694086211898,-0.454972651494579,-0.393224620319036,-0.369321182434019,-0.0949279696901319,-0.0489335041926452,-0.55488109379062,-0.487442899884815,-0.286793823463278,-0.265286005363664,-0.313932935518479,-0.283264496202301,-0.296173245219421,-0.275870090606326,-0.465923504520021,-0.154925812139096,-0.0063110704946951,-0.270642924619164,-0.2387215735032,-0.399583263183171,-0.0256475852657574,0.130555319672551,0.0675762880822803,-0.183636803375546,0.008474253930763,0.0995207105442579,-0.141511751104543,-0.398822209676119,-0.42189798830689,-0.195628232597809,0.0264834393295613,-0.0042586359458112,-0.0540966013922451,-0.506223707550002,-0.0210226456145169,-0.26246764617221,-0.0708723278884476,0.16570887616538,-0.0233184418315872,0.0611654180664389,0.0277154640161887,-0.142162129816693,-0.052597267588345,0.0095759229073611,-0.204519143933696,-0.0920217633491519,-0.0176354748208621,-0.172201624399523,-0.109260046762683,-0.256663006496775,-0.142490212531984,-0.176512617714764,0.437367829472399,0.964480395732417,0.511799027423159,0.812720749939925,0.880229367399482,0.112531386386817,0.586238172983966,0.0977110202408959,0.861190093276477,0.902600192590084,0.355111035162067,0.423420093137867,-0.110749972378903,-0.0920210483031784,-0.0146975445934248,-0.174140008467586,-0.118725265870325,-0.0835892812749913,-0.0367101678612076,-0.229123401414789,0.0078353555542984,0.20274633286801,-0.10445019985738,0.0483088247237433,-0.550649708772949,0.0009655557132797,-0.437008337541031,-0.381863117742958,-0.171623652850672,-0.202744140857264,0.221550667116782,-0.379848263947407,-0.452835248625308,-0.311237055739145,-0.40585808346042,-0.253951608438875,-0.341085553882766,-0.239046139055583,-0.358933098509017,-0.326342421137138,-0.500601936734739,-0.299602259274471,-0.464237206446649,0.0934694834717791,-0.33044040418236,-0.276660470021042,0.0440510918205783,-0.328908200598062,-0.244230172009411,-0.442140272656829,-0.31101891693941,-0.469785446477044,-0.227893044532783,-0.186252049305177,-0.0332599642623248,-0.142950807382105,0.181180702938713,-0.132174232612029,0.197873980113811,-0.135632175062499,0.0279297323666345,0.180428672359314,-0.214738878839857,-0.369150667569589,-0.277418605000567,-0.171350021057901,-0.0153740890290498,-0.551469124524968,-0.249991797481132,-0.104070342678371,-0.289890812303638,-0.297125304309372,0.0465169600111597,-0.186757621133266,-0.157259534278783,-0.205328244020457,0.0884526468584875,0.0091070393476304,-0.187604537612457,-0.282139665242115,-0.0570694222077679,-0.0736627226504459,-0.181908963945815,-0.357268375879315
0.41157837187843,0.25170427237348,1,0.309155212288645,0.321015643394088,0.228541562237991,0.395501882522965,0.0330235943357519,0.29716985378197,0.265722974526613,0.186345130074277,0.322343809859069,0.448849049964657,0.0820256789324513,0.0422612745155707,-0.0717284106192252,0.0881555825862853,-0.0762369603555167,0.177282568219419,0.302055270822778,0.0286987770097171,0.213940505375708,-0.0611848014350214,-0.0944809419747674,-0.201955015569864,0.431573292000184,0.334573402818898,0.314655165590017,0.108555069922662,0.188726870542414,0.528139470790178,-0.0842157893272484,-0.0660557290597035,-0.0338837945850005,-0.106331033434559,0.542739212034213,-0.394139795058622,0.0680994920423348,-0.306960797212129,-0.153707536290668,-0.190373079165061,-0.0442780317526812,-0.353718915557023,-0.304167931666459,-0.232265795713443,-0.226857231650688,-0.230095887862429,0.081282249436767,-0.285272428513911,0.0081573635108436,0.245940254530761,-0.232424222969151,0.0483439304323226,-0.157766513066901,0.312737586220596,0.206392316972101,0.0273899067672228,0.0111832845292282,-0.31374370326207,0.250851224483751,-0.181553893971971,-0.248077423944495,-0.152777639615046,-0.197218994639876,-0.102693362521818,-0.2986667930138,-0.345754150454551,-0.443520039456198,-0.116224479710284,-0.43328707804431,-0.143068204852915,-0.360397660723094,-0.414964304065576,-0.505403143807445,-0.114735857601247,-0.332395555226507,-0.428786991731613,0.0304152388862266,-0.363290354541131,-0.215887715217863,-0.355573705955429,0.338499557769652,0.366343857092105,0.415549383630801,0.323499919037719,0.261454107401759,0.38476932110877,0.0608276026654493,0.30854291546758,0.235559615212696,0.181254156480359,0.24423012198119,0.224739499488783,0.23622608879004,0.598211181324113,-0.28434472624479,-0.126377591662318,-0.103043737262987,-0.419802280112484,0.0721144847999135,-0.0426635211369454,0.0476502061737059,-0.195011984913756,-0.106555546681538,0.261583519897764,-0.196098801336444,-0.12894665519306,-0.115830705728862,-0.197497214840089,-0.355207413740088,-0.26886538979053,0.0643728182052425,-0.201099850449083,0.708777743216407,-0.0191568363296811,0.183463909934679,0.220815565231172,0.0600034399112463,0.344522851814558,0.360900058869207,0.140953193767393,-0.0055383857700226,-0.0994593056521956,0.0084126140409605,-0.0749883236703304,-0.192256398788596,0.30395841793174,-0.0192030514475786,-0.170582757539857,0.124661043699538,-0.208902174912305,-0.164798268876303,-0.276626287500892,-0.360318330416983,-0.265372671615086,-0.135518894921298,0.187101078688943,-0.361934289761325,-0.0934633544003091,0.0303129414015948,0.0117751055767292,0.471711822121601,-0.511836978882555,0.310864265421422,0.271907307900651,0.0389706590846042,-0.334535362031764,-0.035022767653399,-0.515471675401018,-0.379175930678171,-0.0138617041190673,-0.538740390096285,-0.236563697305451,-0.373701341861184,-0.321227937168522,-0.381259916515952,-0.183611862878398,-0.343058016483257,-0.554313830574909,-0.312809800795037,-0.383114372141124,-0.450909316572185,-0.473384770359011,-0.418061662763,0.132792197008948,-0.32387700333045,-0.0828678879692599
0.915167185220975,0.574342608279221,0.309155212288645,1,0.864554380634406,0.652301659325377,0.458321606318067,0.425924928642662,0.924214729647447,0.539151519138937,0.720800906935937,0.897887402866414,0.821655662831193,-0.0725694247054278,0.0342705970565154,-0.0507599629859975,0.0688135613710067,0.180561457036468,0.118677264606145,0.580716787443872,0.407162706920579,0.434104379595504,0.1561627348073,0.133943804906071,-0.0206730506425333,-0.413064745029773,-0.354024648420764,-0.328929567509303,-0.0520716620259342,0.0132613449862728,0.255825420359534,-0.229769588295187,-0.0236859413500546,0.052671328311141,-0.335254224783831,0.118936643447032,-0.145190848066175,-0.214479721484862,-0.270255525997576,-0.23288995017991,0.110418121778889,-0.0117736784100335,-0.219803903529861,-0.169946035711565,0.0850213975852757,-0.0002649964749181,0.133518780358021,-0.119946824684975,-0.564615595597503,-0.546434388582222,-0.16072976515733,-0.427603965795197,-0.338699618423528,-0.411809067764468,-0.33348223327244,-0.111625305839651,-0.368887705708066,0.36955395886721,-0.277504230208155,-0.29417751291901,-0.571496620114706,-0.380864982720692,-0.476962602146091,-0.451619786073604,-0.0909125791458492,-0.427898816517154,-0.551332855857723,-0.297622583013404,-0.195434781587011,-0.444810643986986,-0.371689658371682,-0.299950293996314,-0.508114567748533,-0.192751030500631,-0.378380333469721,-0.565656199464651,-0.542546738683051,0.0300310521595631,-0.434563470636017,-0.390846018406435,-0.439939625067435,0.11273595527497,0.118943890934494,0.756810890501747,0.648365762942487,0.805267450219411,0.470512284023515,0.326233332465339,0.791882902249663,0.719910064254596,0.76368028536942,0.347577920633855,0.634101533935867,0.866917303837918,0.770197756692442,-0.337674354036768,-0.394549175569042,-0.220264142908135,-0.151397667564861,-0.063037055285693,-0.20263110098141,-0.189680944287531,0.2526191409104,0.0758553038836314,0.483060424101769,0.200698875866975,-0.0754914631349993,-0.234308761845121,-0.107011158487912,-0.240525872007832,-0.076153333928251,0.0845082284269372,-0.106157254744328,0.324241932195979,0.0408333766389851,-0.0587218916403892,0.080661673224694,-0.0049164379763789,0.22603762418291,0.150381731962867,0.267989732842492,-0.10788268184778,-0.0757585670892895,-0.0421157923108527,0.123021007071429,-0.155819628441181,0.360623639115261,-0.325063678416226,-0.453895091161227,0.336651397199038,-0.122176146273493,0.162799287463523,-0.112142314717754,-0.0104981600518522,-0.134392243840459,-0.194429755445621,-0.0761747818091105,-0.0559317290054949,-0.404276363119498,-0.187971542554099,-0.193916679805383,0.30196964333628,-0.137749893682708,0.0588531558857689,-0.0250728056912275,0.435094184877009,-0.308660246314255,-0.244964842993492,-0.120935861229598,-0.351232625559609,-0.152414475817573,-0.478105926469158,-0.52055831270694,-0.491614371310722,-0.614887780136791,-0.476681423657434,-0.293702055252017,-0.112086082536592,-0.288005806426145,-0.250036720490357,-0.231833061440411,-0.538913487127111,-0.392117715268376,-0.442432986286386,0.24026863542074,-0.373201231415076,0.122065168780815
0.834489456560359,0.260595183596825,0.321015643394088,0.864554380634406,1,0.371627738318838,0.508060457718341,0.0973053027220046,0.881320770181803,0.24287364725367,0.758851410195407,0.773415013683405,0.664783394535325,-0.090130634516545,-0.0565487752624288,-0.0934825660603659,0.0909371125666082,0.142303912837237,0.0808708845667699,0.489194126217831,0.414662811634218,0.389223749188907,0.234794194324963,0.1557196878666,-0.0711433760816119,-0.162016974641478,-0.148448855764564,-0.106657547304292,0.0762558819632426,0.158472277211048,0.429063058058364,0.0511918427321089,0.11062169075801,0.139392355026041,-0.289190176357005,0.254240415656011,-0.310376532128381,-0.0971833998757974,-0.236298225645604,-0.305005683639669,0.0595719119923487,0.0292450661888695,-0.311056133904878,-0.194658833948421,0.0612018487561072,0.0722958693073986,0.0602777805791798,-0.0857306358037824,-0.555944593377544,-0.434596542858713,0.0055270107749883,-0.418525292371351,-0.385938862159671,-0.462707568067628,-0.220921791915546,0.0357025054893572,-0.413291834096022,0.595031639443545,-0.151573886984982,-0.123471466144515,-0.510006449037876,-0.345697160450192,-0.510253603572989,-0.436078141180112,0.0509585293024045,-0.48109949241673,-0.413913105927145,-0.407245075621912,-0.220295678792879,-0.539933374355169,-0.454397740902912,-0.383116845709724,-0.499808481323239,-0.321867906750893,-0.418265440527937,-0.54426607353453,-0.682252217388868,0.235918141240741,-0.320348822896537,-0.358783754530308,-0.291978811940062,0.360525804217219,0.374948397078168,0.845989667050166,0.340931475038102,0.706701709467287,0.249468050195027,-0.0131622700515476,0.950678377768867,0.592374168374333,0.852756217605878,0.0544641374139029,0.362912211427635,0.855007602652317,0.81171646399044,-0.33757531472822,-0.427665839198465,-0.168895248515878,-0.2190967304139,-0.0221015069459557,-0.160283610598853,-0.174568090690326,0.326489521632276,0.02271574754692,0.408423643797031,0.179841877759105,-0.172577619135469,-0.120300977288155,-0.224931688033323,-0.203441067304624,-0.0865402980434029,0.175950493838607,-0.168964248951835,0.363490116829124,0.132544567407476,0.035266445279122,0.182232688541818,0.0680563925754311,0.381724711025787,0.341317456476057,0.326401207101785,-0.0002692844521115,-0.072435258107001,0.0969917102717393,0.272648685227963,-0.115402727712562,0.311554181643267,-0.292510941199242,-0.488328153534434,0.221222764979487,-0.171649514413372,0.151428157517891,-0.0546458635462677,-0.0527367949330561,-0.10054342737043,-0.207603319990825,0.124822693574515,-0.214563336326209,-0.388873028206478,-0.218287102726282,-0.289310063504452,0.348090617589663,-0.267983843621829,0.119992726967946,0.0248539031302593,0.703821211720648,-0.233300635207218,-0.141946582927219,-0.220868878282722,-0.474788002027549,0.187812831022439,-0.431657002597373,-0.509581391704849,-0.365726246671446,-0.475368102932269,-0.547826634306302,-0.202479140186437,-0.0925956341103099,-0.446486283568283,-0.322395339144755,-0.355280570742881,-0.504658710594279,-0.347561392837222,-0.529704819017697,0.522380164237857,-0.192457423836246,0.415722023558596
0.600184535783179,0.901001145204988,0.228541562237991,0.652301659325377,0.371627738318838,1,0.0243000213583313,0.806650911223111,0.587611123706598,0.855566885022939,0.230108461444831,0.785258548686996,0.736191739406944,-0.0992323059123249,0.012060009158297,0.0070448637659001,-0.130307337316143,-0.0731951065547328,0.0358139565252981,0.332638016392876,0.0329662675543628,0.263742785220138,-0.306306233147196,-0.297501589199762,-0.140238111571825,-0.53360774748537,-0.47116685892251,-0.413370414855698,-0.422737720304785,-0.312224945827752,-0.0941367435990382,-0.514384759464643,-0.415998675138928,-0.380590508028401,-0.310221036618363,-0.02498362055587,-0.116830218098435,-0.497701224532661,-0.484774906070833,-0.354436729687636,-0.232054361455093,-0.37248878599186,-0.299148771947049,-0.328408420646322,-0.288112741836859,-0.421132285622599,-0.120622917180263,-0.147301913255305,-0.281207402271912,-0.220111938440751,-0.287086324669197,-0.134631922752534,0.149601461422758,0.0526496920975542,-0.160412333592195,0.0426552606542937,0.0869729992523589,-0.0456902824742942,-0.467950410866482,-0.383436037049965,-0.295124625473068,-0.0759919045565674,-0.0494035949175727,-0.142424802573225,-0.467920343374092,-0.0688317285535116,-0.297514412878424,-0.073672709571362,0.0996376171550205,-0.158012338588676,0.0385023396826708,-0.0089790498628774,-0.172551104384283,-0.122396438632862,0.0693781890073543,-0.209885930720888,-0.103791524695834,-0.0374310148934042,-0.196441751873987,-0.144062748177244,-0.304448093628634,-0.233078393583346,-0.241165989010174,0.428722322979136,0.882458622102226,0.71175675616435,0.616474369344563,0.77211313642703,0.245064914564282,0.784258131918518,0.228168796955641,0.736067514521979,0.880870408837439,0.554172180155457,0.501884501638781,-0.18901325402569,-0.221241250572893,-0.0406127834115832,-0.174156371492935,-0.191569033141129,-0.108434334818972,-0.114576398544789,-0.173955666926134,0.0972933340815045,0.259857221350495,-0.0843828750755055,0.0450190263726156,-0.512777440842142,0.0073237921514308,-0.433405922241848,-0.374203774949467,-0.0761976234196235,-0.17153174887919,0.178605847943812,-0.333399196725111,-0.333298988017932,-0.145892759045995,-0.29939968138629,-0.111185813172989,-0.203510996527437,-0.175465863414871,-0.292338539916584,-0.28462921330992,-0.424139167580324,-0.26694819248688,-0.445791772440351,0.169958566925568,-0.372146710137856,-0.399814221183994,0.0813380728577011,-0.399056346155556,-0.247074827397016,-0.446043366623076,-0.296017182469063,-0.427148433075824,-0.13270007833637,-0.106213656662239,-0.0103825804329545,-0.100317383920103,0.213036974930713,-0.0768619642852815,0.266734536082718,-0.174975122151031,0.112482177989929,0.247143449851391,-0.113467676339712,-0.388741652405356,-0.251292162532465,-0.204315636531112,0.0798270012596147,-0.518607890430002,-0.268801148421574,-0.115735336234213,-0.411056111128688,-0.376491419869313,-0.101439955544962,-0.164324020713985,-0.2071450968763,-0.195197787073342,0.0096206066517003,-0.0436255880439449,-0.214617665614204,-0.298757696320555,-0.0943433469201157,-0.0201002188713288,-0.2076364048182,-0.256253807956238
0.450072550526604,-0.0699081153203698,0.395501882522965,0.458321606318067,0.508060457718341,0.0243000213583313,1,-0.194832815261126,0.463671691800399,-0.0315637353976745,0.408996221667197,0.387152458582249,0.340371679262076,0.221477170813487,0.0660158102363904,-0.156209409920879,0.231184501601275,0.29067395985815,0.312123349014658,0.400999480151004,0.300859506056287,0.141358501810735,0.526143691575204,0.495753019989236,0.332320166487078,0.140237343191663,0.397276527249787,0.249863442600756,0.493044857818415,0.389566346568782,0.450925459954163,0.361567880182541,0.575355290274887,0.599752055040834,0.271567249332837,0.355140836754955,0.0704074481177485,0.539128992858746,0.302164035846048,0.155202015978172,0.388040186858434,0.393145803626321,0.179025339664406,0.311591708648817,0.289948904012379,0.391087637172238,0.325139800307319,0.0416487168907122,-0.368014640800144,-0.500876167047664,0.343502186335745,-0.641692922807799,-0.332529348376748,-0.618555762956773,0.0350869654523063,-0.214074910446847,-0.462849617431337,0.187005226062886,-0.254074063821093,0.221087471312151,-0.645982692923282,-0.774906789041357,-0.688057745751496,-0.410287591937158,0.569380529209151,-0.678568977528543,-0.650340087632527,-0.56277293904056,-0.699406068013692,-0.363875318729671,-0.455730617259058,-0.709863150974275,-0.746472010318208,-0.424115843855545,-0.579968571409788,-0.513981593912756,-0.591802013057055,-0.429613995197499,-0.749581464397095,-0.61346682018545,-0.631232511569128,-0.0684942279894967,0.390951386728487,0.321464802226255,0.0134577734438074,0.420184653195424,0.113938388646317,-0.253851973815885,0.52131175071139,0.282115198621984,0.546514547532959,-0.0855076950118111,0.0551282453125096,0.485786599270504,0.511906569053003,-0.198388522892246,-0.0297933549986074,-0.23784906807323,-0.056724928377098,0.189318510392709,-0.168713036212422,0.107574446973339,0.314720072349596,-0.101823468629865,0.356140931997015,0.120388194808994,-0.256478444300205,0.378313043154668,-0.201779920057923,0.182526724933564,0.344572135418206,0.50556010772957,0.226117814317777,0.490128526768016,0.692065400412594,0.57860387290675,0.408242129190951,0.406085521405382,0.495916230976781,0.533957331988751,0.748323180530282,0.408023672425734,0.485152080044785,0.638302704345683,0.482189396358641,0.531625675865962,0.43012332224342,0.197070472378323,0.0883158329076585,0.498201922269583,0.302951928210739,0.454644680554889,0.402314193426074,0.453568484671904,0.405673854949215,0.106658705523107,-0.102972512583992,-0.285103344477636,-0.402132372335675,-0.374903725243573,0.297381661146161,0.1944504398877,-0.0080156479213167,0.175026057437514,-0.273329978505293,0.324242184955484,-0.352817852992437,-0.065419274779559,-0.192398962707856,-0.479201025861989,0.236753643963876,-0.483642261867313,-0.653667512686823,-0.642587094959233,-0.759854339265295,-0.608422864320205,-0.303500768396966,0.0396461376859796,-0.140402405851321,-0.643447452864789,-0.508577840350136,-0.7647614335719,-0.211776932105734,-0.40193491023885,-0.17046648111653,-0.679194655033701,0.194367529190429
0.421107171938371,0.925969989725753,0.0330235943357519,0.425924928642662,0.0973053027220046,0.806650911223111,-0.194832815261126,1,0.276475032065882,0.871999592066592,-0.0135106637094525,0.548046413483026,0.622059365957384,-0.0737196458855317,0.117230874866455,0.137631062225791,-0.0760152633427035,-0.0037665516298298,0.0848093104698304,0.174936320629397,-0.0742255219300204,0.181395529460947,-0.27444404959616,-0.212466577828942,-0.104658471377746,-0.608382846727326,-0.582511106638938,-0.522204603432273,-0.47844891901298,-0.407620107231469,-0.287965058104831,-0.585425541908915,-0.389224178966257,-0.341220353730333,-0.315519101261628,-0.240382724098234,0.0504002446213826,-0.529899996630477,-0.401237549345183,-0.309930465496061,-0.312905611153907,-0.336249698552623,-0.222427712179764,-0.240141265466752,-0.252114640436984,-0.384679912986547,-0.0626112655961863,0.0568868853381397,-0.142995982551703,-0.20888532039945,-0.406189320899868,0.0443792976649034,0.152247861078305,0.141895235183203,-0.250431308876003,-0.0396547088242689,0.12711614700398,-0.196503287868485,-0.388333774218046,-0.508027364714004,-0.117177198560485,0.104867980141311,0.0891831639485982,0.048105782396136,-0.436287928748377,0.116687191053591,-0.116229037746023,0.0277606918054531,0.18659605923866,0.118129987764207,0.133740449203732,0.118720997191187,0.0130843697175412,0.0162592724129501,0.0560028279434979,-0.0852740782488785,0.028276547447317,-0.0359063190142823,-0.0565010984168087,-0.0587520493940288,-0.132371447507655,-0.216435667922445,-0.251604986511431,0.285521244320968,0.86428559209712,0.357372681581085,0.76002828410676,0.875365264963452,-0.0533118504485624,0.44730273735549,-0.0474217776153497,0.837648291009792,0.828554206157963,0.207228736742822,0.223584110025438,-0.0715544210050964,-0.0784791083991073,-0.0294534983909209,-0.0907817716505373,-0.0971911273882652,-0.0590758536851563,-0.0108153010699553,-0.227486691569328,0.0139158885290131,0.0703629461397921,-0.0454965086331929,0.0341639135565251,-0.461345091447,0.0248742250933884,-0.299770484065933,-0.25830860900204,-0.191530298440694,-0.0911914525083886,0.0082221412639466,-0.384218972270665,-0.4921530506323,-0.358707956292171,-0.412392715694059,-0.35946330998877,-0.446785761226293,-0.294845957558727,-0.370080072072748,-0.323904558549302,-0.496679699740176,-0.325729823672563,-0.404373656197239,-0.0507012998407027,-0.290694151607482,-0.246114742806919,-0.126015281178581,-0.335706558910133,-0.266759966551651,-0.375391563832799,-0.247754628648616,-0.453531748351595,-0.241280614604131,-0.257130751500692,-0.0201951955321881,-0.151151699105202,0.171982667763329,-0.189844372890516,0.0416890400479002,-0.082955128067826,-0.0882651232667507,0.0865120119217965,-0.29971927290809,-0.318121678584748,-0.269423978720644,-0.123896097760949,0.0171149810202319,-0.529068306048696,-0.0908881716153785,-0.0453072168327448,-0.16195001381226,-0.183808431820703,0.1315643692878,-0.0986949684429883,-0.10223969838893,-0.146917427154387,0.122843854650462,0.0122608619413731,-0.0716948445218513,-0.205221710131843,0.0171440984648243,-0.134409635364423,-0.0946303990606357,-0.385906466124815
0.80030923346213,0.433077955591642,0.29716985378197,0.924214729647447,0.881320770181803,0.587611123706598,0.463671691800399,0.276475032065882,1,0.435136678935095,0.774976689107178,0.869047556316743,0.700470888909977,-0.0665017568832113,-0.0125022746325125,-0.0545739383873207,0.165380047289238,0.221817376987748,0.159515497117813,0.64304691527444,0.486402301054272,0.449640284563839,0.220323925026037,0.163280318545545,0.0880757872704519,-0.260634929160582,-0.301970716601989,-0.233187655991731,0.0166156762876334,0.113153164904803,0.32981586052949,-0.118135940329371,0.0426022442631857,0.0860753756321904,-0.321309086852948,0.226473643363851,-0.102604637697099,-0.140363135527854,-0.203600102507681,-0.229524313134097,0.204810108833836,0.0737310307184524,-0.152992136484028,-0.143980341247736,0.15477689594859,0.0600147019440694,0.2275246715798,-0.0989212292834234,-0.620974387257722,-0.510405136006851,-0.067861490014556,-0.510256683081222,-0.398248433854036,-0.483014530102657,-0.325103756335,-0.0656894575121671,-0.403381976654178,0.39022882354358,-0.234040012402045,-0.190343838510448,-0.567554428759334,-0.389510260640856,-0.5022876887065,-0.402041409239777,-0.0064429853991261,-0.497667257972944,-0.574369177075564,-0.294372926359263,-0.270946474753515,-0.467312789370824,-0.398089307688818,-0.361395768816533,-0.507980223799677,-0.246120013754234,-0.39701595891317,-0.618709439034533,-0.56911367386985,0.0465980335721928,-0.422685575229995,-0.432610649377223,-0.456323107118805,0.110057043544479,0.170171527531397,0.737241497581948,0.508881765227724,0.804042330472175,0.345009841545114,0.167410879609404,0.832349521303636,0.770284852529332,0.860696525463187,0.244919513407735,0.529240806123777,0.91807138763425,0.759025047114298,-0.298581173195141,-0.344671103927529,-0.149627099928573,-0.111556999936393,-0.002402082033168,-0.1283254289173,-0.123390256652402,0.313039836177443,0.0975221101908882,0.533217820106915,0.27686044702774,-0.0969801695783796,-0.153185671752242,-0.118655783813073,-0.192142956148953,-0.0457916797193314,0.198200618157516,-0.033197004655574,0.387965518014771,0.107852756294937,0.0482059619201213,0.161725613056273,0.0814300450486615,0.328618845536672,0.237936245641825,0.341155561728132,-0.092651112022959,0.0421516228146718,0.0555913940612033,0.233348235372883,-0.0705612175863296,0.424888425304146,-0.222010344674407,-0.432841775413601,0.343088086592591,-0.0768172568407428,0.239652578959455,-0.0823978140299974,0.0484357511436598,-0.0885879445740939,-0.197270706160665,-0.0435370570293317,-0.0749051400408358,-0.425191557177048,-0.262090521631591,-0.206234498938361,0.332900378505648,-0.1884136181299,0.0431371483748728,-0.0456227141467656,0.494696015357234,-0.273280043083567,-0.223209395215992,-0.162490096454642,-0.347587308099873,-0.0047672316326779,-0.510656128176141,-0.567403963162747,-0.466118087108813,-0.629829161466753,-0.456944615716979,-0.233814115262356,-0.0311496364672521,-0.265627392807072,-0.366387514419472,-0.353439252060943,-0.531305125685751,-0.443178615164046,-0.564287704764113,0.312184774867385,-0.374097418512428,0.205873811726838
0.520528331997424,0.940719506511673,0.265722974526613,0.539151519138937,0.24287364725367,0.855566885022939,-0.0315637353976745,0.871999592066592,0.435136678935095,1,0.0987458135446069,0.682670575472956,0.691435601194286,0.133003628091801,0.208266992372388,0.134993425442422,0.0822688742120836,0.0159930900347938,0.155925562173442,0.345555752642685,-0.0631395112854059,0.229010592421907,-0.362948862635769,-0.351728308764502,-0.183600516714231,-0.501200117564818,-0.545324654030786,-0.488164333168231,-0.462530142219208,-0.391157726114806,-0.107247512835896,-0.636055815812312,-0.501802908312123,-0.471004383770418,-0.465818533003296,-0.0600214982878822,0.0066855741802946,-0.561857372715559,-0.520053107096535,-0.216908638146218,-0.252456864185238,-0.239202699434725,-0.263741287635261,-0.375366850339856,-0.29916358189888,-0.520329547718703,-0.108783989526896,0.0264939015785507,-0.293070677669761,-0.236950458219592,-0.368842686280229,-0.11598965675702,0.122031584090694,-0.0074694073687712,-0.199192650624829,0.0230028059173336,0.111747244260192,-0.196147790475064,-0.404518812752334,-0.382739072325086,-0.1725778803962,-0.0036076446548321,-0.0301206263876285,-0.0210012686155376,-0.515062562567386,-0.0520676306241778,-0.351116334088878,-0.113563366445449,0.101018921106864,-0.0464545564281196,0.0677621195749561,-0.0657946396523312,-0.169887919860274,-0.114539618021493,0.0322145325932348,-0.242121357908502,-0.0908841972835537,-0.0444993028150093,-0.178426561899706,-0.100320946211384,-0.258813289538343,-0.241144717410785,-0.214534510682676,0.350340416005988,0.892368787848092,0.550363418631295,0.78935571099343,0.858710757820932,0.145498369371728,0.661783019896005,0.158547198031595,0.93060264886985,0.859958097783908,0.379228114905481,0.438592674775901,0.0236806839323615,-0.0267426497751287,0.149103137592917,-0.108048859570508,-0.007860307700256,0.0740480522644738,0.0455160848088419,-0.251333564520366,0.0846514318259783,0.316851499944079,-0.0820878733273503,0.129457040291843,-0.585408484405285,0.0520799373972003,-0.467773521160015,-0.389713886934195,-0.111503066458464,-0.12398258038485,0.254631135527583,-0.39343302771074,-0.37953188897204,-0.246265949891306,-0.377929636064362,-0.176812961712611,-0.313384030688931,-0.233819058516061,-0.41189558185543,-0.299542300803746,-0.520838356889762,-0.295243956714885,-0.448274459331153,0.128685407018035,-0.176706809860293,-0.188184133848236,0.115162062065763,-0.254985907663744,-0.24827596110393,-0.481174108010247,-0.292777254014598,-0.471471171103189,-0.128207112701494,-0.158149503427058,-0.0430034435653575,-0.132917964380055,0.170810607116461,-0.0966808812401238,0.214415627690728,-0.187327320758788,0.0599671036256282,0.212298100144835,-0.209236987861434,-0.355261525167537,-0.288129682317946,-0.219852473133462,0.048513304135267,-0.47959726628792,-0.282273608223695,-0.0930973557610552,-0.264251809017002,-0.311334410261589,0.0940883087754523,-0.141130935028038,-0.124700015564356,-0.181914040005861,0.0165439169156005,-0.0896002877707871,-0.157190496914659,-0.372354968687823,-0.102179724407514,-0.0720983588069199,-0.175142044203016,-0.337833720036657
0.611198077691676,0.0984564272373329,0.186345130074277,0.720800906935937,0.758851410195407,0.230108461444831,0.408996221667197,-0.0135106637094525,0.774976689107178,0.0987458135446069,1,0.564805560526074,0.424130348016313,-0.092784846085401,-0.134370376837298,-0.104648573632656,0.168383951033071,0.2836341980168,-0.100538437478395,0.45081368275065,0.539495922301484,0.284155710321689,0.421751432320662,0.311573245378722,0.187888596428537,-0.231492054383962,-0.240174809267337,-0.236797330783573,0.185209092382798,0.20710791262597,0.175247394711794,0.149341744977228,0.281133898452607,0.268546386125851,-0.259055997097788,-0.0444916979191465,-0.0564340316240962,0.116216090752368,0.0684090798002419,0.0353268956245574,0.315665224426238,0.317158042077561,0.0377421979500854,0.0644068633566839,0.425849314331002,0.407882332322707,0.267280271537274,-0.187314615433817,-0.534954737529972,-0.575658588789381,-0.201886796933806,-0.485081757798246,-0.678627629171788,-0.597244141705228,-0.504729167876202,-0.366728995584682,-0.62801615466327,0.637099860902144,0.216726126731858,-0.157987731358626,-0.54512078815949,-0.382091652549447,-0.594970283540013,-0.48303237880661,0.184033380715513,-0.462528599832353,-0.391192317742659,-0.248207294049267,-0.284228329409474,-0.481174255180208,-0.56252167962277,-0.215385510569019,-0.330945960463686,0.0690165013960552,-0.589576032301736,-0.505064066407064,-0.425799233685593,0.228418803951044,-0.177190793862147,-0.271362993724124,-0.204106399200444,0.192079365474752,0.305701430549925,0.580508091959911,0.203864425691722,0.554780240940311,0.120053907417965,-0.12812392305037,0.793248110191307,0.478066932664177,0.845084053762232,-0.0359788207135311,0.177995664392227,0.81112108135571,0.56896287159227,-0.276651254289877,-0.387806082001674,-0.185286548323051,0.188171919354483,-0.0561881574119903,-0.0968994735861622,-0.319526077401307,0.5802652546414,0.125987805989961,0.425600296780097,0.437837764252091,-0.0537844528907115,0.170416083080146,-0.0114764983323312,0.149418951600481,0.243396844423981,0.0736929386887047,0.01111028295731,0.277592702533382,0.217242811040953,0.175343694315126,0.10200198971419,0.187139791427996,0.244338610812299,0.159818214009783,0.39281308340375,-0.0798283996841346,0.1543435327737,0.193501627543511,0.371029229855,0.178300787476645,0.321022029232808,-0.14081509543107,-0.298595439937358,0.345605507150925,0.22495730009054,0.464156526599501,0.233359785825816,0.235545283915459,0.16595841857693,-0.226205280569562,-0.146213837998621,0.112387982345036,-0.502752159496583,-0.549988481255093,-0.204722060988164,0.0335876601053027,0.0566244396495293,-0.206281958443874,-0.312162938984445,0.738155722506927,0.133607297897583,-0.0972131167353424,0.186041721231571,-0.331639580938302,0.201907215032303,-0.389659574978772,-0.583108387733017,-0.313613727400748,-0.48032459508951,-0.426785548079721,-0.329166006359909,-0.0313797227020276,-0.0780470277009703,-0.260029791962768,-0.160944225619896,-0.336500296437238,-0.259129839067597,-0.442929330578626,0.450152200980897,-0.183753726898569,0.4221650669828
0.852170197942218,0.679371132098145,0.322343809859069,0.897887402866414,0.773415013683405,0.785258548686996,0.387152458582249,0.548046413483026,0.869047556316743,0.682670575472956,0.564805560526074,1,0.872043311436886,0.0182701483328944,0.0128838630147463,-0.002577044625982,0.0898957620888553,0.0873035182807873,0.205673104289722,0.56284159405218,0.27026165249224,0.409920384858576,0.018136006949217,-0.0310442180442229,-0.0249672714905708,-0.412611145791242,-0.347738908412544,-0.312562274696919,-0.196395800688583,-0.1416352676376,0.237763112587337,-0.296980631834029,-0.129733772232774,-0.113154428409305,-0.404470794671158,0.145589592973559,-0.107896834653074,-0.318699850186703,-0.332570125617294,-0.326664207071,-0.0195634468354489,-0.13659512878447,-0.263327857995631,-0.278652056185516,-0.104127133212623,-0.180609289131176,0.0577303783850829,-0.0062238881317591,-0.546516314617609,-0.427526269276902,-0.150300732020239,-0.400724952134473,-0.177852221277316,-0.298675931158703,-0.24647217314018,0.0512119106680546,-0.208345892091082,0.316643728852983,-0.389130414912758,-0.33964111115965,-0.496723098073912,-0.289444300723308,-0.371473898226889,-0.288613033147606,-0.182162267531959,-0.364399783766131,-0.514799544284914,-0.31586769528094,-0.168396105763077,-0.372987640316792,-0.20100580210408,-0.35195219674198,-0.455586591532916,-0.32857580074915,-0.23171908960971,-0.543441796108795,-0.531558564662672,0.0152729447943444,-0.388909281678455,-0.363257428507056,-0.422688232033356,0.0140636769461814,0.0622403442116515,0.731394547719639,0.721508130060049,0.84622331481088,0.561567387969931,0.463031698151286,0.705262389554909,0.847445378888598,0.649187796127934,0.503681188476704,0.788379253537955,0.842709408193264,0.807813494755847,-0.268967362861598,-0.258292699589389,-0.0874538047748593,-0.196911526452638,-0.0668801760064675,-0.16752712174992,-0.0308658315263842,0.0389722803073749,-0.0195466372902415,0.447139092993449,0.0275451717052192,-0.115712553292733,-0.367289743341529,-0.146551326254427,-0.367540398106272,-0.224491014929282,0.145476171144335,-0.103786413140876,0.347810195643366,-0.0560568836557016,-0.170939524792501,-0.0089460047166492,-0.199716200195686,0.167668750107172,0.0986949194973272,0.143673758972627,-0.208708788288872,-0.136482538513396,-0.108669799482332,0.0732052450567663,-0.239195415608912,0.313134761372177,-0.245039361600655,-0.428525652031862,0.226275326421863,-0.264443193157784,-0.0096630422814666,-0.27101560334417,-0.137686970764513,-0.264310372306179,-0.2203144717115,-0.0575583711420763,-0.21177142388686,-0.427866594322331,-0.0647335125613224,-0.235163921334783,0.338896811511934,-0.299671275925128,0.122490325458047,0.0903142898473388,0.330696420615701,-0.420154402471036,-0.303743575780741,-0.30007779105628,-0.314461098287924,-0.153651024376816,-0.453761348164685,-0.452507832660168,-0.433386516229729,-0.575669248310369,-0.3284181901866,-0.141718805442214,-0.050873732375801,-0.359623156263871,-0.324088977550907,-0.33267944453242,-0.481465547380526,-0.470238790466317,-0.463700764220541,0.208779343776856,-0.319922667914609,0.0451495915774717
