1,0.634539623874805,0.0248500813862249,0.64962923198922,0.64810786436363,0.455433013432749,0.0049311620314256,0.363212031029721,0.505801383917943,0.331765878408223,0.821413739518867,0.676908584570817,0.657538134311821,0.0794021868347835,0.202844120506123,0.26737063337952,0.0833206540443414,0.269717908045427,-0.0210777755768456,0.168839040658118,0.0928498657649741,0.12039686481994,0.425100824937593,0.133418428711799,0.360126796732196,0.208893966717017,-0.185252683936452,-0.205733203888216,0.201290016904409,0.308424658272531,0.0418247841455701,0.190807026295808,0.47712269952316,0.141127898248189,0.0571671874939706,-0.103920155691119,0.315457733066776,0.30014886039208,0.147670660546049,0.0116716530297013,0.0195204635993045,0.0372801801135302,0.161437386000479,-0.224462700821144,0.0618306100548316,0.265436121506165,0.16718447191756,0.100627014222632,-0.328076373780558,-0.422935513798238,0.0339343205447712,-0.188748052297379,-0.300659585745524,-0.214117169908401,-0.110355304649515,-0.263868340854211,-0.211353526854974,0.614503701168778,-0.0270406042288,-0.0316861771907659,-0.285826049536551,0.140321829047047,-0.200264689659379,-0.0094371603482663,-0.0319760347125768,0.0130646073058853,-0.450212164577489,-0.112638511853325,-0.195937155481276,-0.036812990831611,-0.0699959952844512,-0.237018964151964,-0.342585157643382,-0.127997112364865,-0.29228686654554,-0.333399983079997,-0.365349359670013,0.0352487779030268,-0.362509365405187,-0.154019755365528,-0.144306175280064,-0.168085732963339,-0.205043787228631,0.275751446971126,0.630297962792942,0.697122604879378,0.292216855858222,0.310686136793967,0.743729903313352,0.355855723151698,0.535585941572457,0.384611842639417,0.650050013090337,0.445665769291941,0.0629794029197545,0.0222599888768787,0.129313853533772,0.0482849766077181,-0.016560807227398,0.0973691331688935,-0.0700084592172136,0.246661438975807,-0.0356076415302694,-0.0167885953518544,0.0030292340800382,0.0492538191089573,0.230146413473743,0.27720239943139,0.202242395700802,0.325685426078337,0.294628697781676,-0.145813465600718,0.063174711284797,0.0431420641632999,-0.18499462727803,-0.0595816529806063,0.0020097921089288,0.0827060342977814,0.107909149610321,-0.0803653172941059,-0.100277498137912,-0.0829991028713287,0.0560009033041581,0.20064714223642,0.0462063475717883,-0.0437632223129631,-0.092401668816687,0.190181655403844,-0.0140350109162181,0.0336050301151363,0.160562090515923,0.0955422650691529,-0.0451139092415816,-0.204434306445539,-0.254385053611111,-0.0826395591533835,-0.198566993735291,-0.018556914184102,-0.0223993514092601,-0.05626721375935,0.168830277132578,-0.168022220792856,-0.165017385561553,0.415059234454514,0.0715276507472995,-0.18075371084759,-0.129016912587979,-0.0056879649929378,-0.238196684397364,-0.336471281218303,-0.355913561196313,-0.113562887124829,-0.189238459852197,0.104288191991019,0.0101203098727997,0.191473880733741,0.0445114105573436,-0.278416740413037,-0.0055498742306186,-0.188756441662267,-0.126329967188215,-0.369963429964894,0.114378829831967,-0.27040650613911,-0.338179781768356
0.634539623874805,1,0.404905763940934,0.647090039852951,0.555458111704377,0.473998766507085,0.30302322277996,0.558797709058453,0.370921391657136,0.555376519726022,0.509609913037315,0.643192894277901,0.663720368354729,0.0960579510299346,0.101692855290327,0.0601944088360368,0.136300203719164,0.228191695014791,0.0007341498399385,0.0272062212910833,-0.033857377669103,0.109375043218248,0.461750986289186,0.018127949914072,0.249205813448775,0.387504569435853,-0.347742343063367,-0.31257349810247,0.286760481107138,0.440578470990805,-0.0213939319859436,-0.0094329824480989,0.389903866978673,0.0781945506153732,-0.0182368440746088,-0.191274144893833,0.340492834327531,0.365609431067443,0.181537234878019,-0.0102800052549496,-0.0876668921238428,0.0447702339337773,0.184697230667619,0.0212012636394573,-0.0230306695423961,0.0572266755532193,0.0995428973893902,-0.058716615195096,-0.192928466644151,-0.399139735816202,0.0588041007567683,-0.256269839013722,-0.249727437119517,-0.0573508608300739,-0.219400589296015,-0.44504501043661,-0.200095191882633,0.506936407255227,0.0779390640352073,-0.163463103923165,-0.244190472412016,0.0572364362055557,-0.201475272836228,0.0172500039224583,-0.176845769865013,3.50045716135233e-05,-0.334695113691486,-0.223295931054583,-0.27317039658534,-0.156011937158571,-0.212173749017236,-0.33221957481053,-0.391557844650062,-0.151551110529466,-0.367717207239098,-0.242131036058118,-0.336747454389125,0.046644104098878,-0.223795164464376,-0.148088390454456,-0.125009298801387,-0.204199658390291,-0.0172473997683944,0.0322738738696272,0.839568172269948,0.681524673397596,0.582067161805262,0.40232090670557,0.450083833848194,0.21693826568503,0.190776126880941,0.57663072326692,0.40971225586432,0.372166670839477,0.112544276611006,0.0362137260954474,0.0524865858578373,0.147077428051342,0.0755947941015992,0.138571650557749,-0.0600672803936222,-0.0031704088361515,0.133110575415684,-0.109561460362107,-0.0708246852066016,0.0682511509615386,0.346231226582832,0.277708089179728,0.17399051304408,0.357661659874786,0.0777217911162713,0.0894921370087405,0.389991954508732,0.191586207545586,-0.131006326694841,0.116953736687029,-0.131620823468885,0.0340819867855352,0.120297263664716,-0.158267470308222,-0.194464270228005,-0.0155797911221786,0.179290868021702,0.389872754520209,-0.0987536268027269,-0.0582250717060124,0.0327199222856609,0.0320151449858067,0.0104630185629665,-0.040234556769072,0.0575626731748184,0.100579052859067,-0.0202015485598459,-0.345416763798751,-0.362377267023627,-0.186202025136318,-0.3218524062087,0.0416551555914425,-0.0868316037054148,-0.462735146267156,0.242000034065594,-0.184219751088658,-0.300483116007433,0.258659307414089,0.107479478649414,-0.373789919188044,-0.295752575698437,-0.185172639001083,-0.310848976046251,-0.411933169187572,-0.408538284789067,-0.157398894465793,-0.269922688990078,0.0502380264795632,-0.0668200601994422,0.177647468092737,-0.131688254296912,-0.409767277237664,-0.186456706639316,-0.272957008863822,-0.135886730882336,-0.399327032614003,-0.048277937637604,-0.280295580066984,-0.351298953834225
0.0248500813862249,0.404905763940934,1,0.006547026326262,-0.0720864441299592,-0.126990253847654,0.581961131708738,-0.0148924380529717,-0.331539146390407,0.47782675458497,-0.0154164911539041,-0.0171314593563094,0.152005355349997,-0.199663115521731,-0.0733428398727293,-0.158836645350091,0.131220064910401,-0.0770248998717403,0.128958397168424,0.192770444052816,0.0437034467944735,0.0990813898090097,0.341495895484803,0.0627083790468606,-0.0081624551971636,0.632267136009176,0.0441491760515152,0.177372852984382,0.216228102419428,0.404226438272192,0.303506047002117,0.194521445539229,0.160275533804929,0.264654831866844,0.118083657289031,0.105086838396827,0.166873320309106,0.220946730909174,0.153683709433882,-0.0601367345354712,-0.119935279755764,-0.0289921086194898,0.0241214918131422,0.0934967544315055,0.0600411780814841,0.0881774610447542,0.114511257122905,-0.268414592471794,-0.374417581944385,-0.0920942623226847,0.24328442740572,-0.207581408680908,-0.358663143504027,-0.121317392822686,-0.101200722864103,-0.0930757280467023,-0.138252083086758,0.116691141723766,0.230109265803657,-0.128830805614364,-0.407573822800602,-0.15707071496203,-0.432684219543629,-0.0197041302969393,0.152339605713336,-0.218876206602588,-0.247239592057877,-0.362086259351483,-0.232633178849742,-0.352426191459165,-0.272847174900845,-0.271353339612657,-0.284634185677982,-0.241959804148429,-0.449645423823644,-0.220596206628468,-0.14868649367913,-0.0701705837846686,0.0490801293307507,-0.140352379644255,0.0471902556133545,-0.100105245942336,0.231868542349443,0.01061699302679,0.470530898808742,0.0156772481236733,0.418753736753152,-0.0889587427425861,-0.252021351887072,-0.373888365992963,-0.47707866032562,0.338735833940558,-0.0235933676850743,0.378071284260839,-0.148334115936128,-0.0518396302923701,-0.15986437887698,0.0193131369037173,0.159312148576682,-0.035378812930341,0.0609668972252282,0.0361566041533626,0.238381693484479,0.0792217243631387,-0.0708752145013447,0.162910990775719,0.276500851822878,0.21811111498795,0.142881086036831,0.0600838814900215,-0.112667892636113,0.589190632499369,0.553995000955121,0.196349477190952,0.0813303753990576,0.371150328157904,0.228295023248379,0.390407121949224,0.352000745960847,0.172176583078872,0.123303294425252,0.12418998495542,0.187722985790703,0.187873286267729,0.300654448431773,-0.149844578670213,-0.0229103933982445,-0.0745025209964447,-0.0391640636760048,-0.054934714717225,0.178440826685965,0.16935256782578,0.135296876746408,-0.182337222502514,-0.0030802454429308,-0.471727616155104,-0.229729028047804,0.0820886007264798,0.219753665106945,-0.0976485686591149,0.277425100257291,0.150063857472342,0.0572356283114742,0.0896422224250739,0.285959417371299,-0.331372801672306,-0.405053714572105,-0.271330113379733,-0.0091414587636438,-0.210208739904236,-0.214914826479071,-0.27499654072696,-0.204312244479144,0.0753285163739059,-0.0164220699483562,0.0292460656253402,-0.247634117997582,-0.367113762005819,-0.163920755479742,-0.198207948398804,0.032786372600882,-0.22213976469102,-0.280729926178066,-0.0479271827027073,0.050880414356699
0.64962923198922,0.647090039852951,0.006547026326262,1,0.689343552007611,0.614126037505022,0.0917998142623926,0.530010488863782,0.634090166372015,0.386245802544592,0.795984035208269,0.865294286825829,0.695495881301512,0.0460176651702777,0.142319268084355,0.118531508056501,-0.0241889754957659,0.244984681250882,-0.213459626357333,-0.115257135740084,-0.157389828644053,0.0263875518633824,0.379872791973206,0.0330630327750764,0.218008163281573,-0.0158059421482355,-0.302745572527104,-0.242650738502036,0.300299889190273,0.257027478836193,0.0570859066671726,0.0219468228677461,0.38421190808221,0.0934930553298841,0.0368626859239546,-0.139587091959955,0.144900818850328,0.457034974622516,0.089499316197924,0.0367934516979886,0.161083086337201,0.0963848424191525,0.165414583185777,-0.265160533050602,0.0818666757333753,0.057181664673239,0.0435781499638475,-0.080488151754008,-0.150804158821265,-0.268838222664424,-0.0654713974511178,-0.276650315374924,-0.280315471670183,-0.225749774402445,-0.209688171339658,-0.376641653446429,-0.157909994790919,0.692318189821429,0.139999718617836,0.0558418843686027,-0.125262852392146,-0.181442461706212,-0.289848228794746,-0.156570801099799,-0.233361293684377,-0.0532218297493162,-0.398074073006691,-0.203492125929219,-0.283514923333262,-0.126725726566394,-0.235000956087158,-0.348953397439332,-0.38110952725148,-0.115459959501644,-0.381472521441224,-0.36233631688664,-0.36139438759139,0.117375885727608,-0.254652939799123,-0.164055090081695,-0.005573382772568,-0.177834430756136,-0.405521842357116,0.0069473813908246,0.473097708652949,0.927442102713431,0.286919456107796,0.408541902984756,0.633692366328926,0.472144294158184,0.489467107022447,0.295799082759536,0.737890591176357,0.259818713171739,0.201808480124206,0.0193191745964586,0.14026897116141,0.275453393269219,0.0114519927772783,0.0345991928941983,-0.265908119152989,0.0332106301811383,-0.038572550337042,-0.213798995182536,-0.26854215812616,-0.0507884005098475,0.150309720038158,0.155963395299074,0.0159462380544176,0.411919849580654,0.114109072810225,-0.171251643276425,0.106930937108881,0.0788822312085614,0.0100748770769547,-0.0171720717455739,0.00449005359296,0.0253901574929663,0.0913441227624338,-0.138708468961463,-0.224978454803309,-0.193132617546036,-0.077325016483407,0.294357898741747,-0.0016691024023994,0.0004312863990293,0.0724934142948486,0.16837817320186,-0.0096280059295173,0.0543480971001339,0.0723101661531025,-0.0315914565255903,-0.192701292049937,-0.266628419655058,-0.281356619035401,-0.0624563006934754,-0.396027484719764,-0.0500727089418292,-0.130138201691739,-0.361412049986438,-0.0056580966912743,-0.175989166719853,-0.247061116839489,0.540147635669534,0.124317736790083,-0.281868988518316,-0.181360778581964,-0.231877435106888,-0.35933990361756,-0.526973263339502,-0.441950641816827,-0.231433906958164,-0.442860856199189,-0.142280294627209,-0.186295890860978,-0.0977660120426826,-0.249943713980034,-0.379146421992774,-0.0573102157015801,-0.372286686892361,-0.31954010921124,-0.466854495784618,0.126163462925896,-0.286749536743932,-0.274843440264383
0.64810786436363,0.555458111704377,-0.0720864441299592,0.689343552007611,1,0.436536052873593,0.093340970022842,0.476431794912538,0.60319161861303,0.346036958482282,0.789578490877547,0.723469732758237,0.58857704397095,0.181275465500248,0.384419804004697,0.365175891183895,0.126972089273031,0.471863772395948,-0.016522861740934,0.191635129607398,0.264375388801861,0.328572358531076,0.302354449674898,0.271119593093627,0.509466627126224,-0.0003978028187901,-0.264662330796959,-0.229591264080297,0.199255589709814,0.23018028409084,-0.0237437362037165,0.013930215966168,0.389117161008249,0.186814790096811,0.0664288922056585,-0.0214744169886366,0.453360590404239,0.223040217205753,-0.0197637730082747,0.0510030802689903,-0.0561386338972974,0.111541621144636,0.1531668179464,-0.317951926727603,-0.156018402232937,0.246034812269024,0.205944999164598,0.118673039552929,-0.261128536489974,-0.298801672019958,-0.0542986301584543,-0.109768929109652,-0.154919085286334,-0.176715946227005,-0.219873086219978,-0.241263230848079,-0.0942033663267551,0.561019495086,-0.102353114187395,-0.0539953708415738,-0.164973370572465,0.103463245635321,-0.168293010056983,0.117134955825761,-0.0661267953140589,0.0441657330107165,-0.307125195229547,-0.217435954209549,-0.160123679563603,0.0115524262185195,-0.0049369720808029,-0.237795805630635,-0.226872827487632,-0.196532243067664,-0.281947217034565,-0.290524922077129,-0.269053871852204,0.223632280869615,-0.22078258950421,-0.20410597523361,-0.138110238474663,-0.0328497549950478,-0.213505728170192,0.23652701995013,0.543886297924106,0.690150938304327,0.362097812682278,0.323777104026632,0.868132494618593,0.387881470980226,0.637787252965489,0.397425898013949,0.756733269234824,0.326615544934855,0.258742533667523,0.249884007863884,0.20882595879806,0.393254945668616,0.0097365896199585,0.185406510824363,-0.0535583505166423,0.149352723254611,-0.0701192641827237,0.12318846397614,0.168337062802842,0.100872111666787,0.0936906107094171,0.294382931903625,0.22890586148339,0.454012269632202,0.472029240899017,-0.167613766013144,0.0869771506055045,-0.0140959315567333,-0.265310934174049,-0.189376905698918,-0.11125515150258,-0.0413546180321847,0.0030742998385212,-0.136455905501752,-0.27523215052246,-0.195400068589087,0.0700611220987823,0.249384626023401,-0.0276209053802569,-0.0161245481601193,0.0020674821315917,0.0096650737352693,-0.128801967514932,-0.209273666758869,0.0332259753484603,-0.0190208253834916,-0.290056653690315,-0.326621129522811,-0.239145413370644,-0.0942974712636386,-0.280559929958649,-0.142568171608063,-0.384048123401084,-0.277730994595219,-0.252929065888708,-0.343136243594681,-0.321449796792483,0.343607075179755,-0.12111605996854,-0.204391670179187,-0.323002184391313,-0.249912217998186,-0.102368474841289,-0.33999856264073,-0.299875180011642,-0.231908069307119,-0.230501475406081,-0.095137282560659,-0.147653996763782,0.105971050186424,-0.115315377633242,-0.277104328156583,-0.104981522892322,-0.275315971368077,-0.312916741695319,-0.373402351338061,0.308515040010669,-0.227109473731209,-0.303566022603835
0.455433013432749,0.473998766507085,-0.126990253847654,0.614126037505022,0.436536052873593,1,-0.10954204355803,0.659652478365788,0.860547047935129,0.38332670909963,0.379702522995361,0.650110849058397,0.798587376213274,-0.161018725926259,-0.0541970202575542,-0.0104959926366867,-0.3396115840679,0.0660594384458246,-0.255996485257677,-0.122173127420663,-0.360379772499687,-0.0936405703020006,-0.0460302835513626,-0.151814767828799,0.123646749007557,-0.245615406708933,-0.266139237637547,-0.0997806259789235,-0.0407019106185951,-0.0380863194682731,-0.0539473047080262,-0.198974308931738,-0.0073082960550444,-0.0852541323310206,-0.0302570557104699,-0.265464682665417,-0.0180545614201011,-0.167965882133665,-0.391099189398934,-0.440253459483367,-0.268716379900296,-0.347199942046277,-0.146904658936356,-0.0928276172578231,-0.30841881073646,-0.42911114176099,-0.204159491628791,-0.199220126111936,-0.0015431206809776,-0.073223297250737,-0.162938963470241,-0.348053889674467,0.230016900633909,0.108257830865419,-0.367817210793394,-0.291897834175438,0.224598395550753,0.266667926328081,-0.245504357784252,-0.349917932261156,0.100022569735424,-0.0939202136763782,-0.0266547885678579,-0.0998163834240535,-0.485321619561219,0.0724542216126482,-0.0144510575133334,-0.225384058883283,-0.121377493424658,-0.110456130125955,-0.0113035950860006,-0.328914874266518,-0.0281502944868556,-0.264220366613946,-0.009119253861114,0.0671324323141728,0.0764194296799253,0.245491352017458,-0.0933247690642235,-0.188885054463192,-0.256518026454212,-0.0355247127110756,-0.449663883189542,-0.0133847813040186,0.347334035549228,0.693386463935745,0.339364185479798,0.86642016027676,0.493151683733064,0.894225924076948,0.587545710888717,0.410227208939375,0.229123371805039,0.388354772068537,-0.0108102196412386,-0.300127053312963,-0.0838403332096781,-0.0816498175878307,-0.440163425330666,-0.026194201824559,-0.33174219331538,-0.454178244034487,-0.219516729352921,-0.344177470637286,-0.291467394580691,-0.226433359676403,-0.105430296512669,-0.133212943313033,-0.192230410107707,0.0943379345706903,0.132920403993173,-0.216605461543767,-0.137317045881242,-0.337356865279708,-0.121106198289195,-0.144896884620985,-0.0034949096135816,0.117771544812359,-0.28981097628723,-0.0815379170747394,-0.430843064544003,-0.469758482899661,-0.334342872224334,-0.164094931628474,-0.163759002777739,-0.36614015501803,-0.366610592119612,-0.256570900190131,-0.415516595233725,-0.337919431023917,-0.443103273375022,-0.363655835738192,-0.482472886469451,-0.240553629608972,-0.0374201150709219,-0.0098549830142906,-0.03584956997787,0.116498667183014,-0.308504410466727,-0.398150893768358,-0.282376345134211,-0.106174157728851,-0.0935911691805077,0.0896008060978001,-0.217605295146013,-0.330641828676296,-0.234947955757255,-0.131063649226029,-0.0985369566271689,-0.470088519753162,-0.0788460853492692,-0.225814561925415,-0.187665334370557,-0.238450975429657,-0.374394137872287,-0.252649713658943,-0.168219987819258,-0.221577090826092,-0.228079394112896,-0.199684099847599,0.0165551063877485,0.0348119514158307,0.308646230868856,-0.0070409812775064,-0.200759436903965
0.0049311620314256,0.30302322277996,0.581961131708738,0.0917998142623926,0.093340970022842,-0.10954204355803,1,0.195896167961073,-0.195116298093043,0.578672903238264,0.145682186252976,0.216631009327269,0.179897186446975,0.058379550826167,0.436006278290862,-0.00167584982148,0.195923327224713,0.368904377846678,0.116518659150315,0.413526346022593,0.198867500316919,0.488823753114532,0.428466704658427,0.286678816548906,0.123592589912449,0.37346185305319,-0.308710628767596,-0.0445147969181417,0.189631717649622,0.440649000105793,0.236082999189113,0.240569481899879,0.37426700656594,0.437327768110771,0.171155616021941,0.152967057768612,0.484338191568066,0.303612604913595,0.241192441237387,0.0172031516611946,-0.0065932901002208,0.135973587184342,0.142532140389039,0.0092195296534004,-0.0054281205063306,0.0858668150731967,0.175567946270882,0.0035764424126939,-0.251809301137345,-0.14747616267213,0.167240647374037,-0.288033715199462,-0.244283274914301,-0.157488348535982,-0.114038579315108,-0.149266269032323,-0.0573047283113699,0.117882033858337,0.0732945780591021,-0.137722275330735,-0.344632523205303,0.0283275546943296,-0.274155276009175,0.366635327488294,0.185825079152688,0.0433930051607307,-0.225534655945596,-0.316180488182075,-0.276401011137153,-0.0914310790005798,-0.117579374901098,-0.27884177025696,-0.151319387491164,-0.205466564631601,-0.419050990855575,-0.176595060496395,-0.197665293729185,-0.182281235929525,-0.0796485700345377,-0.310828654280463,0.0170200265584749,-0.237952421069636,0.17633253235701,-0.105424641286531,0.386527377427286,0.0668275581771679,0.596198445153828,-0.0151127847182212,-0.049216068462783,-0.230733210834693,-0.195144769248357,0.531027978874804,0.210184849833364,0.3693966393985,0.163067694767103,0.298914043873292,-0.0446263287747295,0.198946465515199,0.274026138529149,0.102244380580272,0.021479049186121,0.0405993917480116,0.346064400443369,0.287397586553863,-0.0174242922379898,0.301499129466382,0.305527531534098,0.250022356449316,0.209506809119783,0.152662448008807,0.0822238127900799,0.402922409751614,0.8089678048733,0.332680987220423,0.0081176458843013,0.405320669974667,0.0741114505072333,0.325772425498657,0.364856998950317,0.105280276593173,0.0529340745560021,0.420924080527507,0.533901178978957,0.285073865515155,0.234843940954276,0.0821300466875345,0.123306493478019,-0.0254106080714692,0.0059908431074842,-0.0312882996402855,0.127155882580955,0.178412131577186,0.0513447034514469,-0.330686342484889,-0.153171690454576,-0.39766069243493,-0.384192251899344,-0.132891547973382,0.0037565775723297,-0.218005791952694,0.0813664505027154,-0.0181596394561743,-0.110080924981896,0.0895964517515704,0.0059934145964566,-0.474432899717304,-0.44501630436631,-0.352387469909122,-0.007880928312966,-0.257994615958338,-0.308648837541124,-0.361349899647952,-0.306761903460777,0.100629084265079,-0.0467206859816011,0.354607105639258,-0.231081648719061,-0.473524526916797,-0.162975021633359,-0.339697891207772,-0.158780147895093,-0.297010866158644,-0.243012496484296,-0.24489901666393,-0.0648165310417382
0.363212031029721,0.558797709058453,-0.0148924380529717,0.530010488863782,0.476431794912538,0.659652478365788,0.195896167961073,1,0.58381402150102,0.622401345537691,0.397796394717069,0.720833116622849,0.648102358190401,0.121633454565782,0.0425147896958772,0.0035069769068587,-0.203684387316961,0.258709438955195,-0.245672640808643,-0.0716208279334868,-0.128525381084072,0.0976523241775431,0.237885779961832,0.0036595823018931,0.163780147468724,-0.193839495189115,-0.437528949872617,-0.243353128529125,0.0878861622390493,0.198802523737452,-0.128817437848201,-0.107221670535566,0.275838563051054,-0.134995367122358,-0.160675312429866,-0.263844659523794,0.0743661499133563,0.0296043382617161,-0.118921910196481,-0.145593370447832,-0.100330454402575,-0.0782339508214488,-0.0294022519366062,-0.292146883330277,-0.278014844207143,-0.202462378109149,-0.0641568903552183,0.249440368602724,-0.0529516953741476,-0.227421840315892,-0.174582449534319,-0.319539349892245,-0.0685664442248,-0.189924103042302,-0.405467430719049,-0.47107855446928,-0.015164468071593,0.337785671764616,-0.0508411519080416,-0.103783956631181,0.10481440677619,0.013419232816295,-0.0393957075010308,-0.132180844220466,-0.330534121867473,-0.0387134195070263,-0.0795327421136272,-0.0799197435262323,0.0427559687219054,0.0183194413334183,-0.0523413347754533,-0.0526604968276023,0.0564284329831181,-0.0575830773677098,0.031459539192792,-0.103876786567876,-0.164969621341247,0.199695343000239,-0.0504179496725747,-0.160829008546411,-0.19206679051224,-0.0551757688765002,-0.436440388073911,0.0811670399848595,0.357594417180518,0.538814333711857,0.531800205532142,0.668901398107372,0.461474483341441,0.550074267805448,0.461176186406884,0.461317873273533,0.376433538533916,0.197500302874065,0.0054892818436686,-0.172942382674512,-0.026790856554618,0.114955465989873,-0.208767871932876,0.0545561890222595,-0.353282105834971,-0.210548079902704,0.0458365139024326,-0.113553130927931,-0.134944849063547,0.0594139869813586,0.152275255250765,0.118327473134944,-0.0189696580756514,0.157114180976969,0.0522463537401438,-0.234632620751255,0.12554098181098,-0.0219170657685034,-0.0790318005222334,0.0035278346281375,-0.177223248073609,-0.114689250796845,-0.123655901011987,-0.197869581861493,-0.292539976726427,-0.279508510897756,-0.163061478323977,0.0468500423661145,-0.199939297780988,0.0026111014073923,-0.0247436292696688,-0.0593739993242207,-0.137048511076829,-0.163205529478604,-0.219364642413886,-0.184717891063291,-0.312096086829251,-0.308617596704975,-0.262449803520987,0.0721222879927512,-0.242300688594668,-0.187815816310635,-0.365168983505639,-0.395056704351649,-0.184171197324774,-0.338925769049114,-0.370011839796981,0.223972567968678,-0.100506993464553,-0.240097360344202,-0.0902245863478401,-0.0826783051908899,-0.206575785545051,-0.432727189918238,-0.232465316281041,-0.0958042904195605,-0.203792552164563,-0.173258648641309,-0.244283518017853,-0.0871500750790563,-0.11753695217307,-0.0832645467507346,-0.0683226595554536,-0.116052524576432,-0.174734911773017,-0.101977886270669,0.252477113834711,-0.0937928754739195,-0.24863522924927
0.505801383917943,0.370921391657136,-0.331539146390407,0.634090166372015,0.60319161861303,0.860547047935129,-0.195116298093043,0.58381402150102,1,0.24871484810814,0.537852530295274,0.687512702838516,0.657030821488486,-0.0379820008090137,0.104303480967838,0.246085149335234,-0.239242312834426,0.20594295472357,-0.278235702805466,-0.0997762041951501,-0.154825204689497,-0.0949915214865735,0.0518484670742496,-0.0494510311272812,0.303061235490661,-0.298630297141564,-0.279209184132341,-0.219538176494037,-0.0341383492855325,-0.0339443971669873,-0.150810076208233,-0.114792587373835,0.104665981104881,-0.045850131411964,-0.0098352962750241,-0.286844024060471,0.0101474608122064,-0.0385835304531019,-0.257505209586811,-0.271963370872367,-0.166960606674558,-0.153874385500442,-0.064517257031346,-0.262372040049982,-0.166839675131314,-0.111703343040584,-0.0668338244920921,-0.0008862398363811,-0.0463521713156269,-0.19601673227023,-0.281929027970915,-0.257830572216838,0.125880843887727,-0.0744634305944122,-0.347750165288858,-0.323385570709564,0.124206940363839,0.406634524996817,-0.25436132451793,-0.17320644361645,0.0686756095488443,-0.0436388744208642,0.022059451498044,-0.0425843545175626,-0.353728413864265,0.176475089996436,-0.163553365625331,-0.0816642438593484,-0.0523818831834559,0.13326924537231,0.0742240056718133,-0.170422555887128,-0.03855102571871,-0.119609123717341,0.0258321755984074,-0.0510388200576131,-0.0749540265595478,0.301332610711313,-0.188322746978755,-0.136839229157123,-0.157387515123904,0.0955296374716027,-0.38541828144429,0.130375157183146,0.245681168724458,0.667381699674248,0.271917418812251,0.776258625056797,0.716294876733909,0.934238978822414,0.81252085539062,0.322244447025814,0.405311123008071,0.311843767279096,0.133691372213281,-0.102892837627797,0.131270212809026,0.073342561177477,-0.303420588549306,0.111603765404015,-0.294019798488018,-0.160572705202254,-0.259795500250346,-0.125039859047914,-0.143065603730744,-0.154562297656757,-0.033160601932452,-0.0182354210031344,-0.0843399916231681,0.272932570313582,0.312058157856403,-0.355622795982841,-0.171406295678877,-0.255959331018978,-0.232023915403636,-0.232150191970841,-0.135099230662112,-0.0378193110600142,-0.189451409774319,-0.149939533502585,-0.389647018363307,-0.321388152364911,-0.214496594930564,-0.0292280809133733,-0.137906427194613,-0.239949077025478,-0.266621729374459,-0.0728668328197148,-0.264222493901352,-0.175372236900892,-0.229213571774026,-0.158761160125502,-0.38626761980642,-0.290069646996462,-0.149589497853695,0.0757455866998632,-0.118841658892312,-0.075020090945897,-0.41700204400018,-0.331056827722983,-0.322420934073797,-0.284062445134256,-0.202162387063311,0.194584420335587,-0.252387499297582,-0.159793432660617,-0.158458152919722,-0.027741185850359,-0.0827250148881502,-0.344678436135699,-0.182252343305294,-0.161801007966407,-0.18283489994378,-0.130334338813261,-0.239002147598047,-0.10250391991001,-0.0026957060853045,-0.149435928340503,-0.0020862889982745,-0.218402325693581,-0.171176615406427,-0.115968229292869,0.440272666496574,-0.129592766235889,-0.245729929673369
0.331765878408223,0.555376519726022,0.47782675458497,0.386245802544592,0.346036958482282,0.38332670909963,0.578672903238264,0.622401345537691,0.24871484810814,1,0.32756721461737,0.577589894266369,0.686207945623938,-0.135650211944626,0.0241538742156088,-0.0211333337561008,-0.199287825001896,0.138411589896861,-0.112116686103966,0.23929419281413,-0.0365188377879117,0.237034135082896,0.449128423231298,0.0292840914453075,0.195212468221873,0.0663696374889778,-0.492643391622797,-0.10849231433302,-0.0465472837278782,0.277246306016244,0.0437118608259411,0.069150730445768,0.57925607890838,0.103539239111663,-0.0678777140828789,-0.269638462274748,0.147553091413098,0.0824140239167653,-0.0643974349146212,-0.239962922488556,-0.21402514256511,-0.182654093103636,-0.204813741507106,-0.188125743509438,-0.273279047253813,-0.11216964887444,-0.155367374828216,0.0041138664536401,-0.234174219379091,-0.157100779821902,-0.0625772370312859,-0.320838491314951,-0.192173152374484,-0.220293920785722,-0.362888399403954,-0.395613798822808,0.0098593219345641,0.363509043191072,0.139749049184846,-0.237313616038914,-0.163748321136071,-0.140858337948919,-0.165378676823585,0.0219217094417361,-0.135532161817256,0.0285521777340097,-0.166174301509005,-0.33559978001351,-0.101520527496848,-0.142339414187117,-0.167166593767379,-0.19757879229778,-0.117907813670113,-0.179119544537618,-0.165625834103115,-0.118060536983032,-0.145875318600481,0.158439060897208,-0.0246554769758643,-0.174406573426561,-0.0588508452015827,-0.214895994410107,-0.27489020056509,0.0134792878086878,0.550778231382961,0.38782614883712,0.80438427657878,0.331037074949904,0.269025230671884,0.223726065681841,0.162493845611688,0.79316844909806,0.329256506216635,0.528055486900202,-0.058485577395883,-0.09155558162347,-0.0713781249755467,0.132241206460553,-0.117781410974301,0.0334858183227785,-0.227648465590289,-0.148867959259163,0.159418463286744,-0.0081751710458112,-0.242882271278762,0.164328417888729,0.2834068608784,0.330464577027907,0.0824969462838033,0.287136858220531,0.103647267794752,0.110350477958037,0.51891307340369,0.0587440634100526,0.0849135414412575,0.290665446687439,0.153682363582526,0.34635391389885,0.130957114451115,0.0155210493852274,-0.166902747380163,-0.125161363733668,-0.0397661855983734,0.0425447278234888,0.109120330795979,-0.0955559074149087,-0.183516489101351,-0.153938390061838,-0.231425209059516,-0.239034025817333,-0.0385236384388468,-0.0941026731441425,-0.179540854658722,-0.275304411670637,-0.14767251452963,-0.252627331441415,-0.284821898475072,-0.0935848347735198,-0.115676998946425,-0.233775877394717,0.0251416240970535,-0.157525463232642,-0.144090479121368,0.332576653982885,0.152135160496694,-0.367133017566916,-0.360865629091378,-0.262136035320743,-0.125391243918302,-0.433055269577508,-0.260442579257776,-0.316402912091937,-0.280425557610893,-0.136193865523118,-0.153836542599821,0.0295398598418193,-0.2519611026814,-0.391367101484232,-0.238080846689749,-0.279982951632024,-0.0968983588209004,-0.19227013562683,0.0928885909409928,-0.0701890186556264,-0.140626936684335
0.821413739518867,0.509609913037315,-0.0154164911539041,0.795984035208269,0.789578490877547,0.379702522995361,0.145682186252976,0.397796394717069,0.537852530295274,0.32756721461737,1,0.779142082718025,0.587025943446891,0.0809460086481557,0.319183561888663,0.265535096938837,0.0744227831300524,0.378271239070371,-0.0536299073504744,0.198895612698024,0.132796068847419,0.264632325926692,0.470720362244726,0.287954729002892,0.391198009534515,0.100030394155981,-0.223251134161168,-0.132863564845732,0.285099153219767,0.316472559549803,0.152344251065385,0.267724637595644,0.529212795873961,0.281971029319629,0.14726616676628,0.008214595762896,0.345191835094088,0.425821079761506,0.108897640863323,0.0542085861044052,0.114514794174542,0.116996824626945,0.203074410792969,-0.379225537928832,0.0921410029655353,0.333872834112498,0.254746550413263,0.0890407547938603,-0.338427218128714,-0.312623150402888,0.031413518301448,-0.268242353271417,-0.390100404220905,-0.339383420175802,-0.189452996316319,-0.287785959205632,-0.201125572552219,0.714237148798541,0.0516306373928401,0.0773959524688484,-0.278075166861627,0.0100859991589225,-0.346734578783087,-0.0123242480314397,-0.0304987003199284,-0.0734523824788909,-0.47583057723611,-0.213594039703238,-0.205069643064061,-0.0606022063483643,-0.141025012277997,-0.260839068203417,-0.332195366212645,-0.135184118370177,-0.398706986986155,-0.441297430826256,-0.415864892943217,0.0820963817309366,-0.291566356818733,-0.187951309299843,0.0079400913772968,-0.180434540509591,-0.275669180951559,0.18455060793239,0.461534635505504,0.77472120891065,0.242386688220668,0.218860796806383,0.813521799458575,0.340693673048718,0.619267021710528,0.271845643824402,0.905593397436246,0.370081566948517,0.151070623217249,0.11893810542006,0.189828970004658,0.232054248236222,0.0363306194701347,0.0907115075250548,-0.12479029311752,0.277072767751979,-0.0441424664018392,0.0660081299433877,-0.0094524194982977,0.124355447092021,0.186038581152785,0.277089192347293,0.197805927348995,0.419762734736366,0.352196794051236,-0.0924041630689526,0.146615196411019,0.114445778061552,-0.0879060579775132,-0.0592294521310624,0.0577356253943626,0.108961922304529,0.200976798149345,-0.0550113587772431,-0.148462188317149,-0.0585770584165477,0.0742750439408036,0.245407286988085,0.157751247795506,0.0098440778419346,0.0063139747882861,0.221502767178075,-0.0161293025926757,0.0389330061684201,0.216473619899891,0.0996799676124584,-0.168916782006935,-0.249434762694633,-0.217158181956006,-0.10627766534593,-0.385960348574175,-0.115303499078093,-0.131102650400785,-0.180985497370509,-0.009539601057702,-0.208758391957522,-0.235152197452842,0.581107770455007,0.083053353167717,-0.221940644472674,-0.206742889251743,-0.205722981832475,-0.225267852049816,-0.433737972258607,-0.417735530182929,-0.230264618480475,-0.35778582242059,-0.0357233027473655,-0.101266277617656,0.110053014536685,-0.147921157138822,-0.337521254349151,0.0217740379923186,-0.31456644308567,-0.31375188902376,-0.4994530584195,0.162238331109414,-0.274299880353968,-0.241414758027437
0.676908584570817,0.643192894277901,-0.0171314593563094,0.865294286825829,0.723469732758237,0.650110849058397,0.216631009327269,0.720833116622849,0.687512702838516,0.577589894266369,0.779142082718025,1,0.808198284437383,0.12326872117116,0.214160042794698,0.226985108493326,0.0029690371741814,0.36662349353716,-0.130221175303144,0.0695145265358987,0.0364071146184227,0.193560706048226,0.404673884879847,0.134752343661973,0.346424995913518,-0.0837446737155385,-0.487828296655401,-0.354652033845771,0.187905237808685,0.223729953806863,-0.062277605606464,-0.0602601296726507,0.497728041627195,0.095059260888118,-0.121182920875986,-0.188843530425812,0.256044478053025,0.313940313882309,0.0348507807878192,0.0151237055746156,0.0631684367943112,0.119347419369959,0.134434767092196,-0.369901580721454,-0.0116677930564132,-0.0203457379680502,0.0754056329695469,0.0631646362155816,-0.213821613600021,-0.338699447964099,-0.136275589941457,-0.318345018592741,-0.189889022163946,-0.29769520077055,-0.249386567007242,-0.394020083573209,-0.0326878462365052,0.633072770450435,0.0296310583126846,-0.0831743259139223,-0.0479872475371497,-0.0383281765149667,-0.180610132193962,0.009186985493648,-0.322640470969652,0.0363735969762562,-0.369883077744501,-0.125986635370628,-0.217432862791466,0.0804428005171968,-0.0048023647484368,-0.262434765266762,-0.226429206003386,-0.118365701046129,-0.244769897137601,-0.362416115653168,-0.369816287648849,0.0942086039872136,-0.304952504244948,-0.305844856359287,-0.213194711647882,-0.282692487947782,-0.406580715925013,-0.0027323370047897,0.534253625190302,0.857183382052956,0.489039835666998,0.520074114223912,0.701508554739507,0.563783082844052,0.595984473487598,0.515456417816753,0.782684054212745,0.339679847186638,0.179877839538324,0.0136322489399528,0.182224351874843,0.282230124384155,-0.0302446336002058,0.159519153395964,-0.194187555734667,0.0224583338554128,-0.0360039347466081,-0.0174676134031495,-0.130894018181088,0.062374354031807,0.14119933441975,0.224252965426597,0.0745543934322471,0.415158017034957,0.259883218044733,-0.248967593856944,0.184738805390265,0.0804824495414267,-0.158157717936017,-0.0859528540272108,-0.109644567532635,-0.0020168861266507,0.020691519780061,-0.26038808499315,-0.264609754359855,-0.18028360440184,0.0071883339377526,0.270702895459685,-0.0388070367925662,0.0298158812868822,0.0666019879612898,0.151099309391029,0.0044212898155657,-0.0571798366313194,-0.0636674142506305,-0.0403847800205904,-0.286191343331774,-0.464979097828881,-0.405318030501491,-0.0905616951641577,-0.435641630098401,-0.227301464367157,-0.256536915275006,-0.330750829807151,-0.135984570258946,-0.401054301632401,-0.371286118424485,0.473818788186033,-0.0008607145983817,-0.312487553832803,-0.276534501839035,-0.194337614110112,-0.384649579477664,-0.603811117160644,-0.512679653518615,-0.24643025819387,-0.457783690633107,-0.161389518970666,-0.27925871385123,0.0135228959895226,-0.152998936330685,-0.383318582931688,-0.0779820825820034,-0.358806462264315,-0.419332029046656,-0.458033744845428,0.116668519392791,-0.363389732398753,-0.447697663935257
0.657538134311821,0.663720368354729,0.152005355349997,0.695495881301512,0.58857704397095,0.798587376213274,0.179897186446975,0.648102358190401,0.657030821488486,0.686207945623938,0.587025943446891,0.808198284437383,1,-0.121849390474353,0.0242890067579259,-0.012523596682297,-0.186293007385503,0.180824968876766,-0.0714034804164679,0.156474843038761,-0.165296265362455,0.152563724329578,0.262254873598894,0.0525761718022996,0.203040570191996,-0.0624347439025154,-0.46814698565424,-0.181976944212198,0.0760991941299659,0.196802894136421,0.0494398851647693,-0.0639421358966755,0.359815238182007,0.125491085902236,-0.0285282454489795,-0.232744181084363,0.237772232629736,0.0046096877599459,-0.241723260553716,-0.3979687783176,-0.296493838734107,-0.289357538506967,-0.10059100514002,-0.132547282154714,-0.287039787717204,-0.290027337708284,-0.0956633452934622,-0.193551307283888,-0.172391724006062,-0.219653953374762,-0.0272263814534671,-0.439297339650144,0.0398068438925015,-0.042607395274223,-0.381803504667501,-0.38438685032942,0.183099015801198,0.418622533839139,-0.144273147272943,-0.426969719283636,-0.013924813771237,-0.0232174030708276,-0.128197076146846,0.0055532488255152,-0.433071957843098,0.038416533686114,-0.157057224391195,-0.336980158125363,-0.260318393974828,-0.156604333111712,-0.0465597974939484,-0.450866707083548,-0.217178994045483,-0.358570093288911,-0.23666318854546,-0.0870372165394701,-0.0941445791537626,0.128114009618634,-0.182689660219056,-0.359525599905521,-0.305111684633602,-0.261614476163861,-0.379541605323094,0.0214861995275009,0.621066854055172,0.777352876071899,0.581782281864935,0.622466223545514,0.548138834167556,0.614482279102228,0.464465264503464,0.637085467057218,0.494840768236461,0.634652879138722,-0.0446932645661612,-0.22174743229669,-0.0896786737077982,0.0375743026157977,-0.306595416776039,0.0163662732313232,-0.194318516458533,-0.307622486882767,-0.0640228895953247,-0.195747678534466,-0.232769945449195,-0.0183371541501546,0.0832919215669191,0.0990151576253395,0.0476266652197956,0.195064914163991,0.192140782986961,-0.0532270372215707,0.149470917960287,-0.126288933074489,-0.008164086095235,0.035798329098055,0.106744266056288,0.306349845685764,-0.0147047669869113,0.0159295045129367,-0.318822821661965,-0.411706988213904,-0.200459268209601,-0.0017380638729691,0.0528656648094084,-0.308764272602439,-0.303066941806284,-0.204705510211653,-0.363079187713649,-0.358792365263536,-0.271700605768433,-0.250409548241188,-0.393762828777151,-0.318125899914878,-0.0917831151423996,-0.229850578067793,-0.211613716402244,0.0601479820266826,-0.231023382164584,-0.342694365072059,-0.127218325116002,-0.109579435601043,-0.118469059917729,0.274703032865017,-0.0863615553895135,-0.487400518246938,-0.430870710882169,-0.312961063811584,-0.145297913940393,-0.632557707649482,-0.24532856248668,-0.347354042830257,-0.335479930494567,-0.235586101689381,-0.402103585205283,-0.0949972476411838,-0.290909226584168,-0.457017653894397,-0.339161536091478,-0.3639286202828,-0.0451827709950496,-0.151822279094647,0.170587013314298,-0.110086603896321,-0.298523501372604
