1,0.667056777025872,0.26993853626301,0.567066556866971,0.513559995045081,0.215699428153099,-0.0264276815592771,0.291272292801337,0.513502890982514,0.742742157877686,0.5060897698446,0.709831620126759,0.793567680966405,0.212116033245125,0.219613522682056,0.106106136595399,0.0122541909784475,0.187033677298049,-0.0754600736695636,0.295893288735117,-0.0056437074283098,0.169790054224458,-0.12779642641702,-0.324076851741779,0.0910016042518116,0.41860543029353,-0.469484102785138,0.1579688036747,-0.135938651648067,-0.0927628518574798,0.397979978924206,0.0052401310400136,0.0209530007589939,-0.38955945105382,-0.453339352091575,-0.137439101008893,0.0700703548217916,0.0899269759294856,-0.251933945815474,0.098141904536321,-0.119456882663142,-0.0626747971174555,-0.228944504850738,-0.324453940332951,-0.278883516765613,0.187811763416311,-0.227992086594741,-0.100264433735525,-0.657703454850724,-0.210030777444511,-0.34781360990105,-0.369515695102283,-0.313763106863453,-0.333640744709953,-0.296960044168613,-0.084306945664986,0.131402140702039,0.168493740100772,-0.278243376897009,0.234136897493889,-0.417925591971884,-0.25834868302627,-0.512843992260208,-0.391052193863948,-0.429645626182114,-0.462922909107732,-0.516990610118029,-0.293101320442102,-0.0744634703598047,-0.319936018691098,-0.274073110728558,-0.178900952047843,-0.203399344803658,-0.251093001161677,-0.469876828528998,-0.596842122329729,-0.454492022122204,0.510761277191445,-0.153289422953543,-0.569899514776571,-0.384701559887607,0.753765092734659,0.58811687588656,0.926996653548478,0.688186642937912,0.65955073712187,0.406001468983951,0.146517020166952,0.647938371166892,0.545092462165872,0.647140614029774,0.501370583852307,0.690684987471005,0.664734197170907,-0.0141730769945572,0.0085631378868522,0.105295485144999,0.0569609560729678,-0.174965341552929,0.128712996099785,-0.150673535998409,-0.0672046546691594,0.130969138860315,0.497477680231937,-0.171485388216483,0.271412314698509,-0.156935335002372,-0.0022695176276777,-0.176247012654022,0.24063864735941,0.0341187680550741,0.529493173963278,0.244160160718894,-0.074501862889195,0.0083292225422127,-0.134858830818402,0.258381050643015,0.456499722494206,0.174366353985638,-0.166487285645733,-0.023286371413791,-0.361734988075329,-0.093200444834763,-0.147671748666888,0.515535641169275,0.172974409404298,0.0698508101535704,-0.0463924135330956,-0.0313797943688542,-0.0730331174140659,0.290500061469273,-0.156602495605077,-0.350727553293309,-0.576814610649523,-0.0393468704206897,-0.254313962031903,0.102139278167923,-0.266170724882228,-0.120657327236308,0.487155108241306,-0.0252465994620884,0.0843290304741324,-0.0028044742183523,0.330795149675612,-0.323823568178802,-0.0593156504630164,-0.526589605151484,-0.421850429623616,0.27121141072948,-0.284355999925565,-0.515983024037638,-0.358051273694644,-0.527430459946433,-0.090714327879763,-0.431069510739134,-0.384743200619504,-0.20452403576857,-0.300974419398866,-0.0696434313828119,-0.269730440359355,-0.245277510875245,-0.432043536480936,0.502349492302564,-0.24035570352336,0.0773477480927402
0.667056777025872,1,0.199161171496111,0.454247268682422,0.177808457851517,0.703207948600104,-0.15265038928968,0.740694934294595,0.653529076359883,0.574169864195037,0.3490989951843,0.717218584260949,0.636033307178021,0.229175302685385,0.177696091885258,0.124170196291577,0.108710952199766,-0.0292283446378922,-0.163591088322004,0.102814573456657,0.234747424710933,0.180613099191915,-0.238049311215495,-0.15305297153071,-0.159451528979376,0.341576678625234,-0.222031295355329,-0.100036116732037,0.0260685044042724,-0.0413125277329169,0.141373619163519,-0.240926771344256,-0.154411680228672,-0.480985575514507,-0.379267328561018,0.0285435912571806,0.0170169228454079,0.151126954540041,0.0010685461716288,0.296245445788777,-0.034213850876616,0.113013217258039,-0.0956297444615779,-0.249489008204223,-0.0647722899223004,-0.0123759205830487,-0.0456096814413627,0.133357945590499,-0.466597988636045,-0.354160643150797,-0.278901424441066,-0.124484881071884,-0.149713755907757,-0.325394438642457,-0.0746540844849679,-0.188288767570203,-0.0377440218159504,-0.049359121329416,-0.275019721327313,0.223566100821664,-0.378131864984596,-0.389194224540266,-0.377998562107661,-0.348853050650249,-0.526490707302788,-0.44948469746846,-0.429923437131983,-0.245037514981301,-0.0807381028854689,-0.18718538693067,-0.0057546173020852,-0.155863819989311,-0.142590726178956,-0.271084729973531,-0.19727825071593,-0.459584969388496,-0.313311855353023,0.269172555112002,-0.31606441088766,-0.339097598338068,-0.461412651102247,0.365458407555855,0.484393665322728,0.559471753126145,0.937983435514281,0.474252893207622,0.570952851040329,0.622778165927134,0.409147383514243,0.815559897843171,0.524013618793963,0.763895228585254,0.575525109465745,0.34073109203537,0.0481017614195311,0.0287707653058445,0.115936415181612,0.0163187718343128,-0.0087794120832445,-0.0632330367682616,-0.205275575074026,-0.148078839357922,0.0369782424280299,0.155234361268815,0.0531873435841023,0.0365196623706012,-0.218049743338995,-0.196711738355329,-0.219779073756565,-0.154628939392915,-0.195550062587462,0.395260777042119,0.0847597908725088,0.219935100518537,-0.0765182520868983,-0.0652214743902623,-0.0620954500241611,0.0260186191740777,-0.0747593648039505,-0.268030270276985,0.09350222518169,-0.55125877123588,-0.252736657681792,0.0213138941167349,0.232283740115395,0.2229059746743,0.158550057134863,-0.0330156113237724,0.147318666769299,0.0090197736160448,-0.0474457263255973,-0.0958970619417111,-0.17971752633659,-0.478865012469084,-0.259024832796472,-0.232205320608568,0.0670854934239288,-0.44276322371539,-0.0786685336586596,0.170279311599249,-0.0903800164500283,-0.242940383179517,-0.137345742502158,-0.0145097763005661,-0.375219793468917,0.13693795482348,-0.42166261038341,-0.29691162860554,-0.10499384846668,-0.4109830842873,-0.458556790334798,-0.478302214242361,-0.414654031031574,-0.359970443496007,-0.427251048933979,-0.369472612912017,-0.0688617511485045,-0.238581145658026,-0.0173129624116092,-0.322635385528869,-0.320886945360811,-0.428646568434418,0.16254438390871,-0.463573016150886,-0.279452363851731
0.26993853626301,0.199161171496111,1,-0.182777112085822,-0.0524295260400883,0.135261720571968,0.332868907553335,0.245884992314123,-0.210597564733465,0.698901025217446,-0.251722235092989,0.0117841271337227,0.136396102753744,-0.144474349306897,-0.162546304337561,-0.133987276156838,-0.100343193486614,-0.0827887956437634,0.420034398198225,0.381562554437226,0.0274725256757178,0.0385765580639109,0.248146750952698,0.229519100833336,0.104995333039685,0.711445276558899,-0.123089550092487,0.55407430756973,0.562272265468408,0.547611676732589,0.819300148817151,0.0048176728600041,0.297069541726634,-0.0061340541712543,-0.114315874155,0.295187087840305,-0.053007791925864,0.170812060234366,0.161262374124589,-0.0503054416801996,-0.202731992769648,-0.0539232280731542,-0.0471622330077762,-0.49190102457223,-0.26520923746529,-0.231802522891904,-0.133909936977459,-0.0809721964775574,-0.524570666383082,-0.0546528306778533,0.580150898924233,-0.0967422168048831,-0.256834975248179,-0.58108961099304,-0.0538464558215185,-0.106941297706091,0.0369808152721495,-0.319111270191807,-0.207511186557588,0.0441424494596286,-0.199109027533089,-0.470043505757503,-0.50385058999947,-0.325725572613445,-0.255508799847021,-0.52775259562787,-0.440965322551363,-0.366728518360558,-0.262514101527948,-0.347142780126883,-0.249011646918233,-0.328041762847115,-0.340302349448508,-0.400794879279371,-0.396104475722272,-0.263963605791167,-0.428902953597124,-0.0025063972443953,-0.258398912549596,-0.274937018202228,-0.405288806157442,0.346664423827196,0.479626876636747,0.262684811000185,0.170449998184594,0.143264250763357,0.605863124561267,0.0052491599070744,0.0346329806732712,0.0868499579072986,0.105798238325353,0.482552943231189,-0.0531257796689779,0.652613261300358,-0.348454492057579,-0.348839771516661,-0.112268000989563,-0.253250442624564,0.0788494184485159,-0.0700241559241437,0.270730145662478,-0.171945480845182,0.121241615666802,0.115686513498002,-0.126559649413633,0.225405684156628,0.41629942609679,0.273894055734581,0.187731116473082,0.18531893263389,0.150184779212003,0.761993091149335,0.597160212903595,0.212788242885111,0.520861743063285,0.610628123972556,0.606174649938383,0.683901020147288,0.357652921770661,0.171485654930325,0.0906877665573221,-0.447164643799432,-0.377770493321017,-0.001756442513819,0.415921574020774,-0.0592345848573002,-0.155041081124396,-0.220604151676785,-0.187078824861324,-0.25364048726048,-0.101223372126945,-0.346789345780239,-0.0398573572441684,-0.139691903130928,0.074234495432621,-0.277524858578673,0.20620294492412,-0.320770847047855,0.0510173705839865,0.1940030411284,-0.410630906012352,-0.0042163923209765,0.140802451780014,-0.108496333440869,-0.198942950995667,0.0468795312445687,-0.438539109798049,-0.354285302954548,0.212119927585986,-0.349857271773084,-0.291571006647185,-0.286995886796697,-0.102176250302365,-0.430675404137839,-0.484109899776176,-0.526154667961834,-0.302872717872852,-0.302695197386279,-0.305132815176734,-0.329761390578142,-0.261424874947888,-0.244680697497047,0.129208193914826,-0.172178490479576,-0.145928698181722
0.567066556866971,0.454247268682422,-0.182777112085822,1,0.610591910459236,0.0769188036291985,-0.192799032572334,0.0863849417929709,0.783346711200314,0.129521313206024,0.741997680674175,0.79390983689668,0.648002248276011,0.0899666215606286,0.178371677215923,0.138361102443225,0.121174019006151,0.270876142627898,-0.196174349206637,0.154124215043101,0.151250495050795,0.0988713658393457,-0.026915552883676,-0.0919239065535846,-0.133843626284097,0.0421718811821352,-0.223638643248009,0.0845422296445743,-0.197310449358149,-0.239214904274003,0.0802724054656498,0.222622585729045,0.0849496585924714,-0.197547493957094,-0.180794222809876,-0.116607392258751,0.0919371450581542,0.0751350068441405,-0.208588642405462,0.214314283667009,0.163862656466299,0.188940799802599,-0.112522455573573,-0.0556850579391528,0.129474030301035,0.412479834092995,-0.193644461908341,-0.180460835507837,-0.335713527988788,-0.0141597482503294,-0.368113006997255,-0.232214012520346,-0.41214358511714,-0.23373144268304,-0.128745932310935,0.14219242920622,0.145760030320323,0.611320030680142,0.237429100979675,0.337334453467818,-0.525383572026984,-0.187773311436936,-0.419705204843797,-0.276817326258105,-0.291585412394701,-0.298540977273198,-0.35631541530847,-0.148590089682585,0.0062750401504849,-0.29944070299971,-0.299413584872603,-0.0996273405689309,-0.296368401900686,-0.12906953464403,-0.45310560260523,-0.509447699868729,-0.319250238968874,0.405450452451196,-0.0708894760518428,-0.216557324340057,-0.0625293506507223,0.3844272041805,0.152432948738381,0.506986166741408,0.505434632332108,0.745714690312354,0.0792710868588739,0.0678262374238623,0.784661829652887,0.606651695218389,0.808119473708191,0.0629567866511233,0.853211298824249,0.197790742235982,0.0546262924087184,0.129685130159111,0.20856334930708,0.0880417192880615,-0.0122839819714212,0.250660622942162,-0.22454714560476,-0.112637885506468,0.0501048394355255,0.489324787507609,0.201736243018992,-0.127670304608926,-0.178279726148164,-0.0097578101237733,0.049255394131577,0.252024629814601,-0.184176774385065,0.0253639266647545,-0.103339921802637,-0.176898547085425,-0.108717981987036,-0.45727476677433,0.083389942235443,0.145944665116742,0.28542418276632,-0.0548492980826388,0.0597662739000019,-0.0430538408435667,0.199463895955428,0.0014861987356692,0.316103958388387,0.0541715637654031,0.0171946172698251,0.260053380061471,0.194262157572037,0.37461708173028,0.463302141378609,0.0154208524631268,-0.27753865433399,-0.294972268525151,0.117251715242379,-0.0651926830554063,-0.0991852236436363,-0.106262242555543,-0.21486212517932,0.394065582385424,0.250581256288222,0.115947130729471,-0.14615659160507,0.66061915981609,0.0877282703711754,0.113447071324261,-0.222793393690652,-0.523227963693615,0.189351693673321,-0.163371468359843,-0.449745759459841,-0.42732189501139,-0.594646253776871,-0.0098605057826302,-0.425969950053367,-0.195234727498544,-0.172880938381732,-0.279786974794313,0.253526560500696,-0.328758553054253,-0.149333298081682,-0.368077094390017,0.397952249755226,-0.0109209045237439,0.409507933509158
0.513559995045081,0.177808457851517,-0.0524295260400883,0.610591910459236,1,0.0506588447579083,-0.0444514013196896,-0.148451787599562,0.537469521432706,0.161806879883783,0.566757944564768,0.499903881881215,0.419158735553123,0.105614946483129,0.233878857921721,0.0274000081849057,-0.1171803025441,0.310026869745299,0.0511910405659555,0.0544804949197017,-0.0799564119738474,0.0600524541679842,-0.0498150495192186,-0.175256745355127,-0.0509603416623441,0.0717627711721165,-0.454931774932737,0.0520273137114057,-0.0420152815055549,-0.0005097823178366,0.0735562720390991,0.209033937863811,0.0697648333297989,-0.275177059905517,-0.111701981456508,-0.31969485129131,-0.0231196451908419,0.0117305196291868,-0.333523583935414,-0.0491588673068206,-0.0898790592456035,-0.111810460927169,-0.359789075338699,-0.196437530963891,-0.131017378353745,0.40569240114535,-0.332854024704965,-0.206683422477803,-0.470229026456689,0.0114980031736534,-0.201887112634745,-0.293061748226761,-0.305894968414749,-0.129750994727502,-0.199827624709833,0.0798598771275609,0.0197637222047301,0.575256908731924,0.171163913242794,0.195934346277351,-0.326042707560754,-0.135859525976916,-0.489657329592482,-0.390257262689185,-0.150080340232526,-0.33493669682567,-0.146406899567788,-0.240025228132072,0.324929366443545,-0.499896451988107,-0.600190838181717,0.208612749967841,-0.234225246450159,0.0433770423174751,-0.401155874079681,-0.371784041862002,-0.183021074596424,0.764808455314122,0.244991196639999,-0.220574950841785,0.07718715216885,0.648521425058996,0.130941553829901,0.555662140452743,0.245815277355598,0.521864134975866,-0.0392486338466507,0.0659922790184687,0.825075053306948,0.25742315048072,0.562031692824738,-0.136102957898497,0.635240531005355,0.163023101121908,0.0458962142770048,0.0388297101258776,0.101340477744865,0.136492792657075,-0.204086842921572,0.257853819227502,0.0439734186321194,-0.149017883671038,0.315831390475729,0.330475360252555,-0.133396185955795,0.107847280234125,-0.0010159341928643,0.227513140140213,-0.126677808105265,0.260131543540808,-0.143414479790195,0.111861123129505,0.0676093577251817,-0.0437480468629481,-0.0175458080892494,-0.116695325092046,0.261398693130074,0.172801067374048,0.138454952367749,-0.0014508982245964,-0.10420198517667,-0.0248385073165977,0.0427347375737008,-0.185287236958019,0.214429120458656,-0.101481907515418,-0.11094996980967,0.104638394869094,-0.112571193515123,0.0902105229227272,0.29417830229551,-0.214817185145965,-0.382680720513096,-0.190408328718108,0.222800566863394,-0.0393809397582017,0.0229012522276689,0.244741930232515,-0.105996044568862,0.438477208366443,-0.0641120245038697,0.329552815115951,0.150627756848093,0.625755845188451,0.115862979239472,-0.0113551484807522,-0.0230892657988725,-0.315127456381095,0.419466084565767,0.0769947072710738,-0.105508432751657,-0.216819575551963,-0.29526968314015,0.0347615970409369,-0.350612209741127,-0.2789930153389,-0.294471828856917,0.0481620560440933,0.129601905443736,-0.0510726967501974,0.179082961010953,-0.131879300877017,0.70033458011132,0.297893947286102,0.448586582644063
0.215699428153099,0.703207948600104,0.135261720571968,0.0769188036291985,0.0506588447579083,1,-0.263623111033526,0.803352828234831,0.447275449610734,0.215556918543811,0.0382872277083264,0.449782000130858,0.144853567470852,0.284946856496236,0.245784033314673,0.0619290237289187,0.0722375752058542,-0.20077340613831,-0.0621072675544772,-0.155385036036724,0.109609976994462,-0.0039228735274574,-0.278331457431283,-0.0970164683150024,-0.32191672487629,0.102215984176925,-0.203553759231516,-0.304590385510044,0.210119484566265,0.0774375338891393,-0.167003376559151,-0.37895996344415,-0.385459118209475,-0.414887763254831,-0.191381332110228,0.0797958885811186,0.016452150933377,0.199843744548589,0.214003533025169,0.325753903001969,0.107798315414125,0.128498194991197,0.0919997949206146,-0.174690495540517,0.0262295651933801,-0.304762338505902,-0.117725617543797,0.358424324712367,-0.276770771244405,-0.428682792653324,-0.0116284890888941,-0.0881895171131404,-0.0852647194060216,-0.256072892104115,0.154184422084929,-0.157572093373616,-0.287362412722253,-0.174232928170019,-0.162392763517542,0.132840444605661,-0.132859430064057,-0.329264268040073,-0.177398727406318,-0.195612324477497,-0.389573077860509,-0.326931785081163,-0.270162485660621,-0.0453787393970238,-0.146925548861259,-0.073901655362532,0.102537736900071,-0.0988300509062859,-0.100474528836344,-0.086785496868013,-0.0111094650827531,-0.0615767845690012,-0.180412041541882,0.117499605813938,-0.260806537131862,-0.255103861658985,-0.325968891216289,0.115865195925019,0.147264440178566,0.131081790357118,0.596080441923719,0.0888291069118119,0.304670211519237,0.899877611624849,0.114111485865024,0.643308760522623,0.183098991159598,0.614079201489124,0.229533048899813,-0.0756507300287001,0.178651389001888,0.130453947275535,0.0483363214746449,0.0290124309658074,0.0950775253212325,-0.040356938728573,-0.0612405352929289,-0.186534870826401,0.0411046653728589,-0.240265061809904,-0.0582011849208259,-0.0287190245407088,-0.0872892688370774,-0.280590803103914,-0.263240789925752,-0.501565467746995,-0.322065402994436,0.211853202914524,-0.0479984769737403,0.315107059796248,-0.0080423253626743,0.164498370111988,-0.138326959640612,-0.292576424885425,-0.172015798550554,-0.203058481278672,0.278826469601011,-0.351152628587202,-0.217822249058577,0.107273007496441,-0.0942066797798667,0.234963400509247,0.136049186122588,0.0510896099502747,0.0998924843791764,-0.0426471847182125,-0.346842624153384,-0.0925620871069479,0.126986358075622,-0.11935135572741,-0.32205640473162,0.0717328696745673,-0.0021291811403435,-0.340294960191041,0.141540159815446,0.0021139494945394,-0.155712324773895,-0.1702509403609,0.0290817916103189,-0.19901340530136,-0.249925841013089,0.219759121252513,-0.0723832363710796,0.0248432745463878,-0.309650406473483,-0.253017959270045,-0.122899012493251,-0.225781389934355,-0.117397119007918,-0.233802658270071,-0.149903972738286,-0.149732365577433,0.200264442013919,-0.0960747184286474,-0.0641819065444505,-0.220411020249009,-0.2376473181819,-0.21382763837718,-0.0190719829847729,-0.399381700466843,-0.424288396221626
-0.0264276815592771,-0.15265038928968,0.332868907553335,-0.192799032572334,-0.0444514013196896,-0.263623111033526,1,-0.224833687601498,-0.41337627717118,0.278744812107456,-0.220572077976443,-0.159585068626528,0.191102766900226,-0.242897656335134,-0.238870937145706,-0.228126698942464,-0.352908082209376,-0.0256706953317271,0.0973949459276632,-0.075492575094783,0.0178994337971473,0.0304897949920358,0.351176108210275,0.373225144770251,0.148241944862562,0.325926992616068,0.312113860622934,0.140961663881762,0.209500725142894,0.328233380571663,0.398279973423281,0.520175810268024,0.481254811346295,0.306418388112747,0.309298901078191,0.141816710770139,0.130568584844719,-0.0646838688726692,0.0407733842351892,-0.379870631403002,-0.438041900074924,-0.339622868602606,-0.309898162865934,-0.413990690468128,-0.458293569162669,0.230830724774157,-0.193392598244399,-0.382748656761188,0.162660743528171,0.10710354434248,0.21318788078255,0.0892425616061654,0.200049656377868,0.0126047791012844,-0.225134028045901,-0.18080141549575,0.0037088862427867,-0.0297115846691911,-0.250520787170466,-0.515207029523899,0.0838198628149973,0.238401908184613,-0.0178010149717948,0.13753741229447,0.47071493526892,0.265699421207161,0.234376067773473,-0.278490217492723,0.177185746284014,-0.0972406337722891,-0.161505350124755,0.05220977272203,-0.112920099288229,-0.448072498397533,0.0348845215699615,-0.189939912407185,0.238542309714125,0.063995977296818,0.28110556091409,0.151385342998881,0.191673451967233,0.115902230331837,0.0766452861192207,0.0585452537188677,-0.106488485431359,-0.144801777406378,0.236412502002654,-0.209393088019849,-0.174167905665671,-0.434287919369896,-0.335589793598284,-0.0050085333097799,-0.241041013728268,0.292998638399327,-0.285119117197906,-0.150218814379729,-0.189239247473339,-0.100087783148448,-0.263193846537529,-0.15665517515251,0.136357978304912,0.0694182990968236,0.0967851579041566,-0.126714087193269,-0.0045103045943063,0.0517324784755993,0.478581565890946,0.414593317638265,0.39238468618421,0.279818788508447,0.0943274307489646,0.0231460423205779,0.689378555695633,-0.0326500527516603,0.0835081541852277,0.319858345130139,0.17746906555991,0.283101098715953,0.212386420617394,0.403456401699923,-0.236055776319035,0.123284715111523,0.007703103561635,0.0655869633340423,-0.116512520038632,-0.349256364007602,-0.256437987355394,-0.378976762652464,-0.348165220488242,-0.408801898677563,0.0696484862871179,-0.330850092124501,-0.0407368692428161,0.0316430366788965,0.0653628007163086,-0.296690404475752,-0.124847385948702,0.0260494153974913,-0.273776421945171,-0.231295933225631,-0.489927944187345,-0.0994116273981619,0.0372066137234881,-0.120772949532483,-0.0803524133578945,-0.304219934045925,-0.296143617685037,-0.113800700588713,0.461229418856576,0.284554645303052,0.129791829598625,0.0376857899859635,0.351939841405151,0.0295108765971904,-0.0096507526174774,-0.263967294715944,-0.47007926703987,0.166838666685062,-0.27713407921407,0.102515487438113,0.341395675415644,0.265444600277671,0.218941890051115,0.252873570927574,0.129604916827146
0.291272292801337,0.740694934294595,0.245884992314123,0.0863849417929709,-0.148451787599562,0.803352828234831,-0.224833687601498,1,0.365331410960224,0.334745489082639,-0.0516037076368696,0.502498941711253,0.289552982467625,0.0229533997643728,-0.0002603306857987,-0.0952649418617366,-0.0460189328164719,-0.292300393299678,-0.0744478001995781,-0.184968692173227,0.0966320178136277,0.0867694956833146,-0.240299709668684,-0.127411120396811,-0.308416914775972,0.253486825001314,0.0203658509963388,-0.0690352304373353,0.167432471205883,0.0531170038096779,0.0730409928573053,-0.22685469334035,-0.285375499419259,-0.336728420121621,-0.140778543326412,0.147686795340465,-0.111891738655319,0.0840329642687857,0.105061147919471,0.149607144920673,-0.0430820786209953,-0.0127085802330647,-0.0454881321698015,-0.281989889305876,-0.154074335869339,-0.316560644826735,-0.253634809689654,0.138406940588144,-0.265442334096106,-0.244063923259186,-0.0281448244459894,0.0312975559340954,-0.082909772389192,-0.414690324009026,0.0007870109940218,-0.136228696031191,-0.109774133457633,-0.213058007496701,-0.28690345639997,0.0711084087932656,-0.166175962025855,-0.310974493607935,-0.279647874629656,-0.322050494290509,-0.334008497326916,-0.299668017105635,-0.316010856974478,-0.0985891385412363,-0.210428410046627,-0.004793053346625,0.152569473992338,-0.205453718356989,-0.068887274260803,-0.306984737238951,-0.0030054681629533,-0.187979167257689,-0.157133585714794,0.0293633886486575,-0.217838819170872,-0.185142432573543,-0.314307177431444,0.16423916768774,0.254403754073481,0.20974546857629,0.64516415907408,0.115254786725498,0.381497511670108,0.684265086871145,0.0545003983018947,0.606654005340426,0.191391736113678,0.822234943205341,0.203972520650755,0.194667322357944,-0.0825787475026653,-0.0582204463028524,-0.142265688130944,-0.223150162019854,-0.0068340777094049,-0.205092402972648,-0.103636749399387,-0.326297697647883,-0.105939896818932,-0.151889823386111,-0.128449109826731,-0.12319703840583,-0.204002716321205,-0.335245764070888,-0.191951229188581,-0.283886992825072,-0.343377597493659,0.273384332027725,0.0662226799679613,0.270929994050673,0.017914140945715,0.120881471428904,-0.035761076523601,-0.0196143996304603,-0.0799492013350176,-0.0561597254792731,0.151338281440346,-0.354026179686279,-0.270491977764782,-0.0096250537111056,0.0546758878233502,0.0702140197692482,0.0264178757378194,-0.146643429035335,-0.0478033380408387,-0.198073096257319,-0.362908510593591,-0.149914604881133,0.0595510354028149,-0.213727416787558,-0.158041381519558,-0.16354705248928,0.102035135111429,-0.387969757296555,0.008288370033195,0.0213404580078393,-0.153062795820437,-0.238210126673654,0.0156524499029367,-0.185325540738446,-0.25557364071573,0.0845580318239982,-0.368251055870981,-0.0354500648662423,-0.129263607496972,-0.191990824885592,-0.187709509266071,-0.276801618028073,-0.0924657280637879,-0.226014110787545,-0.197951390984535,-0.284906205727945,0.0994819915650613,-0.166315503257672,-0.299991134373986,-0.179448054780096,-0.205683133272551,-0.109415925846185,-0.0153472344377201,-0.352035039056987,-0.346607728107563
0.513502890982514,0.653529076359883,-0.210597564733465,0.783346711200314,0.537469521432706,0.447275449610734,-0.41337627717118,0.365331410960224,1,0.106786509963898,0.809843735878071,0.7799050128286,0.466436752281696,0.265010712978506,0.325431995332506,0.214058607999865,0.249507276263651,0.170162477127182,-0.213912173507684,0.108936219483793,0.234626335327433,0.0629219832459717,-0.119225449358189,-0.103237324961938,-0.239952964889031,-3.74043256539547e-05,-0.261894292171304,-0.213892648641994,-0.119613295616135,-0.194697435489239,-0.0757163827359163,-0.180402312121084,-0.162764267733078,-0.288685351543917,-0.247869892763472,0.0210082849656901,0.0714107293172029,0.191428645812497,-0.0162014782791092,0.381324525648158,0.282125917684968,0.29612648771631,0.0395738490500848,0.0119808923098433,0.303380297329129,0.225294871929931,0.0084691114547462,0.107759349851309,-0.33881611504939,-0.21932097106449,-0.314538099595638,-0.0330473318566929,-0.204508072902293,-0.247417133039813,0.166109806045143,0.175937116850582,0.0935017032933043,0.307884176269594,0.0165766623514605,0.390612558221879,-0.440428895074139,-0.289881730201392,-0.393688858536119,-0.372091571941653,-0.492987532050946,-0.423092487352188,-0.374084453417664,-0.0949788030456854,-0.0354006517322861,-0.19273949860079,-0.101726100899329,-0.0570039453993634,-0.20184459940211,-0.0572106406709282,-0.177938764099171,-0.298746290700572,-0.274788522882928,0.325105983279678,-0.245192966800822,-0.297454274482855,-0.271425119518603,0.297656957097911,0.182278093553183,0.436842839405704,0.687823989933927,0.620823533715782,0.174491527642224,0.414989667458491,0.692936811173982,0.814763310853063,0.786589587312831,0.271762503317775,0.868167385951327,0.0132432637924076,0.27492288331712,0.217605657806343,0.272275859820267,0.192263271791961,0.106483034642649,0.259142245411839,-0.208364476287205,-0.0937625067126286,0.0131296446062967,0.358491550515641,0.276902729683336,-0.129627347800747,-0.19425409893351,-0.0996824622551002,-0.0879516323355425,-0.0608938018077769,-0.24901619366264,0.0215018367658514,-0.232759302725091,0.0447428967609243,-0.185866611861911,-0.333384194749522,-0.117569259012776,-0.151664215843126,0.089033543796083,-0.277876136156739,0.180976618364586,-0.254901060187172,0.037268741400741,0.105563998584827,0.178726210248935,0.183339229645782,0.180011139889225,0.301842967591989,0.317086266724215,0.417504929459606,0.263154816251432,0.178375037220245,-0.203889801910382,-0.377956699313444,-0.194414770831348,-0.0461996831435546,-0.0159644088169577,-0.116911087198058,-0.0695045923606226,0.33650335719958,0.232733798101969,-0.0308968127460393,-0.141962217018887,0.33890894913842,-0.169430745926025,0.232046766460025,-0.15116119944691,-0.326820020907516,-0.156341068815146,-0.277053204892449,-0.403559106188762,-0.45188134656959,-0.51407185827884,-0.130942124199008,-0.403414614105009,-0.185383922630921,0.0110625119631526,-0.277474005169201,0.116543002395817,-0.298111570645713,-0.218405351590794,-0.440422454700855,0.191672562449047,-0.246790357263801,0.01105868461369
0.742742157877686,0.574169864195037,0.698901025217446,0.129521313206024,0.161806879883783,0.215556918543811,0.278744812107456,0.334745489082639,0.106786509963898,1,0.0796944416036047,0.367460119327343,0.621591339294235,0.112047752366741,0.044887659378478,-0.0130797635875209,-0.0826193972010486,-0.0002086430702689,0.0930237638884777,0.384362092468554,-0.0100841068538201,0.111105922115577,-0.0412766647946808,-0.160614530875369,0.179873364098718,0.649696518586998,-0.333799179468038,0.3423003668685,0.088638553154896,0.183149164621552,0.658001822301048,-0.0974397850520578,0.118994694142035,-0.283925165805661,-0.475040758048914,0.0673777319548141,0.0249428618298478,0.0817206908638215,-0.135504053474941,0.008342677087516,-0.241223745820524,-0.111009625821975,-0.173755358042757,-0.480552541271911,-0.404629356696554,-0.0965070851319749,-0.117757666477121,-0.102582520382512,-0.665184549765934,-0.176426901298866,0.0106743842343437,-0.226208535382557,-0.146213686670753,-0.419278190423266,-0.24805513962194,-0.174158171487442,0.105531318836666,-0.183615763169415,-0.396043459136349,0.0915180423241442,-0.263155882463719,-0.325835768548475,-0.47498045071962,-0.334705563908649,-0.352989792857083,-0.500572653476897,-0.459792241225167,-0.344271004880558,-0.142678194680522,-0.28791941235739,-0.203450714787515,-0.21984505360102,-0.19537319771749,-0.38662797549519,-0.375362041682466,-0.478813864384855,-0.443883613255405,0.278252456099211,-0.197846439277861,-0.467706271052665,-0.491014167223499,0.580068338783712,0.698057155152871,0.669963387666563,0.571419466327722,0.422315441898205,0.727573467840889,0.0916595758748296,0.31871994821224,0.350451149565394,0.363546877709972,0.697168402329979,0.31161693414926,0.834768704448418,-0.14409790809468,-0.172063860626375,0.0016555010227662,-0.0688295211654193,-0.159467708520921,-0.0817568000683207,-0.0542083997237724,-0.0567945996758193,0.0708532582271059,0.330082584149851,-0.178802381512993,0.340586238939968,0.0168612649742368,0.106083944235726,-0.127182157627429,0.239130323077661,0.166600663277895,0.762767002774815,0.52212654980662,0.0527555886507603,0.251055527123927,0.208644408126318,0.394871429277261,0.619377151324203,0.155897326308544,-0.150131670479784,-0.0197516439132834,-0.54160671449401,-0.298623389506595,-0.136005365739598,0.524538000227575,0.121743098026972,0.0126777486693303,-0.170402011798152,-0.103502673927156,-0.293084447669999,0.0393512263031702,-0.300365987043612,-0.24758750521348,-0.445524891685158,-0.067140247614787,-0.310401234428202,0.265096562312638,-0.355062844606006,0.0080215051182117,0.322054932067646,-0.289901009770926,-0.0190932950515134,0.0463810176760843,-0.0055283039380324,-0.398125009174691,-0.0977704087004092,-0.588605785297369,-0.369003913611398,0.218424012200992,-0.356285962793523,-0.432559333606482,-0.32219310099289,-0.31004019722087,-0.303061571865204,-0.440163777776983,-0.483091781853548,-0.264218710930404,-0.301828746093447,-0.246242756210491,-0.269515973862593,-0.301186023933819,-0.405171178265525,0.317389210348366,-0.300710350055971,-0.144852080906937
0.5060897698446,0.3490989951843,-0.251722235092989,0.741997680674175,0.566757944564768,0.0382872277083264,-0.220572077976443,-0.0516037076368696,0.809843735878071,0.0796944416036047,1,0.611022214665415,0.444934230802742,0.242886180053472,0.28181579132767,0.229314741401904,0.216390097290128,0.336207789138158,-0.162727689890729,0.267171081552371,0.150330929114393,0.0447542392039739,0.064221654643974,-0.0958166620257394,0.0621455707198667,-0.0538502239215017,-0.281036493418245,-0.124978037445992,-0.233981230507875,-0.233142087614836,0.0536102714660574,-0.0219823296526255,0.0070975513137273,-0.0663714122182046,-0.170112681432017,-0.0306393188416694,0.0940880047315858,0.0891736186883857,-0.100049679899928,0.235149156990856,0.209087489517732,0.202707055425566,0.0025074096723791,0.0898843532019693,0.242638607127186,0.413907719188507,0.0724583955294428,-0.023791094651141,-0.23603430341386,-0.0651401619210978,-0.339303201251825,-0.130251959126101,-0.165443572111522,-0.0631722445931435,0.11835834247551,0.217568806665674,0.170472231549715,0.351898449922559,-0.0390008478031317,0.278605422630214,-0.378254147141952,-0.152255523654696,-0.287325162949203,-0.244451371002684,-0.377252168111189,-0.294483675412841,-0.274874823986723,-0.131915727671978,-0.0364835651362682,-0.204252073998348,-0.192290375312148,-0.0671777678560606,-0.170308235099485,-0.0223859865847402,-0.167145634555622,-0.244661054268888,-0.238354411559726,0.254511217526168,-0.212611488983141,-0.294578560391786,-0.189951051577933,0.259103146208014,0.139408908122353,0.453792667185704,0.42408957918114,0.634547619514169,0.0330342842606085,0.0169284604441358,0.670535390285506,0.523680010321392,0.738589011217677,-0.0126606125142693,0.877357738659035,0.0906262032385154,0.288255186148797,0.188012364093912,0.326040709348757,0.282834438502555,0.0414557419371452,0.359075063685248,-0.148336891627973,0.197907304965576,0.0920791935573709,0.616900869618553,0.300969555755819,0.0721549170056141,0.00181101949609,0.181590602442649,0.0481950618602937,0.207235247852229,0.0542347958873722,-0.0249552858691644,-0.135181825610322,-0.178094989942389,-0.152511518362914,-0.305094294354499,0.0008228844061871,-0.0028488405182277,0.204146942160348,-0.20684033767482,0.0893334550005,-0.156201991466972,0.112096973638067,0.0853236301122499,0.24925939318134,0.112132579863183,0.122729585457674,0.258497995906339,0.239199916476078,0.428657733392454,0.503253968468304,0.235912994007732,-0.232404498734129,-0.324093906085627,-0.123017071881794,-0.0868398301013506,-0.112253532959001,0.0678005054513273,-0.0494860785001702,0.341292437537404,0.262201735373079,0.123457484424288,-0.0950079732391683,0.404342254712259,-0.179295452261247,0.0519312753080561,-0.0719885042875162,-0.282995747831273,-0.0518617563620804,-0.16885185210415,-0.317006631846109,-0.284452582650413,-0.454495119215947,-0.0166249626792318,-0.325220758144227,-0.0944244155396057,-0.0894152282976753,-0.292346956768249,0.104479765761299,-0.191851537553768,-0.121096532940767,-0.375820238727275,0.197266320596457,-0.129374545822593,0.163675336092472
0.709831620126759,0.717218584260949,0.0117841271337227,0.79390983689668,0.499903881881215,0.449782000130858,-0.159585068626528,0.502498941711253,0.7799050128286,0.367460119327343,0.611022214665415,1,0.771445755967341,0.15586216020796,0.235178132016558,0.0998759063167333,0.0774182671422216,0.16373628576945,-0.144688631528852,0.105731065422861,0.159232388098084,0.133997620252566,-0.0963876671034922,-0.1568678311404,-0.172115648704771,0.192235825642438,-0.302819903126508,-0.0252481596912307,0.0125522656585779,-0.0627631061353486,0.145221824649377,0.120986550860975,0.0014444087592087,-0.38158889463474,-0.233621332903307,-0.11119879546244,0.104480978221797,0.186085269338055,-0.0884661329528648,0.259591895299672,0.0274333865871871,0.116048584944879,-0.132626181198558,-0.256696856064078,-0.0702274748933548,0.242761296695843,-0.311899676872494,-0.074517248583045,-0.471621987561107,-0.242977819763125,-0.279274842514608,-0.299775204026468,-0.424273945749512,-0.395615442678675,-0.186751915282529,-0.0830463635880642,-0.0646238469709364,0.399677842654582,-0.0505713564259078,0.238816492316783,-0.531797817782692,-0.250679240540884,-0.463322878558537,-0.319887535879221,-0.390769538721133,-0.380374717041219,-0.462151273058728,-0.231143188471012,-0.0326977911000644,-0.295542206837774,-0.231294142667491,-0.200769070668981,-0.291161576214024,-0.231403084916509,-0.468814030660032,-0.560137868855157,-0.393453716386119,0.462011049010341,-0.123854323819075,-0.397182995796089,-0.229780772735868,0.486648913086242,0.228734146574851,0.609665163503883,0.72965721294432,0.663387186884005,0.268806981489504,0.407117231380817,0.694481979835076,0.742251782290704,0.701093656831727,0.429915949834315,0.835608340021157,0.286347673391634,0.0355340033748703,0.137078468981738,0.0993519245314647,0.036576225884475,-0.0452534935109244,0.181552745743912,-0.159463482391512,-0.247209929829958,0.0887602015885607,0.326515319904551,0.0424127202225625,-0.101544515637887,-0.118690187782116,-0.0852566006592104,-0.0391178346456851,0.157432108122692,-0.264538123978259,0.150059640128979,0.0572570314435074,0.0241873937149776,-0.0510311255713082,-0.201487912772054,0.0926672948780234,0.138794910195628,0.218676769790901,-0.0586874108516679,0.0930339475549588,-0.232761743307011,0.0300774082879455,0.0364467932173574,0.267620335704151,0.111177791577414,0.0587550658986682,0.0855161304605062,0.100741881278994,0.110026835645328,0.271692981830437,-0.0749646439322817,-0.192542352894514,-0.384117035952565,-0.0610308990228747,-0.148006387735646,-0.159988417786255,-0.298590756523328,-0.196913576505918,0.306175763262671,0.0657894313371167,-0.0078454185422804,-0.10105951636547,0.43713645309794,-0.153587174224256,0.118347163447844,-0.403379454004838,-0.437556732170133,0.149876416170641,-0.200956994724061,-0.445530102861702,-0.426761515353907,-0.57971316070377,-0.0635183364537829,-0.362386266364308,-0.27129412255657,-0.127614862553302,-0.296957729880773,0.0713375684032962,-0.344912041455571,-0.210432659318717,-0.382635979707755,0.421190649947728,-0.18839969834465,0.144227602886614
0.793567680966405,0.636033307178021,0.136396102753744,0.648002248276011,0.419158735553123,0.144853567470852,0.191102766900226,0.289552982467625,0.466436752281696,0.621591339294235,0.444934230802742,0.771445755967341,1,0.0969805992790307,0.0909692827949407,0.0051431158304941,-0.0597380242537627,0.117285469921034,-0.223900401131987,0.20319407713055,0.0450495526166424,0.138683480770267,-0.0836616974404215,-0.249475531335863,-0.0990560334222476,0.366045739581175,-0.20201557066148,0.18846113847904,-0.194410535495867,-0.141076025489226,0.390278858447589,0.183846307442716,0.10549864713702,-0.40649625423053,-0.346660719646859,-0.136354697390317,0.131324870050851,0.0490901033471329,-0.268017701522396,0.0534167051154839,-0.141936791717471,-0.0736356830695776,-0.267699369399021,-0.389873398461856,-0.321435449172479,0.209046519296622,-0.299449428556519,-0.291917382099762,-0.488497418661538,-0.100716120402407,-0.342709777750713,-0.321135104772297,-0.273223460606023,-0.330468147984994,-0.37783535401853,-0.157750583320188,0.0944160744335663,0.302996101332567,-0.148086196882378,0.17164296937499,-0.486184746674031,-0.142024209081707,-0.469310946004097,-0.27618902023371,-0.236297955862976,-0.304111851709162,-0.392119671901435,-0.33597010123801,0.0286994275076274,-0.325009681987596,-0.295256103261349,-0.155584370878535,-0.266993532426873,-0.359634147618638,-0.43192188027576,-0.72251727167277,-0.363973018696012,0.460306971779848,-0.0136281975465281,-0.282383952970603,-0.22433639519718,0.570011271593691,0.452834387419098,0.734088023608965,0.691016975041591,0.694525979187832,0.415272027984142,0.119795651150181,0.589776199538971,0.507615079625184,0.582351840092469,0.452224991855396,0.64084980132224,0.600177209413768,-0.122421883746204,0.0324405357910687,0.0089706445612981,-0.0405028228779004,-0.257268033929155,-0.0035416216939494,-0.275167503727969,-0.241119935766168,0.0233638651755369,0.404957429309618,-0.0927120829350247,-0.0080817879688691,-0.15482095934481,-0.0414349208317168,-0.0799277373137382,0.285850474902444,-0.222156629748325,0.344491150710024,0.345652278237955,-0.168582389828796,0.0436629523791908,-0.287138541327351,0.251694622658751,0.418566509799048,0.208826422410147,-0.0276235646963598,-0.0589972293357973,-0.207204037282724,0.0269424067644207,-0.0779830509601478,0.455052617468665,0.0272314093455515,0.0250995413089871,0.0021348386101617,-0.0073054241937718,-0.0431230099373798,0.283202936111437,-0.172526454280859,-0.314349107183074,-0.400756316337151,0.0719468489410864,-0.255160284853114,0.0263284665784561,-0.210649800615289,-0.16050428791802,0.366015771237739,-0.0199452638696536,0.0480595315495365,-0.0341799161922261,0.379026770279111,-0.170187205531164,-0.0276161309061193,-0.514681634266162,-0.44012832074853,0.342743676167886,-0.192704370168588,-0.491367369750742,-0.402146493088898,-0.470158310342323,-0.0662517410432213,-0.391965022755898,-0.315606817168825,-0.279025639706612,-0.240124161323108,-0.0085912401606284,-0.279208913764676,-0.177319624517061,-0.296684635823644,0.474012165679772,-0.119081659604032,0.174246696016552
