1,0.550011780729727,0.474423046532388,0.489811463034244,0.370051460843193,0.0081828518494961,0.513948959660361,0.0530220143365837,0.488423274783672,0.54044917775629,0.390590104897053,0.568142649217671,0.564416098326915,0.382168404899648,0.322194292751158,0.202310585360172,0.281929593920161,0.265550785621262,-0.0648311930178286,0.277054716430527,0.46933834012432,0.124802632832997,0.0221679667982252,0.235870529024476,0.106687329777493,0.248098141066427,0.0674787269131597,0.0174447786343702,0.120158384899384,0.131907512199063,-0.0425622713953498,0.128367859509398,0.266511092083947,0.025168706739002,-0.0784812311324407,-0.0627871104953273,0.237600487127526,0.291762023996278,-0.0479309651076171,0.384191745927527,0.168511273845377,0.220540984742215,0.20535016963312,0.0922226389235933,0.254501652560438,0.193933736240086,0.179652115335516,-0.130141099743024,-0.358084637674787,-0.347805274005714,-0.085748832218764,0.0857067278054062,-0.125706103855764,-0.125728600115806,-0.0938686882413867,-0.144401746340546,-0.164847207150715,-0.096470164357164,-0.0792526990172151,0.102908566087524,-0.0140822841200747,0.0286767511271376,-0.127714687633277,-0.129084470758886,-0.373381161458071,-0.29595223680447,-0.231701611167068,0.0381794854368216,-0.0496735424848308,0.0159656398984217,-0.156090098359879,0.0267509821433572,0.0826046911738826,0.0967082898959705,-0.245480304823581,-0.0504725464658806,0.043083521351459,-0.138071026427837,-0.16821526288468,-0.0911366342958408,-0.26888547751162,0.287406603238019,0.30907327589723,0.233424443363164,0.442403840283304,0.660846915741819,0.236404153225818,0.109508288502703,0.296383499135451,0.375554531422733,0.419708689151309,0.546645702546331,0.462741901774502,0.620999154948425,0.222878110616538,0.0608256116797781,0.104694587622596,0.144919214471153,0.327953559512555,0.388521039218069,0.134831529969927,-0.0506217484542481,0.362478902966447,0.0054919982061595,0.359528983211937,0.22764088585565,0.225029100863192,0.0171107039509973,0.264213258357364,0.40768876697727,0.014636052614461,0.148071369060787,0.0568536992495164,0.03461624332247,-0.109126418822053,0.0326792549142559,-0.0075745217395835,-0.0828501958922187,-0.0440069380954553,0.151797570510358,-0.0282819500930089,-0.420106168313533,0.0674295590586165,-0.137960841981609,0.128258139839324,0.296427519945306,-0.10426484173645,0.035091692493709,0.245998388665802,0.181746386487389,0.255163770733363,0.186286855118958,0.259189449650381,0.193380695670955,-0.124374942822413,-0.273276651180769,-0.267675341699981,0.0109257900875371,-0.383019994676026,-0.533667334877765,-0.228208185681597,-0.343295888624121,-0.216744751235243,-0.139035321639544,-0.489425911623181,-0.161950729475535,-0.0326708491704481,-0.0680993873424834,0.0459845314815033,-0.299422565655431,-0.175540264202987,-0.486594004513229,-0.382683158411709,-0.120632934755405,-0.146242795574904,0.0781189273023745,-0.340324825820389,0.0856074821961263,-0.08381123188227,-0.0833786791511259,0.0394067576422797,-0.271353101123929,-0.189169780054471,-0.328373013057068,-0.114970270565398,-0.290829758635956,-0.295984203399269
0.550011780729727,1,0.543360008079409,0.653660213481882,0.360072637492364,0.433380395001566,0.370631415923809,0.326617063329432,0.483587440858941,0.460325909152903,0.255242861943458,0.56930117544337,0.582044453810549,-0.0212867598700854,-0.0252509193551236,0.220040102592829,-0.0297200720088073,0.170968992794732,-0.0474744080492972,0.0607346385101368,0.164275593619414,0.169117878890969,0.186363257805717,0.276790659335408,0.0041264565349355,0.278250758344276,-0.27684271605427,0.0716459392876086,0.275230713504078,0.0627942612843137,0.0642664765481,0.180070688249127,0.338106647371317,-0.018233153183208,-0.141215053442897,0.0326525478165645,-0.163159322307619,0.101459115017102,-0.235692822244745,0.0667548654567541,0.117228812683219,0.284100828848067,0.182302436758211,-0.0210186265260029,0.177822456180241,0.0547520967703896,0.0303894363886032,-0.380043622095488,-0.351261783394738,-0.287842964861028,0.0265044701745121,0.249684213766159,-0.124859864510871,-0.118819474307054,-0.0098501003711229,-0.152403641629537,-0.0771161043918207,-0.0529153794828665,-0.241407107341657,-0.0823874605834042,-0.126906083328301,-0.216812039112802,-0.443052118198251,-0.479935066548435,-0.38020055864486,-0.389345551907127,-0.21965568547823,0.13313011794114,-0.0310371812796191,0.0749476507435048,-0.125267996515306,0.0428472153984783,0.074140992785626,0.0243790403832845,-0.277531802840847,-0.0938776867162226,0.201967707967897,-0.190717858810726,-0.0447574178061469,-0.26520169509618,-0.229009796161947,0.186745631084087,0.423094058120585,0.0359574754991386,0.486230576826955,0.612424855817554,0.430699069218071,0.471740532258843,0.375735850140881,0.436843088447326,0.331656397955448,0.410019218464757,0.497496013964359,0.377654405503152,0.0167615507504703,-0.113736724350956,-0.192702286830636,0.148005393152798,0.0856198821188574,0.0506417931708422,-0.0263269918983328,-0.046606181828649,0.0019184324695037,-0.231974284809529,-0.0392439938184451,0.0985548889516612,0.0689418305386927,0.0980771335441466,0.185056845377529,0.191624689627995,0.0821524576386222,-0.0964507362665398,0.0453160016527268,0.038676561398838,-0.208891399280875,0.153118734722371,0.0731770013375727,-0.0532402169990153,0.136053512737689,0.125358143921093,0.0369471837145038,-0.109748566651293,0.0640125227934129,-0.342175310835704,-0.258580909474518,0.0592151913347022,-0.0069769989246645,-0.239297220929163,0.0200899522764166,0.0756155644424532,0.108706907971336,0.16728965679939,0.149793493369733,0.28041376141935,-0.306766612123841,-0.221601655196794,-0.195853445619026,0.0408534930707838,-0.149777027636798,-0.334176593972937,-0.203695801262129,-0.31889813717147,-0.153855020941197,-0.0251536803949777,-0.344917271577097,-0.178893741363534,-0.232579168315225,-0.224944959430056,0.086401746812968,-0.258327789035518,-0.146321399606041,-0.4648979936064,-0.244018607364113,-0.271565230206444,-0.0511772430173654,-0.257618281502017,-0.484318981573621,-0.306591571065544,-0.0664169513802153,-0.132867470299953,-0.0076556661958698,-0.132729215908489,0.0082006112945844,-0.142813841730505,-0.221960805282988,-0.276387369456223,-0.162297735750732
0.474423046532388,0.543360008079409,1,0.387220881142722,0.242296552389194,0.178783446166994,0.505484333656079,0.180459785141896,0.406905386515958,0.324186491221164,0.444641206495718,0.426519654250683,0.546059910205939,-0.0055766737185377,0.0897294761729271,0.0778744322638029,0.0465730420752399,0.22356075479636,-0.185535131180561,-0.084098112388562,0.164253531652148,0.197797414404291,0.47366624783887,0.410254306471986,0.173318735327821,0.542105740485054,0.185356938315639,0.25301202305816,0.718619798357958,0.413224007405346,0.265078694023508,0.420330356516122,0.746728920605239,-0.0487997434142734,0.0838699566580089,0.236949950706987,-0.172236476743795,0.487520128958672,0.0028572250857364,0.259664302982164,0.226599356250359,0.239026676485897,0.257293681679296,0.145223708346727,0.267443212420271,0.391129764339019,-0.055253776909841,-0.314822700838294,-0.527269071422205,-0.366095354249024,0.236320929235106,0.199668076644705,-0.23602515596854,-0.0593369033003668,-0.133154475991144,-0.237851088525575,-0.223124838027517,0.154856807832942,-0.0928332529813736,0.137292193111393,-0.390490184240444,-0.17903435059639,-0.482800688313728,-0.466185313277573,-0.325227089630962,-0.40268047416608,-0.262267088509348,-0.0640503833688808,0.0689424492184805,-0.192020257017127,-0.411308553433141,0.154892763999736,-0.0805796262741437,0.0676850931918616,-0.49227188102964,-0.0194776619523594,-0.155179970901354,0.182372276575098,0.0670572848721323,-0.135448296812767,0.0010799945188364,0.329526852329314,0.386859651853054,0.0864321229602671,0.367585470264251,0.608352992685272,0.496366382260007,0.26121891411991,0.328194864024039,0.354807572315402,0.289917469459337,0.347055446074608,0.3591029042119,0.357708514404005,0.237856066312948,-0.0475931039230747,0.0056043864189245,0.203071860758091,0.199143001801275,0.200395169744384,0.0630821039952887,-0.166843562287475,0.017668160095179,-0.0306183204461658,-0.0267747832807921,0.247096073589276,0.225945379667824,0.34341991184324,0.176782700649477,0.502425858687236,0.193983291081128,-0.030280345787042,-0.0593514504661221,0.317644967212629,0.0106842544309918,0.566318271606975,0.256760898930654,0.359048506277284,0.470530194267668,0.345840895683847,0.0786476808874486,-0.252103543033836,0.0693402865540771,-0.333998851267415,-0.175409881317623,0.336048654873551,-0.274360246554094,-0.211813015030524,0.0668164516853587,-0.147502184341776,0.102056373189029,0.0749840572229732,0.45083480547879,-0.115390099901807,-0.243078623608343,-0.357472338385102,-0.362380069357996,-0.125418614516298,-0.459129319957185,-0.470222821563769,-0.412564292628422,-0.556201650372463,-0.334604928346087,-0.185377656116035,-0.628741431255288,0.088472753279297,-0.0718690715742931,-0.212264677228384,-0.0953661677561584,-0.608778021715249,0.0429330792827544,-0.626747808038513,-0.521277095787703,-0.577498150608218,-0.229638683153839,-0.141193212584826,-0.550481797669979,-0.200685917736149,-0.401842756517943,-0.0291926206949709,0.192527218353472,-0.36149974831357,-0.26510128063742,-0.237248645678224,0.124479670464759,-0.180464719028542,0.052427169383709
0.489811463034244,0.653660213481882,0.387220881142722,1,0.533932589217578,0.527529149736321,0.303089499613803,0.389006532426517,0.787080404406815,0.405770835682516,0.17775031734688,0.673779038294064,0.563783784674604,-0.0931004195662511,0.115036911171387,0.133973624120169,-0.138798200314021,0.0936314178076369,0.023988904861456,0.104220951045448,0.0971252046856373,0.233791699046289,0.134619942994736,0.14644611281224,0.157523089273716,0.382853278561233,-0.27317183050743,0.213196704818009,0.0964148546521907,-0.0784597952162182,0.120126932401455,0.0571834040036465,0.2998328122766,0.108765579118905,-0.0837862514535145,0.117632191260697,-0.172420306732522,0.0718365008419197,-0.167662291522213,0.025861487236719,0.151839485305208,0.14628754279898,0.0729832591681026,-0.0663249277252109,0.0389004557078097,-0.125455914888322,0.0291983181184781,-0.383679962569186,-0.310755584306158,-0.111482708970438,0.132998796614275,0.330995649951116,0.134425913013414,-0.203250212977942,0.197359403778213,0.0690923780917489,0.161766317335782,-0.281329823126056,-0.247431330190623,0.021222050629886,-0.35281487084866,-0.382883312842965,-0.38428405809339,-0.45514401728669,-0.559389530666066,-0.531952957711416,-0.305152677454777,0.0745554163937292,-0.187885211329411,0.0045160497456072,-0.0753334180029106,-0.157675985218518,0.0826618308130405,-0.0327707558004227,-0.0510203719625979,-0.155055577320381,0.31307269126057,-0.358859122588438,-0.280306626166298,-0.192751612433306,-0.483543038238527,0.0780917864094725,0.259089399501884,-0.0950700277632178,0.300709026857293,0.703306519516649,0.359550567130926,0.613577555193467,0.498511026120737,0.748869499414454,0.573531985494947,0.36766843832096,0.591912447188571,0.504063201067167,0.116909952590967,-0.0107775198367848,-0.0392225962918413,-0.0608118814009609,-0.11726196616777,-0.0369128162472928,-0.128679259647511,0.0031538775804158,-0.103402776089606,-0.374416988022297,0.0462883721762378,-0.0757221844939536,0.118798338544853,-0.0922938280792443,0.118390230374107,0.0745108390797765,-0.0329205120979157,0.152000811624645,0.227812911258631,0.0971063785436236,-0.402462795742371,-0.0488405331079015,0.0988005480532837,-0.240245785836287,0.009813103879352,0.168281226750559,0.0116455002515204,-0.17279256151907,0.0681129158860224,-0.394322742344044,-0.173376206645216,-0.0926591727001719,0.15579433459916,-0.370350124031587,-0.0356882445819483,0.163080025227518,-0.0685424500345187,0.0695418060145737,-0.0580562816939014,0.28881924265759,-0.329568953596447,-0.0657140506104456,-0.0419750539796037,0.0262201735986897,0.0269819261171421,-0.330050699399769,0.0444440079107647,-0.0471403310736653,-0.171654785302639,0.0937462980867319,-0.192688125089395,-0.380770639858845,-0.303383792882906,0.056625524578079,0.0386042721790593,-0.021944487999854,-0.487138291469238,-0.498018854794102,-0.219547640184256,-0.341119802210054,-0.194268696637998,-0.236014024796357,-0.464753453002445,-0.202355714739904,0.0097562551174023,-0.306912257355673,-0.197406085463055,-0.225795567030529,-0.0071001255231299,-0.303852652979766,-0.410656758823939,-0.378739365784729,-0.387579048674714
0.370051460843193,0.360072637492364,0.242296552389194,0.533932589217578,1,0.328803677627406,0.123146931500279,0.172303290318053,0.663056703674927,0.255697471121406,0.292685377568824,0.511361725549808,0.417637929031401,0.101259660452675,0.210620895906223,0.129434781804017,0.0602283384441498,0.016971182856523,0.112539850899824,0.198227977592159,0.114606505152649,0.306734898685336,0.0591034365594992,0.0160126316173427,0.1565761476683,0.33775731584983,0.0704951136062872,0.141419795409634,-0.0423469834193292,-0.223522293726032,0.0807569887907004,-0.0375958816234667,0.195765427548372,0.041144855693237,-0.0676815538633001,0.113634666036838,-0.15928469927404,0.064689899353419,-0.096448242986818,0.161504248224678,0.298948271011369,0.163489820196572,-0.0040101691263446,0.138978035212778,0.195136507626717,-0.0755460069067824,-0.011895712809596,-0.281271824097501,-0.307921876522894,-0.0624718933487535,0.111419683924471,0.404798637896208,0.0849335901616571,0.0611333882606904,0.267527076233661,0.118749466444511,0.0071224216958407,-0.099978562330388,0.0131489503001697,0.197444020448842,-0.32598950982944,-0.233376377555653,-0.332720421040452,-0.468772436676115,-0.488888614195181,-0.445471596494988,-0.111971320205238,0.160613309829732,0.122496316863201,-0.204920884221391,-0.145504280980305,0.053949911695042,0.137768661320011,0.276081103929031,0.0029955756301329,0.0540466616678496,0.043397713468176,0.0626636237401834,-0.137735668140267,0.0435720354302662,-0.338516902270693,0.353977772757295,0.234358047240385,0.295678337629958,0.292858009418774,0.510987126477092,0.341755072106715,0.423887735406986,0.710796883168702,0.523978238010912,0.627713772003848,0.272761561272945,0.419658550468444,0.430231085999742,0.105665323220918,0.161512955499616,0.0533682190585785,-0.0100131825373155,-0.18814096669206,0.171954253310388,-0.078331783743887,0.174209041024441,0.0912028465952297,-0.291703563841273,0.254993022647863,-0.0835265069396317,-0.0023904419994234,-0.224720804662758,0.0393904114467546,-0.148641874485631,-0.126211492980837,0.0598969849597836,0.0216492144662093,0.0766901573030409,-0.344108554572198,-0.089725850345944,0.0132685645275298,-0.14564052115361,-0.0120823669833866,0.115489662618085,-0.039839979614922,-0.349472652225155,-0.0631479302739514,-0.275168803163681,-0.107098663291381,-0.0523712640001309,0.0274326591716208,-0.113746248002327,0.11971410415779,0.246505647111056,0.0039130887636206,0.111139046879613,0.101580684637981,0.0758431469484895,-0.328136148251049,-0.184739455498612,-0.234563602905138,0.117817330504119,-0.185704897528453,-0.373161752775804,0.0134469593854832,-0.171945349207811,-0.304777969898272,0.0186422586805118,-0.342882824358347,-0.202681781504499,-0.152717816351018,0.0466784091875416,0.149794141793725,-0.18042142195276,-0.205847966667031,-0.530583223316568,-0.376142830188259,-0.303122140836223,-0.25619225729444,-0.0484870490817476,-0.403070661149393,-0.170077869493145,-0.17311559009767,-0.048725867609315,0.0481320080636831,-0.286543627166936,-0.270315701890613,-0.356825722937789,0.0538390216945509,-0.279703481620826,-0.407000439023911
0.0081828518494961,0.433380395001566,0.178783446166994,0.527529149736321,0.328803677627406,1,-0.327850919278988,0.570008068805398,0.546928702122788,-0.208246287282381,-0.284597287043109,0.0668262069958032,-0.013764182812187,-0.501469353228827,-0.256485656080441,-0.0989693862795912,-0.558506042413218,-0.326846199671594,-0.0940684008150882,-0.188589791459023,-0.439305634126218,0.182851953910813,0.28664253513481,-0.0300942302695555,0.191803313095942,0.415426915855425,-0.235285882821185,0.445280699093596,0.160133659058486,-0.190206093914742,0.397271782146496,-0.244811224873995,0.244850506108577,0.0945486541238568,0.151687801420684,0.3266637596435,-0.677977187484988,-0.312848607332229,-0.186243954620198,-0.422491201176714,-0.156210990127757,-0.193937541870387,-0.237193726301836,-0.366603898904347,-0.424041189862121,-0.570072911103748,-0.287997514661583,-0.590763507773719,-0.0087142793091777,0.387029526505658,0.408580715094021,0.666556634021633,0.495331088721029,0.0756917035845989,0.555663506812364,0.475833636498501,0.453050742592758,-0.337983147260255,-0.322397887222418,-0.0140791126714246,-0.426185818745159,-0.527033982502642,-0.481318824015726,-0.605741125940747,-0.384211021644583,-0.452555307291876,0.205508893809109,-0.0757441292546827,0.0996794980698934,-0.147672234480504,-0.186669226817968,-0.105393530309608,0.391352782332782,-0.162150436686708,0.326901358823526,0.215197928457398,0.521670806065986,-0.229048900352626,0.0007048708991356,0.224755563685293,-0.319803516688209,-0.278170886391282,-0.244237870925772,-0.434039569421635,-0.273699405277617,0.0696847938139222,0.0950369835774153,0.91755394952314,0.149914044936858,0.631204211613275,0.231692174225947,-0.279465838214003,0.108468547570941,-0.277799229785294,-0.0242481977670944,-0.123568508167393,-0.148082179525028,-0.223377806621319,-0.304984990297288,-0.304653022360874,-0.405611268778415,-0.119719978693375,-0.43558987235856,-0.436129675196585,-0.284256044235888,-0.421484730798737,0.129211845715263,-0.358532182637458,0.155951159377925,-0.0913181549123871,-0.28400318728353,0.181637077969091,0.147439670640302,0.346719741429172,-0.485884082409834,-0.146722220292206,0.282367985086194,-0.256643948858196,0.103913509355584,0.117609426844921,0.0201491765054811,0.123453700579689,0.0302827053004098,-0.571820397156746,-0.611954413150923,-0.622142006519887,0.201504156571252,-0.471841316661988,-0.524929446158564,-0.196792799449093,-0.552236335373414,-0.342075822893085,-0.380041082494117,0.0298925225317911,-0.58868609795409,0.160920745700976,0.354859182604513,-0.261046337972647,0.383097019315409,-0.061670324035332,0.357944450620533,0.33233818128315,-0.337426187098824,0.267002474237945,0.20656040791896,-0.525981144772722,-0.481728519141434,0.0953171683314852,-0.201794979539894,0.233210912839151,-0.426251487319203,-0.377762464747801,-0.12485700706207,-0.460705339419373,-0.034520308540545,-0.521893331889545,-0.57933566586598,-0.596811449182429,-0.149624712213319,-0.348226727069278,-0.326543837021253,-0.0398081963346009,-0.137393175681233,-0.148007747968041,-0.398377804302728,-0.184651589537884,-0.510791909909621
0.513948959660361,0.370631415923809,0.505484333656079,0.303089499613803,0.123146931500279,-0.327850919278988,1,-0.0014535469961319,0.142713375892181,0.725815888119811,0.5812558913655,0.679238875685306,0.710800146549805,0.239535302432503,0.175036214758872,0.160286851047454,0.412217523804828,0.61560399105822,0.141856334344806,0.23818318559084,0.6007359072805,0.322554674449277,-0.0910942143638939,0.565238534106804,0.202214537517685,-0.0594812503320877,0.147139143092371,-0.329651005714722,0.213452632083605,0.303762156117569,-0.301039841658968,0.637539561281687,0.211295788445135,-0.0391784632637966,-0.14947923022685,-0.22113004141244,0.286772842373847,0.410585104220261,-0.0840093187020614,0.260506538830424,0.166792613432834,0.379320618441309,0.363952851076834,0.378915481042971,0.459898243624802,0.682672951508992,0.320401130890014,0.0178405959910385,-0.560116853034129,-0.73187391315018,-0.369889185238811,-0.287380732942158,-0.607198774961913,-0.301529306674183,-0.561868973530223,-0.5549604773711,-0.530109392715195,0.234337426067536,-0.150050556181108,-0.018510738722096,-0.0039484778995388,0.215014911415002,-0.0647236644754235,0.0734563695888355,-0.052813845552697,0.0153892843292311,-0.469326429309027,-0.0570150823168447,-0.0786885989300039,0.126149766822774,-0.13840842994068,0.174724088105273,-0.262823549501374,0.118645204398149,-0.479817213071873,-0.17344196370321,-0.250295672204864,0.0196422774685439,-0.0527288731189571,-0.407384341849341,0.129749802125537,0.434976552977731,0.594403138175133,0.358577106589314,0.679658446595478,0.627034724035708,0.412094246125482,-0.202078783940434,0.280191760319697,0.0734596456292021,0.27697715722862,0.76893808251579,0.661646544677125,0.636708386221051,0.0464530487081315,-0.024870279815996,0.0285337179970502,0.161375423992904,0.345847135457941,0.177065771271001,0.327560597704465,0.110165571620512,0.345610844405441,0.200479410394389,0.185642571681586,0.453175517063227,0.183977245770742,0.379478612923792,0.234040764684557,0.437404459827996,0.373405476922183,0.059264095012805,0.240462044654129,-0.253453763320336,0.493489825156427,0.207802461705269,-0.286627026676033,0.225733926052206,-0.0474971042156171,0.0106728475461106,0.009858624670852,-0.140030611852177,-0.0103187155741039,0.221555579219626,0.471687861533919,0.48700019744569,-0.154375652214126,-0.110064804085779,0.313800785125496,0.14653774953747,0.441405497272115,0.335956533655305,0.457520639551276,0.210052056546536,0.120291221665943,-0.537600574397148,-0.601643185337473,0.139006689910202,-0.556656004500609,-0.38342953777829,-0.55175609805527,-0.530381266448829,0.180535824811817,-0.291841596059359,-0.605894325848027,0.261895700034425,0.0968645564723922,-0.346275545740193,0.138507354948257,-0.468981785662973,0.329186254696019,-0.21932166697778,-0.271168706202155,-0.012865315610798,-0.0612220795531249,0.269935953768079,-0.0231386636754424,0.405710255382659,0.0607638935819982,0.165261686856,0.210505287923119,-0.0720450137556157,0.141151060678013,0.0228537926921776,0.100572588075404,-0.127692660495511,0.356498843066407
0.0530220143365837,0.326617063329432,0.180459785141896,0.389006532426517,0.172303290318053,0.570008068805398,-0.0014535469961319,1,0.301098387583114,0.353468695747803,-0.282513078447189,0.23477597202344,0.110522735390584,-0.132082034331084,0.0055329843909576,0.0090091786243936,-0.165307933725238,-0.130872722074835,-0.11370197391954,0.0632266266859611,-0.162946750997296,0.244495510228241,0.0045791583520242,0.244135493273787,0.288364558300252,0.251666134878575,-0.0943508565267503,0.265251477762789,0.0537853328820525,-0.201966234365656,0.150581761399724,-0.216601829908846,0.0581541547109235,0.186103806198038,0.166307373429536,0.291007219316268,-0.288842445348507,0.004930592547738,-0.145590131732949,-0.224723678030827,0.0478370253233522,0.0295599841609203,0.168840316287591,-0.0127469114822675,-0.0910655918188553,-0.37624680566688,0.195334898282521,-0.280981997567316,-0.253790745217664,0.0750858327266289,0.234933458566889,0.432119692460254,0.126929031875985,-0.228512285174486,0.36035525291239,0.334849078845398,0.311928453663991,-0.475598559004043,-0.511124291017274,0.0361613955649939,-0.399396000486792,-0.276289363855814,-0.4956340409292,-0.315757509507888,-0.343783012921767,-0.361608635690697,-0.0814438986023052,-0.318687087559395,-0.0649769530873576,-0.212492184583666,-0.188627048685042,-0.156625102863791,0.163869936614752,-0.308663972112312,0.0568281493001215,0.055464478830121,0.328082230407303,-0.381446941831525,-0.154585520894626,-0.116991567586989,-0.366983907234053,-0.196757054097448,-0.05492940145508,-0.331407519344267,-0.009819394446427,0.179103548814799,0.230245281235306,0.703400353804282,0.116609646045264,0.223684316058358,0.156908847133126,-0.0222199495474761,0.313816915875919,-0.154242406168332,-0.0200142648416899,0.008714664104794,0.0593185931086635,0.0212291345627245,-0.0869817966413815,-0.20919732336643,-0.132805558348925,-0.110518484485276,-0.214005785320782,-0.349344092976845,-0.166120079950962,-0.154862425787383,0.351139395538022,-0.262292546137398,0.283092700373977,-0.133857889011802,-0.005969554580977,0.0038969694740713,0.333042977642686,0.293928158786182,-0.251354442048319,-0.0951539869987309,0.157887483054463,-0.244362378255282,-0.0394707408749493,-0.0789044379352276,-0.0082142890775904,0.0581094237243914,0.161871459944034,-0.242809882826317,-0.292811205829846,-0.276930247786613,0.350702353964164,-0.242453615335008,-0.10076391743077,0.074069408776479,-0.28439673260847,-0.0414764108540187,-0.431292642342974,0.21271621009347,-0.463943704748243,0.0949726927775772,0.205661044521069,-0.203686411914035,-0.0302916374645278,-0.0427253904928661,0.155172267834187,0.269583676482752,-0.0826710203326715,0.331786458117248,-0.0986865655170381,-0.582536791433433,-0.583237244414293,0.23692551667512,-0.19208191278592,0.0388913216197355,-0.351218173734379,-0.437473268960023,-0.298612709071116,-0.360420453278127,0.0736348124237562,-0.0440190575079475,-0.521368223933545,-0.105981146830688,-0.157288635167429,-0.392383755076634,-0.207326621226085,-0.0298723726205247,0.0705838544022437,-0.142594889441647,-0.496334266977594,-0.305918151018397,-0.272798687280535
0.488423274783672,0.483587440858941,0.406905386515958,0.787080404406815,0.663056703674927,0.546928702122788,0.142713375892181,0.301098387583114,1,0.197024358821711,0.246921008408971,0.568698497242,0.436427639111494,-0.0431235614920443,0.131591194677602,-0.0074416018603798,-0.146079737984475,-0.0993977737610374,-0.0531551700286609,0.146671251414129,-0.0661848334589042,0.0901614666822816,0.280041067160746,0.0548504216207589,0.0759735178444176,0.471376937485442,-0.100758710909787,0.377067993179713,0.21585467378724,0.0246729441188787,0.402057330102282,-0.050358784989115,0.40677505759645,0.215202968124548,0.0484924864307442,0.251069024125696,-0.185000868585632,0.0378188649797479,-0.136697882570341,0.0102815240324701,0.193950075794812,-0.0202465443234164,-0.0612749588595082,-0.0839785603471272,-0.0201912277146986,-0.192707520580665,0.0044292322139302,-0.374881534362229,-0.322001498758461,0.0668191858455558,0.367090336863573,0.367543601062504,0.290577772267946,-0.062499926866489,0.368732369285633,0.225875675918258,0.258058006948148,-0.234960254534823,-0.201694241734761,0.150417838338681,-0.425586861188282,-0.384738141428547,-0.423751382600947,-0.479463089578167,-0.614844594823507,-0.62211830485476,-0.186292996275591,-0.0360766978782043,-0.063590135815569,-0.189358300437717,-0.160599946159495,-0.14072807475169,0.0816545987416874,-0.0057065698053782,-0.0447137691169833,-0.139545195863356,0.127820035933795,-0.135683527805678,-0.236566280274328,-0.0167230330418699,-0.495112174375152,0.0492447907750153,0.121416348144841,0.0629225548975318,0.114999904470393,0.592899069643683,0.319657344698755,0.655129370160026,0.596199789255004,0.875399052632941,0.762976596733875,0.225755747766476,0.395074561169891,0.470527666666295,0.351890039083132,-0.0094419638404601,0.0024080395395226,-0.0937552012495852,-0.112234091567915,0.108937333399272,-0.156828337039489,-0.0596533926410491,-0.13921003662074,-0.290745930117646,0.199859032510892,-0.196645464202854,0.159212003067809,-0.11366794723732,0.0842840233473503,0.0934154769898501,-0.10251612051788,0.197269163344599,0.0627495635632821,0.331112154504348,-0.458755441145608,0.0038269519610058,0.350737750880819,-0.0897898492788243,0.22266130649631,0.384287085210336,0.145019401133547,-0.256972739498551,0.113796881531418,-0.472855448137434,-0.218167941044108,-0.125044150624897,0.159434797402579,-0.268158550760494,-0.0993642957752932,0.105745746606606,-0.183641226559009,-0.0413730095241211,-0.0470161449220982,0.110897604828492,-0.426900211693523,0.0413424496850065,0.0812282347393882,-0.0648268605344436,-0.0534481367967106,-0.34450420584517,0.111474915408269,-0.0379551097779895,-0.425703877074282,0.148938301704226,-0.225623825452089,-0.308175707834235,-0.333029299970361,0.110121321654131,-0.0810520542536159,-0.121210625493702,-0.432137455220996,-0.637238178239958,-0.418483212361668,-0.460927250317701,-0.308724395869942,-0.241173019678108,-0.572088035784779,-0.248844211897951,-0.228384129011122,-0.270348667106528,-0.246037528977621,-0.380991041316338,-0.326570204482628,-0.49079388750735,-0.176575489793915,-0.364907912067749,-0.493820325934792
0.54044917775629,0.460325909152903,0.324186491221164,0.405770835682516,0.255697471121406,-0.208246287282381,0.725815888119811,0.353468695747803,0.197024358821711,1,0.331089849661968,0.696041219826533,0.706904879842693,0.448168992262685,0.354700646748362,0.27201162420826,0.401876573815492,0.429076900988591,-0.0056170938004485,0.275137396884315,0.556784338494797,0.243008857069032,-0.286979773969473,0.393117078452806,0.0789644721239811,-0.16096353941948,-0.0190334256992012,-0.366228754660558,-0.0560338334779297,0.0129425663423167,-0.381546060837713,0.208966471318648,-0.0002193304129856,-0.129152451660373,-0.344843112999284,-0.281458968098008,0.387231101692931,0.322335438956242,-0.225066691785211,0.335814928928411,0.273801562958254,0.375853611143508,0.334362220274379,0.338382561505463,0.428847926953432,0.369821945342704,0.373837877083503,0.210410002026063,-0.469190413046974,-0.650933740620131,-0.418883327746871,-0.120704697572446,-0.489101845121728,-0.284182790867251,-0.35771278376087,-0.408855659270093,-0.420466766235363,-0.0562979976265701,-0.17543484276231,-0.059178461791775,0.0497286887757589,0.230628097356076,-0.137698910932322,0.026084769327236,-0.179820573785076,-0.0931022948366676,-0.446828468307387,0.112194537318681,-0.0388738013994311,0.0937334218149016,-0.0318393026048814,0.1718534461099,-0.052668051699356,0.0995028333970104,-0.36245175389332,-0.184943118848696,-0.0265593820553982,-0.176751590045649,-0.128418436836121,-0.402367849493585,-0.231380166379646,0.372434691186988,0.551073644158823,0.324803123338562,0.634619283645067,0.632863723795833,0.313174597251244,-0.0185155398818629,0.410592772086371,0.0270780786561012,0.323613537096946,0.661400377082861,0.636087750423926,0.604639934924727,-0.10117903636253,0.180953916170088,0.12963774658005,0.165742037172047,0.253289426906986,0.169578010066605,0.196093886822332,-0.0092682582437259,0.362562298662288,-0.0830362860658888,0.217011594408234,0.301262504313623,0.0999218296150666,0.0589215899082528,0.138400328027868,0.0614707335500219,0.19547006368291,-0.156875349783242,0.120684791482283,-0.319612078788497,0.160887914209843,-0.0325414959194729,-0.327040294965126,-0.0870310435364269,-0.229083024332421,-0.202193309847056,-0.18568480338456,-0.214265491415522,0.0013613793313395,0.152023890965026,0.323314043389442,0.416731547481474,-0.0619013218430065,0.0156994330331912,0.486762970346024,0.404392165922838,0.40787117289581,0.408786110837673,0.184750610361225,0.360358312603268,0.0123228053290284,-0.400489191392259,-0.460997951969617,0.306880950068391,-0.374675210287094,-0.253279806998383,-0.297177287685634,-0.341977640814856,0.266459265136307,-0.124808428494196,-0.496102360464748,-0.075235295525665,0.0363268722213414,-0.028857145535698,0.309515219762408,-0.285146676760966,0.0269146505110108,-0.287505880261198,-0.19667330506156,0.0496720417438896,0.0832770332423277,0.346876867631937,-0.0829985020196082,0.300881604419794,0.152764673495846,0.134679918015319,0.244986266391704,0.0562794239470056,0.236222587393641,0.0211067231479026,-0.0995894629997894,-0.169208487398413,0.113181385053869
0.390590104897053,0.255242861943458,0.444641206495718,0.17775031734688,0.292685377568824,-0.284597287043109,0.5812558913655,-0.282513078447189,0.246921008408971,0.331089849661968,1,0.59672422946199,0.622232504409029,0.0245026656594003,-0.0338254917325147,-0.0364634409975881,0.184413375495207,0.521602803186891,-0.027091198711327,0.0654120253534652,0.407476828659665,0.158404869477266,0.193382450888925,0.340823355338993,0.0005505011852501,0.0542923387997932,-0.014131025659369,-0.155315565950566,0.351975529692757,0.505223127273809,0.0113763755125663,0.580606335538482,0.310592983836155,-0.0240669721826172,-0.0988053115480803,-0.210948114974602,0.0756703573300212,0.173161733744729,-0.148328183377179,0.106028376995729,0.0932470822048626,0.111157518838722,0.0808125088132076,0.166667514659992,0.31314641438993,0.536287564375587,0.0264155049738196,-0.0948268878875447,-0.101047849098329,-0.405418365815499,-0.15578198068832,-0.257720944695708,-0.439774934163351,0.191841305250003,-0.410293671975931,-0.508304194518808,-0.390019502170676,0.695157522836232,0.205829870481675,-0.195987784101392,-0.0886256924151904,0.223964471859175,0.0236597395474108,0.0212510884970083,0.135901922579739,0.0621403329488712,-0.0496622574460533,0.13625874535246,0.258720694495952,-0.0594993047855228,-0.137214645150264,0.348941064023576,-0.259570140828672,0.286401616352249,-0.364425654349035,0.0304286752092712,-0.350961474706985,0.524891427506875,0.289516940881109,-0.0396586160878784,0.353245699080475,0.576146282472979,0.473793853657118,0.457669409958328,0.52882447666957,0.487770178194348,0.365370987766463,-0.196302774139661,0.556642313811835,0.153757553850046,0.489944908894796,0.617715591300286,0.504430025888353,0.675234385615144,0.228579436933128,-0.190190595527987,-0.089946191060526,-0.066160003455362,0.27959471125282,0.181341772986284,0.113873830565978,-0.0536566659494105,0.108412696376625,0.402396831454863,0.135722521493025,0.26177203801685,0.0528404562422379,0.436948728169824,0.067731711542411,0.44449679118517,0.0905593468104478,0.069076549451375,0.0223207961795597,-0.157056136574695,0.325398641693284,0.153853710099008,-0.160736437495512,0.319761761185475,0.154544705019549,0.260361379001206,-0.0205126570708432,-0.378416011694526,-0.338229545248418,0.0353876436229733,0.213974302125521,0.336696287515803,-0.363384925177742,-0.158852774038739,0.112649280509411,-0.164268378558979,0.0994102533626764,0.105343040519215,0.399274294798443,-0.129016553864951,-0.169761939579343,-0.584276895707106,-0.497918116645766,0.0737424629772819,-0.60875969955099,-0.373847193640107,-0.695522030609449,-0.721891555375841,-0.26303300372629,-0.530151332772927,-0.658430318973062,0.516052211912527,0.296112479497896,-0.429309656116808,0.0008407407183257,-0.699811306835783,0.372393394712278,-0.196649072638476,-0.162903120127962,-0.17310398190467,-0.15888073089576,-0.0046246777670394,-0.0324790274961289,0.151423759275284,-0.292879272087537,0.283697167132867,0.300073885211109,-0.228700292444485,-0.307221244517243,-0.205854906341479,0.475439261473733,0.167285958743144,0.21207911610138
0.568142649217671,0.56930117544337,0.426519654250683,0.673779038294064,0.511361725549808,0.0668262069958032,0.679238875685306,0.23477597202344,0.568698497242,0.696041219826533,0.59672422946199,1,0.884853064138189,0.117079522836187,0.137221480643214,0.111497983783913,0.162068679521736,0.363746844917859,0.12001204727084,0.303145813686892,0.367543737732208,0.298920557370126,-0.0927021018205181,0.353669258382664,0.0199565708208665,0.0962127804965716,-0.124829458665103,-0.121661885286837,0.06961294869309,0.117273923270188,-0.0148012570035627,0.40444181710145,0.131200642808054,0.137959353497913,-0.109624021476478,-0.0680468856193069,0.0995433900221465,0.147099878241032,-0.18850848185729,0.137812709195251,0.257181796498777,0.268474315267896,0.28298055589281,0.261265633427685,0.314331833471875,0.303290290296807,0.296889619284801,-0.200009796091824,-0.461119305405263,-0.491919937346902,-0.150399781530704,-0.0208809818918061,-0.278530488558732,-0.208204500280567,-0.171389606796057,-0.275671337696187,-0.176407086831796,0.0510739046550351,-0.251379385567124,-0.161378848029538,-0.175660899225625,-0.0459788901685049,-0.229376972991085,-0.149944304293198,-0.332788333367027,-0.259338524920531,-0.427021221455728,0.092896555027076,-0.095325794651336,0.103915860476784,0.0382744509966981,0.0598185073177312,-0.135131144909917,0.176398148253513,-0.300864697228361,-0.186961604865106,0.0347025113984236,-0.110812998412918,-0.204253386259445,-0.389530789188963,-0.189072616571325,0.44576677269302,0.610741412869994,0.370727482488206,0.644284757277788,0.751767288707719,0.543379417102357,0.205730475935973,0.653831251190789,0.474008456556499,0.701787541416625,0.748915486126941,0.837405268278644,0.783913337658427,0.143757079800166,-0.0624727898135073,-0.0073052402589262,0.0088435779856136,0.155418100894773,0.101587482446489,0.124002485817775,0.125753961200285,0.200214194682276,0.0107929663826095,0.206087674564551,0.214117779036457,0.189384944156939,0.198800769124827,0.2185509820341,0.224508911170076,0.195574328657506,0.0381447043216157,0.243290461279814,-0.150556179101947,0.051011835685628,-0.0062108421105719,-0.120817170599196,0.0655659014789043,0.0085488181020786,0.234501147861574,0.03826451358918,-0.258360828224281,0.0014006792100459,-0.132835584754726,0.216922877150156,0.261837352003043,0.074705580402564,-0.217383091306159,0.21594146819033,0.189529371834839,0.176190398086833,0.219658976808243,0.146136157105444,0.343055172875813,-0.117257507722524,-0.428634331399299,-0.450658115642517,0.0753221790545885,-0.396679133942128,-0.474632362813437,-0.39063673886642,-0.435739704776086,-0.116214944862409,-0.203053230069484,-0.543166817136049,-0.0181793342281833,-0.17411488150323,-0.204617674457892,0.107195201384774,-0.409651985581367,0.0031551772440285,-0.4391489426167,-0.329615704278713,-0.192915129742399,-0.180286832472328,0.0269794628256276,-0.247941325395026,0.187632044564958,0.0251263055827744,-0.0258812903905473,0.0608999850294963,-0.212567574220907,-0.0392129859467889,-0.282340774358157,-0.0674122832002105,-0.319139021024799,0.0006768216319381
