1,0.739286157519952,0.57462411729671,0.6153586208517,0.694142136674942,-0.0926133175347507,0.21348629687553,0.253476551501543,0.0307037290699225,0.502098480404972,0.50284216211541,0.46518002413167,0.429401949895089,0.0029188807648094,-0.0430964796359248,-0.176943030191587,-0.312585566221739,-0.0847196795699008,-0.192306896467778,-0.365857590975291,-0.0547419561210864,-0.0088357974152688,0.0435460317658552,-0.100480084120174,0.465880180353927,0.628585226020752,-0.186589398481602,0.136010926208852,-0.312841503888084,-0.1589165508488,-0.0925138280586421,-0.386062205034904,-0.223392938496821,-0.318972750681904,-0.389298685501996,-0.0434651766608082,0.051326802554347,-0.253914984844942,-0.299699035036257,-0.37876414587611,-0.482716510936828,-0.364651388705442,-0.356874005551228,-0.137068015392599,-0.48209282805765,-0.207872003388113,-0.314352635408343,0.203020028560983,0.338039157777283,0.164786173815704,-0.022970979185013,-0.0635411358075659,0.305633260727766,0.236562022327888,-0.117299535699921,-0.162178873499944,-0.174705841767647,-0.0049590619863662,0.0396353713827153,-0.145304817310306,0.302658043095338,0.306909983776279,0.252140299128572,0.491478244713401,0.232237230147145,0.138619364338888,0.153589229697648,-0.133455304031123,0.0872350024061878,0.114460799652148,-0.18987437784519,0.0011763035321603,0.080534918245531,-0.387563616749664,-0.102782629010012,0.126333331628262,0.0931705598699036,0.13974187610011,0.0546908036692422,0.0474511764478767,-0.0100902357625599,0.0588032705709118,0.570566365904936,0.410816067665064,0.685764148270455,0.712550828990759,0.526452548394314,-0.12542161722785,0.506435214231918,-0.170772316586543,0.232564747042547,0.504815912813108,0.533284609489646,0.3085040981308,-0.0571452219274029,0.181254934997138,-0.117961318425362,0.0033890453993091,-0.229084427424454,-0.192784398662931,-0.269035518156547,-0.225353475246844,0.0776251110223519,-0.247166833463641,-0.149151984825406,0.332051852647733,0.0339257113594311,0.14728183879323,-0.169694125173622,0.372917035282307,0.416660063737471,0.234450966294806,0.584328604851926,-0.182469972230734,-0.136963026931159,0.0396262758445503,0.0013655671879484,0.0203939945283697,-0.240863976309747,-0.378079282630976,-0.25105250187311,0.501033126574167,0.344968817798853,-0.155820132731563,-0.304819027489531,-0.286042535759263,-0.10008910391857,-0.441151311139166,-0.407572127782678,-0.41645546332421,-0.337611383432842,-0.333018665786298,-0.282335243858181,-0.14878227424592,-0.22898644755218,-0.407536470982914,0.141506001325084,0.0777070763559133,-0.143573273717853,-0.0644210125047245,-0.168900309263805,-0.241969885184668,-0.154996127256798,-0.0851004320964221,-0.0953351253786808,-0.202769866281496,-0.422662892262502,-0.216787546796439,-0.439207281859187,0.109016817221521,0.145032831769351,0.111253139889102,0.122827452366435,0.136094602694177,0.1342675344213,0.342526429357267,-0.338535684054055,-0.0564828334318677,-0.171094235187042,0.0275585453241435,-0.227819055709434,0.0280320785073775,-0.0225127194492564,0.012579768541205,-0.284896366047112
0.739286157519952,1,0.760037371737248,0.738793751986088,0.554090460237141,0.18831122575582,0.366316772795003,0.252759164225108,0.0321932828482061,0.61217547229208,0.640956323765648,0.59465996327139,0.576720826993744,-0.174118884480817,-0.186899009022819,-0.248025229693566,-0.266991138641183,-0.117231932967316,-0.310104627760202,-0.350666528769458,0.0103246344715253,-0.0087199091162731,0.0908227746315161,-0.0756372387137993,0.413137462431024,0.676041370739051,-0.0774276709072176,0.343161139175576,-0.170511376936376,-0.106107968940158,0.0390037268338085,-0.160873520371619,-0.150945344202898,-0.5486185641781,-0.339763454053452,-0.0318001333342606,-0.0601017325118747,-0.175924427757386,-0.181528110969143,-0.276720212125672,-0.35980297516446,-0.21655424729578,-0.193440638048543,-0.0767398326830998,-0.429928286998644,-0.21239521576059,-0.240002668146671,0.0181361181486523,0.140606908874488,0.104583770657592,0.137178555768914,-0.0592694776835753,0.254848563222067,0.0558187535328352,0.0020994604010614,-0.209084034764905,-0.300630887822701,0.143822819832969,0.0972615340868611,-0.0608971309088994,0.0071647169020384,0.0335997862991014,0.0316068870057319,0.345585723100373,0.251125509836675,-0.115269566525873,-0.113635989702349,-0.381778302947723,-0.215917619253829,-0.152753098045976,-0.312344713256466,-0.261157912194826,-0.223829431611485,-0.416728650587917,-0.41128973381575,-0.127791687512965,-0.0954422019185038,-0.0348694397612971,-0.142138254479425,-0.0966752264250248,-0.155716498478847,-0.172227091738182,0.465963908295279,0.0844287181895395,0.810554799791035,0.788361624578267,0.716442670592,0.0182597567419659,0.345280532789682,0.0350167432963712,0.0624048582283273,0.664344312881677,0.537150784036465,0.476279757847492,-0.217980577754402,-0.0003458234275241,-0.209490293204879,-0.0878865482845026,-0.237494410768839,-0.239208353211287,-0.381562368269027,-0.251322970536676,0.022606986394294,-0.310404214847376,-0.195691848260187,0.273901545325083,-0.0010973886318682,0.127585808164897,-0.158142420394591,0.308470924158294,0.443940456800262,0.424408459056705,0.62498825669886,-0.164529010148806,0.116057397007878,-0.0075991842583072,0.318158817589213,0.192983779695288,-0.201338577525908,-0.172137282315347,-0.0865729172965697,0.353200842891031,0.223147579651611,-0.0961843159132126,-0.143521429336051,-0.456040219474397,-0.169469472924941,-0.21868694862659,-0.263347804089306,-0.337606495389032,-0.236728217667182,-0.207608173178513,-0.121951256413208,0.176044408761305,0.0252807405782615,-0.379042875667968,0.130986860440608,0.107160656150064,0.142742227401178,0.0323376814741732,0.0539148335284871,-0.0006572589767837,-0.137179370530052,0.222820376639488,0.046362082668601,-0.204277392369413,-0.364742884062324,-0.20254786234404,-0.529908123150425,-0.0938117550450223,-0.0104616022226947,-0.214551776696873,-0.0749040503280314,-0.0402363682064174,-0.0103675150411399,0.170354248491302,-0.391209510484616,-0.248608557459603,-0.188682815810613,-0.196571009504847,-0.190945636226971,-0.0751211411990252,-0.129516935712986,-0.170917125703991,-0.24523240491717
0.57462411729671,0.760037371737248,1,0.713103036900787,0.608221142598966,0.0475507534771509,0.512808565357329,0.45414315765246,-0.0732908382219253,0.825011633955975,0.510351124873405,0.654019893761273,0.738247726984007,-0.177774913565954,-0.0779143471452999,-0.0556290472473132,-0.326655842673104,-0.0680889012885802,-0.357464547805886,-0.449002232655251,0.0241920606850064,0.194819143220518,0.240589737648056,-0.0447585233946544,0.617099535289334,0.614776995958108,-0.0136454698982981,0.389113500835936,-0.197144083754477,-0.0504498228716568,-0.0674239826401292,-0.137005187940951,-0.122722275757141,-0.486598442950079,-0.239888290362564,-0.0459603405668595,-0.161245957512165,-0.268723184102101,-0.309252674440883,-0.340044036683015,-0.34318073714499,-0.271768874130121,-0.261724288399461,-0.324569905089897,-0.600933600619555,-0.310020069673777,-0.429333118303233,0.0001477562631444,0.307772379555235,0.151848545931905,0.174265851496639,0.0784548098962575,0.429298388341946,0.138884558938775,-0.176053253947679,-0.283308345659018,-0.207251552863654,0.10920466464062,-0.216016747038775,-0.387176829464399,0.109979138607173,0.0024212310311726,-0.0014959353976201,0.368149304001202,0.392501091744628,0.0004861630413827,0.0006503216168045,-0.221718250877119,-0.0691529131731574,-0.0168472672679561,-0.209351077385186,-0.109994697734551,-0.119010546538541,-0.495598372301707,-0.298020682201046,0.0636433674325474,0.0859407711638545,0.0633976462098033,-0.0446496914242348,-0.108080627928365,-0.0532891572716352,0.0766467303114081,0.532575925578843,0.168478171512271,0.751276763057047,0.69463202666073,0.820382623354766,0.141594262538376,0.486807279341289,-0.0923205339386849,0.190355647495839,0.821788233770077,0.540519097351968,0.718556179057564,-0.0287463957773564,0.177819759153349,-0.110629031810598,0.132791989426076,-0.290398761721066,-0.190369070874895,-0.419281133157037,-0.209460031808577,0.226854273921857,-0.285906752113119,-0.210204343260048,0.472677989504375,0.245338062148587,0.376069667773579,-0.265542714534644,0.550476778011763,0.634119013656483,0.598267701372042,0.784332474521337,-0.167514755461306,0.0042491128237809,0.181282086519907,0.265231117734781,0.315425926217349,-0.265789699943515,-0.320187802211272,-0.147680823356152,0.437730441675436,0.287293351802122,-0.158637931411623,-0.272366129879481,-0.461830195537242,-0.192257244825537,-0.254759122822226,-0.33104170810144,-0.534281545088543,-0.286522469586749,-0.344362505497456,-0.268580982200921,0.0254037278876527,-0.162214458517956,-0.272847907873791,0.274443154648,-0.0741402967338595,-0.0117030076606161,0.0118976169469999,-0.195215807008398,-0.231686372745298,-0.146815223243265,0.0820194550261647,-0.195058816003886,-0.423449703983295,-0.485688464459934,-0.236875049883152,-0.580189148286409,-0.0068576503455281,-0.0338213169947105,-0.188149547894217,-0.0371114717974055,-0.106860693239119,-0.0911870923043909,0.267780038882308,-0.283509382884599,-0.214074671133761,-0.216466799856998,-0.11039309468274,-0.269572273615665,0.0381997731512932,-0.0503300850631887,-0.116116244713556,-0.271832427947306
0.6153586208517,0.738793751986088,0.713103036900787,1,0.805877933587389,0.0720608189551537,0.512992018431195,0.338999781913989,0.191216975386614,0.687548929127746,0.500740236421541,0.747535048115577,0.644207014065869,-0.139151169479575,-0.0682156476541651,0.123781727376949,-0.147412783410715,0.152339521095347,-0.149944432811213,-0.278807016441928,0.321753068180921,0.332086740246989,0.255802676468966,0.188475643346261,0.462834166126151,0.498702890125749,0.094584544889967,0.244852888683849,-0.041373597701254,0.0163340895199999,-0.0381442689749799,-0.180101070723929,-0.0530015034630976,-0.526354677874049,-0.412891759734406,0.0749735287027212,0.0301219704128216,-0.0966293077709549,-0.199727334771123,-0.20341531045284,-0.28311397239746,-0.0570300859488163,-0.124062555272642,-0.371631548141982,-0.454922501529288,-0.132165311205154,-0.222274601250804,0.106589041082847,0.191009248973026,0.18860819195538,0.118620432836703,-0.0140595044751648,0.267509158079497,0.0423022923925105,-0.159324991655972,-0.271851422048005,-0.217610309128064,0.200166487306352,-0.145067684659456,-0.363184378136572,0.10375008812947,0.0214680868200723,0.0665516484004745,0.404833692091496,0.362524928289383,0.019131018939042,-0.0618036522387403,-0.241627201901625,-0.0764592654580712,-0.112123185493724,-0.271316940853583,-0.190592923919975,-0.161515348584045,-0.511967606460661,-0.447304271492038,-0.104414048957872,-0.121229729891534,0.159896864339557,0.0317936634673037,-0.1513519326171,-0.0325288299718188,0.0067393845815819,0.399969840685656,0.112165320869169,0.725367079194493,0.834585256457835,0.750996614616478,-0.0047306624384804,0.587257905770882,-0.0360146241103553,0.281739093553983,0.68554770962028,0.61061830539579,0.549859668441845,-0.0250570664344833,0.112508245594908,0.156611385425069,0.287052076554769,-0.121515767158168,0.0303631370058794,-0.256715679753641,0.0347490469632456,0.294808478282703,-0.148635024616652,0.136486341861926,0.472445295080211,0.313245893428995,0.459712167643275,0.0366555450688305,0.481955825936294,0.560217640792192,0.497293182486003,0.765432579883408,0.0326049500943295,0.0369904556374763,0.291180359365705,0.126030327557082,0.189992725049173,-0.279392624194784,-0.33068261007325,-0.162892206773989,0.515514220385297,0.309007697012561,0.0565803249614068,-0.295742992300281,-0.41703506302332,-0.0421697317845273,-0.267968105789628,-0.155859436323895,-0.397884871946235,-0.201866809263382,-0.347816553424879,-0.220999651422385,-0.116284474907818,-0.131756156535046,-0.325044871047784,0.0983388313910886,-0.127161630032617,-0.137289656845867,-0.110040960044353,-0.23633971572138,-0.221364142231359,-0.373315262036899,0.0822164353310634,-0.30168707710197,-0.487968341301466,-0.521798230262583,-0.478463629468148,-0.484210681310164,-0.0853905391464644,-0.134185479192476,-0.182205802592824,-0.101808849345428,-0.0871388575534019,-0.158350086723678,0.281778079608538,-0.468232561394163,-0.344093190313161,-0.324108610718077,-0.230463078501085,-0.450619737236671,-0.193523077995354,0.0149568672544417,-0.0903569460739335,-0.272129862611021
0.694142136674942,0.554090460237141,0.608221142598966,0.805877933587389,1,-0.0523235677444592,0.35856559616239,0.372860991731816,0.237438809942469,0.632956991902518,0.396944126936523,0.593459966062256,0.538754743160475,-0.140019737431098,-0.0897568040756766,0.131478198484634,-0.220429994336301,0.0207590364312796,-0.0665428531245598,-0.349694189403675,0.201678079005864,0.289443986621856,0.231008755945383,0.136416116251956,0.605835848163469,0.356851143314262,-0.0935407235231069,0.166079617144575,-0.211906921076336,-0.0048708104476566,-0.106855363319622,-0.194736608025566,-0.0430230657308296,-0.289614455812606,-0.329080502932642,0.0091309843607215,-0.0483224653705474,-0.329143005002572,-0.315845258552619,-0.317471461681566,-0.313058543215953,-0.182211949182497,-0.237675908305574,-0.398374992999908,-0.51671807364962,-0.247686613672524,-0.296236215433312,0.1176466311665,0.33295312903935,0.194128029505067,0.117931699718968,-0.0371780091015072,0.360634928376168,0.121238527199399,-0.242561519829276,-0.165903900569672,-0.10649241869201,0.143987901765158,-0.200170632845757,-0.475206681762006,0.291696123792038,0.197562938504973,0.188428338889307,0.394271116781664,0.242519443591688,0.18728172181465,0.0624526773574962,-0.0229315156299663,0.117776369970118,0.0845314241340628,-0.19966373286434,0.0009593105741417,0.0382342928696531,-0.409330207523645,-0.14113605218237,0.0832514712799138,0.0249667878563575,0.286949177550708,0.10676530166107,-0.0442164333467981,0.120116285828928,0.172263042861032,0.385339461457824,0.378105488975589,0.583910241154273,0.727003181529405,0.581897532485751,0.0449382008994252,0.806053339911835,-0.0790492478558276,0.419252568384595,0.564324600581892,0.58008796252658,0.476879376172259,3.81002919533279e-05,0.102523050790198,0.167178220451202,0.262540592843064,-0.158429884243683,0.0026791418742984,-0.163959457277618,-0.0765205962801084,0.229989336156889,-0.184806373009121,0.059759368459968,0.431521948069311,0.283790108167136,0.472814986082529,-0.0816095723662612,0.588049097780094,0.597468742322633,0.248017370456439,0.717344388580683,-0.135326492346375,-0.0514646974124721,0.23993039249598,-0.0228460137390371,0.0990454050252765,-0.283226768954932,-0.432279097466239,-0.263596766180717,0.578475746036325,0.325459055333616,-0.124841684297821,-0.429027984616652,-0.348012777510631,-0.114166587582376,-0.292615633060905,-0.325942349547756,-0.483122780789316,-0.247481242816702,-0.433215179738799,-0.413230832499378,-0.253284718192867,-0.257361537390089,-0.173711914772531,0.160494845219248,-0.180213799999477,-0.273602072913337,-0.0591721548082817,-0.365867312869466,-0.310663918071936,-0.330351074676969,-0.0614661246546548,-0.348796169817752,-0.517242574376144,-0.498094078440401,-0.358881327029334,-0.471487728752151,0.0896066629478882,-0.0483266411498356,-0.0434971931682295,-0.0034347923870627,-0.0435029784790031,-0.054927764364159,0.284278705058796,-0.32255725840854,-0.173581996093332,-0.221528138317652,-0.0426606473107233,-0.388014708994914,-0.0573834736037523,0.0904054886713441,-0.0284043794062681,-0.252859570575498
-0.0926133175347507,0.18831122575582,0.0475507534771509,0.0720608189551537,-0.0523235677444592,1,-0.0284499354543526,0.384755870640943,0.501747737992708,-0.0447240347965827,0.0891296760905309,0.186234373592773,0.0677552120078913,-0.148230970953179,-0.189369279112028,-0.0900943086670638,-0.118656678264132,-0.208609047091495,-0.125839738856946,-0.150262363616164,-0.217020060614996,-0.156003233064688,-0.0898275118750721,-0.124868652198616,0.034318665065515,-0.0591211381792701,0.132764075636687,-0.0395569415935211,0.0068948904574289,-0.0150257443306015,0.189807200269153,0.242110234478081,0.0205328438778734,-0.331476239752992,0.217095706275311,0.0736444129655175,-0.440993347226672,-0.108538440817812,-0.173800504453562,-0.0014584366222264,-0.013678685674567,0.0292242221622791,0.0151174829566369,0.0438962144883436,-0.127317414475616,-0.200398606244961,-0.132996451224802,-0.0800762124199611,0.046115831350907,0.123459291641526,0.166355154077736,-0.0394689584697381,0.0448757942683915,0.104842676393397,0.102165406253903,0.0902872304357318,-0.0110665513625203,0.151586690383461,-0.0105953609241753,0.0167451491565608,-0.0711586108315085,-0.200872407859334,-0.135807860818591,-0.365056820912458,-0.418418747324863,-0.0338956442243071,0.0471187094937897,-0.220337889091102,-0.0548739403904894,-0.149573181212582,-0.10899855536618,-0.107651796495465,-0.10715156702041,-0.0419635401008266,-0.115535909964008,-0.0417307644158891,0.0988423539988522,0.0962406323617457,0.0113132503847214,0.149176979982739,0.003691858861287,-0.0880602051229888,-0.228435181701418,-0.107649606225389,0.123640283995254,-0.0705334045820038,-0.0219377874026222,0.738246085872959,-0.220077527177219,0.777778717620367,0.0652344588361207,0.0158873570892265,0.0908492136914096,0.0406335123100855,-0.042070084940529,-0.179050116911523,-0.0616287335748984,-0.142693197477947,-0.0615080182047974,-0.0379028240452343,-0.111244965885215,-0.232140006806923,-0.0777203851946185,0.0175082106545417,-0.123258061046873,0.0006058317850664,-0.224878631749013,0.0638885114236972,-0.0916174638107544,-0.0372553268382634,-0.0478322212445019,-0.269993807601982,-0.153002042418495,-0.0645048711400302,0.147260999772086,-0.173475249787265,0.117927545991589,0.0288371557999971,-0.179374693043158,0.0769497461071361,0.0100814354682176,-0.327502879738177,-0.372739856776705,-0.164369206732489,-0.103410279251108,-0.252296277375626,-0.141545086452129,0.104415842931706,-0.0443516201371734,-0.0791440212339625,-0.189057766223894,-0.108625792176682,-0.175836429228075,0.206646431776702,0.197547880157158,-0.0868327886032251,-0.0387646325508889,-0.0331276036873539,0.0920484862447086,0.177298203401751,0.0703138477376879,0.258220507748856,-0.0854131100817127,0.0238915984974948,0.0113542187345927,0.0049067300285792,-0.0270837099851652,0.0891779092028516,-0.110248456226143,0.0323716597337031,0.0923100731907885,-0.160956754324413,0.0195317539009378,-0.37282921060472,-0.103175446536769,-0.255880635639998,-0.176844269145237,-0.156045409043478,0.0051199276312206,-0.104390276936576,-0.0153251004513737,0.118581408477484,0.0451518352265938,-0.0202234762902505,0.0256611053150385
0.21348629687553,0.366316772795003,0.512808565357329,0.512992018431195,0.35856559616239,-0.0284499354543526,1,0.150778097835406,0.200452197981639,0.496388229280689,0.343349062067348,0.388971972056961,0.380537854659901,-0.170667664881081,-0.013658263245062,0.0136287112086978,-0.0523788920446964,0.0761379860879823,-0.246111469654253,-0.285873709006995,0.074796358658889,0.116659697529941,0.336801171834125,-0.0154304409198713,0.245943395410537,0.305394479779806,0.415144016226786,0.545667171396561,0.146476734329438,0.0621852900703093,0.0542930034558914,0.10306675053626,0.04692612492648,-0.372108736278672,0.0228086688872951,0.163296483662999,-0.122156896561666,0.0926425436328948,-0.144370617238048,-0.0146787731708933,-0.171855270278672,-0.0182509899965888,-0.0394747550136974,-0.302921598260429,-0.345465944790769,0.189945999622741,-0.295082686042152,-0.0780835321164728,-0.0175633006512769,0.13132248247093,0.229552455258531,0.192197343630012,0.0724332066381137,0.107228130818249,-0.155076020217335,-0.156910258463043,-0.181064678624426,0.412428291729164,-0.157350328302374,-0.235998707156545,-0.239968897753276,-0.198305080547215,-0.356788463642283,0.259033761836741,0.662190773721369,-0.199963502346316,-0.0760458699281722,-0.357774322408766,-0.256384932080405,-0.26521354787917,-0.220022776215025,-0.337508751899543,-0.331472264643019,-0.402875758056207,-0.45387002638831,-0.0871236206901355,-0.022301878921692,0.135570002391316,-0.038131102382737,0.0093281938024623,0.243714635351764,0.159284633180939,0.0811498963886992,0.0550528463552043,0.225973760737509,0.376995124134749,0.509494011204789,-0.114808908255967,0.225021930854089,-0.0601183704717002,0.124518443899788,0.397412867793254,0.211868853171604,0.367828100180051,0.0163255580171035,0.177534379910191,0.0055571131132264,0.204804688551525,-0.129386840237006,-0.0500030823840095,-0.284152386224917,0.0695194879351711,0.137866203267649,-0.216779409765085,-0.0557855509091444,0.225970540125838,0.293548183559949,0.262154777191641,-0.0422239565357227,0.225979247298641,0.309958011832819,0.56528496211192,0.520092680513256,0.162369088023901,0.291137734128101,0.253158572494048,0.362504836213137,0.419298358746334,-0.0855976080988646,-0.0513763745191339,0.0844646879459725,0.20808643104922,0.301628275426035,0.142860305969338,-0.017666073448959,-0.249875369437863,0.0394217099365049,-0.145489930965286,-0.0314153642564761,-0.306517277514232,0.241491913428759,-0.16224048422404,-0.0332098751381673,0.0913440422050166,0.110357547282181,-0.345484223995351,0.0096586426576735,-0.0108770159848774,0.0398361867119276,0.0898334733933568,-0.155372964030115,-0.10130027831137,-0.219710652097178,0.306406070402636,-0.128893806524025,-0.347226616026794,-0.346788631605402,-0.457305711657452,0.0377757331793139,-0.290054829308375,-0.160368119345437,-0.459157654145349,-0.202858863449075,0.0189554158077305,-0.313557789003749,0.133247169898218,-0.42766556598509,-0.291809267889919,-0.197508810964774,-0.267695849500101,-0.125366111767564,-0.128437572234145,0.170603095575649,-0.0665762488657982,0.0617909905977981
0.253476551501543,0.252759164225108,0.45414315765246,0.338999781913989,0.372860991731816,0.384755870640943,0.150778097835406,1,-0.0660438020887287,0.623961157592395,0.132086194475284,0.717286013523188,0.709472438075442,-0.159840717534116,0.0971211192302185,0.244157869724571,-0.147243547329199,-0.0359625490661514,-0.0559808199786689,-0.25184650109936,0.0352496836078767,0.238281769455643,0.0914737264556503,-0.0256668139625382,0.43328035093366,-0.0152991622348464,-0.0231767430057934,-0.0257957425714471,-0.2073777602252,-0.0695500614316823,-0.104458433791272,0.0179350335083443,-0.0114114740120795,-0.431942348642776,-0.143823519489412,0.0125768586224865,-0.278977348079367,-0.150564113093553,-0.477654622435582,-0.258013128615064,-0.12720452562496,-0.0598562420711779,-0.0915049957374126,-0.352153443183909,-0.426268903036111,-0.363362510506732,-0.44244560040098,0.11357533388486,0.506335445448667,0.253934759412842,0.0875529110349011,0.0233741723279903,0.415405139524586,0.271753715316938,-0.191946032508269,-0.205760175517267,-0.0250445119182364,0.0262468912659033,-0.25937954398891,-0.453752155016317,0.318687535328199,-0.133925113680706,-0.0841381424434116,0.0995366770637524,-0.0365003905551668,0.255662698815636,0.301012018583626,0.0190651257263824,0.124166340786123,-0.0804433588734558,-0.361821782497789,0.0477511604745924,0.113145502535822,-0.300874327155733,0.0303112921445809,0.244010203993956,0.263795078472836,0.200691724876226,0.229017947771317,0.0390075759295349,0.152355407778402,-0.0528079337461113,0.0926468924435218,0.12294294322088,0.409277089932191,0.195475008582898,0.463394780555854,0.615654002720055,0.291622682133381,0.117602864328295,0.359607162284282,0.586157945142745,0.564669465006324,0.522916751790129,0.328065639708442,0.160267017445634,0.163090250972911,0.136875775020279,0.0582249090644315,0.149796407421795,-0.137308791471654,-0.111195050406467,0.145876945010194,-0.0430690922062554,-0.070571511907994,0.355925379800409,0.305378165852547,0.439439672718499,-0.152342974768298,0.491397467474403,0.351257866366479,0.214153111205521,0.443841346635684,-0.0065457443566973,-0.137926938497539,0.0335637281898206,-0.173563742513855,-0.0357498359086867,-0.363589581435313,-0.525640293327018,-0.164196399302503,0.0688218875506511,-0.0464032107856506,-0.104549048351341,-0.34886257139878,-0.276378682434773,-0.187080901513589,-0.100447483855867,-0.182475736160429,-0.375740935777301,-0.284475810931395,-0.497216917473634,-0.371388236783932,-0.230293497301523,-0.307134586090183,-0.0644982591158938,0.277428798178622,-0.0658258122765606,-0.215091271287827,-0.111071266867128,-0.337563549219809,-0.3031172072998,-0.348038115086009,-0.0488893910073976,-0.339616409210179,-0.360665967566415,-0.369894430884808,-0.102543556879587,-0.422814967627257,0.214105765218366,0.222619585194416,0.0221518937112849,0.190364319045717,-0.355350565258145,-0.118303616508435,0.1801365630052,-0.209952599635789,-0.160475525462582,-0.171729584907682,0.0369328083458948,-0.366065633213306,0.0717788033164071,0.166918184026533,0.162147528876043,-0.21732250618417
0.0307037290699225,0.0321932828482061,-0.0732908382219253,0.191216975386614,0.237438809942469,0.501747737992708,0.200452197981639,-0.0660438020887287,1,-0.148662041914089,0.0798867132852816,-0.0501891660869961,-0.108305677326414,-0.0212686257842044,-0.106809269772183,-0.0461597329315139,-0.0904738230759199,-0.189087248943162,0.0905531900964696,-0.0548118026611819,-0.223047315567848,-0.168278056059501,0.0098756823936708,-0.15854971729239,0.0200082459642357,-0.021869420474121,0.186837456365604,0.14229369002762,-0.0403197818901697,0.0046906914889265,0.0652501593225887,0.242361634980592,0.14845219374919,-0.0935951576554173,0.151701070706951,0.150285823922605,-0.213009954963576,-0.121940972756329,-0.201244359466964,-0.0342261141768528,-0.114210445881415,-0.0818553976717144,-0.0030631783226587,-0.0224647113742005,-0.109438143637592,-0.0327675555950234,0.023375645043409,6.55865603392247e-05,-0.210326677819452,0.0243142516936139,0.0091367146122809,-0.0882372086438656,-0.209007886022892,0.0322959618666812,-0.0857708512088717,0.0351864788066215,-0.0004866569212796,0.196523492619385,-0.101245020697532,-0.10934628853209,0.0009375639083075,0.0419489213487201,-0.0816249622123165,-0.0157797621909226,-0.0938616371908946,-0.0197080652785557,0.031922047475419,-0.0709205364816659,0.145003968335282,-0.107869443408959,-0.0661263057564612,0.0317152225949937,0.014704570072287,-0.0304984550336284,-0.197812455222827,-0.0959110109180629,0.0609287155357305,0.389968767662677,0.15227516116681,0.163639123213797,0.195220660558877,0.277797601565299,-0.271315018533643,0.0354769759924409,-0.0677625552695624,-0.0090506645153634,-0.127868775090899,0.270957999285776,0.0768449203911149,0.620954763674151,0.297810765699204,-0.160502946297724,-0.102285718968804,0.0230175218965931,-0.0030869852823413,0.0206293471223667,0.0509798714162069,-0.123334326975007,0.0480086451251765,0.0502070185444025,0.111943799329775,-0.185831416070324,-0.0111493312219071,0.166304267057469,0.0196800966564236,0.16573280157245,-0.132054216831574,0.084077570776504,0.0020034220171185,-0.0049401353148701,-0.0679528882099074,-0.342824375930669,-0.00050520884014,-0.0117945629997281,0.202398254107803,-0.0743404043879476,0.082027074345791,0.0654599672335853,-0.10119948075991,0.0742556767088876,0.0074812076268583,0.153639496132739,0.0876857943634545,-0.118796685129157,-0.0469651995761269,-0.141226275708249,-0.0744937307213263,-0.108942379510669,-0.114757239183478,-0.131421404835695,0.0027140890385105,-0.0054277512129931,-0.261623831732044,-0.0601276066007023,0.20682044137595,-0.109577407235667,-0.184676562908618,-0.186429830826296,-0.184132391280354,0.131533056067037,-0.0804264606524394,0.0325498057293894,-0.120344929936926,-0.0299937342435295,-0.0217873387419427,-0.100027207584972,-0.0505660603878845,-0.112958479637251,0.134183548755006,-0.0460101296815906,-0.0023727826267008,-0.0805450169026942,-0.0665376539421659,-0.120419668790157,0.0128749112506178,0.0958815050770646,-0.246329411618537,-0.0480708009976806,-0.119189942018184,-0.0131153192964748,-0.0182595017306785,0.0360851423657799,0.259965198607595,0.10250882202854,0.120548530096624
0.502098480404972,0.61217547229208,0.825011633955975,0.687548929127746,0.632956991902518,-0.0447240347965827,0.496388229280689,0.623961157592395,-0.148662041914089,1,0.467151144009198,0.786865819248661,0.876316911940069,-0.139249780454485,0.0681293455081528,0.0930015801552024,-0.22246284378971,0.0074351956900149,-0.209395259319293,-0.391809768306568,0.153191887523449,0.337071243713322,0.218043636720573,0.0150717611230075,0.662449932462655,0.358330229858964,-0.0601881686442509,0.282242224470979,-0.25382825407207,-0.106177888168821,-0.186305216513444,-0.077932655196006,-0.0265349947282695,-0.470943967851704,-0.274592996409945,-0.103907112408952,-0.121848265661782,-0.236600321491606,-0.364132048097077,-0.304386624071634,-0.245875812892517,-0.1482135212237,-0.222646067412977,-0.34525241494322,-0.57594520049906,-0.227700346151345,-0.427256180472583,-0.0158047520251311,0.329991841634387,0.12442861211509,0.0629922581769755,0.0132402873950411,0.404238209514201,0.20905860568543,-0.290551835074548,-0.322758607684156,-0.253665633362201,0.0721885168813591,-0.31273248423994,-0.555926600853329,0.174453948321332,0.0260008315792886,-0.0320221425586135,0.366054967319996,0.374389643061332,0.101941789387729,0.10730432863832,-0.175950538254313,-0.0274129454436206,-0.0347907858682268,-0.298892833148905,-0.0891673849456068,-0.0764326229383361,-0.49088913746767,-0.246590400804016,0.0969413736401603,0.145820681857098,0.1230051579678,0.0836568598066628,-0.148814022751692,0.0295513859449896,-0.0168923194259155,0.350235128659779,0.12716397697302,0.637725874480612,0.637417453346009,0.823060016444434,0.134993433274122,0.561050771666351,-0.148049341434328,0.326234785944111,0.902674301428157,0.700656006731998,0.778932392545347,0.104856451354756,0.242033174246943,0.0339317205069518,0.188227831370078,-0.170539160722918,-0.0744231796750486,-0.312797891292825,-0.113808126463657,0.19339982267544,-0.276535234787295,-0.138316526229308,0.492887000548003,0.374195795535628,0.474579771475143,-0.281136744924665,0.66602989550827,0.690093880684776,0.570787565985052,0.851263566063181,-0.150272031499436,-0.111516378185914,0.143653951874933,0.0719623876225181,0.245681001351536,-0.350435431893605,-0.467136512473912,-0.237626967821879,0.470526466306784,0.304797123557835,-0.114546344983031,-0.362059007125291,-0.426752338785248,-0.175879583056325,-0.186318225676391,-0.263446969085223,-0.550896110619451,-0.211276788545448,-0.442041558760625,-0.298355868247163,-0.129132445840333,-0.298156751760566,-0.252441240835827,0.242638817725084,-0.0179141669376073,-0.145754382492496,-0.104299996065317,-0.264199450047615,-0.319469742484457,-0.237192469257666,0.0871050927314962,-0.305979233846915,-0.561800982901043,-0.49178948577644,-0.308668203348963,-0.536034916145058,0.0904554040007989,0.0402955099246971,-0.156416938016074,0.0452045203811692,-0.0627264274238763,-0.042356085778867,0.328514674091751,-0.297788219110841,-0.188524924179908,-0.29639624229256,-0.0609410993172009,-0.291081407211031,0.0702267331879815,0.0566974427280869,0.0370416569801022,-0.212658758692676
0.50284216211541,0.640956323765648,0.510351124873405,0.500740236421541,0.396944126936523,0.0891296760905309,0.343349062067348,0.132086194475284,0.0798867132852816,0.467151144009198,1,0.515845613775663,0.453147296140747,0.0703885243032665,0.116623602464708,0.0790843004599133,0.165338403098976,0.155261611511851,0.124415731938454,-0.0201265912023927,0.223212802149562,0.101613130843108,0.115167301942492,0.0265539004810801,0.284460742772764,0.47573695055084,-0.0799613600972802,0.361048672526327,0.0898964481618157,0.0664101539949313,0.164699347057192,-0.0552325782982186,-0.0557225832148949,-0.407729136507521,-0.39213288971046,0.0682557229066005,0.102359781431327,0.0644725115227861,-0.0762617331342482,0.0317425766055355,-0.0785326888039971,0.170637045669815,0.166059219411671,-0.0597427718167373,-0.180176346640551,-0.0301275394746911,-0.0418972539138727,-0.0232441605002224,-0.0288284775510887,0.124552189922614,0.0123856343051117,-0.12330290066274,0.120077104382428,-0.1106188422053,0.0684966748246792,-0.157554448253046,-0.184550745642947,0.403795588261876,0.218240033437956,-0.100700448833276,-0.177847613137447,0.0247854111362726,-0.0663069604217036,0.44743883492482,0.350306623034068,-0.236742865257771,-0.173663261072081,-0.469129533586277,-0.41885044345857,-0.383485011921585,-0.381707836062696,-0.482047789647137,-0.395380857959742,-0.346441495709114,-0.408728650101334,-0.186139282562714,-0.248716626934634,-0.0826843643072805,-0.183113643123907,-0.188171470668236,-0.153340982308692,-0.184771169791092,0.240681017088562,-0.200243098149358,0.520503535156215,0.592374997852457,0.594634847766082,-0.0349041879368829,0.332985324016229,0.0308683159620314,0.372964023779895,0.439910229432677,0.535894406571024,0.27520691433757,0.0317104564157027,0.151123005492367,0.132335123817809,0.12368490422438,0.176662737057927,0.148974010257532,0.0464978370594843,0.0381880977256709,0.2429456389053,0.0083066118415735,-0.0020498804634449,0.23765878726649,0.131510803696689,0.269826835316906,-0.0097802354159585,0.276662787111105,0.318807292196793,0.349165394524689,0.485249600462173,0.131402557670038,0.153443219441079,0.117801508145436,0.262733196864153,0.20328133378653,-0.111872821768326,-0.224431131268977,0.0399036486818109,0.246674686202078,0.343084230725374,0.198288620211544,0.080897331248927,-0.232376637649243,0.0707556013393451,0.0284323365138095,0.101384564263463,-0.103178320193407,0.0199437766894966,-0.0935877067254522,-0.0372494153477389,0.0722724845609751,0.12674175755324,-0.406352934414281,-0.180232631002189,-0.0647462087717801,0.0856754106598996,-0.104220960897975,0.0380244755964455,0.0500880337148448,-0.291347883297338,0.521765433852326,0.100595288500939,-0.282679692572345,-0.256730969604686,-0.390837980853807,-0.525339920724862,-0.358703102791341,-0.104272283389827,-0.362149342584613,-0.357655682843101,0.0379294891648089,-0.164000949658834,0.389571937911006,-0.569108994737388,-0.36162100772119,-0.200188121417493,-0.456254030810835,-0.363214494446839,-0.323382080543337,-0.102656659231664,-0.205557620565453,-0.242006926687776
0.46518002413167,0.59465996327139,0.654019893761273,0.747535048115577,0.593459966062256,0.186234373592773,0.388971972056961,0.717286013523188,-0.0501891660869961,0.786865819248661,0.515845613775663,1,0.870311417760919,-0.0729192098037254,0.123868797792472,0.311956603812835,0.0339856244576416,0.184655197587952,0.0150032991794985,-0.111070764442505,0.325519823721447,0.30630295119236,0.123003073791223,0.0702515879232362,0.415522249062292,0.247873000310844,-0.04966080589613,0.0883535728147301,-0.0749812844961438,-0.087345306302866,-0.179048178568108,-0.0093368327342998,-0.0838877355503668,-0.546660187694167,-0.478406903760773,-0.0326233064901003,0.0090790977658876,-0.0124427039059746,-0.267381202195809,-0.124919918622677,-0.14404629575384,0.0949709368509146,0.0348512560136194,-0.295035856491317,-0.352315444331097,-0.17680891624413,-0.233155337027065,0.0840614640679091,0.317623759211902,0.101349673242254,-0.0320482002904786,-0.0716108154173135,0.280763481131816,0.0369531568514261,-0.0750299846162435,-0.402186691746149,-0.24742799614143,0.0697906069439293,-0.223619823310798,-0.430536201211279,0.13463081133642,-0.0930407396475252,-0.0481494480267164,0.401638906934921,0.31490259888535,0.0709121334671168,0.0310033116989556,-0.110268664402102,-0.0950837063664323,-0.252140275901552,-0.394019342627175,-0.148593904168141,-0.113853327391723,-0.324838244194887,-0.286604548326678,0.0344068102311726,-0.0962641687395739,0.0155085454706706,0.0531722737462999,-0.231790015424854,-0.0275421968985787,-0.234495850580142,0.166058717600009,-0.0742293054244192,0.645091735942278,0.586389858998524,0.789912715006784,0.270897504912442,0.459174026770312,-0.0287981233390863,0.346938514049677,0.765781239114151,0.76346740612172,0.569317696667791,0.21229724650555,0.216040994797751,0.297563078625583,0.24571904179831,0.126742714599229,0.218769461534498,-0.098370602591771,0.0891943369781727,0.229801992188625,0.0175339247571818,0.0918248971919688,0.400742117579779,0.379402406959969,0.466929312981413,-0.0441445234329209,0.484433425514924,0.43572988487074,0.504928250385953,0.713816719601934,0.118218905831954,-0.0597810523964148,0.119930647130029,-0.0056348610557442,0.0420633325433631,-0.217229080468303,-0.463406007047523,-0.102365909103622,0.317715409988518,0.264453631157933,0.0842581660262779,-0.233768370670197,-0.293502263566761,-0.036184443346956,-0.084119186440268,-0.0276727498975727,-0.299431363257715,-0.162774892658118,-0.335099597957783,-0.202294536603562,-0.096297767079009,-0.278413440039211,-0.161032680451864,0.11175357388904,-0.077191780539148,-0.0829745954640345,-0.248582595838754,-0.18441249017596,-0.164814406349565,-0.332687092630036,0.114831718456257,-0.28187656683022,-0.476704038038977,-0.369043826909694,-0.258028761581211,-0.551287031684231,0.0074557182718817,0.0510864972050618,-0.141494115534818,-0.0289984562233053,-0.19136166583843,-0.0797965825491565,0.358790781993738,-0.363110756469051,-0.23946655040657,-0.285228048588095,-0.198271662814428,-0.482361195830409,-0.182733575531874,-0.0343947639761684,0.0292844668037937,-0.277529519465101
0.429401949895089,0.576720826993744,0.738247726984007,0.644207014065869,0.538754743160475,0.0677552120078913,0.380537854659901,0.709472438075442,-0.108305677326414,0.876316911940069,0.453147296140747,0.870311417760919,1,0.0285822147156946,0.258521002013504,0.305463716998723,0.0154533270748628,0.153656817421315,-0.0391508871490191,-0.091861379972317,0.263784238580139,0.361567636119199,0.161534871594078,0.036731559028319,0.48759871141783,0.323868043481884,-0.115223319927123,0.285044348037325,-0.151887734689595,-0.0944328451512115,-0.243620630847692,0.074153619111095,0.0205711047263714,-0.506404370992503,-0.37289801199312,-0.0384889788112047,0.0567683872616126,-0.0287122974108522,-0.301164755853848,-0.129162487016626,-0.0788486849639697,0.0482467070552574,0.0535348737367179,-0.276724279617657,-0.364748027755543,-0.197662158565545,-0.194863720287266,0.178799723422203,0.227323463492713,0.0150774899424574,-0.0742514211820156,-0.0082462382710292,0.268603449747728,0.0757184904372915,-0.170197777359609,-0.39996304891526,-0.330503796769575,-0.0214062953566021,-0.277267893078969,-0.493117335702659,0.0717378355532557,-0.0663825958215862,-0.105664977511599,0.437181611609438,0.365577560113139,-0.0263888081256815,-0.020393660686102,-0.145773962338746,-0.114765630119054,-0.184767810100296,-0.324554162662687,-0.185247049574122,-0.185336945687391,-0.359757449488565,-0.346919314876975,-0.0338666234198714,-0.0149204248607627,-0.026118208989811,-0.0258670362134892,-0.313534191962658,-0.0513248419337532,-0.176671173095957,0.247294372465298,-0.0163236082937372,0.638744653454203,0.538549743901696,0.802636044288914,0.225479160240854,0.454279160192389,-0.0849084097050665,0.321370413022094,0.862262898189862,0.643986850871474,0.724759344625865,0.330022741026151,0.328912240084177,0.226474496991811,0.215912443761877,0.120076305810543,0.173362953812326,-0.134647416491734,0.0437934035702953,0.25867334278499,0.03124836148585,0.0371563954360506,0.52929232434481,0.474235837683274,0.505176756577201,-0.113628527794707,0.5819279034243,0.499913645762672,0.553465834473273,0.746696331726785,0.0688311409400358,-0.0605527327269632,0.0891938682333183,0.0455557452141678,0.139507612997201,-0.227257866878202,-0.435768006860213,-0.0266387811327506,0.367290649636483,0.359605915309894,0.0613360844272505,-0.168073037566279,-0.252837640156635,0.0146817838354481,-0.0317235276711931,-0.0359846620661045,-0.303158262808454,-0.154248776834191,-0.260817477814985,-0.199320627590402,-0.129943498439602,-0.280936671825217,-0.200419006562264,0.160101233410737,-0.0780292032250001,-0.0810262655788332,-0.191479175883719,-0.150433139867038,-0.207313858081311,-0.304988090219815,0.145673582021116,-0.288073647939189,-0.475408619481758,-0.332531230798127,-0.254116752853037,-0.643899948762294,-0.0593606831796485,-0.0119238060617125,-0.179968578283139,-0.0551795752893774,-0.0940995936272542,-0.097820150243792,0.435855027534146,-0.286551169641321,-0.257301579933517,-0.336826843864979,-0.235659361526467,-0.418323917737779,-0.114395609257015,-0.0702853047115334,-0.0352681100542478,-0.206425128942496
