1,0.671179612739357,0.441220391839708,0.680704106287976,0.629404642673189,0.398286761452817,0.321137535813691,0.0806514936408142,0.685881565723205,0.647212796751626,0.690426466094254,0.776693125496278,0.745610927763291,0.244831833389162,0.426024079809755,0.183653343093035,0.188546233435112,0.219593882442996,0.0902720506648944,0.165194503723894,0.299928902822328,0.242059699191234,0.135356434393525,0.224915878037237,-0.0414407672323478,0.36645952024398,-0.121505144003684,0.215791723934662,-0.125765327342631,-0.11529975978541,-0.358428479754872,-0.205824068904397,-0.124654973991009,-0.441594809771852,-0.313582582807613,-0.300859345687689,-0.266409943592587,-0.0379281389147953,-0.379114537810456,-0.0777440303989593,-0.0594776383748898,0.129387302552169,-0.296061132098914,-0.220394125697524,-0.0669067200781473,0.126991133115455,-0.16470499904826,-0.0452803725546498,-0.558732452441374,-0.340496323501783,-0.3872904147171,-0.417040794484705,-0.296560264937884,-0.38913121819691,-0.400676765530752,-0.501344326871909,-0.454065970647294,-0.0825598805575018,-0.290726586468552,0.0872543999548097,-0.162141479733873,-0.0224995890402761,-0.344958717635515,-0.294615085918296,-0.19885676728465,-0.384267532285502,-0.0509959877735621,-0.123944367890464,0.152197289709663,-0.234536792567161,-0.27774881166671,-0.124940260971709,-0.0709817676108074,-0.204045561365195,-0.349622613995991,-0.265341764219502,-0.0121321170102692,0.131786023131321,-0.0278645506093414,-0.0878416122879962,-0.12538227756355,0.152179805732343,0.58594507308622,0.581007875248412,0.636146293473495,0.698803945312508,0.435503149121218,0.205879541652436,0.632068298178516,0.58714648213056,0.573321466922946,0.399623545860484,0.728762837881167,0.367288366666188,0.351008695156611,0.153962378533189,0.198068681188492,0.385725772578872,0.276206268867967,0.0347857941400952,0.0713962732459366,0.0844059751533127,-0.0137902595649279,0.235775164326357,0.241416155143686,0.0845822828720487,0.262932804129033,0.196030006001019,0.217714596341077,-0.0772940476194748,0.206381740820213,0.169369565381733,-0.0117587096576312,-0.0856539075360354,-0.267953264011993,-0.0145364728895792,-0.112113753999817,0.172136323657097,0.0824260633866003,-0.188690104531824,-0.205493391717812,-0.072312276429713,0.238599514005379,0.165497489376489,-0.122518573911519,0.248003210369755,0.282591383349722,0.0985790765765142,0.0482265948386325,0.0843933907447991,0.0447523306570269,0.166579863255034,-0.0976455885737728,-0.243654449456366,-0.198510407306503,-0.201373066803264,-0.0818168048122056,-0.279009661443425,-0.105488096160083,0.0585003965899313,-0.113959833589452,-0.208718120276564,-0.255049661046035,0.0582185886448033,-0.327917919616706,-0.254968853410598,-0.0923838959707389,-0.228960081591526,-0.0768947192030499,-0.105356309339923,-0.336957024946343,-0.0267806876771188,-0.0932075064897535,0.0176917111555221,-0.120611039776094,-0.130951589673661,-0.0935211444385328,0.0694785671154691,0.0602064305006287,0.0446771486934928,-0.0804282387110112,-0.0685375406866167,0.162916732640289,0.0230652253238976,-0.195439653528744
0.671179612739357,1,0.509584873037199,0.590058314692461,0.518168084495225,0.736692107731709,-0.0022492892058696,0.286792410430034,0.657892200096983,0.593247384018876,0.385549150457157,0.657939614029784,0.719179859675892,0.081866173953517,0.324684774135509,0.144972763968894,0.176911788971724,0.151968171483741,0.174599827240997,0.206629505770241,0.201109935648495,0.256784453123268,0.0371621188306351,0.203242202155701,0.0366243861016571,0.43365935953011,-0.110102848794394,0.364433659588373,0.0612916091374178,-0.0132083521824848,-0.0532623573981641,-0.273990475989421,-0.0992247662657899,-0.306630136180803,-0.349970868191214,-0.0494845528395314,-0.301214298036626,0.0263471172464894,-0.162380100983437,0.0586297138384674,0.114444347647833,0.259751144563652,-0.0617333717780307,-0.0563815488147469,0.0551970377923692,-0.0759176751135033,-0.101138253134128,-0.0507590868038858,-0.328669056561302,-0.28272125104935,-0.145651180199963,-0.105464260177381,-0.131025766623767,-0.203319361131608,-0.076612050910428,-0.234730840978378,-0.169642072554531,-0.182926056510241,-0.299422926059387,-0.0163565385359044,-0.330518000363766,-0.259326320835156,-0.42121644528916,-0.371585932196226,-0.440480622239156,-0.47544478316789,-0.235973220817213,0.1776862347962,-0.033617259643128,-0.145257723701348,-0.150086146452686,-0.178561134385691,-0.183216114816553,-0.0097615242446183,-0.109977966343077,-0.226829739977143,-0.22635921859703,-0.162958851877653,-0.219076441347102,-0.306655382369188,-0.318861219765084,-0.264081755780708,0.227318708450951,0.286090499983103,0.813484617487831,0.651373495213549,0.289485192028344,0.630425385192865,0.399239645609907,0.823412234136146,0.254925563523484,0.335217503518665,0.615219380973643,0.406471445503169,0.287608268135415,0.0008631652986794,0.189569172265807,0.108036697713958,0.247755880104803,0.102682805235582,0.181779599292148,-0.0265447505430469,-0.022489022579454,0.224277893695957,0.204026480457137,0.0487832853965518,-0.0614292780162431,0.0437382577781715,0.214300483188019,-0.0479279843727375,0.242059116047214,0.331070111556618,-0.256917284343771,0.116044482311099,-0.0129365378198797,-0.0588473078069443,0.0698098428650115,0.203800398817863,0.175639471587826,-0.164242519301409,0.0018451472762322,-0.0700213780197041,0.0949661342367794,0.110764135554721,0.0868797935619296,0.212078496763747,0.0492499627492845,0.28419450332908,0.185869737815406,0.21494331498501,0.07115909029331,0.211727854939696,0.01815150338681,-0.0706829547718312,0.0378175862366515,0.128650307965279,-0.064984865116836,-0.126967261721951,0.0953863840808463,0.0984689036025183,0.114821166574935,0.0409477882940408,-0.129784581645639,0.0113744588332905,-0.30359059651409,-0.0863835850430586,0.121076322533426,-0.111888761797559,-0.370492098282518,-0.331858275380933,-0.416225757510243,-0.285522745463154,-0.340601639843075,-0.350818649426253,-0.370994252012863,-0.312353970135852,0.0275594752344773,-0.124986659073337,-0.0381510657396878,-0.152978169767805,-0.285310775365176,-0.238140570682698,-0.162023655553515,-0.295070827075264,-0.330665328226706
0.441220391839708,0.509584873037199,1,0.210372589613356,0.0760921255296505,0.323537639739224,0.390378482055834,0.178538509173359,0.33130686652234,0.651631942712838,0.236520198887566,0.245736013807987,0.345713003796046,0.259688802828347,0.267963357794542,0.0083452301848598,0.291175423392224,0.229573273545095,0.0976235092137004,0.234675346728224,0.249954591942051,0.173419134794847,0.330146268849525,0.400747330004143,0.0897321841422422,0.580391264062763,0.185950404706086,0.533524840273142,0.175848487289049,0.123627301375996,0.127096714572082,-0.13516897404364,0.420010334502857,-0.167677480524375,-0.378551728867297,0.0121673260443699,-0.11385208927919,0.132883266029895,-0.0912632974687645,0.280388429236214,0.0953748211219626,0.256102516286424,-0.0361895819503191,0.0137931623265044,0.0637514773974573,0.103479230221694,-0.0587899748735463,-0.258431050952694,-0.255919937602162,-0.223432687807652,-0.11380306227287,-0.232690946257848,-0.239508010262603,-0.327279112320181,-0.151002748816103,-0.216911020965669,-0.311665930922837,-0.277053430101813,-0.129260773798705,0.0317405020363916,-0.227969851630021,-0.204219880974826,-0.309369251107364,-0.10842277439043,-0.147222917907007,-0.473918340539222,-0.273819956932369,0.0083280401996636,-0.0923790062086143,-0.205634964020236,-0.169412248017287,-0.312870198906849,-0.218904728932547,-0.17703205384475,-0.330286434832651,-0.36886624325161,-0.360623237557674,-0.2550209738827,-0.252420672563229,-0.400324118429814,-0.400548517273577,-0.20884024942789,0.477193064777161,0.217092598083623,0.504257346635657,0.381495583228238,0.538170468085032,0.204468966208047,0.196069250134616,0.313935608674107,0.0207329489811384,0.40250066823722,0.312353932582791,0.628441300682011,0.105749311642357,-0.0131459573600454,0.127101515155068,0.24921056713405,0.250390531034634,0.0953068322906322,0.106422990417921,0.0551600381259129,0.0492931347096365,0.089068631441867,0.225260145489615,-0.14963259575395,0.113274678418767,0.161877519176364,0.246751992573744,-0.125212128760801,0.0629142941385895,0.512153628751473,-0.0048309990445704,0.134567619797117,0.109541479595382,-0.008929761262124,0.371971691904545,0.534483189940569,0.196168838248458,-0.0104370642769427,0.112284017566269,0.158040799063775,0.140156883827099,0.244569839024864,0.320699036364661,0.276012515928503,0.142873035115299,0.200383847346622,0.237348936459347,0.25271074240365,0.160303848710994,0.20648741824141,0.116521702617598,0.0152631664994521,0.205366075193362,0.0168872719329927,-0.103417610317505,-0.181108594582619,0.0843698785067294,0.241762718146065,0.104229399151939,-0.11504386960611,-0.15493280456582,0.0761514872578142,-0.177074168396655,-0.0439068900695247,-0.0302460393139331,-0.188367363540584,-0.231175314449405,-0.273732715541383,-0.374293554775145,-0.16216395958267,-0.25855332806428,-0.243068587096848,-0.159357953009734,-0.131526241546358,0.0563607132574586,-0.141858326637458,0.11789213864121,-0.148660251703267,-0.368327523755981,-0.275279250797979,-0.190869836954314,-0.275823706406698,-0.188264878125044
0.680704106287976,0.590058314692461,0.210372589613356,1,0.728732837391188,0.488367422170336,0.071583211496204,-0.131701530194927,0.832549366616468,0.441153518338713,0.628420494440428,0.748809109028397,0.593078244500177,0.11417676159846,0.45875497095921,0.103797718740784,0.382933380359166,0.181404006761367,0.218605598432406,0.434387038224806,0.214614410318717,0.0728812011200558,0.0794275861036219,0.221744986392383,-0.167048562214573,0.285267409718865,0.0494951678178696,0.0662721730127167,0.0279161805313718,-0.208003502225775,-0.253896188118285,0.0569697691729709,-0.0535753723406596,-0.332643325701853,-0.163323630413063,-0.168383002385069,-0.0078958283790883,0.290229806693902,-0.0851117246273569,0.127296003865965,0.271741518296313,0.462233735776816,0.0544297285458194,0.0589971383650252,0.273273772009809,0.354502521656988,0.180883893205002,0.21275460343625,-0.327352218057152,-0.441838016824315,-0.0694524073130403,-0.374599185364741,-0.316085964381823,-0.408499509309914,-0.218006074290974,-0.521325418856761,-0.354506287846536,0.0277666549919766,-0.212483860130168,0.230400997885599,-0.283190173087158,-0.184841925304114,-0.419188671458356,-0.209720043901595,-0.231919991096602,-0.410765146489719,-0.273906975028174,0.0744161911337136,-0.0981281740817916,-0.121873134240137,-0.262397682647146,-0.205360597876525,-0.22269170589782,-0.0976168921819298,-0.320807421358609,-0.303016965155049,-0.189125444278159,-0.0822983750510809,-0.148284532041609,-0.209630038613003,-0.195759279340564,-0.1377262910477,0.230495298578844,0.254657974491847,0.424202959943749,0.855563276421645,0.0268767235960566,0.222107116267535,0.469265315944951,0.771344412609064,0.528472168484529,0.108122666306693,0.806841898812892,0.0143576154188473,0.440464494185312,0.172296139332046,0.323865094009008,0.0925756818635007,0.506096273624769,0.320333550003277,0.180970793785165,0.322779873230564,-0.225841368866092,0.467273375412844,0.354986300277384,0.101698010403689,0.210864053948102,-0.0170925377673193,0.289899355425936,-0.292475127521678,0.0356261178253233,-0.0753656840376242,-0.057294777559734,-0.0617985948919565,-0.0512446220952082,-0.247618878207436,-0.206104313775437,0.115368514492866,0.0772299792852245,-0.191890011738487,-0.0559138559766533,0.143318974417034,0.224464257961892,0.363582668913377,-0.154600934771717,0.254350088033934,0.196994247607889,0.210087506880015,0.347451107364285,0.322000545149206,0.331797604976862,0.428005875837684,0.245642697282994,0.007519061570866,-0.233050361177283,0.0608094123793319,-0.24279932813081,-0.294316680911406,-0.0528054023332311,-0.133828954441266,0.0895080037969246,-0.0918320922559141,-0.220464201367764,0.186738088776255,-0.20839034343045,-0.112786126272912,0.152178323462344,-0.164227411940565,-0.291621773268795,-0.167852822199357,-0.298472568860401,-0.139857347785401,-0.281320636434854,-0.108741856863865,-0.142817723476783,0.0407146448548804,0.0459358422992948,-0.161704469750072,-0.169784311808703,-0.204286768616453,-0.237631815747495,-0.185328930348129,-0.0327723075773878,-0.0982854866906143,-0.107704430676831
0.629404642673189,0.518168084495225,0.0760921255296505,0.728732837391188,1,0.484810133996485,0.166312927400056,-0.0376966052741712,0.742035606625072,0.473469730158867,0.804856284926242,0.718677302640432,0.51855280939707,-0.0131319184255446,0.281177696100159,0.217677517336218,0.10891590223933,0.120866413824286,0.163440522621394,0.219246046823246,0.260989869538921,0.133588146199365,0.0190071882380409,0.108352947271695,0.0353814635496169,0.10867004258235,-0.129484783735714,-0.0538352536535828,-0.184121787239054,-0.26847090458611,-0.485369690683888,0.0229008061388651,-0.295200756585855,-0.481676708746506,-0.080457679516803,-0.319016407619976,-0.351088586091117,-0.0090609002684731,-0.39546807907812,-0.163930214785498,-0.0355768399293616,0.141677987138548,-0.22397151204225,-0.251892722405874,-0.036834469919053,0.0774367279098192,-0.0522215143107914,0.12645314374236,-0.514817327133895,-0.358867989186099,-0.342056448340459,-0.48375534851807,-0.261940246643591,-0.239943099610997,-0.353799313623452,-0.452685765761714,-0.423804775948396,0.0364482854009739,-0.385465872174572,0.232077965583502,-0.168071943527491,0.0934528654454602,-0.332864484830568,-0.341941260889886,-0.0857346136813052,-0.211015505818053,0.009584868217607,-0.0925320962432833,0.308482351510683,-0.278452331107504,-0.378689014531338,0.144660690772672,0.0472789958505966,-0.0352178609339252,-0.227113671984498,-0.173429223391736,0.215141602653953,0.374940255217984,0.105120454200934,0.15728825762102,0.128943463613126,0.239009604596252,0.328889861583295,0.560612417222563,0.377030486465908,0.660659071141001,0.263636365090532,0.274460353040902,0.726014493030902,0.599584776409457,0.776721350470176,0.25448013596676,0.749778201789595,0.0132701175034778,0.326024058615678,0.039351535117392,0.319548585224387,0.132998344886125,0.25673593696214,0.286909809990245,0.156190060308362,0.107611338251423,-0.0590993102231415,0.373092143969134,0.241548348511228,0.248051130372893,0.144765101042087,0.034543281662735,0.117766879421455,-0.0505260863633305,0.263976311168354,-0.0919686955160248,0.0487290055836023,-0.106348715592329,-0.275248594660763,-0.104635866135605,-0.288750778312657,-0.176197960262127,-0.206611258245191,-0.130542518423514,-0.336627309926304,-0.265184492718262,0.0149730055210759,0.0999679116545096,-0.318049370107308,0.028176645925749,-0.037403470072549,-0.0530761654295615,0.0239729522205327,-0.013268462813967,0.0009953972886185,0.100246054303095,-0.0991484402051403,-0.335054295478758,-0.377477570392606,-0.0004073428497893,-0.19419411526918,-0.289546623083625,-0.17105903266365,-0.226954965616331,-0.26579786571279,-0.232940297863563,-0.260127935661182,-0.0555567845742917,-0.424401053226536,-0.150020908632358,-0.0360627798965827,-0.27770947281032,0.0973601402855495,0.027150142451867,-0.143876269951266,-0.0347987642263606,0.034424201382551,0.0412034122174711,-0.204306256226346,-0.111907638366653,-0.324569326332022,0.184306020975318,-0.0094424002298507,0.136136402239855,0.177969287735358,0.180247274993448,0.376860530782347,0.183961249568853,-0.0777838003097453
0.398286761452817,0.736692107731709,0.323537639739224,0.488367422170336,0.484810133996485,1,-0.179426775973345,-0.0325532298571652,0.631249709588087,0.433485066898349,0.324321995268464,0.545519028458404,0.313403846051253,0.0441356914483859,0.284635937157188,0.125660693168446,0.240162149698484,0.254266896338036,0.223049314787999,0.325717794740672,0.262814735641297,0.278080858908258,0.235188442439072,0.269491731468921,0.105592180248099,0.304343519961026,0.0274325438962295,0.210860066807688,0.261028438761401,0.160245306639017,0.0171284923106651,-0.124142187054019,0.0330973426178141,-0.135947843615149,-0.163513085141277,0.152963173774028,-0.294949792426122,0.179014507119583,-0.0344852874443117,0.126939023909425,0.220911399857341,0.355329969391477,0.10285741050165,0.0737723229820804,0.220249299491902,-0.116249809288214,0.0416229065909638,-0.107140177674491,-0.208078263395288,-0.312632571966018,0.0316593532482006,-0.11531253523637,-0.206351371662545,-0.117737389702655,0.0516320540085551,-0.13411926238509,-0.10032683272588,-0.200853874703741,-0.306597185973712,0.0595866468762523,-0.402722598380083,-0.301567945054196,-0.420124973722795,-0.370312299292229,-0.35472300124419,-0.413617091448216,-0.311208724933687,0.181204240311488,-0.0525270531331122,-0.104129988171129,-0.134583946659729,-0.119849478044896,-0.187300025360038,0.152898094663901,-0.057434131706011,-0.293486214703042,-0.185263309971423,-0.161344558604156,-0.245158985526216,-0.252600578200924,-0.325767369699103,-0.271540083836406,-0.0369565933072342,0.100020524030809,0.479100435450644,0.535539661053819,0.088948829098661,0.689057767364458,0.39482264134724,0.800087725227178,0.099133508849919,0.0899190895329288,0.508696614925256,0.102779560648964,0.308533991640186,-0.0404991882010675,0.254813681744539,-0.0206195703684618,0.318690126472166,0.234416508373548,0.23262911288159,-0.0462110709931547,0.0165034040104063,0.269168873402793,0.283223565450477,0.0168342477900219,-0.0378929047147532,0.0196334202088447,0.327167590720091,-0.131403692145543,0.223964783923106,0.200375466687538,-0.291315585033353,0.185871174950703,0.126938822858836,-0.0048914873251005,0.0990807835915863,0.0717202445941261,0.083606024572025,-0.0331783635897997,-0.036673968629584,-0.144594168698236,-0.132095687064166,0.115659596027495,0.128284678225671,0.196961059081748,-0.121664881350619,0.262022021143362,0.295570266672842,0.257181911579452,0.0366208147195614,0.224574183423804,0.110013217619168,-0.0483312353008751,0.0112895298792642,0.128235257515224,-0.246202185855911,-0.0486534969068528,0.0813419039757296,-0.0568291687030495,0.17580000340793,0.122112858693024,-0.107498662814384,-0.145538809178278,-0.318198973533986,-0.0410999095765169,0.236538410709865,-0.138339402927987,-0.33441080774977,-0.434425620816212,-0.405110808818805,-0.345827821661381,-0.437630376426254,-0.410338041065939,-0.502680032030695,-0.276854719880711,-0.0589158516774404,-0.140411382487819,0.0126781039255232,-0.237366305292283,-0.240765381175226,-0.138610420548424,-0.138657442156678,-0.303767599154539,-0.281327072002801
0.321137535813691,-0.0022492892058696,0.390378482055834,0.071583211496204,0.166312927400056,-0.179426775973345,1,-0.100134253113117,0.164169412150096,0.349038824693652,0.348299910604028,0.197432765343532,0.299709324752948,0.32225133587228,0.169780029755034,0.050864328066114,0.210378419957945,0.373976656378462,0.0338394865364998,0.113148204781715,0.362820040167634,0.105101100998712,0.284272070728732,0.357480611697123,-0.0131385885236821,0.437058169207837,0.327057233356898,0.227470340972745,0.0216730385697056,-0.101070663959839,-0.199663278066579,0.269084357657688,0.294134590022137,-0.022453884107985,-0.194104232215775,-0.109493892810158,0.0247115866435828,0.219852526463996,-0.1491006977089,0.297135485604872,0.0567555714451386,0.118390465106504,-0.0099714444482196,-0.0592307313556069,0.101812587886823,0.481381968352033,0.133035384887656,-0.145489192749745,-0.432838407405853,-0.389360893167884,-0.265420942606513,-0.548431089961588,-0.497871732708907,-0.246358930253052,-0.404344960110481,-0.334585350428781,-0.707297782943843,0.161836320284718,0.165585238112124,0.383156940347785,-0.212603036777564,0.0641807791181018,-0.311510230812695,0.220232544377839,0.465255850505053,-0.268775994998633,-0.179059240609431,-0.305697731914278,0.113249064652384,-0.0743046707688284,-0.25061580233707,-0.211061912342142,-0.138726976273732,-0.260558847175778,-0.573069529954209,-0.505022920680146,-0.135294289119602,0.151423207590068,-0.021200731140137,-0.0170397633628918,0.0290118399337657,0.413134353122481,0.598112446499419,0.542105623711382,0.0158946695596929,0.0835536359694028,0.43270541779222,-0.260852449937396,0.30878245688638,-0.213050453381876,0.36388466634924,0.53316735514609,0.224095832745883,0.351314312795427,0.0475795842879149,0.05477842558463,0.0121839054658963,0.341207749955802,0.211149254330656,0.0703149641596888,0.0126476046915819,0.299891191255578,0.0606761676016818,0.144580271679694,0.280897025573451,-0.0296168836017266,0.350229463132078,0.288793488164678,0.283139323699047,-0.0197625622381466,0.0154352402711094,0.153851102180079,0.544866683854026,-0.0627934030253062,-0.172478991331798,-0.0724555133257535,0.0776933785585615,0.245067397086277,-0.0349081011516259,-0.100889595032293,0.0454222065531428,0.294351581214906,0.392576862244616,0.376791215000161,0.0329051961094998,0.233472610602809,0.313764471353644,0.0208978576455592,0.162723893066595,0.170365153246888,0.352501352174238,0.23829988242498,0.153748674357218,-0.205936047216716,-0.185371586472674,-0.176329182117288,-0.272092015380327,-0.479348414400224,-0.327404231622531,0.175294766809443,-0.139275092035084,-0.53545003032259,-0.528141834973499,0.384178494451099,0.0343596025133089,-0.0955627192305044,-0.292662433662137,-0.544463235110376,0.10058036378088,0.0354049680896402,-0.29040910520862,-0.0310205999711569,-0.0674268096706133,0.179593236563306,0.0651297693238748,0.18087080766292,-0.0611285555510532,-0.100297049799534,0.155953171932493,-0.0303395569510111,-0.110266147902688,-0.192245654239571,0.26138153399903,0.0835464413125215,0.251900637123614
0.0806514936408142,0.286792410430034,0.178538509173359,-0.131701530194927,-0.0376966052741712,-0.0325532298571652,-0.100134253113117,1,-0.132060147238805,0.20456768357468,-0.157585158059462,0.0654052405017367,0.391956114669813,0.088066967139427,-0.0269475039457501,0.222328913841659,-0.13653691963289,-0.0622702630104668,-0.0226841109050085,-0.0737913005081753,0.0629169388180559,0.150090365790379,-0.110258659096152,0.0044533458129939,0.280826985383933,-0.121764153026139,-0.291240042846248,0.0277890945681517,-0.134735876877496,0.0209574246014214,-0.0698052106002055,-0.529443236988927,-0.118596314019126,-0.312198547075019,-0.353438218572016,-0.161145491416488,-0.117748592824803,-0.295968744151791,-0.194642536844368,-0.170765331861411,-0.336591371053591,-0.224924990600071,-0.289595954822071,-0.31499719220599,-0.394631016703648,-0.29591969990605,-0.364778308226685,-0.112209821691346,-0.164036756149456,0.0546997856833081,-0.241888002813079,0.253888982667395,0.383813780116959,-0.0868789132294662,-0.0426453068006019,0.0176670120467525,0.009541290974339,-0.35696508609897,-0.149878107235916,-0.267250167411682,0.192140404734587,0.0452273991629033,0.117740817913114,-0.0624070246753698,-0.290734285675803,-0.0780745752318762,0.19257387594742,0.0153765289075071,0.0829929612368418,0.0322541382188733,0.0769762840771149,0.0084953156424886,0.196214823465608,-0.111362244014329,0.209034657074725,0.264111697360513,-0.034006903209103,-0.0784755403729472,0.0231172215093639,-0.175121396109057,-0.132787680813591,-0.147725579929673,0.0594067523775513,0.149059927831336,0.383532320030695,-0.0171681269666366,0.34703873829817,0.204098244137774,-0.049946103346553,-0.0344557693060391,-0.03150513688201,0.321619557011909,-0.169638995783014,0.351247819338814,-0.014014728548831,-0.030523526275749,-7.71329039470388e-05,0.0747015132906246,-0.223129580741164,-0.143436226128975,0.0648142140937796,-0.123188289067599,0.188712671953412,-0.0173987888462542,-0.15283332584285,0.0136991940673085,-0.159444268884258,0.279703760867495,0.0340975416261573,0.317878449835341,0.295041723949029,0.304809719638355,-0.102124275292679,0.17554999319742,-0.0067176307637054,0.117999579440732,0.234168900273538,0.0829714578897961,-0.0896350301744261,-0.17825473200384,-0.0359363226631484,-0.133745949972355,0.104085608739262,-0.0003397422787143,0.0852385758119253,-0.115070169250093,0.158762869680258,-0.0771503309567272,-0.197454769841473,-0.203759886721192,-0.237454103976529,-0.133907869044819,-0.202369237110502,-0.159272861256606,0.104807726197681,-0.0785343808665895,0.286488945206116,0.0024068084585628,0.180285022046341,0.0769070480580443,-0.189105164866459,-0.0813065175470963,0.0071691219991551,-0.229777211571557,-0.166776994137541,-0.0197324021697701,-0.213621516347337,-0.0726588988473149,-0.243228015472827,-0.226255775924979,-0.171055893211593,0.0413200760674197,0.0998902347584107,-0.179073253883487,-0.206129252403234,-0.147831257415723,-0.0312737896069186,0.0155405472415205,-0.0665593597670357,0.173456960620394,-0.147248819864012,-0.0571292602973685,-0.15887451934969,-0.173778973986858,-0.525054155195801
0.685881565723205,0.657892200096983,0.33130686652234,0.832549366616468,0.742035606625072,0.631249709588087,0.164169412150096,-0.132060147238805,1,0.477660765395431,0.706040426462206,0.723614357414466,0.507245038754981,0.131214454892034,0.527667843812881,0.0891135053190513,0.429654195252094,0.29131052851099,0.252075211873805,0.496637218515494,0.384819337583145,0.0757986918830611,0.213727490501038,0.376585099965359,-0.0264778925318787,0.337097907402735,0.142752472946918,0.18798047986611,0.149424715432835,-0.15346342087465,-0.157482434280754,0.147001546076743,0.050055734564575,-0.301930608443483,-0.0893016400449081,0.0327554941437387,-0.245936194941137,0.325739923877539,-0.0644566420768801,0.169462030020026,0.281651487847864,0.456901620801363,0.0634049233276561,0.0540160050653212,0.244535064651369,0.297661406062503,0.179838373515806,0.0139478598869357,-0.280516624328886,-0.452234646258272,-0.0440890881277931,-0.395912907487689,-0.340920760155958,-0.325422514701786,-0.121776109842379,-0.408264382391657,-0.454024264060735,-0.079942978378204,-0.247052813156231,0.213924834716502,-0.473549493875244,-0.285856750021506,-0.597908812207907,-0.376889506219638,-0.222095381511494,-0.481387605072367,-0.360372912159022,-0.0194266081308154,-0.0878406375604339,-0.286208471477958,-0.415644061035209,-0.296317043610085,-0.345812679090999,-0.179129234177494,-0.259045828946234,-0.454072193643303,-0.19087256158513,-0.0246920443365519,-0.244703947941246,-0.202946805142952,-0.295441340113565,-0.103815410119783,0.302995017799573,0.270868885809998,0.385979890913756,0.80620708456563,0.125167230473522,0.368846499344871,0.655807311199176,0.791486394707431,0.574667692637284,0.06347163055738,0.820697495017443,0.0447935650898584,0.511266824978237,0.0820263959850618,0.382985661489402,0.127420966866185,0.569378309563168,0.409525080407751,0.21474761224494,0.285567246094702,-0.227801486917577,0.460628053643213,0.3823849886411,0.0340852160817231,0.219846468808583,0.0047981607266351,0.307685727938755,-0.379537023330709,0.11117601238273,0.0050277397931384,-0.0747307762976744,0.0755140416004329,0.0443369769284217,-0.185242598138645,-0.117248614837726,0.111433163640544,0.101312797981288,0.0008550992335804,-0.0374578242049484,-0.0010328455484087,0.0593562894567737,0.340692209252478,0.0079033110322241,0.370724543200587,0.042288273896133,0.296723914093874,0.360250742435089,0.353424319828113,0.312274272755277,0.376520078102054,0.22015524743512,0.0128139501142785,-0.153498099471744,0.0834362255926212,-0.166486932349864,-0.188991645028316,0.0824367944541305,-0.017518744661618,0.0930639942548847,-0.0275777678671309,-0.14472483335191,0.0877213443789965,-0.30873894587952,-0.159891026211427,0.183664722993123,-0.147210329394611,-0.163997077491437,-0.252494547334017,-0.280487056389321,-0.302029591564795,-0.292187515579427,-0.231706840512424,-0.27916631744476,-0.177959445327788,-0.123810738951752,-0.127198974239805,-0.166173037561204,-0.246688513650787,-0.159898195980033,-0.0699697124570237,0.0710964257745569,-0.157029170555701,-0.0437272302711977
0.647212796751626,0.593247384018876,0.651631942712838,0.441153518338713,0.473469730158867,0.433485066898349,0.349038824693652,0.20456768357468,0.477660765395431,1,0.465165677677287,0.538415890322477,0.591501947509318,0.318785398178873,0.387262135719306,0.0727409826991854,0.196835940277753,0.216983262853284,0.0033203408430975,0.210700142208467,0.126605195438072,0.11035904281085,0.0424761049412359,0.317880861088937,-0.0468192066911556,0.410019821815635,0.0678377245077907,0.456482668219396,-0.0426478160760465,-0.192302424858827,-0.270902746590916,-0.190068559460406,0.0415261488301881,-0.408896233727358,-0.351383488052431,-0.145599719804556,-0.307962226066108,0.0429185089085997,-0.306201181650458,0.146717698481439,0.084805482005311,0.18932196557148,-0.141083751926755,-0.135578027410577,0.024454499566162,0.118466318234707,-0.160320061042443,-0.124381797553834,-0.442224531474621,-0.474696835880575,-0.3315445378231,-0.337040144665158,-0.265930038120367,-0.347491920269628,-0.281596717463528,-0.439480471521389,-0.422781798222304,-0.188750169853654,-0.292124868570248,0.272101851280582,-0.267078264775817,-0.158232580353186,-0.465314162746761,-0.219987033197106,-0.213675019573516,-0.521268475010223,-0.237113259077825,0.0561182792751288,0.0685949369190031,-0.23585773907256,-0.302096233014331,-0.149350153944307,-0.10918133137841,0.0228226808815934,-0.317450297921534,-0.334854549601246,-0.197823079461421,-0.0975981886034838,-0.230455513912993,-0.221229608199847,-0.29196542952139,-0.0031190884386497,0.373325905456082,0.503264835579634,0.558022304088015,0.587218303337096,0.432012414675289,0.291018311089514,0.453066428840125,0.444970939612114,0.32861010491358,0.589254377596794,0.49269680855577,0.569787823719237,0.291327640111948,0.12112860580502,0.118416229944894,0.258142883478501,0.251689587807109,0.0685055357055876,0.0094394707352569,0.0459384911785495,-0.0989147685936249,0.254375978427796,0.0603472847984937,-0.0648021332978717,0.0720752872213518,0.068298904260053,0.194620698334687,-0.152705942352331,0.0182744963501581,0.316818264616884,-0.0430223333438504,-0.0797217529259846,-0.0780603828006124,-0.159869760855806,0.0617732465196737,0.316965715339003,0.0935464397017018,-0.0565881617591739,-0.0074478833721551,-0.026108549253739,0.199197501732246,0.293403515522739,0.141441763138475,0.162227337673758,0.336207711847264,0.218117053297252,0.209186242302021,0.195017850028915,0.145421438027634,0.230469688230833,0.0751356948554634,-0.179763937004679,0.0367036085326571,-0.0253756167040179,-0.148863535996861,-0.181572769412518,0.0277309682692096,0.21216691989143,0.0637062358979606,-0.157638844371939,-0.274008144846405,0.024963736402373,-0.287878056567497,-0.0203000702185064,0.0481030028420581,-0.295713708718739,-0.134339207622692,-0.299306973759775,-0.428696154674849,-0.266279386397312,-0.226299393405847,-0.194045545923127,-0.278035444893599,-0.0369407445861225,-0.0031792861110924,-0.0509837641778484,0.200571535119169,-0.0664899806857329,-0.192645018166395,-0.166742439348403,-0.073113855212482,-0.175446177902943,-0.201573111606958
0.690426466094254,0.385549150457157,0.236520198887566,0.628420494440428,0.804856284926242,0.324321995268464,0.348299910604028,-0.157585158059462,0.706040426462206,0.465165677677287,1,0.616426528005322,0.364034969726583,0.0873703618841464,0.221976366893933,0.228981864308471,0.143071606046946,0.182991456435497,0.15641462345858,0.165663640582266,0.343256949594837,0.0945738098237398,0.108400238724137,0.196708298383691,0.0092890158055115,0.161176053298141,-0.0788888902114525,0.0018631523251964,-0.181278395639913,-0.166562040871418,-0.448837149999875,0.112311452983431,-0.149003646934986,-0.450089317226904,-0.123423872324454,-0.377937819095195,-0.298977396098234,-0.042093757470169,-0.399425445960582,-0.134316242074826,-0.138073106352935,0.092734271853294,-0.297831981918172,-0.237046919919389,-0.0798962406162816,0.183057569420611,-0.0921383383853438,-0.0672384943575452,-0.504013306439744,-0.312892931926595,-0.353047891106812,-0.621664001574415,-0.473286959001053,-0.298023670595867,-0.487863655563224,-0.561058185771804,-0.524129260811817,0.146368407043061,-0.290841130134617,0.23486308801346,-0.0752927662141319,0.173849357071965,-0.245809468569043,-0.305496170269164,0.110487799385006,-0.134949134765437,0.0688044988904252,-0.220513990035036,0.267726643662448,-0.395920554933962,-0.426824445866583,0.100964944319367,0.0582472882297975,-0.114418733213707,-0.458821511909641,-0.222388824859259,0.219885576758598,0.48972363805056,0.17543497251753,0.201557645796441,0.222975152761309,0.405269860927301,0.537465407846815,0.512672748540394,0.281062740289994,0.655509015575305,0.411569089724745,0.239692624818037,0.747636454319559,0.468053638273918,0.85639640879074,0.191017534292368,0.827126126482199,0.0218086869898721,0.192022275208721,0.0094717494049372,0.358870066619542,0.329944779755419,0.253594181937854,0.215316150635264,0.113252336630815,0.189827799700367,0.0025069371268907,0.239135655421574,0.334789366563805,0.189567128019144,0.372509518353075,0.0867898852288392,0.114312606118804,-0.203701367146004,0.195850185670975,-0.0991259085588791,0.229048932568799,-0.0839661087775361,-0.316440606582857,0.0697104191560469,-0.256607103062486,-0.0939214039398695,-0.162921082461141,-0.146942351898894,-0.372824351440791,-0.161667915770326,0.0361194213161693,0.0282881871020766,-0.326564061615565,0.0715065972270119,0.0538207988932291,-0.133802885157924,-0.0199011516410285,-0.0287198526376812,-0.029393619364614,0.0269637553929662,-0.186852816205916,-0.280457708592805,-0.379348917376242,-0.0950074386489581,-0.231534459170615,-0.378195426106219,-0.299848759774536,-0.219692176667924,-0.24132165048231,-0.314039680700819,-0.29967762377574,0.0685551314481724,-0.350804493095176,-0.259489479657023,-0.116759344363129,-0.248760058875172,0.210494637733541,0.22077878488679,-0.0863783950238675,0.172182063672736,0.154065054984547,0.220834104222103,0.0308576538330929,-0.0911863229229182,-0.285837140251097,0.234132843904463,0.0744353551478306,0.240971615141636,0.232503964438907,0.142345398885347,0.510297059143717,0.32300171594077,0.175089521247906
0.776693125496278,0.657939614029784,0.245736013807987,0.748809109028397,0.718677302640432,0.545519028458404,0.197432765343532,0.0654052405017367,0.723614357414466,0.538415890322477,0.616426528005322,1,0.707486592881997,0.283407697344863,0.511179013008273,0.258767387452583,0.228598006762181,0.281316321498918,0.119748402327898,0.344592049056583,0.276595970301586,0.323058981634906,0.167212205483588,0.295025647197765,0.0250256298484173,0.117344270225521,-0.175779683460921,0.068881450160393,-0.144694165981429,-0.163108007492012,-0.406926652477377,-0.189004888939139,-0.195764634290707,-0.436653387711634,-0.400703861373695,-0.345015154851412,-0.170703026721954,0.0179611691851376,-0.368561036575377,-0.030037858543059,0.104378864594372,0.234345572316203,-0.185092968556132,-0.154367578876286,0.0633362937503942,0.196596982600687,-0.0293269079511296,0.127676761288802,-0.472105625094128,-0.428678985747917,-0.409849250758713,-0.367542306715239,-0.238742440713185,-0.289344827849077,-0.358340056882301,-0.492843687399583,-0.378006276331561,0.0415848434178015,-0.222021141533515,0.20054529118539,-0.205219897382602,-0.0732933452106821,-0.345551361535835,-0.264955568774017,-0.284337097908917,-0.422508324014491,-0.160905180157853,0.10359731631048,0.142115128937694,-0.155529503968178,-0.219331003218394,-0.0403918704839593,-0.0730905344573522,0.0211849017003654,-0.239450514715436,-0.229775769061254,-0.0696365255187897,0.0385040257801745,-0.0655769180433544,-0.0900828191931533,-0.112051862358477,-0.0435974864290483,0.341230832769125,0.445530775239709,0.517745085499828,0.759026550754064,0.204326907628702,0.311509839440508,0.494475249537499,0.715213021484624,0.520881462604631,0.312352842966382,0.796138556149833,0.185653898975935,0.485049801754655,0.274935367780444,0.251971448302831,0.282490866742961,0.345338945034743,0.230915989573075,0.0718423822769675,0.0625474048913485,0.0298564032115807,0.402419665768653,0.207690209533201,0.217782099185247,0.171767099032388,0.197957717345205,0.301530315681126,-0.0904634708019975,0.214877212139964,-0.0511509321351686,-0.205505929006583,-0.177662992450463,-0.228037427441614,-0.0537427453053368,-0.192289297011678,0.0260597448261869,0.0285339318648664,-0.263332006325869,-0.192646098950768,-0.120292636137319,0.196743055351357,0.252103629164258,-0.182219181948255,0.145800863088761,0.26476087627271,0.201929219957845,0.185899869348991,0.14918297788733,0.153668622840409,0.347021669714192,0.0326392050803146,-0.191110518476623,-0.255542888799162,0.070865125781758,-0.125796044674926,-0.240352503225635,-0.0808495866862448,-0.0291094947742012,0.0079821690298118,-0.15030852957214,-0.240506810621277,0.0945512862479537,-0.2389519121236,-0.249004109747143,0.119005520914651,-0.191858543272702,-0.179550468015546,-0.183608817253241,-0.350405083989621,-0.136490508646068,-0.176620672943696,-0.0885114579530487,-0.156043357409156,-0.0325373435952345,-0.0838747382889052,0.0387414479843848,0.0620582894346254,-0.0449101299837578,-0.170569033653257,-0.10745244217754,0.0396293133645011,-0.0347716576293013,-0.180920860430358
0.745610927763291,0.719179859675892,0.345713003796046,0.593078244500177,0.51855280939707,0.313403846051253,0.299709324752948,0.391956114669813,0.507245038754981,0.591501947509318,0.364034969726583,0.707486592881997,1,0.203272522309346,0.3666924206783,0.27022485157214,0.137831132567808,0.169119094182122,0.104531189941379,0.203071570487545,0.234965589717498,0.336258101852,0.0171367665634902,0.18066428398741,-0.0049381327152773,0.404928363361101,-0.0425612290625994,0.260167541100367,-0.0361446655147498,-0.147997639367851,-0.209224558964219,-0.266702380999693,-0.121929027875637,-0.431189280384047,-0.39996793040053,-0.197988805643732,-0.114289406285285,0.0185584644116591,-0.262438390891844,0.0926462035610089,0.0387451448575445,0.120082711799888,-0.181809507461925,-0.23308238952298,-0.0301883873441827,0.110971310964003,-0.124590340191841,0.128451266904623,-0.487462269431519,-0.329922841526075,-0.302922707199182,-0.212284699666452,-0.0932557423796364,-0.440187940996796,-0.304281391629907,-0.365552003552867,-0.427417064875715,-0.109505362200951,-0.191561913759927,0.172942609603854,-0.210900245818598,-0.0992270724943807,-0.345950044431178,-0.126381972979464,-0.244255084822583,-0.427229166117515,-0.147704973356098,0.110564546461498,0.0779542102241507,0.0707670829462577,-0.105411326293053,-0.175727524813581,-0.11077240269451,-0.225456448914958,-0.245230898590178,-0.242969055044958,-0.197670846554866,-0.0903798742420784,-0.139634296697007,-0.295714503997437,-0.232703884772025,-0.0777512723654846,0.418922253435614,0.569234999841237,0.738603497188086,0.603225148481813,0.381120778557628,0.198459372463596,0.334120524170905,0.505334298954122,0.357977374232936,0.598290857247521,0.499555091861598,0.546066521768441,0.307502813512282,0.20648328333126,0.041670081293261,0.173875111889117,0.181917349170332,0.0396146742112601,0.120012865681234,0.0722321214656101,-0.0652536132571172,0.310367574903344,0.146598453133882,0.162780289281409,-0.0143525158899821,0.220319078423817,0.27229353790497,0.133393930936687,0.23826265146861,0.356086508141444,-0.0638453853070113,-0.0196434242061655,-0.164563077642873,-0.13996888798352,0.014328178070123,0.211661851535576,0.0423663100219197,-0.309348738720609,-0.0074751462330682,0.0196708408211453,0.338582770040306,0.279535124909572,-0.006445431168937,0.247969915597213,0.297842921160617,0.167430740504291,0.115188353468477,0.12931790216741,0.147093803765084,0.241891806423193,0.0645871323883653,-0.194770316950239,-0.0863521691254581,-0.0231250058249554,0.0198768524320527,-0.368069209244998,-0.0319611906311606,0.165046430210293,-0.13323036412548,-0.295256700256406,-0.389647317356383,0.148679599632214,-0.281915708522261,-0.0890781641311518,-0.150265237449322,-0.364953177287079,-0.306516549231453,-0.264849614299327,-0.502447905086074,-0.17071692216255,-0.255580243748144,-0.160212983031824,-0.229667324497593,-0.134059566217425,0.0701817445764925,-0.1600541935872,-0.0843641283759543,-0.090519143932802,-0.353031163629594,-0.316200972290301,-0.0910273252650468,-0.208464452903264,-0.358272818063413
