1,0.732018017419918,0.537604052980861,0.815542571905665,0.556899015867226,0.731261693733431,0.562649825849927,0.573959359828871,0.878908980219541,0.875260925636801,0.797881335821082,0.814791726799722,0.930708835830017,-0.135361950562879,-0.079816954695317,-0.144432376010411,-0.0405611108628873,-0.122417933706369,0.0906174668321477,0.328828871415596,-0.240316744092723,-0.103139826029488,-0.153979046659118,-0.216170309237524,-0.694778879956465,0.139731791296809,-0.178913393071832,0.683726714165773,-0.100476209029548,-0.275826045368546,0.522204237630106,-0.261413876772449,-0.127171362587252,-0.418447713891974,-0.422292386428893,0.187628090898224,-0.427769377342597,0.0736638769480637,-0.307557517044124,-0.0130132412966794,0.0702073119964561,0.0155814983575379,-0.179971580368563,-0.105534375323933,-0.107905893976272,-0.307690375844688,-0.379131150640141,-0.00161058783157395,-0.543257958253674,0.12651203999508,-0.0277477461610104,-0.21817409199918,-0.343798769248027,-0.498841003841548,-0.219994032222163,-0.150103685497832,-0.0727296296191742,-0.0137331071520616,-0.0493039467370047,0.0439544350666643,-0.493284629005639,-0.333316178074377,-0.602216323942076,-0.397823162373622,-0.525158894811066,-0.541222420678418,-0.503952491085728,-0.32350210520714,-0.147559586885452,-0.490269829743586,-0.512315304963934,-0.11682578001772,-0.100598630914558,-0.48478693714764,-0.349933784432642,-0.425752028191438,-0.266162083396503,-0.054142816206271,-0.316526223838193,-0.302623651936698,-0.363966205429958,-0.006376498511484,0.455174609945382,0.746866259617652,0.897382894577238,0.825546066821355,0.689398550390796,0.78392588360765,0.705923675368272,0.880643135811022,0.86548511798015,0.856628546750286,0.844678021574832,0.915654064638658,0.0369642486008738,-0.176757188775512,-0.1039730259883,0.0542805835874549,-0.215090369336934,0.0818671743047808,0.10451039925075,0.118440571051518,0.0183969981461325,0.196689231150169,-0.351904848925518,-0.0186452356315825,-0.164121540813676,-0.0289441842139846,-0.185669265973387,-0.489968825482895,-0.56528667912783,0.398586717904679,-0.358089363105831,0.143624433383039,0.136525760591612,-0.256937008911833,0.707980154408357,0.593824491959589,0.486061592906397,-0.0407344626529085,0.315979447240746,-0.222128519502062,-0.0934105352498927,0.0539575104763548,0.387256743615999,0.133951519131841,-0.163361654619411,0.169268004570799,0.208595467328936,0.199490989700951,0.233029166222459,-0.121081110332941,0.0863211037124898,0.0381677491274198,0.135140252126818,-0.213578117907169,-0.419826468130797,-0.41248555570881,0.135008447542611,-0.176540243766744,0.0548962405683444,-0.138382619131057,-0.294348957102612,0.786220154155308,-0.0739547602363113,0.229334909598647,-0.175725484561191,-0.299699323217253,-0.384364940673027,-0.484456040176439,-0.412359929186583,-0.590709761031014,-0.552840535939941,-0.309743666601978,-0.5219691513733,-0.538189838794075,-0.380997399821012,-0.19491404582489,0.0408544236254846,-0.41550079889345,-0.184762535709287,-0.295955518328882,0.205458871306666,-0.351783371072329,-0.0784964683192324
0.732018017419918,1,0.363198474108435,0.7958287830889,0.148234738611756,0.865818315242876,0.284925790580295,0.873741745706617,0.727233719651642,0.585058833195573,0.564114005482161,0.806446977509668,0.767497613364561,-0.0604084880353551,-0.0309669336995907,-0.231709528116134,0.0303614382944788,-0.0501917921255418,0.0364932685982699,0.0841930632902902,-0.120777559485904,-0.160955365039638,0.0948757607974911,-0.0445909611856427,-0.540035272482661,-0.0865596223781136,-0.191933573439461,0.440917686910116,0.0280049539966561,0.00512179301625614,0.380340693110089,-0.148787132932681,0.0145273476566459,-0.173792073143296,-0.476220119098566,0.138001559448334,-0.121713753692836,0.186150593520455,-0.0922245128030455,0.0427549599625491,0.200362913575441,-0.00534446798859155,0.135077531433303,0.14504484784695,-0.0207161871446038,-0.153686934256231,-0.137224112693019,-0.115558192540282,-0.288789157098287,-0.00736978126142534,0.121684221037404,-0.495831362347793,-0.374343557903626,-0.437933740911446,-0.0196409379194507,-0.228313907934607,-0.101401882813487,0.186005813991708,0.252586501007429,-0.229721055147137,-0.44887791060736,-0.475838149565321,-0.560921535827865,-0.161899881399956,-0.52820849787566,-0.481482734572106,-0.589391585630053,-0.249745148944531,-0.409730614214275,-0.405254166269811,-0.333495965931272,-0.335165639121201,-0.393375043321436,-0.42229972373283,-0.442076725485825,-0.342238038702279,-0.539951353867663,-0.387929956916401,-0.509902201722733,-0.545857292902141,-0.432992485703976,-0.402851405310647,0.136169346720493,0.386516750439474,0.900354559642098,0.548333076230475,0.544472729463209,0.869282932548536,0.247816365312676,0.7875653736725,0.55922196946463,0.588000991526008,0.615481788369113,0.62448862016926,0.0473441361997883,-0.209697456444214,-0.128828383858201,-0.113388398901698,-0.119750688969843,0.142208090808212,0.00155857346665651,0.142527498323036,-0.0552830184201728,-0.100346549237925,-0.194117949017778,-0.278184239448999,0.194332953940988,0.110492169771367,0.0881462457726844,-0.320012605821431,-0.45016202008397,0.196609549026355,-0.459888181039063,0.144920979352443,0.157897452280876,-0.0881747993666436,0.52200900150286,0.567591608760968,0.52069988017642,0.156873339333518,0.235025137520412,-0.1641829385387,-0.0397383976610304,0.203743563940295,0.382759458004836,0.0863533552358474,-0.106235296606562,0.366727266324437,0.274681538718107,0.389278437980108,0.234129240471755,0.0557238360451961,0.300980245464834,0.156062316107659,-0.0162338444041959,-0.0357020773030249,-0.651809782538796,-0.136394618253656,0.187675069970329,-0.206766364850791,0.371180587298097,0.00120553246396297,-0.16164505675245,0.525779375968571,0.191308763847967,0.126157341833256,-0.0928566084256563,-0.190338025516305,-0.571410869753741,-0.318790511760661,-0.332351863343181,-0.529703781369697,-0.540117167543607,-0.271170238561368,-0.496127260233881,-0.416709325734879,-0.247447529110109,-0.296368176088312,0.00143097025738186,-0.533977436835696,-0.305611005929346,-0.382865212525986,-0.111420271179084,-0.44024631204543,0.134678217390024
0.537604052980861,0.363198474108435,1,0.424668196980968,0.285782800710245,0.340593737778242,0.30961913093482,0.333001189197539,0.409787515583498,0.588425102087211,0.424967628788497,0.332701942167358,0.517534214173393,-0.156391958088677,-0.143360467351803,-0.29345977671273,-0.211598231543728,-0.00248693053349915,-0.174363189723928,-0.0214987410461288,-0.138779605030106,-0.0918634265560818,0.429554051136161,0.190513307535698,-0.325432802271553,0.316465126315948,0.293667213786566,0.866094576529702,0.518846307589101,0.255649434800952,0.83234265144387,0.120186139342855,0.333210896462647,-0.0414370192448688,0.0813342699029844,0.526905417981502,-0.104624429895845,0.315038638262624,0.166413750940075,0.106851848347277,0.100018272486978,0.3065361837199,-0.0625219114533219,-0.0498868980441102,-0.286269495179458,-0.274710576566375,-0.225723664790155,-0.280628480776262,-0.0661458154777379,0.385020542187756,0.530531177974742,-0.167600179483472,-0.371722124036013,-0.396373087004881,-0.0107231293986699,-0.146289211128859,0.243622947571697,0.221954999952746,0.121709687051221,0.25136054064825,-0.424423434477083,-0.478068020253412,-0.473720209433822,-0.374642407530056,-0.383871804217411,-0.278749487830781,-0.346885887749738,-0.375645449300015,-0.248142984718401,-0.522788715328588,-0.491261180621895,-0.294306185489976,-0.228859748515636,-0.499528711477316,-0.360494255117454,-0.150086342166585,-0.266729651220308,0.0651451242992651,-0.222741862635673,-0.29633720809835,-0.253761701738846,0.308210669535199,0.497197287924499,0.450704505439061,0.430578124843699,0.386312642568679,0.443930041825995,0.409194585296186,0.286067241169332,0.439852227376422,0.419062353159471,0.393669398926651,0.37704327378376,0.605272651765308,-0.083629101432046,-0.217604455849037,-0.304765239306201,-0.249802163203953,-0.105062427415786,-0.156907405869131,-0.148896277460736,0.0487178711539852,-0.234016281515463,-0.217531293022208,-0.216962605993368,-0.305123557962882,0.219046399179897,0.199648595513403,0.105222584549059,-0.333969103377701,-0.169306600643351,0.777970639809642,-0.317346458679482,-0.060388183894302,0.611889046917065,0.148950942879201,0.772109470600514,0.795545085485297,0.372399598038524,0.253868096822136,0.597975075244589,-0.266739420089315,-0.206873068519442,0.173217996531635,0.255267072222047,0.163452002696025,-0.0936270875296701,0.0763293543928894,0.116491943966921,0.0917080364927499,0.0369730365633788,-0.256081609686711,0.413075973456535,0.430044243751038,0.489569288001128,-0.320024026732605,-0.220505724290511,-0.293796808333601,0.381962426594041,-0.257576966388929,0.0507533734643418,-0.0574862906137615,-0.223790726921453,0.497359659815389,0.168595723901713,0.225121662198222,-0.256485309813515,-0.328027655356664,-0.179088867568842,-0.310912639610128,-0.148490832493689,-0.441012996788022,-0.463173521306365,-0.368352637152945,-0.364626599715973,-0.464442156385358,-0.471980912226662,-0.348443096623751,0.0260538284803765,-0.366769214799831,0.0067807198977768,-0.143165264417734,0.286761598797586,-0.1604061071669,0.128864451126513
0.815542571905665,0.7958287830889,0.424668196980968,1,0.378805225911034,0.783575268496215,0.397205988512207,0.781291975695259,0.875644694106854,0.63696046807273,0.84049552723306,0.917433622230666,0.902195799780398,-0.0177449801596785,0.0348160903197063,-0.0882139132853463,0.138405595199215,-0.0432017029548629,0.101832072015893,0.198460345649634,-0.0520156492963838,-0.117247519501289,0.0760015490611352,-0.0190728310966333,-0.549063334644128,-0.18214185188076,-0.177951903959552,0.524112380745007,0.0383531602829741,-0.0841885829335562,0.41722234263304,-0.146032371407955,0.0715801812058075,-0.282733141332354,-0.331210874931532,0.127126344282327,-0.136824779030377,0.209479672679732,-0.0381627364157465,0.162453183313893,0.26406208563655,0.117592290289957,0.172480291854382,0.182335246385319,0.127390748302851,-0.0411231871212119,-0.0641893451473605,-0.142236049988193,-0.341711688553933,-0.0323810436859302,0.0292337730690972,-0.31623559066183,-0.432591164135521,-0.388541449316876,-0.114408112106307,-0.293766338524631,-0.144319900264987,0.183217980626803,0.161436134468838,0.0290270972585357,-0.439019636574403,-0.478389235389748,-0.628216866208081,-0.340807033317581,-0.590476530846853,-0.496940810693139,-0.6077315140791,-0.240402352980592,-0.301044862092654,-0.381281242367156,-0.438879114638741,-0.1467538141958,-0.336120771533323,-0.344017345670547,-0.429120817533368,-0.415529578872056,-0.432195895992797,-0.306245521155589,-0.494333799193603,-0.541408922667636,-0.481678611851292,-0.282528014891874,0.0398669443832959,0.485234257291717,0.830418883870512,0.839263073032058,0.62807244345666,0.80884676928936,0.43884836386762,0.889221644614842,0.772383363330334,0.618734586700495,0.888672509908402,0.675744771268805,-0.0500838806849727,-0.238705318792719,-0.0554166331761815,0.0773562886406344,-0.0131972615050859,0.170576708264345,0.110540736860884,0.270356462011578,0.0806864928426105,0.083374653363676,-0.0522577616696074,-0.115411471960783,0.0868216004050201,0.181056007199615,0.106790891398733,-0.382350089065448,-0.416134755251633,0.177106499890502,-0.342303237883736,0.189850173190336,0.0698295608546361,-0.111274356547929,0.521995197170335,0.567432865740115,0.455497899734452,0.0734028871848972,0.226911717319469,-0.27955395515716,-0.0980935100994937,0.225430055014766,0.410255719033074,0.163881487612529,-0.0400136224104984,0.378716744841908,0.395394024726844,0.372346113793072,0.264855939827002,0.125619775498887,0.310112998872136,0.126445464098373,-0.129458539438802,-0.139377504759138,-0.625707844120212,-0.259913494430536,0.0383759535298054,-0.41879482324978,0.148514980336022,-0.245671229506349,-0.377952787637954,0.746723457112043,0.0959618486271776,0.129392390271097,-0.189249615250992,-0.272433831461631,-0.643224809809951,-0.419422972741198,-0.478249242365867,-0.579378307641595,-0.657827818938019,-0.444526063798577,-0.622192510207016,-0.46321175814577,-0.28508081963118,-0.351637074133012,-0.0707171377358647,-0.690826479936565,-0.435196238148047,-0.513996091309404,-0.0729049846650701,-0.530555644487705,-0.0168153833691258
0.556899015867226,0.148234738611756,0.285782800710245,0.378805225911034,1,0.303115799053622,0.505145856564362,0.0179931134347522,0.609789573065759,0.613972418728554,0.559857088022585,0.427417789751605,0.4882568244614,-0.28586639347686,-0.179141554437442,-0.0864056284819217,-0.218844909333505,-0.238578658922693,0.0339987194549435,0.296442381202678,-0.263783352741351,-0.0149183790624858,-0.281966744180664,-0.305809806939894,-0.332869057871675,0.394586510733558,-0.121664404985338,0.538126558483637,-0.0649341852576479,-0.326057785493004,0.395175336977277,-0.261266144620409,-0.218892454706944,-0.384960907750774,-0.00655782998056631,0.246505264795687,-0.549714118253845,-0.084617042533932,-0.293191764022162,-0.132753463381751,0.0490634509744127,-0.0759525833214314,-0.320983777638419,-0.274179738748224,0.0165862452824197,-0.335797268819059,-0.35113257907528,-0.000385321031132844,-0.390749295866141,0.392252935646921,0.0384268884431873,0.217640584833487,-0.00909803985210999,-0.200494362296418,-0.0579895817466303,0.233021148813312,0.158232555562898,-0.149589179495263,-0.351575874204295,-0.067214324670688,-0.238517130180608,-0.0531459708685235,-0.227472082706058,-0.441290444958503,-0.209841867818367,-0.352477942955291,-0.0296950129108552,-0.0859045163486324,0.242497242398222,-0.271152774977951,-0.342294388732245,0.172654417209499,0.298862710570077,-0.162577015383605,0.0244772124143891,-0.0981130473451053,0.231831471401868,0.448127227017085,0.149341060523342,0.163879585464123,-0.0907218302406665,0.395160581382356,0.466508139666358,0.566711437014899,0.397466068224665,0.56203891987876,0.34772912929699,0.392381014407914,0.877475144064272,0.480102821129388,0.728249561956639,0.544554789969395,0.594793314473318,0.568828826054323,-0.0914577376706636,-0.217000787555767,-0.0138680801166493,0.051805056643806,-0.311013024842808,-0.176625491231006,0.060323956237766,-0.0371588753218555,0.132703741293078,0.279749282764656,-0.355030725453488,0.215282854238814,-0.36686266048379,-0.201155691622696,-0.428376805889049,-0.318464288584787,-0.370908842344419,0.300608659268593,-0.208878768968028,0.0163610591526004,0.130278617069834,-0.285658940705995,0.472068199923138,0.178742696627791,0.117800508398669,-0.382157659545675,0.178822677222974,-0.288009819827378,-0.251149736482132,-0.197353407198955,0.0859975022114199,-0.039630423567981,-0.323746517906452,-0.0975067226979626,-0.0613621699607546,-0.113429437243885,-0.0310122739790124,-0.226431149011551,-0.26492498807951,-0.0481076592125471,0.259048532993793,-0.347177736516984,0.053503421862968,-0.570439640823576,0.00486710799501381,-0.0767250789188694,-0.321866094462239,-0.203628706253971,-0.281600983295311,0.556867449998617,-0.297502588227673,0.125764430871551,-0.343179194841416,-0.272973309053477,-0.02970267875839,-0.475515430754893,-0.280635560754056,-0.299941581856671,-0.230265936375851,-0.253391130112739,-0.3198835740944,-0.447770233856677,-0.319311979940898,-0.188468052554292,-0.0902024432517352,-0.101474535793715,-0.203853453291054,-0.102944540244755,0.395597039664811,-0.0670170442475342,-0.277474512986625
0.731261693733431,0.865818315242876,0.340593737778242,0.783575268496215,0.303115799053622,1,0.425059031809984,0.83110347341678,0.859316416152963,0.584358212211628,0.60994911071917,0.834619529778077,0.758764583924307,-0.129616849341417,-0.0455469858092018,-0.185264371993099,-0.00571934692807727,-0.0542050550193682,0.114980462037968,0.107044293428753,-0.22694696508053,-0.143708900777279,-0.0222533705890141,-0.184602568379709,-0.593861901839054,-0.0130041585756073,-0.107879584901697,0.424984311122602,0.0553290458090722,-0.148188638404512,0.396079605861967,-0.189741499723843,-0.0779790097639918,-0.351067630591291,-0.413680714573088,0.294368605583765,-0.266240862418454,0.262653812957911,-0.0191105234740631,0.109830627519938,0.0688826253450286,0.0134543200873309,0.0352644946860519,-0.00471709841558427,-0.125478701222553,-0.286888107278442,-0.253715576434541,-0.0742952579763638,-0.381921912216648,0.0370564453259945,0.133219452651201,-0.222451540185284,-0.32195439718814,-0.514565093774655,0.0392577799909799,-0.132436324850326,-0.0511279812304865,0.0376381891381155,0.0332765843358793,-0.142445688042104,-0.485298683724375,-0.472137930131587,-0.567712823172214,-0.344214290521005,-0.513721512479153,-0.534790535481486,-0.498140233942738,-0.2384888169079,-0.173102244798773,-0.458600730104428,-0.403921892274788,-0.190747113703249,-0.160945162126314,-0.477522544290999,-0.260354380224383,-0.386518078092238,-0.30004173402399,-0.229888403401314,-0.384928911882997,-0.399554379542667,-0.349052845276631,-0.283115714383515,0.211635920362949,0.478462885692205,0.802470538688272,0.582700564603542,0.402720675545005,0.952801057230249,0.423742632020065,0.886792395143351,0.699725137002416,0.535290461385567,0.679211406680563,0.608328621864185,0.0378942655834526,-0.200671847947533,-0.00862368896732061,-0.0237010359897993,-0.152480074574119,0.0873145018246566,0.0933879757828214,0.0719531387080007,-0.031628629657228,0.0151804180748486,-0.296764657584125,-0.153842434451363,0.0627401003247228,0.0452138111099483,-0.109920025014981,-0.452443195266456,-0.560090833412464,0.140720533591214,-0.442647658567901,0.185485893540117,0.0949951401450486,-0.173108659219731,0.460564125439431,0.405944181528821,0.430184104262494,-0.052669331033542,0.204057938925018,-0.209422917964132,-0.128470363129131,0.160273961896067,0.343746556966174,0.0990064708359011,-0.0930130396689053,0.168827205420662,0.190493466581423,0.217824083365817,0.154931219144974,-0.0975181250913919,0.190871286075733,0.108337710693391,-0.0716541096814763,-0.172075202130171,-0.539992748327755,-0.361114110771052,0.190926741124388,-0.195619991919266,0.0628725680584425,-0.107779220483814,-0.231916847135124,0.536474735173476,-0.0324752055498147,0.226539308847368,-0.123981103138622,-0.127086769151312,-0.458081046967274,-0.394030797035757,-0.385709068340491,-0.57190562315705,-0.456477616612854,-0.332956172540014,-0.458634483057466,-0.432508510384807,-0.312654211622281,-0.232389621806642,-0.00860854928541465,-0.412560773255668,-0.266628842834256,-0.263975773055393,-0.0195651970684329,-0.383501538677055,0.011865906027944
0.562649825849927,0.284925790580295,0.30961913093482,0.397205988512207,0.505145856564362,0.425059031809984,1,0.2339783049033,0.514100001423388,0.593760183519744,0.370412042028308,0.385978901337948,0.498111878935182,-0.409813161274599,-0.374024380580702,-0.265673692570538,-0.320237262567033,-0.270488957016575,0.0417885046403249,0.00288114661369773,-0.452252459787895,-0.136793013336002,-0.332137702613279,-0.42571106301983,-0.462419075697588,0.460903044205341,0.280757913464854,0.429563283393381,-0.146165241819815,-0.302094805109157,0.302517826275576,-0.197079097584913,-0.407252396231274,-0.441968352574646,-0.161977784263509,0.169466361181607,-0.548973605684994,-0.050322794926976,-0.408814539015315,-0.227603882220462,-0.408937504920285,-0.222967054516418,-0.556150692681202,-0.511481779079065,-0.403190065284223,-0.565976973268633,-0.647513263274333,0.0423140430767029,-0.290179929300532,0.42366543412008,0.0778879384759784,0.22110300663838,0.0685442251338122,-0.113507034617432,-0.0814137910950803,0.243526182853361,0.077721372189499,-0.114334582315826,-0.167125580672198,-0.130399429152879,-0.13140331323947,0.170940934053343,-0.0488973402235978,-0.134856628144904,0.090657394519348,-0.0493697134870593,0.13724801686865,-0.178353494387129,0.359789516851845,-0.261607937417747,-0.346485488825486,0.0803832875657163,0.384629531393817,-0.458817232374874,0.10720664366413,-0.00300638045213216,0.265944705408026,0.164660044968509,0.238430524498663,0.217912508430427,0.237626413816607,0.115104404678375,0.481452834170769,0.494072082878023,0.428011715529308,0.400772787420423,0.285391288712148,0.422055591244203,0.587994259008341,0.453241693380974,0.524966170797093,0.499155044901395,0.51785517876567,0.508593386073974,-0.108242176983537,-0.132905041871016,-0.152350914513549,-0.0340026263731906,-0.327770080456206,-0.0950575730665577,0.0669633558811551,-0.325043118501431,0.0776991273170684,0.140283549079768,-0.554522546601467,0.117861476771047,-0.385115916629104,-0.111640526016222,-0.61681536694418,-0.433412000511123,-0.421528225765163,0.312493171662572,0.150566193983092,0.0704137105464235,0.0582789921162541,-0.285618928982873,0.424304742137482,0.147900610967869,0.0849363753384681,-0.450937243320972,0.00639156160210629,-0.0767636863399745,-0.0620808732229814,-0.226113932823384,0.0541595825642039,-0.0627880577762838,-0.3477390716705,-0.315329068283076,-0.264839503086825,-0.316448689432469,-0.218792516239216,-0.44335014428134,-0.264559278143239,-0.10799532503416,0.270297444410506,-0.399339736174514,-0.107123308547843,-0.537483804794676,-0.0400971730988396,-0.0200116990980809,-0.318279305101898,-0.0345393275976134,-0.151233520261426,0.365166868327966,-0.220332662277814,0.120076512745533,-0.408607143444476,-0.179105996090538,0.0432010952399008,-0.304340346392382,-0.173837109502425,-0.186617887556218,-0.0846334112711095,-0.0776703820093807,-0.0403027230757102,-0.304054383077122,-0.342757228251133,0.0105604714924666,-0.136450677011365,0.01008241498009,-0.189613526740824,-0.000480634239459091,0.172350899190806,0.102620522827675,-0.0324356472439508
0.573959359828871,0.873741745706617,0.333001189197539,0.781291975695259,0.0179931134347522,0.83110347341678,0.2339783049033,1,0.64470025264148,0.438499876025058,0.515543845301921,0.783793646011597,0.684739798983685,0.038693431694826,0.0202058014315953,-0.0702959090139867,0.19826833879653,-0.00483573434178935,0.0780145396860124,0.0177631872840123,0.0595917017805905,-0.0893098393920907,0.238091069077598,0.0766267281831403,-0.422475381749173,-0.215089450381739,-0.150453640492055,0.317424373257521,0.0735429792268564,0.108959287722369,0.305791553996899,-0.133727727939812,0.163155710686116,-0.188446645879479,-0.450701811708709,0.117307320962939,0.0317199512508117,0.291589802576983,0.0681536457894246,0.261903784156359,0.22084435481046,0.157575871098022,0.269569127291932,0.219468258324876,0.0256253946847539,-0.0507302356631682,0.0228458064128784,-0.194908466707477,-0.27838273174556,-0.116125808297911,0.0797413600937228,-0.389233177911674,-0.42320820110739,-0.368870203524685,-7.26119753524859e-05,-0.320221586413309,-0.198592740041371,0.17086866207241,0.260440994407912,-0.154240450452672,-0.445473014567232,-0.55926443649307,-0.584648889316025,-0.283079703897366,-0.546899400489287,-0.461636807541452,-0.586902684763853,-0.229539799109507,-0.336192887304922,-0.378673837646812,-0.351004299034988,-0.2315764999674,-0.378914584128228,-0.35473075221261,-0.434356627795853,-0.375420014111945,-0.492426624154433,-0.454632549677067,-0.484772951943493,-0.571736442943351,-0.431588368112835,-0.484349707086965,-0.0752068211178452,0.230822979032807,0.725015123930703,0.475232320781064,0.528610226475949,0.788847530293903,0.0961152730324843,0.691631317517194,0.453434409144538,0.407826187278777,0.571681175675688,0.428097827891384,0.0380349613914883,-0.175833999877907,0.00259926558080213,-0.0166320823072161,0.128567138011352,0.225337983540372,0.0577965895550752,0.240319183774365,0.0144779181348709,-0.11952132147534,0.0162168216021685,-0.257519800911108,0.384541063624294,0.263915755543781,0.183500980568654,-0.382968560718358,-0.325961569332879,0.0926204230956905,-0.384138531282596,0.200147734410275,0.146917117480072,0.0993181097094146,0.385490101757484,0.497312472927906,0.441728326518924,0.076841532613024,0.221834866936284,-0.270805491917618,-0.123415366381756,0.347410182304506,0.3974084009448,0.178918967739581,0.068355303324505,0.358921461583222,0.410852897462392,0.406665724718783,0.128630975720345,0.139180049547384,0.374814551469161,0.212796394744815,-0.194445129767334,-0.00496402057786179,-0.642518706401729,-0.113686479349605,0.19377429002999,-0.426519838628644,0.287861627852968,-0.204710751568904,-0.309619637626459,0.444131064880328,0.204999290799915,0.190161150112802,-0.107584604904723,-0.188618199864167,-0.667480744138254,-0.358844137656669,-0.400975888038868,-0.52768853991558,-0.557725918237389,-0.360044129507411,-0.550161743651078,-0.361522893849247,-0.244021996873616,-0.248087472888482,0.0156545812432727,-0.609607055151293,-0.455374921835983,-0.51947813275722,-0.219706198517919,-0.485254755321122,0.0454366485979462
0.878908980219541,0.727233719651642,0.409787515583498,0.875644694106854,0.609789573065759,0.859316416152963,0.514100001423388,0.64470025264148,1,0.756933405735728,0.844959762918494,0.891902975467833,0.894763756414024,-0.149245600040264,-0.0335118100441088,-0.122419359022677,-0.000840161443964742,-0.0717116613107143,0.133329502638355,0.314268009978527,-0.23756607959159,-0.0899959125643039,-0.12215202141344,-0.212011312045461,-0.631786432558076,0.0243472336437083,-0.181225234162746,0.590599253661546,-0.00692332203033043,-0.283940838889317,0.473954105041743,-0.213764633322828,-0.102024568761373,-0.442937262877913,-0.346333670617328,0.259770429052377,-0.3978320465064,0.171932302286435,-0.162095744567153,0.0958960912567424,0.141095714884378,0.0241062112911067,-0.0707630764736245,-0.053898258453858,-0.0228668924599489,-0.259527085544618,-0.287592351123706,-0.0418046848204805,-0.521006127622642,0.0692150601126494,0.0251756235970822,-0.103995324448709,-0.345801948746251,-0.488579353582982,-0.126209932841523,-0.158228400409513,-0.0816227557767963,0.0168135319588914,-0.0663753131448398,0.0180764989687668,-0.555386835483081,-0.426284783132999,-0.643808878295118,-0.488440465037772,-0.567226682977655,-0.597257254405106,-0.523453398642823,-0.288857455468365,-0.0959245983779158,-0.49653758275714,-0.532597657768146,-0.0650591237223639,-0.0947281650619972,-0.40343108394745,-0.2978091760352,-0.471146392343588,-0.224612567056887,-0.0305797866954279,-0.319319713345413,-0.3296931548617,-0.374577253731933,-0.0771127955740159,0.281928866541638,0.669615696118825,0.826037216028103,0.812319123158115,0.536380124499702,0.879412675206594,0.720839392598579,0.96566360711445,0.93789615858116,0.716804732735055,0.894936473882727,0.792391936241287,-0.0122500754056173,-0.224713400341395,-0.0220901537835859,0.0912368746709175,-0.193367631600329,0.0815375767401242,0.137057163745562,0.169189182156441,0.0753580598580099,0.249629597788646,-0.280543543932676,-0.00314461241890302,-0.138278410061524,0.000271141062615077,-0.171996131319049,-0.438471506499377,-0.58120381697528,0.211277071796242,-0.415845929314245,0.170734086714346,0.0604143663394055,-0.287546735101384,0.571222440649089,0.461720583123902,0.473324854314071,-0.111098827052421,0.242231167791325,-0.270473560904665,-0.150318443617137,0.0864471915000148,0.391301671668984,0.153392608712701,-0.116386350019039,0.213149158057502,0.226277910154257,0.232324398537375,0.267729443927318,-0.087195536271666,0.107229196242061,0.0298049173874826,-0.0247841104784964,-0.244085585461322,-0.468161912348443,-0.467831493302528,0.0366603953202419,-0.235652380386983,-0.0676056662728287,-0.235344115745602,-0.351878644071914,0.775103208363329,-0.11635270518092,0.236284105614916,-0.191099789633384,-0.248485959419323,-0.430632694978753,-0.51616177973163,-0.494430847998289,-0.649689221561205,-0.569838328498687,-0.384832993330436,-0.549679148185974,-0.529543191100513,-0.383014031616877,-0.269550683825911,-0.016915615726742,-0.474360913520268,-0.282970199901558,-0.322616165580498,0.162861392708057,-0.396554238619611,-0.0970031203806839
0.875260925636801,0.585058833195573,0.588425102087211,0.63696046807273,0.613972418728554,0.584358212211628,0.593760183519744,0.438499876025058,0.756933405735728,1,0.694133513412372,0.688769473196688,0.848029956857807,-0.286416449759528,-0.226090067013101,-0.289561888430752,-0.305759899594185,-0.334737433177459,-0.144316391421209,0.160697440293016,-0.330615241697905,-0.133451224726134,-0.208762845855331,-0.271502258743677,-0.612451257674546,0.198803093249072,-0.0856881446833589,0.750135014248043,-0.15928805136677,-0.298285387715145,0.536146784290264,-0.160647011175593,-0.1938500945653,-0.410554685861216,-0.311833342533581,0.0967134922849687,-0.540846147875725,-0.143791176523805,-0.408972480468062,-0.17298764867623,-0.115486912680301,-0.166491518656764,-0.41888176285898,-0.258141245151792,-0.303578285063968,-0.341139370324661,-0.53230170540226,-0.00633113681888221,-0.46814310284836,0.241220437053876,-0.0178780641885852,-0.182727925576288,-0.233893670397768,-0.45283939634565,-0.315622842400907,-0.113412380133061,-0.0395820457392133,0.00251452189559283,-0.0700562399667896,-0.0906535595731722,-0.390132437946569,-0.216228730360638,-0.489642713588218,-0.394779655976468,-0.351267264009663,-0.372189019231699,-0.335034450899769,-0.298629550210906,-0.0510462541567109,-0.450717164697038,-0.514626719374072,-0.0802001976010749,-0.0158992471616617,-0.464516146780537,-0.239678146285921,-0.330106595563965,-0.171556007344778,0.130807088526799,-0.137536646863512,-0.123974444248002,-0.217313712532122,0.194884587516965,0.5195427953085,0.751147914554568,0.777027516707214,0.70987522519586,0.666690056401003,0.653047513228903,0.73718494701249,0.739449780200389,0.77018204833881,0.896070439457299,0.723216296007439,0.925407622528488,-0.0769857091174325,-0.249100942880138,-0.261783851916837,-0.060987061012667,-0.384155696858111,-0.171575744604001,-0.124224803386448,0.0198518632681334,-0.0991984285290343,0.068082569691237,-0.428894480428377,-0.0624898850259073,-0.267172905429145,-0.15335623216545,-0.298141908592773,-0.445844152480908,-0.44673694710098,0.436807415742326,-0.291926085099153,-0.144302799280982,0.136540622429297,-0.339933457762216,0.723039290528815,0.595591967759811,0.409739405395843,-0.121141523025128,0.258602172359503,-0.204287217250686,-0.128577428876546,-0.145444933224842,0.244442201317207,0.0483271165892379,-0.312633211421362,0.0330676130416267,-0.00602110441577998,-0.00326129463929424,0.194536129051921,-0.236885336053308,0.0344639648410756,0.030146738179377,0.25268204860704,-0.225540187701487,-0.244524550711289,-0.406344593012981,0.0416582405950377,-0.134172410877911,-0.0451762875742225,-0.0934346671248608,-0.191816151887735,0.729092003449519,-0.0862548028295662,0.138183670737555,-0.181152103883771,-0.218937485166764,-0.168441987998361,-0.389834910948528,-0.271844283059889,-0.456499109102982,-0.378934695580512,-0.234882487496671,-0.361714886038591,-0.499006311692072,-0.346280256837509,-0.115977833064113,0.00612782691451501,-0.262195859026058,-0.112601025524883,-0.198157199189796,0.351773052575862,-0.191376126525905,-0.0350834769025438
0.797881335821082,0.564114005482161,0.424967628788497,0.84049552723306,0.559857088022585,0.60994911071917,0.370412042028308,0.515543845301921,0.844959762918494,0.694133513412372,1,0.82961772612517,0.824218065847423,-0.0230804206175499,0.0681461661741903,0.00671061192243119,0.102905898167028,-0.00263822324761734,0.0802962615468257,0.33881826644482,0.00641017930987435,0.102512367570738,0.0344661131394011,0.0274917989068369,-0.487981528617231,-0.139384891843431,-0.303914237764714,0.556362846918975,0.058638497574727,-0.11158925551766,0.424825968387432,-0.217491081932224,0.0623361136782,-0.324646621522906,-0.261050855273588,0.0999635574404734,-0.226930146904597,0.112101157781168,-0.155230938630221,0.19055755281201,0.265778062901345,0.135237480481916,0.0725269594305047,0.163716715082976,0.148149448325831,-0.0548718314677503,-0.0435805715705657,0.0014756783546666,-0.475012519682746,-0.0695630924202552,-0.0278125825977032,-0.209525790586303,-0.456782625599725,-0.356707447620694,-0.273505764756656,-0.364229259502203,-0.200171987009554,0.0769675521279452,0.0451431080420338,0.149948938058394,-0.471398464519885,-0.447551833942324,-0.644518598396635,-0.473517330729236,-0.624171030120131,-0.546272107538272,-0.605418400981879,-0.254623549879139,-0.192281354961542,-0.387827092931348,-0.5406883876001,0.0082525946553481,-0.258863481224803,-0.261637782574795,-0.458951738335447,-0.492604006207358,-0.325619012020327,-0.093300562643069,-0.426740496634158,-0.432931400095575,-0.49843647867446,-0.0962320823514114,0.176195740284735,0.549913490085457,0.679398485366696,0.826898072820222,0.630778953871164,0.631050506443532,0.638706112495591,0.812207262570248,0.856119204803789,0.64555522191685,0.913211912414415,0.678290326293273,-0.119302127174294,-0.166248691532938,-0.0349601502626388,0.136642534475589,-0.0980901964189847,0.0682581054267698,0.0826236103458817,0.322214597990963,0.146484099125828,0.213690266872082,-0.00802611012125793,0.0276995433909909,-0.0193572521813992,0.165689926541791,0.0604714034529226,-0.359249797077201,-0.303063727671009,0.266660051356752,-0.368392990166755,0.112803636856265,0.0996060930652806,-0.097778614751849,0.533919613435439,0.515048251000804,0.439049052036501,0.0376504163001758,0.25741300136443,-0.318731240042277,-0.115776681864324,0.135060568676104,0.360699171310297,0.203593574376024,-0.0297004340055116,0.364071426119912,0.377787474941319,0.315525929241182,0.324955519339494,0.0823323495956399,0.222515823220514,0.128655271637607,-0.0681825594779455,-0.117986349738917,-0.445477287058788,-0.287820866709905,-0.000460875385733773,-0.444145234134227,0.076829087773215,-0.28874618685,-0.431477380830647,0.823390489637322,-0.00769838121321696,0.242433287040591,-0.180783987596352,-0.307470817017023,-0.550597302404796,-0.486623738396812,-0.498030415388416,-0.591698193585764,-0.585177627146586,-0.420792148371819,-0.609586094730211,-0.421034442202978,-0.319796300521728,-0.35291377611338,-0.0401778489649759,-0.637503744984259,-0.383346454634301,-0.510697317137767,0.0944262658114373,-0.52835165574894,-0.174074512156236
0.814791726799722,0.806446977509668,0.332701942167358,0.917433622230666,0.427417789751605,0.834619529778077,0.385978901337948,0.783793646011597,0.891902975467833,0.688769473196688,0.82961772612517,1,0.89840411463863,-0.109970958703354,0.0184363193121555,-0.0828266825455038,0.0990434672407139,-0.135102501096223,0.166084857201118,0.247798130179509,-0.069138042532771,-0.0688463084926459,-0.0763491857736238,-0.182695309166973,-0.554648875880455,-0.192020498612268,-0.347305017758051,0.484703634189854,-0.0655871221983923,-0.178709817039192,0.405793191187314,-0.347921414612324,-0.105664150707696,-0.459627609880417,-0.491469747652216,0.0797379197658113,-0.302015655024116,0.139774798199415,-0.193052391522694,0.0884525388128826,0.182978817692102,0.0402308332835445,0.0677774489085109,0.0962732687020137,0.0723867800321877,-0.187325963288475,-0.193696893341577,-0.100702288190153,-0.446406277960266,-0.0338080896920467,0.00837409037634618,-0.325973574481565,-0.338731436310917,-0.429633658334826,-0.147519973964533,-0.262673068479042,-0.15761505879995,0.0585129959425492,0.0372312645219492,-0.0943772415827168,-0.448092559236331,-0.532825359484661,-0.623006780012322,-0.432565810309638,-0.625849885320015,-0.54378536268087,-0.632871032164262,-0.236898205360443,-0.318100056914839,-0.372773369978322,-0.461427403257294,-0.210669171386857,-0.331414600224332,-0.418717971937244,-0.371610135944109,-0.458071241365186,-0.474170266306013,-0.32243154485696,-0.537819002115297,-0.539680171430098,-0.552106481218013,-0.364827026187307,0.0214925357252893,0.454040050910819,0.822718423378856,0.812084757226897,0.646623143495151,0.819945061535202,0.485043946881587,0.915417078211923,0.808320791366774,0.680251046086661,0.898697940394773,0.672868075679005,-0.0564590019438964,-0.201521794445533,-0.0527450346261409,0.0995243917205833,-0.132777074649918,0.125521599271755,0.155333559742716,0.251161989139381,0.098424017584872,0.160724889703944,-0.110242332166179,-0.0901139159714236,-0.00591969655100925,0.133414604859706,-0.0154739190452427,-0.406741590161552,-0.403027822429933,0.190987601064124,-0.407321125455824,0.217830293763479,0.109045558192212,-0.160089249242759,0.570976757354693,0.519599708019418,0.46981820538214,-0.0211941128346977,0.26926010043345,-0.28546912723144,-0.140080525294294,0.119412152445955,0.383691735131061,0.0802954213520162,-0.102142175880062,0.370965387007971,0.346965601824143,0.380312378398876,0.232802867889439,0.0934412076185527,0.247162852220596,0.180645985452734,-0.0863624940728781,-0.0101035701981447,-0.475537566679776,-0.172975351346665,0.132199368307322,-0.358109441962967,0.229753292108755,-0.158620456776151,-0.287065228814775,0.733190134876262,-0.0119588674416098,0.157226718003975,-0.0620342832832881,-0.16735180628909,-0.650673588375205,-0.400577290385596,-0.395530793576076,-0.553158727553816,-0.514484935545472,-0.406665116646048,-0.555685480571793,-0.425380705151803,-0.216785315393065,-0.383045371083428,-0.148510190348784,-0.607626953991549,-0.477698116034922,-0.527800432780566,-0.111303763042855,-0.587974583426251,-0.105345925189961
0.930708835830017,0.767497613364561,0.517534214173393,0.902195799780398,0.4882568244614,0.758764583924307,0.498111878935182,0.684739798983685,0.894763756414024,0.848029956857807,0.824218065847423,0.89840411463863,1,-0.0977596245955549,-0.0371426351589452,-0.149639595954014,-0.0118615188445185,-0.146757100624036,0.0573982252306287,0.274202047994677,-0.200517734032169,-0.189192979623697,-0.0834019384026491,-0.182030771691662,-0.639248988734176,-0.028492428990227,-0.173576172710108,0.690005392665172,-0.0925238155412748,-0.267362779817448,0.52055175450936,-0.187060769533342,-0.0572258642140898,-0.396217751731191,-0.409008224573086,0.125486293183701,-0.317931031234082,0.0847596972351734,-0.209474173466877,0.0401210969025814,0.0858145829884106,0.0119798544134461,-0.0908950548780596,-0.0372794829571627,-0.091408512585128,-0.190175909172638,-0.313024327061779,-0.0632919378445002,-0.469113864593427,0.0734171339238489,-0.0103051054211687,-0.280464570066415,-0.386628795498678,-0.508617369497749,-0.224938063284171,-0.266123196590469,-0.130099456107699,0.0746043137891945,0.0421094151028035,0.0549086577288906,-0.509224068521214,-0.42967596353341,-0.662371125128408,-0.415621460103104,-0.583431390088769,-0.530592747801823,-0.5804072865095,-0.345156086267236,-0.242213796241606,-0.477701031411721,-0.556349120881502,-0.188462268514672,-0.233034193988715,-0.465933167663066,-0.404567212026276,-0.463152366434754,-0.381412397906405,-0.150558243158695,-0.4196163584574,-0.419078763363916,-0.448439712485822,-0.118216686188865,0.227884248594847,0.679028577775349,0.874673354893997,0.841131065247651,0.688291013734238,0.805036806295239,0.60256873305949,0.906716961435765,0.831221903890889,0.809381782743653,0.888060286491448,0.872609533479619,-0.0165366992606299,-0.210118671954265,-0.132649147502342,0.0719667326638464,-0.174814803874015,0.0676518762740343,0.0769043775289542,0.205174163127419,0.00107266501474597,0.162173771416798,-0.228360689087629,-0.0724759193917681,-0.0854248910423457,0.0588270296180394,-0.0582402188411923,-0.426881391860432,-0.459160871682502,0.326820449578106,-0.379130872968682,0.08646789351582,0.130889706136623,-0.237104512450304,0.679851752492339,0.65464153302466,0.520282171347809,0.00988627633751191,0.29062653696644,-0.239963514718692,-0.0846013585461582,0.110400717363494,0.41053039856649,0.174475111966842,-0.116499771936527,0.25763031123995,0.280088446723092,0.274101122760912,0.270987473407325,-0.0263247501983515,0.212446580299565,0.104186027441689,0.051381942810255,-0.16925382854571,-0.484121651705334,-0.321336436616925,0.0991168283386019,-0.295467565494544,0.0940490954657774,-0.197917846289617,-0.334590953303515,0.818649078499264,0.00576434586841263,0.194894466117103,-0.156435277342742,-0.281585619298739,-0.511603118116774,-0.4486500867971,-0.429192110267231,-0.576068409242302,-0.589271645747683,-0.374854203232434,-0.559835621448137,-0.500434305125271,-0.340999937977848,-0.283638136858762,0.00437233543804126,-0.540049731640963,-0.324455618932264,-0.418251801391533,0.11405456319568,-0.446104745451138,-0.0395091282310174
