1,0.852689352048814,0.429782193190408,0.674994320002779,0.173888986471991,0.639455099881253,0.367861708912601,0.610145175568784,0.700386611636931,0.690620496866823,0.553503208956959,0.641655843285317,0.660929434136863,-0.208247000827833,-0.230568779357343,-0.225584887847432,-0.285817017472961,-0.247680660254974,-0.280931848109497,0.531251676824405,-0.188184902988973,-0.274595115198722,-0.394043068421393,-0.349487016800989,-0.329809557631847,0.300305825472778,0.0369756445909452,0.139085667860173,-0.0853241810333901,-0.154150999181998,0.112932453193954,0.0351574765221627,-0.003488890311459,0.227838311736857,-0.0199265312385491,0.158482921358402,-0.224936937233716,-0.06570199451946,0.115679644057235,0.216209943069095,0.0625795762701184,0.0482426615121265,0.242827893905823,-0.0831798236484071,-0.0211926279155604,-0.0067266940526086,-0.314936459911681,0.252678807867195,-0.345981012101206,-0.214423641690801,0.0026810199944442,-0.121807855074791,-0.0709940360174407,-0.278260601692769,0.0812877178597799,-0.0946200143152269,0.0223607823432768,0.374669592051759,0.212794948962028,0.102904668713407,-0.225366066605271,-0.439352840115059,-0.257488751375176,-0.401642408976874,-0.230062653729475,0.0794658500220113,-0.399017184195868,0.0568841285188396,-0.399544611532081,-0.0556660622826555,-0.0451929712852421,-0.437122630984055,-0.260274243117757,-0.172914266907872,-0.235729890842017,-0.125758919737023,-0.184564097372095,-0.10065751637582,-0.169192068756475,-0.2147017256719,-0.0582598316356424,0.13796205628606,0.0539057815159189,0.487850072602093,0.783853664293157,0.648868058106524,0.562640871885992,0.665040478333809,0.440486304330316,0.693770248095747,0.664213699090934,0.506491331690328,0.657980944449662,0.286272967842602,-0.186731682791765,-0.226838718583569,-0.467847365135221,-0.27258152261563,-0.193068926828497,-0.357349838852034,-0.36765169199129,-0.006489802384154,-0.514263760381389,0.030589309450364,-0.411107411972216,-0.627901785554286,-0.449440687349636,0.28120891435734,-0.345784085718384,-0.421729309647381,-0.582367366730032,-0.0791968562186555,-0.0823522546167139,-0.350140596723288,-0.0195964355771125,-0.352012599015412,-0.159711936417561,0.111895932483532,0.418779392232344,-0.0172297965061803,0.240224536540167,-0.136856628708771,-0.14381104806209,-0.203242984059436,0.0348247249117525,0.122856172653886,-0.0016223949635383,0.0962151304331001,0.0716478868083804,-0.0681748621791331,-0.172776793568215,-0.243961340270576,0.130209964626075,0.152870706011969,-0.204286199780112,0.0893494221515828,0.0315846450887558,-0.186258774444897,0.178750244763375,0.202343935936995,-0.0708308330274315,-0.13086859797321,-0.169287626367849,0.229333095504847,0.233649377362304,0.198136112644562,-0.207189313787981,-0.252662090041212,0.0995590619816545,-0.248092975364913,-0.388255004959846,-0.301147252075209,-0.318618058433055,-0.361701520435964,-0.461026102146676,-0.283777342300845,0.094697683412545,-0.437586698121692,-0.0113481929136476,-0.302968143541739,-0.225159276366703,-0.37319034654807,0.125124432611398,-0.191396760775381,-0.0649531545873997
0.852689352048814,1,0.513685688818172,0.704862525821407,0.268062437154866,0.823564863336371,0.304353319207626,0.72834259299988,0.748547526312691,0.767484807868132,0.510916028146979,0.6397564133113,0.725770849454271,-0.225100281129496,-0.260228190466959,-0.286532823090983,-0.244569590540624,-0.218094519955334,-0.426698302393055,0.422490104083736,-0.307037423871131,-0.324095466729584,-0.450800490886329,-0.32538132149153,-0.371405140202049,0.371295398361411,0.126248281035365,0.160537687992065,-0.114434236608069,-0.245616659777894,0.0686130256113838,0.0110675889386089,-0.161277930550318,0.127885508934347,0.0315192341624542,0.229674885894813,-0.335060792556131,-0.0493269014063799,0.1484523310148,0.221028967889749,0.164730806452605,0.129385852629952,0.284334609578652,-0.153448551647376,-0.026446842816532,-0.0411523817476221,-0.331051569952121,0.191509060506939,-0.349777602517589,-0.298341329355567,-0.0315948472435789,-0.202607631281912,-0.0796475699314789,-0.345631036943412,0.0491070257481522,-0.166818265286016,0.0263843657794596,0.306169088816738,0.115992430209177,0.190257480105571,-0.285207021130793,-0.510146676159191,-0.245843076052694,-0.502180638132621,-0.31636322055885,0.177084959346624,-0.460033267066951,0.124069806005603,-0.329970973749621,0.0173212951068251,-0.0471694223844912,-0.41992135852204,-0.340085351979206,-0.0975354477628513,-0.201580744871529,-0.14514781969402,-0.25237435058141,-0.0732650110012067,-0.212849345935985,-0.260792771089904,-0.211901191646232,0.0824549874285921,-0.0146440204387256,0.375935447446105,0.861629638734864,0.689335954192973,0.587653153177735,0.789445201498303,0.426835190105149,0.791567670437049,0.707431160041157,0.567411535998244,0.629056407475186,0.360997141807034,-0.219495630217969,-0.306497429494596,-0.497655437759937,-0.317620009295748,-0.244294573780252,-0.309636349851435,-0.481520000278302,-0.0445566133030258,-0.557868754880209,-0.140364153980109,-0.465892688970605,-0.658622245059956,-0.47432006653919,0.0931254204125109,-0.34100271847886,-0.59112787167897,-0.70597315011739,0.0056695471480121,-0.190668119447193,-0.412469476907081,-0.0087040060611524,-0.41366523432992,-0.207353017931823,0.0241781859309652,0.385578635909718,0.0407061856036138,0.229030596850539,-0.220877594232139,-0.316209016132764,-0.273607783037487,0.0521874035526847,0.187861116190996,0.0234616589596576,0.180037420807431,0.0953393790165945,-0.13984861903905,-0.23761033333218,-0.345785164506973,0.134355899746812,0.235976753268354,-0.261379984213286,0.201503735319725,-0.0587923445797229,-0.263852524748441,0.152631198492288,0.120687024314768,-0.097280335907056,-0.21124727212095,-0.190345545833724,0.0490794667856195,0.109185639208614,0.142142705685433,-0.153162387088247,-0.229363628128742,0.0263736361808711,-0.245337191502555,-0.396875289872824,-0.369929150769253,-0.326736422034594,-0.322350374532687,-0.452882942553996,-0.431310430276279,0.0872417217917465,-0.348448904611388,0.0270562972459617,-0.384870552905941,-0.249433597883043,-0.378563682280514,0.121667382913045,-0.300345360179611,-0.214452839721826
0.429782193190408,0.513685688818172,1,0.3158405175708,0.189682568888217,0.532926640758918,0.576724647041951,0.562530121230706,0.387080655408309,0.724748528340494,0.246091979206311,0.577576925016923,0.605497176288114,-0.307274124776517,-0.197654823349209,-0.323055274677246,-0.175847930469363,0.0170188299208503,-0.349055601387629,0.248751397954384,-0.149762429046709,-0.247233737716745,0.0760032089967043,0.0591334906577493,-0.109197497832345,0.652706898155173,0.146146111475618,0.476984253177086,0.157120340578617,0.282836696275707,0.284876061029066,0.231915725481022,0.276147365242426,0.310580573231104,0.0573912252796922,0.123884223014498,-0.247739897454556,0.181867320168178,0.282035287644055,0.110956689517607,0.0527916728812825,0.246264578498994,0.0762512979261575,-0.1035877474019,0.0762181446018839,0.302301664413272,-0.241741061387176,0.0191361061573812,-0.282827507176644,-0.0007451343000963,0.0609702637218408,-0.18177861267389,-0.330302992859877,-0.349252690014322,0.0094039687135457,-0.287687692696027,-0.0585410465292743,0.465294713036384,0.261576245887427,0.102916140181485,-0.228450635202667,-0.254395145755455,-0.16743417735525,-0.462936249026512,-0.0504431029515986,0.196071292707079,-0.173237297108614,-0.0549460359565072,-0.263520591657602,-0.233892487515147,-0.245479004587322,-0.25233630211564,-0.204685575014196,-0.109756817561585,-0.326817154168733,-0.18486393608098,-0.168086070231276,0.0424854565056616,0.0393475831093934,0.0056909792760026,0.140800759650177,0.131215969373249,0.291316912928225,0.24100549378251,0.5811410632026,0.259522899638861,0.74533635199552,0.607716243981468,0.141663127496127,0.427685884434251,0.284242782380838,0.5084969489764,0.295206297592968,0.514562698454307,-0.225577391552709,-0.294349647550345,-0.283942148851635,-0.139576180366845,-0.154773455036438,-0.18904188525495,-0.355160179393299,0.0875417623073014,-0.0146154979549613,-0.0730517800274185,-0.036613555450925,-0.130582632219204,0.0676545750137084,0.275130324367794,0.21180945358801,-0.0421483326945463,-0.274840077065679,0.374378425483843,0.299988450124906,-0.118752292877305,-0.0355441678967691,0.185718198175787,-0.108454491984104,0.198278534134663,0.632554141451348,-0.0912335365386031,0.144568601612431,0.0155685372501644,-0.0782536823813955,0.0701104417653957,0.217582335758587,0.163661567567743,0.0629309488682852,-0.050150912634572,0.138653754188816,-0.0619555385329021,0.223199839607014,-0.207009769913833,0.254921213995797,-0.0800296331037018,-0.23642598961835,0.0547890579342369,-0.41263601245461,-0.529644776512212,-0.129461195133528,0.0518343684576949,-0.0419799092540763,-0.418084292626824,-0.332431172030175,0.246420325440626,0.239076749825483,0.021226214902443,-0.263771245604373,-0.365614605558915,0.28604738469335,0.0012302707522568,-0.407306930761836,-0.0913622416068228,-0.243978643309792,-0.226588570677804,-0.461180647903296,-0.260535021976162,-0.135457527455611,-0.326947513599749,0.134335552873312,-0.247373772051252,-0.2555211260676,-0.374940786087658,0.124147150428345,0.017768026522951,0.0716168048866767
0.674994320002779,0.704862525821407,0.3158405175708,1,0.47731926474494,0.682026711067766,-0.0893512285722127,0.438509482381874,0.938802034847524,0.449008841698359,0.860097027864638,0.672403991979033,0.424144369349777,-0.295536707270145,-0.373628017986269,-0.388526875827086,-0.405958688173469,-0.375798792763066,-0.487773103495206,0.335026193029954,-0.263638967270841,-0.162647008319127,-0.439551350307848,-0.272251031717408,-0.309612862143017,0.351070424535668,0.28421396869368,0.396678090048979,0.0037549550134725,-0.182722425597728,0.153004918428827,0.36015106609878,-0.116555824261918,0.336807931959516,0.395291331327446,0.355010848169789,-0.486704180681742,-0.0533826172759161,0.2514735338972,0.216225379075091,0.388331998494398,-0.0027324877116921,0.379169522382086,0.210952040972375,0.168651917538591,0.188295797165249,-0.405311999073104,0.0970785154508805,-0.381194326015906,-0.285041308513271,0.157832586595403,-0.0267732638313002,-0.244977022474828,-0.0859236338132052,0.269777390007133,-0.258606689580212,-0.0280331116801563,0.628471916477903,0.128617484038157,0.304344502430656,-0.447396752195809,-0.666914269735941,-0.530408480288477,-0.660248554359891,-0.447790651810727,-0.0312997010151469,-0.631964766346754,0.101960848420154,-0.506439929042283,-0.203349934052603,-0.293627330663278,-0.295365546530394,-0.459254983221276,0.0439580611440771,-0.298099177692868,-0.30111798027687,-0.19139229063954,0.124935873089714,-0.393920542342932,-0.222530917058199,-0.294433040634272,0.276724602776654,-0.15664616021478,0.358159777242416,0.663189256652443,0.92859822194285,0.209222918116154,0.710709140989343,0.746850556717441,0.910523622010004,0.903991349977698,0.0880470043450206,0.862548737028477,0.192074682797114,-0.271134424569449,-0.383658758186997,-0.542578970997065,-0.413887591304311,-0.394584481881368,-0.436512190914992,-0.529679903145716,0.189177941339045,-0.390684158170591,-0.110726801783084,-0.397234135542188,-0.462986938404771,-0.312648165079713,0.178331140496384,-0.117542328266544,-0.51488427137593,-0.620079646996278,-0.288131158081106,-0.444825002861785,-0.42282090828155,0.0920189129371874,-0.32429264439887,-0.197847876745791,-0.0454427272890316,0.522133054115324,0.241846325339502,0.258311814303867,-0.382517678396396,-0.359811558987374,-0.294745913093907,-0.198302273552005,0.101002509840052,0.107193376920218,0.363568584360223,0.149550556802841,0.129624015682149,0.0224194164888698,-0.204804700305052,0.220821541480138,0.24577705940959,-0.42171101406722,0.370691719922218,-0.112074172773765,-0.171902423296989,0.171174216313689,-0.128358622585725,0.138009984477349,-0.0673270915723343,-0.316016488278008,0.205036223225809,0.0961348276314817,0.154917775988107,-0.0503253958016972,-0.250463604935263,0.104801858418171,-0.353965677827511,-0.54263626489758,-0.434487823400222,-0.547971891331265,-0.494442186135646,-0.481763258328484,-0.37084226331638,0.111996065412255,-0.264971644156938,0.205110949711282,-0.406616692492381,-0.204833369870958,-0.535969019132367,0.250637469931693,-0.416191093573922,-0.0095150156562554
0.173888986471991,0.268062437154866,0.189682568888217,0.47731926474494,1,0.308224863050166,0.0513281364364293,0.110005982373192,0.602290712108483,0.0964646318176676,0.62335404632091,0.330942273362282,0.223937717942997,0.0484202382973595,0.0288362480694607,-0.0727407732029771,0.0202719605539879,-0.0422272822268373,-0.205805977253437,0.315907145074998,0.072375041305684,0.0260337751645458,-0.209044332757436,-0.033648437109911,-0.05447864791088,0.358352448621622,0.217286227325664,0.519861161297784,0.131434616896721,-0.0743970916401185,0.168174997647336,0.443545472452769,-0.0357368561730717,0.374723902518707,0.445619267124558,0.407696103555587,-0.0202751123971365,0.234908754832062,0.321202816511498,0.391435119883313,0.523243964825138,0.210140587154137,0.424627630107117,0.219391454152676,0.418363825205077,0.515647005307221,-0.0831093609334138,0.134387420234608,-0.364551317268911,-0.0811011152978853,0.239205294015863,-0.0249780634039206,-0.374293856116204,-0.176288948816909,0.208737609953622,-0.24415388869607,-0.0799214632768642,0.562402474701858,0.262456940258416,0.403964719847311,-0.352377822982106,-0.427558035531245,-0.537136121624697,-0.378969788664724,-0.125965917000816,-0.169338590626327,-0.523703003354648,-0.0560418629483139,-0.428099841885944,-0.34798807299624,-0.491479470747545,-0.0819556882143815,-0.407310745738076,0.235453803500368,-0.392660734403976,-0.386406901404584,-0.227663082167993,0.427369988185027,-0.3831872926958,0.0772308271936734,-0.26006526258986,0.392382951383721,0.0606107962733217,0.318421367154199,0.205523422473579,0.424563749494854,-0.0297818896104393,0.27443096278505,0.726322517955353,0.473081632698081,0.618479157323317,-0.0957851100791731,0.499425871855833,0.194252037778797,0.145565926968065,-0.0930069120000593,-0.124211980764155,-0.124903954028916,-0.005811511493904,-0.0560977571014207,-0.216553153496001,0.488641599835037,-0.140693858563282,0.208305085131172,0.0488321653702237,-0.143044960861975,-0.120157310762067,0.297800585007041,0.155281819587737,-0.19685673251412,-0.209839901992151,0.0433504690217954,-0.160217871316158,-0.122928059510042,0.0057521263847209,-0.145424072370606,-0.104084118109306,-0.0154771022617746,0.408568064561126,0.261098458392874,0.272811959982987,-0.294690103351514,-0.0856407241466231,0.0565054631440549,0.0137545011787007,0.202606100302267,0.192136215481954,0.402537970723086,0.247280330153678,0.401036284062151,0.324446108021075,0.0669432486935958,0.276764677870366,0.128829951743736,-0.250833607660407,0.5089258177396,-0.18588649029518,-0.336467425163066,0.0263630695161681,-0.185218402857711,0.1829764955175,-0.158087162524818,-0.31924044771734,0.316922086436166,0.152261811934425,0.268267451550212,-0.0188443357368836,-0.266961267139112,0.228238772994248,-0.309801459169494,-0.501559876579561,-0.279160851077181,-0.443933714361286,-0.151768737152654,-0.4226531451759,-0.245855514165284,0.0162676322667671,0.0467042287433872,0.320372249982973,-0.45858168210653,-0.0247678629635585,-0.284068732970448,0.408033774972137,-0.284154334061577,0.0618311287899084
0.639455099881253,0.823564863336371,0.532926640758918,0.682026711067766,0.308224863050166,1,0.208366557406943,0.831393658204753,0.730977378030155,0.802803986330515,0.471906501966292,0.780200335925546,0.675492213120873,-0.456575581494074,-0.512642119415994,-0.516189197497178,-0.461426222023885,-0.375092699737549,-0.570486529328487,0.387075883211514,-0.424286044606165,-0.273032295785513,-0.424558030949323,-0.326339887450817,-0.332421961124104,0.423546681648622,0.254853985278186,0.282212228969298,-0.244176676870053,-0.262440109066908,0.150714062596317,0.182375012655675,-0.117806111368821,0.0954337847899928,0.170219557904485,0.169691198073821,-0.477641136059894,-0.187709899517745,0.128529758583536,0.0324505621810087,0.175012985875532,-0.0846283057571228,0.179313396051249,0.0811567933060514,-0.0603368404248813,-0.0318041879056159,-0.312755854488726,-0.0063396161300016,-0.181136993915641,-0.0858994552892414,0.0555005410414823,-0.116731762217217,-0.0558328354732307,-0.104896884788886,0.201162889622808,-0.0762178772622245,0.135368370924999,0.445255766278521,0.155849926524513,0.112145448571916,-0.315023242176891,-0.452564362643377,-0.227049210270971,-0.457180794704148,-0.34587900107888,0.0595106180895199,-0.381605045829157,0.0603896278828942,-0.276882456937523,-0.11506187462402,-0.0661671148197539,-0.234532408848667,-0.271828933306032,-0.0356174198468515,-0.160565463403689,0.056755754693224,-0.0034522994875133,0.0740589477492867,-0.163278871898128,-0.119688250166949,-0.186374097412873,0.102293821351904,-0.0363582236624835,0.188640974422708,0.762802928207684,0.677377062503638,0.531540406007472,0.932641624084455,0.449704475907073,0.85271354529646,0.651654912935524,0.52936636883099,0.578262837124691,0.370980147434438,-0.393351381380044,-0.531249177632247,-0.663444981344589,-0.518621745618485,-0.50758159194583,-0.544195676309151,-0.644003471212708,-0.162710397256279,-0.51485332726226,-0.32297990891535,-0.51792487115013,-0.537532386035675,-0.361866992029729,-0.0047710620315275,-0.371986576580474,-0.561644842195026,-0.698835933331451,-0.0742809104785201,-0.321681312749186,-0.545326376942279,-0.111337083152692,-0.435589440003007,-0.257579355727946,-0.0691174416413195,0.321088873209606,0.0625614163770012,0.0319656577102561,-0.293201097235591,-0.51180696725492,-0.440351621151125,-0.107852844844956,0.0967597261936326,-0.112861537067666,0.145278320590014,-0.0722620839377838,-0.246241523985387,-0.180076861860946,-0.396499526122072,-0.0144218278453647,0.0460684692750585,-0.314659810172643,0.181310747356227,-0.314494349696816,-0.237689186234066,0.0572933773662453,-0.0733004918753272,0.0266242022970659,-0.192790410551726,-0.23250377272647,-0.0410786427063471,0.0899159478330916,-0.0353618735384795,-0.178913588400676,-0.269993390277215,0.0400704882462983,-0.312868663554176,-0.42258841890123,-0.436068582928124,-0.441018627523842,-0.460597928803837,-0.517042639476982,-0.436469955940384,-0.083834736052404,-0.280643776178874,0.137922275476563,-0.363995210637774,-0.13452649236424,-0.397631427065245,0.120647146701108,-0.350033913447573,-0.285423114672576
0.367861708912601,0.304353319207626,0.576724647041951,-0.0893512285722127,0.0513281364364293,0.208366557406943,1,0.313743839189371,0.0148409120039936,0.550433493990956,0.0148211297677974,0.419463556497052,0.700360307574627,-0.149716046676933,-0.0124916352897553,-0.0950482835288292,-0.0520070180272296,0.0911168357208293,-0.0516388304866398,0.511803406676846,0.0499127818229479,-0.147705355962785,0.21933867630732,0.100596927542765,-0.0713224421772426,0.285600425504091,-0.141311768493391,0.237823167207918,-0.0216330470039305,0.254926362760196,0.154854728331913,-0.003088232052965,0.441797696810506,0.24588991445317,-0.217815264344552,-0.0227388772567234,0.155098498725738,0.153741781336998,0.0657900727209267,0.156462268145031,-0.228055116802002,0.164008208062211,0.0124149064482466,-0.228988218387832,-0.0155278003505966,0.252502904586524,0.138019845399437,0.0954650039803307,-0.194418257712309,0.0576944465287685,-0.100346622953778,-0.423721428926816,-0.28537102558487,-0.439776473180734,-0.286440939333075,-0.134742040516059,-0.0903015531952452,0.240473705858759,0.404570133118884,-0.0668107625585863,0.105031847434321,0.0059150744915757,0.0961023459947504,0.058011393991677,0.417687866641045,0.25868354309123,0.058980448181145,-0.129021239528457,-0.226521898519511,-0.123491800385593,-0.0744197066467457,-0.369638506292355,-0.0094973353428007,-0.246112858299785,-0.294082858082798,0.0317111998880749,-0.208210660466428,-0.251423206449464,0.165944852521694,-0.0001818739315834,0.283432920676791,-0.106615649238588,0.314709339512539,0.115546275748425,0.356732358776324,-0.0761658936337439,0.648463955918745,0.191837689143233,-0.138908944294333,0.0653111778872127,0.0008573549206039,0.680142726586837,0.115590811585354,0.532843731408433,-0.155562124577043,-0.138630466817405,-0.0788923737401968,-0.0258944638917424,0.0832538013689753,-0.0205690845902663,-0.0900347574785526,0.095965995645143,-0.020778736142338,0.286281777529209,0.0920548708091357,-0.0596921750092483,0.197677746787572,0.445201246629758,0.168447401603696,0.17160216121442,-0.0561190740716354,0.600775750035432,0.69389379150363,-0.0228199869126737,-0.297882092186318,0.165162785946684,-0.0765653334671163,0.19732266786806,0.418377300620532,-0.363089072685733,0.125422666537272,0.242771727547756,0.254702758328546,0.228657010903623,0.336867189547348,0.273394577758095,-0.0082848551622482,-0.243328124486192,0.0937570036480758,-0.059057741039706,0.157311977422635,0.027386595897613,0.211837608031777,-0.277835685051732,-0.0331425921301276,-0.106210824272816,-0.273740006660502,-0.479646036898309,-0.348175138916046,0.242619835785332,-0.174634583283243,-0.397335169806418,-0.218400434961004,0.325642485323541,0.348010912159058,0.0422934845912972,-0.326639809514884,-0.244963744749356,0.261857359992814,0.198226257531743,-0.188131785133432,0.144418567663393,-0.0708800758394464,0.0149182659389139,-0.254076856569976,0.118446327254487,-0.0561812239479603,-0.433152872646301,-0.151876787812718,-0.14218687478415,-0.232642879237455,-0.206796141059357,-0.0976712941951574,0.170066740632842,0.115123863398621
0.610145175568784,0.72834259299988,0.562530121230706,0.438509482381874,0.110005982373192,0.831393658204753,0.313743839189371,1,0.505425817027095,0.866798590587547,0.249371928713373,0.64487253434664,0.642390173845623,-0.405703582187014,-0.46846536652595,-0.408045716630293,-0.385925270518239,-0.276132153301951,-0.47649935179133,0.275167659803802,-0.394822148945034,-0.394446105546136,-0.387580042520593,-0.333014613261078,-0.178273970503854,0.33350945902496,0.165172457741746,0.13431868654502,-0.302961810970761,-0.290110716143243,0.139536003492923,0.101808292435411,-0.0785927074474249,0.0543209398411422,0.056269219871546,0.0315654847529434,-0.357793734258223,-0.228153320854021,0.0983400178808133,0.0260543422627011,0.0548344990459971,-0.0791830738239742,0.0913443917827706,-0.0228593611980441,-0.12606715811127,-0.0832158560075579,-0.272509349446658,0.0344437023012452,-0.191976108403961,-0.0988092311955851,-0.0080047291673589,-0.139105405182813,-0.0391918312422494,-0.203025370757897,0.0161836630122131,-0.139821254386118,0.0652403529231289,0.268914682177096,0.0691573674083788,0.0664106513738259,-0.240140021402314,-0.419215159593479,-0.185506349164304,-0.382285063431204,-0.26436807289955,0.14370805652687,-0.22491083174455,-0.0420714557579599,-0.180041880665288,-0.0769832769113172,-0.0404142736584524,-0.282219864079496,-0.204801542868141,-0.159425652801828,-0.202552404051429,0.0221462864201938,0.0180798550032498,0.0372833805691504,-0.0785969388729043,-0.144816786609024,-0.0409037030614788,0.0385601908488043,0.151401213595147,0.177742017017355,0.70320243899814,0.435786827298839,0.576326606228438,0.81951579889035,0.254201047397724,0.615337342127244,0.449445579562844,0.586095734261747,0.32487651774567,0.407454671455283,-0.318980626253759,-0.431576896045945,-0.487693260339812,-0.364320094356335,-0.405448878991239,-0.49815402721545,-0.538922662337412,-0.2922722196372,-0.483026609197135,-0.350943828154758,-0.436070155244134,-0.448558289173558,-0.409448446171572,0.128745987669521,-0.422548890562397,-0.375378397796559,-0.522199968846106,0.0282328807686982,-0.141031163669684,-0.484450147737102,0.0004312768483637,-0.432184716628122,-0.212813412961043,0.0622259266638939,0.242803375446598,0.058892305599848,0.0674270432534277,-0.125570481542376,-0.424664821786739,-0.343783036084731,-0.0141366325265146,0.0703796816137723,-0.0912085322714599,0.044464539074458,-0.0529021493102642,-0.275804279191451,-0.153921499934959,-0.359604949382455,-0.0084609027417982,0.114425635792077,-0.105097947019983,0.0139233353817597,-0.189023427128885,-0.185640685228765,0.0728460773273702,-0.0126087756033413,-0.0631166417927516,-0.155637447910146,-0.111099341429379,-0.0378559177412311,0.0659766108563292,-0.0027958104743121,-0.28502608079649,-0.219115565847508,0.165850998872549,-0.155304323991704,-0.227259884765466,-0.358251789838561,-0.232956026170725,-0.359729076838434,-0.446076737659919,-0.49447147085189,-0.0837017207284601,-0.310051635607833,0.0896361134180458,-0.274411441881824,-0.0240956429189309,-0.177790945070574,0.182814713336359,-0.13896903996122,-0.136511601589802
0.700386611636931,0.748547526312691,0.387080655408309,0.938802034847524,0.602290712108483,0.730977378030155,0.0148409120039936,0.505425817027095,1,0.501833576123749,0.86713751159663,0.702446845239365,0.451659291615039,-0.241769421401558,-0.309368936450048,-0.337243109640182,-0.30166882170889,-0.306235065440418,-0.465276484245137,0.411458048035274,-0.183077204331222,-0.140109841890469,-0.465143016538508,-0.280860535256323,-0.29740860838735,0.475764361033616,0.233232118953206,0.425289934969227,-0.0241692722534629,-0.193399384923823,0.136618685471192,0.395978762900927,-0.145045357147554,0.301969830197495,0.388894982948881,0.332426149911285,-0.4300731938131,-0.0162231987902594,0.257963777649101,0.295943402258674,0.468959298563498,0.0855053090299536,0.447104132891527,0.224343600408341,0.282597280183166,0.270691884645462,-0.346044263689008,0.153867203488595,-0.387237251876505,-0.239298787697039,0.226336949627043,-0.0188267073073983,-0.302785666618468,-0.124884473769133,0.248593333538806,-0.303595303021379,-0.0386277419656174,0.715296758813666,0.244750346060536,0.388411892705924,-0.499673244768328,-0.711479861572097,-0.573334240175882,-0.685778780684997,-0.455860798375366,-0.041373819631363,-0.685691031692988,0.102198145344672,-0.535269810406091,-0.244071547719075,-0.356414506700738,-0.223365013332428,-0.504254469534352,0.139489758315189,-0.382475130106798,-0.351101705672243,-0.265287159439822,0.234102208624145,-0.395308896950823,-0.13628087153721,-0.283559081002752,0.331275410431335,-0.139524127455228,0.412412655233095,0.679580169446162,0.873612323975484,0.268811251064525,0.753885898557911,0.837411533242725,0.934007522757799,0.958237123184426,0.12283462905623,0.880929626174423,0.214896435155691,-0.176544327507978,-0.36093659152112,-0.465361557328433,-0.357585572723466,-0.296717527280744,-0.366721839657834,-0.507069909562547,0.256742602815047,-0.390546178645862,0.0080589081325227,-0.31878802380214,-0.458716652567726,-0.332016423710527,0.287465226691971,-0.112939960608913,-0.511927598508909,-0.606739776486609,-0.246469284390085,-0.413961937766321,-0.421232295164252,0.0552489378461822,-0.357665021252657,-0.152880994894731,0.0326945129015303,0.545846748943815,0.267714942936697,0.32020580477315,-0.403131650008392,-0.301365254824844,-0.230530545874098,-0.11080573115314,0.187722689107808,0.14366028371359,0.457292062783293,0.228265965701018,0.225588722948855,0.102473937938241,-0.144699790419706,0.275776001661909,0.261520593778649,-0.352803101434635,0.424446575346389,-0.148591715004977,-0.261137942387316,0.165157226213243,-0.123247510601094,0.198855744192512,-0.100235862176294,-0.323464375374972,0.309028547394132,0.241588673428229,0.303391305512888,-0.0215683372359031,-0.329366565434693,0.151755031436258,-0.395412089014698,-0.579032707134485,-0.451073571395043,-0.592032900278944,-0.414006991511151,-0.56336235375673,-0.433170398816826,0.117411734382969,-0.18259721753739,0.319873577865668,-0.470788951139924,-0.166565490784171,-0.547915893294223,0.348261722176144,-0.380090374296873,-0.0109533264433306
0.690620496866823,0.767484807868132,0.724748528340494,0.449008841698359,0.0964646318176676,0.802803986330515,0.550433493990956,0.866798590587547,0.501833576123749,1,0.320681145943391,0.748386624608586,0.848969598807926,-0.512825223981671,-0.480932014339711,-0.476229361202673,-0.462184706816602,-0.320213339858531,-0.42403602696179,0.510697564491823,-0.373308613208176,-0.347852279810472,-0.272021655738161,-0.2791507457753,-0.215314510187513,0.514328692749124,0.176317239225937,0.300439657323687,-0.251951806667405,-0.121454222482039,0.215414583546402,0.113656818996772,0.0481080762524403,0.141996461922508,0.0307636497849832,0.0104474005084628,-0.399262835460159,-0.213599143973102,0.0459823920657984,-0.04827769063772,-0.0201070674520096,-0.0458935874875759,0.0610008379412708,-0.0489600182197353,-0.146398643841982,-0.0053769525639668,-0.246967296621377,-0.0216135630603831,-0.129937987566244,-0.0091271020287883,0.0340795052298655,-0.119405395756946,-0.142056424086395,-0.218213618337613,0.0360160875624085,-0.149234787619395,0.0659655459934814,0.351508811922699,0.291930143786336,0.0302107158662799,-0.137719441458743,-0.350194136852864,-0.109420417263239,-0.303116750788663,-0.108933190332904,0.19911730934764,-0.185794244787777,-0.0159775551845938,-0.238340153931325,-0.14988232888923,-0.0660605518585987,-0.300433789223426,-0.140416260136503,-0.202743984057538,-0.202227969902493,0.0404531806651503,0.0291726806619325,-0.06256359341533,-0.0327609319078098,-0.0286593181752418,-6.48270212726181e-05,0.0657235260748431,0.145638539207944,0.268529345341903,0.824044900531345,0.43434831086888,0.811954045645339,0.828270455115867,0.198228430706029,0.637790249147337,0.433599280595799,0.803722316958758,0.418960232891737,0.605170500628876,-0.371846356457547,-0.415087188672002,-0.529937177527179,-0.429502859039264,-0.408181671941595,-0.512284832997186,-0.499721460622272,-0.195363716008606,-0.411502754406395,-0.216213632442169,-0.389740937808224,-0.395238609671403,-0.286701271952496,0.210696704781735,-0.297101657908384,-0.298358452199555,-0.503876605336474,0.174812710916558,0.0241844245609443,-0.50117072807463,-0.19111755047299,-0.342849881568048,-0.273597863440616,0.095005218536366,0.43049911043671,-0.0723651186289236,0.0304235951805796,-0.0994106062458307,-0.34417235584001,-0.384806921090446,0.0093223291376546,0.0706050658596814,-0.21252850405879,-0.0576658744001964,-0.136821156018059,-0.315043064568586,-0.122064797564271,-0.312636485701658,0.0017186532063822,-0.0546540195387148,-0.198642230606594,-0.0018447094310586,-0.258351530652061,-0.296627894499023,-0.0728244052052026,0.0185379059850281,-0.0901816926561235,-0.245077426838502,-0.243445946126557,0.0463372779299161,0.201633490962327,-0.115916983403421,-0.295010791313393,-0.261990549276315,0.176652061942408,-0.111118947620676,-0.311378555432528,-0.283813389806981,-0.256549837126916,-0.356202764441307,-0.464905822804662,-0.321309998561049,-0.158665807220532,-0.414523125459521,0.0304540774805643,-0.291216587938694,-0.102043846384735,-0.326985119144115,0.0241081983961022,-0.144304232279617,-0.148073487628999
0.553503208956959,0.510916028146979,0.246091979206311,0.860097027864638,0.62335404632091,0.471906501966292,0.0148211297677974,0.249371928713373,0.86713751159663,0.320681145943391,1,0.592506584870841,0.39076026952749,-0.163593318624073,-0.219858497121751,-0.272768364170222,-0.241583924099102,-0.270234396063582,-0.302275859940654,0.507309750262156,-0.0999270557584696,-0.126300396905829,-0.339686296079817,-0.194147258907478,-0.155639000565455,0.355420739717674,0.156129643028424,0.469231363833452,0.0599796173472481,-0.151319190312401,0.119501830192774,0.345343117088597,0.025987540011035,0.374502572951798,0.325620355084881,0.300101880145158,-0.285332763893851,0.0854281486932276,0.237646260752342,0.339470483330476,0.359830430422089,0.108399672310016,0.431114001562449,0.162384808878564,0.278930187439056,0.363276990029948,-0.241331771359293,0.168731851005618,-0.446284234452905,-0.239618807084118,0.119732446907274,-0.0389444300824505,-0.360971034663249,-0.154742575568944,0.138354746069397,-0.395372733027808,-0.190226376783479,0.717200554959305,0.292107128967794,0.331618927994743,-0.292092359776103,-0.581070475865399,-0.550920941055939,-0.588108195593953,-0.31528103302564,-0.109600143460612,-0.59967999820937,0.0829097757517817,-0.523267236105364,-0.337993983091636,-0.445620055588045,-0.266202854456613,-0.385472071058186,0.0545322349614421,-0.365323398679123,-0.43312076820975,-0.293654355012061,0.18330762972798,-0.338076315954836,-0.0836068217887808,-0.230684943704402,0.355330429869513,-0.149018719185856,0.416865122498622,0.507985481543024,0.825800034707569,0.115443290795813,0.514636319731503,0.801283670642925,0.787884469138443,0.885970825361447,0.0191678104684132,0.903081491484449,0.223895799009872,-0.105310679818439,-0.234302900550781,-0.324460199421773,-0.274437463981619,-0.142353777295125,-0.25219411998927,-0.348091637110223,0.38298119583555,-0.307469216295952,0.217379415874046,-0.212403912608031,-0.322389698300912,-0.162009552626808,0.430283676775631,0.0399046591435125,-0.284707664466428,-0.41540074070376,-0.143631346773748,-0.310657244369037,-0.284037245462829,-0.0418517722235429,-0.238893767217875,-0.217908359696486,-0.0542186961800464,0.581216930543888,0.12286407441265,0.325284418935885,-0.334160843087007,-0.207878860281704,-0.116766544431441,-0.13111332774223,0.192008147814432,0.197132145221808,0.314413253615337,0.245400890624064,0.304812339010045,0.209498050190701,-0.0127216814398915,0.270066398119088,0.0960797801330248,-0.43146481694123,0.373216029388629,-0.159689420024847,-0.296073594418654,0.0207003846168104,-0.181569124028645,0.106484271685623,-0.18744638749512,-0.414200518947368,0.428548977405524,0.242067548858934,0.169048345198844,-0.0746501047971291,-0.269894526997253,0.177180317778047,-0.319921081150988,-0.592104615226643,-0.272496460324576,-0.525967624732356,-0.366718786840695,-0.47331281969905,-0.241663155840302,0.0792376268420397,-0.235213111558328,0.222562347162525,-0.364211001814994,-0.231324078900417,-0.544163010219367,0.297814611828345,-0.322190164351397,0.0784938345234884
0.641655843285317,0.6397564133113,0.577576925016923,0.672403991979033,0.330942273362282,0.780200335925546,0.419463556497052,0.64487253434664,0.702446845239365,0.748386624608586,0.592506584870841,1,0.78708631851656,-0.621234248830348,-0.592124069757504,-0.6832734810945,-0.617814069307064,-0.54020679948936,-0.574280711165247,0.490072790720992,-0.422979165496862,-0.280980668185288,-0.28888613019454,-0.340592433472892,-0.354017766865871,0.421350753615217,0.151488109783153,0.433466909785378,-0.281029396651298,-0.12269055142071,0.170274484531819,0.341906866607468,0.0960983739491367,0.31478474848014,0.181743508812555,0.0715016958546811,-0.478215908668355,-0.198201543869319,0.110373011821646,-0.0199047585320186,-0.0292099860425409,-0.234943241098129,0.0727161579618505,0.188211870744751,-0.0764555627386343,0.13456974078984,-0.248008022976225,-0.108453836823725,-0.189271813916118,-0.0412161783843036,0.117734971495341,-0.137910502952004,-0.300599120351344,-0.116943432421929,0.134998060102609,-0.202526800757654,0.0450877515419687,0.682850363782228,0.283802349538654,0.0004215536817474,-0.204692835937421,-0.512865702468207,-0.246126800152881,-0.367130525184194,-0.174751575775933,0.0600558197446608,-0.268362160471752,-0.101003845388507,-0.406570252994958,-0.318907470440705,-0.190656564395428,-0.276411791009414,-0.174852848168726,-0.152191568193969,-0.281544012190764,0.0556382465164572,0.0139224728045156,-0.0013527453076633,-0.0622394864169573,-0.0113157518440316,0.0589876259697238,0.0571527167072329,-0.0275554898196969,0.150180302050327,0.651993506643243,0.660561414913765,0.563612074343625,0.774286207424621,0.452888497346324,0.816231553576451,0.629631362381298,0.494669848401527,0.727259996215392,0.460072408038425,-0.4665560918956,-0.520508876932552,-0.659555524274647,-0.622395011895367,-0.521910376148785,-0.626301325723944,-0.638427794410296,-0.0516093987085665,-0.352855642907365,-0.0459665167238402,-0.432487857954491,-0.320601389739895,-0.113118849181097,0.348817793996173,-0.13758723416285,-0.277050933867144,-0.550056026913276,-0.0374521364510474,-0.0980751326117727,-0.570533595767799,-0.281432043535676,-0.315224949965323,-0.309388943957971,-0.0129355594616301,0.493279617941248,-0.0690276117386897,-0.0108797962415603,-0.26973593416131,-0.380800629347832,-0.352568112105545,-0.197270697011516,0.0763837226397501,-0.155384001034363,-0.0175379176158732,-0.0884433130780238,-0.167056843728501,0.0782278523771799,-0.240749136508139,0.0924755108629939,-0.0734300107167566,-0.33694146691582,-0.0080919293401819,-0.329721172418937,-0.329598671063781,-0.227898327633185,-0.219716643567434,0.0234615054408053,-0.243190908062924,-0.354460982893291,0.177887919445617,0.152428607998133,-0.0614694352380889,-0.286116417872373,-0.327023266578446,0.22222916603019,-0.138214609748556,-0.409087997400185,-0.289836812901351,-0.48611896483085,-0.49366634115934,-0.487772686569677,-0.225836876145608,-0.123209740506102,-0.425912768342217,0.118717775540346,-0.26267002863949,-0.157955865904326,-0.449572917126966,0.0040416532170731,-0.211413987147924,-0.022309595473088
0.660929434136863,0.725770849454271,0.605497176288114,0.424144369349777,0.223937717942997,0.675492213120873,0.700360307574627,0.642390173845623,0.451659291615039,0.848969598807926,0.39076026952749,0.78708631851656,1,-0.415448166116384,-0.365225260863984,-0.470830289286025,-0.414852469634344,-0.351307098144725,-0.392747862195028,0.580859050363161,-0.388339882231816,-0.407808223606818,-0.251505251436462,-0.307032812615495,-0.266138747786628,0.331729567000763,0.0731384432561394,0.34487531233408,-0.226343147963163,-0.131391208511011,0.158746801218011,0.0635995747527492,0.161294461776063,0.235397533769417,-0.0674584403507966,0.0735573331191483,-0.254771446066601,-0.0681512978873785,0.0432918953639883,0.0495729896311081,-0.148067276286333,-0.0234186105291147,0.0585538050469343,-0.184892717258688,-0.220670977189852,0.0482363201265961,-0.203423738983771,-0.0281578008776769,-0.211942988942483,-0.0863792366061854,-0.0813874785281462,-0.284402967711403,-0.216011082521173,-0.385202715008047,-0.0781544796854727,-0.205492952013287,-0.0118946543682464,0.371717680362401,0.313368582420641,-0.0449680681319435,0.0039845106486986,-0.2874992704988,-0.0537475130523337,-0.20792215547301,0.0608215941553959,0.237574889861379,-0.130195205586681,-0.089121261179476,-0.285235491946059,-0.194414632573688,-0.113136608460777,-0.460922416746293,-0.0903445283201298,-0.338848901867856,-0.21332117987473,0.041040441659349,-0.0612369372448065,-0.200419713627935,0.0307930674701097,-0.0285223002142075,0.084197987022018,-0.0036626896190427,0.112685254872148,0.233883873099471,0.735534194760911,0.456917833292615,0.716309195248311,0.632298549732357,0.160063405726945,0.600202601418419,0.422535988081289,0.797216839404932,0.523131480922668,0.628271270710243,-0.359414324545864,-0.360389193586838,-0.492469256807845,-0.468336279091207,-0.291823250942046,-0.408213457972232,-0.455524669778844,-0.0967495087599983,-0.458692890514482,-0.0382117325126167,-0.394352950513078,-0.435081770199415,-0.208206706944577,0.296410264987667,-0.213014501121416,-0.200308644792471,-0.508802633408889,0.32001488162263,0.188360194105872,-0.453360825703335,-0.3676943978164,-0.314276858686023,-0.366796612801553,-0.0083860155494094,0.436520146616271,-0.238951395683241,0.0088230894762757,-0.0144540285752542,-0.228381673503495,-0.270365475610495,0.0241945615018315,0.173466997279299,-0.173440525369123,-0.19241057286686,-0.121279750605757,-0.32616099838281,-0.108828364219348,-0.291966526565662,0.0485173867056608,-0.140935575729653,-0.264370823458237,-0.0335828365883608,-0.234218293259397,-0.423262993251884,-0.264843524824237,0.032026610055899,-0.246184531153193,-0.384503601992823,-0.295130466293984,0.129779221794045,0.148890123510409,-0.2002980196459,-0.370280790631268,-0.226836963958544,0.180006467505472,0.0431810953055814,-0.31534833537487,-0.114196998918208,-0.210849656370991,-0.280574952144998,-0.369797107902522,-0.131629356015186,-0.121993635970748,-0.541226559176116,-0.169505574451138,-0.276271495987352,-0.218362653452408,-0.305851784917411,-0.086328260659555,-0.103638562363451,-0.0909276983188405
