1,0.475172504395698,0.0078044034194863,0.216870851482092,0.479727448157119,0.123467633653033,-0.0674691019907319,0.252510327546247,0.258339702714953,0.266273844600928,-0.112462026199008,0.0220597324629539,-0.0026973862869349,0.0400804133399697,-0.0240104828740652,0.0981421262608893,-0.0770546146193278,0.13669769462043,0.0673086284927992,-0.156904481688671,0.19052338817902,-0.0954103035324617,0.0826775585390772,-0.0731625782389123,-0.207718893556211,-0.171345640928102,-0.334895141094199,-0.321668549589917,-0.215580603840357,-0.218022235247498,-0.514574859158836,-0.351706494674507,-0.144162558460859,-0.324676910916788,-0.365275915133361,-0.427084962707658,-0.0641181713417741,-0.125333458516908,-0.199220054671623,0.0011009006603852,-0.323793255076951,-0.122804436111386,-0.264486395719192,-0.106230289097489,-0.134049652463353,0.0914487658021182,-0.184558661251778,0.0329765209281639,0.238643295982035,-0.394234346243844,-0.457576424508811,-0.0012266301643526,0.057898416470892,-0.0885655585464033,-0.349499981391416,-0.152647445546489,-0.197046374264229,-0.27759210164907,-0.229638590469447,0.144282295731314,0.208663566161848,0.0037290723422534,0.284935262033109,0.0550051764541959,0.216939482030888,0.197047630738626,0.184533518165127,0.280166860855375,0.38817619772134,0.223558066254521,-0.139057383383248,0.404933550081115,0.375572747113667,0.0376438848865966,-0.156676946834978,0.198172566673655,0.0208947610377708,0.232429303774242,0.219723252591012,0.237479465466263,0.106885422976865,0.516691717277333,0.133505737040741,0.203933856869905,0.205526995272146,0.24749638618635,0.108538927264233,0.199181365669897,0.426003119803432,0.312746034304258,0.128807609343805,0.0586042658105726,-0.25578575160226,-0.256283933217708,-0.0231724274059258,-0.0081921909476347,0.126762378674881,0.0862262671692419,-0.0008243499767148,-0.0733323300957159,-0.017181153664872,0.140979911990258,-0.259194749752166,-0.191885066695107,-0.0396792082077293,-0.153559246800018,0.129298410057359,-0.123428223253554,-0.148692486665061,-0.370169877764013,-0.159145677063827,-0.245145357131771,0.211535404400156,-0.239106876180333,-0.392548263657216,-0.353232561049112,-0.440844984332016,-0.383430718451896,-0.436168265219383,-0.143071966403867,-0.267295743655812,0.269659464585995,0.0141509679264661,-0.0106051931028896,-0.246348983797256,0.25262124670713,0.088751336810118,-0.146975167522882,-0.109454374174572,-0.205832843422088,-0.0376272667629238,-0.306970948712591,-0.0811075595908361,-0.0348903970238117,-0.300529820408504,0.084752478384742,0.31194647078885,0.175466127949813,-0.253165162173914,-0.165356594623796,-0.0478505051559346,0.277900891802686,-0.0137610726041932,-0.209995789461834,0.158812319915671,0.0421603193905538,0.285622896346979,0.0340786700088571,0.2181161365596,0.443732976682683,0.405270792151055,0.20776091916155,0.362321092575294,0.151952612076402,0.41620061120813,0.014810968753475,0.0542073088558737,0.557661897311001,0.226638305534238,0.596113667782601,0.445109906100774,0.363265023580481,0.218122411924471,0.366693456826469,-0.118872650031736
0.475172504395698,1,0.330884281540567,0.243609310650455,0.121858694930309,0.232939662508236,-0.303679781774496,0.357088463189272,-0.0225906090619756,0.150021394407457,-0.0752185517257423,0.0629817796060691,0.0123239579109305,-0.0905034499962251,-0.0005992648114063,0.160124892687842,-0.0666472558401507,-0.0027254239838254,-0.193516930424152,-0.142871782330183,0.129162597750897,-0.0060959187176731,0.0481832564187698,-0.0024009684577125,0.0876245244118747,0.203626078977821,-0.192061388148305,-0.245219101088265,-0.379442726770998,-0.0754974016222526,-0.423709847163426,-0.466615259387897,-0.334033505794563,-0.306325447103035,-0.29701885318249,-0.166237221109204,-0.226883055801227,-0.388023910524071,-0.427161637724013,-0.216151827275949,-0.208031964495339,-0.27457515807917,-0.280199505936051,-0.0737919189061472,-0.342279489014315,-0.286570404145119,-0.239489368881445,0.0048938136557957,0.408687126776543,-0.0601315921371838,-0.257565476112429,0.111060784737917,0.368409414807971,0.12097498957285,-0.0708423378668553,0.0988904205042595,0.192276335133834,-0.448561318857058,-0.369102559311077,-0.0170820405204717,0.285692026606469,0.086070183540768,0.369237211357679,0.318254523428646,0.274542972989146,0.185052818998118,0.331019080360165,0.30248803626277,0.315600848552952,0.184911705382059,0.0542844599162429,0.32674630725324,0.431756838702182,0.060988819601376,0.259439167931448,0.502523337686183,0.337757024829456,0.0176516973733949,0.33776309971517,0.180349281802769,0.155322805512836,-0.0197609215561488,0.377734766386739,-0.0875335854581566,0.373118138909359,-0.0152176805027271,0.336944911505827,0.238688097968303,0.179356232297994,0.042214113353853,-0.252856431586204,0.167763232140527,-0.336405415308168,-0.330929639326759,-0.0576640687375653,-0.0994346151108891,0.0955450366387934,0.243651295741483,-0.191622852506458,-0.098729236238917,-0.0695572845848026,-0.194037987866278,0.0062144454404123,-0.088744412460191,0.121730039795279,0.0550569117374159,0.0779970343736271,0.134309095704628,-0.264698882953205,-0.170807372844409,0.166198198244966,-0.196673532497479,-0.386932168255183,-0.215540752358273,-0.37076578566024,-0.106081700750279,-0.371534417500707,-0.27809643538471,-0.363408401408633,-0.327472547371167,-0.449822868597491,0.11724197091076,-0.226035066520235,-0.387606043833386,-0.003650660660062,-0.159839797058232,-0.324871398520135,-0.083205365527996,-0.335115028481413,-0.356084802892193,-0.472084830308254,-0.275082117900848,-0.509476775676083,-0.0491426036868259,-0.212710368493052,0.0797815837040897,0.208971884132553,0.0763177872844942,-0.188409902810353,0.0338249173930882,-0.308885134180498,0.124938328145317,0.0854823000199017,-0.521115162810221,-0.139681217203453,0.0529709581000935,0.189887843763044,0.175839622633966,-0.23191869717025,0.16967345300813,0.429074742213848,0.111350023429872,0.295555267117835,-0.200324904066286,0.157402855071206,0.0425903454562449,0.0860877529599912,0.336439408624375,-0.0925203996236443,0.435541626621138,0.194515389441218,0.305170608671421,-0.123788713487385,0.176066724787043,-0.545410267391444
0.0078044034194863,0.330884281540567,1,-0.254106609674951,-0.45305118024548,-0.202878786159491,0.39261593083055,0.0716549091471142,-0.49391182232807,0.187613210017288,-0.247356231228106,-0.257226081236607,0.104271273158225,-0.0457325600741467,-0.130563934799204,-0.0483638405381599,-0.0868812762764433,-0.0579418191653211,-0.115238870095271,-0.128242021862166,-0.380937109143708,-0.143206511587031,-0.0295514611521078,0.0110520726259561,0.0072499961775635,0.530193063588533,0.475727804143314,0.548826225204242,0.292895428181359,0.0996764126041909,0.329434611352185,0.133462654988531,0.229638407203767,0.216423091535844,0.424886969784496,0.162276013150557,-0.19510045587422,-0.0540794565795674,-0.176409902216425,0.0053084776565075,0.184638168851301,-0.0132371441366579,0.0944529305473053,-0.0105135820112757,-0.121943398528852,-0.0682422327999484,-0.165352974731471,0.12978640206708,-0.0104795130378294,0.30227555818687,0.360833334357786,0.0381632088486738,0.118592344962596,0.0284885626527516,0.27263777683031,-0.036399904471148,0.0730667950332742,-0.0557426521960472,-0.0536663892562441,-0.0815478292004014,-0.0445322711955407,-0.160566905419706,-0.293515049822324,0.0012831856405276,-0.101762208561724,-0.204693864253302,-0.0333168848590401,-0.279176237712801,-0.247304951133137,-0.285064029545587,-0.229370019771418,-0.336313292281077,-0.193769117103049,-0.113000946643387,0.164588083471095,0.130589924720982,0.17813055231994,-0.202681872986344,-0.120938488102077,-0.145261933596144,-0.0969203907093539,-0.114744061501316,-0.0263207596657504,0.148105731405252,0.304895753347975,-0.214837939387091,0.446989479809121,-0.0019571718368239,-0.363720849721314,-0.257799104325374,-0.410991319656849,0.182601793431525,-0.247003612607012,0.350764680703951,-0.116628802891527,-0.169799714475213,-0.0811865297203065,-0.133621716289898,-0.207627514241109,-0.140350654360964,-0.105356295258731,-0.171688150430694,0.0921643318190893,-0.131808241744889,-0.138384153497796,-0.0667471100579487,-0.183769738479025,0.0110230316167543,-0.0951013195792068,-0.0294166894146239,-0.0941157971425973,0.421973124362032,-0.0419998482345247,0.351268598319261,0.320500839302294,0.27840719776052,0.325779625516779,0.378657905216237,0.338875227015157,0.230173073674548,0.0380362234096276,-0.247469276326787,-0.313488175655312,-0.0320411118063558,-0.0379436608876059,-0.0277469550609434,-0.0369042038987643,0.191047393201818,0.0878632177974554,-0.0614315444763656,-0.0685345184316164,-0.191815870089081,-0.191158762582816,0.201128892049044,0.322592994896155,-0.110646763716127,0.138444319260118,-0.196093418013703,0.315108030058293,-0.0137955650698802,-0.108671716156838,-0.0161002778571424,0.196343534679451,-0.232141308234935,-0.244113749867831,-0.0515435311182124,-0.0915774967692584,0.234885614187471,-0.179228788996945,-0.340830175417815,-0.125777910348842,-0.164476433234021,-0.0945182440972953,-0.320010715121228,-0.312930806326102,-0.16194799277232,-0.114172927366599,-0.414192615943763,-0.380973621844055,-0.311955760418377,-0.0707866755179283,-0.108082366610723,-0.203279555377177,-0.415070135659528,-0.155320852655196
0.216870851482092,0.243609310650455,-0.254106609674951,1,0.310338763813088,0.294357387949417,-0.197460008831886,0.116829704919389,0.356603322772916,-0.034362060372991,0.138606554162329,0.523571434751606,0.196471714835259,0.277502133388566,0.359345839128605,0.177202246938689,0.297449623934547,0.0745282796328809,0.342822761272669,0.227638088085402,0.424508521265324,0.330908553943212,0.0079511130746434,0.0940908955848378,0.170659110749425,-0.304021099879216,-0.326852017460637,-0.358906637119839,-0.199189286069859,-0.0781997737870959,-0.210833515088493,-0.331518602821823,-0.273534852115742,-0.236455372147183,-0.248249752879158,0.0127240704536749,0.170633286608328,0.0071809322457205,0.0077597153867683,0.0451899022829844,0.023316348712475,0.0184500154993761,0.0076746728523662,0.057634572979756,0.116603590679198,0.0406729900006752,0.182752977955252,-0.0241098724185153,0.117207726056321,-0.243166234875323,-0.197402482638517,0.179724453120023,-0.0998574847128866,0.146130094961583,-0.0636037962329699,0.0160831351705154,-0.0077795156278947,-0.0708135765396185,0.023460518345267,0.278715091753962,0.0351976952496753,-0.0597823270804413,0.125836552529026,-0.0676379615124396,-0.0826262176944962,0.0268789557994822,-0.0361329483998167,0.220109085015376,0.264425837784561,0.222501866948313,0.0902909661179653,0.271263192259548,0.165495794971661,0.25525892281124,0.124416849576093,-0.0701588251964193,-0.0409972302607002,0.0103938528059813,0.0155070241616152,0.263403684931042,-0.166494442586255,-0.0312077679748329,-0.037252769179795,-0.193890952604229,0.19244112753095,0.410364054977477,0.0892887151038324,0.105924720279356,0.269489338026734,0.357818741414756,0.139370901991504,0.178147199115457,0.0635860344589556,-0.233011192532408,0.405475186156828,0.328674263079113,0.246962226977917,0.257849605967534,0.230039285246965,0.223975410606716,0.404818910471315,0.258774968954652,0.0707029217607569,0.263294377684781,0.351929208130971,0.267598987952318,0.217741156618457,0.221723968314267,0.0156889599004101,0.144542414208219,0.346643040699854,-0.311057452928119,-0.259962561115241,-0.220561440081388,-0.280596341344824,-0.0824800277270971,-0.278725482853522,-0.334537866213763,-0.250741221441859,-0.337482668667209,-0.0934866446808546,-0.135272381857829,-0.0782612330965852,-0.0458730753267514,0.027854596193869,0.0020400184649028,0.159479414082556,0.164851065544995,0.125508917054557,0.07808183475182,-0.0481663249524955,0.200791600978233,0.0554877241402072,-0.0569429939071357,-0.348870480614927,0.24339733259922,-0.0115654717818819,0.27028292327497,-0.137177085238309,-0.0465208676129266,0.0831845408893868,-0.0361109041414659,-0.160044171666802,-0.0128865767610991,0.212671665072144,0.227157452460216,0.174893705347067,-0.0886130954897318,-0.209899538981206,0.0265513119314623,0.0350840244181073,-0.081920936180704,-0.0867505322930598,-0.109089826066889,0.200751185647465,0.0125777986421281,0.160241742699564,0.306079084996143,0.231322418396403,0.122075478050227,-0.144688684486339,-0.105230489663348,-0.163120500788743,0.0447476982706443,-0.212817540067509
0.479727448157119,0.121858694930309,-0.45305118024548,0.310338763813088,1,0.266125955372928,-0.279428586368923,0.141985577900752,0.648033475580899,0.183021964011566,0.0863078676757492,0.257206318702116,0.0448889234365784,0.0151796489518399,0.0297787983130808,0.0274815930855177,-0.0411361384000902,-0.0776498299522257,0.006775797367345,-0.001154642169316,0.428005357753874,0.0575591407292167,0.088414912273518,-0.0844577917410355,-0.126292772995871,-0.138767043878934,-0.453069156195648,-0.485407661124508,-0.367578261770982,-0.340328682609755,-0.582260591861776,-0.268922596233008,-0.295792140660204,-0.176950914664568,-0.451985237775625,-0.357161154867118,0.101526270295713,-0.0392410737541039,-0.0286015993106946,-0.0818422373692786,-0.383610807897399,-0.0878366541203244,-0.19637400179735,-0.0357441268897155,0.0013846868461123,0.232788612651013,-0.0190649722713122,-0.109130177746278,0.0376812159309655,-0.427515997359656,-0.594598267948353,0.014552727038856,-0.0886038462779156,-0.162625755151164,-0.363265208592635,-0.115904250182602,-0.156711382147241,-0.146013807074202,-0.0810142384633299,0.0670241990753319,0.221368390529232,0.167281529957092,0.431057706608122,0.0549084094817254,0.341276264737058,0.281624671705534,0.194700893094478,0.397479486481059,0.483114199203121,0.273399120206409,0.0210438862533876,0.538944881998828,0.455315909334936,0.203964844910175,-0.199809568605596,0.202102999626198,0.0565744208044142,0.52308195043018,0.320010451358842,0.226194371341156,0.202855524893501,0.436241032749421,0.210091580355737,0.25627112970951,0.054745352738553,0.448375187714925,-0.252090422668534,0.25734187296046,0.7790059912853,0.523414902719277,0.665031643822087,0.136567736369775,0.267519433994035,-0.260761670717968,0.0170769766811154,0.0966938690774677,-0.0467591452868449,0.0943530080188766,0.0202896389733455,-0.160259831018694,-0.0991145296923057,0.130729875221844,-0.400447471040429,-0.0766495473409962,0.0186657469493056,-0.200362034023124,0.11986695293281,-0.118229469964157,-0.170512872766276,-0.349461340873423,-0.0994460759228816,-0.4195828454309,0.0056494799440408,-0.554349493558624,-0.546321727607117,-0.63651522322463,-0.574861270087904,-0.464413383368755,-0.527389487816555,-0.281757480323278,-0.231627051695137,0.186303640300849,0.203277736276413,-0.0518186747366336,0.0182435928019413,0.122179858966202,0.103644456746969,-0.208687427294585,-0.17456715478347,-0.0816947140086047,-0.0790386764413219,-0.186907342266379,-0.080106513335189,-0.313460342921292,-0.385475871467111,0.251612211828461,-0.0844256249701648,0.0246868758080044,-0.456363920484663,-0.107414214136918,-0.0821990624948937,0.0336128061466053,-0.254832948441462,0.0342467174529061,0.137044482407732,0.113992688686709,0.188854616052291,-0.231804659654194,0.329124281672471,0.417650460871456,0.229494768002952,0.277272340050973,0.362751900823104,0.36079199405752,0.197117820461833,0.0437417067333599,0.0520295197315767,0.578725191631676,0.305919076791457,0.516312802910637,0.220248282189085,0.212129382582711,0.394668830788285,0.421735400907454,-0.0132026113144997
0.123467633653033,0.232939662508236,-0.202878786159491,0.294357387949417,0.266125955372928,1,-0.399545569156301,0.334883377223706,0.451898314765948,-0.279881123219968,-0.216913895488715,0.206684707146921,-0.117112826014596,-0.0703312500533936,0.106730145456244,0.108618622528406,0.22768143460139,-0.0275815860057431,0.295536041314029,-0.130003140271445,-0.0435600855583119,-0.0099323573311652,0.0097209109800887,-0.159846212270276,-0.101565167374927,-0.0659069861709329,0.0324732492359785,-0.09086916374349,-0.086793265845724,-0.191720373877459,-0.158755309836522,-0.0548387684323654,-0.0992864009760493,-0.248722978125045,-0.0493281789630435,0.159265605919711,-0.0827182038734577,-0.0815052932042188,-0.145916100074625,0.0646219287394436,0.0692868590241361,0.0955021288469201,-0.133663701173915,-0.0060805632731121,-0.0693951560144324,-0.0120243336749773,-0.205132887423527,-0.279937059262632,0.159811318454771,0.025242667247967,-0.0399208686278903,0.0408495791123949,0.0181798289319343,0.150182099150087,0.0417323632886167,0.111308219864144,0.0103133178742231,-0.110387427084299,-0.0209949430696352,0.211929122994926,-0.187842062237959,-0.106740867847467,0.0199619496555659,-0.0485806786580253,-0.114137610043673,-0.056070971768593,0.0383141173176178,0.0775360240106803,0.131494966188009,-0.0440220764681996,-0.0755335205545569,0.159682424362747,0.143330144149607,0.0797268671697552,0.20366752387881,0.0314991693156121,0.195891552375845,0.266011791443087,0.0203534036846946,0.108554257392113,-0.0038109508628658,0.334769892682368,-0.0724998692235172,0.145743945697534,-0.249401481444414,-0.0034128765817946,-0.301806521190223,0.631424436605443,0.270034025931013,0.53752655069456,0.126364773402202,-0.239115778304802,-0.190209818658204,-0.193338235706691,0.135893591183857,0.0104426050255196,0.0800981132619785,-0.0474180426218102,-0.0204890856030477,0.123355265594663,0.208515599048582,-0.111184014284517,-0.178525572725252,-0.142049149878369,-0.133981677693202,-0.0414862267497313,-0.0617405467241604,-0.189583038954991,-0.398746715412457,-0.139862696328654,-0.0524664769289126,-0.0529921162336087,-0.228091414610265,-0.302437326216428,-0.154069568749176,-0.246571101854649,-0.146059160361739,-0.0566917378531844,-0.245467754598386,9.59459546094245e-05,-0.148333166166633,0.124701956267391,-0.0544979051678048,-0.24170743610159,-0.209554573029298,0.151675220001752,-0.0689388908794914,0.0903498958813204,-0.0968334795012654,-0.138363759014832,-0.0408801367365142,-0.177214233211443,0.001196935799123,0.182698345388457,0.0447492426044958,0.181649197500749,0.198165373438103,0.304206415252114,0.0666417063876035,0.256224144420738,-0.0549886017274988,0.176114809014548,0.171641153884565,-0.138409184787503,0.174753328873696,0.0858991256965785,0.204944642735981,0.250095516233101,-0.0141335157232141,0.147566976326498,0.327180028113464,-0.118592734828947,-0.0052523881059772,-0.0550714771367477,0.287143790729565,-0.0827427200323765,0.187896754298077,0.267646499005714,0.119124118024186,0.240879853478427,0.225937350997598,0.174378596931627,0.201155112607467,0.163461656624608,-0.037704460169527
-0.0674691019907319,-0.303679781774496,0.39261593083055,-0.197460008831886,-0.279428586368923,-0.399545569156301,1,-0.0177768329696312,-0.105238680012119,0.0929693470883301,-0.300610365703235,-0.110381298757172,0.425165263917051,0.26708640909112,0.0370312341207126,0.0447961464310085,0.267568823985588,0.209571426176802,-0.0116188683337934,0.0711904936416231,-0.169757089410859,-0.133712741541794,0.257488503981028,-0.0019606102840901,-0.236172211924444,0.154588669102656,0.265292789972668,0.514774765932855,0.783245575617206,0.372877934914373,0.434277502849383,0.492656224380377,0.722284373833519,0.292420745972825,0.289429933749116,0.212145341416031,0.0121564950201227,0.665347261431171,0.263381055875438,0.502723536510141,0.227503382525048,0.467575174022241,0.621676313586937,0.333989688680197,0.500467335237465,0.548474916747759,0.325619339299769,0.118480504860837,-0.404850478154025,-0.291571785253818,0.343372026440169,-0.212823907843841,-0.560130113445655,-0.265596067520775,0.0669269519881302,-0.633702048945443,-0.448903760169008,0.116839025037249,0.176083726090211,0.175811276507687,-0.31205509235366,-0.445572418356472,-0.484573841105397,-0.547829849520867,-0.411003347526469,-0.378735822008699,-0.647463707491529,-0.509806594423013,-0.424138751063073,-0.334406349270925,-0.28549310318643,-0.439366821917605,-0.51804926340984,0.142533935087274,-0.351162237353525,-0.42367711682165,-0.581097404508145,-0.308812499947982,-0.578867784324267,-0.147102825380581,-0.494403348353348,0.0894949636107661,-0.0579972077719651,0.19095943114874,0.116611122971332,-0.0410337434778956,0.211014121803026,-0.107043518523089,-0.303396164617304,0.0112235642820723,-0.0022095756630796,0.0015145169294494,0.0060643657173325,0.572789742652917,0.125847909992307,0.0128430882866067,0.0418538603290133,-0.083865457297715,0.294896000720763,0.0553540211190328,-0.0965009260577995,0.37769778157905,0.12627106367311,-0.0226663258521673,-0.1320749979777,-0.172436202082743,-0.010565456482192,-0.107267355775149,0.387472658566379,0.121262722711195,-0.39668674741534,0.437435613328725,0.485891880045941,0.569470929442057,0.608734268456668,0.392793944425821,0.490613378919381,0.369657751070387,0.503513707486991,0.456554257283593,0.554600808582527,-0.424702209852306,-0.295639686831868,0.644422415915231,0.0792150756051839,0.0395868720267139,0.465360127263965,0.299425733958147,0.623659868564612,0.51027778385947,0.616803808477538,0.30279018353072,0.503421650166982,0.265471197615074,0.151952956315919,0.100783429141604,-0.203327254762968,0.0229658013160342,0.411956096512026,-0.349067153810466,0.568007026434931,0.158179729402872,-0.0493356842474053,0.269746132920992,0.0998351113243096,0.293013148487006,0.136266332765022,0.0711268803502858,0.100844163138313,-0.398152081919457,-0.472082857525487,-0.160534556260099,-0.377355797966647,-0.100271773119043,-0.198846335676448,-0.162578237357586,-0.192929533214102,-0.336162661679655,0.0906519837407996,-0.457984368771236,-0.0891955752316477,-0.404459591463053,-0.0302340109604941,-0.397612992861982,0.370018251476781
0.252510327546247,0.357088463189272,0.0716549091471142,0.116829704919389,0.141985577900752,0.334883377223706,-0.0177768329696312,1,0.169156222928601,0.417246158032561,-0.0952433215014953,0.344971523845681,0.326303078820622,0.276199884223622,0.306514419259861,-0.0110042556167701,0.15648602670539,0.0330128694886835,0.0893107369799219,0.192624757165227,0.0340666187010977,0.159130423283413,-0.0871086665142701,-0.0010236532140048,-0.12751852592106,-0.0695720711930061,-0.140076417110395,-0.0725428878966492,-0.131849172690579,-0.162290893089113,-0.247693190024602,-0.24817828034869,-0.053361739085218,-0.110211579889698,-0.271328445772412,-0.0598403918042216,0.141918587830812,0.0177784384800049,-0.138288735861206,0.123140369385777,-0.145550909551345,-0.107921204121548,-0.094794814090878,-0.0540098894793496,-0.146389100300996,-0.108220568780726,-0.143903078700772,0.120552579505912,0.106607877397695,-0.13481191677462,-0.185273126483063,0.197321074799464,0.0677354445692929,-1.65952306439826e-05,-0.0605855431230544,-0.0996726815843294,-0.0400846672940329,-0.263905592849225,-0.152044887386877,0.009251179976176,-0.0197951636818973,-0.0277763293766887,0.0062735094043211,-0.0822370249544934,-0.0216978638953826,-0.119388774333592,0.0136540190325396,0.003933436421785,0.244545596187208,0.0864540234702175,-0.162556743427319,0.144396420436617,0.199900454034894,0.047040920019605,-0.0222897378058593,0.0684496635840877,-0.0480858530548648,-0.0554757102602231,-0.004075006644954,-0.0173643713924944,-0.174544387559472,0.235533632672932,0.302712559225293,0.0824289985417674,0.334196207467334,0.173752201205739,0.121598332055429,0.296318900345597,0.241707266031442,0.21371289386263,0.0933663258884476,0.264476359794472,-0.0325280999900315,-0.0614134671173061,0.212092793321992,0.288235804109533,0.153794455757947,0.0623568048496068,0.0115441332237684,0.067076010228582,0.124676701427574,-0.0915211179917746,-0.0884315853289975,0.173072418192514,-0.137133212865604,0.098291380024728,0.108836396707383,-0.0834709245155869,-0.0925291459272835,-0.232663298009451,-0.0605663514652277,-0.102047947375111,-0.133608248114556,-0.215481845750916,-0.145491661436742,-0.107613697967159,-0.191425128632938,-0.229174054508182,-0.114325134464709,-0.219517330696102,-0.154953371591349,-0.106142638093688,-0.131481954752183,-0.0166916712287504,-0.0447360637752298,0.174513222334745,-0.0080711508850072,-0.0270506772426062,-0.0354914141533159,-0.220096242543309,-0.105955703141559,-0.116796974371635,-0.083755623434686,-0.0212471492194679,-0.119894649157915,0.144240596360193,0.339111975747851,0.0531366759321734,-0.0175354582045006,-0.137374715284223,-0.0956247488161265,-0.089506614509351,-0.182523135041356,-0.209745557861637,-0.107328845632916,0.0353196135671847,-0.024230123199198,-0.0844712875821136,0.0420345172541181,-0.107500701581866,0.0391352211362759,0.149158524168861,0.0285683849053113,-0.0555230447146434,-0.0085683918228062,-0.246095877718218,0.0876970968400803,0.233433911387381,0.180094890000362,0.116124733853914,-0.0745986246333786,-0.081660265516505,0.0054395994124176,-0.115539117947629,-0.190195546523072
0.258339702714953,-0.0225906090619756,-0.49391182232807,0.356603322772916,0.648033475580899,0.451898314765948,-0.105238680012119,0.169156222928601,1,-0.0061069869551027,0.0930557135811956,0.347690952290368,0.285694556625376,0.109128770444074,0.165969830568442,0.0595156791486099,0.221670535035221,0.0897255269115201,0.137297389632236,0.0542527307023757,0.268321395138053,0.0205072628695517,0.157595277948342,-0.204367216340273,-0.302306109049569,-0.275815288237791,-0.388683305498701,-0.30167912698945,-0.0272212115496087,-0.107869125722944,-0.305048031023852,0.0280053867192401,-0.0459178168108468,-0.263536914214794,-0.434900429394639,-0.122969583931304,0.0094058133568271,0.217998838785857,0.0750608699870079,0.2394474672211,-0.205561605125883,0.241673094820053,-0.0196745351298884,0.149609167740689,0.209951073979776,0.400679774955545,0.0784494745635472,-0.030210597705413,0.0338305623898192,-0.509535918929964,-0.36536469730319,-0.115186579537633,-0.286361217845533,-0.0752249002564681,-0.303834107023904,-0.303888283669276,-0.348806950722762,0.115967564585426,0.162002306607162,0.058810724404991,-0.0549741120961392,-0.0180469309681915,0.292823063219745,-0.23814178054578,0.0283597212708244,0.0001043667070837,-0.151204598351485,0.0519971216212828,0.174941385642432,0.0189785313442225,-0.121810778185794,0.31754201885315,0.157938640422018,0.318967819218544,-0.333925347373894,-0.0116590554261782,-0.257838746092539,0.415856385515041,0.0498347933739145,0.271672519440867,0.0882404083385549,0.385907879228263,0.0348390686085441,0.199839989870561,-0.151712336093418,0.338497516917543,-0.405016847959004,0.337116567495847,0.623915074079691,0.706762511148337,0.769508759336183,-0.0102016329923066,0.30526034454608,-0.104463148665644,0.16611673997012,0.13543980104822,0.0814028712436689,0.0620519170412053,0.240641993467771,0.0834014221102901,0.0422266733963932,0.255406133031899,-0.230592075646409,0.0057580063774729,-0.112504926142999,-0.188957690328692,0.0793554315469722,-0.283854863383413,-0.0802462886061552,-0.240266396569916,-0.193859144433254,-0.269686575608622,0.0897827061267686,-0.30531702790809,-0.24435486426414,-0.374971363397109,-0.313003186206651,-0.306346313928153,-0.32425638354969,-0.147658177648302,-0.0042364373281955,-0.0491214211235141,0.0054938649239201,0.144585466587486,-0.141982704228895,0.14045489315681,0.149266460676394,-0.0503523668096068,0.104250353257373,0.0991230645814538,0.217543528724825,-0.0103474280412673,0.127526603493709,-0.177639646793579,-0.32677056636939,0.235906071774962,-0.390259372966239,0.183760734208339,-0.312056887107084,-0.302911788043723,0.164507120896089,0.121031328629424,-0.3506312790923,0.315585678205149,0.391765860126912,0.139500694252036,0.228659071824802,-0.295433520033087,0.287940675796048,0.134603829817012,0.0767030780619533,0.101371236624522,0.0449834281265959,0.237412065487069,0.018746602414684,-0.165439131649272,-0.205393682428488,0.367178879274069,0.414663071934746,0.206709909020138,0.112366083067038,-0.0802421024220337,0.457216983927628,0.336349646011117,0.218929388730715
0.266273844600928,0.150021394407457,0.187613210017288,-0.034362060372991,0.183021964011566,-0.279881123219968,0.0929693470883301,0.417246158032561,-0.0061069869551027,1,0.28621486778233,0.200935520929548,0.397047980946981,0.153064127381885,0.0639281008882444,-0.302395955757384,-0.292283290459021,-0.258323140039143,-0.0883311748047239,0.136982631298924,0.116290139609168,0.122993135438713,-0.0258352258279035,0.214156167979761,0.0591344288897635,-0.0826797027351376,-0.212037607764925,-0.0290414781810452,-0.358450332241226,-0.101502800185533,-0.30039197848308,-0.100513912301282,-0.0141083546919501,0.215513406768878,-0.119674816993227,-0.433685925222345,0.256894855737708,-0.11804456151194,0.061400828018581,-0.192806795199403,-0.399310802249407,-0.377631656937225,-0.263197439946066,-0.159023074992788,-0.187713689170405,-0.0139218793736144,-0.146979857750439,0.262093169769196,-0.145854028924732,-0.158070937825818,-0.397444425946261,0.0732320232139855,0.0062971504167208,-0.25584548219224,-0.275674812747152,-0.0529949881481165,-0.0202949160582462,-0.0931110238764387,-0.185469485787669,-0.312354872011808,0.178224978302095,0.242390982053369,0.181903931462397,0.136027291427535,0.33289822615706,0.138338170862352,0.198655568653988,-0.0670002379868004,0.240685206323284,0.265388668471734,-0.0104787154809598,0.108650476854238,0.147825705498158,-0.157733060516064,-0.391882743866728,0.184371933326673,-0.0287541747690029,0.0949242066025752,0.224156211068521,-0.186012117210844,0.121643869373447,0.110712308897848,0.241351680300519,0.2217933806777,0.522086871723235,0.291861282109505,0.21473828280891,-0.104134633167067,0.290036729657342,-0.170768767272802,0.270602842644696,0.656889676402942,0.287751808792918,0.141444745737348,-0.078761973394154,0.159853316158961,-0.113431812881239,0.0723095769022926,-0.210420746289337,-0.284615312116543,-0.0869181269223,-0.0765035908650376,-0.117138074363433,0.090792496745351,-0.123030981374991,0.0113093203775459,0.252600422671575,0.139217809610596,0.0783859752358338,-0.195175174226262,0.0035753770687825,-0.147493239580149,0.260087347078921,-0.268835953453807,-0.273507533016315,-0.185678591214501,-0.179062726229299,-0.184531888521894,-0.0888354263254682,-0.180697270226117,-0.189580939307147,0.0332638256087907,0.246316578261098,-0.0207627361006967,0.107929579837649,0.143842466991189,-0.0278316564823174,-0.262121182865949,-0.139726035494228,-0.198015650916498,-0.123645486556726,-0.231445385645292,-0.141006342536264,-0.290952938729283,-0.13841113783148,-0.207583815654313,0.235428638421806,-0.303666869239061,-0.256239554816492,-0.206713553574359,-0.182595213285829,-0.129994234544111,-0.268395669751807,0.0049536755310752,-0.152952961374585,-0.201912240884701,-0.239680074950371,-0.394115283341597,0.456042946787931,0.0974703547442758,-0.0759352082364053,0.214769699950229,0.234545045665662,0.167600618561784,-0.239714215800373,-0.0744747935984094,-0.0368009065516253,0.0735027929325096,-0.0119212009505195,0.119295633245281,0.0248098714352795,0.063345761413648,0.183472042170388,0.0177681795058523,0.0062861761460075
-0.112462026199008,-0.0752185517257423,-0.247356231228106,0.138606554162329,0.0863078676757492,-0.216913895488715,-0.300610365703235,-0.0952433215014953,0.0930557135811956,0.28621486778233,1,0.293033951404571,0.0027863827738446,0.0691545134403495,0.014913635744038,-0.249003193446402,-0.212964754465452,-0.23731909247121,-0.218245057817256,-0.0157172713881407,0.347949562409841,0.213850716587861,-0.09741126140655,0.221559124978928,0.259372165660275,-0.1379747892232,-0.341848879553455,-0.339195809943261,-0.445745001574139,0.17918646069084,-0.143858540667757,-0.115863155314559,-0.248886413554284,0.104474911027244,-0.172875869492559,-0.245019870684937,0.207355284049335,-0.161745422589832,0.17121387394736,-0.209748450850845,-0.166620963870997,-0.293866944214236,-0.164462616681762,0.069931901350594,-0.0048749023819073,-0.119663874842908,0.114080093339278,0.322896638152538,-0.182041860081492,0.0222470146453416,-0.354087676926144,0.0487972894869503,0.0536026743390609,-0.0174726684445426,-0.196330199046096,0.291868916929607,0.231584177614801,0.408012330442718,0.210663334476078,-0.449435967980315,0.436400142429592,0.588865371128744,0.352800876501493,0.370562696823283,0.356213586699507,0.390260628153113,0.286549213500058,0.299197885828348,0.309223611870871,0.345168994661255,0.46633137957442,0.328690232804434,0.174423662031067,0.0191673404819171,-0.0424676968874005,0.0045219312852429,0.023941584436806,0.353673459558892,0.430993573607899,0.125646451990386,0.448538169139232,-0.141775621095952,-0.0039196275889563,-0.109414479385732,0.104903637157103,0.0820594636878508,-0.107338214302494,-0.26546169925089,0.148516766659151,-0.163847739622691,0.224819263414762,0.18958997257954,0.404514036360184,-0.267247395500476,-0.015584590307174,0.152443828218068,-0.219392790748497,0.0481583625686006,-0.0732714415858311,-0.0511224912947763,-0.098840217565955,0.0438191127145973,0.17428841844144,0.0476376355139186,0.204735069106281,0.168103813910697,0.304922505477754,0.404571861999202,0.203304610089021,0.114246065262353,0.335691492208281,-0.421415064880276,-0.126720968951257,-0.363876850491703,-0.408965853231857,-0.0299821041531942,-0.243508274831882,-0.265549007441208,-0.186456574455466,-0.377350782209525,-0.225842258048401,0.152858088750252,0.472884874758578,-0.209093987210195,0.337688604717245,-0.0283123464678221,-0.0893874915483253,-0.283364645605107,-0.130749741452829,0.0244412622127087,-0.239598634718523,0.0501350840051187,-0.195547140000591,-0.567123347947347,-0.215192873043424,-0.109858480510168,-0.181174586679823,-0.315590663328578,-0.50771153223955,0.0232572094007765,-0.126107602637517,-0.422025057914605,-0.355652874448116,0.244164510907348,0.142710270003666,-0.106197684475653,-0.205077782724297,-0.510924217149501,0.185032918366796,0.132442977683175,-0.196697855730097,0.314402930293442,0.0887295366247636,0.356366798384937,-0.156019606787284,0.305589233738269,0.143638647317123,0.0937619203720926,0.10062601076467,0.0405243694629223,-0.259359484555582,0.0425977378942555,0.131093071755559,0.279834928391726,-0.0027566743802869
0.0220597324629539,0.0629817796060691,-0.257226081236607,0.523571434751606,0.257206318702116,0.206684707146921,-0.110381298757172,0.344971523845681,0.347690952290368,0.200935520929548,0.293033951404571,1,0.580209349690299,0.512590092188258,0.476326426694174,0.160222074552541,0.413823388765691,-0.018911302198453,0.169974211368707,0.512007056073225,0.478299818511379,0.359377077125102,0.200823022391479,0.124842315720094,0.35224708999147,-0.227182973297963,-0.383186749871512,-0.298554277620346,-0.150219232695354,-0.153939047984508,-0.202609649525887,-0.0402431707921153,-0.050801721157538,0.0549030434385502,-0.247017335600508,-0.0101375110092315,0.465561744636749,0.282856847150454,0.257212940729278,0.261541760984862,-0.0261059217103493,0.132941908306186,0.163377823742559,0.320319927346944,0.337891795206334,0.155861328196804,0.415738309479926,0.263741365182319,0.0116992644822143,-0.279727390914914,-0.274675206473198,0.205257313849882,-0.151044607699228,0.149106401593331,-0.0080490605820853,-0.0650126701077956,0.0057463169069418,0.232369360300904,0.260980909326348,0.0269977929979822,0.0663761808155861,0.0845547710771398,0.177043611771378,-0.136122706009801,-0.164966988868368,-0.0519477814460096,-0.132880559547717,0.162240389919231,0.344102371969875,0.207884538164368,0.074187363279189,0.294697878768501,0.11734446652122,0.416670999157355,0.0518714457397516,-0.132329847469885,-0.146414011351203,-0.0630990707054056,-0.0505174682589037,0.367482170602972,-0.0756098788360049,-0.157565887864999,-0.133464591442996,-0.208999031698981,0.196474242536682,0.427956683218964,0.0053407598655669,-0.155753729874933,0.1032849708907,0.189026452506484,0.339506109615404,0.357549078263887,0.556478659767036,-0.173856671374329,0.524243595829975,0.581512484315884,0.0884833268894939,0.121588539797279,0.454923522410251,0.290052913874118,0.204568889812541,0.32231971985938,-0.066497221424496,0.447365081192878,0.268807694939834,0.225958954693819,0.298703374470742,0.195536600178191,0.162992076489209,0.226415178644968,0.278715788616385,-0.310558212034442,-0.195427795476796,-0.36259423660222,-0.226212228439302,-0.189944833175091,-0.274524437469342,-0.314192601384775,-0.187322144952136,-0.350734850321328,-0.0050424074265046,-0.308673163203809,0.0676879294280023,0.205442967928155,0.314978494612238,0.196967715691155,0.358172833869892,0.0446422954138026,0.31544809101389,0.263219342038529,0.180155892890772,0.433180167439484,0.253475700466123,-0.214367938420029,-0.330156344181474,0.335992537096583,-0.0156874560564105,0.0864953532325873,-0.164056831957985,-0.223190192305641,0.294701024482814,-0.229745419983546,-0.426730704988367,0.305708221000102,0.277464559419367,0.19678743977314,0.182664528126282,-0.320340176693224,-0.11803552746085,-0.1595730841966,-0.174287940602058,-0.0377367280797193,-0.267279422592559,0.0928844276076716,0.0782800098969878,0.0244157364188658,0.154139939564762,0.223239226949308,0.36274018560207,-0.0920410970922186,-0.33404615848666,-0.326318719519999,-0.218834299829847,-0.0003146620610982,0.0527902896517153
-0.0026973862869349,0.0123239579109305,0.104271273158225,0.196471714835259,0.0448889234365784,-0.117112826014596,0.425165263917051,0.326303078820622,0.285694556625376,0.397047980946981,0.0027863827738446,0.580209349690299,1,0.30827440327233,0.269931444843798,-0.0179697974256264,0.30476278140468,-0.0271994709926788,-0.0151194574742901,0.331934082074306,0.0926296460374815,0.0430742800993462,0.234703916252492,-0.142103761972588,-0.0518389177256828,-0.044683985089332,-0.076859363602255,0.224153564508782,0.269724305400972,-0.0499240093610999,0.0806175803176698,0.31027081805392,0.412301085188745,0.121309977822137,0.019453505516551,0.08161051343909,0.158462114055417,0.424386446418003,0.136149845457182,0.371949412412276,0.137491932733365,0.287244785991195,0.317002273642493,0.368336710894735,0.428976411277143,0.433511436425811,0.267753380552384,0.176774444427234,-0.128820046128494,-0.375793205152028,0.0055922865712972,-0.139394914519276,-0.358253812529521,0.0006098938508569,-0.0509581282786242,-0.475006487028109,-0.34978853136296,0.178353406721266,0.153221540221056,0.0669509861930571,-0.278171170524064,-0.256294958456533,-0.123523899650397,-0.449027642701423,-0.33023809318073,-0.361677448092256,-0.498698093808773,-0.379757086123961,-0.207194291649983,-0.215496575585274,-0.345181975996438,-0.161596450847864,-0.324818194732098,0.417820004700783,-0.312524301858049,-0.204034410582372,-0.438016603185282,-0.291561747180949,-0.414034990888693,0.0260852495127846,-0.333112768355874,-0.029154969574051,0.0818761243374668,0.0588226292084045,0.325981086598372,0.329933181774517,0.0845215685950638,-0.210210053025786,-0.0192423169907667,0.0342454817387588,0.39118205252717,0.362531287699919,0.516885602253226,0.453280610514579,0.252773084083566,0.238168086983086,-0.0051656290667846,0.0022574568328456,0.290862669186037,0.0444099460326721,-0.0370299006163518,0.223841407963821,-0.129919713818253,0.264487323736153,-0.149201436933983,-0.0769474855900921,0.0739610721722934,-0.15948218398104,0.25070810112878,0.0413121303834112,-0.17108717316027,0.21095768217878,0.141725017429013,0.131691738847284,0.296061154659767,0.042622474386387,0.197808709337038,0.144577536721987,0.26763760230801,0.130379017036226,0.336376354143485,-0.477377227109285,-0.196570661439236,0.405159429433367,0.117715972068377,0.195000522323422,0.254923951345188,0.370388434164545,0.448517530335786,0.422668659096774,0.486522116189979,0.335616469868222,0.388717811609591,0.135252646915367,-0.0190096225532087,0.338021648352981,-0.142404066633885,0.138045771683356,0.242512618613179,-0.337253917789201,0.482572724281215,0.0537195386503627,-0.263543811113969,0.400228845564076,0.121292485677695,0.31551724100798,0.229323881475791,-0.142434208463253,0.021512856557807,-0.397081646249674,-0.303985567504211,-0.21107533720827,-0.342812477982343,-0.12777483760373,-0.215877959365565,-0.241919067235487,-0.145245540720697,-0.149214401998982,0.274259916823608,-0.414765709258671,-0.240180910814052,-0.541272365833335,-0.106407517497912,-0.24995364181909,0.301633585480541
