1,0.599565125470154,0.357719829105637,0.594907764529062,0.482453763129416,0.476610354754,0.141586532265595,0.0245179197429592,0.589737200773904,0.476119646931654,0.32085231971491,0.394257215102766,0.538590450539497,-0.0533073664037628,-0.201841889579868,0.0546060684110541,-0.0157658598852195,0.0278265979301317,0.154007598551373,0.255559970085748,-0.0605852175952056,0.308768435463994,-0.0850749661748051,-0.22118107905008,0.0148280868333276,0.208699781961555,0.0382624269283368,0.131813956537495,-0.167363482635095,0.0160717817175034,-0.0523025633568479,-0.0990878555541494,0.163432046643056,-0.0015116156347608,-0.118468505869033,-0.0763508603864362,0.0259731215405283,-0.152516841921936,-0.0873032513687896,-0.0782324510170582,-0.246554232669487,-0.228299175772644,-0.224248202944621,-0.185666753373199,-0.398860230753564,-0.282322026297165,-0.293541596029668,0.199917550073108,-0.14862158650554,-0.0955417936338476,-0.24425656373028,-0.13428950520387,-0.226158691464302,-0.299084431269019,-0.199208165796263,-0.0803729280946874,-0.122455572718044,-0.0788948429619565,-0.321819508925789,-0.172364083422958,-0.0294407973868817,-0.159771178580938,-0.0494689587479519,-0.198559461153632,-0.10276711022151,-0.0902126053336363,-0.0257832849584145,-0.240565019871392,-0.319218885644084,-0.029438636545216,-0.0863228138379515,-0.306339009887758,-0.264980219380055,-0.41710090679687,-0.249144028969186,-0.157253825423562,-0.0232696646898815,0.0432141521374999,-0.293646336544799,-0.232145797350201,-0.323544588644896,0.318369599985691,0.28881446082237,0.660345923695227,0.742456639138176,0.549018165683451,0.266262474049575,0.488547873041846,0.53808138394382,0.55672806260383,0.30454375577176,0.301529237168281,0.413218856388896,0.176853205566874,-0.151388855802393,-0.199233181651234,0.158770951907788,0.0100391085642098,-0.0091747792076624,0.126057560050171,0.13191201196304,-0.242517205576213,-0.02096965107578,0.180774675361278,-0.327260442172028,-0.0369783786358455,-0.213782919227123,0.0352397361508412,-0.336774926842531,0.132416432815131,0.0450258074227305,0.0852458494822833,0.040275602867192,-0.024749352392565,-0.136389783292537,-0.122617075315221,-0.20767601344338,0.114480472471229,-0.0271162802866888,-0.0741015086414787,-0.0268570575042268,-0.124196306201106,-0.079535357364948,-0.0280149394260053,0.0099351080263453,0.0205735890763698,0.0635195205269048,-0.236063354917848,-0.062750020241016,-0.27900873917754,-0.15175774882138,-0.088866780241912,-0.0573374085897647,-0.0964157718061223,-0.148996774110267,-0.11843038190286,0.163692387444305,-0.207089522274904,-0.203063400753476,0.0374802436138726,-0.177999381924319,-0.097372744252954,-0.009725472968991,-0.226169545607492,-0.250993330651487,-0.220990903989584,-0.383616738659255,-0.0749999367589903,-0.072063283459322,-0.0280952792126372,-0.0284824030590452,0.0517795469730999,0.134181524914393,0.0263405681985078,-0.155839022014826,0.0083216662297494,-0.0291278598825508,-0.202959389291128,-0.177270904013797,-0.294528437972617,-0.0648569396834821,0.0760970512736214,0.130893571688964,-0.192879321051794,-0.265722197580951
0.599565125470154,1,0.606569042570049,0.44190890945446,0.133739898290962,0.702081046449468,0.183999291780943,0.566750430818349,0.419096392271577,0.824372741342054,0.125447972275147,0.507818678082419,0.807094082384048,-0.131186181010938,-0.117788850072776,0.0914368864351834,-0.0831502436494564,0.133961433830284,0.0233239615019688,0.142507290411894,-0.261656873044483,0.326926834882041,-0.237712677955489,-0.227851216906504,0.05704325685726,0.0131883953944518,-0.0285881350808853,0.0048154050517615,-0.208577535521165,-0.0149059913552091,-0.119145406651783,-0.122845049448615,0.0502923333738086,-0.191588240388141,-0.324816509052489,-0.217740780224699,0.0505680283003954,-0.181653917239913,-0.0919262620945845,-0.218469056302172,-0.196817750323917,-0.293136592028614,-0.374147498986155,-0.259706936038896,-0.435221969535733,-0.284900197196238,-0.371511412649457,0.104462642585107,0.148042233359232,0.0566939722610853,-0.313312550796984,-0.203482908868359,-0.199107751367774,-0.26776633684971,-0.35219766191351,-0.0553965924707874,-0.302637688825475,-0.0619438186192238,-0.192061641975044,-0.205278778418462,0.111974816264596,-0.0668803196804534,0.143113080216234,-0.157559711325232,-0.118069944495068,0.08172832766804,0.0404951923582337,-0.19731603365002,-0.277118076886071,-0.0885264044568359,-0.174416070162505,-0.262401015686417,-0.209783112006917,-0.251199038772223,-0.22638290231038,0.0391589255997934,-0.0491688984402861,-0.132909280716528,-0.142979978081089,-0.0811150867103605,-0.129285887589688,-0.103802698859712,0.058376105170406,0.332724253965372,0.839307998881348,0.444350390783837,0.488986464754623,0.833963682634969,0.0773654096184291,0.386630502518328,-0.0977153817820394,0.554036810869482,0.223726539811213,-0.0158949033872699,-0.148417515806305,-0.0983009191075506,0.0133271030922608,-0.0519308852352215,-0.0722387621926539,-0.0629891703987164,0.0037290534163704,-0.245596596445887,-0.0395632293660072,0.155607752885331,-0.361043936924018,0.0331668623694521,-0.236321713089323,-0.108501109119565,-0.241440529959228,0.154145471825484,-0.0133279941985165,-0.085899708044524,-0.0631248843981046,0.0289570701071328,-0.274498935419796,-0.100692393177508,-0.20848571957872,0.157966367230904,-0.171055711241812,-0.233764250825037,-0.323970017059286,-0.168740106793913,0.0190654214317533,-0.0321621538749222,-0.0626090008629977,-0.144348163951189,-0.0950915649027024,-0.309911708382039,-0.289481717399003,-0.321877103022172,-0.217289142279742,-0.12037009744091,-0.0244685055530842,-0.0563657922348661,-0.0925017046932328,-0.219249507496596,-0.181456375036404,-0.0727559393148337,-0.3198054564691,-0.0131732916917673,-0.193666627239881,-0.100655398565108,0.0387877043718922,-0.3017866818352,-0.283512440027987,-0.37285401264474,-0.289330000136465,-0.146050334808517,-0.3836839602998,0.0633183171416502,0.0690021906184286,-0.0063133314196504,0.160973418811857,-0.0144111509885665,0.0346526682717564,0.13707377256932,-0.104098860057312,-0.192616146064503,-0.256143230110488,-0.244297035562626,-0.116839948092743,0.0101021743359926,-0.192540065412756,-0.248178267660957,-0.285823767192775
0.357719829105637,0.606569042570049,1,-0.133369459455571,-0.132462217950785,0.29820657602752,0.340661916530683,0.476180342061147,0.0473232714709497,0.805018112491935,-0.133349644611766,0.0224017323313715,0.748278299391989,0.0319991632436849,0.120108239175763,0.284790940853906,0.132542801682145,0.102801990954392,0.155649888874306,0.243975646949343,0.113587270929485,0.245028757229372,0.382312750458954,0.0889948435736312,0.0705769545007112,0.240464810126356,0.499386668015735,0.241050312951367,0.218328255598605,0.518161596936142,0.176942185894737,-0.301018825793266,0.587893257864771,0.091726992651325,-0.110966208210187,0.152195870562612,0.0633041208101904,0.0975359812104319,-0.0030197566858891,0.103118663466048,-0.20190052243382,0.0195982172918382,-0.147512142487325,-0.337717896855382,-0.1138953266737,-0.0954987875668413,0.0224870708056543,-0.0858320479140634,0.0892329692199711,-0.0856943049056469,-0.0208755144368947,-0.0871276370243737,-0.138565451779616,-0.464059673014588,-0.337109655494015,-0.136611165198669,-0.229996923976158,-0.298306882993472,-0.298691483928216,-0.0317561135146291,0.0047504046053149,-0.177770882018513,0.0420620916918761,-0.10515449181062,-0.199054095429641,-0.0058290327168002,-0.109438963730116,-0.171542853138125,-0.309758796815928,-0.0864015408552917,-0.126443158916496,-0.31256014116982,-0.215773224991682,-0.430292816673638,-0.343470759107332,-0.179839283659602,-0.300055968139529,-0.171945384331131,-0.237541272888966,-0.202370565696367,-0.313585058412474,0.0282666035224568,0.17155244381331,0.313524700018924,0.528388915827108,0.1336475369087,0.841349305928967,0.514332545172248,-0.118242605123265,0.197217852655272,-0.0672837451230492,0.812894129396606,0.264695699879229,0.119937931574999,0.0198498526873962,0.0420932731080252,0.224908043365291,0.160582160905323,0.0225219583610978,0.290158489059146,0.131716739174913,-0.104836968865284,0.265610978821336,0.212745634490017,0.0021778114911939,0.137006753947351,0.230233036733967,0.366464011719485,0.0240672453580606,0.262138147133224,0.190682064017415,0.135075884113659,0.24791766903254,0.272141606834712,-0.11579551094384,0.265891304323194,0.0353396421178027,0.336608360520379,0.119093473565124,-0.261661158931153,-0.177165265363316,-0.287152338532178,-0.0637879826780474,0.214092988988118,-0.165436553488965,-0.0594250969997818,0.0881680401371846,-0.302757126292851,-0.123238130608183,-0.143867920055697,-0.193490163871914,-0.15674170990671,0.0253289855551014,-0.0347988962948401,-0.0651130364568436,-0.127527775887752,-0.112795209849189,-0.0714886270932583,-0.352671212375045,-0.146031242720704,-0.285988392170008,-0.236430323230084,-0.129586144455385,-0.248209707313087,-0.301775045238533,-0.334575211888166,-0.422810605168184,-0.197862869223051,-0.288376370047403,-0.0873965647635401,0.198581308833472,0.0076434406773778,0.117108915540576,-0.246532019126214,0.0326704971115645,0.0497123672251974,-0.161923213201649,-0.226733069752537,-0.241446536980214,-0.20284320525669,-0.19577483605755,-0.0921651232957371,-0.179148670081783,-0.222460013896501,-0.387327915028
0.594907764529062,0.44190890945446,-0.133369459455571,1,0.443601939023984,0.55405561024659,-0.119190136828324,-0.0664982094150214,0.626537631896813,0.118978276083628,0.3594229575718,0.587356481486755,0.189227881919311,-0.19378678907618,-0.28875950858928,-0.203399458699217,-0.0589364459674779,0.0433140996750967,0.0021954039886409,0.05963863773028,-0.14133711022295,0.204767125926078,-0.496916500348923,-0.22890652211825,-0.0845046783019584,0.0210404534803028,-0.347966140148465,-0.237765489325818,-0.33523291735531,-0.413112035843509,-0.298994750479309,-0.0393594236084291,-0.40392263313679,-0.241081731251336,-0.269945582584589,-0.270622526231747,0.0208609616538844,-0.152223515428054,-0.0162928943459689,-0.139105299771325,-0.142768585668409,-0.253648263995359,-0.129407310266222,-0.0747003157771114,-0.449901945149671,-0.256760979946271,-0.30770948584638,0.0990616971097649,0.0389890629960969,-0.0028506367106376,-0.342120164647251,0.0716378036704905,0.0778911707343327,0.0572139889281565,-0.0072890115050145,-0.0496231866779972,0.038794862335761,0.13010600971081,-0.0708210335519809,-0.225329702252415,0.08371904142566,-0.117703033729413,-0.0041810731110074,-0.0411812344677676,-0.124087463316987,-0.0401301522987178,0.23050928931647,-0.0642826726155079,-0.0758491385316672,0.167536539920883,0.1029549428949,0.0218694282192711,0.0615406911647194,-0.145229569883812,0.0209139644358898,-0.0149323059567214,0.161491250714109,-0.108648695877501,-0.18455145961609,-0.0409067892610667,-0.119470194338135,-0.0669896172216232,-0.0307616217213624,0.191206274073332,0.553914096996047,0.554512331045969,-0.217146818550587,0.438744803686586,0.372716649304193,0.337833486976994,0.089087471773003,-0.159591641900105,-0.058157835393971,-0.173639371523521,-0.171295833931683,-0.219138106480027,-0.0919455162196513,-0.196504640128889,-0.0008842503564823,-0.0365789705614661,-0.0215506075404125,-0.104664003021472,-0.213002572130091,0.0471546758569966,-0.228705034181818,-0.0780753627372286,-0.432953886062987,-0.398480288037401,-0.300170247332251,-0.22033711234369,-0.0525215763808706,-0.135417969130415,-0.207330661051654,-0.172883275083529,-0.24256980778731,-0.404017586448908,-0.3874717169292,-0.245781642581413,-0.36330643438761,-0.226692305675147,-0.0771081879548205,0.203581660488567,0.113460561190546,-0.160746295413972,0.225821208069416,0.0627777623718078,0.0451978738337808,-0.142186918007832,0.0103649148414063,-0.309084587456685,-0.246727932206214,0.0387605509257669,0.0372760633822078,-0.0775485899449119,-0.126324856750919,-0.109956023247923,0.197535643161331,-0.136545910999485,-0.074131325931703,0.077030337998585,-0.146065632414573,-0.0856365525723002,-0.0047218841408009,-0.251532233738793,-0.099134976425032,-0.066811034285476,-0.112100326176622,0.0585249524858371,-0.126925272193836,0.139655216391273,0.0246373482969536,-0.0037131978099863,0.176352650664401,0.146493475379231,-0.18108112900905,0.0886979359307591,0.178263625629227,0.0224880087271973,0.0426605641067707,-0.0846479843143336,-0.107525831929387,-0.0169842988270994,-0.125006073021693,-0.191031793485138,-0.16744558554623
0.482453763129416,0.133739898290962,-0.132462217950785,0.443601939023984,1,0.0999824694385261,-0.439283504546235,-0.0235779753994194,0.60325709601362,-0.0590301364833113,0.434113538023766,0.0726343746510833,-0.132210435504983,-0.155121018746838,-0.37063489684802,-0.129116224350605,-0.220858077909647,-0.224949267368287,0.196990624675361,0.0816015308758918,-0.0017496019488777,0.177418159651892,-0.373034368509899,-0.17597451649439,-0.206394911667127,0.199902616547603,-0.340446091467826,-0.140900751475058,-0.20502859133963,-0.166862404537789,-0.178004069751424,0.083533226403425,-0.362619789070048,-0.356003049382361,-0.321656421290024,-0.194319053232872,-0.249739494462211,-0.411512485210797,-0.252205502651346,-0.195089350460214,-0.180454581220523,-0.382866910765697,-0.321510494797977,-0.306347873745716,-0.440096041774679,-0.246113360676887,-0.449478382554758,0.313921774288705,-0.0195851588748277,0.202164933135408,-0.212234689181878,-0.0535272839931831,-0.0241713887766948,-0.0953122580029232,-0.0618306773310392,0.011620489142883,-0.0102275884616155,0.109817334872547,-0.209844222021033,-0.0722026530829288,0.165277830756882,0.233005227333018,0.0591947300419755,-0.214500154645867,0.010597080766874,0.0890340747125553,0.412343628866125,0.0156683278472005,0.148583001947777,0.250564161730582,0.0583278521986587,0.0850952721076713,0.242569531669789,-0.149644003027855,0.025326926849762,-0.0455139645827392,0.157171469097801,0.480843608908653,0.220818533884549,0.324037359246475,0.0667173960170801,0.373126145403067,0.374990852925126,0.493214274604013,0.211313877487891,0.40658148093596,-0.0949074628696871,0.0427160593780562,0.82782370530567,0.586432191687671,0.667423960159496,-0.129553042121439,0.304991968399695,0.0289647206156108,-0.288642094898501,-0.327732521784019,-0.0678665810353049,-0.0999514158302073,-0.128124765648829,0.123805413538565,0.279954912538789,-0.220758065483117,0.111896344611658,0.130804567149868,-0.274220671048588,-0.0125011186203465,-0.296278212572697,-0.0674576529343907,-0.289812032588184,-0.0996392025185527,-0.140403811860206,0.112533890318576,-0.2120864034217,-0.0058823829981387,0.0106406956772078,-0.0513777383578381,-0.243854134942379,-0.0520256678551462,-0.346568396941076,-0.243660676756238,0.0554212334864822,-0.20422624160257,-0.223907167656886,-0.285767704163143,-0.161295241891319,0.0263456295837304,-0.0705706125546504,-0.167369676561332,-0.202566854914105,-0.304268800305642,-0.315675601050117,-0.322852418971129,-0.255411868685133,-0.0632982209653881,0.0577139105245927,0.0993016271039517,0.209073828767479,-0.258995629676971,-0.148726712533256,-0.0264676775976893,-0.322360834218814,-0.0334675180873093,-0.0050072294071815,-0.123622862503674,-0.0593909254591975,0.0939543706192312,-0.136829603372409,0.011444214409173,0.256941244100374,-0.0261135792478963,0.077950655631292,0.252263892806566,0.267767898179939,0.252304881937853,0.0003781101795618,-0.256628226234282,0.0133889421612663,0.0093777411864799,0.156624860075276,0.0362967034252773,-0.0902773124900001,0.0168584598368173,0.476679466244065,0.181871818998647,-0.0394423466208996
0.476610354754,0.702081046449468,0.29820657602752,0.55405561024659,0.0999824694385261,1,-0.0001224882491159,0.266559312441273,0.597809872403016,0.493036742621865,0.0572473806703021,0.618531976112034,0.58394782573366,-0.125012926743792,-0.192723593936053,0.0099807174444879,-0.0458606811018323,0.0654572833344356,0.0223794268943075,0.0163167678400776,-0.236721597027138,0.165687723206924,-0.27683658510973,-0.205510864411069,-0.0493549520460798,0.0910075179141369,-0.183276365904427,0.129167684817083,-0.211894741787104,-0.108142195696466,-0.0901670573339132,0.0246293302105135,-0.0575109121666206,-0.140016156879546,-0.245508167245383,-0.24109655363422,-0.146133062921247,-0.167288083602816,-0.194983478543988,-0.235129620439843,-0.220658017486014,-0.276254883054399,-0.376365651751704,-0.206824851832335,-0.256541841556806,-0.321225535867911,-0.281824323747565,-0.139049359622305,0.104846689067138,0.136408658049771,-0.204894911110517,0.145102018844704,0.0527506875039985,-0.0995668243644333,-0.0735171708435749,-0.0222745540617496,-0.0563491976181784,0.134996838033432,-0.0064399844555849,-0.175145116081775,0.014973838453304,-0.249438962971001,-0.126180301099388,-0.246430737315938,-0.353367320473926,-0.0189992426854983,0.149474930883268,-0.284529290994249,-0.157139656797131,-0.0389385397797761,-0.151954941315132,-0.0228686338249658,-0.202103186361102,-0.141741711205851,-0.0418720422688022,0.0942893147176286,0.0916716349589792,-0.0435249746937314,-0.124306716288074,0.0129144548077046,-0.0877456054538679,-0.011334581776838,-0.155830007540239,0.326881390304632,0.629754049943151,0.157140695523666,0.127781992808157,0.822227600507212,0.046845990304994,0.307411397697784,-0.110482482829328,0.281877182973864,0.0362895996386813,0.140918882461464,-0.223587840280208,-0.20799006205437,-0.0521371152821612,-0.175952650578812,-0.0822812800098169,-0.131526111693727,-0.0031582608134801,-0.199164992206169,-0.0829367614557001,0.0241764513045786,-0.263915157689971,-0.0179653448375038,-0.276795826275087,-0.234525546422692,-0.26902848410354,0.0440111961209695,-0.0798365130971469,-0.0661518690104048,-0.321011131411233,-0.140397806371171,-0.270648538637487,-0.236794021076126,-0.210692294288208,0.150623994563951,-0.188706132431328,-0.222492584216215,-0.333793016478666,-0.293344739460804,-0.212551932297418,-0.175631207926493,-0.13342419183282,-0.200079618665957,-0.155713772938701,-0.296087119295776,-0.264967661113462,-0.24345728006299,-0.116648501660373,-0.230512277749961,-0.140460055317411,-0.134962371628936,0.0567724712297661,-0.3000384005893,-0.0514959358132842,-0.0480435619442208,-0.236659339381093,-0.16344528530165,-0.118076480466168,-0.0010961744837847,0.0869368787026133,-0.198596756164574,-0.0713356801420498,-0.110664429620628,-0.241734642164365,-0.166924295326957,-0.324141635032356,-0.131568968509553,0.063821929542963,-0.252628321853788,0.0595812177577157,-0.205302438324813,-0.348062136401835,-0.0947241745109032,-0.244163573539165,0.0220113456460291,-0.170070913264559,-0.343717960785015,0.0121589214050804,0.0543658848516989,-0.0621800095274486,-0.187669394530395,-0.241386514688637
0.141586532265595,0.183999291780943,0.340661916530683,-0.119190136828324,-0.439283504546235,-0.0001224882491159,1,0.380601497953396,-0.369344543774313,0.451756701209597,0.14049701676973,0.255108730481397,0.454093746864607,0.319456985231697,0.338690136290788,0.300529107839449,0.296416987164226,0.0562422247213901,0.0317842425684498,0.289729482087057,0.115768915192873,0.0805675932130501,0.145409171135185,0.333592396795975,0.456621865707764,-0.400609071413583,0.218596515038425,-0.0701106301858682,-0.193122890300094,0.0109811072764715,-0.190884944069996,-0.081614335780906,0.269196122269455,0.28588630071966,0.165860458931663,-0.0680440329594632,0.499904228623966,0.0455575464772803,0.187125850895574,0.0712655030101326,-0.246677978674323,0.163463301223255,0.057931537848494,0.102249751470852,-0.0244318189820833,-0.107617730472239,0.257982852430096,0.016594099429745,0.229519582510782,-0.131659764076448,-0.210632962651495,-0.15972679431237,-0.23043348083965,-0.152307220463044,-0.305932610649715,-0.0324260612838082,-0.179911528679526,-0.254671030566643,-0.207494879706844,-0.279428925374816,0.0321089776045619,-0.072013911260912,0.104431520363312,0.491154320623093,0.238866154780371,0.236800032840501,-0.221159655623323,-0.241608620584382,-0.46633256368757,-0.265050842604604,-0.0609630131491244,-0.346639642456756,-0.349706055223099,-0.228373332762391,-0.330141317111661,0.0264266302734893,-0.202918276202171,-0.604295657473374,-0.349529134522759,-0.435938211985685,-0.154678166775851,-0.414373257671311,-0.258242779109106,-0.261677048129786,0.344208028621851,0.250235250997272,0.336866762939462,0.320219257087194,-0.368826494790557,-0.241038784999828,-0.399862450081929,0.320755059563692,-0.0107700595724835,0.0111861791597307,0.213296611169682,0.306492015704182,0.310924313947793,0.263417501665732,0.232326642072307,0.0721319627507442,-0.072097641412927,0.121868164810837,-0.163570439111759,0.0587612685273706,0.13652715942673,-0.0236141442433089,0.212991651477853,0.139687445517614,0.196624886153094,0.374512016268897,0.424538886943026,-0.153054983616194,0.495276861410568,-0.125107920721049,-0.187770833049118,-0.152616914320129,-0.191737200569061,0.0174592402841627,0.166010309018884,0.2084644894644,-0.235861873492996,0.305038596872354,0.38349840142795,0.102814555371326,0.0747175663316013,0.0319205709004443,0.0711493089777595,-0.200536345162044,0.0515095938533461,-0.110964305707173,0.138894787226646,0.123179776792046,0.150016911831918,0.115136274290333,-0.0427006944020146,-0.189849900231826,-0.277515471186475,0.285990554934966,-0.0991488517070328,-0.220808830650389,0.319560466846166,0.110715082120883,0.0200658900400616,-0.246408592396501,-0.252341791755978,-0.424720405406961,-0.108484120655073,-0.137722421686083,-0.35953400943549,0.0756084686114578,0.0952941474953425,-0.0493095657662672,-0.0592121656920992,-0.122030211224411,0.0819400171024094,0.456981559404356,-0.207045988109938,-0.0552210560456642,-0.0363006502664135,-0.152810258877627,0.196153891325128,0.0741117462766914,-0.546637361623898,-0.192776425098326,-0.0522068260679787
0.0245179197429592,0.566750430818349,0.476180342061147,-0.0664982094150214,-0.0235779753994194,0.266559312441273,0.380601497953396,1,-0.0705249036601081,0.666998512572171,0.103977135762046,0.243168395032796,0.525045039400074,0.0748294298852459,0.0301457804902053,0.174622135234288,-0.0424381741690365,-0.0576110341994688,0.101232861797755,0.238711886066973,-0.019355530866056,0.0993368116612152,-0.259743174019911,0.106401494432034,0.220396436778575,-0.330595792731945,-0.149103612123843,-0.261498263343322,-0.286251251485089,-0.0879508875489441,-0.348074883922546,-0.0800138449587544,-0.127134103548276,-0.181746978315698,-0.279956781626671,-0.315022543753153,0.211756375942228,-0.311478151237086,-0.0999513159791303,-0.263413034032475,-0.313281539862503,-0.170391839372496,-0.348145207372933,-0.247021273297157,-0.248043631345655,-0.236891732095431,-0.106624076770527,0.0735306322197115,0.43994175730456,0.120600051878082,-0.384047797132717,-0.261718628936768,-0.166099126699032,-0.211607351549133,-0.511637326450123,-0.0201621098836221,-0.340110718789423,-0.0819640682217676,-0.0991942868776222,-0.219198464022716,0.330331469079411,0.229055666075545,0.243290970888818,0.16740836887349,0.0439206178315059,0.410392967199548,0.0718081220024043,-0.127757265717589,-0.137176217532512,-0.151437632462539,-0.1259698971297,-0.0400745157446539,-0.0150403384705271,-0.0573762523706414,-0.225287600183741,0.111185557990877,-0.100998729921715,-0.202739880338261,0.0909724186230334,0.0852031827009822,0.148593199492363,-0.405902224843107,-0.0634457762011892,-0.0985975772506406,0.403923914751296,0.277730613491465,0.518916518984017,0.629958463646396,-0.202848094761731,0.0753448569436464,-0.19087410779051,0.471894118884171,0.0425333133137285,-0.168228726023189,-0.0683225871518745,0.0453310031015846,0.0422126844493559,0.0133004928644631,-0.0150994219559389,0.0313583301973711,0.110312800142536,-0.035449411345071,0.0964358852843739,0.0970207718041367,0.0139129496843584,0.081488920106169,0.108055357774016,0.1157914404927,0.165624934613363,0.301613121514501,0.13452948501409,-0.168042881059846,0.128064552917621,0.0162452548535577,-0.237061470310242,-0.022011649448038,-0.245387040456862,0.117982668603095,-0.218088454895828,-0.211791318393189,-0.475296665188701,-0.0564428096806355,0.14254196878683,-0.152421158095299,-0.178115812597666,-0.316181709986477,-0.205640867453423,-0.379482792663873,-0.393020323796684,-0.219540018518974,-0.180356725372498,-0.125656122699416,-0.0651661945065502,0.0437048021960527,0.110620282640816,-0.184468881012713,-0.458261654681565,0.191095708085921,-0.333746081106222,-0.341272266118982,-0.0441970659605619,0.0750645591383236,0.0046964516237431,-0.238097027671549,-0.174550111459246,-0.26082896832156,-0.0622756877446533,-0.147300311730699,-0.31161687948567,0.0933247798681228,0.325911924908903,0.201260156625482,0.155544972102749,0.0162996283680564,0.219411574345603,0.248370943666037,-0.273358752116165,0.0873300673068541,0.0136541982675861,0.0505436149986493,0.0247615923333923,0.0266484829343416,-0.239655590474959,0.0161117759487659,-0.0777540543272617
0.589737200773904,0.419096392271577,0.0473232714709497,0.626537631896813,0.60325709601362,0.597809872403016,-0.369344543774313,-0.0705249036601081,1,0.203319385880352,0.461517293710593,0.550338569377257,0.225983105430549,-0.0855338950382947,-0.16562842366394,-0.128435016449135,-0.114607585672141,0.0293427146134597,-0.0522383609965819,-0.171927521675093,-0.20591370806879,0.0546299203125604,-0.424247857155569,-0.377943819210932,-0.298006740691815,0.0533908610477652,-0.404596693546509,-0.0822817305711139,-0.250833046467286,-0.229763770908863,-0.257772179650483,-0.0237603032039762,-0.270532739530116,-0.46430300227253,-0.541010507787957,-0.364561775257042,-0.474631370512146,-0.374177407848051,-0.39769343343121,-0.183295756601415,-0.0774805612850473,-0.288637596426324,-0.509055980575573,-0.351497028235822,-0.445908211261846,-0.359104746419323,-0.41555023615912,-0.0377691334728454,-0.122780830764546,0.0363351126009076,-0.273823820937202,0.0215017746891607,-0.0333173090619309,-0.0324479765467705,-0.0740616697036809,-0.228677845758023,-0.169158449113086,0.22587310640142,-0.0640580130610555,-0.143544831367215,-0.205190337569796,-0.30885311734238,-0.30564729387476,-0.51918837022479,-0.479983818830511,-0.237622133044901,0.253711621074997,-0.238179952156778,0.0606407632062788,-0.0203427307653817,-0.125117150405279,0.138374229062775,0.0664304307535565,-0.106447194506488,0.138623577268783,-0.151371825322061,0.190113279948321,0.366563789268967,0.114911121235717,0.242729473807479,-0.0315593914198537,0.19658117451316,0.0146315617663997,0.526952702135381,0.482253699616662,0.384187838243838,-0.12894449767564,0.398940271932287,0.578483209281285,0.83116124457743,0.516499184240792,0.0339898236965777,0.477841444874308,0.175548970627084,-0.0432849198267931,-0.122635766152802,-0.0360930596423388,-0.0673814023750759,-0.0380035515239436,-0.0930320729610732,-0.0317335550869531,-0.232725854379818,-0.105408983250118,0.179449675569958,-0.278913659093749,-0.066930387956004,-0.33167706464819,-0.310871340632404,-0.413509589793521,-0.210271904975035,-0.214526406885131,-0.0240177939723924,-0.468819821974931,-0.0074601998509868,-0.0227108796805042,-0.180675787136651,-0.2689597862744,0.11219806804698,-0.25062882144485,-0.235262081992336,0.0030200996672421,-0.456279256423128,-0.334988234616835,-0.190468042125241,-0.204940880482009,-0.0239567442194311,0.0412798943786739,-0.0378967280096557,-0.184962924115936,-0.298632373754823,-0.15279492593196,-0.229002930992923,-0.296278704934305,-0.0133838711477155,0.209822635272622,0.0191803075394478,0.405274081886266,-0.0098321554795629,-0.030455922712439,0.0431185092512769,-0.167273074792011,0.16632458297442,0.222007567625082,-0.131099466987621,0.060980674216505,-0.0140078306580211,-0.0765234129230589,0.139935350844281,-0.0644529129982129,-0.175113716078893,0.162990115995937,-0.127258680003466,0.214320037106909,-0.144725189743193,-0.132273722678813,-0.263740368479845,-0.0446725973349635,0.156994333699347,0.0127637632190815,-0.0116343653924467,0.201778889612695,0.337932653415204,0.344145380906404,0.201769977326125,0.0186969721419543
0.476119646931654,0.824372741342054,0.805018112491935,0.118978276083628,-0.0590301364833113,0.493036742621865,0.451756701209597,0.666998512572171,0.203319385880352,1,0.0496007669437007,0.406459145982443,0.927342865019501,0.0129396302482527,0.08687794373649,0.326161194392829,0.120690421523676,0.172415585422665,0.140479769737063,0.235199070203637,-0.0244511579559118,0.245269230805029,-0.0057195005764915,-0.0357258183857525,0.229587593935976,-0.0642990942266056,0.147181369521531,0.0523799143469101,-0.198811789939182,0.143548544526893,-0.149655722560923,-0.25007993807851,0.309148203544932,-0.0627876884209407,-0.242690187325323,-0.208331445863122,0.130253503097351,-0.150217642395546,-0.0950502989230397,-0.0703429403101571,-0.244951761319799,-0.0913264872696329,-0.282501880632666,-0.294267250647956,-0.27279610680348,-0.275302910167974,-0.0935810188525916,0.0403137501063307,0.165033830267061,-0.0636443642543938,-0.366547105719941,-0.26690205271009,-0.2766568839534,-0.435024259393718,-0.498523031811372,-0.123884687935319,-0.401768747811668,-0.283822691156861,-0.339887900428731,-0.232239130304202,0.0579755069006552,-0.13344630213454,0.0707157782534117,-0.0985090722012069,-0.110113307741519,0.0940693098545927,-0.0714504670015306,-0.214298529772424,-0.410641688112509,-0.201090276559814,-0.194463164542117,-0.359410853174631,-0.26975185736737,-0.343588897225819,-0.360956728825398,-0.0749578392029249,-0.208530443367314,-0.243186593800494,-0.234443307866132,-0.253975844996472,-0.255762639116778,-0.140083827870746,0.0459976562288614,0.299789254925829,0.745131808043285,0.385310869960214,0.704474813608439,0.741690891861754,-0.123194781602433,0.290492942572989,-0.144586973619813,0.784241661503164,0.289033559182383,0.127452190097805,0.0009933725738807,0.0267735542222711,0.234289137250786,0.125123427139518,0.0553615989367559,0.0208802008160954,0.070139822142562,-0.220333058974148,0.0129236722224173,0.22508435363525,-0.130637018680644,0.040295516534518,0.0362745138772196,0.119116686682796,-0.0435571331575132,0.326212762686785,0.217075982462843,0.0008676617189044,0.130735442713447,0.0856528324356114,-0.185970751679223,-0.020388029683226,-0.187669456992705,0.269671334467242,-0.0352163114062303,-0.111255355572955,-0.287864584308946,-0.194010817450774,0.0470968153349737,0.0516022179921162,-0.0822574219536412,-0.121825436457497,-0.0560877041320746,-0.258214418343534,-0.225856940725018,-0.230935355587909,-0.132547514156418,-0.0180118229653225,0.0231128535457305,0.0625781544182505,-0.019728193173521,-0.134661404606364,-0.201346285331644,0.0650423585783977,-0.283039448126303,-0.123054297930898,-0.119737501930606,-0.0106476650312712,0.0697638383439823,-0.356314572392218,-0.338799499366971,-0.417945375448872,-0.286398462200531,-0.114958006471485,-0.35937230924117,-0.0025344990218551,0.207357227683922,-0.0028145475301823,0.112115055912635,-0.168157104839828,0.0023400613305279,0.219113944417724,-0.157926563268176,-0.136236985935239,-0.193431179969542,-0.180969965435275,0.0050210455722095,0.101784731022563,-0.253811230033338,-0.244880080610876,-0.323103144075047
0.32085231971491,0.125447972275147,-0.133349644611766,0.3594229575718,0.434113538023766,0.0572473806703021,0.14049701676973,0.103977135762046,0.461517293710593,0.0496007669437007,1,0.508388223795887,0.0009221473953931,-0.0449165107477468,0.0291991160293172,-0.232405709969282,-0.0313584896059061,-0.0633386773310691,-0.154327871935302,-0.0883068808006684,-0.182585481570245,-0.187344628248886,-0.393894708101377,-0.240801017557079,-0.248030153816729,-0.386496242886867,-0.415960340839627,-0.361058629730427,-0.253385481149225,-0.302843954319202,-0.434629788801394,-0.038609351321395,-0.37175035480263,-0.310759490105487,-0.453401330159936,-0.300793994841602,-0.122936888361082,-0.243894014256488,-0.186196461707485,-0.20870503746228,-0.0617899540604711,-0.126407426214232,-0.25567445407065,-0.200248763131833,-0.285158915925149,-0.27556291847022,-0.295079254913647,0.0343525695048667,-0.0314030138386192,-0.131609307159218,-0.288752474288076,-0.0539031457127391,-0.163940380385468,-0.0419809810992534,-0.171338500273607,-0.142269914113303,-0.191464024619723,0.284694079837664,0.0381513458761873,-0.180747054283701,-0.0685175563306547,-0.0568670601777051,-0.103702889482388,0.0002423543102889,-0.014359166572429,0.0166755336830183,0.0253291587001745,-0.0657212415677206,0.024629700158133,-0.0081509492625397,-0.0150717551734396,0.194143154343003,-0.0055145859077654,0.171752588748659,0.0189567189880283,-0.183051325717213,-0.0898028749395696,-0.0038277292784229,0.0396581153066469,0.121605508474176,0.0738865405081308,-0.254159282439819,-0.264072055238729,-0.0342062398560144,0.222156740501753,0.53319703152336,-0.183505128991859,0.170360006442326,0.362631609549575,0.508766339334174,0.461083288072594,-0.100923730838511,0.550661577781018,-0.0419506422224202,0.121918968014924,0.184335714708403,-0.114191067375061,-0.049303217113185,0.222141420694832,-0.119292770824401,-0.0820631266495772,0.0545642263968428,-0.233278887674259,0.195997021402883,-0.190509826067923,-0.259856547837599,-0.0414612023217447,-0.181084561409116,-0.07437659663953,-0.195970118166173,-0.159362884858052,-0.16315120116384,0.0567562746533387,0.0120616304453497,-0.0184845449440763,-0.110398027124091,-0.259495239343315,-0.0367718295512947,-0.0106677007179462,-0.0773598464237419,0.0226129797936995,0.0370343169778665,0.187873925756953,-0.138013364535161,-0.004576924044957,-0.0027238099615784,0.0853892046725346,-0.03221713749079,-0.0376077011129415,-0.1101790800411,0.0305590881442346,-0.111151761330395,-0.051577087911849,0.0782145585840988,0.127639989862573,-0.0058198290782657,0.113304935349417,0.0648953077973676,0.0466697513592895,-0.0099377429304212,0.226370643020395,0.156155004611297,0.112854063720315,-0.0338944386334054,0.111654935876376,-0.10669987774978,0.171075483449033,-0.0011460391347858,-0.0178369640819038,0.130184329089433,0.0088065565141805,0.0434002410749663,0.194546317609737,0.158247875860134,0.164683896960293,0.108469505619672,0.015275987527706,0.285889564447617,0.143545664062691,0.0644833817889403,0.232993011556933,0.151589030960564,-0.0613790803958001,0.270780236797393,0.329536943322725
0.394257215102766,0.507818678082419,0.0224017323313715,0.587356481486755,0.0726343746510833,0.618531976112034,0.255108730481397,0.243168395032796,0.550338569377257,0.406459145982443,0.508388223795887,1,0.481357034763824,-0.0824030945507219,0.128492981628079,0.0460592300357547,0.109640006446521,0.11039029323503,-0.138110696356167,-0.0836853761893937,-0.338775304752322,-0.070840699512178,-0.539498913575339,-0.22493101510966,0.006793155143455,-0.462234482544222,-0.499350349790627,-0.261472928981756,-0.564067371565881,-0.481136763201834,-0.516269362297541,0.0598428724346339,-0.350384116954982,-0.262485154112511,-0.39518244852366,-0.50839089250466,0.0160510665756116,-0.341491658148947,-0.287302225120962,-0.245945932111247,-0.189311819877591,-0.101213991897979,-0.388196395696502,-0.168636657059073,-0.368125740955757,-0.484121431751983,-0.235558935174464,-0.0985313908572706,0.0878126131673996,0.0050328981422168,-0.478428793550235,-0.103949995059893,-0.10805425623808,0.0529071253989004,-0.250106848549036,-0.128368320911095,-0.30283132433115,0.225760977013311,0.0521528900041827,-0.345771353867554,-0.0847511931161214,-0.234788531253072,-0.199020574568384,-0.0327378590659338,-0.219419101831815,-0.009544771192529,0.0806091158785219,-0.316838338821398,-0.200679478666434,-0.22837551364173,-0.213367251523292,0.0051901026765337,-0.181395614108675,-0.0269989219377472,-0.0386426782168827,0.0081126571502543,0.105349171123327,-0.231437922337701,0.0013013370116374,-0.0588668238945186,0.0448050511945608,-0.362814987248118,-0.447092338191086,-0.0149623187182951,0.532963303577298,0.409719700316871,-0.184825278529808,0.626243807214738,-0.011833108999148,0.299560147360078,-0.124267345681257,0.0453743593238044,0.203499007736617,-0.0352103550934471,0.150064279611394,0.165259890252673,0.11670770539937,0.062804985997193,0.206815932329499,-0.219165039223111,-0.179173317722362,-0.231547792478894,-0.403618957438014,0.0286723533614759,-0.215614638690233,-0.228524756832124,-0.222708471824322,-0.470690596694215,-0.151639271670981,-0.0099888308452654,-0.0509550039639014,-0.339711783406985,-0.289177128432104,-0.22853574734624,-0.31580295732927,-0.468167862165898,-0.425658034285214,0.0394984552145759,-0.178547843594465,-0.0398731424373354,-0.30504801792705,0.0010710677739491,0.11559532662932,-0.211394023393276,-0.0179399070637754,-0.0392976758153336,-0.0916316335285356,-0.0973091915163124,-0.156337430398097,-0.26590993614233,-0.072850742055059,-0.0167206444484752,-0.163694090858655,0.0190615648071433,0.296888425253732,-0.187205220430251,0.0390761354175408,0.353465664412085,0.0272418142674987,-0.106602134366888,0.172399296606009,0.362319725751196,0.278093001885091,-0.168809436614802,0.0299158985373294,-0.342160789880202,-0.0126866124889668,-0.0721114808228045,-0.43941664247986,-0.0428374231654082,0.190044693535371,-0.247989937605344,0.159004042778905,-0.0939812609367148,-0.148746610110508,0.149459731853197,-0.143829418787794,0.205392176134759,-0.0267377615751995,-0.089951409724492,0.351987783386078,0.327126702677457,-0.269533125760277,0.0522638522052735,0.117357836294459
