1,0.520669893157282,0.262815663867553,0.609064282171795,0.40033082513976,0.587180814609689,-0.0902768866962647,0.427449589989891,0.764175245918196,0.146078578294432,0.668267712692863,0.592417605263794,0.636821823830725,-0.486180491209747,-0.414402913320764,-0.36614062681327,-0.521139680780258,-0.476181499467233,-0.295114353756664,-0.397467172019433,-0.622737435706207,-0.542209828782128,-0.51862428375438,-0.427989855268425,-0.486359365895032,0.184016521945643,-0.197182069022686,0.38376579373054,-0.267393093907097,-0.262340860609249,0.0708084731558049,-0.0327304792550318,-0.0419475828862231,-0.118817213888737,-0.095472955386498,-0.261643099388499,-0.477220109486978,-0.198104912097529,-0.174852745307888,-0.102121319293649,-0.0058986046463964,-0.37124658421928,-0.265233190125445,0.0292974071766131,-0.0207562477364313,-0.11857795850166,-0.465809734431074,-0.255163422232256,-0.174411656773398,-0.0871030547844218,-0.298110696577372,0.153955811839124,-0.115582744596456,0.0085126839517496,0.0628897651574498,-0.20493635414838,-0.309578139948744,0.631206354856105,0.13300459477226,0.104859417450611,-0.148979736809394,-0.261548498666394,-0.320982573490377,-0.388823083296565,-0.11318079539522,-0.128671434992099,-0.160610853186223,0.0441262345246803,0.0861133321348832,-0.249065572891646,-0.316360535313772,0.251339345956391,0.108105794497804,0.198349013722812,-0.138241723695503,-0.066299692844296,-0.119822462872958,0.279776938959453,0.178316481437268,-0.0643818056063777,0.198602262095163,0.11607355048297,0.289914248742982,0.447446559703631,0.731113084909427,0.667586402690485,0.204040385113496,0.442582039384229,0.593690305967261,0.719648407719218,0.716304944336611,0.329219335657719,0.720024597860604,0.399242292384239,-0.475250882910632,-0.434194577060099,-0.406102863182575,-0.510010776984445,-0.458264753588781,-0.526521038527958,-0.31615400954174,-0.409835617925993,-0.365140491053292,-0.445854107938319,-0.639287625428568,-0.425826245243033,-0.381236134669811,-0.403540342904199,-0.370631380620338,-0.41686807457499,-0.485001300262798,-0.232973653879725,-0.29227309501946,-0.263534639921754,-0.297600373093725,0.111898653071736,-0.0434202665057364,0.0231754745386768,0.0581737026159792,-0.236500012688078,-0.278876940984676,-0.377917976681077,-0.497699054522787,-0.212510971243489,-0.259494979944148,-0.150495845371874,-0.384450390911822,-0.0035947776995754,-0.233573685893167,-0.162722892149987,-0.137654952044802,-0.244110362346437,-0.154307094473309,-0.401379799094658,-0.269203346554388,-0.135879474777036,-0.13899995929426,-0.197519890322534,-0.0625219759283299,-0.0411220204110726,-0.0167478993803325,-0.121768319683781,-0.350203953321578,0.420998954415128,0.110724345779618,-0.0407813103161972,-0.0269729621049942,-0.380930025442231,0.133089778827907,0.0185415929065473,-0.27567469501063,-0.279271103757548,-0.335110065836432,-0.250612699958376,-0.495393180450955,-0.386161181907952,-0.2826063868125,0.132551843140949,0.41374352188909,-0.0358803469143559,-0.159875110519104,-0.199118583260865,0.256207210598655,0.162967563560485,0.214790938809006
0.520669893157282,1,0.252471640933131,0.508289464398492,0.0004711380015185,0.935487659791126,-0.325048142638109,0.87491492573231,0.548798472366361,0.373113678580452,0.372317972469064,0.677420768719447,0.87080731755923,-0.676301760331461,-0.70997580139861,-0.523327681928017,-0.650030256997633,-0.528452365479814,-0.433799770338853,-0.567643774947308,-0.547942984822338,-0.568463190525691,-0.63835011784253,-0.493128628392188,-0.360534443721308,-0.0640616698174304,-0.209062629329678,0.0900529029713511,-0.244248724719144,-0.453570440568327,-0.0202618978713618,-0.191533034216878,-0.266731976244365,-0.271652451805928,0.0763509112428183,-0.416240303268056,-0.723270101475321,-0.306501517957206,-0.114318598138124,-0.44032384510426,-0.0753510042083763,-0.576679678454645,-0.302474266075125,0.0896833914095946,-0.0905466971469564,-0.434589877648545,-0.427415987441402,-0.136075612811693,0.353150497960259,0.315144754096325,0.027749037950492,0.302163228796479,0.408311963496023,0.347292601931484,0.312604260244727,-0.08547492389979,0.0933936401794953,0.325069295934943,-0.0276914839117992,-0.0492664230205205,-0.0439350012384688,-0.388969253123863,-0.25167470178261,-0.637679890944217,-0.565213727524278,-0.282926616988927,-0.0717712502611637,-0.0772366492910621,0.242304182211938,-0.217907326627074,0.0262408636216862,0.279310215288434,0.46224109811965,0.224068211856604,0.117222144023363,0.323674792138991,0.314483690458573,0.0419111901018722,0.201879996368377,0.148844807871424,-0.0417510048113358,-0.252928045093607,-0.175516987600498,-0.0131106743474264,0.780750039478477,0.439927867480629,0.233938503577168,0.908629043877359,0.148734299527199,0.555791319363608,0.391459373035476,0.384569113088843,0.497033114338154,0.112884083248971,-0.623786925499198,-0.640886058216206,-0.550675675761962,-0.629214838091354,-0.509536557135912,-0.615985760370734,-0.446962495082354,-0.579382224844735,-0.466512994262468,-0.591265582023753,-0.547863581780571,-0.483351008649204,-0.486629638927824,-0.500898669624772,-0.378759614804793,-0.28574416235283,-0.391057134730621,-0.321456813065241,-0.515677180499001,-0.330525389504748,-0.107826910390991,-0.0504561505581217,-0.13433334383754,-0.0771876880796562,-0.3344947214801,-0.168447194304808,-0.376863197269734,-0.545795613802625,-0.729394856700825,-0.189819636379736,-0.289652467026896,-0.373201561399596,-0.450203611285024,-0.0800494287786119,-0.386130052434174,-0.267769503332728,-0.251147048091056,-0.29911695089203,-0.200996375262991,-0.20356863208198,-0.277716739896049,-0.32157619586571,-0.0884053827595746,-0.0354219016414273,0.0532971364468154,-0.268253599216195,0.0449821750407982,0.0002344475062359,-0.410110097184648,-0.155485401547853,-0.0557697326666707,-0.0637451495717873,-0.15978476928151,-0.280096727355128,-0.313578468186606,-0.356795129720002,-0.0761411396454789,-0.372508223261445,-0.151601465018476,-0.519101020300317,-0.593187353306761,-0.630617229755438,-0.369645068588152,-0.0068241862791294,0.333027511545697,-0.0306879190569203,-0.103596789601398,-0.148238477226967,-0.098715501984776,0.0372602544662912,-0.207108743782583
0.262815663867553,0.252471640933131,1,0.0368465004614956,0.104779092657121,0.144326573479192,0.259345208438711,0.0948155814653514,0.173798593112859,0.506849686650323,0.195694566051543,0.149694018999131,0.343031355782604,-0.264884849665947,-0.226213166278985,-0.354127999318752,-0.288579073576288,-0.245580121807205,-0.260748057824657,-0.0060200380459375,-0.111613408481674,-0.218548847616585,-0.0279175591234364,0.112441017903775,-0.165185190125856,0.510602339935187,0.0869157696977157,0.727940966414786,0.309280586524872,0.242010330419694,0.39885965809746,0.0086292944085732,0.45603151032834,0.217703025226727,-0.0873755402985791,0.119097433071708,-0.204157743453429,-0.221886833074065,-0.123492640790075,0.0144985921997093,-0.1216332797025,-0.0744658440194049,-0.12057894480025,0.0137512568179746,-0.0610891796753576,-0.322446483829791,-0.183748368814357,0.0061174975260485,-0.16509380209794,0.0952303463345483,-0.156326081604629,-0.084544307770646,-0.0278886115041459,0.0277033099664187,-0.0620966232782452,0.0288566873853385,0.0234417404340522,0.0991705981386783,-0.327824996548111,-0.362923368218549,0.0431630723717114,-0.0563841817098415,-0.156006238650006,-0.0384000219588049,0.0303146882497008,-0.0026649432747978,0.0688862701079612,-0.230419664115431,0.092371262089007,-0.0791354725966482,-0.246333384910033,-0.0267736722111946,0.0466394304276471,-0.27568058052276,-0.279031618977151,-0.003175668647616,-0.0304068748515358,-0.0344348903327274,0.0690776140263547,-0.179156157883994,0.150293754798162,-0.0223703557054864,0.347148964212943,0.145721669327105,0.438186725424313,0.181372357906384,0.859131683150297,0.110260306211788,0.163039240664347,0.189601253184425,0.283909761013503,0.629098108558673,0.277499213734238,0.557636919487741,-0.357747997141771,-0.315199917695875,-0.312970405682715,-0.346822124781411,-0.318100336463786,-0.309168363765092,-0.279197935893965,-0.281042470302347,-0.108022448284674,-0.220043280906164,-0.152404455877335,-0.138131177567073,-0.141330871419535,-0.209936088777311,-0.0785953090609688,-0.249321712529851,-0.198661769032773,0.24749296502552,0.14328248888526,-0.0292602801165713,-0.237844317664627,0.486407873172914,-0.269778564987733,0.0744938898743599,0.141810720328485,-0.0183128489159589,-0.0756843576298746,-0.308668646342939,-0.293657932129569,-0.151544967052636,0.0500397860265685,-0.0580458012600943,-0.451231318842484,-0.123526811444701,-0.204250770511792,-0.234795544609552,-0.401771806885147,-0.167057044680332,-0.137136811331784,-0.279875009212365,-0.141947020014292,-0.303383415007238,-0.194022307874286,-0.233400920772945,-0.176499430571512,-0.0688329466790647,-0.15779454020292,-0.297039364116236,-0.11890496500423,-0.0377399335420686,-0.220489676363191,-0.289997921521562,-0.340730480872794,-0.220133464805812,0.197518599911422,-0.0634591994201665,-0.0956576199529461,-0.0578598373298623,-0.163196493699384,-0.108563414370544,-0.25913217884352,-0.236764519939818,-0.297748772249837,-0.0284624352080181,0.394927779979367,-0.0006558463390043,-0.160367269910008,0.0243136372652836,-0.0065551258033083,-0.0109845975924429,0.0589204962810836
0.609064282171795,0.508289464398492,0.0368465004614956,1,0.317837585461233,0.559399279806004,0.0964753785704019,0.45155323815475,0.707861768870009,0.235323146247529,0.660820324948323,0.853750148032409,0.674680930348095,-0.348068559898631,-0.357682503544339,-0.1402280346224,-0.245484907649341,-0.240292884976589,-0.0173570485946396,-0.282462894965695,-0.298908047330811,-0.327476589740557,-0.293671140884792,-0.327992848386208,-0.351670776355179,-0.237820146333279,-0.28721728662564,0.0231596360830583,-0.121780788894803,-0.152410207139927,-0.0224862997597376,-0.196373106212417,-0.199549725271544,-0.179985869800371,-0.0358656588613864,-0.295639066915674,-0.424245664350172,-0.122758265842125,-0.138864221738088,-0.0126626433888844,0.0954376482637294,-0.14922241690244,-0.143563723314138,0.189332357242551,0.0666394444202833,-0.182020776885785,-0.347198456328463,-0.0690170485456667,0.0284533279956636,-0.104695492068527,-0.0020689591098397,0.265760036690875,0.175917702961968,0.347238035584353,0.203408535705846,-0.153258157587972,-0.0610503402084743,0.529207612876567,-0.0036428646688622,0.147753998824236,-0.106024577472379,-0.176663847777931,-0.110551338559545,-0.271484974229337,-0.174395837680017,-0.209250509439119,-0.414621773115972,0.0814958610295722,0.117670888962589,-0.138383173557928,0.116535212270805,0.286809956732388,0.13319864953823,0.325754097722451,0.0106972633482443,0.0935934432324262,0.092414654271371,0.112805997247438,0.033470979411741,-0.0567556189224304,-0.0750329821127913,-0.185148225877532,-0.291400387250317,-0.0720216837908301,0.560247605738689,0.802757110601958,-0.0271003447416421,0.542041840612539,0.464061431328708,0.652170027297297,0.592391511874726,0.324740335578602,0.71959620866493,0.0144438706644346,-0.290910957249505,-0.241984017340597,-0.157040073572167,-0.271593241182993,-0.189447213482996,-0.277892380156741,-0.0237487469715167,-0.358676434744046,-0.132784580274569,-0.200176163613681,-0.397257546930204,-0.194155136396288,-0.215733278671436,-0.124990480980356,-0.389331705154646,-0.189593697896128,-0.321547600334635,-0.410335768901169,-0.276990775024342,0.0695372562335433,-0.0211187711316926,0.132734740352284,-0.0888543384773988,-0.13592484033611,-0.247856860364148,-0.283212713458644,-0.185618659752617,-0.216597183495977,-0.264096792086922,-0.0898151583938188,-0.151563352448225,-0.0298810398900787,-0.268788270134592,0.0663335864721682,0.0245491286573806,-0.0022232653909142,-0.162302254609136,-0.0548768432885202,-0.116588824275019,-0.271036786378662,-0.380319868361928,-0.168179856909381,0.0272947895964074,-0.0181261544034167,0.0313940512641764,-0.212752303996078,0.0806131149422608,-0.0319833423566322,-0.46179517499836,0.0590993969163849,-0.136714045960631,0.0111871157766745,-0.0028435658169913,-0.415129986483408,-0.337580251925097,-0.261606142212098,-0.296391042787078,-0.434460602316257,-0.406419873928704,-0.372299258385427,-0.625464800043639,-0.248677586316526,-0.25691028899272,-0.099797733505973,0.196336138137025,-0.225240082229283,-0.0805601560670867,-0.283237712451494,-0.0395747115578196,-0.13178626375328,-0.135549641405601
0.40033082513976,0.0004711380015185,0.104779092657121,0.317837585461233,1,0.0795860555008828,0.0687321733900585,-0.094969820913946,0.610942252465453,-0.105427944046522,0.650084691424643,0.315225540045071,0.125542769350202,0.0189481616773029,0.194673143477813,0.133461678549399,0.17297437478883,0.135946692983144,0.277891892303103,0.289074126123425,-0.0086008238249092,0.0988122101591555,0.0337090733119098,0.244102935121655,0.0101781114106074,-0.0601942285616567,-0.282848134604936,0.241132489626472,-0.0244399800941758,0.0903539548301737,0.0921057383399707,0.0752372552200636,0.0591255560275767,0.313516565569433,-0.209573464464579,0.136844464743419,0.08779341093019,-0.121652757799434,-0.256921022674091,0.0789569781946142,-0.138489774309118,0.229025711139709,-0.0846412581648148,-0.351896913825764,0.0450140473532072,-0.171361195475123,0.0343096399765502,0.0838953294981623,-0.420659997442283,-0.165346065110983,-0.307335210842229,-0.228352151914936,-0.161937283146035,-0.237150271463248,-0.295531362620939,-0.0089353173219046,-0.0520167464727409,0.428031522991992,-0.313092709355947,-0.039952920376685,-0.0682542990491954,0.0874418540171427,-0.0764219681957542,0.0917200072041026,0.129658967908588,-0.0318426317535787,-0.0641651106332631,0.0131018569770195,-0.0240407233351071,-0.0748584479991274,-0.146978113701962,-0.171993998784945,-0.328118903868885,-0.164949827869596,-0.0975899276130888,-0.347905335125531,-0.252203268926873,0.457386278876202,0.0155417944768346,-0.158355044541859,0.256887942793024,0.390689951610041,0.322461955975072,0.476780699266695,0.303683532591916,0.471724638024816,-0.0244578903364752,-0.0520472261477058,0.867806238411093,0.445058923963874,0.657653982356943,0.203519072178961,0.562377495476683,0.222654576421167,0.0345968377259864,0.116323645771119,0.144355153235597,0.0341786973959133,-0.053423596609105,0.120614196152619,0.25449090500151,-0.11654829542304,0.214588718626417,0.208246156272595,-0.0285428881032379,0.122297672579874,-0.147085217234302,0.0913052404570736,0.0812076436171784,-0.0076157561444067,-0.004241061557088,-0.179010885254397,-0.173184136430897,0.133201564849808,-0.230242462526741,0.189707875116847,-0.118773994623641,-0.073557305056294,0.285839242048486,-0.0475741095545636,-0.0597313291397647,-0.294249812763588,-0.0521557424833466,-0.173021879861515,0.213006464869003,0.106180796199073,-0.124642070865038,-0.0865909522936767,-0.0249015372958228,0.0342012624424025,-0.269264313883536,-0.0214897190786536,-0.383150480305724,-0.462678272523356,0.0684388632300148,-0.0839424165279413,-0.0681036783158473,-0.232473197467289,-0.207582183446466,0.153122249352394,-0.407865821140493,-0.427717197128857,-0.0338536229496592,0.291233405916638,-0.238936007963445,-0.174868458275875,-0.178377484069727,-0.262329673717343,0.155751250207971,-0.0683180554565541,-0.126598201214649,-0.221466576762563,-0.179146145679524,0.0962625344417927,-0.318199055353063,-0.0167362806391624,-0.154181332516726,-0.156428125712863,0.11711639907259,-0.160046803246743,-0.209867529504053,-0.0192429107860649,0.495497716879845,0.113296205831042,0.330540009767487
0.587180814609689,0.935487659791126,0.144326573479192,0.559399279806004,0.0795860555008828,1,-0.372405764910214,0.853674686537904,0.633810093372184,0.22297604090373,0.447584268719848,0.713696489341994,0.809306198103764,-0.694697892270082,-0.726759409030539,-0.495578289485198,-0.659582041041386,-0.589242182114637,-0.467468052347773,-0.63223048906014,-0.65797732769596,-0.63370641635686,-0.710901223416146,-0.587949190063887,-0.283150040663943,-0.0562264470752867,-0.233825419577529,0.0145045731654643,-0.364728252409788,-0.594782589636303,-0.110887303037675,-0.137637836715541,-0.284376780994343,-0.33908224343583,0.0066920791620403,-0.506154350462185,-0.72062937792439,-0.261807140566258,-0.112238096008246,-0.415623741247223,-0.124716346185855,-0.629997943395253,-0.328435410983828,0.10642168036412,-0.0843683111647312,-0.321627235326443,-0.396817422422107,-0.199577521220985,0.313323923908988,0.190865187250135,-0.0945349771720483,0.352311412036187,0.335542696959562,0.294928663764284,0.26841399796073,-0.156322567857773,-0.105569142350229,0.372307586263547,0.0066968978282983,-0.0035335374365553,-0.0994054257527346,-0.406704126659603,-0.266738318130457,-0.652411569904172,-0.483716699781342,-0.227603049630329,-0.0894832391548714,0.0243006176046154,0.205911791748081,-0.2377039077755,-0.0217304579495124,0.272929833357891,0.418090317994439,0.237001330777399,0.154205752635317,0.265993624947069,0.195419733838535,0.0752743371487601,0.210097397751628,0.0980671753218663,0.014912629378441,-0.187061496514287,-0.105987536605476,0.0197673751794016,0.723988703966021,0.509944430376728,0.101695304002926,0.886920162455372,0.247831702176875,0.629692432718827,0.489100330997126,0.282433358280796,0.554965794422525,0.0965404023152231,-0.652653415710313,-0.644124860600917,-0.518019882785415,-0.638006201673593,-0.55326802031121,-0.58496018415682,-0.484986864884507,-0.560653770647823,-0.429727327070371,-0.594191475366924,-0.577159032659827,-0.460767618695424,-0.456796015937228,-0.448022957066359,-0.396899904896419,-0.173875563337185,-0.311344306002461,-0.345684331283485,-0.529320607382877,-0.329340517244261,-0.127968369208304,-0.160758101524315,-0.106941654706078,-0.0940525301967529,-0.291546165766815,-0.251805726074417,-0.394826177539941,-0.545192458681104,-0.729370088564124,-0.18863525297395,-0.37984877894171,-0.29955373051239,-0.385270578295288,-0.0819594564331872,-0.381757780648746,-0.219523760089611,-0.151618818928742,-0.293665173249285,-0.214186761795819,-0.234116661449206,-0.29996444864035,-0.271531924965502,-0.0492478318147159,-0.0802182888084965,0.0826526218060685,-0.208173464444382,0.0338967849864433,0.017689007788315,-0.440374620798138,-0.0484019390335465,-0.0023949810141017,-0.0559836958864769,-0.132437875843459,-0.265500905348643,-0.224719385737814,-0.280067447872318,-0.166654169069149,-0.439365068270556,-0.239345370671747,-0.536311872669594,-0.598775143457518,-0.65092500456782,-0.349723879797803,-0.0226578975520051,0.235479409280954,-0.0654401078818827,-0.152015314704415,-0.215227356039141,-0.0194259253885995,0.0541670795248346,-0.135711835986624
-0.0902768866962647,-0.325048142638109,0.259345208438711,0.0964753785704019,0.0687321733900585,-0.372405764910214,1,-0.41286727962224,-0.106191860335328,0.537873629627716,-0.0230535429098059,0.0361034904847825,-0.0860898817420404,0.274324591110917,0.267945762041371,0.238239262718964,0.293000962426447,0.169589136173622,0.268251048296579,0.327070969948367,0.235481453237362,0.250704421678909,0.406019225897025,0.129093995389517,-0.147670623780481,0.0924789852183721,0.163245800248088,0.11190955517134,0.043274634544628,0.320040696893847,-0.0449508333552843,-0.144678420743128,0.197241885083738,0.107732974902142,-0.213768988374061,0.069099349974728,0.352920619972753,0.0910860033272532,-0.0218116676784544,0.4158652037773,0.152565641506185,0.499565658002404,0.152877853161497,0.0817099548319005,0.0460219286637233,0.0968864703359442,-0.0165093016556277,0.325139637741988,-0.315901060115281,-0.353664110752712,-0.160377030393475,-0.142603430863031,-0.118081164990213,0.0551299551925129,-0.237722401495321,-0.0918035095754381,-0.113979618336346,0.0022455461491577,-0.152873903322743,-0.0857291659235258,0.159829571103102,0.236941242359541,0.0636976931597459,0.383866111280981,0.610231077056522,0.162084478039768,-0.260171143852807,-0.0376716249263502,-0.0717136915223411,0.118599636957773,-0.0889955091433827,-0.115122607061355,-0.20649100126095,-0.122355897775029,-0.295893834140061,-0.263849916232609,-0.276089184124454,-0.30762287710154,-0.216514999138858,-0.363806012261364,-0.058733203568333,-0.19510326365478,0.049139714200201,-0.201253330454824,-0.0773263572469757,0.0756225054606132,0.228476081554533,-0.268656852530348,-0.0597112545069787,-0.0614934103080858,0.0216114007192665,0.27399844331794,0.0382279836822698,-0.0026756911952658,0.183809043611281,0.215342690783617,0.206151687399425,0.242565127430315,0.288400233027536,0.182765578399795,0.262530133312099,0.286032653135707,0.333429070472305,0.379475210126671,0.0879443263342643,0.372942507172076,0.191384797729309,0.199315446843402,-0.200325804967888,-0.180371633870875,-0.0971998329890864,0.0025339573971677,0.511034430848919,0.289949300365665,-0.207078772962987,0.0428600056339184,-0.227261349290158,-0.159395191405405,0.0478226757590687,-0.232579870462146,0.189511671975883,0.454283323722211,0.42748254243929,0.0662237672551125,-0.0266173761528202,0.522008202304697,0.140248087101202,0.218192805919956,0.376908026763514,0.132157890785844,-0.102814577008796,0.215623361844512,0.20453191660645,-0.122078370565082,-0.247323380440579,0.0858103343072886,-0.183369980226779,-0.142423787483551,-0.159122388109675,-0.137040168888935,-0.0418104573456595,-0.0520071084614364,-0.138285324609183,-0.0664565104284285,-0.279713531744703,-0.331684266643369,0.0395805595244212,-0.123927298001618,0.0722809317531144,0.252139743953751,-0.172045623315017,0.324323989510771,-0.0904307458162131,0.21493951554861,0.0258083475530836,0.451456744455015,0.0992451868798749,-0.0934290161216436,0.0169101675696302,-0.123943264239522,-0.142254020998691,-0.170681039053898,-0.262784311548694,-0.30740062501813,-0.115836244384704
0.427449589989891,0.87491492573231,0.0948155814653514,0.45155323815475,-0.094969820913946,0.853674686537904,-0.41286727962224,1,0.384390612377683,0.299873848290057,0.23418049506497,0.510235712373077,0.752112063418386,-0.651836710543698,-0.728728725155444,-0.514601934536549,-0.684752645777575,-0.47371807741412,-0.499798869954262,-0.670219498952214,-0.537663261726884,-0.578640562322788,-0.653551815522479,-0.561744230176136,-0.29121129289827,-0.0790115473326374,-0.225238453681122,-0.0932197466060518,-0.310168445198559,-0.524283527269476,-0.194094553918641,-0.237945302511999,-0.37371976502234,-0.49554900535533,0.0282447912892901,-0.444854597510094,-0.666474374294653,-0.216704268111986,-0.119290163246973,-0.385873814295136,-0.0948154592512816,-0.629938567394371,-0.305224540871441,0.0884205614348921,-0.167386165797755,-0.35035617812057,-0.505001513702663,-0.041308272640851,0.406653460778964,0.174712934180099,-0.0121641586054546,0.339720206224229,0.351440972878726,0.313365122980209,0.359111505478124,-0.127073015624042,-0.0563641426047701,0.103572465219117,-0.0365196949433479,0.0129610308323068,0.0228059839553889,-0.310466198464518,-0.206527892226078,-0.630814195599484,-0.526746792637535,-0.241142058771804,-0.0401639168169228,0.0053422911022192,0.331112544048795,-0.236378881986874,-0.03487378070115,0.379254298620739,0.602804656672893,0.279902053714415,0.204390318403351,0.39148579351755,0.307911902777132,0.0572975028970593,0.247968716193285,0.233778642419729,0.0273384909291301,-0.277721361536119,-0.173214877743717,-0.0797726400254511,0.537137071332676,0.250813396263549,0.0730333059434025,0.831720149461462,0.0231074804466851,0.327986492917426,0.166262092515478,0.249905489529893,0.267763184005471,-0.104650484627546,-0.671954450444775,-0.633052742528078,-0.539313218496646,-0.57319173607961,-0.524435067581583,-0.580372127108897,-0.49309790600831,-0.494611689325851,-0.456835639528927,-0.646195708360577,-0.473686532648128,-0.517984193413833,-0.295460743026042,-0.463395280733982,-0.246112702442375,-0.227532554184826,-0.330824483632911,-0.26289322663418,-0.529814833561646,-0.332493720743539,0.0362879733269553,-0.0614953407415184,-0.0697307285957954,-0.0119320812107804,-0.389889859108765,-0.116698109616235,-0.351532985200156,-0.419135793073519,-0.665449625884134,-0.144128112556345,-0.295022193186962,-0.409445033561752,-0.340405546864446,-0.103133666145477,-0.397770111314599,-0.232283146828539,-0.0717403740112836,-0.334442154136731,-0.149086533452477,-0.0039631042210354,-0.189705559064635,-0.243356231806646,-0.0112086917444065,0.0298992070335213,0.17576456991518,-0.191809704849813,0.117338214806515,0.185981715730666,-0.279156306660215,-0.256538633354091,0.0299500772591248,0.059564145306077,-0.0737398085409171,-0.170634067006998,-0.341950307678844,-0.259201249300466,0.0494431105722146,-0.277461863920168,0.0394519128157269,-0.445466643586283,-0.383733446553493,-0.555364095547288,-0.317890954511922,0.13258839308227,0.262442632266141,0.146487087442217,0.0373213910143065,0.0072452299254027,-0.121925800483954,0.126411054054495,-0.231988740665886
0.764175245918196,0.548798472366361,0.173798593112859,0.707861768870009,0.610942252465453,0.633810093372184,-0.106191860335328,0.384390612377683,1,0.165920904238825,0.87035646354569,0.755604681736811,0.628877559018463,-0.361214039558679,-0.215239199646234,-0.108627088036085,-0.238973981965873,-0.296156759717509,-0.0752071340700283,-0.181430241939035,-0.426168624168893,-0.327991607084359,-0.370075001105474,-0.225568244204431,-0.212925401511596,-0.158982419405078,-0.396813506851455,0.128207342670366,-0.285891940111459,-0.289007103881512,0.0309145399212139,-0.0859679821027653,-0.0646040904490204,-0.0532986385373877,-0.159044730948273,-0.307808931173344,-0.353481062460276,-0.179816813502723,-0.244284702713146,-0.108822602567735,-0.0694284456500324,-0.215216885004893,-0.28434220905057,-0.107384167612661,0.146449062884952,-0.135425954720746,-0.216934065598458,-0.256879864137442,-0.185529268706687,-0.0995512839339597,-0.300828596592718,0.123905988859166,-0.0701141333361218,0.0201545589833837,-0.106441803336643,-0.30065788920391,-0.190097009913803,0.806378369590714,0.0700720981108087,0.0830601909803713,-0.230195224819632,-0.32798172965353,-0.367732430830347,-0.479922737337922,-0.249480580529632,-0.184474679732113,-0.230225921042705,0.0423949286423453,0.0730350171578297,-0.277064623325183,-0.160952790903377,0.195166415783807,0.0366827237221262,0.260336684690841,-0.0861124639969677,-0.179992485391906,-0.107181613901093,0.358178020603595,0.19875200038157,-0.0457956684872051,0.189435001275178,0.0597949184939278,0.0467522528123039,0.271132361460422,0.706503198189244,0.731445375132353,0.0158593347925918,0.517949247477563,0.723804261155344,0.868701328472838,0.886699115090191,0.212734336241275,0.87234560891102,0.186731513907221,-0.291884206596811,-0.267462103605496,-0.161837866744402,-0.241118580075711,-0.195456779535402,-0.252298314043809,-0.100695952250816,-0.279384942641402,-0.133851194619706,-0.155338772788509,-0.368437521356045,-0.19046612079863,-0.295599598114709,-0.180133849979146,-0.210854355155043,-0.129461809528065,-0.226828432020855,-0.483913625169495,-0.46449458122711,-0.0684410372558951,-0.259184602636982,0.0031996098164465,-0.056491705292466,-0.173529849345099,0.0619633929677075,-0.280723089773952,-0.314399547327521,-0.511760020670417,-0.491452934422937,-0.112179771737703,-0.166043589181685,-0.104583595710069,-0.293653733294796,0.0192153639656543,-0.0852904490127013,0.0551921146047061,-0.147928078721949,-0.0858244413827738,-0.317433193093569,-0.473896406219818,-0.280884462911918,-0.228223414084291,-0.150983209234706,-0.204816802970975,-0.170593368913982,-0.164198168674674,-0.134545176038151,-0.217915911292751,-0.448322554737438,0.374039299859004,0.0899798606209316,-0.117867528963457,0.0074919534648581,-0.377957729291307,-0.0933594475587429,-0.15041067055382,-0.261333245907492,-0.497922164914842,-0.418454470324788,-0.371131059359503,-0.665772870960858,-0.462402437731118,-0.32978391089863,0.0072582153044985,0.318825550307069,-0.189887801966381,-0.223654747823431,-0.250890685349551,0.302895340584627,0.117039782466841,0.199602322843686
0.146078578294432,0.373113678580452,0.506849686650323,0.235323146247529,-0.105427944046522,0.22297604090373,0.537873629627716,0.299873848290057,0.165920904238825,1,0.198074356428501,0.360086064547499,0.446893616710955,-0.156189217092273,-0.25457727113287,-0.151970457188324,-0.277893198269601,-0.350009556446846,-0.141708608184007,-0.126574195673245,-0.122480567029186,-0.129235704763567,-0.0507018573105131,-0.160750302685833,-0.349169062326495,0.0645154013713344,-0.0778167707869631,0.12184400314331,-0.166516365091735,-0.0934645916318285,-0.0803242383959074,-0.155740166035531,0.0966737357917967,-0.132830461414295,-0.118146587541191,-0.286675599612637,-0.221717238414499,-0.2769711539033,-0.195718974362662,0.0548308586628138,0.0167248851008543,-0.0103661117523511,-0.16013096282868,0.136185384172909,-0.0226078165428641,-0.289535019649079,-0.365113014255072,0.177234382392505,-0.142450057646222,-0.0870429451345722,-0.157228024536103,0.0259286809259767,0.0775356424270933,0.379732880291279,-0.016820983785528,-0.322608039292034,-0.0605987072550887,0.172265637352811,-0.143621587076679,-0.211572396070569,0.138228470319891,-0.156850306830095,-0.284855473261275,-0.2255520061759,-0.0085321331079691,-0.180007232859992,-0.195703381735867,-0.292670281462587,0.1329151719651,-0.245629784070522,-0.298368742137897,0.197748591827581,0.279515841464705,0.0727478400382901,-0.349146659794988,0.0403228048257725,0.0117116514814566,-0.197178969344647,-0.004327927844459,-0.210152757255067,-0.0285015216196014,-0.235121539976929,-0.0446832424949114,-0.17866965044908,0.416515152880564,0.17740149418977,0.465294779043314,0.381245484143224,-0.0859637598368836,0.202152839952133,0.149735022145287,0.481105690978048,0.274520527991833,0.0808152965327257,-0.318620998994767,-0.310366152577861,-0.242950626531158,-0.227156428933553,-0.175151472577133,-0.35057136209417,-0.148795021025125,-0.0979530016887914,-0.0578082501514171,-0.120281172448799,-0.218998673024233,-0.0152186523435448,-0.0463871720699346,-0.187071210193139,-0.300763516658295,-0.359605071279356,-0.363771761971221,-0.0861999917321121,-0.014457522806047,-0.104115577290345,-0.132025475011319,0.078162210080194,-0.205842118839994,-0.0112461880260795,-0.189870360490091,-0.153173638821688,-0.199626489255684,-0.0682093759637781,-0.231300463556124,-0.153025426459794,-0.124483310709268,0.112038095505467,-0.230070809203194,0.107074098795808,-0.0151005754737924,-0.0778445713435821,-0.24192627839168,-0.119353695852463,-0.0510754302231291,-0.196728078302898,-0.233595951969068,-0.217625072417315,-0.265385764299962,0.0022517286765236,-0.0786940685196349,-0.327742347562296,0.0707224659140921,0.0872426065433635,-0.255575323731634,-0.140136558907879,-0.148543540753208,-0.287437954260832,0.0185176033191387,-0.227526968904185,-0.114145417491103,-0.113437270570387,-0.0072855679975941,0.0621325035615976,-0.0490775498853745,-0.206706008927347,-0.335197316553099,-0.129203330250411,-0.32089870130478,0.178276040907977,0.453432889768595,0.096239043197558,-0.0494464427747871,0.03511116816988,-0.195114807611538,-0.137368693123328,-0.122441238350669
0.668267712692863,0.372317972469064,0.195694566051543,0.660820324948323,0.650084691424643,0.447584268719848,-0.0230535429098059,0.23418049506497,0.87035646354569,0.198074356428501,1,0.665164170542269,0.491814861538149,-0.294049005470386,-0.171087916137621,0.0517609628180335,-0.174952214566405,-0.219755788689703,0.158453466046607,-0.0292224240251281,-0.233090057342222,-0.138343186970739,-0.16097284265036,-0.130871037579668,-0.0783602097421353,-0.212196396735418,-0.625103102468716,0.141375167083003,-0.265785758682268,-0.157380248749611,0.0272917955944303,-0.0383814643998363,0.0582482769501803,-0.0157975638762321,-0.296529862276453,-0.341482343339512,-0.358986726612673,-0.385739313896025,-0.474580085436817,-0.199303758307753,-0.312549138526184,-0.0808186325853065,-0.456189114792962,-0.234187515639912,-0.0607965977984706,-0.30483525036526,-0.219341634795929,-0.247025236648896,-0.345221182507623,-0.0968162722236667,-0.431576233325132,-0.0691392548918151,-0.170780291017204,0.049927174916722,-0.299075279388542,-0.358044135696861,-0.21987722821518,0.760496246898221,-0.0222450081376794,-0.156793514393431,-0.141058313261119,-0.115543339767817,-0.272303804604582,-0.32872802887321,-0.188966686938673,-0.119837424746623,-0.12980343656528,0.0308680932364982,0.148468985053259,-0.362993583911532,-0.201691195771479,0.240829718007786,-0.048674521507204,0.125045484958393,-0.18288642011424,-0.319564220781118,-0.178860990998628,0.569672155700907,0.327893794616754,-0.00537207863332,0.359836488390862,0.211452486484412,0.154174196473971,0.279546861372175,0.548570799567713,0.719475668114626,0.0780238341184417,0.352139220004009,0.790924789939623,0.719903094852823,0.806050807611795,0.210157807298924,0.858768234511017,0.239203623813502,-0.236789252770112,-0.222308789609349,0.020525453678181,-0.157985265306019,-0.294516528598271,-0.122847087322162,0.119253287928066,-0.339945734045025,0.0803930347090284,-0.0507519608677361,-0.269850993494959,-0.0035829732253232,-0.0863760341684326,0.0418849009813347,-0.204297839530054,-0.0035269627185482,-0.100838823009435,-0.426298840830211,-0.450095584513323,-0.120007786761649,-0.31251936259633,0.0915645711347917,-0.143922149025622,-0.0478298227498976,-0.0840155529863523,-0.250059959192465,-0.516295937311285,-0.543705001622261,-0.384795231173629,-0.376108161802571,-0.162824393607832,-0.0116466295734348,-0.386382567492354,-0.241942199916816,-0.205582885347173,-0.146499777267779,-0.356185371896954,-0.316038373706621,-0.548327748594003,-0.567045170283418,-0.031819869713749,-0.326437702352955,-0.204139831436714,-0.156364517041263,-0.368785622404093,-0.289977291790938,-0.310139085469817,-0.409236892635265,-0.369217013844723,0.407896520742323,0.0229547279186832,-0.282934690762545,-0.135368129185372,-0.489946086689227,0.0062648057227798,-0.153304219617291,-0.0432983191273652,-0.376943930409676,-0.312342301484956,-0.138564392239696,-0.549568150930673,-0.329865548757095,-0.508848136399983,0.0809608377852665,0.340015966798927,-0.0203680419891185,-0.0723411239216934,-0.0396669249444083,0.565970525420082,0.302282082126657,0.371807388760166
0.592417605263794,0.677420768719447,0.149694018999131,0.853750148032409,0.315225540045071,0.713696489341994,0.0361034904847825,0.510235712373077,0.755604681736811,0.360086064547499,0.665164170542269,1,0.807741084218802,-0.449464990273083,-0.438855290119297,-0.199388048529998,-0.35239333966829,-0.37728779225304,-0.159669335815733,-0.389128344395409,-0.420487292552829,-0.453688988699955,-0.412377498476436,-0.381528326374754,-0.372129164709201,-0.127413110478755,-0.269322229418756,0.0872077518018467,-0.260857962531582,-0.341075014440521,-0.0179775826805225,-0.118103046648668,-0.143882765863103,-0.156607929024419,-0.0550338325232606,-0.407851934902381,-0.473696540956858,-0.186489938541797,-0.0844253382803673,-0.048768653987549,0.0820365041499156,-0.235790353626893,-0.183634499873699,0.193435585031474,0.0682862658506505,-0.263910775584441,-0.34977243412982,-0.170596842045066,0.0860469009874244,0.0067934473513385,-0.0573049168205703,0.313457108299712,0.329847857143926,0.365908175232817,0.229408372674592,-0.193093892449943,-0.0632574418309643,0.598313876846585,-0.0102667836773509,0.125519113350831,-0.149375885942252,-0.354898036295858,-0.24125046142935,-0.439121596716459,-0.280748705759789,-0.271808530141383,-0.377196707259839,0.0833273017844295,0.140218741375171,-0.159085051791576,0.0747368684551225,0.26499285827975,0.23850949438659,0.322319362408771,-0.0030849290311443,0.231448553924434,0.108149945602037,0.0695840510167425,0.0477105614814317,-0.0854691819640132,-0.138053868954415,-0.162031288333832,-0.254555373718598,-0.070119931442136,0.725456664508586,0.818592085651303,0.0979798739901879,0.646787060610464,0.451564217049559,0.774303533442511,0.685743908744514,0.378399323464665,0.814620621707268,0.131771252128187,-0.375080006966658,-0.371011839437375,-0.238433090164607,-0.348370356441922,-0.241933824186839,-0.367368789344971,-0.192798576785626,-0.411687513562675,-0.259890143894669,-0.293761403406193,-0.468210663734372,-0.301217524063888,-0.398496833339022,-0.255190635113803,-0.43971582278378,-0.239443108665265,-0.346235854073206,-0.391746630726881,-0.300483744924134,0.0103275506119582,-0.098743212911305,0.0095562087565252,-0.151044574427713,-0.191752992139713,-0.281907433887492,-0.316269604667164,-0.220483994026754,-0.291241723312947,-0.431310062287139,-0.0935545927639532,-0.217009558674561,-0.0718650228021869,-0.335943162927929,0.135722350229384,0.0147336220348036,-0.0345125870827497,-0.195743687501451,-0.0669817655458608,-0.141723150773425,-0.329679979359741,-0.436844857124281,-0.134864315623058,0.0242302490943877,-0.0559403926533025,0.0854799239249788,-0.248691610105321,0.071986296631624,-0.0180490326536218,-0.527713401242317,0.0690451904790916,-0.112858830043621,-0.0339679129776315,0.0049308060860448,-0.381955850795526,-0.273909861052618,-0.326704071095459,-0.318397727339085,-0.493631380452034,-0.435187043232521,-0.532986739520652,-0.759471775877643,-0.444052563156045,-0.270197771063766,-0.0961576093807503,0.284409041947056,-0.227761299396011,-0.176001588575815,-0.352597312148815,-0.0482690127844315,-0.150806871303673,-0.149365331783662
