1,0.555645097322635,-0.0559857220325207,0.598826683821963,0.490239320604142,0.384111097220235,0.246818025182346,0.494039088166531,0.373267082403093,0.0304996137352859,0.558646385081179,0.483413289671685,0.629028278981842,0.144709912508884,0.371151568318911,0.152505548469486,0.167344478550996,0.192289551359999,-0.0571588644346643,0.141774168875142,0.0236720834777453,0.179434732846913,-0.0692845563130834,-0.0129487129385178,0.0556950394360812,0.0122860521199527,-0.14977728076392,-0.0037142689758105,-0.0161265922714767,0.087423405236523,-0.142369671972957,0.0335474570730988,-0.065189364895606,0.0373364895020907,-0.112210530151097,-0.197654998967783,0.180260573080445,0.039804786445712,-0.155781982939765,0.147633729856604,-0.0875310052107185,0.0605806379422363,-0.0827335928041888,0.0648935453925177,0.143824734906179,0.278768515343637,0.0040403376834871,0.438894949489135,-0.407226696577867,-0.209974115602362,-0.143193973321702,-0.216942040502247,-0.348073447779769,-0.0365568102420734,-0.205326704048066,-0.21299344687541,-0.308771072727124,0.217354686402633,-0.14785971927551,0.0289773003040631,0.0201049902169009,0.144247820208316,0.0501636590442659,0.226065150591028,0.27373016350495,-0.323290003396148,-0.339575367352345,-0.243004957722566,0.228580748922017,-0.389692196195715,-0.30706301365467,0.176613957616919,-0.069548686443884,-0.0016707288850592,-0.108134147531122,-0.164101460646256,0.0928144546061421,0.357605035847155,0.124769060420144,-0.163426489485652,0.0471539869981404,0.145329446695663,-0.172909916887113,0.268253766724138,0.354239324087198,0.560222570331078,-0.0329648074480911,0.180973411653815,0.535165377635638,0.251951394070316,0.300535190455718,0.149011037434325,0.466003418005592,0.122584537147844,0.196947242645559,0.290298820529341,0.0986996312586916,0.139933697627373,0.154606821219773,0.199801401385178,-0.111284328864041,0.110157151331608,0.323517646712065,0.216168586057565,-0.08731749574376,0.10816077484058,-0.0321673187576775,0.0709159225725854,-0.0125922595260905,-0.0084531215274146,-0.0608416497269877,-0.128417442916182,-0.0535497704983884,0.0396280289405018,-0.0245853168607804,0.112639849111883,-0.232876638960407,-0.0961634087629805,-0.0473435273882144,-0.0833110773106523,-0.160792686586153,0.189160477410211,0.208685481944453,0.0725034317945649,0.0458427519076495,0.172989529636664,0.230347780625249,-0.0140170360133098,0.0622026314564649,0.114513685862772,0.264565067219658,0.0694397942771019,-0.164446185992273,-0.188175968567008,-0.204115471426624,-0.0685721630900149,-0.403633749759516,0.0362703489990273,-0.0757022886149134,-0.0794561085829084,0.15871254950167,-0.194891942392581,-0.150648192633406,0.324335104101618,0.137144357690457,-0.0663727693313115,0.134325009946589,-0.111734408943795,-0.150914489308563,0.0586620081506098,-0.241208346239694,0.174997164868304,0.0369903952518829,0.390998406206446,0.0315069356680268,0.172835782505235,-0.119051512045309,0.320489146175925,0.299113934037082,-0.0683043841708887,-0.0213330052093347,-0.0011573694564953,0.311951659586054,0.0595525669766539,0.0986110931289581
0.555645097322635,1,-0.0562636813348411,0.714142891884682,0.254418273326355,0.543797562891107,-0.0143000115468902,0.853352817506681,0.306678259331747,0.010359309708793,0.304941635893052,0.622856404825763,0.757091967509447,0.222358745709164,0.382670472652508,0.171819343312785,0.26896033792451,0.33363793680046,0.029852931486545,0.212250547075271,0.222156596094581,0.102422681966977,0.0326001640700557,0.110991158679036,-0.0172012881340495,-0.320788791101512,-0.466843791390352,-0.274993057777866,-0.0440653994649058,-0.0390330285691825,-0.211775777731891,-0.415118688181891,-0.072841572889654,0.0756532279795363,-0.236014487439218,-0.405524818995555,0.332062758738284,-0.0069665651018674,-0.0916418537931308,0.231431950908837,0.107735505308658,0.325310748070402,-0.076420443272886,0.462019199000403,0.37446021831668,0.348155581093171,0.190201116906214,0.394804793671634,-0.197367694714375,-0.344926348493315,-0.158364432187554,0.0942057387922603,-0.326677825525932,0.27226576995962,-0.179008941063302,-0.440732932687585,-0.442550562092034,0.0874440385831153,-0.108670151219006,-0.180081216679261,-0.0223144714542957,-0.167146559195603,0.132069834364148,0.362077539135597,-0.089986457965293,-0.356657791982559,-0.460095283165983,-0.050258207668776,-0.143683564173707,-0.168653004492241,-0.243750810476247,0.198449114069635,-0.17945219454061,0.291385069419943,-0.0125167949164232,-0.459514735182831,-0.337977002642852,-0.0932662932191683,-0.362793494475072,-0.423355990646263,-0.283675823527985,-0.260944464779753,-0.318410647541454,-0.342671609185047,0.789114686410652,0.537100666179175,0.256773863486814,0.331105875219519,0.264795394605381,0.253477459357794,0.209532585205033,0.500861737705231,0.485184251735058,-0.0178872669030407,0.178397058841325,0.311310652110784,0.225916734012646,0.0938372207131818,0.3727200928021,0.248594461053415,-0.0340075823130854,0.556398075801194,0.192687883563105,0.281705101791993,0.108214462321737,0.117651479156682,0.104686953328418,0.0541880415677363,0.17627236237664,0.0865797242868021,-0.0502247014986141,-0.214905907697295,-0.300816886893561,0.161627806276903,0.0576538997160649,0.162119294240748,-0.161987393704111,-0.118876351244417,0.133231637406244,-0.133551331361145,-0.055870217830374,0.183237253239717,0.413892908517209,0.214154798236681,0.257894760026436,-0.0306549711398001,0.435775753916005,0.0061814299564173,0.362398932053117,0.440658983499659,0.226319202311269,0.412150498591349,0.108838168080368,-0.008784656959577,-0.407339497029389,-0.0357911640057023,-0.418522944178128,-0.0996388878481532,0.123793221374166,-0.167969544828003,0.493235539048292,-0.431350199925635,-0.314997517764798,0.328388519915341,-0.0124584065274538,-0.181688283520065,0.254384124200219,0.0208175517491066,-0.534039477725276,0.138859347723514,-0.29045007315625,0.0112586706880435,-0.293444866584551,0.0997096200562639,0.079341247658884,0.38859258434466,0.100992706087977,0.145269922313202,0.329387454944801,-0.216785040290501,-0.433105280035451,-0.244356688483351,-0.180082818463257,-0.424394653059693,-0.23362142617615
-0.0559857220325207,-0.0562636813348411,1,-0.0375508425077219,-0.0259468080129091,0.0843616193524404,0.156189969547001,-0.0652957590934884,0.0828226777159708,0.794891156201147,-0.144509052506316,-0.0179733268210231,0.0089578143940901,0.326183039234783,0.0300455193092417,0.119775367389004,0.185580741266976,0.118035549542521,-0.01214751227033,-0.319747614920404,0.198225409210092,-0.38309512291722,0.684007691081967,-0.039990779691247,-0.226358986348495,0.517175488381576,0.131065673037874,0.695535146916833,0.772682044227604,0.631738285070538,0.726452599873292,-0.074502098849766,0.614196647745025,0.08178108138065,-0.248462349809547,0.606897700647156,0.150607455311639,0.386580872957398,0.705267043525942,0.483657243771143,0.231026458452075,0.388506933351087,0.0441518413707611,-0.177145515156388,0.313648423609775,-0.0043624601092788,0.404905225905732,-0.15022798421361,-0.0926767873234063,0.3896062407265,0.640014312142961,0.107000421572079,0.152914709440899,-0.139480793474106,0.504466505596414,0.299789193439149,0.338009702128157,-0.133034152549195,0.0005696792870971,0.442938135764175,-0.332709164123299,-0.439492924378089,-0.402646523734678,-0.119092076424808,-0.179736746720521,0.0846078705016814,-0.351501285697576,0.0179174067049787,-0.190129755777975,-0.253418437277138,-0.26778038583582,-0.528923216546492,-0.494498465754869,-0.149750717994997,-0.364905204496232,-0.273747805102736,-0.37349890573489,-0.17004576528946,-0.269428245026473,-0.2992106097057,-0.493907040710365,0.179001631252922,0.355617883934049,0.032085612342239,0.0777107685715914,-0.225220009425434,0.685100706619232,0.0735401348713015,-0.116081626991304,-0.0464356417908425,0.134263657606948,0.387571076371977,-0.258682982581138,0.660285441778593,0.0712966212982907,-0.107672431307937,0.117978877860862,-0.131272074064509,0.305318518298469,0.0719853301317379,-0.0662404107143603,0.11652293676402,-0.0926497117077412,-0.282180473151097,0.0596321418166714,-0.413207869805594,0.454694194387801,-0.0230579530133008,-0.0185487807309745,0.566863146247083,-0.345364618714549,0.682114969703365,-0.186089266744378,-0.0594947945831038,0.664789032562638,0.325484256195286,0.713631675449271,0.523103410472111,0.447299272071303,-0.375392971112649,0.757071098206739,-0.0669824178896715,0.0924124047980728,0.503119217523464,0.25807229466321,0.306801260032374,0.37812991611609,0.286671293026991,0.49586768057845,0.309280709862736,0.136158218345284,0.242066229751195,0.639726285244085,0.009737213312806,-0.290807830890994,-0.0962323652060845,0.0523449764748835,0.000532758011103,0.284630375583748,0.214207780270441,0.0285368384327011,-0.262537988844669,0.245200926832828,-0.267173979967553,-0.264965466876354,-0.180183814674127,-0.142193761596895,-0.275403448860139,-0.16714689669432,-0.305239597175207,-0.429315704359955,-0.425193989970646,-0.42436613061673,-0.365997818241602,-0.460046734053035,-0.06599332230663,-0.278769441818517,-0.198809846553554,-0.261986758650053,-0.423883554534604,-0.373283702414472,-0.480554354831231,-0.154564555311219,-0.4119553303324,-0.524554169860704
0.598826683821963,0.714142891884682,-0.0375508425077219,1,0.477880695344768,0.723546196411775,0.238215685451628,0.744786891402733,0.701258732921717,-0.121515647179627,0.642657628942141,0.815216331433931,0.584522007426978,0.393773069619005,0.694621422810052,0.467955434958479,0.560795762261544,0.662734455922609,0.363835433297641,0.554055097169205,0.355576345754499,0.341370568333614,0.191036357294044,0.290920042018164,0.257671181288874,0.0289300130907692,-0.36593306386552,-0.202511754328806,0.164494763536069,0.218664703702429,-0.174102868699903,-0.281288461351214,-0.169106221279284,0.297177475355333,-0.349893859273979,-0.182773222500863,0.572462381704792,0.328584625093095,-0.0754646306497966,0.191581165555447,0.0112546025233412,0.450076395776598,0.130146434221427,0.12066259375332,0.336480965982317,0.216003968959622,0.370995114884239,0.48675511981657,-0.438351059146488,-0.296689138044939,-0.0339218945407497,-0.243046787428383,-0.359688119533071,-0.145608036671698,-0.300854088635159,-0.210139962470738,-0.100411984422124,0.0576728416063189,-0.254100966354744,-0.17630473878735,0.0148325436495864,0.169985007179695,0.24876898213764,0.58061851867832,0.145673923978538,-0.521869260655095,-0.373274530036087,-0.0339867368593527,-0.211590777284663,-0.216184237076315,-0.083368420714858,0.0638775366999575,-0.145816900849488,-0.0539811485730886,-0.204836715146115,-0.436152822165255,-0.227527204368073,0.16071687787,-0.064749434814793,-0.356928215589852,-0.13530799561376,0.0089244463204218,-0.301952459385983,-0.224597222413213,0.726356352540488,0.815932374314602,0.344719422610953,0.618627744689935,0.597802116972678,0.621835727783013,0.56466584735315,0.492650538909151,0.800931549580804,-0.0984018630713414,0.569443771874845,0.595424279832249,0.546563875311391,0.472003513036867,0.5560402453089,0.59460112469648,0.292518932588217,0.432559183357485,0.519190475983236,0.523342102984833,0.320678851273982,0.367898924038699,0.365162776124139,0.404036490414991,0.384061759432024,0.173841499382627,0.257080470959408,-0.181792519399943,-0.292764869705619,0.499257040436463,0.154748240590723,0.422564258136173,-0.164348007732967,-0.188914584297558,0.284901625584507,-0.432210290226512,-0.0286071047358722,0.336354194039039,0.614557624586249,0.415005389351826,0.357460537641603,-0.0193577705664881,0.555004048435458,-0.18739410074602,0.354864330016648,0.370914790225844,0.0142883413228302,0.417087882044074,-0.159893535719982,-0.351846773663154,-0.445050923318171,-0.104828471010504,-0.507232641927655,-0.371305642377256,-0.189685121658709,-0.196905630457439,0.0064381003812387,-0.396958133551827,-0.457546096443404,0.342616306109613,-0.0892126269671517,-0.244956271633825,-0.0804481502881161,-0.253386170649743,-0.388611858250895,-0.128111118462904,-0.436050330355904,0.165520661884303,-0.0264069212537595,0.198122347088015,-0.0059576267525608,0.47981412008276,-0.164953933005576,0.0014277487434861,0.241312554318039,-0.269395878768821,-0.32248942579981,-0.31489549912346,0.0607989856001334,-0.219410167573731,-0.117492071997997
0.490239320604142,0.254418273326355,-0.0259468080129091,0.477880695344768,1,0.412536404490416,0.363702321088147,0.313242491977351,0.588026236983181,-0.0163811351329654,0.595173922359387,0.426322594644931,0.218279810107861,0.147788971631616,0.417781703054293,0.17754898549377,0.085578058390316,0.352084104089339,0.367800560829397,0.326936567904265,0.0293263397826517,0.333454135173057,0.0500830530245854,0.0678908747898229,0.293591126400752,0.147631056420802,-0.258302462148336,-0.190128595875627,0.159526801283727,0.343941553409981,-0.243391103161359,-0.0980655194780269,-0.159693401091061,-0.0012465186284391,-0.165009875985862,-0.249865370668851,0.342315417252288,0.0894422567881058,-0.291712843608932,-0.235416294037066,-0.186079064218031,-0.0542787037294495,0.0317854834619936,-0.161807154788284,-0.165365912896928,0.145971866396718,-0.082531756915388,0.445065714614869,-0.513301437433838,-0.441850736160348,-0.227005939482339,-0.565228282202663,-0.419395534601868,-0.31535112849507,-0.467707406939535,-0.324570025932595,-0.213045235163651,-0.112231219150399,-0.314714421713565,-0.279601882676682,0.170397832974276,0.42923772989883,0.236745955736077,0.428967881306059,0.282811068264154,-0.255869022641847,-0.173219732009939,-0.0133178040119549,0.242520465183246,-0.112973439375789,-0.0674626476883465,0.328195273001024,0.268668325928375,-0.0797751686882686,-0.0307970536877432,-0.107798250551297,0.161999717502205,0.415956878754032,0.306965012088269,0.0900567784565327,0.122625366837394,0.201228712437227,0.0337399687912961,0.0501274461643538,0.208499663518392,0.583052753239509,0.0425949176979453,0.490379566038063,0.780164098333567,0.511249830096614,0.484091098653426,-0.0115875244117375,0.494183749651265,-0.080675464007168,0.214450993851824,0.341699512734646,0.201582471635879,0.199592705841035,0.0300209023992812,0.217001230172792,0.310969059227856,-0.0419109420228198,0.437787059565061,0.202702980009899,-0.0327190223977113,0.271337635444606,0.0741029674487872,0.195898133217615,0.0324248232749934,0.0011589899257951,0.266250877460689,-0.222903726755885,0.221959471902214,0.459189804641294,-0.0440649373197004,0.273401458311471,-0.204571740775306,-0.304123060697268,0.0046040220340136,-0.104915204893477,-0.142799760959288,0.281124655085774,0.304754347936996,-0.0154513985796695,0.197470139349725,-0.0759368652751518,0.0264764336168365,-0.170550190017927,-0.138637793704995,-0.122754833883439,-0.0287807259257391,-0.0869248643940922,-0.359393177561283,-0.220700288778915,-0.174069719394369,0.0648097916994099,-0.150240063378554,-0.0833025757950058,-0.260710668734201,0.101478860406078,-0.224780933377127,0.014965633398068,-0.175738834442387,0.129641998283632,-0.0554746201506586,0.0748809008778031,0.0139288973980074,0.10563485709653,0.133121180709281,0.145641180199862,-0.0767614239618686,0.352022454836345,0.374882386645545,0.285475980268315,0.213405648125876,0.334068776030038,0.122722577581629,0.28986228279033,0.343634168618001,0.329484717908435,0.159267141007122,0.109135921170672,0.449212746871223,0.293833293471931,0.209560405441091
0.384111097220235,0.543797562891107,0.0843616193524404,0.723546196411775,0.412536404490416,1,0.0546538813772812,0.779518785372523,0.829473801053469,-0.0089494278970211,0.58451574102804,0.880158630539092,0.547089717189929,0.324911557320983,0.612507522782768,0.504214130052265,0.477917732371189,0.646421227200157,0.540515171898397,0.469816397042273,0.350080864316032,0.236567023443578,0.362252843037659,0.302615762952275,0.18840037730847,-0.104522800226047,-0.428839195175874,-0.142027888237661,0.320251175649602,0.232996537887867,-0.073420823172747,-0.345541021652575,0.140583209040302,0.332122501979522,-0.20200138622847,-0.110595816543477,0.54890788733995,0.330673940097572,0.0829855610931941,0.103287508987088,0.147663705919936,0.517792587430451,0.186331924507841,0.136175106060438,0.319742960468986,0.277257000601718,0.413228731649591,0.409841662011086,-0.340632606848856,-0.345540091185549,0.0378991802884172,-0.363021568923495,-0.369666748848846,-0.13681324264145,-0.242180685302041,-0.234854784344513,0.0762358347382624,-0.0814496011582202,-0.318118044203505,-0.354730789674594,-0.0059540749719898,0.102675519194979,0.250012136025526,0.401890853277309,0.0893443042297941,-0.290269594778383,-0.350187762546695,0.105321605721381,-0.325549712780661,-0.161855466886551,-0.008804061393481,0.0319792840612051,-0.153141730574854,0.0341261082352251,-0.178016170748759,-0.37332783957271,-0.228017466928358,0.14848344539961,-0.139122716050777,-0.423672694361136,-0.217418913351378,-0.0703473356999894,-0.447479852243073,-0.354827918056958,0.436364455684382,0.675325495445691,0.34229473633905,0.837541047105273,0.519288149477205,0.783400843812004,0.510728560358122,0.467525400001369,0.741411381280516,-0.059765838364252,0.598124186139675,0.506195441300078,0.558327853801378,0.452643733553991,0.538917682361468,0.608622878782096,0.432794585378058,0.338363524800211,0.342574388918577,0.368629383223889,0.362943140978886,0.326620170943512,0.438149501635186,0.346183352858171,0.405353268086162,0.341421159619063,0.215393320398163,-0.25825137930101,-0.297488925175473,0.509362932605258,0.200914246085242,0.38033430146528,-0.0910399945247228,-0.233408655042593,0.43339055216698,-0.441719711164621,0.0630384701007975,0.149981259575249,0.4908840896273,0.399469505983186,0.400308439963189,-0.0650639483728373,0.385164871793599,-0.205695326385741,0.327863417218883,0.366769548462275,0.0286459694913507,0.46399690828455,-0.0315536516549999,-0.339618612877867,-0.608931846522157,-0.0602880348630119,-0.497444833065398,-0.387576722156943,-0.229885294599562,-0.251138249979428,0.0056220791000175,-0.416675186699253,-0.422400702529219,0.234869988862914,-0.241977428173466,-0.238968435824367,-0.0815330006161904,-0.225895657342161,-0.431258862119662,-0.139396231198557,-0.497375580298326,0.142374001897209,-0.0918350809341652,0.104461607802578,-0.0133005205394028,0.42120550321116,-0.156402676567406,-0.0474789123308976,0.0808366806997207,-0.230365114320791,-0.4277980267055,-0.348930519925742,0.102992499174611,-0.310554358895871,-0.235400720951774
0.246818025182346,-0.0143000115468902,0.156189969547001,0.238215685451628,0.363702321088147,0.0546538813772812,1,-0.0121194462791315,0.286539749829623,0.169827185205317,0.285057819640878,0.107182689187925,-0.0531086015091197,-0.199241340460632,0.0915627277919409,-0.240064755942893,-0.22674607086749,-0.0755369041995593,-0.008586235106112,0.107952060625767,-0.263731953296374,0.156925196254443,-0.205430859117256,-0.207055959244929,0.324503938967821,0.32542939068269,0.373158097934036,0.10674330271843,-0.0218900223640733,0.166701983690556,-0.236590943425858,0.351579840070262,-0.0531960576058645,-0.120727329253148,-0.0003355742252588,-0.0498844164714762,-0.0003607320486443,-0.178367994067474,-0.219914345765752,-0.245723373985488,-0.31823654906927,-0.336906396860364,0.0330021726239112,-0.371980689273642,-0.369509190066315,-0.296859779818613,-0.156163993034717,0.0672189084952493,-0.41408162086295,-0.145197093633488,-0.186512710341331,-0.340341186092655,-0.0416618950256044,-0.424369728512127,-0.221700727282744,0.11912199781506,-0.0194479709730054,-0.16336633892336,-0.318446013283905,-0.0012461676218528,0.283091858956109,0.4739080142929,0.0676683480035107,0.35029066925205,0.611955742208313,-0.0201765397848941,0.211473457970954,-0.12239052745288,0.281193085873089,0.0509844371731874,0.0431870666800738,0.028586248782703,0.364656278298746,-0.379373049087261,-0.168514888305738,0.258179050195674,0.497895297751637,0.510151619411973,0.637692511439893,0.302631533828618,0.262391705339759,0.523567966827295,0.418930483761882,0.399191581788199,-0.025917109550472,0.133369464493063,0.0113432350507843,0.23597900519306,0.269101926940093,0.103213321565828,0.193973313345891,0.0058411659868315,0.0361518312015553,0.0939942838150251,-0.0871925606673148,0.0696934736386279,-0.210627991708029,-0.129805035027486,-0.275318500703666,-0.221183276596521,-0.0630685674237976,-0.329498004888873,0.123880264194735,-0.157938757622233,-0.300462795020817,0.0093615653028997,-0.263143474865047,-0.196519882169774,-0.384955639751188,-0.186513911944168,0.118996892816333,-0.147289674557926,0.548169009479924,0.0826110643152893,-0.214283875909629,0.009104841456709,-0.224589051538058,-0.275297059080028,-0.332164911544403,-0.0662399711277134,-0.167809813698745,0.520639268475112,0.163036247168159,-0.196361801444575,-0.124989352520971,-0.0308485680805331,-0.177401720917654,-0.159277675995322,-0.357574364494268,-0.404422572773024,-0.272407406826603,-0.495678468682305,-0.377961342452681,-0.31718625578655,-2.76508385843194e-05,-0.0721800052287284,0.103599776670242,-0.21865506632681,-0.288113902972794,0.479837913281896,-0.452712871040081,0.175279353129516,-0.0743156204974691,-0.245543883389458,-0.0965571455058047,-0.208283381927489,-0.290142319647962,-0.109633571689624,0.446690382320843,-0.0150376562655597,-0.0103448751452964,0.235358335454183,0.511708629345615,0.322368301562974,0.0683494865237446,0.166584495499383,0.0769304045862468,-0.0369570121508047,-0.0388497743955639,0.319589085395921,0.374834919526715,0.15555049809878,0.501016072357992,0.489443173762473,0.233245675029196
0.494039088166531,0.853352817506681,-0.0652957590934884,0.744786891402733,0.313242491977351,0.779518785372523,-0.0121194462791315,1,0.541678985767234,-0.0398406757445403,0.400534871280827,0.832926448806171,0.738597648267346,0.246665862071752,0.520300395140746,0.283708227172911,0.374028729016737,0.469218560632206,0.213332613506886,0.381828320203444,0.251187934446716,0.142636908379179,0.150780104129754,0.295447306344495,0.0462546139707554,-0.270486334737533,-0.504096859665116,-0.346774167142664,0.0304659056964735,0.0307414504641061,-0.217775264734557,-0.528591449935617,-0.0841918729534361,0.259304915828732,-0.164802237119544,-0.338349908494191,0.485381808880815,0.0691837899821905,-0.133820132307635,0.0990618668064976,0.149989843686311,0.380215597992705,0.0755156307478098,0.413617987567807,0.395779584385601,0.283280791040683,0.225610193943416,0.430268895182911,-0.24137760768943,-0.411070028542475,-0.0917712370387605,-0.101950426309418,-0.363241968568712,0.108391188821567,-0.282444614118566,-0.420227265191685,-0.252135457812817,-0.116456924135454,-0.286098026687548,-0.389558327289768,-0.0179578186835421,-0.0424539199366188,0.228412075461361,0.476698746632825,-0.0404916750329381,-0.397636953745696,-0.407089607029887,-0.0567762454986395,-0.214383795704061,-0.0886146179020211,-0.0661694091934314,0.216963280954916,-0.0863319048905336,0.265862249613988,-0.0497653607612188,-0.461530575711591,-0.250688138103046,-0.0633433133986616,-0.277133812651213,-0.447442311677856,-0.281209751374566,-0.298075401068468,-0.473777226212596,-0.481524703101025,0.650478797375921,0.690874039711545,0.195146955862733,0.565532786466872,0.388064951714469,0.515947952364581,0.320944224862991,0.516401637163968,0.651625787852183,-0.20027473132503,0.354998839184722,0.446712141353853,0.311901239114457,0.250756565418449,0.439931430344145,0.389307316468562,0.109786187976013,0.447188307191389,0.293682143774779,0.372712946529136,0.179720466114564,0.257125305554052,0.220711325863467,0.130033038520331,0.349817152115289,0.0831293646017638,0.051240210094939,-0.330421001233031,-0.309329977613538,0.327698782321707,0.0636687731889227,0.224906034226168,-0.224604524281193,-0.266652588345025,0.273815913395017,-0.229569689220752,-0.0456619123979919,0.214570862891553,0.534293657337183,0.277700713668326,0.396171168098477,-0.132057296738945,0.39402730096098,-0.0840461547914384,0.329844360905518,0.469781510261105,0.0124726300291609,0.463923053523691,0.0047348048185717,-0.166012766911501,-0.540470285312036,-0.121730001693558,-0.478309703417616,-0.303724579807668,-0.0511896164760618,-0.161870350144234,0.282460713804539,-0.453853976245612,-0.450032611532542,0.226026060124923,-0.154995762903805,-0.218879513153337,0.123816123487545,-0.0738799671057207,-0.523357443646012,0.0244677511283849,-0.405903411687716,0.0747532450399683,-0.229950733021995,0.119814857312922,0.01235683870355,0.471472730387881,0.117744573925617,0.0317203580253575,0.200745125011107,-0.188671853088572,-0.418319055208491,-0.314262171512246,-0.10461184453554,-0.358364630555654,-0.290466130768231
0.373267082403093,0.306678259331747,0.0828226777159708,0.701258732921717,0.588026236983181,0.829473801053469,0.286539749829623,0.541678985767234,1,0.002047650749983,0.768620674239791,0.846377995475674,0.424371287724151,0.400622773670388,0.751221590929727,0.587459422811073,0.522062746536461,0.688475227270823,0.589593934795593,0.632576680455335,0.326114287191012,0.31671277789887,0.371192855043837,0.350628705531436,0.36127853028646,0.110357947235099,-0.315422147274869,-0.0324935915428896,0.340438748966975,0.372048331492253,-0.0938240313040695,-0.165749853395474,0.031789665545823,0.392587937367288,-0.268939464750611,-0.0243926759626069,0.615189598497513,0.44171477617709,-0.0063875702973863,0.0250786799431473,-0.0763057167363574,0.393650733692678,0.25087452982259,-0.201497476558141,0.122323023295898,0.127005066248182,0.342678206301964,0.475675275227805,-0.511885379582679,-0.302279150504465,0.0081090796600917,-0.604794927765625,-0.39535956153176,-0.450829543264773,-0.358517384642212,-0.141682816453222,0.215064112884381,-0.156634345726472,-0.485860100904458,-0.325977531119163,0.0199559620703273,0.330437939605428,0.297973313383415,0.578012960967759,0.254014027173213,-0.354022230859816,-0.271843123842861,-0.011408802989703,-0.319202480553904,-0.174071497621551,0.007561371219974,-0.0472655350424938,-0.0963233385817743,-0.248657905445771,-0.338987254149782,-0.258622800827575,-0.0949786473298825,0.38376715939466,0.0794070000852425,-0.382046191505738,-0.117806763561385,0.112199597593121,-0.365234887714812,-0.124100115299749,0.373359760578251,0.718738114511685,0.356274667715601,0.827147690202801,0.685809287896371,0.892480050129958,0.676951503399545,0.340308243602584,0.797042726450977,-0.0330259666377244,0.723861275433388,0.703178436360532,0.600659240870688,0.54995593536733,0.493206444740413,0.657626271695149,0.472866029006155,0.120317187468942,0.461568620541792,0.39543420364429,0.305594903521727,0.38760480521529,0.421754883804109,0.394487609187184,0.431174990320039,0.234254846653112,0.376454388610363,-0.182653947616096,-0.206763973153767,0.55476795696679,0.240644572926527,0.48746626387104,-0.0676824632753806,-0.205345034850418,0.415796529999553,-0.459117322702956,0.0311299238695746,0.316740717184798,0.57847193501784,0.373959806741434,0.401654503103143,-0.0260300325553997,0.352141535868542,-0.301897000546777,0.182338321892871,0.185316028012226,-0.0928153340539528,0.278142115741,-0.262176984753991,-0.416966568257669,-0.505100015238945,-0.135299354083707,-0.448864369067908,-0.368315804931705,-0.327870357969244,-0.169304454895317,-0.339794072092882,-0.210887175731984,-0.358045897393658,0.157654312715529,-0.287859855646942,-0.250135493898065,-0.268995006688039,-0.318486135887498,-0.224831448765538,-0.173945450688064,-0.444811399564663,0.247801481765476,0.119316371916674,0.223324243907818,0.0278978813079887,0.481103805557502,-0.25333772602639,-0.136592291219767,0.0685357254738721,-0.165265389361316,-0.225983883632578,-0.234279554720389,0.356530850227244,-0.141632049906702,-0.0637352150840948
0.0304996137352859,0.010359309708793,0.794891156201147,-0.121515647179627,-0.0163811351329654,-0.0089494278970211,0.169827185205317,-0.0398406757445403,0.002047650749983,1,-0.122480817172773,-0.011370825084445,0.135984571619382,0.21165426923287,-0.078311633263674,-0.0898118595456665,0.0379775826009432,-0.0516535885877489,-0.176947431127018,-0.386273048020626,0.0657151477946998,-0.513133024122969,0.546548632608773,-0.0558150123453202,-0.295293279144172,0.258168276806939,-0.0395034793162201,0.629690423674136,0.609765404476488,0.496882133680923,0.444401001463025,-0.0923701807240582,0.727381420967652,0.0765427699622315,-0.321691509141837,0.411851382927193,0.0523453400401312,0.308187748303445,0.580693066417033,0.449629767686047,0.0893365764612554,0.263111847186841,-0.167803227685944,-0.220528813004147,0.293160086729173,-0.0031359879753333,0.295980877277161,-0.104211135914337,-0.308107205704291,0.205332306748505,0.361636483834353,0.167505744948336,0.0155278412214131,-0.207683811348629,0.400721915360997,0.130457377739,0.153041866815996,-0.150081125933969,-0.0860658107633453,0.404192679967018,-0.377844288206933,-0.418927575842775,-0.545199980243326,-0.298347397384562,-0.295341403193047,-0.0006174823194172,-0.422392807881585,-0.0834278445399157,0.117114858329484,-0.321989079685626,-0.469133789251531,-0.349663922014201,-0.39028540952413,-0.0410362029965133,-0.345944100660136,-0.295196384006723,-0.271159007530079,-0.0500877601182177,-0.080928865351906,-0.266703910893025,-0.432455926499715,0.254531293781547,0.314950649866768,0.233250043351907,-0.0476096927486134,-0.234899503835938,0.534546913872789,0.0241769046925693,-0.0420284272067541,-0.0951157598097777,0.122086558480267,0.434255291932235,-0.260451021931465,0.762392151565017,-0.130649118994493,-0.234556781407377,-0.0918627614695078,-0.281129918870694,0.140642032341366,-0.128384454244709,-0.240188012995485,0.0965456859154238,-0.179144190627761,-0.389405658443084,-0.0654734299331572,-0.558994824635978,0.343108233313671,-0.166808510985969,-0.107530627691674,0.558708088529316,-0.47682486396657,0.51612446069018,0.0003939488382443,-0.201674014267537,0.537521671536367,0.377771142738412,0.534975005839618,0.424321862785934,0.388259343518893,-0.170818645136772,0.661610655478293,-0.228134363851451,-0.110042988028167,0.389489404647149,0.186337613294195,0.298716986983378,0.20414479647924,0.343727716059757,0.379419007330665,0.311226175999884,0.195567659488337,0.165855143883717,0.626063337482418,-0.0262475332594941,-0.26182162568753,-0.0257565070010684,0.215659066639,0.114999723140509,0.264268805688686,0.311448842123469,0.0684430330116844,-0.186504921403998,0.27589088397315,-0.306144886721344,-0.229926777912949,-0.139510633859524,0.0684584606873135,-0.170082342945677,0.0541370178819341,-0.220374991963971,-0.350385568303593,-0.440081095627321,-0.389697755067225,-0.408807984280662,-0.418003484499928,-0.287320423119502,-0.149025486996239,-0.0630013663413708,-0.116534183720011,-0.25848553485973,-0.225024681476772,-0.287048390406663,-0.0108945066322285,-0.284689451361073,-0.398395366325824
0.558646385081179,0.304941635893052,-0.144509052506316,0.642657628942141,0.595173922359387,0.58451574102804,0.285057819640878,0.400534871280827,0.768620674239791,-0.122480817172773,1,0.683670445796019,0.522795659459794,0.284302025827751,0.573946604262944,0.413770700744387,0.429422290007587,0.488107739810763,0.438504939836286,0.598636499643048,0.168805406851215,0.372234761110832,0.0496314828264233,0.149247581841988,0.284216677172004,0.0298301682628591,-0.209021602569842,-0.0335395088032691,0.0489860008663863,0.17260628411112,-0.202183222684791,0.119703817014264,-0.137091918007168,0.241207203344424,-0.268538197493132,-0.176978754721982,0.367333890576774,0.282198751000998,-0.152965821719144,0.0112230055089756,-0.152418543834688,0.200931648103276,0.173447088159951,-0.200885941716937,0.0182557834291827,0.29012218539232,0.139955963839589,0.607112537489494,-0.523568873492297,-0.292065084755788,-0.185674526174708,-0.498356002661905,-0.506828683606886,-0.402823814604775,-0.400039112260162,-0.260998867211555,-0.024794375322964,0.26023223641711,-0.257525797104894,-0.183320436029797,0.050008875899634,0.45297272051028,0.310510946194375,0.383670566647802,0.401479311311236,-0.340684136392245,-0.290565691611259,-0.0716887745123969,-0.0712178519268551,-0.347511131125166,-0.119147149644404,0.119504295003197,-0.0819744706460764,-0.23585227368611,-0.240266939063259,-0.200563520773887,-0.0047406940024134,0.667863226459938,0.297641456595584,-0.247797650933748,0.181013052972942,0.321521139529791,-0.22762531008255,0.206640424083526,0.257148560042303,0.649940021395803,-0.0101619056050005,0.457326996388497,0.772576967721936,0.629295478331127,0.545562095999319,0.081283530290798,0.831075362721922,0.0538875853524834,0.551586975444995,0.547921927462923,0.423307807122156,0.456882244380624,0.288939965723628,0.517227000265029,0.321297525638249,0.0457285139238914,0.492426694337304,0.482070691995083,0.173153641325237,0.446251404994658,0.104905487527944,0.344932021547348,0.275206606978034,0.0079843548259238,0.297296683710253,-0.189051972893401,0.0083131286761705,0.397798801156577,0.0346765028139965,0.256768653230425,-0.235268873782981,-0.141707381677009,0.158323182227529,-0.2330904288203,-0.167649903431247,0.325418125637743,0.344706470272008,0.0797139544777177,0.232657277069149,0.016158480250367,0.19799517534509,-0.229999225525044,-0.0115876365127738,0.0307735317080364,0.153819472888439,0.127109113531531,-0.410178213880701,-0.344032817221892,-0.258115693314694,-0.114008785934037,-0.478382811869299,-0.184661778606845,-0.340287280247732,-0.132083204535736,-0.222448701611534,-0.125799024449518,-0.267977484066066,0.464575523564175,0.017924909211735,-0.0721127034616621,-0.0853477945060831,-0.18819541506784,-0.113527339521513,0.0443210442331477,-0.274039432467689,0.411539379056359,0.236917543159448,0.462833143822959,0.232254646096771,0.397121256028448,-0.216304346438877,0.120272762618959,0.227507379011295,-0.0897664076631931,-0.0776340495309615,-0.032758769867466,0.626213814303414,0.104204655383822,0.311495886084838
0.483413289671685,0.622856404825763,-0.0179733268210231,0.815216331433931,0.426322594644931,0.880158630539092,0.107182689187925,0.832926448806171,0.846377995475674,-0.011370825084445,0.683670445796019,1,0.710521315505194,0.378789282698866,0.678243608321075,0.480526266616931,0.523550250374887,0.624364755243684,0.440609103143695,0.595731404357704,0.30792761715266,0.248231785637844,0.31315164621031,0.415236755713389,0.216812252123348,-0.104702273680765,-0.448480093653808,-0.120107871884393,0.190491026486578,0.219027799438327,-0.164406319035933,-0.355508247314214,-0.0075919570849846,0.450827387742272,-0.251581572371327,-0.129811548405618,0.565525002578796,0.305578972770961,-0.0185248591738529,0.106104706126971,0.0528809827068005,0.453777309822862,0.184223033761845,0.102685339857456,0.310184745076309,0.152898408488848,0.330925399538509,0.496671993576743,-0.432212787438822,-0.329068166484907,0.0034722562946585,-0.318012679025895,-0.335506379102792,-0.212098838514753,-0.259636802615643,-0.204043921795635,0.0773164495903835,-0.135253928277097,-0.486114840722347,-0.415602229438594,-0.0831761141041283,0.15319946756339,0.242476055807366,0.49298681027526,0.0609738570335389,-0.428922570639696,-0.391242857483541,-0.0281749114558862,-0.337960306376591,-0.169867687116543,-0.0322284126689163,-0.028961446631719,-0.189665267141524,-0.0818579133139136,-0.273721574551632,-0.402736336298087,-0.2252375080995,0.171468830745382,-0.125163022089372,-0.531833194081212,-0.27137669341016,-0.0274768859822092,-0.529494611646722,-0.317664799638822,0.559700787500662,0.770714598466651,0.298880207487445,0.757174992706939,0.570526424823809,0.769635785232869,0.518222442333899,0.482599452682451,0.83904043925929,-0.0724917980929775,0.634275300784536,0.628557397699782,0.517315152340261,0.435744103549128,0.547866934911789,0.585383140145292,0.327023955484788,0.276108689749749,0.436946285547248,0.446381483917802,0.287762353717477,0.379599359939307,0.360245358532334,0.323645410112471,0.476868343763752,0.173580799228976,0.233089666236447,-0.273721522598276,-0.350742361817941,0.445423897598372,0.171617556399429,0.366240897621258,-0.1736849096271,-0.242744341268034,0.4071571091838,-0.417003122185611,-0.0037887395909738,0.219560694356423,0.572570735729502,0.372188709658658,0.418656168224387,-0.116783790261207,0.433130743179475,-0.271297898274407,0.292862698272466,0.366689032465,-0.0763923542805113,0.429225355586167,-0.140495204289736,-0.361162553149506,-0.574491235241634,-0.223774091834281,-0.470877987033854,-0.383328733631142,-0.205259597112971,-0.19662348810302,-0.0868608568596357,-0.328651185654476,-0.41106336519793,0.176456681929326,-0.329004400200089,-0.358363150075979,-0.18398394985386,-0.326062004913988,-0.40243725306014,-0.162437684929435,-0.492538952384536,0.0928032371136134,-0.0988018926398522,0.111419147803146,-0.0654441616130301,0.428813411053398,-0.153606120739687,-0.155854501533054,0.0696232722399805,-0.278009807139701,-0.357248643486886,-0.320191397056793,0.120579820602299,-0.335160839273442,-0.23573204539728
0.629028278981842,0.757091967509447,0.0089578143940901,0.584522007426978,0.218279810107861,0.547089717189929,-0.0531086015091197,0.738597648267346,0.424371287724151,0.135984571619382,0.522795659459794,0.710521315505194,1,0.240743541151287,0.468390793165063,0.267561054842314,0.329814416670149,0.367039245263482,0.145906033000436,0.318727920246404,0.262790975132881,0.146479623404728,0.204794846693946,0.285107284724438,0.0470217634375487,-0.218662215412956,-0.422731930382354,0.0471650494403398,0.0888638852205729,0.154115080815431,-0.0376632655229907,-0.272290219149309,0.117856280314656,0.39519841259076,-0.157245103769712,-0.148406019330083,0.348440259518192,0.160965878217025,0.0998889466638055,0.275974857000793,0.0487077271529273,0.331198515536916,-0.0184165429582068,0.247046981059798,0.357468110208792,0.360171531340579,0.217282109331078,0.459384096393469,-0.282786608543517,-0.224961163543404,-0.0209723542887249,0.0868523757520331,-0.264992083483832,0.110439015884478,-0.0460807358078207,-0.333317713241143,-0.155086966245698,0.0381880560494314,-0.304148864792024,-0.204228587484723,-0.28610090810797,-0.161540581687325,-0.118172734517911,0.172385818701545,-0.106340472589373,-0.305871055122568,-0.57504273075878,-0.224338318637867,-0.235322810738066,-0.309954906026123,-0.295861364793808,-0.0455748108110408,-0.363528624173608,0.0550322200667242,-0.254063041289273,-0.446485238022756,-0.321382262086127,0.0442126569131933,-0.328273021750317,-0.622916114541231,-0.359578394339921,-0.119292694993945,-0.36185131491129,-0.129096961796474,0.608337479463616,0.498039514956402,0.164413077383471,0.215337259839155,0.295188062505133,0.275602017653038,0.13858099381784,0.443775171457491,0.604536044130666,0.258514307205445,0.377869853869816,0.366252902815654,0.208081583033608,0.19723180988088,0.430495843358453,0.348211049553465,0.0261695574737523,0.351991964223064,0.332616480617136,0.395695469112625,0.17691650156889,0.240663670031024,0.146565617128483,0.221173397934291,0.329043717971382,0.112578719574701,-0.0063294153345957,-0.119471312275766,-0.321441406698353,0.12243369794349,0.108390003361957,0.16316222560903,-0.14928546600952,-0.0528724888753527,0.325217039166709,-0.188045643325167,0.0443393781367835,0.0910888422794448,0.377471730468885,0.239434610071303,0.368627800736585,-0.0581740721304406,0.353215657256817,-0.0748484458449334,0.334049908700429,0.401725630577744,0.261796046717443,0.420191704353356,0.105780659678908,-0.118905618272365,-0.477184810927613,-0.289048090454296,-0.419254284605755,-0.087295439264979,0.0507817242181038,-0.223332158384052,0.299303805576502,-0.390424317952035,-0.21958603398001,0.233831449624866,-0.20846846363414,-0.289022180654733,0.0687500017625895,-0.223255839116305,-0.4659194030999,-0.0262876368877071,-0.429694767181922,-0.10571627731926,-0.346178505697509,0.0736970897635197,-0.133499812773921,0.241574267623232,-0.0961243366786592,-0.0042669921976622,0.126974894823979,-0.348551929053776,-0.408181384101835,-0.28911070742364,0.0173529811875843,-0.454627299021968,-0.289983217261076
