1,0.559860524616314,0.556952464781597,0.757599314417694,0.44239043804321,0.291345494241573,0.672716211704191,0.387897698225235,0.664953057829982,0.74198184197305,0.638800567252776,0.654288966511158,0.748229359282512,0.202782887755681,-0.159305814472072,-0.115496861477376,-0.33350171273145,-0.203077600222442,-0.279846166047213,0.0507059767411494,-0.13658584890417,-0.347015571246449,0.170346065491928,0.137648734487201,-0.25668980310606,0.594998868739845,0.161902176941225,0.665211132921987,0.0389673914311749,0.0582198743169785,0.161496369659082,0.259549574114321,0.146905019304129,0.341600743890057,-0.158462819900292,0.147887587833654,0.0154598057791436,-0.0461485293567104,-0.223882883679207,-0.0579583987190866,-0.0860560945120808,-0.0812973502125634,-0.0753826862515938,-0.399453443897072,0.0532575077383123,-0.0554071793433134,-0.0799589593118578,0.208984716767104,-0.547058706872855,-0.130091721413972,-0.0826862140375528,-0.293060696120787,-0.470392628080078,-0.449051944323294,-0.352036093993396,-0.183824276209969,0.216106686170815,0.300001533595802,-0.0404147782504522,-0.0822215856247765,-0.257543685449959,-0.202227366909101,-0.465643411031201,-0.199056106194978,-0.0551331576081694,-0.388052484471251,-0.336703398387311,-0.315912870857298,-0.121510104805833,-0.170284569664198,-0.222595686321329,-0.286197907245324,-0.400249359426074,-0.184523729018135,-0.596070427913352,-0.530664085804894,-0.252978719846843,0.323936736465918,-0.248869385066197,-0.153694628503961,-0.479772388101299,0.312617405583649,0.743512838914593,0.831992359984371,0.732723919841866,0.344554409297382,0.385141787805588,0.0985368644351715,0.568193490413704,0.44198040845278,0.569188170809919,0.509870302659069,0.566873340863194,0.797726759809098,-0.126412908655995,-0.11848057459648,-0.0828848918919511,-0.251183648873368,-0.367881442022578,-0.123638872500407,-0.295986789342828,0.175245289431968,-0.148074692908453,-0.235735944759378,-0.332304675679304,-0.238703878157998,0.0504379967807865,0.137088535298315,-0.0423954716682173,0.0027628867443708,-0.30781949457615,0.695997543122675,0.323773243000555,0.19446565510894,-0.346362073008219,0.211488462934494,-0.164874920140409,0.591624454348718,0.523318357122355,-0.0141439138170235,0.0849074835152153,-0.108072462457832,-0.192305517712801,-0.194054657631969,0.0096618217166882,0.286512774758299,0.0953511676727017,0.0631371044196746,-0.0925267632302927,0.0487318418661496,0.0270070033413097,-0.168878817570912,-0.563874094702433,-0.675801477957446,0.174090639081528,-0.188641032591729,-0.41357423898744,-0.565946429082947,-0.31735685761191,0.0831552495884108,-0.361681298054224,-0.561536899953926,-0.491294371156056,0.598706733946218,-0.19829772262313,-0.179940471249019,-0.13353132755554,-0.604838180992792,0.607816721748474,-0.501600799217392,-0.426278989876901,-0.167418510731109,-0.393099200825295,0.0223409858590742,-0.43248254821641,-0.115176543442316,-0.203780981344047,-0.133730957426062,-0.0326947077077375,-0.321412278096347,-0.186866291732244,-0.163244491974971,0.34115402688673,-0.232539182591959,-0.294063851199388
0.559860524616314,1,0.610999243619256,0.508697145860982,0.155788432690474,0.633060077468995,0.566131731714897,0.538513420515957,0.495114018693449,0.773792547590178,0.201690203110193,0.372428650253109,0.574993650120505,0.263866849554575,-0.0427003611165294,0.0769440172014404,-0.202781068956669,-0.197901810593781,0.023722813834734,0.117450154610178,-0.0140977539231115,-0.124224660756694,-0.118281401411386,-0.181578160478351,-0.213096784543984,0.482243446179263,-0.156128395263322,0.332423031919182,-0.415042804646694,-0.181060254514282,-0.102404590235478,0.0049893068438433,-0.25367246987648,0.236843170916546,-0.185101847225614,-0.132134994704865,0.0986818008877358,-0.42762706156532,-0.493571726985632,-0.262974518391622,-0.112023429363104,-0.204659740407121,-0.295784453945024,-0.302391316842404,0.0548566700326534,-0.462629986439852,-0.0296209319536947,0.210107655757097,-0.416314230389661,-0.0620342212278735,-0.370749037003044,-0.284939755045016,-0.222129759481709,-0.120077333621991,-0.464743733984159,0.0399928639365634,0.117105244800271,0.0321040699279611,-0.0618265270823584,-0.330008928680337,-0.0519151804097278,0.299279887582232,-0.0290494769877407,0.264463504992499,-0.0728333916764705,-0.0441074402550296,-0.183162973650195,-0.014795183519256,0.174307499798522,-0.0030009978198613,-0.25395112169202,0.0964184110843207,-0.0291700775461719,-0.0343035998730127,-0.303066232171369,-0.300683602716375,0.101215981218937,0.225166765922676,0.0866362927505619,0.148746241326565,-0.127523131701702,0.0726447038738527,0.611596818740834,0.345979285282976,0.798693837217214,0.0743272167001248,0.34971779894154,0.43884620619919,0.206609564470206,0.347083291285464,0.264476090037069,0.62260178063457,0.398876659011113,0.500210772033662,-0.0647668392148041,-0.0665025918438051,-0.128983578975253,-0.143773146648673,-0.153010611398968,-0.0644810757048556,0.0076795444127346,-0.0371558284452892,0.0483123629132018,-0.126493926769158,-0.166757085996058,0.0595428562646797,-0.250545524648594,0.163272922684189,-0.168086682258478,-0.17934865358189,-0.148825586204324,0.436896922101784,-0.0243334261867681,-0.0253076184117943,-0.505588405584455,-0.0339997927486426,-0.293632518360661,0.273633551705129,0.159103986013248,-0.397074571881455,-0.230802804083075,-0.318167689992872,-0.204300997344185,-0.467619937112688,-0.330548769605004,-0.0751984149608186,-0.0129297770145418,-0.0453330770124347,-0.173231702320596,-0.0137183047583949,-0.469771034628903,-0.141388012564906,-0.596653395825203,-0.493591896853824,0.0609105207242873,-0.0649783174179162,-0.282991993275229,-0.405103674239707,-0.472172372919408,-0.181878680693724,-0.469843616214004,-0.39795245654218,-0.380754069416466,0.184615635415304,-0.146747616178244,0.0172328988822089,-0.105777619690929,-0.433228536394476,-0.0271461937721832,-0.366263169098684,-0.215183385962147,-0.0063206665330538,-0.207680685508834,0.250061950490617,-0.215811559856973,0.109314761109586,-0.282688593229081,0.0847555376557293,-0.0222683513037529,-0.0925492629241687,-0.0060836075398931,-0.149291676733314,0.186229958609147,0.0515718747603136,-0.116670556753597
0.556952464781597,0.610999243619256,1,0.315884033059775,0.1475514693672,-0.0301965865660442,0.711871941046053,0.16390706096523,0.339142919817289,0.611562617146765,0.189339219633314,0.145166880809068,0.320228913702413,0.373492297863946,0.0210991807289809,-0.016933444070614,-0.102605388939735,-0.0662075139404583,-0.0557555218025426,0.201849122507093,-0.100182874692027,-0.136305718646546,0.240761860646725,0.122638962685312,-0.191687275482204,0.809758995740466,0.488095357089729,0.829194190027,0.0540529676494526,0.207401977522066,0.52262201553558,0.171910154998307,0.180872669755589,0.618643689371667,0.0694617233051375,0.420638501508902,0.380065755179688,-0.0410591612384457,-0.11142022129104,0.0015868065896952,0.062691730647817,-0.0498449514949073,-0.0614935342827538,-0.379131798238136,0.0171504340093533,-0.143777253645322,0.0501858017672446,0.0420761538909802,-0.363538984182768,0.240559690703495,0.186037385750287,-0.305478850407274,-0.167053674117265,-0.24742658492718,-0.0265025780538169,0.178961068871817,0.680647387944262,-0.0095629390401051,-0.273203267017046,-0.0377371575713706,-0.370014504012079,-0.185658091119422,-0.28892634903828,0.144126686004892,0.171781841818349,-0.241899573259376,-0.276974814389213,-0.123269687154434,-0.278510641568674,-0.0570106223051791,-0.224511265878456,-0.328778669670205,-0.397196314471191,-0.282638022756175,-0.274753227395298,-0.266339584208347,-0.0580053015776254,0.0732242793372879,-0.357335698977272,-0.197410415343074,-0.482638420668784,0.217283958977319,0.571724029085441,0.334361582000455,0.446372847636587,-0.33708928171637,0.325111180811481,-0.0508400223787054,0.0743576836734336,-0.165489913118024,0.0895818829703122,0.305644002120214,-0.005547975809277,0.621113377448124,0.133530690068739,0.146249375528069,-0.0341201885425365,0.0084605950690888,-0.137779204752035,-0.0358769430432565,-0.0697377917734183,0.0527873710918269,0.216902664812064,-0.0892285982183259,-0.148883483789863,0.171801919866042,0.100767072103743,0.313356822089412,-0.0168911855846111,-0.0585789244304304,-0.156140931653024,0.699206378469809,0.112161413354277,0.142419844357049,-0.0919042783371605,0.354191679681104,0.176805830956834,0.70833709564815,0.567990784729156,-0.119443216241213,0.0807816205633269,0.0128454774597199,0.0884396787762002,-0.192075128309317,0.129431158202497,0.179542669679714,0.306567508408619,0.311023635976457,-0.0295606379468993,-0.0975033191493388,-0.238239042244793,0.026295866781247,-0.38069088518788,-0.444030352198015,0.333023340393906,-0.0631866071184542,-0.106492742429337,-0.387992586709855,-0.0981566941885192,0.260705031539439,-0.413472505739766,-0.143321521188792,-0.216234538538054,0.0288680776435479,-0.382446836963443,0.0439840703455276,-0.251516491923072,-0.406180113815078,0.250078648097186,-0.578473675786,-0.434227265186478,-0.284622333093056,-0.478188187705631,0.0186689106068846,-0.420677317539143,0.056758610605995,-0.195463698424389,-0.308506732575176,-0.229910359459967,-0.436041469511821,-0.277974638032243,-0.380677464261266,0.0324795932481252,-0.379483849927122,-0.489436272709426
0.757599314417694,0.508697145860982,0.315884033059775,1,0.380207392261671,0.487391714686411,0.340101407488577,0.392857974597098,0.875317194757659,0.499717028862599,0.761292172132251,0.785390402857346,0.622237039235674,-0.0210267685417382,-0.458064442308002,-0.283681374620685,-0.307192569641207,-0.0988843961727395,-0.273581607070104,0.0285797375281215,-0.0603579690612842,-0.338361012483272,0.0768316635157903,0.0443037731412862,-0.265148517040105,0.311232607766501,0.0030185172509695,0.335477947654575,0.0743340345871552,-0.0187062800144795,-0.0066470541379433,0.170799734076404,0.0236622471236414,0.212059937105116,-0.185229002342584,-0.037022707957468,-0.276166714568694,-0.0010163550742051,-0.257271445293486,-0.180922635788182,-0.165136950149089,-0.0745707429279777,-0.0832504449912097,-0.344666132333431,0.0233966753495498,-0.185661371238753,-0.0884725503135162,0.0309516322720763,-0.400982281150249,-0.181708621781993,-0.194577023568999,-0.34139259746771,-0.295116954704521,-0.358113103813205,-0.430778225334785,-0.103815755761315,0.149665377832629,0.395180260220037,-0.0732502233232794,-0.117860137290486,-0.137791212614404,0.10682992175012,-0.0941161184768907,-0.0854919612471237,-0.170073780510214,-0.0709665229758269,-0.16349256988075,-0.107659449253077,-0.110950367271874,-0.091673675266868,-0.147193009490826,-0.165044274106038,-0.0873725592042703,-0.1969707250436,-0.39837354857309,-0.391447212003407,-0.134497023067433,0.229676043726518,0.0532155170899023,-0.0504572806652465,-0.141807755588482,0.0501835894651297,0.320252732809488,0.525844370929519,0.563863204242148,0.486153392861376,0.0272525927161515,0.156509836676388,0.663749651326674,0.685692729538467,0.738452280957353,0.289005221485725,0.827701119444783,0.466881059404791,-0.435671520411902,-0.364500667410684,-0.144315952149771,-0.326773038559292,-0.295222357008542,-0.168673073431706,-0.268406241225296,0.0504464114407165,-0.0780255772178341,-0.157085600333565,-0.169434124746723,-0.301425967380844,0.0697507758196769,0.17198267626926,0.0515427178642907,-0.10544468588394,-0.357405958786241,0.345453509616876,0.060619926468726,0.248359579584194,-0.294392509898744,0.194732725919268,-0.261356968400365,0.236073696155438,0.262411962266879,-0.156541702901448,-0.0147383632327998,-0.314986377536471,-0.426897605382089,-0.1044119067563,-0.177455709583311,0.0945062553727636,-0.138332923624908,-0.0817075879860002,-0.0973227425887078,0.0426400743450091,-0.143984540570687,-0.174163961241182,-0.473358498967652,-0.548203592425096,-0.101152215296112,-0.264334965421986,-0.334824790645321,-0.577396781667923,-0.339469705040786,-0.0849727719169104,-0.400567097987137,-0.536669737372949,-0.473683295139435,0.583674843915716,-0.0947457385874727,-0.0522443694607284,-0.217104808277047,-0.411605199717128,0.305225137262063,-0.322792407817824,-0.257122582335502,-0.0288572316338172,-0.197583448964593,-0.0135342820860495,-0.0877494234842768,-0.068934955370904,-0.184690792959956,-0.141007993515979,-0.22006464326843,-0.138644066919112,-0.218734327475705,-0.21278846465851,0.173929086317668,-0.0312197441830813,-0.12620977882608
0.44239043804321,0.155788432690474,0.1475514693672,0.380207392261671,1,-0.0575806158414367,0.235357211440343,0.0308031951408935,0.52824634868334,0.272215358713366,0.618910527382973,0.43574944804816,0.238090211922868,-0.226165969322735,-0.0406745698168571,-0.0811408495777182,-0.176462823478165,-0.078332368909203,-0.156351368890634,0.0555144872642657,-0.0845427070578449,-0.300303691345097,0.10259930843604,0.0242100451872896,-0.0683487417757956,0.275328901835014,-0.0352428605667605,0.279945076019046,-0.0538143340990781,0.0574070960685736,0.0376266050430797,0.36497231981022,0.165627653355546,0.109259136359445,0.013224146563588,0.0247141795290249,-0.18578283644242,-0.0826676686179847,-0.229606672328941,-0.311382882776339,-0.0865461395153713,-0.0392664486387918,-0.105826329130663,-0.194603955093453,0.113760338511152,0.100086170168955,-0.0160155713945981,-0.221840661901235,-0.358285416912865,-0.0488527562755431,-0.0710535300266472,-0.183659129895144,-0.340002096504093,-0.219836018126682,-0.304868438941485,-0.163592740234099,0.0680438969838777,0.429485071208436,-0.0852684266274296,-0.0999329376001022,-0.209926516289115,-0.144588748713949,-0.292517221360515,-0.184642506267323,-0.233622768823702,-0.243987314660948,-0.0567466504870905,-0.353287285507169,0.202974640373475,-0.184385893991472,-0.260353396843887,-0.0445486420571196,-0.262568122099193,-0.0079840190371097,-0.48849400418024,-0.433699710839988,-0.063400240584178,0.590263873211615,0.0541652990651065,0.0510845006208091,-0.090911264000168,0.34163626930711,0.33960657970081,0.480301804373361,0.230334694421456,0.27499949929855,0.0874510401857328,-0.0813605068407136,0.804097978408905,0.195518947770598,0.619861916462362,0.123317721644371,0.458789795707785,0.248261632246115,-0.103463454780466,-0.142894848485193,-0.0720108889765077,-0.304468083161086,-0.274961648975346,-0.0479291095378148,-0.176071600798935,0.0199756729666122,-0.0986722559603459,-0.188860693675584,-0.142946168406733,-0.256340527537554,-0.0018231026683863,-0.0543110814701577,-0.0306373614866827,0.0133461954795972,-0.189025911918636,0.127777069288798,0.0264409333270385,-0.0758655654171162,-0.338591205877652,0.0197580946274059,-0.180041997620006,0.15339787136367,0.198529182527165,-0.0045636011217451,-0.19251692837405,-0.113835953049017,-0.0857359924862385,-0.261148045992965,-0.155116284615755,-0.0634539931529702,-0.226521942317036,-0.059622647838667,-0.302867762080886,0.0236880560496409,0.114807482540683,-0.183055932553355,-0.359014271609271,-0.41688186578523,0.13241845095932,-0.151028070100612,-0.31330672990725,-0.394978214468456,-0.394591050932379,-0.0628174482484397,-0.359147911073306,-0.472627783585551,-0.360649823804186,0.650157595363408,-0.0269654176728721,0.14311410686077,-0.0294011579814756,-0.418267548427234,0.386849990137434,-0.120138853829539,-0.0661194790266387,-0.0576981166264633,-0.290544013709989,0.0680753249092997,-0.223466988023168,0.009028617749385,-0.191428629489812,-0.0248786518330075,0.189175909896308,-0.104343305121905,0.0689306787195593,0.062981198896923,0.59352992903791,0.135661605103989,0.144630030889561
0.291345494241573,0.633060077468995,-0.0301965865660442,0.487391714686411,-0.0575806158414367,1,0.172866314508337,0.764434946733252,0.349416706823143,0.529243958930226,0.144019247207244,0.527061649706959,0.644458002025979,-0.002796666980828,-0.185240367431399,0.0156647595626586,-0.213890258867887,-0.246058662613341,-0.0588514920260183,0.0892671117383906,-0.110966673168215,0.0055629658063,-0.34298282300338,-0.238927107758687,-0.260280671703231,-0.0616527884786634,-0.425837250843955,-0.21200061004759,-0.442779696284686,-0.37428226409017,-0.510760023740979,-0.243263973048123,-0.540307491720724,-0.0675324649417146,-0.39233012223557,-0.392566381443737,-0.186305678941325,-0.420849135580495,-0.470912915320921,-0.302755176581755,-0.219907609553271,-0.238189036380661,-0.261071398388478,-0.133517622248374,0.0675982540271742,-0.565595647731057,-0.0575831879721043,0.208876033180259,-0.25564294836977,-0.362181829221017,-0.619056238613351,-0.244564827081253,-0.11649087074551,0.0199553204023842,-0.556090041633331,-0.0015291916343203,-0.254467834571147,-0.0335403115219433,0.0919599207086278,-0.340323170762411,0.276530645945129,0.501652293687584,0.26092990711093,0.175085005403871,-0.181604173391947,0.215496704323199,-0.0902707580612833,0.114932465710877,0.197271730074764,0.143510665738711,-0.0124368967807563,0.246249518653989,0.298158007875474,0.113696495586377,-0.130447623430136,-0.107145821142922,0.053202654921123,0.0079918860470305,0.27193177422267,0.151204214614416,0.132528143370647,-0.157585515195518,0.214804827134643,0.154649422286058,0.653252069784811,0.575911713034803,0.161555859873674,0.594168318151952,0.170904302370786,0.757746361146681,0.350809914701195,0.596603469672705,0.598636406406427,0.21493318993734,-0.277298177549809,-0.264452240381078,-0.150797557625292,-0.245450184152466,-0.0837118623586285,-0.105409276733086,-0.0366278116312002,-0.159341451852918,-0.0998055752929898,0.0325481512737816,-0.153825037602706,0.0198688269888131,-0.406135694936736,-0.0109971866880455,-0.0535106928124562,-0.325467092836816,-0.208680369525569,0.0497443052714576,0.0343193597343012,0.0091488974143963,-0.549546864295264,-0.248959666089181,-0.520978155218503,-0.163488851256093,-0.0922071236153428,-0.455348409753653,-0.196631955826329,-0.338851127390399,-0.37380374742944,-0.346239053549802,-0.363095944527777,-0.206164858366092,-0.324964523445438,-0.257445201823363,-0.128929262854265,0.0854565682660046,-0.445411394485581,-0.0807061041052614,-0.507427860263621,-0.36683931026668,-0.342077438743591,0.0354624743445375,-0.337011949557894,-0.226114192919898,-0.461616526087495,-0.37192871954619,-0.191374862113982,-0.445759354605479,-0.361883355420724,0.220049670388738,0.071360679927303,-0.0335289153954792,0.103646857936388,-0.111621682463306,-0.177370028654081,-0.14913931092109,-0.0957587244264079,0.207510380914713,0.0548471673105086,0.274052929806198,0.140309327243749,0.0890990304321727,-0.0652544024753329,0.176348472638614,0.0530985383026858,0.219611528486868,-0.0396686917217476,-0.0795278961125791,-0.0013462631288053,0.180192921059716,0.0748573962908859
0.672716211704191,0.566131731714897,0.711871941046053,0.340101407488577,0.235357211440343,0.172866314508337,1,0.306042475955262,0.323006976390143,0.812906797471122,0.286113478127653,0.255711414209282,0.527025468434197,0.360409886877271,0.237801122360261,0.182165663308294,-0.0702396470392909,-0.107775430303544,0.0343179859753372,0.247366360582318,0.0421239195086579,-0.1047589393592,0.229750452012654,0.120664486037467,-0.126347381395079,0.643885817022727,0.229413393489991,0.698273912055469,-0.0288485539874032,0.109580796927207,0.277485560030955,0.176422776841463,0.147566800334538,0.411007175463751,-0.114793574974477,0.27136218892132,0.413573027152706,-0.115433648377115,-0.176419380067717,0.0315001344060088,0.0452541204898306,-0.0770113886465081,-0.0893867713637195,-0.243508997301524,0.235690531781601,-0.0663352859699637,0.086053386966555,0.126250073091174,-0.526293137063611,-0.143802996352841,-0.0368114862051062,-0.238802821378138,-0.513083945317978,-0.298562609932422,-0.196750392671238,-0.160324828413325,0.294434752498197,-0.0518789629366574,-0.0001316146817145,-0.151410697214168,-0.227863668008732,-0.310720823647581,-0.428920940463049,-0.0580555796616931,0.130838195616496,-0.355365672525753,-0.463958852823013,-0.291972073674213,-0.173349191372763,-0.0452372422913915,-0.163586706687778,-0.210678167809782,-0.4351675927175,-0.0207043202744102,-0.469309917762106,-0.439864295957295,-0.264775683514361,0.11448369184907,-0.40309605409687,-0.165661046570553,-0.526335149359604,0.278266538538235,0.74954780964242,0.532425402977404,0.617611911998845,0.012664643972784,0.689894477520223,0.124096604609202,0.207309181909848,0.0870282667276004,0.214259053527331,0.625099417280239,0.159688269545027,0.748776742611083,0.251104987887065,0.213627223252752,0.124013503859293,-0.0179676118747297,-0.0900873237966384,0.0968082787533893,0.0215167356392537,0.170565039205215,0.0544554196157465,-0.135075252620099,-0.19629693857763,0.0859215890861213,-0.057395156652534,0.168434070824063,-0.155285778887374,0.0267276079776493,-0.189971436661597,0.78741348104124,0.440084678941118,0.171778943992902,-0.229302765180587,0.180515016358605,0.0214583808574238,0.669758441151984,0.445776496175157,-0.0026488398881724,0.0930935748641042,0.0009794736065302,0.0370241277522652,-0.203106370026293,0.117774716513208,0.274283053393218,0.277059814798025,0.198914303098161,-0.0270501944522293,0.0833215474041068,-0.0393117487738724,-0.0194153252019731,-0.437069613407228,-0.43508439008124,0.250026010980991,0.1128770376006,-0.40964565962138,-0.254704637130085,-0.171438911954334,0.0447373181523612,-0.224105492799396,-0.184224872483268,-0.331911098170731,0.182096857628461,-0.234654997685583,-0.0818005986822125,0.0310682057757704,-0.39399738089199,0.433468789153107,-0.616725401468523,-0.503577213989771,-0.313954101783252,-0.50534404849522,-0.0068378786828339,-0.552412790491285,-0.0104262759173923,-0.162353323588167,-0.105767188125688,-0.0191425909227234,-0.397233960357289,-0.206684086059892,-0.196571727223892,0.167094830089804,-0.374524752261164,-0.440350115425965
0.387897698225235,0.538513420515957,0.16390706096523,0.392857974597098,0.0308031951408935,0.764434946733252,0.306042475955262,1,0.278551993645304,0.644110853163023,0.0676892338329494,0.553356881403626,0.725376244181623,0.0410558736416026,-0.0364623840290642,-0.0065950196961897,-0.114950616560617,-0.168740743719842,-0.1063933355648,0.27674931187438,-0.236753394574483,0.10893898828205,-0.274791055015628,-0.0116037106788971,-0.347080034315257,0.0286315990878945,-0.187851701398826,0.0444318141574072,-0.277713295028311,-0.36305659512613,-0.286312958372854,-0.217269759108244,-0.408668683463059,0.183720903020538,-0.236469349442322,-0.0210566598696416,0.0260584871284257,-0.226430140120742,-0.250477051173045,-0.225644943401169,0.0672150288123729,-0.166421702789856,-0.0580037804285539,-0.0577231234423258,0.280783405159744,-0.402184195032104,0.16023669444031,0.156856592226059,-0.20783100482587,-0.325951549028524,-0.394539749231446,-0.337429578393952,-0.263025233118075,0.0021650249063483,-0.514844671901757,-0.0221015131215592,0.0022130497946617,-0.0271027457705831,0.172584624535787,-0.35119621406665,0.0572492898584732,0.218101427870074,0.132240917196895,0.0852444170770803,0.0342265165575499,0.111561967438687,-0.24572300215746,0.0895786733985904,0.0075636433139715,0.101833783560692,-0.0041541449742899,0.214331345212031,0.0888712355655076,0.227104477547138,-0.217085264844734,-0.146845955144354,-0.0520083954950732,-0.137763458821394,0.0494771376226751,-0.0035439377515887,-0.0308539260815799,-0.235621504642455,0.2228426854519,0.107344729220515,0.707483895262101,0.378352167777807,0.203819914186667,0.523325553937892,0.0789142449527832,0.557465966656474,0.1905091299716,0.665830916872443,0.409915998000385,0.455975160492823,-0.0279195100049893,-0.0008302887812233,-0.0697695482099836,-0.117384736019649,0.0007864505697627,0.0184319114133933,-0.0456210034136022,-0.0367788169123059,0.0722330257418399,0.250165514751465,-0.129987083823263,0.272829312329721,-0.32147119868651,0.122176407751103,0.237171138942433,-0.37509214096446,-0.236352945211639,0.21846849631518,0.278539377593513,0.218703032523737,-0.528741557165153,-0.0413094393787302,-0.493559153915089,0.173998505953768,0.283222890114112,-0.3027890422692,0.0539063831137462,-0.13060746198192,-0.141653295975982,-0.180100390501394,-0.0596998923937743,-0.185292816633559,-0.165225333206964,-0.15112481507792,0.0423241985307325,0.286932273602832,-0.344176506289965,0.205978910520539,-0.536573424373971,-0.457197346833679,-0.332343522991926,0.145604537806576,-0.488604760379603,-0.209016704673225,-0.505364780371724,-0.389375141913932,-0.0238489086408414,-0.506041668398633,-0.499898886130552,0.117904010203773,0.0525181303006173,0.0394782906989132,0.318495753686589,-0.260832028730181,-0.131175125333672,-0.385418196048971,-0.376693975739595,-0.007755035172127,-0.217237219629933,0.242550682816257,-0.0758987195853194,0.151363754493129,-0.020752793514004,0.0663197333678156,0.113988277510264,-0.0387292206211857,-0.236524236412252,-0.156777422466728,-0.171056955043664,-0.0814097425168532,-0.206190970177499
0.664953057829982,0.495114018693449,0.339142919817289,0.875317194757659,0.52824634868334,0.349416706823143,0.323006976390143,0.278551993645304,1,0.476173625698686,0.872066666079956,0.780339429775768,0.480819181169748,-0.202019772073524,-0.401046051250069,-0.185118861657181,-0.231959380663267,0.0005171806710043,-0.19161583287647,0.123764738346405,-0.0364329906726857,-0.270768669563305,0.148548031072242,0.0927248075075171,-0.0551896819439299,0.424044873338625,-0.0153722028640043,0.376492404097333,0.0343597622390336,0.0505311598225021,-0.0066070381686447,0.354165959741634,0.163310950176838,0.249474037883625,-0.188731893311247,0.0327804565990276,-0.224787251099015,0.0403350746542745,-0.312183879599485,-0.176410698180346,-0.134158715197227,-0.0905270143353627,-0.0980349079904697,-0.406519882411343,0.0055105286566239,-0.171887971678533,0.0181296654365132,-0.0294959617701077,-0.474811981739615,-0.0979748806663207,-0.207336760793899,-0.342191476041788,-0.296555832714834,-0.390625037063415,-0.441660106854678,-0.0547499424767364,0.158918987911319,0.514749873486791,-0.0138031804585894,-0.170674229219659,-0.201121747986698,0.102388062224723,-0.113787247007574,-0.0526025558379346,-0.135028954856145,-0.0949227358892674,-0.116347479236717,-0.0777528738979885,-0.0829351451503897,-0.0947635838662204,-0.230458217869029,-0.164973507644632,-0.114822602617857,-0.230398320119874,-0.483473095964384,-0.439691017664298,-0.108831936780341,0.376613919137558,0.114670812290823,-0.0598343732453138,-0.113519254513033,0.207472239824185,0.333669861478788,0.469807748524802,0.484137661330125,0.360865674886477,0.104565630589947,0.163151392281068,0.744171557722679,0.546842056235199,0.795361547881135,0.206844824985552,0.819192134759188,0.395262200850144,-0.34417580279061,-0.358308560535834,-0.0739520723195046,-0.201153583119198,-0.209031108777168,-0.133526334165104,-0.179677946631906,-0.0638316665199915,0.030663573199611,-0.116140353150038,-0.0634618079847525,-0.220691755679807,0.153642779608843,0.29716438845688,0.123349047590253,0.0417009586836045,-0.15282982716341,0.295828305905167,0.0353653343030064,0.136446894476258,-0.315939323168742,0.20345275122003,-0.250260961931337,0.24772431191304,0.235998886623173,-0.308883048111438,-0.0503852159528332,-0.326163323792993,-0.350156587657287,-0.0842804362804546,-0.210914061850259,-0.0475914982596922,-0.0929876259173966,-0.0050285744463748,-0.0577208543149077,0.0372634919682075,-0.244219306529024,-0.110394122127851,-0.607210225072201,-0.652370120816954,-0.0934236653050812,-0.258411227043114,-0.339736633649468,-0.66493727821444,-0.424533042095754,-0.138057495385562,-0.516422502337187,-0.56947865657505,-0.543306274861669,0.629028379915937,-0.132226858787763,0.0065582019531454,-0.23611300900123,-0.534469235607923,0.298929149470899,-0.383150828605539,-0.272873480061716,-0.145013570723631,-0.379540660401591,-0.0176744274680529,-0.167245484730566,-0.0604430746222081,-0.2620933745837,-0.213149002113877,-0.148789077086522,-0.211158781341051,-0.308664548081185,-0.34792666759745,0.249429038111196,0.0149201582487878,-0.115944007214077
0.74198184197305,0.773792547590178,0.611562617146765,0.499717028862599,0.272215358713366,0.529243958930226,0.812906797471122,0.644110853163023,0.476173625698686,1,0.31165652135947,0.567098137295175,0.824494191322489,0.254274996246758,0.0606553460036008,-0.0017416749027577,-0.31570971631189,-0.332837423597634,-0.139732223617406,0.242103424489029,-0.187600075977266,-0.0902984154222473,-0.0616393051580386,-0.10330135917628,-0.301632945580459,0.507365595005202,-0.0218487784992412,0.522237992091561,-0.284288615006334,-0.197080642348183,-0.054930153492548,0.0464762003762756,-0.168682410666676,0.369661429812015,-0.227463137686569,0.0051201022949883,0.285687717378743,-0.337019036176423,-0.370723773850838,-0.201923889287285,-0.0461482602192242,-0.308692682539911,-0.274487500677597,-0.26679631304537,0.180084138726714,-0.344191705157436,0.0368367385551831,0.232805499557125,-0.472606379044174,-0.211107253950811,-0.32546379312746,-0.293005444142758,-0.423243846943621,-0.186803997346692,-0.416153708702634,-0.049305164190208,0.134384691032907,0.016238304484699,0.0158273328444219,-0.24442776423185,-0.104934013476708,-0.0169549581406342,-0.208632376028873,0.0602595775988211,0.0371869333586152,-0.169265987955452,-0.342000449551472,-0.146094350539025,0.015593594186861,0.0558779896324998,-0.107505246602847,0.0115739925387439,-0.212290036506876,0.0793417246244944,-0.429958961210056,-0.398639265392457,-0.131594693179949,0.161100938039747,-0.184548516786172,-0.0347868129309741,-0.364512407247156,0.173362411099564,0.739761096517542,0.558347929588989,0.867112453771706,0.247691000782143,0.618181607737811,0.38658354381846,0.286855198171658,0.379226307673518,0.364903004227536,0.8530759973688,0.416952589397414,0.813254633425268,0.0850037284627932,0.116658472895192,-0.113632090530704,-0.210727407112171,-0.240278155481959,-0.100234864683772,-0.134392964602889,0.0116377061879803,-0.0601153195437981,-0.0837092102010489,-0.320913430472659,0.111219031968351,-0.263623761055141,0.0888856761942642,-0.073725361629185,-0.186146880488873,-0.285100476003867,0.694840957494469,0.334373896896003,0.0432614146274134,-0.537420075959372,0.0181648281592201,-0.310711405429581,0.52110440319291,0.424481804820875,-0.246104933741676,-0.0371163496017735,-0.161481861858835,-0.155699073096152,-0.370221541764247,-0.0541276791309891,0.0153838731095427,0.0627638959268662,0.0390546440627307,-0.14961448555558,0.123584637551204,-0.261713130331335,-0.0340664470018836,-0.646166928548275,-0.625168810729713,0.0526160220592119,0.0926755663465054,-0.481869847696801,-0.352073850362327,-0.411795013240499,-0.1301548887158,-0.270323020158285,-0.483460833905371,-0.52668395957176,0.277146445709575,-0.17020227022801,-0.0227728619425535,0.110157568294537,-0.443242462412502,0.314092123942938,-0.629172756205078,-0.475578560478632,-0.199534701727725,-0.419950914126843,0.168553114140974,-0.417906249192439,0.0718531586766322,-0.160677332675349,0.0790694872799504,0.0887693174160534,-0.208946960436926,-0.209370071245978,-0.221579169923946,0.154614702727625,-0.238885555590638,-0.378291275201362
0.638800567252776,0.201690203110193,0.189339219633314,0.761292172132251,0.618910527382973,0.144019247207244,0.286113478127653,0.0676892338329494,0.872066666079956,0.31165652135947,1,0.708305602916377,0.376744097213005,-0.264625367230377,-0.386630045153038,-0.15033325252308,-0.14110788502672,0.100471834720939,-0.180369440153865,0.124678328527284,0.0366285849377259,-0.296060263634994,0.341421823183531,0.262459278222089,0.0670499086512051,0.382044267119926,0.0713732820973215,0.385338659287659,0.169458574312255,0.220190340557618,0.0671958839030464,0.418854487703495,0.370513401687554,0.243328368489132,-0.181109332740074,0.113351160353605,-0.196672257430951,0.193037904314174,-0.141580671325965,0.0064826847853647,-0.0585785551637463,0.0671779999817408,0.0754376437939588,-0.40535863290395,0.0346486536092445,0.0564821526579441,0.102211181732382,-0.0830919507036879,-0.485695708716341,-0.139441100933791,-0.0815995235642113,-0.357000169808512,-0.376031273782028,-0.51695407848236,-0.357974966777483,-0.148240297755376,0.113491013659518,0.543631085638698,0.0057159929586177,-0.137908612016734,-0.199776203128588,-0.110860940750581,-0.28484189005516,-0.195839010070509,-0.122342986028718,-0.212261735405162,-0.219102940080217,-0.244398249997943,-0.215240858058606,-0.113358540484569,-0.207493533956572,-0.347291284927184,-0.313517010928235,-0.300140126663647,-0.57635979985117,-0.511058265342332,-0.3041381363868,0.367455357382616,-0.0827245034088706,-0.234415468440416,-0.230443993844335,0.306632529824724,0.292380324443716,0.562347719756677,0.293669052934983,0.457269293837797,0.141417875788953,-0.0482106414323104,0.80909261687564,0.50150366140264,0.800180932215101,0.0678441101259378,0.769344802778757,0.338668847710652,-0.385708870068381,-0.427833858348776,0.0362866880740565,-0.146509127504017,-0.158735433340619,-0.0386833182299383,-0.182260953401865,0.0313407446466679,0.0322385783411173,-0.106477553291478,0.0100353717760355,-0.336883122321955,0.317595481182598,0.281471291598012,0.203316162515129,0.205405680363238,-0.108661897932891,0.275597676350556,0.21300800644743,0.187888788803618,-0.179981642475823,0.268036648698345,-0.149225447347855,0.231785767406379,0.286123749814705,-0.117262761996157,0.0753556196672063,-0.168697681084728,-0.227615402682368,0.07764331439086,-0.0477629688610914,0.158677501683282,-0.0440714519447741,0.138347669193391,0.056196648215136,0.0862447933072834,0.0266757342919489,-0.0479324955750578,-0.456712557366364,-0.573772914414622,-0.0527528396385831,-0.202549882181532,-0.358387120458766,-0.602406445356112,-0.255185127354409,-0.0495132604690932,-0.404579914430743,-0.47937210754797,-0.44820036603022,0.743301565794239,-0.141834252773293,-0.180725257826771,-0.198835217357262,-0.511718602441008,0.48338997942243,-0.338271309362432,-0.300775185035926,-0.107805153348097,-0.419447608162531,-0.0550274577072198,-0.177798823132022,-0.0891430420299168,-0.130701388433016,-0.311854987147978,-0.179269508849813,-0.291379176092216,-0.33167945128474,-0.262636634758272,0.328127261944197,-0.116730102386001,-0.116806321477765
0.654288966511158,0.372428650253109,0.145166880809068,0.785390402857346,0.43574944804816,0.527061649706959,0.255711414209282,0.553356881403626,0.780339429775768,0.567098137295175,0.708305602916377,1,0.776856608499667,-0.19414235296704,-0.369980023534019,-0.282502218251417,-0.399768368404521,-0.250584163252471,-0.409990589537137,0.1497390882982,-0.293219707939092,-0.207733697857938,-0.0090518407683442,0.0579729120598889,-0.278338582403879,0.127914361195526,-0.0827277832788002,0.238091482224679,-0.0523859329837682,-0.164817137283804,-0.1565016264718,0.183903431281748,-0.0843795351048532,0.275280947578893,-0.248838395780582,-0.0554321882727855,-0.183254365410274,-0.0866541503001397,-0.266169236282794,-0.286020637910419,-0.142735395604817,-0.214270892520041,-0.140411121574694,-0.310563420426586,-0.0032944661145823,-0.280602593292389,-0.0213209071107231,-0.0074740337099642,-0.356515560257784,-0.25962766354936,-0.299550487064837,-0.425166646832206,-0.26304064338326,-0.263042158236991,-0.458822368439821,-0.0111060728965102,0.0667466338470817,0.430077460106353,0.0404075683019689,-0.280357743451412,-0.0467472195527171,0.0462259646687345,-0.0543699259442779,-0.0834695431127393,-0.110026753015884,-0.0222798164772699,-0.196691193171192,-0.125235153470541,-0.142432202765891,0.0463962810941043,-0.0277356571632645,-0.150526995380285,-0.0994576158949607,-0.140906038571218,-0.41684255527341,-0.320667407595816,-0.184928817550296,0.144531495201868,-0.0100322991545939,-0.144685980298577,-0.121342651858101,-0.0031049975727466,0.279678196583376,0.461124449889794,0.594547301215944,0.660665266486946,0.122381816366454,0.344621976622094,0.712183081936226,0.734378286506024,0.813306250528905,0.456563749921582,0.859976638826965,0.529811849198152,-0.281608256660394,-0.204768035220408,-0.2289200772188,-0.351629919677361,-0.348002005722109,-0.244745318011818,-0.368813784962574,-0.152331426080832,-0.148724200843648,-0.0406898481672329,-0.20940583449277,-0.18751843201038,-0.0021485696274485,0.142272143438058,0.248077286839612,-0.191657100064075,-0.370503304205993,0.294963109069862,0.286542185176605,0.144332635259166,-0.402900503326112,0.141267628192876,-0.374870704514851,0.23070329374975,0.394053818017272,-0.270382635504613,0.0681381426463321,-0.197538393099742,-0.319638786382259,-0.104536864118818,-0.0051440533384309,-0.146785072595036,-0.245524046684224,-0.111124068078977,-0.133581616023881,0.0667187935009338,-0.16702559967198,-0.0413673331884186,-0.573791578453471,-0.647991406837653,-0.203636942012744,-0.165778865170291,-0.480449516191887,-0.48496123215547,-0.398650566755195,-0.164532444406147,-0.28547359142211,-0.660024793193511,-0.57434940259429,0.653824643290515,-0.0574945330433296,-0.128334172603379,-0.0401393848845589,-0.420542465690083,0.348542262888912,-0.422108790801212,-0.336360839996534,-0.029184315498965,-0.325824428206527,0.0881880238156317,-0.090074868999776,0.0515181378929983,-0.0888781357901125,-0.150171071008048,-0.129219866973132,-0.123472982523549,-0.369045231050434,-0.314242654163178,0.0924075338962143,-0.111467470783266,-0.16763969186394
0.748229359282512,0.574993650120505,0.320228913702413,0.622237039235674,0.238090211922868,0.644458002025979,0.527025468434197,0.725376244181623,0.480819181169748,0.824494191322489,0.376744097213005,0.776856608499667,1,0.0950148540331057,-0.131043386223298,-0.140932164147679,-0.435562413877322,-0.447444971784965,-0.337507074830648,0.0955804625961246,-0.301905290416325,-0.157640129458045,-0.133934996536069,-0.0877742552649459,-0.371462617629141,0.241605084488638,-0.121323994705742,0.340806285102551,-0.227752967181515,-0.318566818949394,-0.180957595458651,-0.113483383261295,-0.245895137828095,0.241007686261734,-0.298484669693291,-0.103903209710514,0.0181986021869971,-0.314300505880093,-0.366284728695415,-0.231861637981875,-0.0740047307175018,-0.277436771284444,-0.219525638412609,-0.272845199023234,0.081553375003444,-0.373585801846868,-0.0659854745940539,0.172579616348819,-0.40129201539487,-0.307986876045104,-0.374981629729624,-0.309051241651455,-0.343779216542505,-0.183753872218418,-0.396913624876059,-0.0818296021752185,0.0133292470213415,0.0539288698359914,-0.0563148039204067,-0.251710786856403,-0.0402784645410946,-0.027981657055681,-0.18221068086261,-0.125584703981673,-0.152225102721278,-0.177313807655661,-0.343725675673671,-0.156288659811473,-0.0393675069330322,0.0410535682045722,-0.0432470857425746,-0.0360757701045146,-0.14664074912541,0.0349718455396755,-0.355798825955877,-0.34302173728218,-0.199539752955561,0.0643958142622886,-0.189460028371209,-0.0889990801525099,-0.33161363730171,-0.0026171057108495,0.577801443787098,0.598338542495546,0.826980205863408,0.601632993251014,0.422873757107134,0.331175138343037,0.420995131301799,0.645112242950895,0.514396646626346,0.804265580699989,0.612383405311203,0.797983587894665,-0.108175668710482,-0.0320571805216219,-0.190094742690265,-0.375680080818714,-0.365091011919249,-0.17589258570404,-0.312172262789971,-0.0245806600022604,-0.269932934078844,-0.0885570942490736,-0.36491628085588,-0.0435044970474884,-0.225346058169711,-0.0058213611529951,0.0173866137031553,-0.227738068167478,-0.345888130074268,0.579685829192405,0.352517187981499,0.0787800024285179,-0.472414064423112,0.0007463765602676,-0.350813235687817,0.41966376661681,0.455093499747373,-0.183371452654093,0.0235624663585777,-0.217099534958314,-0.337070378410734,-0.30540138792057,0.0066124484333464,-0.0248268020673915,-0.138508710899012,-0.0252064159710104,-0.158058876304521,0.141873594299568,-0.157523683682141,-0.0703425886814105,-0.537075254115396,-0.573353282665101,-0.03609295601314,-0.0056088545792658,-0.445389469232777,-0.298170087894138,-0.313322547349636,-0.0767180800482234,-0.132280753325086,-0.518083803257313,-0.44547729894528,0.417559406117957,-0.0955271144390408,-0.159921211401887,0.131469712600729,-0.318087990573407,0.332484326229602,-0.529383763155257,-0.367528492256279,-0.0529590305077091,-0.224553013555783,0.114297846480874,-0.241102062864806,0.0010439255788634,-0.0684688366739889,0.0622060868686806,0.0250916875594973,-0.0957502470612112,-0.197699736022869,-0.167935069790789,0.0932568449184919,-0.223259828909332,-0.300819222651436
