1,0.792452954651449,0.430920810989519,0.785894226778033,0.58783022043514,0.582178482779934,-0.0392920597463783,0.781252083247175,0.720677405566514,0.542783778880741,0.693906307386581,0.835518794079419,0.698471470918698,0.165510499994724,0.133361576861785,0.122425031764435,0.291643218717791,0.114908159091306,-0.0358136079521213,0.0802161338653904,0.0348196304358482,-0.0431306352852689,0.262036276969108,-0.0444507693849842,0.343799505068663,0.171763702022478,0.0998350888299291,0.154307145643644,0.13897099986622,0.0917464296100746,0.178216761370755,0.409630320806407,0.158302217035583,-0.142915113480935,-0.0621083796477288,-0.0603306744139364,0.0801556628000207,0.285331991251071,0.116472234004156,0.385737563120667,0.0006279629598044,0.302865467425259,0.185219089750122,0.0610447049025731,0.0712396992368643,0.332646436155757,-0.0950771141219887,-0.0111539736968519,-0.0457485253323976,-0.206757447412789,0.0384541617673357,-0.151925476495745,-0.351525513759241,0.0279390286532331,-0.15392359905125,-0.28697109466493,-0.323581179551904,0.294671837282593,0.275252818046483,0.0815544064444334,-0.172130274910929,-0.0882067327208762,-0.345015438404798,-0.249147432585443,-0.400017080958724,-0.0484399762255409,-0.119081078046761,0.0617807404582045,-0.113063937792751,-0.251965557811214,-0.0643167801481797,-0.0087774450101233,-0.112398480254776,0.127731972625013,-0.338825513393871,-0.122301046833664,-0.144685817236011,0.247718163771955,-0.158652160067462,0.151799903713053,-0.114510324401223,0.387733778521122,0.184277745884554,0.639144899046711,0.805285892975034,0.760116710990784,0.478934111036876,0.320709835861569,0.56281486898686,0.561488769556912,0.619988793933188,0.506168630134647,0.640281394368062,0.0703584477897637,0.0919941496055648,0.0609560269894402,0.262368801621761,0.104836982016504,0.264693781490301,0.21239245590924,-0.0810109762806744,-0.0019525627120647,0.109473061013973,0.220210933476131,0.0799119757922072,0.225409744297292,0.235465432019856,0.152533568856984,-0.0474300186622776,0.120998594947175,0.273503780975528,0.0382560236623254,-0.229191790801092,0.0712362825464579,-0.22933225583735,0.153322871705881,-0.178811662584814,-0.249637540919186,0.122863082900791,-0.164250031226033,-0.0624713467331,-0.26149912247198,-0.141907651269008,0.174303875756054,0.149417464565152,0.276543681144178,0.177363739925559,0.1180650032946,0.358838602626222,0.0881650378436701,0.321834228876317,-0.0369556453680571,0.0176277625511786,-0.0001664352342944,-0.304439979058685,0.176632958061082,-0.30218288073108,-0.148882742135775,-0.313182450884899,-0.442164312501552,0.113514237443895,-0.236953236489667,-0.358724894840946,0.360061503106059,0.334554565633946,-0.013347784285582,-0.11583217805384,-0.370119504062389,0.0387884762575835,-0.146520141322743,-0.0901585151805644,-0.38449442189536,-0.157937564886526,-0.0871440085836723,-0.24302392248825,-0.164891592119155,-0.0303949575330285,-0.0409093930398627,0.169863231128748,-0.262540950116288,-0.210715461157886,-0.210930200053048,0.118781997119851,-0.0398279854655309,-0.0343650169220293
0.792452954651449,1,0.297647467888912,0.78204783098979,0.549687637834365,0.820927815613694,-0.259134471465587,0.814193653776519,0.728324064699815,0.289661394323395,0.72895712605907,0.814990257413963,0.673781149013014,0.0265457664118739,0.0274905783342982,-0.0626793754221277,0.260137470536271,-0.0221084110280134,-0.0628551414259595,0.0252139343386616,-0.28187737331505,-0.308586023059112,-0.0007611025102332,-0.319144628903335,0.20438941542548,0.0404560032806496,0.0624950529023481,0.103145099313833,0.0751416293150877,-0.0825155811812836,-0.0068326150522198,0.404746497271206,0.0825184488403562,-0.327233154018262,-0.143022287212956,-0.136280637105244,-0.171572641396958,0.111032201734296,0.0205874506048261,0.323018215838051,-0.101429108884578,0.242399820515188,-0.0181193768950238,0.0692634855940583,-0.145045989886149,0.0716138289581742,-0.308440406030306,0.0391308786828598,0.0970608292635631,-0.116570381529732,0.0384790087153332,-0.131294232373897,-0.278548657522378,0.0911616929353906,-0.13071467193182,-0.285509073812543,-0.323056120789476,0.259666950041647,0.233530041599361,-0.129025615143566,-0.245464361759573,-0.332080605471881,-0.338463553826462,-0.409246164209421,-0.41832007875669,-0.127309730489343,-0.0832422864522697,0.0024487502407359,-0.156997449873687,-0.324559650590172,-0.193523484533487,0.0033268914698788,-0.0487191079607925,0.10367191630985,-0.236148618297835,0.0446574904502583,-0.0395220829150615,0.157390171622906,-0.105095693399509,0.191580035221189,-0.147224071497416,0.0723149972947819,0.0468833301223513,0.428583956516786,0.881056724826536,0.765801891785761,0.444673380483206,0.620662614250605,0.525754220685246,0.73156060930899,0.616063280823181,0.540857435388446,0.696826642028851,0.0424897681121402,0.0304068198791739,-0.0436339223974709,0.11672934465757,-0.0648813423818217,0.259472666247772,0.207866261451135,-0.001691246720228,-0.213440489716084,-0.0210657488950849,0.161552863056044,-0.204316928443507,0.122799106863205,-0.0460665036554032,-0.0389628635933962,-0.252841118593876,-0.134223089344518,0.0584603462601376,0.033597382459954,-0.396104574130532,0.035936621211306,-0.133908609108414,-0.0370780516616639,-0.128836335781389,-0.238627279327834,-0.10185007894808,-0.259756068472819,-0.147826942157276,-0.219896065465578,-0.282592484621158,0.112368280707163,0.161496575005782,0.25615116727451,0.0705126429220389,-0.0275887170345405,0.201350655413405,-0.160312872962786,0.0587925716637273,-0.124697228976292,0.158486957583048,0.121940001482715,-0.288220250594077,0.105506524902119,-0.294906958342263,-0.0315424458770205,-0.216239787499707,-0.431925616968853,0.0788229835047509,-0.102014564248668,-0.242532013383117,0.299863402274079,0.219089075964271,-0.0380519727900947,-0.047728220365601,-0.351638211076819,-0.0880159079342543,-0.195343828311863,-0.0449915900964801,-0.278797227031117,-0.287172434966615,-0.299532156879158,-0.276359701991071,-0.157193281587503,-0.179276987204209,-0.0478280397107884,0.108480212634866,-0.233434002527605,-0.155932788673943,-0.16192909293615,0.0004132777437913,-0.0768655463625687,-0.123719934633255
0.430920810989519,0.297647467888912,1,0.291534664414613,0.345924811831407,0.220773683937137,-0.118199200078879,0.304740950997086,0.313969751204257,0.64010976797788,0.35092119318037,0.352175175657634,0.73999643097083,0.0324275487568641,-0.147317912806677,-0.0352220710999891,-0.148648696452684,-0.087868858372449,-0.387774637381286,0.196687235070873,-0.0114930904513919,-0.0201218713377814,0.512127842707773,0.228348721797293,0.322061727914078,0.739166997074119,0.758923981334607,0.810351185991829,0.370103035795274,0.519355276720546,0.754446900408723,0.537646291253221,0.557884071649933,0.371901926297006,0.282476900015995,0.488387404535432,-0.216771047750875,0.308863887895896,-0.187166098596591,-0.0319273144000053,0.215531176697555,0.166761191777574,0.331968945695547,-0.242664728755194,0.081118326325589,-0.0785421506843464,0.30088508518136,-0.2163750663427,-0.393448798313844,0.196444374916682,0.577791406233088,0.176473234501881,0.189869169159043,-0.144783693224048,0.327210455474466,0.414004515872969,0.320814893825151,-0.0085359739458428,0.118207237940671,-0.2343601942568,-0.193209627340935,-0.26019186032682,-0.0878432109671844,0.0323695514483273,-0.315909323105171,-0.479125718400018,-0.37564567573317,-0.136284031906786,-0.154721299242155,-0.0388861320660147,0.314197085269849,-0.344728708509574,-0.577884848510615,-0.309391919128997,-0.160915361658608,-0.458597138746502,-0.304837121859561,0.0197597397354852,-0.458081058579548,-0.314881145732997,-0.454424569656428,0.263371118111722,0.500056759605417,0.177745899088829,0.249339865262079,0.455166105000278,0.5645486192464,0.104976796911887,0.311383583358014,0.275612627691548,0.401778417593919,0.460796004966385,0.255545150308417,0.645136947156695,-0.272979617266884,-0.111180859895712,-0.0893155380605214,-0.166956472240909,-0.0583753526137575,-0.131307219777208,-0.417882757177687,0.0588581520733829,0.0540826843598055,0.0182839018407786,0.054654691050923,0.102397837120223,0.109001237719106,0.409302999061272,-0.0882881252050879,0.238985489283757,0.301329264751153,0.53268298100764,-0.220428955699663,-0.0901003953069243,0.284721302321747,0.579695530542882,0.457219003979353,0.488535802749936,0.690405797016493,-0.213451499109755,0.430091449968139,-0.0745092484568499,-0.388612195136554,-0.124405270679908,-0.220623633199873,-0.116323234796572,-0.104232173619342,-0.0201532454440314,0.0122069905643628,0.0280923680423158,-0.0735948732168805,0.133631422687648,-0.384067222977746,-0.0441030348172284,0.0613073077388968,-0.322865788413076,0.199454049309562,-0.176825063585459,0.192825509482299,-0.143891123646455,-0.308878327124256,-0.202994892589912,-0.0293032565544556,0.0172634596106663,-0.0573760738710663,-0.387040031546517,-0.49951433680947,-0.330715505331761,-0.121358688851848,-0.486453348066499,-0.495157646163375,-0.5642522751986,-0.42483762227498,-0.377128157420795,-0.112571430668036,-0.30879677637226,0.0997238840202865,-0.518436305443331,-0.322592262626118,-0.520196824447372,-0.525787827889093,-0.502687321982975,-0.196505296610643,-0.370451222518042,-0.332587385549702
0.785894226778033,0.78204783098979,0.291534664414613,1,0.787565189460145,0.590438379884203,-0.169421333930987,0.682184452608323,0.850613061388435,0.284718657259432,0.845998005881605,0.849334637654436,0.540507315747482,0.297459883228752,0.279883075479274,0.224037640667918,0.474251461362541,0.333036122549371,0.0031880634040896,0.0772439553787615,0.0429867441268226,0.0459643877282724,0.0657525561180003,-0.0770870059273322,0.19558498928955,0.071251764718908,0.0557462225391886,0.0813473585310176,0.100577993235446,0.0737005400075253,0.119482887671895,0.394867446713736,0.0054865663041684,-0.337169214481662,-0.148777949171909,-0.0135214216695914,-0.0826358714796074,0.210494413341218,-0.125390944466526,0.432277947402075,0.0221935692604355,0.481446913298009,0.0814369101667195,-0.113994856958751,-0.0448973390124138,0.188680468995742,-0.226342416445216,-0.0163923429988479,-0.0760089979008565,-0.118802797963659,0.0140195349425543,-0.214873357944629,-0.351360241706799,-0.0446387822365131,-0.23193298456456,-0.301171819903477,-0.415664230038172,0.2758548597495,0.282315880909767,0.0496488333484776,-0.199577902596733,-0.119933020821904,-0.451388715374579,-0.398079275366067,-0.476571902496357,-0.0959967173466159,-0.140348431234116,-0.0308475762933665,-0.0811735665968207,-0.383478781079933,-0.309373351046958,0.0133470085213414,-0.109940408483085,0.0871331155706506,-0.278695853761274,-0.197488561798944,-0.144647298944491,0.294751380404659,-0.0175076384772212,0.181159376422015,-0.0750243845807715,0.140037729791534,0.0002933486551143,0.509174674653199,0.851644443604347,0.86038283678676,0.283226078909591,0.387959812805233,0.715146258643852,0.709447445145745,0.811301204840017,0.453092843886944,0.8270180092473,-0.0307583560106519,0.198682169061453,0.136107094601246,0.37324164442565,0.191210171915446,0.29944276425322,0.434161795555227,0.0100828782032468,0.0190820763591965,0.0460289527472576,0.29415312773583,0.159081436821907,0.110517035337647,0.137790296973652,0.0415250999205899,0.0228008371866458,0.112567544610459,0.126530988509945,-0.0684248210052851,-0.407155976739669,0.0768943534714757,-0.236024252529788,0.0711403877701032,-0.0846474363765875,-0.219147578959887,0.027222355955075,-0.139424820175868,-0.130573664340866,-0.447746425767035,-0.210562062414341,0.0265712150186854,0.122908803807816,0.233070971147515,0.158592565255785,0.0735831858379501,0.286874016259762,0.048639531425439,0.175694630023772,-0.158296139951273,-0.0119740640201072,-0.147666025538483,-0.253706957882247,0.134858802969357,-0.3604726640498,-0.1950533560141,-0.319033771035541,-0.468163231927477,0.039415080187728,-0.27346641079081,-0.40211524220212,0.365858510580779,0.359271140673237,0.0770474743264226,-0.0831279227347375,-0.392622885623112,-0.096947651061847,-0.205239427977735,-0.176674167934991,-0.279961731824618,-0.225622376793236,-0.0767734504194339,-0.29863889355522,-0.188966643428995,-0.368388660600627,0.0148615181473757,0.165646706622046,-0.245910493337898,-0.209986767958645,-0.177046069672279,0.165865219902202,0.0166443943269927,0.0459528187240858
0.58783022043514,0.549687637834365,0.345924811831407,0.787565189460145,1,0.482128861386832,-0.263204845521073,0.431876089219226,0.809794299355855,0.246343164834914,0.764947057326755,0.685912673748456,0.391321356381498,0.336034098875823,0.306902716597327,0.261999451294315,0.388093828319243,0.330671291884051,0.023445237244934,0.125335316654603,0.0398132606892987,0.151834338858114,0.0674882118281877,0.0603477460942265,0.139303768973946,0.105614886637037,0.122306255411068,0.178983608316169,0.0655607666668765,0.154379939025672,0.187160324698535,0.375463964639715,-0.0196149347270338,-0.263145191824522,-0.163747924494432,0.113741618064455,-0.206482182885632,0.142151621578212,-0.368542080319447,0.284507349148279,-0.0972339439661273,0.401841282841483,0.0441246039972096,-0.316430629260542,-0.133280794507312,0.0127909583442149,-0.156905070240874,-0.026650936589547,-0.211230644372932,-0.0211722243592122,0.05708380261743,-0.209433133364238,-0.2967401757162,-0.119180503332016,-0.213834350216725,-0.138973359126986,-0.252692282645338,0.262246913427565,0.366311005792386,-0.0684135425261276,-0.131039058876813,-0.0640153856884449,-0.452177830090176,-0.401326164920625,-0.476740266701424,-0.131523516977219,-0.11379962833795,-0.149141074451567,-0.0195788643742519,-0.366393323219572,-0.270465430037419,-0.0617677184145324,-0.216041954862222,-0.0488694174428818,-0.223113315273744,-0.269225310645004,-0.158064583932915,0.475886016868515,0.0342878130823303,0.148213959851191,-0.127742818283535,0.245258298900504,-0.0780209320799728,0.471090241770204,0.627818016181139,0.77314257090133,0.135595332974485,0.302306174564659,0.788739009114583,0.685053281826915,0.794496413198901,0.304139146448878,0.756705425681922,0.0596526794243623,0.104018229295908,-0.001566964578061,0.30732229954861,0.0677678253154515,0.20462122650941,0.30049960673604,0.020230690173363,0.0056401758370509,0.013069154607215,0.172986372540987,0.0462750717169594,-0.0220928438618836,0.0895704315817987,-0.0980455983364964,-0.085987698879765,0.13244673722301,0.104865425997441,-0.0998010586608377,-0.398356747196186,-0.0108294277623054,-0.122574328839994,0.090012790232077,0.0638651563319419,-0.0780070644752783,0.102796450838232,-0.138455885779444,-0.0982166297662539,-0.461568153585552,-0.385617644038326,-0.235412035380504,-0.048281708189881,0.116531824494314,0.0936067331440012,-0.0701755378089861,0.0951033401816496,-0.0296400950309561,-0.0659087605407122,-0.218186919171736,-0.226653466492012,-0.227098064769119,-0.106218091329847,-0.0978964871890976,-0.273456315068942,-0.190531039266087,-0.227914839942496,-0.391425227862425,-0.199606510615724,-0.223797120258713,-0.254797555276853,0.401132725559816,0.401136500700331,-0.0208856005263549,-0.161005419778344,-0.301244457978455,-0.0010573249563822,-0.172659494345436,-0.16788270132362,-0.282812803676572,-0.258794978752886,-0.123900547094812,-0.260613083728168,-0.365559497373418,-0.465058903234781,-0.03303827185621,0.0043688977053159,-0.18795102254836,-0.153964843758247,-0.0973859628108566,0.304308301873348,0.112283475708347,0.013017216689798
0.582178482779934,0.820927815613694,0.220773683937137,0.590438379884203,0.482128861386832,1,-0.170751706254317,0.704435752006723,0.725938877900893,0.283205467885229,0.611404744643029,0.741063548232898,0.554799959736346,-0.169189007127268,-0.0814721039803746,-0.0836978225692735,0.141172466214493,-0.0480864953120965,-0.0761610732790764,0.0150555490946596,-0.47254609150419,-0.291481611535143,-0.0789528255157072,-0.373278129961386,-0.0587602311559656,0.165574125346798,-0.0151159268036529,0.0621682696353197,-0.0491763350671916,-0.118439962047392,-0.0786313458452724,0.320327294779353,0.0122433636823667,-0.321739878775345,-0.287263535153029,-0.191901255071384,-0.17892663775116,0.0478470013878411,-0.0042399192069459,0.142327752200473,-0.183959052520665,0.211537675195475,-0.0185123944377594,-0.0251060156308638,-0.215666495388894,-0.0334221259615149,-0.259008134170899,0.181064979307918,0.0075436076543549,-0.231798279791244,-0.0510878936730106,-0.173006173592018,-0.26128767986673,-0.0601177446725748,-0.202563635082635,-0.321286544273437,-0.253836530105972,0.135662027455077,0.157567886235933,-0.341218201459378,-0.158267225165525,-0.270844608783416,-0.278620516945215,-0.385732122657291,-0.320281176703469,-0.162581865131214,-0.148400288183024,-0.0200406149684494,-0.201495522995066,-0.254621743379814,-0.119080093894435,-0.121218381256887,-0.0211904121659639,-0.0257359072048196,-0.292901748820209,0.0147970004273814,-0.260581731379179,0.125428811659518,-0.0870638862544479,0.0304913933078891,-0.190464529070639,0.0532236922046079,0.183565013500156,0.294073220228855,0.78292262661317,0.628087190649537,0.4546697675926,0.844253438978305,0.476067569660218,0.786595154232042,0.546108426729044,0.472849557891219,0.648171407077961,0.11747895233615,0.0666060637013029,-0.0612289077956235,0.0422561375814452,-0.259647309089747,0.178060215956364,0.141065021693086,-0.0149382966551005,-0.342204536115759,-0.0416818783137748,0.0911526036125338,-0.294691432101982,0.104032063899852,-0.0526314886457939,-0.0758859053791628,-0.297711512404906,-0.246858477319802,-0.196330029210677,0.0844110432868393,-0.251545506814734,-0.0501353243243704,-0.160567353323666,-0.0274661882086993,-0.156910769696329,-0.135762689722794,-0.040627090954512,-0.307325698666949,-0.165944537741782,-0.13289427563784,-0.269228468473697,0.0135932974089603,0.0489793526880874,0.0577225328348639,-0.0333525016139703,-0.236333308735222,0.084138489107707,-0.22164710304007,-0.113000490564291,-0.0125909426294287,0.0221031759669366,0.101814268996358,-0.219166969327122,-0.161161680173023,-0.249747745580387,-0.126884356867105,-0.270208961097645,-0.419674042615158,-0.0635034896548336,-0.114127341457596,-0.121126816687143,0.196553228897047,0.0412683670483993,-0.21551306268502,-0.188596646933913,-0.251767655976789,-0.0432518499466732,-0.144876397859219,-0.0496092255148204,-0.20641954662497,-0.191647863534875,-0.207066457184809,-0.173625354094743,-0.135053466048728,-0.0952453244400723,-0.140720677527636,-0.0648079566238008,-0.171002306340323,-0.148294175383949,-0.0669969764278074,-0.0051863235944411,-0.0863211566920849,-0.113598935421448
-0.0392920597463783,-0.259134471465587,-0.118199200078879,-0.169421333930987,-0.263204845521073,-0.170751706254317,1,-0.0393957713416886,-0.203100467687407,0.431198607011747,-0.159593370332093,-0.105173462614581,-0.0779037390405283,0.0058197116194465,-0.0183324564374993,0.0835392537276289,0.0946123093584434,0.0855368910928965,-0.0251392723353535,-0.199146004481687,-0.001312110399925,0.0426543659847291,0.320291069685008,-0.0211768440146425,-0.270283126007945,0.068786595532143,0.0253147798122146,-0.185536417893052,-0.317723103091769,-0.293671876672924,-0.0404359742545797,-0.169629380451844,0.0107945613093705,0.0432884932453768,-0.258354287728416,-0.280978695867045,0.506732610454338,0.119300460825726,0.311169975278127,0.125177600170139,-0.0275508525036033,0.175712023355304,0.173586036825443,-0.18963906318248,-0.0930616438991306,0.455072241490523,-0.118220287428193,0.228903858925398,-0.132077552335875,-0.21074469903328,-0.293124090618548,-0.407435510160033,-0.273870593000674,-0.422060830710369,-0.333568885378595,-0.234250661361573,-0.324302482943195,0.306229292991949,-0.0222747930942671,0.142977849009921,0.0772161878079061,0.341524480886587,0.0078330034766117,0.141108321913212,0.219573726473747,0.295671837966495,0.201206369136092,0.0029261648173978,0.0209751132771373,0.0506380929236334,-0.0457067501614366,-0.157787956712547,0.0294747976722791,-0.197833789627683,-0.410388384432678,-0.201239561802117,-0.385517270214095,0.0478512043693779,0.163867813267613,0.0143312156908677,0.223288994238082,0.160446392599205,0.255856400375148,0.119530994684098,-0.0787306022400023,-0.197299152959084,0.108470959876005,-0.0873355045848064,-0.304689260592518,-0.350294722735661,-0.101275677905407,0.0118297993878335,-0.0778068268920007,0.113973650900163,0.22054019481886,0.270155090213659,0.116339299426639,0.249380720866977,0.278378167302399,0.194000995557001,0.0288472814511097,-0.124045000399459,0.156131777790542,0.118267285998705,0.333770692017515,-0.0341203905214694,0.425398055094973,0.151866113429407,0.358086932481125,-0.234737679818104,-0.259960899353139,0.199587987829313,0.734127604715341,0.152493215436673,-0.237706140941792,-0.0162428953358613,-0.25980667296368,-0.0454626394287833,0.0779530797169846,0.0807506420857705,0.0463894343569108,-0.0589523590833306,0.395682856989056,0.472752050115467,0.139410872249626,-0.0116550619802358,0.189517274802845,-0.0685774570102231,0.390052950382433,0.0151755972707463,0.439506629090517,-0.108062038998267,-0.0413373043173141,-0.20455208720978,0.0275475378514947,-0.173601176092021,-0.205958995200969,-0.444634690015163,-0.286095429535217,-0.162336275219039,0.11152632825171,-0.271394946057786,-0.268711201270392,0.232833361880759,-0.040178735736874,-0.0980637687559547,-0.32401898785249,-0.184804724926493,0.454163917466375,0.222240692836037,0.0237777278597914,0.0981177335883456,0.286440729664682,0.45609289938066,0.0455587851001476,0.0117887332090406,0.267103607889072,-0.0297367325037325,0.08091541565482,0.0200394480164928,-0.103257155420905,0.013310262698161,0.0928626212253532,0.179579727732264,0.250777296873433
0.781252083247175,0.814193653776519,0.304740950997086,0.682184452608323,0.431876089219226,0.704435752006723,-0.0393957713416886,1,0.562960535242394,0.562501165537401,0.556862511606736,0.794104213484651,0.7506746574123,-0.118121783681531,-0.157276006691128,-0.160260586822609,0.076693214923175,-0.118780414374722,-0.138323016447759,-0.0473120442687624,-0.210837116152871,-0.238791765057761,0.0528700199114349,-0.343238606184033,0.147016540242177,0.023844324695349,0.0333736141366925,0.0643880018723983,-0.102115374160552,-0.236236218657288,-0.054288467480025,0.250354435344441,0.136441732019267,-0.284920916547043,-0.219065946537179,-0.344782310106986,-0.0507054412289195,0.0183548735685335,0.206785341160399,0.196871019389457,-0.118732098567189,0.0961100242632877,-0.0343128735249471,0.0946425687951735,-0.164182228468523,0.212084765103264,-0.295158822666683,0.0636110951087164,0.0943169851096751,-0.381350618092613,-0.13615236356825,-0.217579591297334,-0.306703604609409,0.0161300831212094,-0.260616511016405,-0.394262653237645,-0.407281715394587,0.159519850900057,0.04578214002563,-0.106969908432342,-0.10136795727502,-0.113670060339132,-0.224631920278878,-0.3039683196922,-0.352953677400138,0.0009641546328737,-0.0998802478366878,0.11763036111108,-0.0490237937612861,-0.205991385683158,-0.152164919603961,0.0920957910043244,0.0846126979632848,0.107944284382021,-0.316521483241846,0.0616966964997994,-0.224577311440532,0.038089357783398,-0.0933924505737771,0.0875593007776179,-0.100476955566437,0.141915895835905,0.12544624613449,0.428138616936856,0.826787161314302,0.613969662632177,0.525544876797738,0.548413490090839,0.280466267745334,0.443970969041268,0.445590241029649,0.717809083566136,0.530675989702724,0.152993104524787,-0.0806068520715987,-0.0408309667469092,0.035010028506817,-0.114414179743798,0.0754248403764032,0.0941893606964198,-0.0844317471294273,-0.128282654237923,-0.0377955358692988,0.310697270181577,-0.0611114089111718,0.212516445857703,0.0952792903306597,0.117977081051743,-0.0698057331331407,-0.0682234351716747,0.0899475850742241,0.018046495627089,-0.178664165806517,-0.141284538609888,-0.306816021977262,-0.0656086340441076,-0.334844058822638,-0.226693995232578,0.0179848147073016,-0.277859204365812,-0.307849993527713,-0.195537412646489,-0.131610505181937,0.20772365699594,0.238881486727335,0.108963345754241,-0.0669646542774483,-0.165987530281737,0.182471314936002,-0.165822698698465,0.201288704160605,-0.0683524176044784,0.162561859857865,0.0618685284314448,-0.363931261645318,0.0951204642651929,-0.386424912297283,-0.129396118537316,-0.403571362669217,-0.390681821176359,0.135908153293402,-0.238606225220552,-0.360279582188714,0.204379520563735,0.0222624167210149,-0.11507842563881,-0.209840997896704,-0.386413177012709,0.04345670797445,-0.0852117458990672,-0.0658152590608294,-0.176265038033009,-0.148158435676192,-0.0769427676750026,-0.204589141522732,-0.0791253763647845,-0.100013665989062,0.0299090325023959,0.214594769315295,-0.144110020385133,-0.143399436176406,-0.135711557816243,-0.0156027695134131,-0.0200895483178859,-0.0245494648622348
0.720677405566514,0.728324064699815,0.313969751204257,0.850613061388435,0.809794299355855,0.725938877900893,-0.203100467687407,0.562960535242394,1,0.273439842627602,0.850105103475767,0.801260565714085,0.458157333256732,0.234825155129129,0.307725525739263,0.252795401536878,0.405107591728827,0.333299500376129,0.0473347150328148,0.0341389187177348,-0.17561619480083,-0.0078310503034757,-0.0434320690267924,-0.129661232786686,0.0948849027676687,0.205001248002075,-0.0066660241312947,0.127255125951576,-0.0036151915380366,0.0964942262430785,0.0898948040174278,0.444812364129297,-0.0986482515421601,-0.400921916562341,-0.251067188519738,0.0018119861816093,-0.182487353462127,0.0891621621610802,-0.303376140407582,0.264222044311194,-0.186850037008277,0.419831553918823,-0.0337515245198874,-0.2451604483855,-0.182140925116864,0.0294386843794459,-0.264329948531382,0.0659830812498981,-0.126941850899269,-0.100999777829011,-0.0350641789758188,-0.215145635288641,-0.305979531775896,-0.0785529828765347,-0.27623623602794,-0.272534010602178,-0.331345015549973,0.258662268489128,0.332779768174339,-0.164788435540726,-0.191314308144355,-0.0396888815344428,-0.440631107338943,-0.450008461423727,-0.472547346714713,-0.0584200611509993,-0.100881143033938,-0.0985177497124915,-0.0383927159938716,-0.3374104131148,-0.276655202569739,-0.0829296742673642,-0.138470559876058,-0.0346024020651251,-0.244140131699828,-0.193076888631298,-0.157051459734983,0.522665642971245,0.0808339803168679,0.174152135426413,-0.0386372881305371,0.329033327195717,0.0782387949460384,0.549086810364499,0.779960294743567,0.823476821698158,0.286851215628484,0.518845549473223,0.831810554660789,0.858516198327323,0.860451732900445,0.333456771102818,0.843924988191311,0.0411581671000394,0.210439255023716,0.047700281176363,0.351754242277414,0.0419117962749846,0.324682065208789,0.361360441549646,0.025755334703898,-0.106626940148472,0.0380477069768964,0.15583848249872,-0.0445695296272685,0.101421031270179,0.0544955431699733,-0.0638659343313979,-0.205585671205887,0.0797783479113801,0.0386235532886245,0.0127539616231163,-0.304697162116479,0.0279435194552104,-0.171593822843255,0.0399154996835227,-0.010219743357371,-0.117556300351597,0.0176680294019737,-0.092754054859016,-0.0814027228266411,-0.396954662944772,-0.232142755465665,-0.180378604051564,-0.0778394950078451,0.135464198050938,0.097019266946882,-0.118490189543257,0.112646703696867,-0.0860592194917801,-0.0644824536386615,-0.173012341119502,-0.126115842800034,-0.0992182050729871,-0.0527383437006709,-0.0965435636329958,-0.223291474730006,-0.148632557723994,-0.279707520440721,-0.413228133771621,-0.128281574094256,-0.150618946614364,-0.22774951078218,0.418428404125047,0.351608782418384,-0.10055518149855,-0.110353408210235,-0.26245849926176,0.0889354067343291,-0.0947162214863483,-0.0406887945126786,-0.324891983436317,-0.119140862341368,-0.0093170227144536,-0.225075675149195,-0.346873531206356,-0.319956407859385,-0.0125734912836105,-0.0202923204435921,-0.137926311367459,-0.0958990261966315,0.0056006023733739,0.373266618824378,0.126303690630505,0.116997355739579
0.542783778880741,0.289661394323395,0.64010976797788,0.284718657259432,0.246343164834914,0.283205467885229,0.431198607011747,0.562501165537401,0.273439842627602,1,0.358429504353331,0.502297118372215,0.71813359726937,-0.126165940453278,-0.244307666169229,-0.0565240187555401,-0.0954793060711227,-0.0919000274827177,-0.400919067320364,-0.0824270318936171,-0.0943473919668203,-0.0593815003841861,0.519210147139699,-0.0164421941025635,0.0751776098922868,0.445809144087615,0.471230920041781,0.4327081684359,-0.0613281155714286,0.0481010686016988,0.405364578108271,0.302615558486456,0.355031257566165,0.121236055441322,-0.118182747819642,-0.0283588030206769,0.0805112887042024,0.175070986919537,0.0882654019330769,0.0078323334213766,0.0125762900727746,0.145510667318555,0.248583634838803,-0.242157771225712,-0.160741058009848,0.231553500024021,-0.0148444708858303,0.0429713054632225,-0.184375989639372,-0.14521618777463,0.103442958078518,-0.187105028048063,-0.100344431110489,-0.251255074893211,-0.112367887544459,-0.0201476424219674,-0.111351061711133,0.225551646608314,0.0511118807762205,-0.220725147500027,-0.0690782392076094,-0.0011134706589373,-0.0495628570157119,0.0256500523881022,-0.182298363760971,-0.0596501628627489,-0.0536590958688717,-0.0983280947909821,-0.0849387597227193,-0.001054022714205,0.162037213189752,-0.307931427473496,-0.289483980138326,-0.324811908129451,-0.425612560498717,-0.270741792566322,-0.493748508181512,0.0818336499221999,-0.236144969883595,-0.14064536973361,-0.174351321168275,0.337604640999169,0.468098911922077,0.408117036252876,0.386885687323179,0.394074405636615,0.624701330697232,0.150879282644781,0.0933356499458935,0.133843901283481,0.360422399714721,0.624628988459406,0.310956699294077,0.571230988703854,-0.142642795437599,0.0033034991362514,-0.0312989348277377,-0.0917446792927675,0.103846368582164,0.0034778378985056,-0.367811689974669,-0.160693992263286,-0.0207268775176515,0.108006298986458,0.11824933276737,-0.0079737927833378,0.32963800197962,0.354014865724691,0.0487698152323471,-0.0044281545661141,0.0420107991129938,0.477021421759919,0.255716223793722,-0.117703361894104,-0.0412512349662606,0.28327704132013,-0.0055355868429896,0.237751945129905,0.539140014121877,-0.266988446619719,0.161975716393938,-0.0463779617573516,-0.0797088683167645,0.200333084857306,-0.0586307353330995,-0.0695521211570167,-0.0508767364487455,-0.150550416846905,0.225843477379854,-0.142525608753285,0.180190632131874,-0.0629585510969859,-0.204035154251505,0.0078028660614062,-0.0459530182964438,-0.337283197321936,-0.0642252103309639,-0.349085003166402,-0.199225232901396,-0.332908480890709,-0.131002286775556,-0.222876206257171,-0.204399030274139,0.196100762521756,-0.0877856219538344,-0.475548747344175,-0.640131881313076,-0.403411557299846,0.278632759173859,-0.143876867705603,-0.180917290436959,-0.415296170737018,-0.0635436292779577,-0.0161426491494207,0.0243838253238704,-0.234071800539963,0.218053463963859,-0.330538753759528,-0.126433592690796,-0.316643825078111,-0.37232756681465,-0.280386351402029,-0.0552225245976715,-0.140309694512052,-0.138694159236767
0.693906307386581,0.72895712605907,0.35092119318037,0.845998005881605,0.764947057326755,0.611404744643029,-0.159593370332093,0.556862511606736,0.850105103475767,0.358429504353331,1,0.855024490704872,0.479551251920367,0.235082949394864,0.236757214450979,0.150441141440103,0.404301402666018,0.303161703237774,-0.118210095123362,-0.0341733759272429,-0.139914156139403,-0.0588803736812699,0.0597539791617691,-0.100268326412744,0.0769720361329833,0.164610198190845,0.0713561314528103,0.104026372037062,-0.0251878275581347,0.0298170010545397,0.0718606206689008,0.425781198749,-0.108024901220941,-0.36857948050991,-0.26302507989094,-0.046413427763307,-0.13130373588893,0.154180025530899,-0.285934273343295,0.311695784179931,-0.163460308831068,0.349382314123328,0.0383021565794557,-0.201585558119414,-0.218010306048597,0.0614050853379561,-0.294191658245098,0.118189221056959,-0.0733883542584939,-0.0780509138408021,-0.0288184301880133,-0.23033194105794,-0.341387485472386,-0.0106748081299395,-0.284659185613294,-0.27457896014283,-0.385619458817817,0.433611722571551,0.41564631578431,-0.190681019534897,-0.190635286839882,-0.090115541607801,-0.437517619691869,-0.447110315273284,-0.49281971507246,-0.0373796781339663,-0.0535986620048118,-0.150107380537154,-0.0094794722214418,-0.379475664147962,-0.304191413502035,-0.0722554998290932,-0.158308892518499,-0.0296746411255318,-0.346585832234867,-0.203392296344844,-0.122900387900438,0.550208390500416,0.0869615178329833,0.295696428370762,-0.007691615003326,0.283564073378035,-0.0078264500499593,0.566745646125924,0.750608286881098,0.849811962768506,0.304599430424367,0.344408483532542,0.781263607294397,0.760960012145448,0.846646915192886,0.387251447661052,0.884014227336375,0.0592600008244604,0.153177110314246,0.0367012230586448,0.238075824810741,-0.0004434855494107,0.341080399881641,0.368411928903778,-0.115241170685819,-0.23696393477767,-0.0865622279306491,0.0904066300307974,-0.0914277193635122,-0.104638878886135,0.0608592601134997,-0.127656756437884,-0.219412630059294,-0.0695760503824699,-0.0639515825629295,0.103673511553629,-0.316630135629161,0.0129162327815396,-0.140742578023777,0.0027559103689314,-0.0204689037615511,-0.109910538859301,0.0076084762483161,-0.106534172531444,-0.0641170840237264,-0.402652754304137,-0.302125198556443,-0.114073053811516,-0.0866523474635444,0.210347169320252,0.136531827235518,-0.0257083705230675,0.217384128945275,-0.120585322016141,-0.0397586574765554,-0.260642199905622,-0.0742107350150655,-0.0072443115243989,-0.0787527527451168,-0.0613613486525523,-0.226980394883414,-0.0604436196807536,-0.26678655668864,-0.504244573394759,-0.0319818429813605,-0.0986753999151725,-0.264901104891492,0.505897542715906,0.42238287703736,-0.115768049841271,-0.0831613486933009,-0.331099597020635,0.0831316587907749,-0.108981734013807,-0.0212654142472246,-0.372778612600255,-0.134194487146443,-0.0709011090366544,-0.156410226808173,-0.358107012486063,-0.301473360952771,0.0105421714049931,0.0828615723449099,-0.151816058163314,-0.0702534980277564,-0.0180196546021273,0.327316295827508,0.104538000794434,0.0501233051875692
0.835518794079419,0.814990257413963,0.352175175657634,0.849334637654436,0.685912673748456,0.741063548232898,-0.105173462614581,0.794104213484651,0.801260565714085,0.502297118372215,0.855024490704872,1,0.641396512066956,0.0029823111852782,-0.0073466946795503,-0.0214910481647739,0.244038132032048,0.098398392381786,-0.151062861620137,-0.0082868620811633,-0.130067649161363,-0.0932444110692992,0.120492890304525,-0.152700159827082,0.12594149238346,0.142028708408481,0.0864427908475747,0.099081193749576,0.0792235064779292,-0.0162295199602735,0.0544614274651856,0.431999033434762,0.0968065462672287,-0.251919607541998,-0.177156857980337,-0.0997037620033375,-0.112079837259731,0.152473942417886,0.0194027768227154,0.270990520755397,0.0056270881983763,0.264925881806156,0.0854942103109381,0.005729218727217,-0.0732449976105357,0.201368869663232,-0.220693415874516,0.0131488738347598,0.0139829503663789,-0.182045034307284,0.019135272755198,-0.183457775715024,-0.302125873691253,0.042568713141188,-0.156376092142745,-0.279296289267197,-0.323782763151371,0.338053738339665,0.268755661381153,-0.182836471076174,-0.234920648700014,-0.22140936430911,-0.330195688185773,-0.325147787419544,-0.45206402018964,-0.105890976907431,-0.192398953679506,-0.0478079603232505,-0.132571903073162,-0.289792915504415,-0.148594915618423,-0.0338910274731726,-0.0924786928984648,0.0684940879407577,-0.27979407452512,-0.106514007049179,-0.198042728353663,0.217710592161925,-0.169933638776708,0.113205559810852,-0.148784084447179,0.131505198576201,0.0619982789909623,0.502821516878307,0.871474528851715,0.82795056308001,0.495992569442045,0.4885593568259,0.612115386406038,0.718529274862029,0.741201775064487,0.609130305317591,0.820268629323019,0.0808341344671786,0.0866331904406933,0.0444375278129344,0.152451064660185,-0.0727800862868765,0.203079109849705,0.27691977817479,-0.124004593199231,-0.135949267380169,-0.0194811429026617,0.188744088670488,-0.0243360407628006,0.0548996526751299,0.107561365005447,0.0494061318906533,-0.0995348793908399,-0.0733639649546962,0.0504488748058182,0.0832208009247962,-0.328372148524674,0.0330315061725604,-0.194545624383964,0.0681554758615691,-0.14979342632704,-0.182544287009697,0.0853395684016545,-0.25816458513521,-0.107448312112624,-0.307483352682996,-0.240301182285097,0.10113652901558,0.141307283626383,0.13148752028247,0.0447047844610519,0.026631305394221,0.244695336202906,-0.0323563614239988,0.0991557799300952,-0.0691917735130501,0.0442888839272036,0.045257489759419,-0.283135604117064,0.0513397305690268,-0.293846609878571,-0.114480075703167,-0.276431761520953,-0.477258757773457,0.0816683036797365,-0.14297413795963,-0.272609036117449,0.367044625792325,0.250687935033903,-0.145958001802652,-0.13980141998466,-0.36240663469096,-0.0397945891336733,-0.220221653445097,-0.140598344739111,-0.411785286835013,-0.228810875066637,-0.155573452732447,-0.193417076990969,-0.189040775078093,-0.147198616930129,-0.0668486827973994,0.169948240675426,-0.256496374873906,-0.221033707088581,-0.195587530211851,0.0552523277066539,-0.112991147511426,-0.100790028770496
0.698471470918698,0.673781149013014,0.73999643097083,0.540507315747482,0.391321356381498,0.554799959736346,-0.0779037390405283,0.7506746574123,0.458157333256732,0.71813359726937,0.479551251920367,0.641396512066956,1,-0.194399057527241,-0.297887938557227,-0.216165623846167,-0.140157403448945,-0.266272353949799,-0.423899754254174,0.0040127827940376,-0.242465242489415,-0.283081334451979,0.346468363608902,-0.194917089920419,0.312064437911606,0.369369890760934,0.5068138968965,0.614808676374937,0.150146866116907,0.130643133141246,0.434156425747056,0.484786751896409,0.424345559057266,0.0581948360020363,0.0486364505534877,0.0531213573275019,-0.24490836667714,0.0998924943561831,0.0757924130634995,0.0690400754235648,0.0779658555244983,0.0972794491511284,0.0863328234438872,-0.0415874104779925,-0.112822039057046,0.0310776832672365,-0.0866461072841337,-0.107194300461415,0.0012884241888042,-0.0004182050902719,0.332889541489252,0.106745615846501,0.0349013055702213,-0.0145045907851073,0.114634703258114,0.0789069356482048,0.01769036497843,0.109671269960924,0.0720473794303826,-0.247378082190081,-0.195175911033979,-0.331736855837366,-0.0226113125538215,-0.0209012444276005,-0.264272480405665,-0.226936591378294,-0.199343465434861,-0.0138311883096389,-0.182638685518029,-0.0428730612289442,0.153504312990283,-0.223536413844687,-0.294636566381705,-0.159363064160484,-0.246170951967528,-0.123274375298014,-0.25539057637854,-0.101360970377339,-0.40107465485775,-0.0979294279180518,-0.333723196747701,0.104496798451805,0.423045723978712,0.379230605316806,0.630482390727955,0.576825398497314,0.631022807357158,0.351841337422951,0.227840944445242,0.433991296761502,0.44196625916567,0.761854010587412,0.415160411600103,0.577011079283972,-0.287346088634402,-0.135932604704582,-0.160226598061867,-0.216889439112195,-0.0489319049442646,-0.136281591024538,-0.380619588746482,-0.102076017297952,-0.0825461173188295,0.086036526283867,-0.104218504474159,0.0841538916869397,-0.0275368648231965,0.35515475287299,-0.205510363827439,0.0607500658148799,0.157964974583876,0.379918690142137,-0.180853880497401,-0.165585393027481,0.13200680278875,0.250421326716863,0.139197711850166,0.217810834564668,0.407257031073485,-0.311959219504164,0.0842609467922351,0.0326121231275622,-0.27090865013777,0.118199305307536,-0.0385601275496429,-0.0374115400150177,-0.166811198738562,-0.101776380842115,0.0666601356883885,-0.173251367484329,0.0952223566992048,-0.0272323428263407,-0.002096312514431,0.166484590029624,-0.148974767181029,-0.163967700605176,0.0040672612888483,-0.090258986729653,-0.0059434068163031,-0.269967330758605,-0.0868079910906853,-0.114463537077703,-0.121369414842858,0.0771967904887907,-0.0711474957402827,-0.318545691752241,-0.40364584159345,-0.42180502033059,-0.125720835918286,-0.334277046329273,-0.284318080006351,-0.464991351771448,-0.342512691611556,-0.423165872164299,-0.110522250904063,-0.115076466481091,0.0773689080427686,-0.353076708403275,-0.165620296184591,-0.421568471995911,-0.3827297046978,-0.398303304835572,-0.296010003284125,-0.323959838677041,-0.3177818320065
