1,0.571484509160123,0.451709637196775,0.533484297478194,-0.0134230474935984,-0.0915973191268557,0.603502408294756,0.197955891059759,0.143088970094618,0.547882333460001,0.608163959140184,0.396721153904999,0.576621574220047,0.240871294251655,0.149231921569907,0.0914210500279008,0.206175805579631,0.0847095498657784,-0.0930834726821699,0.144365614774813,0.314143669848313,-0.110356977679396,0.125127851528703,0.129913927220782,0.169445769716509,0.19813948691874,-0.0829055121208167,-0.228525336845992,-0.0575874908826632,-0.0161098973257726,-0.178130407608109,0.0088909862963729,0.128001500525091,0.0375724963502206,-0.0801101801707933,-0.0916087740177506,0.393700517129682,0.116423642212612,0.233657963218651,0.157980146323917,0.313117762294661,0.115328307833951,0.258648878859445,0.258256625720289,0.377088005960147,0.47218085922959,0.28198264174022,0.0060243055586075,-0.18122239397184,-0.343423803761869,-0.0358846963879073,-0.19586363930476,-0.26108655554201,-0.215895801568038,-0.25028048727369,-0.175007870126214,-0.173815082116454,-0.0287216621220264,-0.0863861036895789,-0.0631616711396526,0.113423244788191,0.06562543522546,-0.0479252181591258,0.193659749007281,0.14683607696035,0.0195704377278009,-0.301128028668776,0.0504684940626429,-0.166659333171511,0.061887443523686,0.143791744490353,-0.104214790940078,-0.256368683785854,0.106248673406564,-0.109968423730079,-0.331244071724037,-0.343006927269274,-0.140622948703014,-0.191551810908767,-0.245438669753707,0.0037515988727094,-0.0284727017732253,0.318990269962053,0.224060540140149,0.503394104361952,0.518318773386216,0.39097028524711,-0.147120749092802,-0.0309446533995012,-0.100876877766412,0.130805400237046,0.505714857938165,0.531365258412519,0.581433617503046,0.200289420462851,0.228964834245532,0.0453547087319123,-0.0125859280272853,0.277067322484649,0.190058717942346,0.0044106222057112,0.321763436831286,-0.1461989116359,0.115570188580971,0.275826651350103,-0.0675462995282419,-0.127225426837063,-0.111391118745107,0.171025059644764,0.291465785429371,0.0907994611467439,0.196157051549757,0.529390727984748,-0.0199167143142064,-0.158140690565323,-0.104050025171599,-0.0985489014450575,-0.0448059159614292,0.0752314442109956,-0.0107551299644771,0.024169821214389,0.186702484353251,0.142556964818111,0.150965243302393,-0.0567536691171187,-0.101239834696759,0.204455977578227,0.295165376119927,0.288260742301124,0.362001638087401,0.363922111398211,-0.0251012706940786,0.227913801766992,-0.033596708258694,-0.201050434284336,-0.0009082126503105,-0.184766250226237,-0.210872380225791,-0.249756064395571,-0.160780060868509,0.141274324110662,-0.160983860538959,-0.287770646876934,0.0701252786018407,-0.000210172807659,-0.0375460589093672,-0.090188480327846,-0.0826142901669171,0.0984866169698407,0.0711540380053927,-0.196535198832381,0.125356002414092,-0.160758377797618,0.223017118089484,0.0600611914554861,0.325213946154015,0.0843815096020617,-0.114066252191984,0.147788344752225,-0.117472211190866,-0.073225273837787,-0.0595153217516622,-0.0673616808878657,-0.113940059617225,0.141201685658818
0.571484509160123,1,0.668988461567787,0.593896045538373,0.0699278459947518,0.464559451734579,0.658003712462684,0.632057744475059,0.295224716173999,0.515772232048035,0.293801667543077,0.253910389886048,0.581562361008328,0.271792444381653,0.312276667320165,0.120550695432533,0.343776453622659,0.150859428332978,0.109437890382508,0.212940029755835,0.35642277808037,0.0238985109489977,0.230905246375017,0.230418606990482,0.0878116692024251,0.337584033889438,0.065999227829982,-0.207782545817904,0.123707194518347,0.0462086164092784,-0.0081367751452971,0.024253839401393,0.0994620054756439,0.199693301390602,0.0157420580515365,0.0480854584090229,0.385114652604879,0.275020393073581,0.393675187928068,0.310945123856172,0.37430700830536,0.161003650813842,0.436613557608888,0.450316000515349,0.497177861916596,0.50691950969793,0.405718034384264,-0.0813799884246609,-0.328224160224435,-0.431090376594149,0.0805829327533916,-0.373700908818848,-0.329782362955225,-0.195813931083033,-0.103638214978138,-0.187400168323673,-0.193489587310395,0.10360771986758,0.170939849531567,-0.0428140751393494,-0.0139640573736762,-0.0503725280067878,-0.281057992259669,0.247522283979955,0.322404833681161,-0.0349897573834605,-0.546660575628021,-0.0602795141375523,-0.378827259312288,-0.0880510898812648,0.180666695160082,-0.289096756342337,-0.491857123148859,0.0478732706913186,-0.0935499460951258,-0.599980233416857,-0.588328279893801,-0.162636878306404,-0.241190139087924,-0.28339056658211,0.0009761893615764,-0.169935693659759,0.15344048795657,-0.0329936101873868,0.806478105756403,0.655031344658858,0.570951155337848,0.316198475255187,0.0191242135337494,0.344262956376669,0.362776810556673,0.610214419319569,0.488859695742668,0.586384728433089,0.287870532786116,0.295104261237387,0.0693122707275824,0.146233420538564,0.403597306031357,0.307617408761225,0.156432950016373,0.453757233391544,-0.0404472586689481,0.191603145252005,0.333464005850251,0.156886983123512,0.175252394769473,0.0107902235644189,0.303939295218642,0.178963838495408,-0.0117970608846904,0.357896415961142,0.656957124934119,0.145815327424931,-0.0013895515387962,0.150659822062344,0.0059908857651364,-0.0665665834436365,0.317802048514332,0.281453530083084,0.272023881053528,0.470803034943158,0.343494656748866,0.375275180361287,0.199914020326687,0.0215280553872175,0.416321056776551,0.372999312224278,0.441488632583905,0.509542799065725,0.409456530306755,0.114149529705825,0.434456261811476,-0.0425317745845341,-0.389188295542732,0.0691368998329544,-0.375215247080334,-0.36270250766435,-0.265478827874988,-0.0971358074855717,0.242966380493618,-0.172691303585739,-0.432046773592299,0.156506372838849,0.177869081147147,-0.30227448577426,0.0178242017125152,-0.131082257371094,0.143454334201945,0.187484107607477,-0.442576472866658,0.0455364892070234,-0.317553843769853,0.196390900895527,0.0661736284229926,0.45474159473233,0.100236505414506,-0.159772516064859,0.0457096244446528,-0.284730899177214,-0.272694246609012,-0.235939631144556,-0.119978526779646,-0.125367135684122,0.240240177299694
0.451709637196775,0.668988461567787,1,0.519689456931249,0.0928881553071519,0.305042014808012,0.725127689182336,0.625113201428195,0.27810641361069,0.629663580976381,0.203328814279814,0.345923327465192,0.578902552404216,0.195229737671196,0.278913537570042,0.0570492818194452,0.298966592414416,0.212221201246034,0.177981849194852,0.327544426487975,0.311564240057038,0.158432596131605,0.425416386338756,0.336489520097312,0.221322288912554,0.306852529173031,0.105610653291036,-0.0933703946481303,0.294744258192885,0.12342388799736,0.0506545400969214,-0.0146999410661608,0.331241173790651,0.23428821030966,0.116705601050157,0.121181905118244,0.217448954437398,0.382545950906525,0.203767191495787,0.300599257217615,0.15443905785195,0.355423859704217,0.365807349329783,0.374181364909462,0.339058768861733,0.318012412890791,0.275082082806527,-0.0660120731758474,-0.40030015742855,-0.402596159263934,0.0386117893712016,-0.257623473268004,-0.373829096793402,-0.101736395788548,-0.0913671907908098,-0.304866251982418,-0.164707648985794,0.0559425659279935,0.157505799993705,-0.161252099135698,-0.151513708247745,-0.193568106265754,-0.418529274998956,0.0276806311898492,0.265841430666948,-0.334478546049735,-0.560883073624744,-0.201215849180877,-0.395362845334091,-0.31324879150855,-0.0812076512886049,-0.319187097450202,-0.418440663883083,-0.0898884906644781,-0.297823638678076,-0.519532737163942,-0.502553348585175,-0.162636902750778,-0.189358332277295,-0.404379380402415,-0.143389359441436,-0.276844413634613,0.247475344773072,-0.0311821405405131,0.596637527321277,0.546800520893969,0.588791838201504,0.259369599624421,0.0978504824389546,0.292308070065581,0.24245547811395,0.591330022685323,0.385857188837047,0.611709167323603,0.207847657093547,0.243032024056085,0.129497166486094,0.14145402756267,0.382230063265766,0.275267065189319,0.199996631200246,0.256584046259685,0.103365485214127,0.246274590349166,0.256799766569703,0.158314530289962,0.319642997113554,0.133755351631607,0.361014793004893,0.233946868916501,0.149101352642922,0.577774748722778,0.650203228274549,0.318463406715513,-0.0103149025787131,0.397287571775052,0.0974978587439072,0.221931017715792,0.46516171966568,0.16117572146896,0.134744027071016,0.283234880038477,0.222797267168902,0.352141691233898,0.209072621761769,0.112118838269702,0.353373260651563,0.206588198534991,0.354666249576168,0.353100508136458,0.286834508136595,0.0998347109889263,0.142940358140466,-0.152554400151136,-0.338939056715542,-0.128389564295822,-0.236623467793629,-0.164885663201422,-0.155522867570905,-0.147045391720671,0.2475595981029,-0.167279088509204,-0.375811181851351,0.10255539429733,0.0527231048061492,-0.24572086628254,-0.0221759676723597,-0.245934754834672,0.0942776646897849,-0.0676496375027716,-0.410335890320315,-0.0904270286754896,-0.409492652070648,0.0373332823745423,-0.185789892942812,0.273434970097016,-0.084757211349549,-0.138171265663329,0.0613840595574045,-0.260799688409437,-0.265179769870419,-0.290767117396868,-0.0839371728077001,-0.148718306296104,0.0631468729528966
0.533484297478194,0.593896045538373,0.519689456931249,1,0.208995169245699,0.302701997638624,0.725288994557548,0.581090299457095,0.518718975594515,0.560604183481746,0.611257135585514,0.624047155514772,0.789212439748612,0.195997191494082,0.214559227860214,0.13994037358887,0.245417535931346,0.130618431655326,0.06096284685274,0.377956066578456,0.252285196890818,0.0458282172155091,0.0362624296856812,0.125544669027916,0.334469245178859,0.13891919304191,0.115232385965577,-0.0802784946102036,0.0076861673867163,0.16091579027335,0.0673511700762196,-0.174917920098651,0.0355630950216668,0.108864249410693,-0.070494629554047,0.16052180521639,0.355996569551533,0.226997958320619,0.309774915010624,0.317237672920788,0.334344409793009,0.27857081864746,0.391550974067803,0.470502741164738,0.299275878101594,0.315500227046448,0.220276567068528,-0.0966686689751646,-0.141898866926041,-0.33067607011892,0.197167399583081,-0.153035168175037,-0.0991445777735057,-0.0508414179441846,0.0524012535822661,-0.117669727435364,0.0237982584996754,-0.0787845111252716,0.0088991624369105,-0.119475144634613,-0.140388125350479,-0.195533027687929,-0.235109701013097,0.246062764390566,0.164843380308987,-0.249790212104709,-0.521868024537261,-0.051688605050761,-0.30304819810176,0.0576212961012064,0.227458385502254,-0.345133405699987,-0.370162724836362,-0.0383297822235035,-0.122856940209479,-0.275723620894866,-0.502225053050044,-0.287476460562715,-0.361135967314868,-0.358064811994533,-0.337834269270617,-0.369944788446723,-0.0399853669762664,-0.0674659306452598,0.649580016689038,0.869674183605745,0.601095919184024,0.222871695059184,0.258533438539776,0.406458891753221,0.489249116366778,0.660763907141332,0.597856702817505,0.584042392889634,0.219576318812231,0.221548782358493,0.0648778146902668,0.0204339730216601,0.310998585940817,0.221916309700335,0.0760459324222534,0.36621194758271,0.123034202542561,0.208411221978366,0.213278415273313,0.004855519659686,-0.0364554742949108,0.205635318351357,0.116996204985949,0.424339344203986,0.248169164285195,0.30319972539339,0.640972967292904,0.170928526114354,-0.0303590392237228,0.14987095614089,-0.0256431461212885,-0.0207437305853403,0.299822294714202,-0.0900754670251456,0.193194757593809,0.431522678624953,0.371248156162398,0.263354741915426,0.234558357016873,0.158262849861419,0.232495427123229,0.277339500089007,0.374095838879464,0.294755278404295,0.225044884399736,0.16981698823242,0.195496931604947,-0.0737960322925847,-0.444332994045317,0.0758451749366588,-0.242071974335582,-0.177861620417269,-0.168084905510714,-0.223470212944488,0.265220261317017,-0.140683435106171,-0.344174336920468,-0.0713974993680967,-0.0900370649348652,-0.306905149785019,-0.0783582228402105,-0.157482187349982,-0.197621377176865,-0.247502834067123,-0.514940288329066,-0.0226494668462449,-0.418597434849815,0.121369762486297,-0.200284749662183,0.371124599799276,0.13668376050477,-0.179921244063056,-0.140792596303874,-0.323963866339471,-0.452614949472624,-0.435442189635729,-0.262158967386446,-0.369511473561109,-0.160363100566646
-0.0134230474935984,0.0699278459947518,0.0928881553071519,0.208995169245699,1,0.388598940634933,0.230845949735712,0.322012308775368,0.619156490839661,0.248620812529297,0.356867070931996,0.237797811456555,0.249454796260927,0.0882917209427324,0.200894401419143,0.279130364864666,0.226815277456499,0.386674689454102,0.193693909476976,0.286119956504474,-0.0014813488544253,0.411788406757664,-0.248498932874536,0.0202324704071434,0.106102697325707,-0.0721935474206715,-0.240425821468036,-0.137974389373533,-0.058032326544694,-0.0684818659809073,-0.0436841215154611,-0.069898840089312,-0.226172805649488,-0.187471756072074,0.0673416500520657,-0.0185647609496227,-0.0795017712371967,0.21332691830453,-0.138653721465014,0.212495944943766,0.164342404168783,0.296024954608675,0.0409236326868153,0.212844809825811,0.216992584591541,0.0557842110621686,-0.0535338026540135,0.0743431359579196,-0.119188110223456,-0.16335130977798,0.0017292620274835,0.0967578653086183,-0.203324327822754,0.0551304226303938,0.0850521540962528,-0.168484526619037,-0.0986989455146144,-0.0106349062610805,-0.0207372111935578,-0.0736907235243236,-0.311099783895124,-0.187282554380175,-0.408951362677232,-0.20924040148366,-0.165862118702448,-0.339930512927784,-0.17343647265598,-0.188981396619034,0.177985237188852,-0.23094847893339,-0.128677920932786,0.13316400709682,-0.0172655756486242,0.162005078442264,-0.201583725491091,-0.122240000031995,0.0992599984562959,0.419153908605463,0.0455910254551344,-0.14695908986681,-0.118905731171633,0.0698105619799058,-0.0051754340867817,0.242510150015179,0.278289356492341,0.190613413171121,0.388362049614138,0.377852063177972,0.853126756840981,0.563582069805319,0.719363059454215,0.335006204721406,0.271558589829509,0.314674023225208,0.142497697724581,-0.0479701894945384,0.244602628715391,0.155475745634341,0.172759390969791,0.259851128156527,0.161293502740539,-0.117502692568371,0.300834241148912,0.314874930172708,0.0477426020963086,0.0367071890640727,-0.116107480097324,0.182183269543599,-0.200833077620112,0.156675656372461,0.0908365908983959,0.247053064357485,0.266078043803725,0.0284609968648834,-0.024304506387379,0.0149635015101723,-0.114710156942785,-0.310928328248421,-0.0527450709245322,-0.163882824278471,-0.0457700116113426,0.0537991201059575,0.080666112778353,0.0841128828547597,0.0853640966144094,0.306520204612078,0.0629284901879203,-0.0038312144308739,0.22098073215099,0.116436046372772,-0.0694899877099624,0.396257247330453,-0.206205369863706,-0.207340802260989,-0.184258873182583,-0.0887530314541873,-0.237562762145294,-0.0398475245314125,-0.0092205596201684,-0.189312220286669,0.0125762838102384,-0.103588122227029,-0.242103463994335,-0.125647183864702,-0.182299155530568,-0.139649798912996,0.190386763870938,-0.298596064774068,-0.140905445590628,-0.247018960083396,-0.174389208830375,-0.172053403316419,-0.260316664774296,-0.270019440618281,-0.420156816224463,-0.161198368795109,-0.182167852280163,0.10790297498292,-0.0940348770614326,-0.202225577308328,-0.117624124472213,-0.179904766413002,0.394160745164231,-0.0823092098699906,-0.0633584645756711
-0.0915973191268557,0.464559451734579,0.305042014808012,0.302701997638624,0.388598940634933,1,0.299642716755783,0.696475874996096,0.604075647147497,0.203881169432386,-0.0201109091205447,0.156523606780364,0.236285762102773,0.15754991120832,0.302124124245664,0.131422502050421,0.35343159475143,0.323087861759164,0.416634904982127,0.21797779165242,0.297045151410049,0.392372110080114,0.0444991769993105,0.265566186363019,0.211876679852706,0.090161944260656,0.114443969692674,-0.034149799755806,0.16822293805868,0.110314418010399,0.0335758593867769,-0.0769470093706941,-0.0563213068500944,0.107837464175064,0.0590665151723316,0.106369640627591,0.109086521461276,0.28688182883758,0.2507026128772,0.347204772134618,0.251884397058677,0.184589165885228,0.345710704592915,0.336987926133864,0.20344073306702,0.182287664976976,0.285057158548767,-0.145539490546111,-0.27524685186672,-0.291188075229926,0.131671091817968,0.0019146099887072,-0.20602445801773,-0.0777445116154166,0.141681484610071,-0.152626522590957,-0.127959356169986,-0.0193083979373631,0.156798801303258,0.0930192892061084,-0.195450832406164,-0.289548450998129,-0.418894208522176,-0.0129741995707685,0.130624942281884,-0.291686277310668,-0.46275319946039,-0.116099073380363,-0.154100722530833,-0.117884635469693,0.147394239563401,-0.146048651875518,-0.325414935172209,0.0424113190751022,-0.113846535921085,-0.438533713296593,-0.320915281695138,0.000324768268926,-0.233001094478129,-0.191773802825144,-0.267626913503638,-0.156141155342653,-0.171253172529016,-0.144124510217579,0.386369837800538,0.234783983165309,0.303591300307384,0.857639727109744,0.308009801526839,0.839829756931404,0.653056555819409,0.27209138956979,0.155586667204414,0.236599956535646,0.195242963897361,0.11172771964874,0.0350538128027308,0.171574658118648,0.275227742107499,0.379027189094923,0.360504323219401,0.259162625924361,0.251221838400406,0.370766642735056,0.289067787464825,0.322537965171132,0.15282514833272,0.297076773845401,0.25265872641879,0.101176478170242,0.0883727650202926,0.042362566014264,0.227078324555809,0.101988967207236,0.0317079570580837,0.154608810154201,-0.0648423131999672,-0.205808206339468,0.214033000052952,0.0864026522048131,0.197170564044738,0.32604803883515,0.260275733635352,0.312102065223788,0.259067623839365,0.174239639200353,0.33698812367375,0.194297997290583,0.337100815726159,0.202047292138347,0.115539514566628,0.169056292189716,0.189188699282616,-0.114033126077163,-0.277427129020701,0.124262399011914,-0.217102257406923,-0.1999907727564,-0.0616097354667991,-0.0895715195890403,0.161140551182616,-0.129705641253007,-0.358839816584186,-0.0154063275877311,0.0276077658002953,-0.158389218198286,0.119927943121319,-0.167549526534154,-0.0116126008131439,-0.163336817097713,-0.420915353754919,-0.16583354286895,-0.368278775392295,-0.191153563113605,-0.147280061730467,0.0386568292966459,0.0171551678015626,0.0376316986306529,-0.129627177575068,-0.334928186747533,-0.231156840261108,-0.299259800546088,0.0036655946491775,-0.301788563805088,-0.0231752099971594
0.603502408294756,0.658003712462684,0.725127689182336,0.725288994557548,0.230845949735712,0.299642716755783,1,0.7027364199496,0.409098359386851,0.840959647084437,0.515374238022306,0.670435679313152,0.807216239831151,0.319712182133876,0.311372511930992,0.0814924774643636,0.360845465889259,0.119082205685694,-0.034309946550913,0.417101037944629,0.394744496233923,0.127265971764252,0.180047664732839,0.160523718698156,0.185852459106487,0.164449507655752,-0.0291209398072371,-0.304160805767862,-0.0308480209111875,-0.0031785493070178,-0.157016987813978,-0.293100344848215,0.0506968153240403,0.0500399231275636,-0.106434001733723,-0.0564759441534739,0.372557498300111,0.366624345635692,0.327934778175504,0.364423614979109,0.304728114781524,0.295790597092193,0.432970209638544,0.429423149875891,0.393535735935237,0.32198140432811,0.392990184767336,-0.0321783851092531,-0.215176249359957,-0.466150688490767,0.0128873440245101,-0.0694957119362394,-0.148154090248172,-0.163244523890802,-0.133239611644121,-0.262668854615019,-0.244599477369026,-0.13337357032968,-0.0530420370783647,-0.0905710106107427,-0.030669313796946,-0.0994975964738561,-0.22438791489986,0.250732815168654,0.203413461575528,-0.214704659122138,-0.464697928862723,0.0821894282110477,-0.226487741604221,0.0483416527243748,0.199645102626373,-0.238173842580667,-0.308045123033636,0.0199693733662444,-0.218153885518743,-0.346279618980802,-0.531633595291803,-0.232550054918038,-0.311573291043703,-0.375124305843544,-0.299333671979653,-0.320274041323241,0.122956672447684,-0.0730190076934669,0.683316486486574,0.700264826799878,0.764956203035305,0.263095501640184,0.124262917480665,0.353346339756338,0.363652382517837,0.84723496846887,0.512736667654274,0.692315255365557,0.223793968039496,0.35775178298833,0.0817629263179978,0.117303071938546,0.44215281525574,0.208176926877782,0.0071619328346392,0.359798308002435,0.14608388166629,0.194030236347007,0.392989834425246,0.0587239626694394,-0.0248944510669259,0.108553123499225,0.218997503594874,0.294206464719326,0.0933693898729497,0.417422612085769,0.809204180292622,0.171774381324145,-0.172662907983211,0.110649478780829,-0.185074989063252,-0.164773172042384,0.323634895250517,-0.0943487849477835,0.174324306055163,0.404809316456638,0.335637067166774,0.404252689444702,0.267523701143707,0.20169617562693,0.271414941983025,0.260059587004915,0.500486826872653,0.421988571217437,0.190350111071076,0.142821605590797,0.292070503660497,-0.0763803920202723,-0.536140881185742,0.0742273664259594,-0.182227774016963,-0.237655095701867,-0.167729025610866,-0.27161141876913,0.281305026177791,-0.207304149910373,-0.395765356897995,-0.168292937100826,-0.0958010797160596,-0.3857251991974,-0.11455729082434,-0.195685853553459,-0.140261235439306,-0.120626813719725,-0.45990652267649,0.115671879080109,-0.303699462442891,0.158072109989804,-0.0644543944667516,0.429892221428282,0.221878226898554,-0.169889795884288,-0.0380447825562889,-0.211740028219225,-0.316058686437262,-0.302996016112133,-0.199341538378278,-0.311918186478706,-0.190665076342956
0.197955891059759,0.632057744475059,0.625113201428195,0.581090299457095,0.322012308775368,0.696475874996096,0.7027364199496,1,0.497513619325629,0.580926648348487,0.142552309866972,0.467800695125423,0.656140060480911,0.189720974802495,0.169744963469656,-0.0921166261915806,0.238100446782882,0.0917720498546626,0.157771919491949,0.236747998619578,0.194732676748071,0.27422764277936,0.133911702942854,0.159162312216031,0.0632162782496047,0.045456932673413,0.055826971633405,-0.153197627737012,0.0832327473025596,0.119903751631708,0.0130634805421648,-0.155366257562543,-0.014689691798839,0.131278468195961,0.0692212797938222,0.0242245814278328,0.13208497614379,0.204010414606445,0.28524057291579,0.328410135328083,0.302326100030488,0.13224870343541,0.368990484323826,0.445404091978894,0.216921160281375,0.190057649517225,0.213906056409352,0.0253890967407465,-0.198097668650348,-0.389257526607013,0.13687066673221,-0.0743093432453892,-0.168762558520693,-0.0401065366434664,0.0433540104636978,-0.244188568854868,-0.176450200596556,-0.0756433883033568,0.12044451458335,-0.0169898057203738,-0.21061130778473,-0.286474417743389,-0.372973680913917,0.118769556995296,0.18534492107554,-0.305189111416759,-0.517777088883621,-0.033552291887062,-0.327602109519871,-0.0512451342172489,0.132751093176897,-0.25535606604996,-0.410142322283699,0.0088786432764353,-0.200962354175572,-0.368275068892194,-0.513346271965952,-0.240291702675602,-0.342251304691871,-0.310647182720784,-0.309292687903334,-0.396976180989158,-0.123267126435158,-0.318271085812736,0.556291900576759,0.583838515933487,0.626556804690934,0.599205020987942,0.166318780079073,0.645896551218364,0.482020499799047,0.648000311077854,0.343116904815346,0.544784092625324,0.0602769130389488,0.141786078160418,-0.084978289321912,0.0287163714593898,0.259734400700768,0.167831770771579,0.175438350543012,0.264454072186479,0.283079211846726,0.27612105287344,0.276515294323676,0.241522604430691,0.0745394084294684,0.190455598082374,0.13699998280778,0.0184021873120669,-0.0645348249006338,0.237407259874111,0.5306900590332,0.126097573803268,0.0104946680330653,0.224437222713309,-0.0747221717992954,-0.16127698263502,0.313979308663631,0.0710448161486588,0.270504007197033,0.450541887071172,0.35971609605389,0.287470486278116,0.264943933515931,0.193345759229192,0.23317435089045,0.307055242319723,0.39522917311071,0.318396298532238,0.111571994498335,0.118915204222422,0.284088747443628,-0.0542337911189789,-0.456828256481472,0.146892668327471,-0.216531749806086,-0.175709590664923,-0.0703283484061208,-0.18094266679346,0.311890431690093,-0.11395661339557,-0.391179502417881,-0.103690104173723,0.0238991413346611,-0.228320124343554,0.0950991261290633,-0.153129496701798,-0.136893948238467,-0.136719005235497,-0.504584599380268,-0.0387333092284979,-0.422578222504455,-0.0255650992095771,-0.11459165471918,0.304357032660214,0.187383800965055,-0.0952103927281819,-0.0416735759734813,-0.307881194473946,-0.335653954470648,-0.31684331281551,-0.223399752167994,-0.322841391847764,-0.0683551201030211
0.143088970094618,0.295224716173999,0.27810641361069,0.518718975594515,0.619156490839661,0.604075647147497,0.409098359386851,0.497513619325629,1,0.380190118175029,0.485815142153419,0.416760018669828,0.490326357114422,0.126652777003354,0.299604656789219,0.228205288842522,0.357058730112814,0.375319685686751,0.291490612190289,0.478199187330481,0.311335226543388,0.526589383293819,-0.159020365984946,0.132721483369273,0.390895594700499,0.239522732811206,0.211264834848,0.156995287120307,0.0409262692660177,0.141170932070868,0.104916496529521,0.0827238531231076,-0.0824224427236688,0.144021878231593,0.188652927143166,0.282010185500121,0.137016037383782,0.303313839442687,0.241155059423147,0.429566494145745,0.409972170498705,0.268505371520043,0.391351923778984,0.286158569559785,0.260713854465424,0.338500550329557,0.162022888047072,-0.240560528039785,-0.361271211257868,-0.224382508853444,0.259514967762228,-0.0592252824025028,-0.148717903725193,-0.158830086602324,0.280429462479257,-0.189355924913357,-0.0412859622454557,0.090242501189025,0.0528522045478361,0.150034605286637,-0.343004708625847,-0.323490065818983,-0.621397682585847,-0.0851609518724502,0.156701041030639,-0.545942643122251,-0.505980388196746,-0.253527302515666,-0.119500039882058,-0.214534671285573,0.067238137381234,-0.171942478445712,-0.384238406355265,-0.0577667419608798,-0.395175251426341,-0.425659872620758,-0.239019975165045,0.213115772072472,-0.222986822324289,-0.339714016803788,-0.19057462252241,-0.014995806625849,-0.0168717512325308,0.0844182921066656,0.308610917441338,0.365877318876565,0.415123209156944,0.461434633806339,0.573958298081737,0.752019149791938,0.808556599659907,0.435668593247383,0.482144507522062,0.453584400681824,0.135914323810152,0.06057572048008,0.130504182095663,0.201495493473376,0.297680380873661,0.344288822125239,0.216681437573072,0.204828908444185,0.281768779197918,0.389717294646708,0.202262882253597,0.203985048209241,0.0137781672738358,0.401781283829711,0.105144507206404,0.230400005846988,0.246981585689048,0.229526016156134,0.423239920212922,0.0948158980974457,0.0674503472198813,0.0900860218094922,-0.0037887756654845,-0.196604039404147,0.178997081744166,-0.0695021899811136,0.118974278370948,0.340934318276104,0.283124720799254,0.283836081085085,0.167611086877841,0.224681833538549,0.260079856262703,0.247417291373314,0.332578850264648,0.126597024172157,0.246124893320535,0.366589133923107,-0.0479397486421603,-0.285175998578419,-0.240941689066937,0.027041990388406,-0.377578407170476,-0.216402590968896,-0.0569947962811735,-0.111509031230963,-0.0258484693917305,-0.206898452217629,-0.363289386094427,0.0817959001261821,-0.167003210014363,-0.188716786193408,-0.0068485511429564,-0.460407647824023,0.0157785482162402,-0.376065858718809,-0.484611000438653,-0.288973671169697,-0.530905222428563,-0.291267721337203,-0.432050033977017,-0.0767761608157659,-0.177444695089787,-0.0078543651595405,-0.151469887807497,-0.524662674137625,-0.403252301737723,-0.560401213875775,0.179602342400525,-0.36913260272745,-0.0219817943212779
0.547882333460001,0.515772232048035,0.629663580976381,0.560604183481746,0.248620812529297,0.203881169432386,0.840959647084437,0.580926648348487,0.380190118175029,1,0.469055927946069,0.737429284955895,0.77733108821076,0.242068584034947,0.13166959141543,-0.051789565317121,0.269092967994098,0.0505863994330118,-0.13932573174049,0.355399551103346,0.297465845304474,0.149096672486032,-0.0064541144805153,0.0159249770240997,0.163873732562653,-0.0732748881241242,-0.224748819914463,-0.331473555178732,-0.183133214086866,-0.108358023824438,-0.21809084384071,-0.242737589924022,-0.0614443808430323,-0.0392444859927148,-0.0742233137584089,-0.257803357457938,0.155391425560429,0.19153839278826,0.136026569092443,0.2053101672152,0.303214267358117,0.209692573910796,0.298392201004986,0.430670512805014,0.334814313963882,0.216010414341344,0.280782810227775,-0.146649936847949,-0.130586110990348,-0.43181559116448,-0.0842085982432752,0.109456416078642,-0.174604050920598,-0.0535446106826658,-0.177212709887512,-0.33551655263001,-0.227566917498138,-0.0662277167036884,-0.0253447370114804,-0.116290717599078,-0.146639317284066,-0.17243163919562,-0.24400647170555,0.0504885072611508,-0.0125037472665799,-0.241403996772209,-0.37348616343121,0.0635916039733743,-0.153717838991353,-0.0218258938746329,0.11262912130538,-0.0654686249959558,-0.244255205808092,0.107616555676806,-0.159658539211542,-0.241582750206569,-0.366799981230574,-0.15395053685693,-0.222812907184068,-0.305892575380892,-0.188730662294622,-0.317829880726086,-0.0143638251770476,0.0052930163011965,0.578969491640283,0.611426993701942,0.718770877473653,0.159128440619696,0.151870756011335,0.335881561321476,0.34675411074399,0.77936783071387,0.495687197166679,0.649140535569405,0.0266669127602939,0.13131781582187,-0.0910638385461977,-0.0821625681888311,0.378110930760889,0.0676750834722404,-0.202646277819889,0.157002927139968,0.0514450974929735,0.0924598666141584,0.26391763518277,-0.0602441164552906,-0.175261325037451,0.0288769624606806,0.0142793618317665,0.215124186436416,0.0685836537844405,0.343374810374283,0.630693730078996,-0.0100329251824208,-0.185834964669856,-0.0412324257723731,-0.211997905441387,-0.236796112977015,0.130615316257166,-0.146931046491721,0.0543094290600974,0.266770921052646,0.14406232181738,0.229597825165113,0.125969633786986,0.105912912982155,0.0579065384516872,0.274083177872327,0.394547495945499,0.342323597177106,0.0581325137002413,0.224954701295319,0.155703523552387,-0.0408133089993491,-0.428605947368443,0.150598137502729,-0.0373060453882279,-0.0386790095397481,-0.0930193490471,-0.352731956582059,0.331728931623686,-0.0700072669610035,-0.24663199654664,-0.126014559792214,-0.0341455924567456,-0.287380608979208,0.0172380430741995,-0.110219296950776,-0.173308946136086,-0.153108256595852,-0.311315314712883,0.0415726194416815,-0.242980103662551,-0.0173704176996763,-0.125363312474007,0.295430356530699,0.196993715125132,0.0086743073403467,0.128765720860262,-0.135901645656812,-0.200744292216628,-0.169026779302695,-0.117175093074979,-0.217721703254011,-0.152574149079683
0.608163959140184,0.293801667543077,0.203328814279814,0.611257135585514,0.356867070931996,-0.0201109091205447,0.515374238022306,0.142552309866972,0.485815142153419,0.469055927946069,1,0.596848933851861,0.642900427519963,0.055592869905522,0.0739784452172283,0.158332558694478,0.201128474263796,0.145687220823308,-0.0601057624188199,0.276951981158003,0.175647757296627,0.121111485778378,-0.248592603113514,-0.0253348443706689,0.230291795563917,0.197937128633062,-0.0311864986089478,-0.0489840745662343,-0.138302795248803,-0.0552332163990327,-0.024375553235832,0.016848811139118,-0.0832584799134877,-0.068287037802403,-0.0924283925593764,0.0254044765735011,0.215363579338213,0.121244931365586,0.107772395520153,0.145535054397479,0.248366113004806,0.184647371281385,0.180181332839972,0.215444607794027,0.246455183257696,0.342168402379089,0.0441348943066563,-0.173363894460671,-0.0928022544334661,-0.14122657781579,0.0854298558425836,-0.0620434045331018,-0.119583250189864,-0.0977357896189725,-0.0113324173779765,-0.0363718994993221,0.0297134238073103,0.145181301861966,-0.0376543597444688,0.139055789578986,-0.124141828200967,-0.050540500394439,-0.18136542178274,0.0612330195524577,0.0093888556654399,-0.112427852339038,-0.214207616776247,-0.0911148983571637,0.034852373009219,-0.0270853577567733,0.0851887495909489,-0.0723735318572092,-0.194186247080509,0.0320630412882053,-0.187458176333259,-0.134467934340079,-0.138146182408986,0.134254361723664,-0.132518076222019,-0.26778228070926,0.005828040723458,9.91727821082131e-06,0.138246179686224,0.323991625214082,0.396941259861168,0.494036819579576,0.397381821203532,-0.0722484205663429,0.391704720062175,0.0879236175997185,0.399333599928553,0.485431738716064,0.736611958410618,0.545471002928572,0.0753974017914406,0.0491178032612866,0.0207175559746492,-0.0566306600724593,0.233858943095624,0.163835301753739,-0.0988933254169421,0.115268936505138,0.0492415964456611,0.135462960029436,0.12319218733636,-0.0282779450251011,-0.292390086440752,0.110464002714996,-0.082114734965477,0.377876571266487,0.186879499145064,0.308124374179543,0.422792550088825,0.0121456002298639,-0.0486528224898655,-0.198417755711755,-0.0378497552749557,-0.15152453873449,-0.0464611163081885,-0.173195720687432,0.0278092204324668,0.155559679259372,0.107058082030766,0.0478750919383921,0.0289046063231125,0.0056833908567198,-0.0144064630379843,0.143582459938154,0.175688857382747,0.119729404433669,0.22882916648597,0.0814933155898219,0.0100290239419414,-0.111091580440907,-0.125376732597209,0.0238634278909846,-0.216647991403353,-0.149230088972175,-0.14744134864077,-0.0775530178041527,-0.006172135626583,-0.113020446663365,-0.161283948391313,0.0920938820412641,-0.139988757547358,-3.47287668377476e-06,-0.17111998117143,-0.202821421399182,0.006977735701806,-0.079733933810456,-0.161411383656855,-0.0142948390104873,-0.264382810837763,0.0262290696546036,-0.184463445776479,0.15002250013535,-0.0010528662270584,-0.0388193997311607,0.095910850333425,-0.198061917144934,-0.174167932956067,-0.193067902226906,0.13566938165013,-0.168508115303722,0.0709682497637881
0.396721153904999,0.253910389886048,0.345923327465192,0.624047155514772,0.237797811456555,0.156523606780364,0.670435679313152,0.467800695125423,0.416760018669828,0.737429284955895,0.596848933851861,1,0.768377229310941,0.133275007421032,0.0802894892530678,-0.163430899908515,0.0343144708261011,-0.0243347266194999,-0.178324038370647,0.309321717981959,0.126927315578144,0.124144967084842,-0.128331948192631,-0.0334427918394557,0.16475248156298,-0.0967269679021897,-0.0316313260876351,-0.129350439444341,-0.188633856008576,0.0559985763977314,0.0081743312536937,-0.312908221898867,-0.150062907077976,-0.0414916260045505,-0.231529573186805,-0.0699469618858214,0.143712860654776,0.0452269294350055,0.101171649645894,0.131662339701842,0.174330937021145,0.0021557775408073,0.124477126591803,0.296825580412106,0.0705059912383698,0.0116997294171105,0.128292773359136,-0.117047094066272,0.146289505326437,-0.159469470809887,0.0952884756292794,0.0852506002397563,0.15059009639437,0.0859537084906911,0.0536045493117305,-0.045097399806751,0.0723375470745902,-0.0566285027935757,-0.0721779393831508,-0.128423274616054,-0.158810950224386,-0.218221421595284,-0.0810836051216984,0.207375877060814,-0.0400249353273774,-0.117795679333267,-0.214954726562157,0.0617144254346819,-0.0757582004130598,0.203835621251866,0.249824859249566,-0.153214720768989,-0.142271060760545,0.0324807105468364,-0.022726312475585,0.051169016914429,-0.28864289954634,-0.236715066139604,-0.341072307565794,-0.311630848482746,-0.309442480826611,-0.420808463781953,-0.133710556225632,-0.112803229900977,0.404055465763537,0.593530548062272,0.597478844678057,0.181458363198083,0.140497794256552,0.301851319101824,0.347368991553692,0.738747725915105,0.461728368487087,0.500698576105403,0.0035009285925324,0.106500037597393,-0.218823123228421,-0.150647366574665,0.122935979193425,-0.0708166592867005,-0.21953323226133,0.0619454193650177,0.220950773832015,0.116855588615296,0.175865072029272,0.0463637770198841,-0.256300003351507,0.108301158540436,-0.0231236071637889,0.257439527147458,0.0979903933869135,0.275295218949448,0.468978936279504,-0.0557648654024535,-0.0981387045756339,-0.0428599153708049,-0.175629071516945,-0.226819969893211,0.11824002639,-0.382709510501178,0.0434059027178517,0.177891393298763,0.171767497845683,0.0367281970563988,0.179743033770699,0.165618487889625,-0.112539186977935,0.133888193097043,0.179426462735899,0.0412218865998419,-0.145313000144181,0.0742289825183485,0.0647646557334275,-0.0191704322159921,-0.343800375255235,0.143616140358175,0.0265209470494774,0.0071465694690273,0.0414279649067809,-0.218053683908111,0.243591214774958,-0.0536026389080622,-0.118764995937234,-0.221605066989312,-0.16554822011421,-0.191579680174304,-0.108750945700678,-0.0553718767264915,-0.31958056570209,-0.331713864319649,-0.315667360876828,0.0556168201184003,-0.27219325953954,-0.0652127727980187,-0.248403703474757,0.18851101384998,0.287173644627582,-0.0814150162567957,-0.0253936507543868,-0.202983523714384,-0.378087723597855,-0.3030946415223,-0.28609490892546,-0.382435432813977,-0.343572271634356
0.576621574220047,0.581562361008328,0.578902552404216,0.789212439748612,0.249454796260927,0.236285762102773,0.807216239831151,0.656140060480911,0.490326357114422,0.77733108821076,0.642900427519963,0.768377229310941,1,0.188251433911165,0.135797006437371,-0.0326946112740857,0.199127366499591,0.0515957829664134,-0.155736063582311,0.350830174306615,0.217277976565995,0.105699684193755,-0.0792242279940897,-0.0166148998858764,0.139124392671818,0.0431757882101035,0.0266053557574736,-0.164053046609439,-0.170474419344756,0.0569522270076785,0.0389800367262828,-0.135016807593653,-0.0718184046926195,0.0607268845963604,-0.0881862459412129,0.0299519879629681,0.259389058103674,0.158411838631196,0.267676834089692,0.326635697139476,0.375317472806787,0.173662983227118,0.381363610340653,0.496521251054868,0.258089927111643,0.323106303867156,0.156887793823865,-0.093637757354142,-0.109072924643817,-0.347408854205633,0.188332828232209,-0.140395857350689,-0.0868418096617,-0.0227170707447677,0.0447557946166,-0.157721654949942,-0.0083370939411045,-0.0500715195404351,-0.0065701695264989,-0.10775273797813,-0.248427822290997,-0.248191646767119,-0.266241363516697,0.236550989840134,0.149966386711542,-0.248921246414264,-0.5316537253496,-0.0570268230373277,-0.321786841503069,0.0437411441087168,0.212659218156442,-0.294714599072024,-0.420068715232971,0.0210491563251973,-0.205849366341916,-0.211125334939076,-0.535440630519809,-0.326145727651509,-0.421661987038937,-0.44529607132185,-0.268210676918592,-0.458417321106591,-0.0743655660143485,-0.0281776771121384,0.625637665893838,0.755527017233795,0.631715312818547,0.159957641526805,0.190867930101562,0.322597174501562,0.389497020785182,0.754243905769986,0.585975659584213,0.728811388436661,0.0421938600364953,0.21043815854542,-0.123274082043134,-0.0934234244690772,0.320708029142945,0.0341757074822032,-0.162330707913209,0.301204487317525,0.141207035440153,0.0572447861904877,0.23826965455069,-0.0698769251887646,-0.154270058362721,0.0477856345933683,-0.0025318041478113,0.290816269322084,0.0229252277262415,0.348237502083836,0.578103131675872,0.0389044418349538,0.0610096617968276,0.0717197420902231,-0.0328836499696067,-0.141439061338405,0.12680890121895,-0.127999695994361,0.290513832024138,0.453652289469237,0.416888353328365,0.23206783017895,0.248846119393461,0.140128721555959,0.12034447127628,0.377253034435023,0.407734085619427,0.313761371314988,0.204139312181093,0.19517365783622,0.271509514368914,0.0265538961762578,-0.337295766389414,0.145129700209282,-0.183924592175184,-0.0997424751846873,0.0184779075538622,-0.0992246345618624,0.336413669665414,0.0225123670844631,-0.146582232834792,-0.058563044690658,-0.0736472083192774,-0.213111653513983,-0.0417777627094105,-0.0894792867614938,-0.148232340233946,-0.141075672083583,-0.440144010980095,0.0118092176343445,-0.362138612222567,0.0331583941023432,-0.0697134332491952,0.415780836075224,0.265406636495706,-0.1430627105873,0.0305803330686201,-0.287235359315059,-0.369764445622979,-0.316167160087108,-0.229019922569041,-0.328526066809145,-0.0529800317589788
