1,0.611403001983458,0.509295366432855,0.8175059978583,0.798057523026333,0.620444662641439,-0.27530755409621,0.200106477584545,0.830980681100806,0.690808264672969,0.686894429317227,0.851711061398076,0.75292354716954,-0.128875144819895,-0.360583738417993,-0.29802215576636,-0.485912942502183,-0.472754231242342,-0.5234783198465,-0.192338592294504,-0.146513784459348,-0.433004712166964,0.270868672418739,-0.347589635739041,-0.550345870130063,0.133671755095053,-0.385298413789074,0.518423388208019,0.31761520561585,0.17228801367619,0.362327932583579,0.0039660935598201,0.227977700952116,0.365034452301424,0.10988293298134,0.440172703762718,-0.424842754429905,-0.310068096442174,-0.115685138769604,-0.211990504258049,-0.230587889537411,-0.222793541893395,0.0338650703625742,-0.113120589834077,0.01913861035566,-0.201660290612632,-0.340298368667372,-0.392646387030349,-0.238800838196209,-0.0046991396192296,0.263171321054695,0.122333173990236,-0.213935946150973,-0.200024754679867,0.401156226035356,0.461554600323437,0.264282443774583,0.252982339208424,-0.101315935504148,0.115320909495983,-0.441750789137773,-0.543112175731477,-0.496743091227068,-0.623428516637122,-0.724560533197767,-0.617251879433918,-0.337063300373227,-0.28519510071258,-0.326856569648165,-0.114258890656005,-0.218262310460348,-0.407996764965451,-0.353404045564116,-0.307587087145305,0.17436342575961,0.0464056436852827,-0.321465997461899,-0.0422072481209902,-0.505875361537853,-0.328772804303634,-0.453249439184745,-0.36868948264106,0.32432113959231,0.597123017417181,0.847732149585679,0.787354818669159,-0.289697653798289,0.576912167925725,0.672336303977963,0.77220133239086,0.630909225266702,0.718850622544568,0.52307726833222,0.546498514576494,-0.338282274325971,-0.563516516732751,-0.440068723627272,-0.455785946726841,-0.461980207501525,-0.497990198654721,-0.52142258151421,-0.215670597425578,0.0496870574619979,-0.2680538726986,-0.14181971360399,-0.483141970067799,0.0388779296678048,-0.0629771290256696,-0.354604070245144,-0.583849184378263,-0.576309898703957,0.266417735510967,-0.65922818251057,-0.0502760140369101,0.0546672841561926,0.260782842017393,-0.0024309952040435,0.395607508369259,0.544493351129356,-0.050114877223937,0.285509967753844,-0.671975392537717,-0.697349258565229,-0.225328172539807,0.19071495145922,-0.239070208418956,-0.0941542278847512,-0.187399537303525,-0.116864495137434,0.0078536539153463,-0.119413185939379,-0.0152092545847824,-0.215277959092801,-0.292644935527477,-0.375672795110089,-0.325122177742087,0.138417399748923,-0.209382536563273,0.346393010931811,0.323561288114135,-0.201321648675775,-0.0185056805989903,0.0308071756968532,0.328647713875117,-0.26265514311234,0.055763777499405,-0.357717478912381,0.0355164065070469,-0.0368369095403454,-0.733296254656321,-0.501725501733895,-0.608814939578784,-0.546475666158504,-0.628330591866624,-0.328788998670772,-0.661742874238076,-0.0962408333104777,-0.48599292188918,-0.367942988610624,-0.48765523109662,-0.527382972450939,-0.360336730665501,0.0819482827212963,-0.584051763984614,-0.566751116100309
0.611403001983458,1,0.41291080359707,0.59431544248914,0.310155719920997,0.605408260863848,0.252097680506272,0.688196771476131,0.524529880262766,0.838576449611508,0.2517515744833,0.663444059163605,0.767524540217098,-0.181212862688185,-0.0874018600202958,-0.034630311777102,-0.273698156001617,-0.194028411185468,-0.187975168424261,-0.190997255048281,-0.0687182481771249,-0.158377477942332,0.271820862423111,-0.253621208079898,-0.174017548289671,0.369468503119601,-0.144786703697329,0.338610831747087,0.219819928943807,0.18162816464323,0.332387910149738,0.0583754713179878,0.309519655012515,0.321262773569844,0.11926329036352,0.281696028025232,-0.233714363798591,-0.170755969286809,-0.0243523622594748,-0.184390839594631,-0.0558355676377962,-0.16144675650157,0.011923100739162,0.0727011648952667,0.0017881012273467,-0.104504813216214,-0.11383637065007,-0.0939531504534596,-0.162236913512078,-0.0875506741506308,0.296062374129954,-0.0108624272215247,-0.243445729241922,-0.362349370228384,0.143987517641888,0.149239190877041,-0.0679604502659451,0.023859543246968,-0.183133367145233,-0.0629087751806728,-0.212555193216035,-0.212214036959508,-0.369360024980317,-0.295271108981956,-0.378161731279671,-0.389823307579891,-0.399800335714432,-0.280031948834714,-0.335162298425214,-0.227828253862785,-0.245100340838984,-0.324023418351119,-0.315899096666333,-0.188563299376833,-0.0244728474262474,-0.0867300195190108,-0.203158440618591,-0.22907182960224,-0.42220960162513,-0.389351180098733,-0.378369960243377,-0.401131541033458,0.565774821260695,0.150275703435995,0.852928089953454,0.521311271727419,0.238432069107832,0.766156610347304,0.240588602495691,0.453250499759748,0.266197960211239,0.802552563292005,-0.0342243083646646,0.482020884657422,-0.220306242783567,-0.282346763806974,-0.165535011512134,-0.115210189652381,-0.253873184921634,-0.287275071260201,-0.277027096254672,-0.162406854613318,0.120883327223011,-0.21919079176984,-0.0613046011218702,-0.257286183335954,0.224600475769994,0.0438999140481648,-0.190300478679725,-0.113086815265854,-0.223818363833605,0.44901143076397,-0.271374926123783,0.032078508858835,-0.0894476985275795,0.309965574134896,0.110716090354805,0.382260130219884,0.33442433769316,0.0298223400547058,0.300400464565714,-0.49580189263758,-0.381105676393623,-0.0538230933631099,0.0945565095387577,0.0074964209475819,0.0157100401581428,0.0062311824170887,-0.0656089609117214,0.0094789196292885,-0.0590259468049357,0.118474726541789,0.0079360438816358,-0.280288307117821,-0.392764161038483,-0.433118007251836,-0.159471754932198,-0.381757848805852,0.186654160554816,-0.0168563680635743,-0.0542609024117485,-0.141581716488153,-0.208499590817141,-0.0683011564215217,-0.372169169263366,0.116448831152288,-0.29501517237827,-0.168601925525764,-0.354614770151331,-0.487262713118595,-0.477945796746534,-0.347341035949279,-0.371084157848109,-0.231273300914707,-0.383289733654932,-0.338528253043477,-0.223763260527571,-0.494825959149344,-0.216656700079794,-0.402867705035991,-0.477676485852584,-0.372260406808419,-0.31865288273897,-0.57328148662464,-0.492656320096704
0.509295366432855,0.41291080359707,1,0.359739054998054,0.321200458771864,0.412423292421262,-0.280935565177103,0.0523387918391379,0.457909706731245,0.370928308526313,0.137480797292324,0.464422935602156,0.555884200041939,-0.3607385014186,-0.350403604995877,-0.40010589457713,-0.345682037888392,-0.326262169737311,-0.402739992884944,-0.292466095668394,-0.203306929361242,-0.354544154992874,0.586828528291334,-0.171822058092089,-0.327361521044578,0.689511250463689,-0.0432384159677238,0.820984397215988,0.60153451932447,0.632095342889852,0.796006917506211,0.415422200963596,0.336493813660499,0.739401021037631,0.567213300119567,0.796590600459572,-0.518745549361024,-0.0110255125740007,0.146643380654249,-0.172581097203076,-0.0144892906687197,0.0280840091699472,0.319827415980818,0.137006524419713,0.0674504785729031,0.0111932734060035,-0.170458354767134,-0.24598650515867,-0.25637999603447,0.500483730018951,0.687008812183395,0.266994130592909,-0.304945515699159,-0.221133319064035,0.63597051683969,0.584210568385325,0.381068523942995,0.351570942663848,0.157053954301002,0.137966251056636,-0.549449966465433,-0.572701734404884,-0.469970287265162,-0.623330908305326,-0.429304895811163,-0.561481708992679,-0.341542702198481,-0.43810616302602,-0.496617981789029,-0.330496400590032,-0.293032957625621,-0.425672763596718,-0.534348093323574,-0.311403532741571,-0.0670474484462866,-0.016605780154564,-0.0733676121596865,-0.228775062884832,-0.341907196578558,-0.0558187996190869,0.0308513595836251,-0.320180926013104,0.386499523655876,0.287321393230906,0.447330940936473,0.353480761754839,-0.267028297993734,0.352075713132648,0.0576383563952156,0.457137448197921,0.130057461539636,0.438466472265406,0.0599041724136061,0.7374270666066,-0.436977318376804,-0.511883623894951,-0.469650920124176,-0.339262658464671,-0.491347652974696,-0.469231190137118,-0.464865408240909,-0.166574448810765,0.227640018023226,-0.388555162632718,-0.160332678799184,-0.453645957870468,0.221236268216729,0.0941537725980495,-0.163376303710265,-0.204148356189341,-0.384556858551368,0.530994182440381,-0.485983845569394,0.0502910048720066,-0.0889718029144685,0.497427217710441,0.31870270680662,0.692031174446038,0.597894035271625,0.285763112606251,0.589827069257647,-0.322377425297613,-0.421369848703084,-0.144804570024106,0.332518677882831,-0.11166558908591,-0.0656454416197007,-0.0426297249482148,-0.0529736819227909,0.07539152753293,0.021870090443883,0.0669252594023764,-0.1209404078455,-0.4937083101478,0.0114485016224984,-0.479689661124199,-0.0320509650556461,-0.629311077623056,0.306604597628462,0.250972076279415,-0.335353842971398,-0.209910249313438,0.000730846800233,0.255779705829013,-0.130743176292036,0.445823667084465,-0.550980885493754,-0.17206524829264,0.246222367549001,-0.4948554319066,-0.636988211516168,-0.587736191209104,-0.674331727149739,-0.463789733697649,-0.550231479219633,-0.693446904716677,-0.336673839800847,-0.506807497281923,-0.234529033824413,-0.701549519257115,-0.42442423835319,-0.479467445230319,-0.164636187893253,-0.350027057519173,-0.173222004917556
0.8175059978583,0.59431544248914,0.359739054998054,1,0.795409070665525,0.466509278977219,-0.0148216840338555,0.15954318098901,0.741704051106537,0.656583652137433,0.788999734356965,0.779090422184627,0.615582420906177,-0.0976717031989383,-0.292855222285492,-0.140983073639605,-0.305051498953912,-0.336170479633476,-0.304343384058011,-0.136634735278484,-0.0601399025795395,-0.312179599302586,0.303941591561197,-0.24565940645026,-0.415208625560009,0.0019182971980167,-0.417788760527366,0.36867223331398,0.366243250110642,0.225999178745577,0.405808250052282,0.0808165989310393,0.306895996940895,0.268860043155938,0.103307100548976,0.434194730439936,-0.257654986712175,-0.181024216376793,-0.0474218859628445,-0.173266397395968,-0.219289963041131,-0.0755422413450241,0.0478218271190434,0.0014837584852958,-0.0016712849594137,-0.0374598707512232,-0.194765213975294,-0.282252955275341,-0.268920532938026,-0.140249185953628,0.197151372256853,-0.0581437324346141,-0.291398111919598,-0.300786450403367,0.158818287105915,0.180179081513655,0.0553510958183752,0.381670755694477,0.0770586018676672,0.228507479166618,-0.266365061132809,-0.32671278323233,-0.507045949217019,-0.411622168292803,-0.627343950769154,-0.501584884493188,-0.391267406564704,-0.33981080420548,-0.220552947162081,-0.228877178685533,-0.233919295595812,-0.308876310248671,-0.243196059873312,-0.288695953610319,0.0054142808264138,-0.150668012849971,-0.445750711833105,-0.164167627701401,-0.49280959497254,-0.363695272930804,-0.439392592263057,-0.627884799523226,0.15846856473959,0.25216088267371,0.765584565378106,0.837309521618003,-0.0314676523012764,0.485254426615591,0.704944708379341,0.653353478207024,0.719178432947531,0.636531131994146,0.583040058774112,0.379576624274172,-0.178467106489146,-0.412631129650037,-0.206814789396339,-0.31747496659259,-0.273003370437171,-0.317357939804731,-0.316425371905567,-0.0902007610507274,0.164238365202312,-0.228758290732562,-0.0693506444136696,-0.303394424674443,0.280733471762368,0.133203586314483,-0.294175525424315,-0.334730433577785,-0.462328938243165,0.404850197306116,-0.386262023276421,0.0957936325581998,0.122177886928952,0.362626278776257,0.0867312110441769,0.332682673867481,0.472218471706813,0.0341520341166708,0.292722144030177,-0.651222190112709,-0.552938840459362,-0.0703751652984499,0.26952940005253,-0.0940456046039722,0.0064794193162925,-0.139792516180903,0.0129287065043945,0.0562056707886638,0.073775493104668,0.0703364724110467,-0.135516613751948,-0.246852702331444,-0.285836244438966,-0.249960032607368,-0.0099126786817417,-0.124840210451729,0.3019237198513,0.111255331951705,-0.0689523334847933,-0.0507258576454098,-0.171309429712263,0.468189078425127,-0.0765099002238724,0.0636775438660344,-0.284364230779016,-0.123827595226039,-0.0918938150507848,-0.644115433407873,-0.410326958724117,-0.442089814503458,-0.434319141767357,-0.499988667089147,-0.329263313209657,-0.475224247229439,-0.161157995352072,-0.450088712982449,-0.171369998397859,-0.364705015117382,-0.55385086431905,-0.363537493159818,-0.0722202280365855,-0.525200997946888,-0.433669281374395
0.798057523026333,0.310155719920997,0.321200458771864,0.795409070665525,1,0.527198056036258,-0.283417737080537,0.0147983195318783,0.807227552423798,0.463219917986293,0.836486367684151,0.732488685639958,0.53049365323865,-0.011872182012082,-0.244112347611578,-0.195382767865945,-0.273531345745724,-0.32178537734182,-0.370779230209145,-0.0335123581757551,-0.0388734587800552,-0.30465622700903,0.178426823304221,-0.304018542560623,-0.500352477805899,-0.134921791667426,-0.46707021978517,0.440133799146367,0.310927345693989,0.133662429161491,0.308505701596146,-0.0141148420330932,0.150933685227157,0.27113731234346,0.021851149583287,0.406586990697711,-0.226970707045612,-0.170048351950163,-0.0211915880170286,-0.107219399438233,-0.161482979662832,-0.0660072232030104,0.101159450679165,-0.154602954718162,0.0863394215452375,-0.113254014549222,-0.203088712181487,-0.407624002554864,-0.382132199932678,-0.0458568784534891,0.122021456214951,0.0651252592160979,-0.229629902695564,-0.181806470721219,0.296842420255632,0.404307395452444,0.267330508725462,0.318233991857918,-0.0346218144933945,0.246302844063013,-0.341790644369369,-0.413977526179297,-0.486283909827822,-0.451480410567814,-0.690540622065805,-0.562120297997863,-0.296899130277388,-0.256300340333355,-0.258153049067101,-0.0838748700054131,-0.169301471846933,-0.375426478755551,-0.267978485964518,-0.285093530337431,0.085505912693121,-0.0594503602872873,-0.492865171270277,0.071484906041023,-0.486922291684353,-0.321577565545547,-0.47663911562496,-0.41021132246077,-0.0265109288760751,0.50168623285773,0.581139430101214,0.813239716716538,-0.309112298520512,0.404445781946069,0.839470465960998,0.758093010349631,0.771592926831645,0.525714533733986,0.732830609941055,0.378148622555356,-0.0895534752919504,-0.388745908398579,-0.243990327754472,-0.320622800373151,-0.236107149661639,-0.248128456201137,-0.35171192374066,-0.0264687449078655,0.0839850192763347,-0.0817815467619236,-0.0704478840566361,-0.356118990214161,0.106555064719537,0.0397919156683064,-0.326927395245268,-0.504252216926995,-0.528132333140194,0.173758162388327,-0.574303154979985,0.0616790237842166,0.117077280300752,0.257198678951233,-0.0121032364829213,0.313720973140451,0.519587444066566,-0.0471280824724907,0.263150108862469,-0.668758576324853,-0.535408212807131,-0.0630665248713174,0.301440516129942,-0.234036865974834,0.0612037293236543,-0.10000472821457,0.0537683207508367,0.134554105012288,-0.0197184660233746,0.002162171586112,-0.236940637050505,-0.314498162567732,-0.259672453963319,-0.0927259221755541,0.199217621686731,-0.0557619632044342,0.363678359970114,0.256374862533793,-0.173421634201077,0.0172812511638251,-0.0523295182925125,0.478114391322405,-0.140876860717493,0.05785367605567,-0.323862290740976,-0.106003172067721,0.0103259115282941,-0.708073057064843,-0.40725846684612,-0.568917685966527,-0.492036898756661,-0.538724548440768,-0.366210649930319,-0.569940600697084,-0.122825345327457,-0.445747637005943,-0.242034750683236,-0.398154052373209,-0.551770045901907,-0.406466831577949,0.232273288653763,-0.517593065188698,-0.509914365343513
0.620444662641439,0.605408260863848,0.412423292421262,0.466509278977219,0.527198056036258,1,-0.24142471960791,0.551000839234947,0.833398214553523,0.654656005058574,0.401882217643947,0.767830528770576,0.706993966830098,-0.170993888046959,-0.244493415968201,-0.130464693688966,-0.315986277389416,-0.320251691739024,-0.220075749735938,-0.160528590494782,-0.277248366012808,-0.263563500844076,0.0410319642556415,-0.52121606127976,-0.353764609917593,0.148596459052313,-0.288842213239247,0.498529116917734,0.158912655344794,0.0472704263642503,0.270795956038911,-0.0483951843920959,-0.0238174350541808,0.318282811125907,0.0053197486178232,0.328221128628587,-0.272170862568977,-0.171255952343928,-0.105879333127021,-0.130331750042537,-0.169641577601838,-0.231358729273169,-0.0392071114145946,-0.216855811262595,-0.104367509175128,-0.276734188161159,-0.368655630927646,-0.163345658880924,-0.392272613107956,0.106988397174937,0.261207705099154,0.230368625498601,-0.123440801965463,-0.204570249912842,0.426272735343019,0.563129336825335,0.231954161975677,0.129765589387441,-0.181277106284259,0.0348573864057186,-0.419006204973824,-0.481137911706186,-0.458350535834397,-0.482056806496026,-0.621315049601091,-0.645237742283303,-0.264951957111442,-0.191309222563547,-0.369856058130816,-0.0414010473747136,-0.297219114964598,-0.526093948728045,-0.450558633194407,-0.291504357961532,0.0652849774784311,0.120050187594426,-0.353385823552827,0.111427766826141,-0.412456334727247,-0.341808232878446,-0.491296724043607,-0.215098733042614,0.0836988770018935,0.459907132599986,0.560941435420693,0.657055371439852,-0.272806687425735,0.940873831490054,0.495421926598174,0.852693403502243,0.523444469328148,0.774006013756619,0.350214160368757,0.533046697734245,-0.290920381816086,-0.311435337995853,-0.29561298197568,-0.189431692181213,-0.287495294572723,-0.253019617583589,-0.345631677165575,-0.317156015148715,-0.069399845219066,-0.246285436389401,-0.326134198224512,-0.542910452810306,0.0328947347538153,-0.103631417790652,-0.447190697912497,-0.383822522795116,-0.349818995433174,0.135797643656269,-0.673872953520199,-0.0644388818830245,-0.0685805428558151,0.208563623433648,-0.0066531492303631,0.367599674116686,0.376732681758726,-0.0722200189712289,0.364384990931687,-0.607580909778431,-0.375241410234886,-0.0830310931695203,0.107396382506796,0.0832158852903006,0.144884589767151,0.0075220090115052,-0.108102821589733,-0.0255827324009155,-0.191287290002035,-0.121645046030164,-0.387045281667999,-0.461812072534007,-0.310876018995684,-0.303239884135243,0.213301384421857,-0.322355450570496,0.356747790672789,0.321856471924345,-0.337598517195831,0.0352119633791946,-0.0265947336669067,0.119012976930171,-0.383770022358582,0.0114344497073032,-0.442807066462106,-0.230683044316258,-0.171554213093555,-0.667646120486229,-0.51750635987328,-0.610262147824174,-0.54100673086195,-0.383083204767917,-0.52914375419128,-0.600487661387454,-0.263467272459434,-0.548469439856135,-0.26865097794052,-0.525685050611408,-0.515572582120077,-0.53920681125989,0.170607232389997,-0.530294922865971,-0.567038653383779
-0.27530755409621,0.252097680506272,-0.280935565177103,-0.0148216840338555,-0.283417737080537,-0.24142471960791,1,0.298866107413651,-0.331295678092289,0.152050253796576,-0.127563056468697,-0.174580119133161,-0.0510657560391107,0.182937026861139,0.511883353284192,0.354033978841944,0.414808460621599,0.408038114807998,0.415628708474604,0.0938386822344101,0.199875688763295,0.379115622120505,0.105723651593134,0.167124072996091,0.341803974063371,0.0737335457485986,0.185247492121725,-0.23029757032593,0.0752987859085418,0.100283952481319,-0.0377961396015269,0.160810909012509,0.269297525489523,-0.0208254657408584,0.13655229168454,-0.204493851796535,0.483952942283386,0.354400635788548,0.313492167909559,0.240411880447177,0.191236245543233,0.284192520295251,0.109537434807215,0.232132709781081,0.151158834642807,0.275065457052657,0.26616154770347,0.350754175521803,-0.0086453365624203,-0.323260964805492,-0.103194058174522,-0.334398199183458,-0.130097880546288,-0.34687755041245,-0.446860245728223,-0.516941519566525,-0.439573700107489,-0.192757146090639,0.043169278088533,0.0521290431292602,0.415270362065434,0.598765305810625,0.0952250488029806,0.620817142880094,0.500866259055827,0.385799865986136,-0.204712911712547,-0.100367744340244,0.0162357732972093,-0.166417175833625,0.0128133416642269,0.121115759280207,0.10559402133526,0.0713292474345408,-0.317612199304866,-0.33058676917521,-0.0138022663959888,-0.24393475551692,-0.0920886867015844,-0.200513294276156,-0.0253241195330576,-0.019359139476662,0.102592057520903,-0.353346705361426,0.0301025393768716,-0.156985943874336,0.820055030323038,-0.0512144802404011,-0.151571572190912,-0.398959691529064,-0.187289782900402,0.0452180191852088,-0.284869114614356,-0.163351668531834,0.268773133406564,0.380720575472562,0.462207752103722,0.417786182403468,0.378015482757544,0.394774057170739,0.342617181343083,0.247832296892776,0.287246284148457,0.145768485089893,0.109846204995206,0.543493767948187,0.310661573847292,0.345391305039987,0.248984232483416,0.528719653761082,0.299676243564209,0.230466040334618,0.631096165335668,0.337324099388803,-0.203285164442652,0.0730887223168098,-0.0163963726206978,-0.116438280704806,-0.16400368583464,0.223577389340673,-0.0989855061663503,0.0788370587929341,0.366180786676918,0.293643306999604,-0.0877493825143092,0.258121153805874,0.288622763858869,0.144637515767444,0.203622692708954,0.123758506390521,0.216065722193551,0.128814031071566,0.262625022582044,-0.081210775823458,-0.0658167245154589,-0.125624015885433,-0.452943889297618,-0.123309429262028,-0.237059576355129,-0.624813569995611,0.201979498317003,-0.235708890937547,-0.512426662500166,-0.227026006901113,-0.0132259424420564,0.0872452296699403,0.0153701520070131,-0.368734090529291,-0.110226011235751,0.309858380690902,0.0459610165701626,0.437541776024932,0.264770809958743,0.541183082494613,-0.108272821019257,0.446133972468005,-0.215594357889499,9.47538678013644e-05,0.319358172033826,0.189509201571043,-0.053967411220277,-0.0915362828471955,-0.30579947858638,-0.125020668734817,0.0797598583900247
0.200106477584545,0.688196771476131,0.0523387918391379,0.15954318098901,0.0147983195318783,0.551000839234947,0.298866107413651,1,0.183305056718877,0.727294856704663,-0.0684989398473553,0.420986514194694,0.607594484515087,-0.115641976066221,0.111592498421448,0.139485939683301,-0.0841961624541181,-0.038021125477909,0.254319867171988,0.0741028149864353,-0.0198584155846495,0.175464222809176,-0.0893934698407886,-0.0998694409933956,0.171009768188638,0.146974817588999,0.075305182624948,0.0478322073429874,-0.100185073357339,-0.121026780823546,-0.0639925191773325,-0.177660304398317,0.0594246484190696,0.0480132331249651,-0.134926166671375,-0.0726893134470478,0.0516395101340488,-0.109052886551553,-0.138085291393818,-0.137891181745291,-0.129333939919445,-0.209424494736154,-0.163889007265093,-0.133969475536406,-0.133586637524481,-0.249768017871845,0.0488606070709757,-0.0010810285494167,-0.154170092876723,-0.151999582506656,0.0023381385943905,0.0588454146318366,0.0034319639037392,-0.277830061757872,-0.0270434226198489,0.0383767192076951,-0.162688343683537,-0.277554856138995,-0.370461747213605,-0.259939352243817,0.0600432523962311,0.0986316981139145,-0.108244128294981,0.068018046025138,-0.106925558730619,-0.0980909676451626,-0.143087405412191,-0.0988977669373675,-0.176388487810867,0.0149914080568185,0.0823382176769317,-0.249843129918856,-0.125956231738354,-0.170350065806541,-0.0426916585424187,0.0255024815563822,-0.227440447647913,-0.105421244525667,-0.194011920615256,-0.341457770887337,-0.401356655452393,-0.15474103042848,0.202421200210395,0.0430325474756439,0.442847259589139,0.26058443494423,0.24382413866689,0.657112380643439,0.140399495814863,0.154363588266896,0.0721453522016799,0.59819732253665,-0.244429937401752,0.27353353332437,-0.087468589673423,0.0965452409899479,0.0670740991618638,0.0799754637407492,0.0102193917869787,0.0593983663377774,0.1767693884381,-0.0981544487718936,0.027488685130125,-0.0087962169751352,-0.0362456602532814,0.0038831818803514,0.070685920300571,-0.0476065490597505,0.0254905306659621,0.157397952687994,0.155986098228677,0.211872341413297,-0.140122079335874,-0.0153874281462815,-0.216163278851033,0.0566269143770271,-0.0535559397793246,0.156130074011161,-0.0335930287029619,-0.086746517438072,0.0915237950327348,-0.20592648222327,-0.0200067691690028,0.0508005599677599,-0.0978896081350513,0.0620252759792604,0.11124973600521,0.0109205556284551,-0.12252849226862,-0.16560752411167,-0.206599855620323,-0.0649600559991874,-0.0279221063536982,-0.215826180881916,-0.325115962950679,-0.297488140318435,-0.0651171107374614,-0.220091131520821,0.0090950207016724,-0.178058376638002,-0.0783574758111391,-0.0367693652071498,-0.202010784849744,-0.389484434557316,-0.377363746203511,-0.165471100584692,-0.255444315369715,-0.292812027198586,-0.487525399832528,-0.212090313894381,-0.203108991752798,-0.0397870912982716,-0.0422499426624701,0.151596850840327,-0.282936164451774,0.0147557718001715,-0.16870070493622,-0.361365862896039,-0.216689155506549,-0.136331247180345,-0.290205251666401,-0.256409489251013,-0.223937188736087,-0.327883503377748,-0.44413775980649
0.830980681100806,0.524529880262766,0.457909706731245,0.741704051106537,0.807227552423798,0.833398214553523,-0.331295678092289,0.183305056718877,1,0.566925403724491,0.763743810469704,0.855807492507837,0.666263993885945,-0.149044159672448,-0.338061208084283,-0.259920739699161,-0.389598765561792,-0.417392109936332,-0.431745509139874,-0.161738912204324,-0.272491202484042,-0.433093392221213,0.170050684832498,-0.571278402054467,-0.584568637354654,0.0563714052951914,-0.48831391314066,0.552643600257794,0.293764049192081,0.110342218283002,0.380280121766138,0.0110023746274508,0.0626362337469827,0.331891574745074,0.0296699233285754,0.434490190593334,-0.365374904197747,-0.233152280276776,-0.0997471038120371,-0.136083873946947,-0.194780519436486,-0.199191882656319,0.0135218914129159,-0.168886893387914,-0.0284735059636789,-0.216574303688624,-0.43365064534639,-0.289950022616127,-0.414697003950537,0.03156797135522,0.232976136975569,0.111595368115375,-0.239503026041682,-0.227520440272925,0.414911373422259,0.536297083795554,0.237649868117522,0.335898948035888,-0.035755236574953,0.186264387435452,-0.498073496950323,-0.568007086028979,-0.590298947098667,-0.625443969708111,-0.767694746703434,-0.737729694551958,-0.348077680563463,-0.252171662944521,-0.317101741650745,-0.119573239163687,-0.360238363481532,-0.473399914405636,-0.431133859718025,-0.270673196529298,0.0835298523185807,0.0338137830050494,-0.414864265346932,0.112780273375372,-0.489596065416401,-0.329564502632823,-0.487807819259514,-0.356407521782247,0.154994552439197,0.544803238096992,0.662709657617283,0.817976832679251,-0.37506866818489,0.756326855196745,0.711653089740601,0.981675832783299,0.770781099388847,0.718600452608191,0.687389334634008,0.505184692462862,-0.263640063709482,-0.527504843700811,-0.398198152053324,-0.357897687031931,-0.340668039637245,-0.364492500033882,-0.491609839458211,-0.304811017878712,-0.0396513755177486,-0.176318880200008,-0.269188876463818,-0.580546098376606,0.0810719236073529,-0.064720100386809,-0.51576050317528,-0.577983517667734,-0.57346029200048,0.156787905389563,-0.729368373909484,-0.0386249267375585,0.0445819855360377,0.262192409051089,0.0330545553331527,0.383628633698103,0.547751584740559,-0.064802223941096,0.374378975788314,-0.745908086905528,-0.606461988107219,-0.143014962477283,0.229957231739654,-0.0484055269964259,0.111955479408608,-0.0701455402704596,-0.0572184551881048,0.0545326705076353,-0.0963023592715069,-0.0358646231970951,-0.376534508408754,-0.415217563865709,-0.310062119179061,-0.229875967884376,0.197299012733989,-0.246123279230107,0.445651177700497,0.375485883759013,-0.288740413932472,0.0139662342126302,-0.0200443447255965,0.450334833355183,-0.245958597520147,0.0951918073757098,-0.368425059134369,-0.13052555194587,-0.0567762582508109,-0.798454410420429,-0.543407647875376,-0.684159139022788,-0.611700596519528,-0.586510983606591,-0.47965281008871,-0.729208424204737,-0.220664907444487,-0.519347898270872,-0.229893235351972,-0.535681458030835,-0.58031306437312,-0.508729123505168,0.243669203395873,-0.572088304576001,-0.54312429443582
0.690808264672969,0.838576449611508,0.370928308526313,0.656583652137433,0.463219917986293,0.654656005058574,0.152050253796576,0.727294856704663,0.566925403724491,1,0.350444920540227,0.817094714074355,0.856424688457734,-0.144014680375795,-0.182004708298478,-0.083642744135505,-0.297852013394049,-0.289526617741229,-0.150990978334875,-0.0915852875088589,-0.093901447291715,-0.185112192417728,0.183322570219589,-0.235379867950857,-0.271783406216663,0.187599833721036,-0.231101489207504,0.371426885189709,0.228193011521066,0.138140707825293,0.245331548931447,-0.0471777446390385,0.22681260781745,0.272402503677392,0.0734279880359324,0.267963447013659,-0.238297797547319,-0.151868508749116,-0.0341531152244664,-0.207598721346834,-0.14328204773676,-0.150473382727176,0.0015556195590599,-0.065475522667676,-0.0299600704802142,-0.194882139812537,-0.181309671207113,-0.14645353832317,-0.239563420550309,-0.14295650750326,0.197815992166763,-0.0011336426516939,-0.230948661103062,-0.380187688316556,0.145272309427839,0.149703899338062,-0.054550398038516,0.0981927559603014,-0.172939591643439,-0.0228006411533731,-0.265300283163942,-0.260463383821734,-0.429006630354628,-0.347618219439876,-0.521043343361653,-0.443374558896338,-0.395948493202995,-0.30219050177346,-0.318571277055434,-0.233173966376236,-0.190308068259625,-0.329830379617003,-0.286788103591028,-0.229131829171704,-0.0627510569433388,-0.0929759680377489,-0.341362086966484,-0.190177851953679,-0.481426533713628,-0.431152816742066,-0.557070788240603,-0.468020302373206,0.310557606265648,0.231135164450967,0.850927571577756,0.651347578718615,0.120624158268235,0.712158117916968,0.437223609189008,0.50459945634456,0.358425255973089,0.87491256213412,0.165070917014475,0.534936954117112,-0.23284001511138,-0.294268961907416,-0.200544442197289,-0.227377437145381,-0.262545046009172,-0.240433511889767,-0.22337481508517,-0.133877014287153,0.151558508480566,-0.255745537649797,-0.112684998051803,-0.228756464041942,0.179813261688853,0.066628342914664,-0.170325387155947,-0.207163946721238,-0.320774741901112,0.438086157797222,-0.378608942101409,0.0606000096378049,-0.0687759990669309,0.289886884320028,0.0495082971398545,0.406261849049632,0.362923146695341,0.014385607050683,0.273995018668451,-0.538823249632133,-0.426847750319416,-0.0362860023336916,0.164290490762862,-0.118350441194574,0.0424283101641702,-0.0007992796008582,-0.0733230666864742,-0.0493215129167502,-0.0857921405249047,0.0614057798804427,-0.0233384165340576,-0.243319751397379,-0.357825223914505,-0.397752803859474,-0.0455103829809276,-0.22874693177177,0.241566941607848,0.0266596052540482,-0.0586748152304104,-0.0678568888718207,-0.123754982840186,0.035082150745619,-0.316905538495462,0.01501133536065,-0.291497777455481,-0.175672974339591,-0.185245724105388,-0.540968374712683,-0.449183488350836,-0.405860477909622,-0.410734340416551,-0.282852897349255,-0.387115072598128,-0.375565182358649,-0.162450213510131,-0.455578120714769,-0.167383051551786,-0.404404327257559,-0.491441028832785,-0.375443423817433,-0.208884257739363,-0.570282335614457,-0.579030516371293
0.686894429317227,0.2517515744833,0.137480797292324,0.788999734356965,0.836486367684151,0.401882217643947,-0.127563056468697,-0.0684989398473553,0.763743810469704,0.350444920540227,1,0.672979009050862,0.414186902942905,0.014929211058671,-0.173126202147734,-0.106929407979444,-0.177794902891304,-0.222071988317101,-0.256698467133534,-0.0041459604879899,-0.145360018620627,-0.269394851322823,0.177151472577551,-0.383319301885307,-0.490796950921061,-0.261372917474226,-0.495135215468308,0.308397565636913,0.29035691530659,0.0765527830307748,0.271939268696825,0.0350291521103552,0.113027285058742,0.166907896247169,-0.035957599204861,0.29516124575129,-0.11888098001264,-0.0841835298296113,-0.0516926896924509,-0.0315174659080562,-0.184264197329473,-0.0474704854240802,0.006392632457423,-0.093916625992309,0.0292262577539282,-0.105300006190027,-0.273457778695655,-0.1853593665229,-0.396340018915691,-0.146205044329838,-0.0468341897939103,-0.15346254338181,-0.221512042659405,-0.241752508532296,0.0498219367527796,0.20395854605392,0.0645030062593331,0.35721960626016,0.0653015532498393,0.252681794087833,-0.169093948320621,-0.246716461175407,-0.471220627774218,-0.305504410438302,-0.531234517162342,-0.400907585285685,-0.269546225045515,-0.194494191905085,-0.139648173607412,-0.0855781816653432,-0.18548390428084,-0.319021002095871,-0.190575109334698,-0.218458084791147,-0.0187984318345535,-0.0846577135905237,-0.439876488113411,0.0549023785832078,-0.404335752875293,-0.351531028611555,-0.371053102986181,-0.38501395746908,-0.0194550023514759,0.353474570422113,0.493062642593793,0.818295558933098,-0.231681652548094,0.345783002380077,0.825349969486524,0.725923697704061,0.904351990926132,0.471157098844966,0.876500222657999,0.233940685810083,-0.119284185151219,-0.381477377587788,-0.119597726233962,-0.237580490450687,-0.118800451758836,-0.160015756317088,-0.273489150050845,-0.119055975546185,0.072083024828927,0.0259316239649697,-0.131206084292703,-0.216346659735749,0.206090190494028,0.119575623190602,-0.371980694152601,-0.462015280991187,-0.487337150457741,0.110096209528545,-0.429742037334585,0.102385741343776,0.0337794473685431,0.218598202113527,0.072095159297195,0.247372762363281,0.470854357119848,-0.0185401674047438,0.195797905799567,-0.614232667044201,-0.4634986936265,-0.0177912583493303,0.262475467381086,0.0048008614860438,0.0940529750569972,-0.100076163833494,0.0555750083926992,0.0941785715822401,0.0150929600505332,0.0560007274786882,-0.212175052949459,-0.268233666181425,-0.165474595286734,0.0025098127734287,0.0346590853516656,-0.0229502057842052,0.262872771139907,0.0973154048114686,-0.0637086306376832,0.0396766010250963,-0.127037687794773,0.629276145633007,-0.0575391767271723,0.0138933739404406,-0.213927135962491,-0.191657140083165,0.0235291303701917,-0.591125348810961,-0.289703956586095,-0.376069125703345,-0.312733464677264,-0.441011094092652,-0.318927535769043,-0.426794002045019,-0.172253109238305,-0.389121979308895,-0.0754258111913623,-0.228138307877783,-0.435674825784865,-0.341079497680747,0.238314763084594,-0.445618773439381,-0.311809069666096
0.851711061398076,0.663444059163605,0.464422935602156,0.779090422184627,0.732488685639958,0.767830528770576,-0.174580119133161,0.420986514194694,0.855807492507837,0.817094714074355,0.672979009050862,1,0.85383694668111,-0.108314692201313,-0.288190864408174,-0.203576694311413,-0.317206920202951,-0.365121945594666,-0.31362585815219,-0.0963069756720841,-0.20668534789535,-0.330231890547046,0.230767987899691,-0.456139272287566,-0.470778437936141,0.0913908417067847,-0.478030544832464,0.555410934332487,0.322162086930374,0.198105650121565,0.400087919808635,0.0222225118679945,0.152173015908472,0.338206686046442,0.0638904303089854,0.442501330214036,-0.296902138268465,-0.137671060440097,0.0011960287221753,-0.161044770124576,-0.190796035482519,-0.136066074442807,0.0940133761824426,-0.0976945433754794,-0.020315663774153,-0.225547803475448,-0.345317403566858,-0.213382012478433,-0.412978186261202,-0.0481572623226517,0.29280601577171,0.0304143879654191,-0.258266994238812,-0.410063959651979,0.346208130143072,0.402789502711426,0.105695195802515,0.320562374379929,-0.0588749928751573,0.147855701586267,-0.450124645626049,-0.472872899785962,-0.641340003608303,-0.526126096484585,-0.753826558169048,-0.67187814930874,-0.460004840298566,-0.382508845024596,-0.425658800302301,-0.241381637985335,-0.274974894057075,-0.502495882741468,-0.469557548133557,-0.319479312065656,-0.0499179334890084,-0.0628687200989985,-0.494210888062906,-0.129686709148926,-0.597731127317111,-0.436809325707764,-0.586035609893826,-0.552150200465704,0.229307774924327,0.406138924554509,0.804655386184959,0.860441029958993,-0.262090420460302,0.717378670570639,0.686934302626248,0.826734910381179,0.656142356245578,0.8311589502863,0.564828529765699,0.584301887593447,-0.256403585201684,-0.432158674860791,-0.331772044257151,-0.381772399728415,-0.268153268131821,-0.301527446807654,-0.368725329723306,-0.256793767142803,0.101750329967407,-0.17003355973479,-0.178655486566793,-0.371184610380554,0.183944591118457,0.0499333943227094,-0.347563320409356,-0.439258895699585,-0.494987723986688,0.338656417671778,-0.653879819822156,0.0581214634498066,0.0651505393047867,0.36977931367615,0.119228465527648,0.49388472901083,0.545312339626263,0.0112372255264722,0.427302793404115,-0.702236390362021,-0.568628159468822,-0.0233006347484855,0.349607863487012,-0.0925974273887104,0.107933487834865,-0.0311760230411614,-0.0119147149569099,0.0201667627448773,-0.0390132754621146,0.0595832918877567,-0.117373019845575,-0.326433341696811,-0.308415356604647,-0.326979546633512,0.116994027602038,-0.248739405234327,0.467389205357035,0.243246622641086,-0.151615054717122,0.0086089107016469,-0.0576381902947692,0.367494886437884,-0.240250869197548,0.0924844767132127,-0.373527960111481,-0.177283775324665,-0.0695375466906672,-0.727767705697647,-0.562705708622374,-0.596594728026052,-0.591021819075538,-0.467440298245816,-0.499405139077908,-0.576479326195719,-0.197104124742506,-0.577724826891369,-0.200945535681533,-0.575190460465774,-0.585343775750721,-0.493586752972246,-0.0404675568289894,-0.643816405477153,-0.574993337374789
0.75292354716954,0.767524540217098,0.555884200041939,0.615582420906177,0.53049365323865,0.706993966830098,-0.0510657560391107,0.607594484515087,0.666263993885945,0.856424688457734,0.414186902942905,0.85383694668111,1,-0.231995476276713,-0.15410410995838,-0.236029649797163,-0.328917012041428,-0.300901136921596,-0.235084506923588,-0.102976991167576,-0.191976408320901,-0.240341584255738,0.36087792511574,-0.256804238679261,-0.338894615737048,0.227874280463009,-0.359085215778488,0.636386644087214,0.400279525160876,0.283195939815631,0.454384933231958,0.111389736278233,0.3484397567783,0.495192982288196,0.2103376389085,0.4424078936431,-0.302200043237089,-0.106675836177006,-0.0372167035801559,-0.205120569521297,-0.152091154369427,-0.137213831675896,0.0302801971633958,-0.0775013578784644,-0.0046833719786313,-0.169529827885234,-0.208656118558569,-0.197722188825775,-0.412171156743823,-0.0405489118789256,0.270489023108253,0.0577177490252197,-0.255737198570745,-0.423558954464691,0.331267047256135,0.378748462482279,0.0829807265811445,0.148408047504413,-0.144689981699499,0.0005140094847406,-0.406625730431181,-0.389622059461098,-0.547833231331347,-0.448892195943811,-0.608111342705756,-0.599896997270394,-0.475572686564294,-0.340702146799329,-0.440441730376082,-0.211966253237665,-0.220642127044619,-0.48071754509629,-0.454961854380767,-0.290449024194828,-0.0712855721652159,-0.0393825061938826,-0.375295716184991,-0.146187446855594,-0.526268273587177,-0.410933992213491,-0.527355106705786,-0.41605184188539,0.369953675287985,0.28975492981789,0.783533392016828,0.676277488465396,-0.143177438034621,0.697579727211591,0.426315970796653,0.625298996621734,0.405193076119586,0.865656049487948,0.234414658611853,0.793392443499488,-0.285064503100987,-0.35591726987818,-0.322180499338352,-0.302459916559398,-0.316830774779775,-0.282322257663702,-0.274056812968457,-0.185546213902486,0.315901222308711,-0.154880954363849,-0.152944676690185,-0.211908511244837,0.240739989891063,0.13240993719528,-0.0944293274973003,-0.259644042739012,-0.389335000215293,0.422805189689095,-0.639289079305304,0.156722759544904,-0.17750861500055,0.435336232556503,0.0949813841805206,0.623665650173448,0.604943837881575,0.10146372645014,0.477921889062663,-0.663321514203476,-0.483143548160015,-0.0177991299079815,0.327928625596832,-0.0668650360635378,0.0343864738230208,-0.0173279866057095,-0.0830043401984031,-0.004062492169641,-0.122377905744785,0.053471273455643,-0.128195718925073,-0.463748558956564,-0.365237472858101,-0.494606528047421,-0.0239030093263364,-0.422184308709616,0.334656380790825,0.0861312040288237,-0.224912987917858,-0.13384166999917,-0.132838890176204,0.0979534316256284,-0.373567483970161,0.114213699449903,-0.472806063790861,-0.25395587489903,-0.142685017549034,-0.697470195145276,-0.633910961411397,-0.568044968213511,-0.57794371522874,-0.357788485002616,-0.592096355870391,-0.535132276901267,-0.30147851424216,-0.621906016809626,-0.346362825635783,-0.584131260107819,-0.631685035143245,-0.547226822464334,-0.167851870989392,-0.64278461544482,-0.607054675348909
