1,0.814776130183692,0.371323945847394,0.885330997745476,0.799869115373055,0.689416474488507,-0.0897532197125766,0.520433413058142,0.810056636967449,0.653837840296738,0.769818581231577,0.726000555874453,0.741774603985685,-0.36732986836271,-0.15275830993346,-0.146078862869835,-0.110359518984222,0.0235972035679432,0.254070031855597,0.308551335097435,-0.213613543921165,0.0858492679766216,0.0805032809903069,0.0822783928087331,-0.130298004678757,0.056039314588882,-0.256165699060161,0.522818379771401,0.316043433098799,0.247892128525076,0.399035595186582,0.28711749524574,0.280480587387396,0.211756246525217,-0.185623451886279,-0.154327951799609,-0.282143969807876,0.0316809373879881,-0.334084497008991,-0.441487197381997,-0.405077132974936,-0.192948205246296,-0.433849343149222,-0.173143002287897,-0.306850556490206,-0.437309447423442,-0.161749811272567,-0.116405684744105,-0.276483670082208,0.124832735030395,-0.0876275906795184,-0.554241872522471,-0.0429203835638124,-0.297528312294963,-0.211923779223583,0.119926322333761,-0.13449912630841,0.392685283878705,-0.0158150582294621,-0.25973365171507,0.0228626455571892,0.251280007403602,0.194113176267063,0.283428178066062,0.0898994430337865,-0.312885885868005,-0.117251517693032,-0.374877871673503,-0.412690909924114,-0.152453656366883,-0.267244344846391,-0.352412059795084,-0.20397555325163,-0.437249332544051,-0.47672925265006,-0.221380699211877,0.0195511014259678,0.362805871326487,0.0305594987932035,-0.256586372546177,-0.057281557023648,-0.0936672346924314,0.352343964379061,0.562748066223285,0.827562514865255,0.85017849316684,0.297695453031382,0.673567474890115,0.774246393961362,0.727415661681914,0.850089939761809,0.654928179770494,0.602000163617407,0.85749291690109,0.596482439088029,-0.259923663202666,-0.328340191472019,0.0113790346965109,0.122031011469644,-0.498038679559689,0.024071688778456,0.143494559003972,-0.0368791344610124,0.311705699949714,0.2055193832276,-0.185380271193424,0.14472694493016,0.293389564285684,0.238947904060798,0.383867293524923,0.258921657620774,0.160829609573417,-0.0604611134253627,0.169303423525664,-0.0803751027422679,0.280108865339805,0.126950103860926,0.270469239599006,0.389799132842024,0.252627291734884,-0.096737992653607,-0.166137307947889,-0.303536685648076,-0.416552792053024,-0.286726169784067,-0.162565389272851,0.141437890507247,-0.550287485263956,-0.342392659184559,-0.499580609040817,-0.336532205898628,-0.388913704764446,-0.406817510311421,-0.313709862231674,-0.434825355179313,-0.355118006628675,0.576665540316468,-0.283940793052952,-0.436708680259882,-0.285203479568079,-0.227786339306293,-0.242005559881196,-0.323177544362009,-0.380631657059828,-0.32765481127677,0.575652627020162,-0.130165476985286,-0.348703650222356,-0.454791544080669,-0.643056533290009,0.555059901884021,-0.421718696521353,-0.0227582691380598,-0.031056196363089,-0.643261195646679,0.127288580343472,-0.304557457829539,0.179639585931338,-0.387394083755917,-0.526889789405309,-0.43539452435946,-0.391425251238514,-0.654616773634741,-0.430795597973599,0.312963078643375,-0.29131386584492,-0.0246902763271182
0.814776130183692,1,0.516796454948768,0.812786703816053,0.771180285509824,0.798843762595129,-0.0479767001657996,0.85614980436894,0.703051784987938,0.863047523366093,0.748698345420604,0.859921006287781,0.926347115497843,-0.413032646270868,-0.0900891798724404,-0.18672388750691,-0.035028407169058,0.164181926290195,0.36647735576812,0.512162508364202,-0.278004305462146,0.222307233063751,0.271241787790445,-0.111320946710215,0.0393236176538063,-0.11746916954285,-0.548627137649765,0.282309935471903,0.359403166292053,0.329294583671347,0.173438770539321,0.283278475793577,0.264372620904368,0.144288153981183,-0.440095414655291,-0.260018829957846,-0.297633990248141,0.0192529621505709,-0.496765262040814,-0.496637651278583,-0.571431177517201,-0.254569902093945,-0.547128975728925,-0.204134824518168,-0.464271839504756,-0.402071267315502,-0.26189926882226,-0.199672768957569,-0.511265224529214,-0.181535757896889,-0.375504479011881,-0.725093459721013,-0.222052750629221,-0.485996735446432,-0.514884981034483,0.0551133596337137,-0.396554329473428,0.337884328144376,-0.18229308922313,-0.45532595224103,0.0779252971834286,0.405043596674036,0.371269770718374,0.387927179285877,0.141836082000761,-0.284865981558737,-0.129150787555332,-0.373772150420932,-0.396254684591517,-0.0438843392371764,-0.299419835760444,-0.341587262454935,-0.110749992879157,-0.490081001116924,-0.651959814185171,-0.372359945439142,0.04108517826193,0.394259722642415,0.158972019323104,-0.246467102638564,0.192934616152026,-0.30003198129974,0.327590914077668,0.418843067923263,0.951648590539979,0.827296305754627,0.623187528499348,0.833955622696841,0.728550395589293,0.668022406252719,0.733045617741398,0.872220454524057,0.82963432665608,0.758632609813383,0.757501067148687,-0.165351015495466,-0.219276973741956,0.0214166561259115,0.249816315957445,-0.509714329462503,0.130228788411839,0.284378283008583,-0.0664140725535308,0.562020218149789,0.411580538646213,-0.195188136135766,0.353377069602786,0.532594613848492,0.504847496081506,0.662759295456186,0.137540225299955,0.464714143639402,0.0965571224344621,0.0672775930424313,-0.346817238765585,0.432239597626169,0.0490150565592832,0.481788878351353,0.402831146948135,0.0435810322128605,-0.102716425906359,-0.366485677655077,-0.43255390130299,-0.521561743453205,-0.247552041090034,-0.160091339565121,0.134827733261931,-0.566779410386342,-0.433397298813382,-0.648731339728584,-0.470698917524685,-0.514026761185775,-0.496545109946621,-0.381025760665828,-0.554488903028162,-0.563445541469292,0.400329744566905,-0.252369761869565,-0.562952367747012,-0.45700729925732,-0.509230978284245,-0.408180909239931,-0.433500974813908,-0.402956883202015,-0.424545606068904,0.499168973904951,-0.162607170107742,-0.444620492719635,-0.555734925118295,-0.672528033027885,0.392348126441069,-0.590783375316277,-0.278274280939526,0.0157594390108133,-0.588428992610524,0.197060789639279,-0.112852221855386,0.335130956551335,-0.340329412440668,-0.52853428115054,-0.31852642537505,-0.281046942800049,-0.756957409144633,-0.537975908078071,0.374640782568541,-0.13313366860222,0.164658942397221
0.371323945847394,0.516796454948768,1,0.300642079867664,0.330635540322498,0.252981214021442,0.200131271781971,0.433534827196535,0.30397298278917,0.703311483266815,0.361762785228046,0.372252461835469,0.481863404488506,-0.146061796258895,0.139392506988439,0.0631559067392166,0.225235698881694,0.430941395084616,0.0471436489195086,0.256737759957457,0.176306944780749,-0.043129979312882,0.300921850024843,0.208585797103654,0.0316886435679621,0.198969045133203,-0.23636434866326,0.485071303612557,0.433786964386027,0.316123020395853,0.153363701676098,0.161054390884793,0.649081456712376,0.32519294650519,-0.0134131934378549,0.0551097850942351,0.153303953357814,0.494414410317879,0.0783470060098522,0.0914823534926362,-0.0129872887943418,0.213827656888455,0.0022853635274671,-0.214714075794123,-0.0297171225626853,-0.003833867353497,0.112747774084896,-0.240723371762696,-0.482839561620401,-0.283616569784716,-0.0421361982007109,-0.259346004017532,-0.297959033840538,-0.390949289073222,-0.157579075498449,-0.382537623532359,-0.390849884556943,0.225183285015117,-0.0672289328613103,-0.0589163173576163,-0.0897428206802532,0.0067693318407283,-0.172209736885814,-0.0060161424818778,-0.235353134413716,-0.376294438110283,-0.308726894693312,-0.220651093443316,-0.350559845199528,-0.130294161508514,-0.317458110608384,-0.401059161746294,-0.243741975893669,-0.333461714990439,-0.556508564795518,-0.488249490499883,-0.243529295342902,0.146765081219172,-0.100349234355314,-0.369187284981832,-0.0329108539508928,-0.134799783913577,0.337714692636433,0.202911180894326,0.510811725047288,0.329975850676647,0.616593359202122,0.332565297819165,0.371484023722174,0.239471678849833,0.297287017245387,0.508079462816942,0.372060968450885,0.304634851490718,0.359287638888711,0.159622700207179,-0.0432951013814674,0.0500877168503327,0.220325950198868,-0.0611355235292007,0.0532931362177908,0.0290584422051424,0.242793721632422,0.20283765857054,0.297491260004757,0.155875511283248,0.034143390383239,0.533808929370321,0.227160077890017,0.366016077585251,0.332634244521196,0.267508823386144,0.0949098051120616,0.17934130179733,0.253159584261143,0.130431297839584,0.292863738533748,0.246829834847933,0.569172818003361,0.301171033974909,0.25899201742408,-0.105082472127645,-0.0612501034320738,-0.50529342481615,-0.037816930494275,0.37498882025616,-0.043144306720883,-0.0990252224239019,-0.105807143213233,-0.244539695461213,0.0702982747526862,-0.0764762403484584,-0.104774655030325,0.020834652410378,-0.0012684989700593,-0.252776204166261,0.379143222597923,-0.172108171446564,-0.285492184689855,-0.446739980224883,-0.11496061886064,-0.551648080008145,-0.506935747025188,-0.570827143883467,-0.542814864821049,0.230104937254061,-0.162236203262802,-0.0804132965865038,-0.410279893611332,-0.546136289194758,0.426880414572892,-0.525147318500849,-0.350833700138167,-0.137508560863491,-0.368475858801565,0.0211674402589021,-0.0482497269889176,0.265351614498511,-0.211096391256272,-0.555405589919045,-0.28648858862262,-0.384919399581958,-0.529275469698309,-0.512207081992507,0.098400978251408,-0.26933758707548,-0.0687499506193281
0.885330997745476,0.812786703816053,0.300642079867664,1,0.873399399756575,0.72997332141422,-0.12445099880647,0.588839061861331,0.878670341871998,0.620785902897486,0.865595290951219,0.791722528270951,0.739094781909946,-0.484199411223538,-0.21716436910048,-0.245302591570793,-0.177528550969017,0.0459053931347496,0.353051616876143,0.396469822027909,-0.437238815608022,0.151698790314333,0.152280668046879,-0.0296594015908917,0.003844169116898,0.0297996506273648,-0.413028273345182,0.441637666416552,0.316228957023321,0.215338127205257,0.289738536963725,0.213339672324301,0.12791847805979,0.125829433098763,-0.298868611163654,-0.224795917516971,-0.411567001402602,-0.0862913327103699,-0.491577975094716,-0.611939952959774,-0.517132499080528,-0.324765470835217,-0.588663072033203,-0.234803509764095,-0.495266401105546,-0.477044723855614,-0.304987366677566,-0.206151431246222,-0.281506254980966,0.0865279395172154,-0.10258092681091,-0.580660691321715,-0.0547424342830339,-0.300596181417271,-0.234025981803823,0.175731610714534,-0.13315996096301,0.466871165537174,-0.0420654793089071,-0.295929530891621,-0.0372040924707963,0.344094513157418,0.28478035503004,0.340385092281079,0.147474532051575,-0.34569104441613,0.0114963487241926,-0.363892875018419,-0.298898858100777,-0.0810320076945997,-0.24444790166976,-0.298812149681882,-0.155713334120789,-0.426321202283175,-0.475881990284451,-0.194955212552412,0.0934500613458905,0.490242307899246,0.146778782496167,-0.117197126818534,0.0001638215958241,-0.124911375522508,0.374358296096711,0.540473482852593,0.868281404437737,0.931151565446397,0.490608887378637,0.677763768087262,0.813629191296722,0.828047441189373,0.872206390740627,0.748790663457749,0.676894794129557,0.939415390992568,0.66302108997728,-0.386261437705767,-0.29531691792845,0.032155951562102,0.146421682039245,-0.588500387057377,0.187132205640435,0.322791975647644,-0.233616811884531,0.442846467249993,0.282151063837266,-0.301067431851399,0.311979730801725,0.362397902854768,0.387767712387326,0.488588336946114,0.178462299998794,0.293412881924262,0.0114311155410527,0.0963172418274585,-0.177114394536906,0.457883609416845,0.141196608913494,0.354635515832575,0.330210086773747,0.126916686234047,-0.172791418745169,-0.238212522495923,-0.390472953308754,-0.408337510362782,-0.374932213942023,-0.268405081481183,0.104352180084377,-0.473795369071079,-0.428323482405081,-0.599417799503773,-0.523564762027849,-0.556954859027704,-0.483567167004725,-0.400947685748316,-0.525241763321587,-0.389586517007643,0.466529018300017,-0.365922532700307,-0.393437597328315,-0.303922384760727,-0.26871251714911,-0.24245597665301,-0.352865936329029,-0.408710981242984,-0.317900299770246,0.66530326166687,-0.001692576593381,-0.421110706576506,-0.424365236050332,-0.583969403403693,0.469689166727739,-0.403454739693902,-0.0448690269181321,0.0641916674383013,-0.544178339477157,0.266719188385366,-0.269824192189203,0.266165998567775,-0.373019240609417,-0.357667647164455,-0.359145050968764,-0.275947603362061,-0.617467414482771,-0.370330632551068,0.452021985027981,-0.0715445754157973,0.0539307860067087
0.799869115373055,0.771180285509824,0.330635540322498,0.873399399756575,1,0.531296774044561,-0.131561693245641,0.495852565281424,0.814169001249458,0.583050423650513,0.888163168652383,0.709788339030441,0.670550580825441,-0.269520536628907,0.0342623454000899,-0.115665551845527,-0.0312721680294676,0.230627168332637,0.311314654914119,0.446335056574158,-0.307144596533432,0.214071554468112,0.238729758795275,0.0289546475190314,-0.0465688939564205,-0.0299842359514267,-0.388394362722163,0.35276390033251,0.399652004073694,0.313915871509234,0.288867280719761,0.109687351044726,0.0547560094892267,0.23286559332417,-0.300612801598905,-0.0700059161247967,-0.35279349247029,0.0458424856712756,-0.523787398782355,-0.473227516770388,-0.464296738361346,-0.205261277699511,-0.478866774269804,-0.221749598633655,-0.359450409868623,-0.527986945647795,-0.14081690512752,-0.105759605786108,-0.398030436964956,0.030219683332664,-0.197824774374896,-0.54618220594313,-0.0967496423262486,-0.330417208743106,-0.316115231692218,0.281342553594297,-0.158590340385338,0.439249499154874,0.0195947290017994,-0.186928061183585,0.0853234434282206,0.481138851518055,0.372020572723079,0.493994686935466,0.274586620604507,-0.346102947365821,0.086523633232921,-0.190883320092192,-0.123564936382685,0.0057191819238965,-0.171741739166531,-0.273981246031736,-0.0149639710389136,-0.417803518260174,-0.495433025037233,-0.11390049993941,0.184434523153587,0.623165708267126,0.270522693205967,-0.0360936828968075,0.0794277450714872,-0.0190998120902567,0.343839259452859,0.424072319774246,0.795813367123473,0.804854166745092,0.439088353901381,0.597427987842144,0.854869440840601,0.71505862102228,0.78025349816742,0.653866268701347,0.58304284357024,0.826504026269796,0.615678124079228,-0.126520463683561,-0.129488333717271,0.0149399209079495,0.295987256275916,-0.434567772582553,0.180411560559419,0.308699484030013,-0.189257313417374,0.461783168546526,0.269541863410047,-0.213265113599701,0.20643793218417,0.273505669927243,0.286883651803458,0.402137548045956,0.178781124087749,0.190215984033867,-0.0588980163137514,0.123039377735384,-0.290135735131365,0.458024956590865,0.200236952450196,0.402375837015069,0.302370352460976,0.0150561394349866,-0.16182489149674,-0.217275671966329,-0.301980041889503,-0.334485739415483,-0.269752183950332,-0.179463086526343,0.234073335789934,-0.356195201728576,-0.296314949901222,-0.513557707543564,-0.431101371594195,-0.399599802912827,-0.56905597936997,-0.289615368861591,-0.509766078020497,-0.392060654064406,0.342674763696824,-0.373775103307266,-0.351670525030096,-0.337503263211141,-0.286236992344204,-0.127029471420902,-0.352094162609843,-0.426411788079697,-0.307995974006165,0.643594467266867,0.0831898698699496,-0.349821532907328,-0.456190399700417,-0.537058238365012,0.276956900038875,-0.387604428589461,-0.133718372405761,0.130870292838711,-0.457500438152011,0.407976775235421,-0.156377832045718,0.376487257294309,-0.273722143871817,-0.306011274829677,-0.225236135452095,-0.15928675554599,-0.591990377069148,-0.36099879827056,0.552975351409075,0.0296391727828141,0.128855851844235
0.689416474488507,0.798843762595129,0.252981214021442,0.72997332141422,0.531296774044561,1,-0.129906136862088,0.785449726608662,0.704885631020624,0.623489719200254,0.500885987845523,0.825984152863669,0.732823848685551,-0.507173396711115,-0.372483411447296,-0.324691953226984,-0.211019320647472,-0.163239822161581,0.276627287463105,0.250764077862291,-0.416666768796279,0.0150703058083116,-0.0128139688766833,-0.189152092903968,-0.0775459447524546,-0.102406430009413,-0.374685126565237,0.275466577438987,0.14240796782949,0.133526251718789,0.171874895854704,0.163838276421705,0.195632921818301,0.0402938314265448,-0.365599553495077,-0.360808963233431,-0.3729638780874,-0.158998764004922,-0.31278804237775,-0.539018895895046,-0.385128198468738,-0.257649282181164,-0.468459483988988,-0.128125879554774,-0.343818308912583,-0.294818654210402,-0.344281726529374,-0.280462916738414,-0.254658214807418,-0.0463359724338866,-0.17540692141407,-0.593642080757707,-0.0945800967461771,-0.34733250099216,-0.254712478523654,0.0351382978277204,-0.196421319073372,0.297058341105231,-0.174617982457842,-0.347442016549529,0.0044680787803258,0.198216694411488,0.227192792680216,0.180787145458622,-0.0500885484858068,-0.307978299701643,-0.182903338821689,-0.49580252110281,-0.434366738152341,-0.144978567948855,-0.20825787866163,-0.233783458825104,-0.196900072803327,-0.292431743607309,-0.436623520930744,-0.309218253396251,0.0579576513145064,0.193568476397173,-0.0063622697292863,-0.16957569200199,-0.0411714142479638,-0.407795537203584,0.173417318766534,0.380797559622441,0.734089883744167,0.735784384082433,0.379857789800052,0.83914863954069,0.505382026440153,0.7671045526944,0.699158757882518,0.670737511235785,0.755804178974314,0.695411848102795,0.585672532519772,-0.265545607278745,-0.346392436433866,-0.001806459009317,0.0307066724684099,-0.544910247314087,0.10617401276798,0.19870958026623,-0.103907219931277,0.371796645431407,0.23077206793157,-0.30737681531281,0.27385206886302,0.329324401777397,0.416748471835164,0.447037854403588,0.135965871070233,0.383601614681197,0.0112515583020611,-0.0968832713299994,-0.286320079377697,0.319249031483882,-0.0031628686078821,0.293277079674621,0.264284363330669,0.0433580662821952,-0.166684707412587,-0.271698095193664,-0.37580996773714,-0.550127750147356,-0.393478362211904,-0.249247567842874,-0.0077255074855652,-0.502006379934517,-0.461129948641332,-0.513270393589101,-0.346087078025209,-0.397186051187259,-0.273028118033566,-0.362301014207737,-0.449396666922043,-0.425105804061375,0.396938415949147,-0.0931145916947285,-0.544274682369508,-0.293087386432483,-0.32646519925932,-0.379321754810542,-0.225188358650984,-0.366508699947341,-0.410636774312646,0.378848795653837,-0.155046071197824,-0.386818453831382,-0.295417711471144,-0.587781385206602,0.430578602779635,-0.568359580499663,-0.189553034119992,-0.158905563627833,-0.663005838252712,0.0027543474470743,-0.260766940636315,0.111262428668439,-0.374282727130746,-0.449207931069788,-0.165910131331138,-0.419631541848881,-0.603507693057319,-0.477839489306222,0.184473456634685,-0.265590161603197,-0.0902211725814368
-0.0897532197125766,-0.0479767001657996,0.200131271781971,-0.12445099880647,-0.131561693245641,-0.129906136862088,1,0.0708263731651789,-0.137299514234315,0.286631057628852,-0.0813310654078297,0.0033829840141973,0.0265269359671674,-0.0602880987473631,0.103563709089091,-0.0997286137060782,-0.0654259271466148,-0.155803323555778,-0.0324084471902576,-0.228967092776088,-0.127290358268882,-0.190305492525801,-0.193407961314342,-0.289128306649792,-0.168779842062427,0.193455210303542,0.38378909148346,0.0163299124284273,-0.164131512042368,-0.142883337583861,-0.0238636284256312,0.482523072804191,0.0998728633016117,-0.255963975871996,0.0612675920028011,-0.215760306780086,0.331996535379147,0.0415207626333574,0.295997683958518,-0.0843837511373033,0.099033197449169,-0.0538492564550948,-0.0653426436276568,-0.0079723543033106,-0.0932942157157958,0.141276430083081,-0.183418185603365,-0.202223369931907,0.223856273691464,0.10594585366556,0.131780131324921,0.110460586948985,0.271502881592109,0.158449405258088,0.0929859958855193,-0.153351274634511,-0.226198474914214,0.162649104121073,-0.0481438085614619,-0.136203676119669,0.102252459110779,-0.122913561564196,-0.0488073000091107,0.179890653786653,0.0904650663518714,0.413290284967596,0.136177260331165,0.173468412405456,-0.0411689016312009,-0.007037425248723,-0.0430870750933743,0.170495368218046,0.167917091517028,0.0457179432887496,0.0649072774173699,0.0445983142917255,-0.293594811427962,0.0067054674838339,0.0791171605057955,0.0294146221606873,0.397302861484554,-0.0899176722721864,-0.0981639419452952,0.0298550696642971,-0.0654994524528406,-0.15312517199858,0.213227205585219,0.0518784304995577,-0.202085515165628,-0.191976614502836,-0.0746812538983864,0.111422993610143,0.073419332403646,-0.138024715126854,-0.0794796633462738,0.0532107711868215,0.0191650980115062,-0.131424493665718,-0.324864989172371,-0.107724970645353,-0.0367662387209837,-0.148883584384795,0.0023163812792237,-0.129166384922484,-0.0694191183127329,-0.144096368422278,-0.140230243605937,0.0233287749291653,-0.174748989841461,0.0486889126368501,-0.311134711730887,-0.0980865325177824,-0.30227746428153,-0.0018729483390675,0.338949826418586,-0.140675493623171,-0.0979535531276358,-0.244237914634317,-0.0295271628903807,0.149210966269066,-0.205038397882269,-0.204702625997091,-0.177191404704414,0.189073758533274,0.261934255327075,-0.032966123085614,-0.397240268800494,-0.164321382677099,-0.178629855974175,-0.024617050330863,-0.130135989318861,-0.189232039523353,0.0519647568561209,-0.111633122160847,0.236398763235886,0.0558153538710383,-0.0856927784076356,-0.0366312654013162,0.0359036384273826,-0.262648787038758,-0.105992293287177,-0.244669630876116,-0.265396640439407,-0.0752915138681389,-0.123555888130029,-0.119709571576153,-0.0665710611308581,-0.252330667653872,-0.0768148978703766,-0.0223363975785525,0.171327106971918,0.106671565572913,0.0904102352096941,0.17844446134046,0.113958551608597,-0.053675103675743,0.0145090936837095,0.0329696251879113,-0.0583803905914886,-0.0304887280160219,-0.187895327477396,0.0835119541751521,-0.171270629645463,0.0041807365220106,0.0363438469367069,0.0163886051007693,0.20679314548034
0.520433413058142,0.85614980436894,0.433534827196535,0.588839061861331,0.495852565281424,0.785449726608662,0.0708263731651789,1,0.466751250464163,0.838666124954209,0.504314066879437,0.807014623145988,0.86691189112013,-0.426347858380275,-0.205310405618314,-0.21273136221776,-0.0442105115250217,0.0523101718157966,0.342635042221105,0.335802080125062,-0.376309224956885,0.127364499144478,0.16195698416969,-0.387486970692583,0.0607424585068275,-0.224061241399189,-0.555466495853819,0.0394080884119847,0.142972991511505,0.186912036160382,-0.0270616304795083,0.369641022395481,0.16461755260487,-0.163572725313862,-0.588058981863646,-0.515366662274457,-0.288516397994044,-0.1591636898065,-0.417340303982442,-0.482455115200937,-0.45076671722451,-0.228776114755348,-0.553749383367506,-0.184525422544385,-0.46467251172342,-0.20523444397272,-0.425675417891753,-0.243840722320379,-0.422203134989452,-0.263453001083072,-0.396486725444298,-0.659114712499674,-0.25484912832265,-0.489089260369496,-0.540567910248572,-0.137912224125758,-0.537733562855914,0.332266971299575,-0.151811531402271,-0.530291234931016,0.066429666547263,0.231125011178606,0.302844232528761,0.229550486541327,0.0592978510662399,-0.141610403915988,-0.110673846747245,-0.380932796593723,-0.431934657654474,-0.125374601466594,-0.282602190884261,-0.25250012375396,-0.146980967669553,-0.403333626061046,-0.589650666378144,-0.454318371861838,-0.0969952391962708,0.311766827086895,0.116896515519256,-0.164406978174154,0.281328232872291,-0.422714918869476,0.0909228525415592,0.321445019207952,0.788878914959052,0.636687505126857,0.672252704436976,0.738590798198777,0.451302339890927,0.511520504266767,0.50477942007434,0.823477918041905,0.876969587393568,0.531858603019051,0.740384382837614,-0.115347088880058,-0.25782786313529,0.0513130861727371,0.111539347516183,-0.476254896351486,0.224364276830979,0.237279178057302,-0.124682722812717,0.554382494779768,0.356871890032444,-0.257254625140077,0.345626276259102,0.501907001351665,0.525128390493712,0.633833891263218,-0.0921419878563529,0.560299391521962,0.0557583798798719,-0.0705573888130143,-0.3472577018168,0.35011339940966,-0.0897719031948639,0.427784312481426,0.27223089593207,-0.0150912266719017,-0.21996062660403,-0.474174406202642,-0.530451689924695,-0.437542582763202,-0.242336661830073,-0.236155688312808,-0.0809992162408494,-0.514827280294831,-0.450999033189746,-0.537887431868691,-0.450122951341923,-0.521643874382961,-0.291743515419118,-0.427703754561276,-0.480493981252139,-0.50963841752286,0.265260237439957,-0.0740871750155903,-0.556067509770449,-0.449720775727343,-0.55598007794157,-0.525506090916179,-0.365990931701943,-0.29833184143454,-0.446916758036217,0.406123770011892,-0.0839246407958486,-0.466698718345785,-0.437861614307026,-0.565496699980955,0.277196640538279,-0.495347778653986,-0.277057973883501,0.001806231343244,-0.403017437729598,0.0659920734149099,-0.0097728365222146,0.139685059929403,-0.337332665612461,-0.428368559088591,-0.244027797793775,-0.254837628711312,-0.686724537369009,-0.519988285497856,0.328268718257083,-0.0340632667166078,0.277893224816571
0.810056636967449,0.703051784987938,0.30397298278917,0.878670341871998,0.814169001249458,0.704885631020624,-0.137299514234315,0.466751250464163,1,0.536442273261786,0.821789554592169,0.768456191698176,0.615497967351844,-0.410350482544457,-0.129004922538585,-0.257298925556525,-0.0999772595152697,0.0201816734651806,0.253710785973869,0.425355045246946,-0.382412898225584,0.0913888261826923,0.138842383841608,0.0602905093919724,-0.121318378875558,0.0400007068041781,-0.301841889188202,0.492818474131637,0.341139427552564,0.210188163176234,0.324487918451335,-0.0010290931125042,0.171488187728175,0.270404498285815,-0.242758444832385,-0.0597349118432678,-0.362968148663306,0.0671131727981607,-0.371522201999,-0.482201801081818,-0.3511056812442,-0.217105178548131,-0.394211430460124,-0.180761380157012,-0.27999799391548,-0.520021748548458,-0.13234856766055,-0.245261041310339,-0.267104409635929,0.114632742485484,-0.0854520961828396,-0.521196728609888,-0.0223431816730685,-0.242875042274953,-0.11804822033289,0.259089893719252,0.0174251369186335,0.421889873189667,-0.0458526931075018,-0.0363423759988253,0.0279164985301402,0.422007997336715,0.354867692711615,0.409509903936571,0.171511987850543,-0.313824421933713,0.093294647785868,-0.265708000352831,-0.229872945715363,0.0041053862861751,-0.126245201803174,-0.266801479600103,-0.0852907633555218,-0.33895313758713,-0.433108385205608,-0.157876685245831,0.237127152088868,0.431102849480078,0.221428318190951,-0.127406732338925,-0.0410362006659752,-0.257862351922273,0.280905383036497,0.319410124496569,0.716071563254333,0.812453269145749,0.336903737769298,0.661850466531217,0.786372512889548,0.907491856290185,0.911920959253479,0.585850711440684,0.557141067241594,0.90732324214532,0.519089587219766,-0.203559764135401,-0.188253890554478,-0.0657788276660945,0.176473850211631,-0.442951457495995,0.0646793235274554,0.264728227422555,-0.17730857932121,0.340579005018853,0.268621476397501,-0.332904106588139,0.136747324192008,0.198963285205737,0.279828819690398,0.328054577483208,0.280658001930311,0.156676613219249,-0.12450136653629,-0.0350655230445987,-0.222012513982517,0.409528493444978,0.147844236825776,0.29149611034697,0.322066595175302,0.0506055305479467,-0.177796215474576,-0.233992404733358,-0.193928334708655,-0.438569456162798,-0.322103036016938,-0.118571494027218,0.237438477946998,-0.385599693291214,-0.317245897343325,-0.444472529212004,-0.304004725834216,-0.374548358581133,-0.51219344631784,-0.30058874648366,-0.393431144849858,-0.34045920758303,0.419523253894016,-0.270520250351651,-0.399780769714564,-0.202716898025811,-0.142610812059389,-0.156342293702075,-0.3018050738667,-0.417957918138397,-0.307453264197195,0.548129862348784,-0.0388276077125984,-0.324675273849453,-0.385154739797608,-0.620548443700226,0.396842328909457,-0.438393513302715,-0.132110100025616,0.0476879068475532,-0.589338262639246,0.301430688712919,-0.190316724412007,0.354135549739578,-0.242716560703304,-0.427680489430143,-0.211546915266741,-0.247243622112342,-0.591248018043838,-0.409346047644022,0.352800894727936,-0.0958281252420378,-0.087645548960915
0.653837840296738,0.863047523366093,0.703311483266815,0.620785902897486,0.583050423650513,0.623489719200254,0.286631057628852,0.838666124954209,0.536442273261786,1,0.62397669507979,0.786085990370367,0.878713103187128,-0.399907173871615,-0.0390845078996809,-0.208328262098235,-0.0198382507895837,0.113204646040019,0.206805223911715,0.368101571021964,-0.23242099929631,0.079549124491182,0.226470484623267,-0.187050121803308,-0.0265376478182873,-0.0085667755626686,-0.374704679626854,0.324898991157587,0.253517685493967,0.222965982360169,0.185753960370146,0.466253309078299,0.36431768747437,0.0333242077952337,-0.37606081652196,-0.363631183603659,-0.141452900110851,0.06452703141995,-0.304663479357891,-0.381970230107065,-0.402070434699836,-0.190677271439152,-0.4713004419585,-0.242386152999782,-0.395707959620504,-0.257137725512458,-0.302975796174525,-0.309921348938313,-0.463590918883391,-0.196659096351942,-0.242489778471648,-0.616298042197335,-0.228196154209356,-0.42517773081495,-0.448562072690959,-0.203577934497466,-0.50102968105546,0.426418904776029,-0.111438316580556,-0.43401465187999,0.0351967022703093,0.204143917377498,0.166445562261118,0.262981998600051,0.0215304619697734,-0.188006154534034,-0.119549171803322,-0.374826513824651,-0.436559266295901,-0.139222099430552,-0.385298638683662,-0.367826522205007,-0.186855511635347,-0.514155060947636,-0.675545709658599,-0.480659533703483,-0.223791031062538,0.363261061341739,0.0988885983714986,-0.272526837726159,0.27188418945693,-0.337580451517603,0.193811976729977,0.329024272984979,0.820905806779781,0.650800282311561,0.732214979640377,0.720666181185924,0.554734946366502,0.496750612935523,0.576542895555109,0.86092823716803,0.804357629084104,0.60121474992728,0.719641147929127,-0.0854589406801607,-0.200476103000058,-0.0708121851055462,0.0742596808806339,-0.495045239830636,0.02397222972662,0.0710355595413254,0.0271498725229283,0.421455520577461,0.364528781382829,-0.228990405068072,0.206877910006769,0.544019466571005,0.390307689218245,0.635798814465322,0.0184921781662889,0.420768575013192,-0.0123113107355444,0.10621391333017,-0.0649921750929031,0.218015702688205,0.0442779179499962,0.337963456222949,0.451415073663889,0.18997005223921,-0.147841171085085,-0.42225427454772,-0.48010841099436,-0.452086626284266,-0.12988029888562,-0.105742164982055,-0.0097950434180091,-0.550150540284265,-0.420144092391294,-0.536806816765108,-0.41577990474028,-0.481764974796354,-0.343737157298634,-0.420754806732984,-0.361515896452393,-0.426611642252529,0.443240229345566,-0.229350656431523,-0.491488324449825,-0.43612666695818,-0.424119437648868,-0.522887212534787,-0.525820185727237,-0.470969140768465,-0.483720630227355,0.488706906108176,-0.115249362159107,-0.460602138771387,-0.566758647796038,-0.686265240768985,0.455032509977709,-0.459503026564611,-0.208085323360907,-0.0141612444140016,-0.476379477832935,0.0584090308887271,-0.0441625459272665,0.2282155338891,-0.383790319552316,-0.566696730308398,-0.394420676161332,-0.295602404540128,-0.734468300463976,-0.533291296598175,0.362556069979827,-0.103701348391873,0.292247071892694
0.769818581231577,0.748698345420604,0.361762785228046,0.865595290951219,0.888163168652383,0.500885987845523,-0.0813310654078297,0.504314066879437,0.821789554592169,0.62397669507979,1,0.732293455434381,0.698644294548172,-0.290183991972876,0.002036275890071,-0.135622308899961,-0.0237521644742436,0.246654350115689,0.369201065086429,0.529617162322521,-0.370146085893993,0.277910172476348,0.321813911426063,0.0531061786412193,0.105971986160216,-0.0250264102529567,-0.402429824709075,0.315613089214527,0.373654614346909,0.290632422987509,0.247775579873801,0.191997536539773,0.118387861026817,0.171337413050315,-0.370362794124362,-0.0709123795197866,-0.299560064662304,0.0731192243409007,-0.537831382969885,-0.470229411980507,-0.526249456416265,-0.283090530801489,-0.513066775271113,-0.346749262811455,-0.492946328766994,-0.474923237231916,-0.19978117222704,-0.135785682117368,-0.440425963228326,-0.0447721041409863,-0.253085573211402,-0.586656284676504,-0.195120041873992,-0.373456409752226,-0.399319572003874,0.175440397504148,-0.202116603948649,0.473268487838454,0.0275041632459974,-0.189950679416693,-0.0224656143272071,0.473674726326222,0.373241731743631,0.431009215161641,0.248207023454702,-0.26145543214755,0.0697360604044897,-0.179909648107936,-0.16077189969686,-0.0059035787656077,-0.232407554670511,-0.269121008258336,-0.0753481282696561,-0.455806410973202,-0.529560547374681,-0.239653409003303,0.102632184692151,0.554668047551736,0.278110172566031,-0.144628612102463,0.146092886105446,-0.135702376784822,0.314419922823705,0.312555948343925,0.792295051618703,0.824748005619398,0.509582549772935,0.54380897715958,0.804975274188227,0.679699751943403,0.785201761822911,0.686913445724328,0.589866800814135,0.879017734525258,0.623576962752724,-0.185277238186545,-0.133731559119914,0.0260640544451238,0.271051087873228,-0.417155091647852,0.180648600362591,0.353421783519812,-0.250628230486687,0.495424610718701,0.415687303586765,-0.304628257036259,0.252544601501739,0.357907692329547,0.37861216971692,0.509423222808196,0.138478104917525,0.273281151559656,0.0296330972607665,0.0079725643975314,-0.296206721812007,0.467199148382679,0.0706382355373353,0.38904048488729,0.279501231346237,-0.0295849962002014,-0.140178619873316,-0.346308821058741,-0.335667689811441,-0.332133167119736,-0.223635722428289,-0.155031172137353,0.25312839972441,-0.406601355820178,-0.288135951805972,-0.501289663575015,-0.507359715193771,-0.516414419243086,-0.577564888362979,-0.385886941876502,-0.509911012315566,-0.431215133504627,0.322104910240629,-0.294548143751966,-0.364989976116006,-0.294446548082569,-0.348308705853689,-0.162617266333254,-0.422705087779991,-0.396486387092418,-0.29620361252215,0.654492508628665,0.0660724270664879,-0.355639947244502,-0.488056736524683,-0.520071647026865,0.214736794748384,-0.341765404636192,-0.165404488954304,0.191231934627634,-0.378888465712003,0.422863326907461,-0.0192129913219371,0.333055553832717,-0.254850624640354,-0.279888985846839,-0.27317406041323,-0.108966643383726,-0.592183220242105,-0.379037033317118,0.496237351359357,0.0851573870862633,0.240573352625261
0.726000555874453,0.859921006287781,0.372252461835469,0.791722528270951,0.709788339030441,0.825984152863669,0.0033829840141973,0.807014623145988,0.768456191698176,0.786085990370367,0.732293455434381,1,0.89500129457338,-0.420170980323294,-0.226448249406878,-0.301747779841909,-0.251796725419105,-0.0831224829642754,0.227091478987444,0.37282169996587,-0.46436790581649,0.174919788693268,0.197729002500341,-0.182254268968401,-0.0218256565620244,-0.123647353235649,-0.371167449088147,0.288346201052715,0.19030964404131,0.184248509781066,0.257559213266496,0.239614681216975,0.126168664880962,0.0782695475198536,-0.439137689149937,-0.31737249610582,-0.313886507374673,-0.111862615363799,-0.370605228586899,-0.550593187307496,-0.422752570825416,-0.34368852612718,-0.498881357489265,-0.214551760068513,-0.372462596762994,-0.328318026797285,-0.347212141405565,-0.204184588751615,-0.381000312689122,-0.114012472611571,-0.206355881984512,-0.632312042991577,-0.135619006120105,-0.368677081163324,-0.354863610014617,0.0421127732373023,-0.24597263756139,0.471485642369198,-0.0283279650464416,-0.298651695605138,-0.031267330631907,0.317957068616307,0.288346023049006,0.285175538660605,0.0263345718296019,-0.279055807181848,-0.123191243448477,-0.405841607086393,-0.336182447699693,-0.0926300412469002,-0.200591254970447,-0.303766772378857,-0.180231049950782,-0.403298509712887,-0.52584355481247,-0.368329710702768,0.0042807432963308,0.328300568253416,0.0929407556445209,-0.190956292355916,0.07298502210479,-0.380378820017785,0.188077928819552,0.240921360011231,0.835833855591017,0.780307193309562,0.554087740845462,0.799688983433607,0.602569047997257,0.816912854765081,0.726305901859159,0.831485331344569,0.907959997920511,0.809041575531616,0.764835054917007,-0.216737329665549,-0.19960208383163,-0.110836801358612,0.0856433329617761,-0.545553658119892,0.0180715901692015,0.133179177843101,-0.164066049352661,0.469324883637905,0.301978209062981,-0.391882063776441,0.309090587964958,0.431531078290268,0.447289581121487,0.586262363664571,0.0762041383548104,0.383921888441903,-0.0573471735443984,-0.0650491862407994,-0.311304108887584,0.322302057824491,0.0679432413685171,0.379939632186692,0.367953942511874,-0.0044242057072383,-0.251293160967408,-0.3801140455211,-0.390968629525695,-0.541029971290576,-0.293033628275576,-0.21705166056125,0.173523265048533,-0.50596525541828,-0.393973409578339,-0.467923412390241,-0.461977481266079,-0.426067008839613,-0.361190912555081,-0.440117198848138,-0.406218812944335,-0.42786947895664,0.448091594787823,-0.115361343912462,-0.569961295504771,-0.306023058667652,-0.379991560190042,-0.33598509045972,-0.348737569284704,-0.417324327017922,-0.413978763774173,0.535419944484474,-0.0535840346919954,-0.448448895043009,-0.397186917769713,-0.595065499886935,0.319803625309836,-0.510597937486483,-0.210444330308353,-0.149615105934913,-0.639272131974658,0.178955232718226,-0.0924172677646552,0.155771896929393,-0.347756151633874,-0.470449023968972,-0.182350875184104,-0.339201635830389,-0.684556053020162,-0.54180230406064,0.285630313601174,-0.113168692796325,0.111019078751437
