1,0.6411957774489,-0.0175566655103119,0.59235017877431,0.44464322651991,0.46913596996751,0.13454862649804,0.02606840406304,0.566262372851433,0.332382183640911,0.62154602167102,0.647643258346567,0.667893422869623,-0.100579492921375,-0.0818113257463545,-0.1342985043588,0.0493812122993414,-0.0777843389568477,-0.106961458238277,0.122373873073681,-0.121053366250659,-0.184095214284649,0.207450360737705,-0.0743021235717279,0.178903108655132,0.0666107451342595,-0.194073517042194,0.213370912594178,-0.163177255718606,-0.0916315461584059,-0.228141993535923,-0.0331803330045272,0.21150808361993,-0.20690527892738,-0.332712819114277,-0.195618543732726,-0.0307092620668148,0.0417548281604102,-0.0094716899464411,0.0683082435337675,-0.243119203113681,0.0401112943349132,-0.254503398920616,-0.0389317541287807,0.0709557636426593,0.161521032705959,0.034878225454616,0.264564494116056,-0.354701460891283,-0.506826233720169,-0.198302044253704,-0.0088095585287293,-0.297058977046451,-0.175854431138109,-0.325779823576983,-0.317772740861531,-0.454886492456461,-0.0191893572082885,-0.0582526245574167,4.02129185182913e-05,0.0756578218292445,-0.092913642732965,-0.376478389225826,-0.155784312248002,-0.118937552766142,-0.342793644095786,-0.311357918991961,-0.42656290022682,-0.0427573166194275,-0.20904006123069,-0.354840719619001,-0.109730795481187,-0.0882047246897682,-0.249071918960875,-0.579389716619436,-0.124676618553198,-0.408088782817065,0.308014459609439,-0.131714846170153,-0.214223592640664,-0.213693948159774,0.467442643222453,0.425490282362983,0.578084002004158,0.643126780179571,0.713897280731539,0.27781411420437,0.363124189672746,0.699828551217459,0.613649126093757,0.584483353851831,0.0762885591611826,0.684971268003426,0.667194129734676,0.400526872085911,-0.191129708305684,-0.200655125411468,0.146456906054525,0.246459351770214,0.275233345033671,0.080848866971068,-0.119303760295637,0.324761964541014,-0.113734173998824,0.434509767142467,0.25491580237405,-0.0966755374233144,0.336882327172342,-0.0439664608250721,0.145672587361523,0.0249191319053097,0.386809917532754,0.251012442033334,-0.0028693783647915,0.144069120991514,0.0010076229467018,-0.194803767442369,-0.0192303093155875,0.163875321877005,0.109434493758999,0.347955924733863,-0.139305118729358,-0.0191441389168416,-0.240014641973652,-0.230562467536981,0.170756457155684,0.143664151620792,0.0496374005455384,0.145834334244766,-0.0057016435956581,0.104873367974457,0.263357918734401,0.412014930470876,0.251735970876812,-0.161953737480257,-0.276707297544294,-0.215087436129528,-0.385648028616643,-0.164977314657839,-0.170066382387329,-0.14476603640082,-0.0515857680147756,0.320013780047933,-0.161795695868255,-0.379257466596052,0.0728405988814558,-0.173235489276166,-0.0438327244701945,-0.0189880352626529,-0.410187535152766,-0.0321404576104239,-0.337748536608276,-0.374130906470977,0.0564531067624518,-0.0263827298608766,0.0797573217416151,-0.360214558914085,-0.250332038769576,-0.317603720890569,-0.0450681856243387,0.15232893510586,-0.140578896232114,-0.0108409556957284,0.0317520456801349,0.125211416197674,-0.0462968094543015,-0.119370071465582
0.6411957774489,1,-0.483432928016722,0.606198674903361,0.400493000642331,0.837290683030822,-0.0584786391784095,-0.185898159319657,0.660565870856704,-0.131390305902906,0.212997844451854,0.613980607609715,0.617489632695602,-0.0689838705646832,0.0477086965728411,0.0298581780512559,0.0897002316415903,-0.0062841946490106,0.0554293524528646,0.13695958127918,-0.162281068212343,0.0048710071757926,0.100619464022841,-0.207465088191608,0.277608695016549,-0.0521899800299548,-0.186012921246761,0.0914787183017346,-0.050593313454115,-0.025183410986184,-0.186515034395752,0.0169827746196363,0.25389858022432,-0.150706596391958,-0.125061164068723,-0.234931221475238,0.145191690495959,0.151943206518042,0.141376861957337,0.105180842163445,-0.180876036037083,0.0314777035122707,-0.0602869143645711,-0.237502046315483,-0.0982429297085291,-0.080078345347054,0.0574147127495799,0.0971196936590164,0.0259975364472088,-0.0430606794102718,-0.0827407717819096,0.0416719024626845,0.225759057395075,-0.345816426214589,0.0037668739398795,0.0732809901315777,-0.0624638204028075,-0.270495491132913,-0.182838221985749,-0.217263289031941,0.0049024624573617,-0.211995983198881,-0.182542449789247,0.0085891486476734,-0.0774873373153238,-0.198054892336225,-0.0465040446549948,-0.325986753165982,0.0266258843397185,0.0440618592537886,-0.0678034945006279,-0.222083893240696,-0.159549645777236,-0.234956212904421,-0.129731840466568,0.0425536257640758,-0.20731795263067,0.0663534580629226,-0.24623692063931,-0.176543659642503,-0.217970295774125,0.0393879403429785,0.0045494434916542,0.260112662048808,0.887255168987034,0.659702432829017,-0.153233073942417,0.837121727456184,0.583626603950226,0.716558998464258,0.583913876180547,-0.397435251322928,0.66404323624295,0.509074586286624,0.0250618139707819,-0.139480630356202,-0.095877654416305,0.165544438335295,0.237861306255894,0.227063119420483,0.0427497082472769,0.0607645706763739,0.0714197185926898,0.0155048785702667,0.209878396961041,0.108825681559147,-0.0009264653984775,0.274975378152638,-0.113250370170191,0.183772630636689,-0.0521204494380362,0.368099341557925,0.318632537060719,-0.25168741712309,0.0080877910744113,0.069813944287205,-0.0866657333864782,-0.102045746815022,-0.0879380783894694,-0.190047999751555,0.0253306133536215,-0.0939542072677808,-0.279615744121433,-0.0528118954948926,-0.0114708844389067,0.238081830370462,-0.0681398113055096,0.0315666628044537,0.098522291991719,-0.158069219409126,-0.107956098163767,-0.0493329246484982,0.194306310536359,0.0305027243488598,-0.186468382608841,-0.0717110223218778,-0.042945834973144,-0.200899247578186,0.237327536848454,-0.0662886346987128,0.15847335602035,-0.0316896910815704,-0.0253674183351199,0.124212986675776,-0.186828082625587,-0.151929042132214,-0.334123742130397,-0.242651714800605,-0.136940446389092,-0.514981431149191,0.0414576921837991,-0.320319378707444,-0.0661565881669151,-0.145501962328186,0.0130211656215251,-0.261487631516417,-0.404400497936772,-0.139411302516441,-0.182585514561532,-0.263174984468853,-0.0765152301597353,-0.112654864571111,-0.0712928992542285,0.0796816086286415,-0.1460790343714,-0.195643130429396,-0.149578941163839
-0.0175566655103119,-0.483432928016722,1,-0.140443762381337,-0.122914180670171,-0.600175191884309,0.214600763053803,0.56271244743887,-0.349144347291891,0.759244545627241,0.0599557465381872,-0.280403277021487,0.120585422441299,-0.258073191499825,-0.27153908851707,-0.256654487806221,-0.162961226100241,-0.11099058727383,-0.0881247121124409,-0.0027404955975006,-0.111584608239671,-0.122424707741237,0.0055876109072213,0.249815718760714,-0.111706382789234,0.209816119854399,0.0271657770634308,0.374817775394734,-0.0487135098733947,0.0816310128696321,0.236550186348415,0.0055352391063413,0.0224579132315459,0.160853594877481,-0.125233321984372,0.252485365863571,-0.326214445671673,-0.299429769135326,-0.345453785251905,-0.149909679657072,0.0307339650599764,-0.0157640072821677,-0.154895603164629,0.0753960109709793,0.0628353264184385,-0.0315069317025288,-0.0085949008999399,-0.0720365589402973,-0.459377483235613,-0.244232037818191,0.0012399190534777,-0.396322442488009,-0.545476859068833,-0.0645645153913214,-0.328153286364028,-0.228846137206081,-0.051332033648338,0.138521750582245,-0.0431654147148271,0.182316475608466,-0.0585816550992934,0.0631240762262721,0.152408954343682,-0.0790958326437917,-0.161054349601417,0.0811458897531282,-0.328985244217498,0.0786713831085892,-0.341976493471437,-0.0459359853065682,-0.103069460795055,-0.218626372977357,-0.179068489230134,-0.127817341347428,-0.134306879792788,-0.445188146137074,-0.0838200238895805,0.15255863981189,-0.0426066968489589,-0.226108860210528,-0.0869708409845807,0.157301946707056,0.591819568350269,0.344562768727164,-0.339647627689554,-0.160411433092449,0.750130554663848,-0.659874638131145,-0.0987356296510728,-0.252389375092925,-0.222364315063073,0.799610054744058,-0.0227476091390509,-0.0698146627273677,0.626930537483234,-0.209798796016989,-0.235232266936532,-0.0736885600174176,-0.257206243242304,-0.232893013016756,-0.0467162298573908,-0.129461885250175,0.0074253942068803,-0.0393939103349139,0.179061489867798,-0.198834758194956,0.160405966165715,-0.198408055646575,0.203292340504031,-0.284699325989508,0.0988083432027524,-0.0813789562445832,-0.166582955011672,0.650974576381567,-0.0041098927932872,-0.0176537247770686,0.199400302202416,0.326284744550773,0.662628210539211,0.73798347328026,0.390796946049907,0.160724282327251,0.589920802458771,-0.260831401903492,-0.344271704901808,-0.347720619953094,0.449558922111185,0.006802123294157,-0.118734917423659,0.212942623952803,0.161974307900854,0.181275751961229,-0.0871688927583063,0.0918016703307222,0.149355788750512,-0.0159583755802263,0.0586425030252809,0.1804704310295,-0.300498399940664,-0.118051227495416,-0.110755321500053,0.267542469412216,0.228715730859339,-0.052793924470938,0.243928268922601,0.163257613738271,0.0295269335963803,0.198583583550651,0.0787536786223481,0.359642965774048,-0.178787369973692,0.134667892338574,-0.282861103511531,0.300159933986754,-0.053017346492023,0.321298782026438,0.297021333132436,0.163755020185864,0.316813209320228,-0.0051004125363681,0.0437289656085297,-0.0976753790280387,-0.158810113212076,-0.20433564884537,0.355093793017271,0.0261329254021164,0.137761273655903
0.59235017877431,0.606198674903361,-0.140443762381337,1,0.498907021494656,0.552058964010933,0.0141940825886689,-0.0926106948036706,0.723486023417612,0.132718436349686,0.461030986164549,0.681683888329533,0.482574159633125,-0.0893458144047461,0.0127771630996037,-0.0064572571370447,0.11850849009259,-0.0373334222840221,-0.0633727265298791,0.299157934952175,-0.195420493023888,-0.0639999213355309,0.220305759168613,-0.0497747963480014,0.007218917273323,0.0891668846365479,-0.106196728386633,0.26901178756526,0.0495873865854179,0.0147445513055306,0.0312079465280233,0.0368120507425396,0.344342008588688,0.16060733638466,0.0720879097496873,0.183604992644377,-0.0191774296048609,0.24774467301992,0.14219928913093,0.222870859414677,0.207696306481688,0.22815957992825,0.0735422895017662,0.118474807212455,0.364830492922537,0.192394354537886,0.277542962331982,0.172630802234931,-0.333333902342175,-0.195617821497298,0.107983948397681,-0.12608467507509,-0.107284306139656,-0.268298014274069,0.115373085508,0.102625992100234,-0.188820907468552,-0.170107361118844,-0.273017068692811,0.155198103669387,-0.344756765941594,-0.233133353298769,-0.407399207907121,-0.106607858649601,-0.184496824590326,-0.450118833133511,-0.460010835000828,-0.154898565667079,-0.190628071901527,-0.12505054834399,-0.271358299725116,-0.364151848779884,-0.204452609296102,-0.0479656421244803,-0.404149622557211,-0.0729097788692287,-0.222356244079455,0.318924484918196,-0.277420455394909,-0.381871617665893,-0.377340940863998,0.21911451009518,0.0163945394344036,0.247295478562843,0.564812297100385,0.790144882438066,0.0895202663893946,0.436991137327347,0.73173612890283,0.808328807705275,0.680160026411346,-0.0237382380849356,0.559646004926258,0.657480784469016,0.131331400225802,-0.169199862909457,-0.342456222578328,-0.0315661437373773,0.185103506289451,0.246658674484508,0.0109985493714183,-0.0284789029087142,0.239377450546087,-0.0828570579520245,0.382742778299733,0.100886688983373,-0.192830625074791,0.288091234498247,-0.107904678878547,0.382360954378422,-0.0354280753651522,0.265335272053243,0.1496299688262,0.0411533321127546,0.0207115867043939,-0.0223355007274714,0.0208927335130987,-0.0323804662653883,0.152632353161172,0.0391495080192446,0.323967530620137,0.0539457061764329,0.0836549598342056,-0.449559287072323,-0.314003087176589,0.222574935576374,0.0512972237930434,0.0704121224598625,0.121176333910314,0.287409147726499,0.253576437010534,0.33201706405807,0.369625675184055,0.405828808991161,0.0447513064833756,-0.102244722728568,-0.234357454795151,0.0716878422037129,-0.104084221284323,-0.264152828300927,0.0402050587019126,0.173151117824891,0.305428820960537,-0.0961833465333474,-0.345308258243911,-0.181736985264422,-0.444323257765286,-0.0331485760052756,0.194514350090985,-0.277045947215033,-0.228589394708297,-0.576935974440858,-0.546800725908032,-0.270827862424486,-0.162300365521969,-0.217593182234303,-0.59162754697078,-0.103391997742264,-0.298892827526013,-0.43439636523517,-0.0355280929639163,-0.446190399752738,-0.247013479148894,-0.0685752960118653,0.0669213884496708,-0.396530465983645,-0.436765867343602
0.44464322651991,0.400493000642331,-0.122914180670171,0.498907021494656,1,0.355727129997994,-0.219381712613303,0.0501323148597094,0.430326308669513,0.115535091014125,0.13269163607845,0.425299835895249,0.43889340961326,0.0335658611019334,-0.0416038103362544,-0.0850538680183096,0.0613637602309087,0.0397908154968668,-0.132335580133625,0.137643637224156,-0.197163794347698,-0.296179312179725,-0.154078531754403,-0.271505198482183,0.198939198591605,-0.128021243295131,-0.300678390365611,-0.0559410469580304,-0.36387933468283,-0.383808230386503,-0.34476882138926,-0.328802039423497,0.0185142340112739,-0.0657257984444029,-0.132299722213311,-0.0631972209845903,-0.0750185082865883,-0.136765814552014,-0.092310204755316,-0.0732524060924552,-0.0362295922707377,-0.0184505821152696,-0.0956939652640116,-0.219909555844244,0.145890859070465,-0.0628651867421372,0.109465469518003,-0.0569198485231024,-0.287132959848778,-0.166502851861134,-0.257648941207592,-0.0014457729551294,0.119279782206689,-0.32971217050243,-0.0939864436645973,0.107892800890888,0.104821249785765,-0.205640438969042,-0.24649819828395,-0.129302589486746,0.0211742602465596,0.0734437715216305,-0.12429408260957,0.0899033641946167,-0.221671694435305,-0.235938504259394,-0.0349490812889153,-0.0660430815850129,0.0952777988418472,0.0455958305739022,-0.018300236734209,0.0126993769789734,0.0249189040730524,0.0721703355024876,-0.0745687389866358,0.168058255630985,-0.0668213852332352,0.0402301679034367,-0.0236209712585294,0.0286838666278804,-0.0644973767376034,0.0076400984963554,0.133961231611478,0.216316301197678,0.365907545015142,0.592012500847735,0.119135769564006,0.299857931766454,0.48668884534872,0.511537916702178,0.371580879713628,0.124045546970858,0.418568486294802,0.355549798263089,0.0868919996845775,-0.0124563563914925,-0.118269761796755,-0.0275815894755311,0.26906091536055,0.18131503519178,0.30212628915705,-0.137079829762277,0.0447704368438948,-0.351053185678433,0.186080064885841,0.0829238986446988,-0.10404466733901,0.0843217561314307,-0.065478989436892,0.150264710733415,-0.096778648169355,0.111409693886382,0.255318561547204,-0.0701472240419187,-0.155073492280031,-0.226590647433352,-0.346790941575669,-0.221524086386765,-0.0302372225480876,-0.146459547208575,0.0308081284745107,-0.206245228774009,-0.215689958801939,-0.230859009525773,-0.180604587974514,0.146098841190192,-0.186620878289192,-0.0807213462881887,0.0623135178193366,-0.0957640788491622,-0.0693649587474585,0.0189884594787579,0.0342520274708868,0.0163493059819287,-0.30832927519619,-0.405224898297181,-0.17255567054399,-0.191960559946505,-0.175490614877829,-0.197233919319362,-0.278517730941368,-0.0392114233208209,-0.0401918154466264,-0.130897547833,-0.221782774130549,-0.20245982032002,-0.311972266505545,-0.232536957411466,-0.0386554642447259,-0.27045604422556,0.0612750551934485,-0.353529956888153,-0.228161146177931,-0.172719236600623,0.106589639868204,0.0190625490686222,-0.387266848129307,-0.193895843635316,-0.235662438408201,-0.113854751030621,-0.0188939842477417,-0.0596686607540368,-0.236227526309156,0.0832925772868456,-0.16495955422813,-0.0599899824494946,-0.291257290885565
0.46913596996751,0.837290683030822,-0.600175191884309,0.552058964010933,0.355727129997994,1,-0.0939430680954751,-0.033895992574422,0.815164011246412,-0.240573758618155,0.183116827373954,0.626086954040866,0.293658085822976,0.121015306131504,0.176123296357403,0.29066902152298,0.246208746266868,0.0327935589525405,0.111792305381662,0.0924704425248561,-0.0927187505606532,-0.0194598418688146,-0.0002088343188437,-0.306348095569661,0.255028528982977,-0.149625645208345,-0.246414546972919,-0.11506717776615,0.012223267895639,-0.128953872606598,-0.167869456091726,0.0085819900564162,0.122211816928109,-0.248841347129035,-0.0149086292987298,-0.261211528860233,0.293870077216183,0.333610179490746,0.330677088757233,0.331521379612968,-0.047747093110786,0.145083885948982,0.121335364526866,-0.0933097824148167,-0.0317751931548192,0.0606158769214645,0.0294463795867863,0.231371684994437,0.134411507460433,-0.0962554020816899,-0.0613177798658015,0.254805213408614,0.269132418157842,-0.190013195742798,0.18734014991311,0.0744037293305548,-0.140745906173507,-0.214254582483945,-0.145925114345013,-0.104610680040718,-0.0721907313916214,-0.291821113559672,-0.307375652898595,-0.0739377506919979,0.0930573670061527,-0.201496663235461,-0.042385398964335,-0.101588821856714,0.0643355313120563,0.0627792859570603,-0.0402772681687033,-0.0759333508361948,-0.0513957065616624,0.0736620903669612,-0.0145395718669491,0.103265245786465,-0.201483013687045,0.0143374994496739,-0.272116379323611,-0.150886033693318,-0.250429196859063,-0.088622777873395,-0.319341416899846,0.0155176774058152,0.727841786765136,0.562688908115088,-0.404809432070076,0.911265230231073,0.564263801368191,0.701569574801004,0.730642620272587,-0.456967012288205,0.514732946293866,0.518867024672736,-0.309130987192655,0.118597807827966,0.0789768745166316,0.2643350751761,0.397231856376312,0.400571963593549,0.206800353418777,0.133608079577379,0.325693867426147,0.0454443161088238,0.188633065573338,0.212844190154611,-0.0560445742368057,0.367820021552403,-0.0419877341495492,0.343119591825526,-0.0997534491788493,0.284360509400819,0.344401941099151,-0.518010424652392,0.0442968770453799,0.148289009626619,-0.168810225953903,-0.195504268399147,-0.385361364509444,-0.449681620914891,-0.176210896185986,-0.171328487826467,-0.435097518098708,0.0291413536964218,0.117298781075945,0.41501397498282,-0.268755022388578,0.134045749282498,0.245170794115805,-0.0376433654279891,0.0802122683515383,-0.0035834104337765,0.253302069604486,0.125658694778197,-0.0791629806035179,-0.133839772260752,-0.307436714746608,-0.173444582007679,0.179479732759015,-0.0598814235792334,0.142028923203506,-0.258446028425664,0.0571022241484784,0.0600551857678163,-0.373910776749133,-0.174053679082916,-0.325902211641487,-0.112287980983354,0.0292706610165571,-0.474248254797836,-0.158359714092095,-0.399027090212153,-0.139264102709462,-0.311975097685931,-0.0985905754337588,-0.391550045507351,-0.508623315255536,-0.207824224968795,-0.203462278981973,-0.223581982754942,-0.0347931722115323,-0.117086174521295,0.0375587039905399,0.0329414939319758,-0.258946156848477,-0.323193938743981,-0.380432260772018
0.13454862649804,-0.0584786391784095,0.214600763053803,0.0141940825886689,-0.219381712613303,-0.0939430680954751,1,0.0001073871830003,-0.135037631233797,0.403544159766378,0.270120998754464,-0.0303609158332339,-0.141465852539426,-0.0313125186189602,-0.172914158738874,-0.0313128420853655,0.133374071722661,0.258365601802822,-0.205024401102842,-0.323286618746163,0.379768238168972,0.350134642263951,0.433147027358108,0.19555073674505,-0.24458041547021,0.338553600051502,0.169585999561974,-0.0062889290792775,0.46669463877674,0.359866990173429,0.365633381636458,-0.0715356285003359,0.323979610840501,-0.0080856130330952,-0.201617870553217,-0.257107873107702,0.111093179119048,0.420968163651741,0.366564635890469,0.319150933206146,-0.170486575827123,0.40615592744463,-0.0516910074898365,0.158849968932894,-0.248921509525763,0.376072275599104,-0.266726361056738,0.0532088223476947,-0.0396659219908019,-0.430038900351839,-0.12771479398941,0.0374259455909836,-0.389266100483492,0.0722494827710865,-0.278424255794329,-0.579509434082795,-0.421393358400099,0.288432471254475,0.261056860124323,-0.215676194203744,0.0379305459380018,-0.0464120236517897,-0.0137251016068667,-0.297567578239531,0.558783453946542,0.309239767768058,-0.0889897200225926,-0.0576698257536168,-0.196233043647146,-0.20317703454382,-0.386643179322651,-0.101538047001131,-0.0905019795907468,-0.0623372570235562,-0.256447535216118,-0.423948316251869,-0.0991801670036838,0.251937878601832,-0.147003573431508,-0.223400664984489,-0.0957269520928272,0.227480656941036,0.0972520675442785,0.0110023045342424,0.0400130158389097,-0.0671253252612793,0.379901999182779,-0.147248792260729,-0.0605719110819177,-0.124543282550447,0.0055177411479293,0.21028953931516,0.0477469829072719,-0.017817284966251,0.26683874092079,0.0574981661098845,-0.0261236492713997,-0.0170821946224941,0.0083638539428586,0.195805973409881,0.109931460726178,-0.212607662911294,0.206235570093927,0.370306661913659,-0.121633971816761,0.0905353541774321,0.169710850889251,0.593023728983012,0.113638084707879,0.042494727897279,0.189848497008928,-0.24535866091993,-0.17810527338792,0.121302919508686,0.722918308189167,0.452050175302786,0.26354118660331,0.545921957361519,0.161800965978531,0.200574141651446,0.225774165243759,-0.136331804238566,0.0829184292319651,0.132472154974044,-0.0509062486137743,0.317112037355578,0.460778756027392,0.130397910598703,0.245155707282349,0.20812429782538,0.267629400317126,0.122545763126714,0.344501363189707,0.155284839913032,0.350182590802086,-0.0948807722408638,-0.30406616260014,-0.170090534509431,-0.148082727720271,-0.1517767475706,-0.0732742217258373,-0.3378542434269,0.2167361156699,-0.134681785345706,-0.120313503502273,0.272391417502266,0.26932384838551,-0.1257999597618,-0.0566556470927197,0.0688241135443494,-0.179441537336444,0.168791993329829,-0.154403889129537,0.045268611237069,-0.0166837746597187,0.0320587988739211,0.27639615788896,-0.055223288326132,0.191760924639721,0.0716669929792275,0.141857558449877,0.0797156997336261,0.135141107065816,-0.273324272155129,0.313692641354557,-0.133927261068752,-0.209379623935019
0.02606840406304,-0.185898159319657,0.56271244743887,-0.0926106948036706,0.0501323148597094,-0.033895992574422,0.0001073871830003,1,0.0808590840978265,0.50058347921827,-0.07135516774401,-0.0164592515672915,0.0883402950226203,-0.0689080201081496,-0.103156763500534,0.0657308879898188,0.0793214914553165,-0.0706671709373102,0.0454541767096846,-0.0252573421060164,-0.164807693576235,-0.255947957559773,-0.30459920862498,-0.1847531262675,0.0661147927129198,0.113584348717258,-0.378806138743256,-0.0183306508853332,-0.215465442153318,-0.248117337861264,-0.0242801264597401,-0.0602255811220878,-0.109611824597051,-0.26440276852051,-0.260100387654306,-0.0450463954692773,0.0632654916446392,-0.0226902160844803,-0.0057399485733139,0.167197122098797,-0.0531270799689338,0.000596085211946,-0.0448879510014868,-0.0429959101169064,-0.0789877841006011,-0.0350284431250937,-0.0886478194305362,0.0853329310269882,-0.320119670548644,-0.35362246467061,-0.235720639323631,0.114447903482178,-0.225042951743628,-0.0387388905057651,-0.151502686590936,-0.194369072133679,-0.128509084452916,0.0721404733526698,-0.0182969739655093,-0.0120014531467001,0.0115276433224613,-0.127132459919506,-0.0868656910912309,-0.164947342523095,0.0791643731069638,0.0068159991165986,-0.126271971945236,0.165005569851556,-0.113973001326094,0.0578379721812685,0.0405648323951221,0.0528370548319679,0.005113142432019,0.129084939929838,0.0336282103287592,-0.250767059745279,-0.0553970767654156,0.0391230016149875,-0.0002677203881945,-0.0192892429203597,-0.0941075054375408,-0.167929010917999,0.20471872315901,0.0752308554494125,-0.185417119371579,-0.0769346356178156,0.231543423008795,-0.187934143704877,0.0202538827033428,-0.000375962684569,0.171445186494528,0.516738462845752,0.096233418027081,0.119149021981517,0.201956789273804,0.101441057094537,0.108148995518471,0.120392028048217,0.0887316610836079,0.0660243470792636,0.193841454157962,0.0275216422978197,0.281867844743428,-0.201133410611746,0.181116663214723,-0.100682871230827,-0.0899576616868499,-0.0664686332911334,0.12699959446003,-0.181836953718493,-0.189211775104221,0.021592329900277,0.0811286004099268,-0.0655159722176624,0.0639927693537085,0.0475611034304649,-0.133703020831302,-0.0454737827335356,0.101912601136471,0.124969160098157,-0.06388235773055,-0.20618759018006,0.0577122914153111,-0.040947639446479,0.0289892515779712,0.0388395405874636,0.111349021382518,0.171453961245072,0.125594980764156,0.106179027160697,0.147531233762064,0.0416307675576773,-0.124171212455827,0.0315727226452401,0.0126160002855981,-0.304286109004494,-0.312664907669216,-0.115560795362202,-0.207097375492611,-0.0932766266019494,-0.133179743197532,-0.193977760138314,0.160068614593287,-0.154860678528576,-0.0914085387607148,0.0803676774018424,0.0142096138753476,0.113464482935898,0.103027678829456,0.140950816818964,-0.257257581092914,-0.0657069330699478,-0.229633054814881,0.0716170394662267,-0.0753233592458391,0.0211589000170255,0.006576376846433,0.0477471572566388,0.199508601691178,0.0466947260169751,0.137922441263399,0.0705555408286147,-0.0425391995398004,-0.153164560235371,0.115648184222284,0.0129755437408894,-0.169192766217312
0.566262372851433,0.660565870856704,-0.349144347291891,0.723486023417612,0.430326308669513,0.815164011246412,-0.135037631233797,0.0808590840978265,1,-0.118844823842902,0.478153503600629,0.858711008459642,0.338601751438409,0.170511975454858,0.212849148880314,0.263410795808857,0.360826657034915,-0.0445522361431982,0.227697119315173,0.290445831067259,-0.0898632056829135,-0.143176331206752,0.105669282909016,-0.24574355757616,0.11344101882125,-0.0289652439363843,-0.219092887179009,0.0089444185073699,-0.0244665635778045,-0.128642784305191,-0.0702498084213077,0.193751349084197,0.161240758366791,-0.193581005336195,-0.034461716321468,0.0104487388313637,0.154804492536195,0.374786511457209,0.353727973736679,0.419414838297112,0.110947461534622,0.279744489758209,0.142809811125884,0.091279029602766,0.233525904873306,0.284602515547513,0.173181929619164,0.291969794223267,-0.0909341573043947,-0.241235148466189,0.0467436883018127,0.147704381164845,0.0286719996027436,-0.145828728895732,0.184766145307417,0.112432041341007,-0.304883121368823,-0.0027323365775741,-0.081625639859902,0.191269097073383,-0.19384662596374,-0.454037591246273,-0.500473106434618,-0.199903537761956,0.0190847136573375,-0.480123149963259,-0.376124667201934,-0.149285911554521,-0.182534004350879,-0.0910488653390132,-0.099884767030558,-0.177638677544808,-0.204207727420437,0.12900696951934,-0.233413736559837,-0.0521757256280773,-0.384408537738864,0.204904895985443,-0.270270469478975,-0.268297226072609,-0.398575139549288,0.136122445704421,-0.153879540803368,0.149997840228886,0.600185748258959,0.759800094269799,-0.227937009004204,0.670952919164884,0.755162597412481,0.860464022872232,0.942471515721693,-0.276033039258257,0.582262229248508,0.823368756826821,-0.20763830230454,0.164525149046111,-0.0808020940488531,0.285087497895606,0.406862252002914,0.510890103958403,0.250244551884742,0.238929396441859,0.498286773792919,-0.0409863672421806,0.466760503972494,0.281446363071907,-0.14549459532874,0.359964634296194,-0.0293607992573868,0.346984355607022,-0.194435243292444,0.360840775981122,0.28219831235987,-0.318605495384062,0.0394387387793806,0.119028137400395,-0.0918881505069212,-0.245798793271242,-0.219474201280177,-0.254938753935427,0.0941341989386331,-0.0999944012510285,-0.167897762292201,-0.249640248463986,-0.125371749470626,0.41669278083005,-0.126938451248555,0.270739885668512,0.346233614253413,0.18481591787412,0.363521425946234,0.324446170902919,0.447617536033005,0.419441422132885,0.0763395711833327,-0.135188722180371,-0.396195210606236,-0.0912510925761553,-0.0506567771668613,-0.165287379635644,0.0584309971092223,-0.0992290825053638,0.327739886729348,-0.114357827232877,-0.549973532067453,-0.0361210809664907,-0.304106832688,0.12013871970051,0.206675980330806,-0.497406305779203,-0.42601909377133,-0.692597127658848,-0.490212560000324,-0.397295507641451,-0.336822447623966,-0.424444069273118,-0.701140112300311,-0.29370598733763,-0.344325455489902,-0.263637178246865,0.0537069917931372,-0.408851389591027,-0.160356456604431,-0.177579988873243,-0.105173456554144,-0.379183640563705,-0.495412307834148
0.332382183640911,-0.131390305902906,0.759244545627241,0.132718436349686,0.115535091014125,-0.240573758618155,0.403544159766378,0.50058347921827,-0.118844823842902,1,0.207183804869868,0.0206221318073561,0.388225831412784,-0.34268834552443,-0.378270210994677,-0.246204519287069,-0.0666300650718555,-0.0767937127969556,-0.159606581220443,0.0715186036808935,-0.0838312707330393,-0.0534582345672529,0.0949012228714176,0.205194341272417,-0.101803513430109,0.0437509815018287,-0.113255467872801,0.359573538563409,-0.0990035837579476,0.0476213847626753,0.16137058497907,-0.192662096504913,0.112007247879681,0.0905576934040951,-0.237254353281129,0.0320714828731596,-0.27170402354484,-0.214654652272674,-0.293117932788189,-0.145213388377085,-0.121869362505913,0.0754085941370735,-0.227915633086154,0.0198859321514569,-0.0008109262082012,-0.0856667260585595,-0.0271620247358621,0.0294929592803508,-0.438870624960077,-0.378371143828441,-0.141110903432015,-0.347884956750525,-0.482847103358422,-0.142209616460287,-0.368080884627375,-0.380715195848124,-0.150109435240063,0.0367917911356997,-0.14783335762492,-0.076559541821165,-0.0153686156689288,0.110652491415476,0.0559933823535829,-0.10453721137695,-0.0784180517076585,0.117805041705969,-0.256983234909015,-0.0259534647178168,-0.27265061393399,-0.0320891708707965,-0.294729198419762,-0.266107676744748,-0.118679551918385,-0.245265663672843,-0.234298963522137,-0.444384763962633,-0.139776288098191,0.177905604000423,-0.15066484930592,-0.271637087178391,-0.120244621306935,0.197878114716983,0.527647545778358,0.360368758335682,-0.0183962457950628,0.11183687900569,0.708563179050985,-0.416782074241487,0.118014525438014,-0.0172339446272032,-0.0140760913425696,0.698851747910616,0.316877929827098,0.138350890569129,0.709824206169034,-0.386412587050103,-0.360105210003264,-0.105826513410538,-0.209203039331854,-0.0573550558019579,0.0888190976798685,-0.200586674702781,0.0416517917433289,0.0130128967372889,0.321296559719981,-0.0579297536823954,0.10186492445333,0.0517760342983037,0.199429472662146,-0.1132226557988,0.119176541308811,-0.0453893173915318,-0.107671657060531,0.408279451408293,0.127588583662944,0.0441664766179059,0.0335630675253791,0.318468766758441,0.636429669675114,0.602510163498443,0.426775403709525,-0.013099144934935,0.351257362987957,-0.290465705102295,-0.390000861112597,-0.2148197459926,0.353026954728984,-0.151013798879247,-0.198137649179847,0.123556861793437,0.140987176703307,0.167995315349052,-0.0636036807350168,0.0636921227692125,0.0315132670444418,-0.217104405673853,-0.0924986912461244,0.0330238510877078,-0.264716312415975,-0.274784236242248,-0.168189966654134,0.0824989982023081,0.254794732334646,-0.0496142364925507,0.116917081571574,0.0741830117656736,-0.133483691232172,-0.0165573470125095,0.0356435038604017,0.243828163738255,-0.135994502900932,0.121932231780994,-0.300553191343593,0.169698867130604,0.0220732528407328,0.246164745279836,0.196543915437695,0.021733736602424,0.23390629795632,-0.140727176982093,-0.0737796171507096,-0.0248191939242954,-0.184170277228943,-0.224764381217819,0.265506993089127,-0.0805236457652801,-0.0359975531453673
0.62154602167102,0.212997844451854,0.0599557465381872,0.461030986164549,0.13269163607845,0.183116827373954,0.270120998754464,-0.07135516774401,0.478153503600629,0.207183804869868,1,0.662247099061231,0.196275784221798,-0.0996935918929172,-0.0486671092541893,-0.0122834495749755,0.0366434159005718,-0.264006642515138,0.0411461835875143,0.227135152385653,-0.0173833208567957,-0.213286627960592,0.174016315877672,-0.138649997801683,-0.179564027145458,0.0704613637577681,-0.157703531504279,0.0528117325854344,-0.0755829583954287,-0.0663970444302471,-0.120738048411807,0.178672222232965,0.102378942095107,-0.139101287540793,-0.353511847358684,-0.122962068118376,-0.0353983905379073,0.129398483500899,0.132749993874677,0.201314085177499,-0.0609633740415767,-0.0124827463626919,-0.0904621531859839,0.140269059840733,0.123832805563061,0.429608448605775,0.11379927847303,0.394934944521164,-0.383649605333683,-0.487831429524199,-0.15499463899925,0.0910309350946356,-0.538804441419621,-0.0269165889327704,-0.277216133080932,-0.403236191517542,-0.417682055858144,0.459717628648722,0.324986483227025,0.152534256853854,0.196094078292264,-0.0401274327237226,-0.167056289691589,-0.0101917952893758,0.185533591243933,-0.130420601453985,-0.341253119659959,-0.208352965145685,-0.191017334476178,-0.0238823100020612,-0.199592750933605,-0.124003634407174,-0.0155784300242659,-0.198686125272741,-0.527066839315721,-0.294036015573633,-0.210308796973256,0.564241412227247,0.0655053127314061,-0.0708437412920347,0.027897302143931,0.562200163676717,0.278501223010894,0.301546880844214,0.228671814444841,0.47893525406656,0.194441019404329,0.0069655359236505,0.603999762220097,0.353719527125647,0.575133356163013,0.115545308786135,0.401680230571087,0.704646159046154,0.169902661431407,-0.0808603670034117,-0.140586782120884,0.164244292384914,0.124753828777013,0.21217102699841,-0.0868163950391748,0.101541019179844,0.385175121557512,-0.0902957811412772,0.42111889763265,0.191353283175444,-0.117526296016004,0.367261614556259,-0.0093857403236902,0.160305091707221,-0.224461819192169,0.143932651672948,-0.0394743842164805,-0.0466453293595348,0.312947758707147,-0.0232098379528486,-0.155129085319499,-0.0375407013378424,0.0434203991645776,0.100773011032996,0.246574680545435,-0.282466055001424,0.0264050467478627,-0.134678017605969,-0.205009156711392,0.0902495061413473,0.221109474375047,0.0787366344710165,0.198919637528177,0.109018498401581,0.300022575007196,0.305753745778851,0.481045813524848,0.398633009021688,0.0575973533836508,-0.314613600059096,-0.358386335528507,-0.27252146932968,-0.443760515357839,-0.465121653072542,-0.333073496294457,-0.173408737106418,0.365241886740099,-0.425952414723059,-0.450045506998594,0.447649338106063,0.226628028895257,0.003497192207683,-0.0747023453587873,-0.118625040811667,-0.196183038177745,-0.257650442169402,-0.478647244774878,0.11316137287509,-0.0482813246961785,0.147610192711518,-0.109512596821495,-0.077424240961144,-0.100202501994201,-0.0480914547972326,0.137619527029113,-0.197753061339333,-0.171507784158824,-0.347487123261464,0.359115074392587,0.0405342725192565,-0.0824766660324012
0.647643258346567,0.613980607609715,-0.280403277021487,0.681683888329533,0.425299835895249,0.626086954040866,-0.0303609158332339,-0.0164592515672915,0.858711008459642,0.0206221318073561,0.662247099061231,1,0.504869941669775,0.0441699281247264,0.140795787633814,0.114362477139174,0.357684749560245,-0.0823626643104441,0.273207584204706,0.462355436079464,-0.0302991628069414,-0.0891005744782156,0.179521894747144,-0.200611851766352,0.0188152587263749,-0.039623650471678,-0.212989928410831,0.0343783744644514,-0.126876141794514,-0.0732310138650687,-0.119016011199802,0.190335015056998,0.209511662762037,-0.136040452013498,-0.197954464871814,-0.0370863138634201,0.10807990266107,0.278077556817299,0.269172440122923,0.230000083299922,0.0181165427793574,0.218688278734728,0.0967796736661673,0.0143810146986078,0.233773974131072,0.257676105082773,0.285313106511441,0.219612628006928,-0.124007009196794,-0.287726168259216,-0.0201488700116217,0.0609675203644223,-0.0106836277009207,-0.225199339437784,-0.0170742007451157,0.0030972132312974,-0.240162232615508,0.0867986539671792,-0.0186503176368047,0.0022862313168564,-0.0034021225042131,-0.313403455786137,-0.376569590718648,-0.0402599443132345,0.0652152648368597,-0.392529536446034,-0.311592227070239,-0.383240054366769,-0.188811686748457,-0.0072288429035663,-0.0632694508039787,-0.208950139987319,-0.1961210457181,-0.123260921193532,-0.326395802628172,-0.093986770487422,-0.321771585965897,0.18438283259474,-0.182643645978124,-0.160781946730465,-0.283595042715266,0.209138463699264,0.0293762913392099,0.217286322990806,0.556935922011897,0.791806898621097,-0.0750204309851692,0.467560129837012,0.696845118308717,0.790632803291049,0.818492378624425,-0.176657785348319,0.714232678831649,0.891347786536087,0.0054732207282916,0.0124671050014151,-0.152978712187402,0.279597803140509,0.337383073555247,0.497456046899503,0.204676438330764,0.280970184138757,0.317660031915164,-0.0606130598825974,0.645200479671013,0.362161662650807,-0.141817101180388,0.310424810470473,-0.0297837255692559,0.183814760626382,-0.274813677574156,0.399252404283635,0.226633121696471,-0.258759987929438,0.0856486317491325,0.0805196326045573,-0.130679256300369,-0.188169661294106,-0.0738523707366906,-0.121972613028372,0.212678403715794,-0.214372285299386,-0.121599014935104,-0.228746327525721,-0.146940480090141,0.321151911110359,0.040078432459736,0.121084917534977,0.21502049683955,0.0471180578401988,0.287624097332585,0.357716371138543,0.400230730495472,0.343927226672265,0.0400405447471972,-0.218859559761516,-0.322035947697562,-0.209887559121735,-0.145387219625591,-0.385198305166782,-0.124756989491776,-0.0852909401029098,0.302816014627483,-0.235541271961051,-0.5853173742261,0.0590261319465698,-0.188787088053047,-0.0475891117540062,-0.0072074565978268,-0.505026313224218,-0.303566406344935,-0.558136545892359,-0.455046334654233,-0.280936210872727,-0.257428394424693,-0.256687768285125,-0.610501503900951,-0.242081327481295,-0.35607109549431,-0.285034408966012,-0.063618447322447,-0.365532832940218,-0.319739213939275,-0.301608094795084,-0.0867984929034679,-0.237999771914507,-0.338654029129996
