1,0.622329520824653,0.0975368894874938,0.411977565690281,0.53113687192908,0.199422094789424,-0.0738138517034483,0.461017869748567,0.345769365481722,0.545615740809472,0.430507626173189,0.513497913427327,0.77049849565858,0.137436336006472,0.117026869405593,-0.033552363907615,0.0849408075679567,-0.0677075917887104,-0.0941063713969199,0.0218887761111209,0.0427055658067751,-0.0026867128150017,0.032801086787052,-0.0116211489877128,-0.130191039361471,0.0561615835525106,-0.0750290505326375,-0.0180183486938729,-0.356093040465179,-0.263629931765607,0.435753083347851,0.223434187011619,0.284215955856236,0.220024857593648,-0.268221227880655,0.0180003050357718,0.34016717352243,-0.0786201996613333,-0.0122296089209679,0.190650683183724,0.0508236742374093,0.0220070215395444,0.0600965259677422,-0.486534022893014,-0.366966819856451,0.275393559847677,0.0152408260473733,-0.0547536926264328,-0.363535624888142,-0.0864806495356905,-0.406786797652364,-0.287242077222038,-0.182803975445718,-0.348428170470544,-0.157223057676603,0.0319157987822813,0.0226966672193538,0.248930703525097,-0.124792711101491,-0.254916317471648,-0.0105300766460537,0.0853085224330651,-0.192196196186425,-0.009847474602585,-0.127014791501923,0.144796064959859,-0.0433656564639034,-0.288447794940065,-0.290418711809771,0.0254628695294412,-0.0441160838823853,-0.379719516791923,-0.349942190069846,-0.469535470325584,-0.283705056834298,-0.441285124958992,-0.339867869561546,0.216181708315971,-0.156553527393157,-0.337659161424355,-0.0722768053287793,0.231038077738551,0.16930212030847,0.741050907776543,0.8054673754666,0.389571848511119,0.197068374890183,0.321684394305217,0.191756360393986,0.329491662020943,0.371931386452776,0.448400311197458,0.392483625781533,0.572554877744381,-0.0382748417266802,-0.002790948059265,-0.0518018786779705,-0.103086215755926,-0.0093250425193793,0.01827836603085,-0.0884460301527741,0.164981194524544,-0.183196392200871,0.223822943645711,0.0689465965499862,-0.0425637869903534,-0.130893019644818,-0.116414811173654,-0.203478765301132,0.222363386355346,-0.0946011565701525,-0.192126080810757,-0.0918538145020268,-0.210159762414209,-0.28793375656343,-0.292338357839603,0.221406069006133,0.082584531749095,0.201652327385292,-0.0422806703825947,-0.0142758074747723,0.0682258676716766,0.291852949300896,0.0901920898489637,0.280084776194525,-0.198419042387297,-0.0233110320921843,0.0008127771833859,0.0169652454657594,-0.0781751347133762,0.284388782976943,-0.0422203511648579,0.0476464824789813,-0.171528103295587,0.139228646357922,-0.245773443144815,-0.159783855609634,-0.0257690876827149,-0.147867659599807,0.0276731823680609,-0.161549345120056,-0.315702715067893,0.177978632485147,0.377968702039138,0.136260437308648,-0.427549929221498,-0.404455106795106,-0.381978475306704,0.661166979741845,0.185571227819629,-0.0530983911798717,0.0667792573760736,-0.109669232097149,0.157796686524209,0.0693347267260321,0.0657126495893395,-0.15419573198562,-0.0543910773441311,-0.0797987075229488,-0.0309372214781295,-0.120822707024364,-0.0048990208477199,0.298063229953647,0.0467765669647894,0.291293589196583
0.622329520824653,1,-0.192264351579534,-0.0340357871146861,0.250496472065193,0.729506538669981,-0.180359907301982,0.741622533726769,0.504604522744079,0.476172071733717,0.125555139655287,0.472542217263115,0.595583071157806,0.0384048680313178,-0.0319064178764195,-0.364923776340733,-0.0927649506034338,-0.104658171542358,-0.406841928445812,-0.0454122403325549,-0.317768202221901,-0.241129358631507,-0.20401870390611,-0.275975052147313,-0.440679721153929,-0.27563774594502,-0.095553653070405,-0.0683146645282284,-0.486374116250127,-0.438992125407534,0.368298995293836,-0.0748890978132266,-0.0585366495175408,0.204295646145041,-0.0522725876351854,-0.139991527945316,0.183478762022752,-0.157241280955556,0.0280324079199386,0.101499106189419,-0.0484484534591711,-0.224483736461531,-0.0754622578855775,-0.226658166004783,-0.0578780552225912,-0.209315084309366,-0.0604424769042906,-0.21051327661016,0.0072388061360055,0.289351030754829,-0.38476736105521,-0.386892657692314,0.119054886116137,0.07196503382424,-0.0449492360617209,0.278856066355326,0.291574933718515,0.252517649000176,0.191900825354566,-0.400018994359495,0.137010968993919,0.0842984078169911,0.180187167806026,0.284670770622825,0.010523563807082,0.0892644796112295,0.126218593438811,-0.403054172932976,-0.133023035543455,-0.149684479626752,0.0277533522941829,-0.235507147523273,-0.165608133076051,-0.201293208229278,0.0459288232198821,-0.0465420394249955,-0.0560696590691225,0.160707601810769,0.0559681275149432,0.0529984366058218,0.108682167265238,0.0301367915988608,-0.283545326519249,0.413904972476611,0.68758988740455,-0.0032393451437505,-0.0425490587136043,0.729550195756207,-0.175605503962156,0.52692425978353,0.141611736298744,0.362310720120618,0.190643530532599,0.376451750902253,0.0841671488871271,-0.104981250137401,-0.335680611769975,-0.258435376697266,-0.0730959691063793,-0.121617825039529,-0.353252537143872,-0.0774974087511769,-0.469505613775499,0.182757643926169,-0.229269355601499,-0.294792420237483,-0.382807461147008,-0.425278156349411,-0.513414722829168,-0.192109591227617,-0.333387450064892,-0.53234104715247,-0.408434144775778,-0.43175522112734,-0.38599672903752,-0.458746828152245,0.123164637164718,-0.185806318539218,-0.0612244709289732,-0.315481010982522,-0.378112708580655,0.0698177501285925,0.158469586383971,-0.0239041578238434,0.0816387310646176,-0.37155628777874,0.134606665046715,-0.10512088222391,-0.151326794081699,-0.116307752207266,-0.0787524074681702,-0.144403700385189,-0.0920834489391576,0.0320818068217535,0.0263063105470392,-0.277247883624336,-0.359470417700049,0.197386869365902,-0.232319962711098,0.0003339749526556,-0.168076900458985,-0.118965804405489,0.19404165028581,0.150246104726316,0.231412736103678,-0.333078476232347,-0.200745526480502,-0.213645072832939,0.235982700765943,-0.0317241912454598,0.0197375126242174,0.0012345431509212,-0.0114365408170919,0.0146502805588045,0.24540189849049,0.198007300054948,-0.376482981526378,0.0247140220941244,-0.176800779158922,-0.0329141055561702,-0.115090346937304,0.0328652280319327,0.162700755436368,0.0832660966347084,-0.0160728935751415
0.0975368894874938,-0.192264351579534,1,-0.0144180645802495,-0.202681374050839,-0.418870376002788,0.180612736889472,-0.0708507654441657,-0.504600638739758,0.476420916743709,-0.120328900149859,-0.367725349015445,0.160137830134279,0.199385578650209,-0.313384960874441,0.0295901707817744,-0.263719045634258,-0.505125955901369,0.141096707944045,-0.135784141843098,0.148348261750946,0.232151450907718,0.11758713896144,0.308775538854529,0.404299876179777,0.788915561052456,0.295881216452761,0.563785055481477,0.0811355766907655,0.319117442599821,0.210982819877841,-0.045567618926817,0.20842756693469,0.0197936828836005,-0.0241408742853074,0.188745466131993,-0.110065175071242,-0.263226313701533,-0.443653414600786,-0.0157800582599223,0.0446248249422593,0.105085035009876,0.0439726091088709,-0.265697022456941,-0.34361768973478,-0.0063107618890788,-0.120244527397337,-0.143160703841302,-0.536718374960305,-0.311873473445431,0.224410146972527,0.42065032152121,-0.126880821317478,-0.456582117748759,-0.140922153848737,-0.185385591736234,-0.174010577781031,-0.438802590528165,-0.494024849074502,-0.207817450879806,0.128740682556034,0.0452213982809782,-0.214404566560442,-0.0816850748838152,-0.142384765365899,-0.396991025467273,-0.0647654187172814,0.100699313197201,0.0618120253917711,0.225361188977632,0.146474891475742,-0.0967032447282064,-0.108787384237618,-0.338786550758068,-0.102455633051828,-0.105698391191197,-0.176343322345879,0.005152749631564,-0.127169815730549,-0.495937952090791,-0.353535303257163,0.430680994709918,0.63222156262181,0.342844240444875,0.0497843027498227,0.0379955799294841,0.539671718050778,-0.414420934939116,0.085894337978186,-0.286010270576235,-0.048961208374212,0.45388958243215,-0.200459309043462,0.6785060829777,-0.547992354031931,-0.13911927111597,0.195934665953816,-0.141890219815651,-0.338427738089158,-0.472351425703514,0.193465392014869,-0.0466304780658619,0.327678550946245,-0.367868994624081,0.06856231468026,0.353067919233969,0.10211696041167,0.228348795768617,0.201123528951761,0.192353636782759,0.381168099593651,0.663404657448822,0.602434117079704,0.104880619335751,0.268700141701777,0.437953222398711,0.375932212686661,0.577647981341815,0.109696816576978,0.0780470255556521,0.242296345937693,-0.299524291646702,-0.234521893510815,-0.339278986718106,0.250722181854545,-0.0271377798662583,-0.0509851077258334,-0.109430831350237,-0.001317338517814,-0.20778608094244,-0.230791224048999,-0.26281131853469,-0.237826488294296,-0.150434378595443,0.15535544693644,0.198496415351083,0.594253370642717,-0.388590349005052,0.0891543233990633,0.241595418586799,-0.444718095000409,-0.311069224192994,-0.16502421574079,-0.161431860833789,-0.477093198576413,0.0172626948955059,-0.404209372442959,-0.0913850852262303,0.445446260374405,-0.353192686478665,-0.194876331389018,0.000479141438895,-0.0136737204567223,-0.0386536565745237,-0.14426947969628,-0.214689723829781,0.261549808003345,-0.112256480635066,-0.0148554979164831,-0.136136676090496,-0.182914616583976,-0.210650518726957,0.0038565188494852,-0.134298660569938,-0.0749722262188008
0.411977565690281,-0.0340357871146861,-0.0144180645802495,1,0.613561591568323,-0.294374050494403,0.181087835907762,-0.123478381680029,0.345513843222689,0.0544620457069748,0.793023280753541,0.634791925702627,0.386521215382223,0.177966121261026,0.440804382233108,0.387503481739434,0.424280464731678,0.330461764057787,0.190564362075191,0.419538137876113,0.402113388716361,0.135136755597261,0.457262105162613,0.174472502342054,0.0660561693215839,0.0855390303991215,-0.0132304082170944,-0.153311217907438,-0.0643443181018012,0.146358270266167,0.323982387956632,0.117544091813871,0.217410103658352,0.232895003509915,-0.132435171854118,0.144409003541308,0.449880505902301,0.216900412897354,0.0679336181687979,0.380769107544306,0.383025114098538,0.319304492649198,0.320996146182837,-0.061635090978551,0.0251883025058174,0.561476274463275,0.315880035586365,0.146124867899716,-0.231808669666276,-0.292355330007436,-0.105881087407592,0.0082819098717745,-0.118129735085613,-0.131313957885124,-0.0127280660947147,-0.109927964572379,-0.137003920070507,0.303945212544097,-0.0808755512744131,0.197568808608295,-0.163456162611212,-0.0227487167572826,-0.276819448760367,-0.200621744695467,-0.0570810142194123,0.177083810786964,-0.356293175139201,0.0686047930149219,-0.363068046256951,0.14046718514901,0.0694379948251033,-0.250212293138783,-0.25854140561002,0.0063768424892087,-0.22952909985089,-0.295166824061027,-0.339955808889841,0.0649096570462495,-0.353321519272876,-0.427716236652638,-0.223013695874856,0.0049074269412038,0.191127738985689,0.136928456360428,0.428388617683836,0.840321034852101,0.139399351447584,-0.157633983666975,0.595845845653566,0.138649583429753,0.679134589719427,0.0404538498579779,0.644976294306665,0.030108168463663,0.239475582343637,0.14573441021142,0.254157195405696,0.391144408320119,0.397274469804479,0.371135121549115,0.0914759909402176,0.499711906147022,0.164238002607248,0.428735160895652,0.518419998251978,0.166559100497126,0.452025200341513,0.366029866770918,-0.0098009780412247,0.390069349693809,0.0915293079220466,0.142821383780216,0.137521194754613,0.184687880995597,-0.158719621393695,0.0650570310322455,-0.0008778166489274,-0.100754786536432,0.390517863594121,0.0290303301449122,0.310050392151951,-0.207092140047222,0.24707063193141,0.31023700998412,0.212545457120046,0.189545744656699,0.0085926332765396,0.445899737390371,0.407544703185976,0.328463755203512,0.499692184934596,0.340295307898322,0.182867020377833,-0.25652070595938,-0.166158279452984,0.133844059729515,-0.0315370687507953,-0.223920344336584,0.0944429112245235,-0.242651675163229,0.234312187739391,-0.0762508729618391,-0.226061297845364,0.3090889159822,0.0561505126907634,-0.0344363865553953,0.0075205145896997,-0.14811477115004,0.255085854542155,0.090812057068351,-0.309267245354409,-0.156568001049029,-0.368419281666559,0.109982662695778,-0.358694417805303,-0.0827736177814247,0.182666216115167,-0.178714557470303,0.164348379459987,-0.255997058158568,-0.383263176008804,-0.316749253614951,0.0884088929421476,-0.273427550348128,0.0900905937637606
0.53113687192908,0.250496472065193,-0.202681374050839,0.613561591568323,1,0.0706787897209274,-0.139050460221279,-0.0737129327472911,0.514299541510641,-0.0135090081213461,0.539329715761105,0.516756628288456,0.280213156237435,-0.0180058712876715,0.354643345343212,0.223880151745501,0.26074230624299,0.305384111401211,0.01530360803262,0.168379852283092,0.0750419309372339,-0.0470248371243234,0.19893320877873,-0.120400630765367,-0.166360304571667,-0.170469209520391,-0.192615664225582,-0.296236358804975,-0.0576197145157472,-0.131696744816483,0.150411179488846,0.31946102852981,0.189592351535776,-0.054295479750205,-0.0931746800075501,-0.137721740739797,0.243515053485867,0.236690160239056,0.0364257581821712,0.222055545066789,-0.0014508270192554,0.0357398226515638,-0.0957182289513737,-0.203060564420547,-0.119452552143566,0.366786050920292,-0.0297964334956157,0.058685392781066,-0.0796260031699609,-0.123664401583541,-0.315729944339325,-0.333409921350696,-0.279528796934522,-0.234752428688896,-0.252256643332846,-0.159371549211558,-0.196096543271446,0.405937473437297,-0.0956877375128388,0.0534296240120758,-0.153619502715609,0.0549478457563213,-0.187222222113802,-0.183062576704597,0.144860432196205,0.327278455206379,0.0588769733406946,-0.103923299202245,-0.194367982215542,-0.248072729528584,-0.201110316845054,-0.0226379027208632,-0.0901089769924637,-0.0708429998959642,-0.250970249987113,-0.319196093513763,-0.101121472834582,0.334801910453664,-0.0703772559827211,-0.136107925693325,0.0959457000755028,0.229401213760835,-0.0187675756601078,0.295811344890196,0.390703416095892,0.620843186299392,-0.0921833665204657,0.114139127851921,0.595209601881757,0.433133943911048,0.571853538652898,-0.0056174046769826,0.488612271886947,0.0267138570628387,0.29481480811543,0.369586103558545,-0.032824918800618,0.388290053686954,0.186925078838355,0.223711680978905,-0.0458916374795366,0.207401802467903,-0.0446050670742665,0.36324277723279,0.154935152862449,-0.152213862395425,0.214576636224612,0.111479999281752,-0.115598420747345,0.239138333361197,-0.1813742486713,-0.131991669171243,-0.0624280066067682,0.10118339087063,-0.207625007192322,-0.0933406923696858,0.0233054098253621,-0.0548180980466305,0.219607236048755,0.0034259699293814,0.10397296552544,0.0374716099948886,0.0416339489640871,0.260127166786803,0.245156081272014,0.295382322828332,-0.0459652178016833,0.141989009823185,0.0886447932703298,0.190142773952313,0.397628442953261,0.100689142519148,0.179038374367215,-0.217921157580895,0.0697490867196707,-0.176871993095928,-0.333677217398728,-0.122995480867737,-0.213391569454312,-0.131383136024336,0.0022391786010563,-0.286227166571388,0.0180487265487986,0.410805191983174,0.146401395829737,-0.0019348187529932,-0.0476550946039334,-0.197770065029117,0.38489074997647,0.296336424378989,0.035846477388635,-0.0153633593978277,-0.0808422708920659,0.151146447418358,0.0122726753029442,-0.0046254887984281,-0.154954439566598,0.150922669648809,0.154196070176934,0.0920857467468115,-0.0621877521089767,-0.0317179660757254,0.321560396486186,0.0555073576577839,0.253821308111467
0.199422094789424,0.729506538669981,-0.418870376002788,-0.294374050494403,0.0706787897209274,1,-0.342413267732666,0.670626735237331,0.598518248316154,0.028207963794573,-0.129147857146272,0.275932388166933,0.271785486763737,-0.385336470936094,-0.155904966119537,-0.404988412497409,-0.159233595786634,0.158634926640489,-0.517792447555825,-0.229710179437582,-0.492821172965921,-0.475931455110846,-0.364985076053392,-0.475931030394847,-0.591674721326658,-0.502442731194778,0.118285739204074,0.0422141862313441,-0.234281187003406,-0.475445426773317,0.25368291835481,0.0502079387026663,-0.282502772312549,0.0695397250529907,0.125727059883288,-0.0690110671335133,0.018661357927742,0.104422113105142,0.21380610048281,-0.20691059537382,-0.206587342606183,-0.290792555311632,-0.268016856921756,-0.189560127455603,-0.137611140756833,-0.401748751567897,-0.30827913539128,0.014207971879467,0.26567316459235,0.583362185858529,-0.0796454565940239,-0.328923137462405,0.0019743362987066,0.131485331109355,0.0360703895770354,0.280067501962889,0.265268379703923,0.367312408156284,0.404071582791595,-0.270496925738779,-0.0340861683362638,-0.0571636198569809,0.261999264867844,0.297821490153365,0.205893170140107,0.213094621465849,0.340779134933296,-0.45911337778851,0.0111439362355174,-0.346718907751234,-0.279785101883669,-0.228921590945887,-0.195930296423085,-0.209218214455012,-0.011630006024252,0.0865440325641519,0.160991122458183,0.256788788276952,0.280465551705772,0.325168999431687,0.447439232009128,-0.0336941805663539,-0.575057641653465,0.0817804629210122,0.205083655766304,-0.248485665957869,-0.468627962036803,0.86685308498234,-0.40675594409533,0.63350794399697,0.0237820090772014,-0.075640070955382,-0.0498506247944041,0.0266995762916217,0.0555444126576499,-0.0980560652013155,-0.496993364176516,-0.221745455886805,-0.119334558799565,0.0029457808806155,-0.452943288278034,-0.452525590090037,-0.557247481316996,0.0282636833585397,-0.427176444992402,-0.498040364492103,-0.399152819101349,-0.539018812591109,-0.450129289816504,-0.483193900065763,-0.490022624597784,-0.540315030982643,-0.540165667783823,-0.275215811667041,-0.0320451915161225,-0.484989008173539,0.209435556673483,-0.15892075793619,-0.177041630782083,-0.132267348767162,-0.358709809558697,0.319699303614794,-0.107800872686917,0.0326623182851336,0.012305141047486,-0.223565839801112,-0.0636230257251351,-0.243668029653276,-0.311230735086493,-0.269273702468607,-0.201365106955942,-0.304236100111454,-0.018361755755584,0.302983693426061,0.241283475638094,-0.406614258029648,-0.436353377951549,0.248166792011301,-0.198286353637338,0.0036742621674979,-0.17222835021966,0.0068192299552551,0.200906241136398,0.172136779381738,0.258108628228774,-0.151000076247415,-0.148954824601442,-0.213258754395151,-0.114572515752004,0.0479739594522836,0.245632690415008,-0.15237975370001,0.117423872724592,-0.0830079841197254,0.315236914163208,0.188291935835837,-0.656126743365068,0.0849300953373923,-0.304939367764561,-0.0972697187981032,0.0226279201599657,0.231102681776308,0.206553057534342,0.208018719240178,0.0873500622116216
-0.0738138517034483,-0.180359907301982,0.180612736889472,0.181087835907762,-0.139050460221279,-0.342413267732666,1,-0.0663556542709796,-0.399198449249194,0.371574326361328,0.08327086725966,0.0468762295590268,0.0301801738684482,0.0172979132759121,0.116310611411888,0.368706126141445,-0.0017126079240229,0.0139229066082035,0.387674102679107,0.311810361586816,0.262891045189933,0.465111148237875,0.509362122588002,0.44933635401998,0.494093226586683,0.416188219754154,-0.0114800795015767,-0.0030135366789969,0.0254688964651943,0.59254840441765,-0.0127516084875024,-0.376727482147931,0.215468168407094,0.0333318126799212,-0.0410204452057951,0.17350063673559,0.101691195933736,-0.161713889696034,0.155548585561395,-0.142707459802531,0.0570314762684638,0.222181150921268,0.367581912820951,0.0692266305076421,0.0432177524114283,0.0450536696344328,0.390887060416014,0.036051712402107,0.0184156876899637,-0.238649557270701,0.130405697106091,0.112011785330906,0.451165815278661,0.207688831640184,0.305824177000763,0.214412071872007,0.316972734577857,-0.440478211003584,-0.313366754729108,-0.0657473838276321,0.180032507553934,0.109270753467307,0.137367471075045,0.362423762084975,-0.0868721703450208,-0.102471154136278,-0.298715616985993,0.0270223715312646,0.132177748066136,0.387272378292955,0.526032740574292,-0.0335737212867536,0.0941841117671205,-0.036420378843735,0.267309962373988,0.19911975542035,-0.106142612134665,-0.407283609872542,-0.367588666145485,-0.332745831537103,-0.472717984721496,-0.268723620890361,0.287389317338687,-0.0909914721095289,0.111455634481213,0.112895866701394,0.682615401805428,-0.430311512759042,0.223275826893058,-0.586278678654258,0.0907161170654296,0.492804930576324,0.11808784234161,0.0871213447646573,-0.0578735165868203,-0.077216412915036,0.480477350333587,-0.0315230900146909,0.194857885578553,0.111199548578199,0.429067188442281,0.341183468083922,0.417991419529237,0.032904661388927,0.324491272492237,0.630669572500336,0.309205650800702,0.501493808034782,0.155510325117665,0.260631909576612,0.559571248937947,0.380778369638629,0.535121502235184,0.0559523696476168,-0.262794561518528,0.533761985088993,-0.302695921851352,0.164636933568332,-0.031435534960878,-0.22753574006195,0.0695597080536948,-0.254987489709388,0.13906253953253,-0.134849172850544,-0.442349609751483,-0.0537896876010852,-0.0669027997658087,-0.0552471240552124,0.120933372944555,-0.0849189307844166,-0.182759019113798,0.14215075418617,-0.215050982242633,-0.155400120928281,-0.39859143047052,0.0295030672030151,0.0264227628566401,-0.0340897776585239,-0.0088444834660138,-0.131765109257578,-0.123749678302423,-0.182576545064785,-0.524013572598594,-0.443903567553481,-0.513507955743095,-0.248186457886236,-0.191223786702041,-0.0328883159127921,0.0426524306932301,-0.362054249658178,-0.412794684769369,0.14720685219908,-0.20046025516362,-0.0966862046199073,-0.340246442959787,0.0274464580549053,0.12883446868482,-0.468871384901731,-0.299593981542654,-0.103931969555791,-0.348754346674306,-0.400166996738251,-0.362311923224768,-0.539053932906512,-0.510615842068288
0.461017869748567,0.741622533726769,-0.0708507654441657,-0.123478381680029,-0.0737129327472911,0.670626735237331,-0.0663556542709796,1,0.297204704679695,0.550095254880646,0.0229532853590148,0.318407857444395,0.674583662147284,-0.128383896722393,-0.140859286419242,-0.28561568746619,-0.185042934430051,-0.120561768550998,-0.459477222143631,-0.10463466361672,-0.273585706931176,-0.239834561224073,-0.222957139802415,-0.227040846221569,-0.36022968896585,-0.153571322916354,0.220779901845904,0.190092957067229,-0.431297497646242,-0.395306032914267,0.480075606335503,-0.0785581155740246,-0.0943095325603889,0.351471969688524,-0.0319760105564828,0.0941924921012526,0.107633947308496,-0.178212896733943,0.109981166966231,-0.0533579921402935,0.111970038389182,-0.138512265832465,0.0202449928657915,-0.221305193070031,-0.0507948269899476,-0.261532768475024,-0.032439152466516,-0.135625186773444,-0.0472743627248498,0.384539974999017,-0.0623262760383711,-0.192782053582434,0.129192146798019,0.0529038012103021,0.126329127394807,0.379927769957022,0.367826217034245,0.188276977425194,0.228344017507957,-0.268618434052315,0.0256553586442599,-0.0231825294940321,0.22307945922265,0.353768852432803,-0.0675095800151777,0.0486739477048112,0.0158037159179454,-0.31161887347302,-0.138891329853799,-0.007274999988516,0.0597539725104013,-0.360430247404258,-0.341896639542628,-0.246335601253822,0.0523855908962423,-0.0167020990063698,-0.157458015716806,0.0200524584262742,-0.0380427649034759,0.0238143315623084,0.0794267230890394,-0.111298750247987,-0.262555302053547,0.310260226379946,0.492276755794694,-0.146290550891246,-0.0275025331165937,0.642381426489573,-0.345585437256577,0.301103971416225,0.0209142844875811,0.404700874755696,-0.0005602979095679,0.386062167404235,-0.119448758443333,-0.323400545424075,-0.231910695026558,-0.408690686116189,-0.1534035002914,-0.0957308361702686,-0.368668074320173,-0.168232385550146,-0.487306643774765,0.0611582213283612,-0.239299881060711,-0.240444595601948,-0.470014969429738,-0.485565219093796,-0.441951247319379,-0.277733166319864,-0.264245956077058,-0.342460880353482,-0.35305092759195,-0.478311245563741,-0.124579239159714,-0.492855927908878,0.255397277487393,-0.143044633603915,-0.0180102870680539,-0.127808992357446,-0.257741419490804,0.14940793082514,0.108143833000113,-0.0750524263649115,0.061409263792405,-0.475840138039283,-0.0450288835966796,-0.0417381374910107,-0.151620216089126,-0.136772808110899,-0.164772378842616,-0.145402359926064,-0.064414768112281,0.320118449710772,0.102648753012487,-0.0758425496215812,-0.202491526813365,0.131103635817684,0.0124752532830298,0.123646526831834,-0.146725481915515,0.0778650881529675,0.126247272156378,0.0612486890259725,0.140461678962129,-0.347438028107524,-0.217463203552071,-0.244183115925961,0.107046645303196,-0.120776661634084,-0.0615632645350974,-0.194723606925546,-0.098963289439532,-0.174788306041894,0.194789244815444,0.185502782772479,-0.33824282142499,-0.149762082898134,-0.288278878944729,-0.305490883573722,-0.264642053684288,0.023243555790256,0.0524164138247198,-0.0295745924021842,-0.0325270463073035
0.345769365481722,0.504604522744079,-0.504600638739758,0.345513843222689,0.514299541510641,0.598518248316154,-0.399198449249194,0.297204704679695,1,-0.165827287579563,0.456466790383914,0.656674246199893,0.346965089563591,-0.182618287510956,0.14449124266117,-0.153195193072296,0.200890847039625,0.368231671361771,-0.262882062959471,0.212438271729536,-0.194644093990927,-0.332303455553286,-0.0766325885169864,-0.330675177104543,-0.526283076281657,-0.581631442129739,-0.0465179873920324,-0.201976088903566,-0.102614301797077,-0.354036253739416,0.41828251525856,0.219637298937978,-0.249062456058859,0.20646022478613,-0.0025916036594836,-0.0932759971251434,0.230684242762443,0.320129436933055,0.162994064624706,0.156644116008722,-0.0183291706512845,-0.134659735107708,-0.162550588597598,-0.153513925231022,0.0643290537699553,0.0823797104110693,0.0030480862276347,0.247101368576877,0.068384881843443,0.266070299525976,-0.12904854710731,-0.37773026096209,-0.226526340335609,-0.0147349214584192,-0.0871365313254334,-0.0114891528880517,-0.0668903060783739,0.636382495937746,0.380979452653439,0.0271982135527025,-0.258076300997657,-0.205938381912874,-0.160911538535197,-0.125548187041835,0.0871138586658231,0.264104787729269,0.0807866271728035,-0.363260779006641,-0.203237961241885,-0.318371136015769,-0.390936710123953,-0.238360598434958,-0.285080111424977,-0.0318451138071007,-0.253672645307588,-0.195373157982077,-0.0911785184823004,0.396414104094789,0.0730695732940947,0.0849254034489912,0.310732835846336,-0.0047912295022991,-0.529483150678847,0.0988211023186395,0.282080280191043,0.452700955428274,-0.528004366391465,0.646525589443963,0.0435449248070985,0.878353457574465,0.597032020675865,-0.302489878727198,0.50099723356842,-0.251073869427969,0.284856265562847,0.0213336299811116,-0.328851805474807,0.125105995662126,0.268377118487029,0.337613488293746,-0.314902972743415,-0.0621713600214329,-0.349637463936617,0.481023442603459,0.0473381625945021,-0.37421830963824,0.0344959862089642,-0.195413972345272,-0.285761397155407,-0.137366822157139,-0.395405278550838,-0.569204723925983,-0.514484870927847,-0.0080586661145748,-0.18751298911441,-0.420892370797462,0.090739443766647,-0.349945646090736,0.202115482425059,0.0100516878060984,-0.152370519787387,0.136936290045194,0.061099451789677,0.3358765301669,0.27550670381324,-0.0512927673196306,0.146634919522712,0.0478489424245303,0.0621068191450224,0.182017953237583,0.308847886649012,0.0668910339720985,0.139746093364923,-0.0377246673623563,0.0968273032200809,-0.343517183056497,-0.541464072127663,0.0571625068188244,-0.240154665560168,-0.256390832329333,0.11055386738952,0.0603539983881976,0.122818788526133,0.456401235962219,0.377072521627282,-0.0532995795225249,0.0203643269059233,-0.264862914849375,-0.0108895842483982,0.236108724891236,0.129966142080779,-0.187385496313253,-0.098975228593778,0.0483036411251482,0.0388203661279776,-0.0065589515378884,-0.449086438120035,0.117868905602384,-0.0798232163634226,-0.114981278893073,-0.0791592864808503,0.167827320674908,0.390381153539227,0.13051365249205,0.268567904993808
0.545615740809472,0.476172071733717,0.476420916743709,0.0544620457069748,-0.0135090081213461,0.028207963794573,0.371574326361328,0.550095254880646,-0.165827287579563,1,0.0256406092962703,0.12871737899493,0.681302610779858,0.115080834267666,-0.210183415611134,-0.128885451894097,-0.328854940084229,-0.425391277603706,-0.194724852965067,-0.025962907975155,-0.0816774381938133,0.0853702467973273,0.0349110806468387,0.0731698791737819,0.0759816941311881,0.356060846091316,-0.0957468715701724,0.143608349654667,-0.483297670537443,-0.0268351766982618,0.438499812386323,-0.264600166634917,0.164509836807374,0.096915488329596,-0.264931872721921,0.0165613889505834,0.161324786492052,-0.391441699858044,-0.166550400358035,0.0396764673812489,0.0033030727505305,-0.131772892197394,0.148454579807721,-0.329978596524584,-0.18590192013404,-0.0919438586948108,0.058118243129943,-0.176238159797147,-0.354244689602073,-0.150375380081789,-0.190892259110203,-0.078452390198644,0.202794620995819,-0.110954285350593,-0.0088506306529993,0.165735336779038,0.169831547642188,-0.232618488888662,-0.227381119348776,-0.259472409239563,0.167730191587179,0.146862007938621,0.0003472155810546,0.233415129326218,-0.224856683568933,-0.259529039468615,-0.197122868506002,-0.153248370564672,-0.119325588086761,0.251000674259699,0.321715751778096,-0.269876046126243,-0.175837124456269,-0.330792280586143,0.0889559060379694,-0.115469813606541,-0.282471719615557,-0.120902779347912,-0.284684155235451,-0.396545474681065,-0.380995103238461,0.139725293077781,0.293701786522995,0.451764744497655,0.620281219499889,0.123732062582548,0.611310142524795,0.0721657057940782,0.0024127930291983,-0.0931228089138382,0.0486613137921369,0.898411931609348,0.0536105009539703,0.726325079389357,-0.319300465442434,-0.183352064062352,-0.0135131627499492,-0.258765651567863,-0.248586291877422,-0.328433924162596,-0.13405997049055,0.085824157776938,-0.0601054219753421,-0.0475292799964588,-0.0269850013293118,0.228397774926233,-0.171836720488426,-0.0507843835605669,-0.143534802544002,0.0619349166896505,0.149132680423618,0.0560769752997858,0.235470121526631,-0.364162397121199,-0.2805858137338,0.0420869649018124,0.203581206584691,0.229561456088153,0.0644780849974866,-0.1927753996135,-0.0870410321635336,-0.176135535137461,0.0964736796584413,-0.241690849569413,0.0446358873774124,-0.265654187542039,0.0518869918631925,-0.131593626639307,-0.0859576101247978,-0.162652644935479,-0.130905588296243,-0.0851932314733006,-0.208725826697407,-0.0651917758020147,-0.123850706244897,-0.0085830555024247,0.129236719773271,0.0411721225795873,0.0053040783939185,0.184337493217652,-0.242143854796946,-0.185321193808952,0.0027609236950526,-0.112431223983576,-0.194912347647476,-0.305418144486467,-0.327952083417176,-0.0918320978075833,0.489359915256824,-0.27936481515849,-0.209595125670195,0.0128243987552648,-0.0499215416458576,-0.0705291917310987,0.0177039831626439,0.0211132070378856,0.059522145714379,-0.162242782905552,-0.252710176589844,-0.0550542577894348,-0.229783679200994,-0.147735822766361,-0.0285474571531662,-0.191824499813959,-0.185086028358342
0.430507626173189,0.125555139655287,-0.120328900149859,0.793023280753541,0.539329715761105,-0.129147857146272,0.08327086725966,0.0229532853590148,0.456466790383914,0.0256406092962703,1,0.795304135853606,0.449232343158058,0.35022387851614,0.381203317668468,0.238759865703432,0.484618467893923,0.282512360079582,0.192042453570208,0.499511946392222,0.401578137484752,0.231095167855701,0.499333655469114,0.230992062198383,0.0509875300802622,-0.0171044444441855,-0.12228194336733,-0.296333211533796,-0.0563803745878888,0.113946022194331,0.276853675691504,0.233786890862939,0.346480127054994,0.211777324858814,-0.239996361643365,0.0143996366366681,0.352360748089703,0.223444090745901,0.0244916731395891,0.421719857448382,0.362381008756453,0.344201246947088,0.185579712546152,-0.0304648170716358,0.0126638415882974,0.60314469714917,0.326492501267922,-0.0048629972708755,-0.321531340787065,-0.309442078586745,-0.30479592900305,-0.089665676532742,-0.296852225352958,-0.243167281241317,-0.140190016050247,-0.232358180079458,-0.265554551986401,0.499341990088575,-0.0154719437130265,0.10165266889948,-0.125840116131503,-0.120446811078455,-0.351408920184672,-0.34791226784517,-0.168950495757714,0.24963606670041,-0.226482456179912,-0.0907778790478093,-0.286342616219929,-0.0438688631427901,-0.101001625729595,-0.0791539110585128,-0.179740814445861,0.0317694038157955,-0.356579720069246,-0.448715927184346,-0.334248706203064,0.279706178144305,-0.225578428851953,-0.337583128880942,-0.131417971788357,-0.0099827601843925,0.119800637764573,0.362046397909672,0.443432173913568,0.725125134278258,0.0815180382420577,0.0422273834461622,0.535921680183738,0.28798606907052,0.765050883514442,0.0217180077972261,0.865476441585459,-0.0342599786805503,0.256301065204874,-0.0379795670164434,0.222821317369204,0.19296008210178,0.445798219238163,0.372960596621706,0.0787010265261024,0.512389618349446,0.133541724544936,0.610357449486202,0.540686158916071,0.148717183070214,0.421464707490366,0.348181149214025,-0.0549187821890639,0.461874812210879,0.0636178239306435,-0.0117620296645388,0.0652788460350217,0.128473457994332,-0.278774907710434,-0.0439282681656875,-0.108237805338821,-0.201836847932806,0.429424340559502,-0.0561408006715583,0.188213910080749,-0.248349545885607,0.338997133472417,0.354848281754467,0.297670057581389,-0.106365343573608,0.0853012502805215,0.416405099914666,0.468569494218597,0.429096494681481,0.571410190407548,0.364856631455898,0.23619669491609,-0.396425805534648,-0.157452137897375,0.0100238013922992,-0.227850271118577,-0.337614593143489,-0.0734862718640563,-0.400693051104003,0.236389199692123,-0.175056739411327,-0.235186930559311,0.49465133630212,0.228738199156045,-0.234794889249331,-0.0211357998173324,-0.362358262276116,0.370526550842307,0.219193255750451,-0.221604548966317,-0.0348514086808347,-0.364073068607038,0.182640681777561,-0.279081847993727,-0.117768479429337,0.0327169524748089,-0.0490129197621466,0.283197253619718,-0.147298763988426,-0.289066500906268,-0.250741629270068,0.332368266961182,-0.14224006693648,0.166505088445261
0.513497913427327,0.472542217263115,-0.367725349015445,0.634791925702627,0.516756628288456,0.275932388166933,0.0468762295590268,0.318407857444395,0.656674246199893,0.12871737899493,0.795304135853606,1,0.597980630710216,0.159833113411419,0.371369389255328,0.0547704019051308,0.323977336190486,0.326418408236406,-0.004205955529925,0.356132542012862,0.0684295959598692,0.0166806480957054,0.346070972987823,-0.0340558979836009,-0.202358232634293,-0.241690655523285,-0.13142488375662,-0.247847773743642,-0.181181575854541,-0.0437351877257752,0.446030831111459,0.160537453806834,0.124872338996892,0.265869124406701,-0.178038046525531,0.0573315522393155,0.453808204605999,0.23475531775946,0.238657726682588,0.320068502075079,0.164943613871164,0.107382386685378,0.0960281079208749,-0.114413255694232,-0.0166358340511154,0.307691047729558,0.181402765940196,0.0680777351508705,-0.0743160381654754,0.0126216064552487,-0.27552643567107,-0.244219920820295,-0.11665161319092,0.0075432539593553,0.0109939747686516,0.0371260133050783,-0.0301838870825972,0.575199021919483,0.176197936946286,-0.0378240407739838,-0.10892219177228,-0.0396757635204885,-0.142046685189725,-0.113602708682038,-0.0503616408808708,0.339289345063138,-0.161128991095939,-0.304524705501728,-0.338187491660979,-0.0949056122453242,-0.11906296010783,-0.276776440236561,-0.274476290783911,-0.0612524593075538,-0.259673028450802,-0.30965834699857,-0.287067545272817,0.235174113801203,-0.190049291497473,-0.192447089182831,-0.0030491887502663,-0.0503682130066846,-0.14014462257893,0.272957193438836,0.546356596512715,0.611215230348332,-0.0706174068448986,0.391962831303275,0.263516099483844,0.492613668892085,0.645513924738714,0.0575484844381944,0.827654221241327,-0.0082967778815373,0.333222800238248,0.0431801586433746,-0.0138539901319218,0.137415399312398,0.322890668068474,0.342905079655814,-0.0731602927116949,0.256388071626491,-0.0672038871836728,0.561774116189734,0.265588331988739,0.0043427765256276,0.247241840498763,0.147109078958429,-0.254958895515353,0.187704628050625,-0.103716929117057,-0.289623524377227,-0.167721225633291,-0.0582217978732458,-0.325193737654859,-0.193075652456675,-0.0103985235436612,-0.236447085696246,0.292780552953204,-0.177883228286214,-0.0002371663860995,-0.0498004422132426,0.384558616562829,0.330801787015416,0.210099977060932,-0.110106354341625,0.143839941545859,0.219024678682476,0.229759334760423,0.195915970844573,0.403446300013813,0.213645621717879,0.184678204899011,-0.186595619460645,-0.113096349674765,-0.172333670029116,-0.396059460261767,-0.0508850140471508,-0.0929933983334652,-0.30760933632824,0.223051043245216,-0.0581274488380087,-0.0993237121768924,0.443864815306357,0.256675790682086,-0.31880027874217,-0.074580137649501,-0.337226861642553,0.227105308316227,0.182155402102442,-0.169954456704977,-0.0897804268279629,-0.290629735620218,0.181899238847849,-0.137748911281463,0.10194130763889,-0.155784934471617,-0.0842484751163791,-0.0181014859381179,-0.175675264645942,-0.307829319700642,-0.199214904941597,0.258032621334352,-0.119332297323677,0.0907342022059632
0.77049849565858,0.595583071157806,0.160137830134279,0.386521215382223,0.280213156237435,0.271785486763737,0.0301801738684482,0.674583662147284,0.346965089563591,0.681302610779858,0.449232343158058,0.597980630710216,1,0.111580775114847,-0.0033129548979162,-0.168623529085119,-0.0113146448468099,-0.0985269579165513,-0.231852684841019,0.083851932752982,-0.0076325379049913,-0.100066970747969,0.0201536683367403,-0.0525442699027277,-0.131654755840825,0.0497626182721965,-0.001036479920022,0.0678137693561561,-0.443770226698824,-0.214237675052372,0.625485599842562,0.120509026017763,0.207839343305453,0.244366782406554,-0.27176349295949,0.100386207970941,0.383441622420568,-0.0561960042777264,0.0271124152574275,0.188295006749828,0.135142270601994,0.0049321681338275,0.155647256721527,-0.360756559217814,-0.278926525306034,0.175367195833299,0.0458326664993492,-0.063786899488661,-0.357185760497461,-0.101086647929946,-0.254311417328437,-0.242420840996267,-0.129387480396962,-0.232781697725804,-0.0414385191063712,0.0365179575263385,-0.0068149301699934,0.223685261114832,-0.0529906536188564,-0.195733671857927,-0.0564947602906325,0.0084872724438244,-0.17352642513726,-0.0313498908764679,-0.153203196300516,0.106987682183689,-0.187332581115774,-0.347445752890256,-0.397574797978779,0.0017380671439187,-0.040486172504363,-0.421374808686349,-0.39127017654804,-0.37806424011997,-0.250070001036645,-0.380666344824302,-0.389834932202944,0.103638573404336,-0.261862451974126,-0.401684346663496,-0.139150260380316,0.132634087865485,0.051204527628509,0.550845887833533,0.742766046409715,0.370070319018988,0.227214812066969,0.432831946230127,-0.0277377190303561,0.322308847190446,0.338783852507339,0.562065806746073,0.408609645796548,0.618987171677147,-0.20118889212353,-0.179516398847824,-0.129911864022368,-0.212118179146477,-0.0173301088951078,0.0193053262148048,-0.254494227338499,0.121630121691657,-0.209752386020387,0.258808873013163,0.10597089089449,0.0118363124957322,-0.0882428949689019,-0.102473559297622,-0.190136868100659,0.115370335314003,-0.0737829231040787,-0.108707521276115,-0.0258468894442688,-0.237063222858592,-0.201189237631033,-0.249161227491336,0.301359197501031,0.0523777628111609,0.312540114894157,0.041041200068685,0.0427664721693755,-0.08073636654207,0.199638672567368,0.108665696348779,0.329276324993233,-0.278616024108502,0.0098600843732469,0.0529984471261851,0.106956718545501,-0.0349046940198493,0.22149269558481,0.0296046115270751,0.0738948599108242,-0.0364524975533044,0.0295402792839475,-0.153545375239974,-0.159095757986765,0.0423289176981998,0.0508115841231582,-0.0007467643162417,-0.0112954072860538,-0.14101200823264,0.0768445336197803,0.29120488982398,0.0858255824225933,-0.439325145767941,-0.337258637500153,-0.327678463729116,0.516254507122245,0.0452448963576139,-0.146308927273767,-0.122325784333725,-0.166222754872822,0.0473900722741369,-0.0129689684079836,0.0140893221835437,-0.183832872356307,-0.12184485042432,-0.181347736124262,-0.143427345276928,-0.243321695541765,-0.0428349438946725,0.193875753169718,-0.0708916300124033,0.169410623728013
