1,0.590350550887005,0.0147024975117529,0.642478600215303,0.508276328353811,0.224250660643812,-0.0123563267529779,0.110784384917431,0.632549667319885,0.361352415419083,0.539087076654114,0.585197810163193,0.661448407122543,-0.015489518990713,-0.103494983218998,0.0107613390491832,-0.231104623179251,-0.130799774076421,-0.485682287310983,-0.0848705196572584,-0.256775422197803,-0.151387311686032,-0.213539096947852,-0.12610570027688,-0.195938931961502,-0.130821168911955,-0.28164518609456,-0.249584601656966,-0.360016007285815,-0.229742762162495,0.266946027130819,0.0746416889616435,-0.212135107301282,0.157541574874729,0.0195214435141854,-0.12760699343938,-0.0942165552848871,-0.397979885379772,-0.198785487149081,-0.133046023608065,-0.143786515208343,-0.177102271846833,-0.214928873602428,0.114462634775059,-0.0265114241743748,0.223123653841308,-0.251166873707679,-0.0035802260742228,-0.121421703646805,-0.245698711239098,-0.31980907382046,0.113461536711891,-0.147254876535384,0.0826596997863067,-0.0349054574714655,-0.003189188443836,0.153518676834434,0.323121510604675,-0.135541515882822,-0.0304862530997058,0.0667041425776747,-0.26423900314495,-0.14977926106493,-0.334089133967592,-0.221402693268756,-0.009669117742805,-0.0812698067481264,0.0479952312620405,0.0110982525752792,-0.0658216464639721,-0.0756922740668559,0.225450192996664,0.208374761686177,0.241384549609074,0.0712387091359946,0.20551680570679,0.0586364732139967,0.218970934867953,0.0257223284659881,-0.141497269748378,-0.0331815984790402,0.489804516386186,0.349770241402182,0.585096081909504,0.688709585000076,0.649787898745824,0.249327756297992,0.426924042705547,0.616498837713778,0.588337409999892,0.578453265710046,0.308610711310159,0.610425357309399,0.315903705634002,-0.0285194338160505,-0.0828456822496227,-0.21798129259616,0.0888620639205004,-0.351120812049862,-0.278541206015173,-0.479657217606109,-0.113467337960562,-0.450611551884255,0.137565706818471,-0.247771530868849,-0.246597100599878,-0.290220206992868,-0.155045844451738,-0.134174073445247,-0.210678590323293,-0.133712165047145,0.0735129416924213,-0.139457542399443,-0.556784331794967,-0.372675848855172,-0.332968061103211,-0.190367814783999,-0.0219147802234218,-0.0209369276772637,-0.0162460088473109,-0.186122301521876,-0.269196531785887,-0.174822387412503,-0.269208936786443,0.0986672151335867,-0.142707914187767,-0.0839486122216675,-0.3281112822587,-0.187941804855308,-0.061388566797039,0.146819007670922,0.0379472121972983,-0.0866522717206722,-0.252732953890292,-0.316170373718296,-0.0659997356701414,-0.0520351561379909,-0.0108685443379414,-0.323726631787081,-0.0531644626718163,0.138709897622822,-0.116331357628075,-0.307230989242925,0.244503498862814,-0.0855783271620753,-0.261263162772699,0.25880789157418,-0.0935256451580158,0.0069126827897968,-0.117029707473788,-0.129675554361749,-0.0959083111701962,-0.0299029724245367,-0.314679736474653,-0.206903021231113,-0.292499778323023,-0.199939228240397,0.0873948656690542,-0.12591178726753,0.080109540690522,0.0792707722117278,0.0158913737640373,0.217639174207049,0.0444449075240156,0.0555185952294373
0.590350550887005,1,0.161554277889187,0.499163406531264,0.211509800738452,0.667982342779367,-0.196736021300914,0.586537956743905,0.56728508485797,0.339595695570336,0.212462722817579,0.417343723783048,0.47289930095934,-0.30848589138485,-0.325542354589747,-0.1422749631632,-0.385993859032106,-0.189229474504461,-0.205230618686084,-0.0585482443439115,-0.310120520045354,-0.0540238291983487,-0.150602383575568,-0.0779648696790407,-0.186219148567011,-0.252658872455948,-0.327211401325173,-0.158579514304279,-0.139525187768348,0.0500720457329438,0.189295244448572,0.271590272208734,0.0788358537409217,0.199610579489692,0.150787066745271,-0.140331182384759,-0.432417524137972,-0.38984932187132,-0.195672202249493,-0.323826968893248,-0.349240578689857,-0.311835196202991,-0.138337842744033,-0.0481040255819941,-0.212166528204899,-0.0554991216398174,-0.0881080802540463,-0.236283763310193,-0.125527207770742,-0.142099429984604,0.0087071861971112,0.066115769749201,-0.0510370255626886,-0.003697075865469,-0.124072880712926,-0.107653324233059,0.0612007499563587,-0.118185351979861,-0.483943337027342,-0.248663461661859,0.265957368873622,-0.237561272757254,-0.128767307351296,-0.296523109928695,-0.161690200452259,-0.234324444326266,-0.0700149110983227,0.217564052304613,-0.0803533112330788,0.0831296805932413,0.0083625106873165,0.147361162620684,0.257481241427212,0.0762374682141411,0.160452567350466,0.132018643562352,0.211615736025545,0.025497024458384,0.131255382771765,-0.148925046211723,0.0050075702250655,0.1890794366779,0.505555789512055,0.0544309422206884,0.616614590360157,0.231148141508753,0.147538423696398,0.560480974706932,0.349762552163454,0.360075516722054,0.327407418750889,0.523733689942661,0.291265647054344,0.186372625164269,-0.116906281242496,-0.258016878649864,-0.214424443026538,-0.0276296118979046,-0.256506490713846,-0.303365716355661,-0.183851207785592,-0.0562472725574095,-0.214930365490052,-0.0663983025801012,-0.368388630466776,-0.13700793908058,-0.163537747937132,0.0478330426841787,-0.164131854571107,-0.108175313178921,-0.157679993569664,0.0267723049875492,-0.34216463783017,-0.202032462442273,-0.277958057084856,-0.0219509627606682,-0.331215827100204,-0.0230249728814251,-0.103873596002924,0.0444082147681705,-0.306618485129814,-0.488009707123995,-0.378094589630844,-0.356279436810915,-0.0588302660767484,-0.303131245048777,-0.270074404487437,-0.364456056024963,-0.347353294676539,-0.235661489245895,-0.200968077244795,-0.107370259592432,-0.161346605621826,-0.16626627202862,-0.407174896123558,-0.118127072451588,-0.0738710933785769,-0.0521828961522022,-0.384310246514157,-0.355628204367765,-0.125929565105084,-0.204682737958405,-0.254719583423057,-0.204209874721292,-0.402382847547228,-0.277657496144265,0.22744824756636,-0.0122777143895723,0.12182196874927,-0.0374090930144054,0.013950577381967,0.0349107616555573,0.110761254714241,-0.333813913953551,-0.124803964187203,-0.262929266605703,-0.0208751437071077,0.183736521202241,-0.335370554073935,0.159075984536551,0.135736267751669,0.0880354401436024,0.0135165653312652,0.104936059622317,-0.145350975184594
0.0147024975117529,0.161554277889187,1,-0.15393862483549,-0.186141611799743,0.197964294108905,0.21557057550619,-0.0215835643788551,-0.161509605916338,0.182318890144859,-0.311724692413802,-0.216517559636705,-0.123372271822608,-0.0480295777522902,-0.0614123561868889,-0.0700803619568841,-0.136502319110498,-0.110289584386193,0.0450600649979587,-0.0181852583402387,-0.118857544126329,0.0298253930819408,0.124066574201816,0.154159315665362,0.348296817881799,0.538397542650939,0.342045598983987,0.585016894366695,0.218091094486296,0.164081942172329,0.457064023775003,0.295722306937266,0.184370579153212,0.323550314665093,0.337765032558885,0.260684886206853,-0.130954584825353,-0.037008457144604,0.171493870577497,-0.071429430057941,-0.207917121542691,-0.180010977181779,-0.0275885979741903,-0.167431526832298,-0.179908030860475,0.0390358638271416,-0.0400212229410673,-0.129460839990172,0.226605924024584,0.46684249926559,0.392407962045426,0.195377884605184,0.328181021227356,-0.0284559111982968,0.189541046572314,0.10391892306242,0.0926060956954415,-0.384108642669521,-0.157361627157283,0.0872106889153772,-0.0434955685747578,-0.217403617970688,-0.182366625503434,-0.0133611475258514,-0.112612644038521,-0.118411010132742,-0.066251194247802,-0.12529726629354,-0.319714302768297,-0.0575967749300612,0.0165606060759433,-0.254474229658999,-0.336812327720517,-0.19713826715914,0.0420112244028596,0.179799423371005,0.0711795724310786,-0.336492296175312,-0.326572751617122,0.0525663485806633,-0.119284960751577,0.0062201937061132,0.359036124594154,0.0777197588786139,0.0451787766725058,-0.158574916357318,0.166385622475798,-0.117807007472573,-0.240906382631734,-0.15147932131138,-0.120014549153872,0.0889709920529535,-0.285663009771339,0.437430832276772,0.0009018749995745,-0.0781889655303537,0.0455901652986585,-0.100643622860998,-0.0403097603960567,-0.0678829396183821,-0.010959932643468,0.074746055625016,-0.0172242228445701,-0.275420339554477,-0.188216091128392,0.17536302014608,0.0417583239443267,0.131159966363294,0.0388547526527233,0.164584302842917,0.321693611449018,0.482931598373715,0.311962251928819,-0.134409125413068,0.0045519368789956,0.0723827952599762,0.175267960691069,0.412075091999071,0.0353255626807116,0.0440364297980769,-0.110478835426999,-0.0285768573736741,-0.133221537739342,-0.123574933456392,-0.0217593736316516,-0.0287904190365581,-0.10940763333572,-0.187060240894398,-0.223740788476019,-0.270317777683268,-0.0743365114242233,-0.197984829214988,-0.232799082731754,-0.20591781341113,0.0063503730756581,-0.0381823694725571,0.165830593760794,0.156354150714683,-0.060401206113679,-0.137083761410084,-0.293098062843653,-0.0979832579763556,-0.0571418890175071,-0.226894442069176,-0.230332472059782,0.18560659383502,-0.322489345252297,-0.0768637328598191,0.0294511576549989,-0.244027970850034,-0.227385477222559,-0.0882144343777635,-0.129849984004044,-0.191543861544359,-0.119598110997127,-0.118742766838967,-0.0169422748668463,-0.241240864765701,-0.272252580003934,-0.249605101381961,-0.157836159857773,-0.20960624740814,-0.212270165005571,-0.282918414619167,-0.0445165625515853
0.642478600215303,0.499163406531264,-0.15393862483549,1,0.607275714762286,0.24611835556336,-0.153155814049607,-0.0005860197551305,0.89616921597868,0.0196988627562558,0.779088253197587,0.731279195968565,0.837811992563574,0.0837221350356609,-7.44186662039412e-05,0.290566570039169,0.0724078767633304,0.133529556971651,-0.222267984363028,0.15398927781442,0.135336003145035,-0.181011487116771,0.232226953931311,0.230352436261218,-0.265694904862882,-0.135920855430676,-0.513408357023803,-0.332195976353041,0.035250548321404,0.0869684794829194,0.421250427563102,0.223312182385205,0.0935062006207442,0.263749961849906,0.107278077198463,0.0735057991414696,0.059148491056771,0.113239267154869,0.193775373181731,0.230020185750017,0.139286095131669,0.229244919944843,0.128486942898567,0.20136690479657,0.334390134973669,0.436847933778132,0.0021412255785523,0.188858974843567,-0.321064860815096,-0.392538687565899,0.0171661723577316,0.194204345436782,-0.45053065417377,-0.0580204781319636,0.0976765949495446,-0.0438266504246969,-0.0544602839674263,0.480301536482003,-0.0138033462183958,0.0636247483390648,-0.210461357978346,-0.403344290777541,-0.375242978040513,-0.432573405797597,-0.390367195353465,-0.320812868182436,-0.352901802775057,-0.0624206570430635,-0.125644809307799,-0.303047975044799,-0.248549889188147,0.0589953294893939,0.0468216749825954,0.399703393253811,-0.330068000779431,-0.129222202065593,-0.192833954171274,0.347990756213545,0.0993981115986654,-0.471929510857045,-0.150710996097857,0.335733469656792,0.268024280530684,0.412236100907544,0.534068311823169,0.726204944315164,0.0223253222026663,0.378347960985767,0.712353828993631,0.699593813108845,0.688750329336374,0.212808006511369,0.739447320440548,-0.0206608089214352,0.0323994395200013,-0.266936835576518,0.0429398526935671,0.0187375449399152,-0.158145666665654,0.0075742279834669,-0.230789351726146,-4.03369272342476e-05,-0.227904547739934,0.28565277689273,0.141504214904755,-0.393183897045981,0.164614009038914,0.0285505000946299,0.256880015779718,0.0629579337497932,-0.148381175660977,-0.249782792242121,-0.041997342524183,-0.0817101826121562,0.0204736161467847,0.0360445681245763,0.03168354787129,0.0312512642587717,0.249191355729801,0.158631077165705,-0.201223011996082,-0.514413882382159,-0.230571390486633,0.244840021553046,0.0937873910332504,0.20449630070889,0.105417821662292,-0.147197531896044,0.232874854169265,0.284947352543092,0.483783721233376,0.0975580714822398,0.173518542625131,-0.130240363334281,-0.510162922949957,-0.222936532589189,-0.248119010184102,-0.329864499116815,-0.135310507192755,-0.3004514874818,0.362126324520043,-0.298195581205474,-0.601540267401423,0.277939868910349,-0.170013666369727,-0.135125817588967,0.110575924151143,-0.573493686030195,-0.0942009323737588,-0.357741047940507,-0.378920419211955,-0.464785692202872,-0.341582339319375,-0.37878233379623,-0.544435148707691,-0.492869664852319,-0.501221439966862,-0.129644843283318,-0.0989806171499278,-0.215225287428696,-0.162852825378693,-0.224464855958439,0.326082647633228,0.0331445061904419,0.0258824828936919
0.508276328353811,0.211509800738452,-0.186141611799743,0.607275714762286,1,0.026382946489708,0.211103830592759,-0.0521169016369088,0.518120414313465,0.191344532160714,0.634700319967682,0.420113666224118,0.455735394835118,0.0027928249429331,-0.188659497377205,0.0039209652042835,-0.0593448715665758,0.003074696407162,-0.288522238969433,0.137167718427616,-0.0948985821085824,-0.276393862956568,-0.0904042825427788,-0.0173589032084727,-0.163913131553706,-0.0045399047383153,-0.257920815555423,-0.162084806910854,-0.313937258373082,-0.110966562457262,0.131244301564353,0.0998603047854448,-0.33551658261737,0.0942976663258626,-0.112360370813182,-0.179160457057345,0.0024730044261226,-0.190325655717153,-0.20952992020134,-0.0745146076001033,-0.107423288451205,-0.047973765230441,-0.0906474000790032,0.0098960205235683,-0.0657013870847422,0.309168095039982,-0.141836883001403,0.241447343845889,-0.291167528493568,-0.137420274866689,-0.351422900508943,-0.152837229158345,-0.173777603957524,0.232531537738169,-0.176365773549853,0.0131165072626259,0.251570005544825,0.5683049826912,-0.0203544753515467,-0.116675533525406,0.0992279783080399,0.0638641936870847,-0.0652546750476206,-0.111136468433465,0.0582005711258553,0.0894949669886809,0.144627950063524,-0.126714213434295,0.051823150979195,-0.20113375574885,-0.22624983209374,0.135074940760347,0.198536106295789,0.0698962912221326,-0.194425922224724,-0.0776660223235687,0.0471636097357847,0.597188118812152,0.369397851326837,0.0089397659639008,0.382085436695341,0.428446745910237,0.211471398336756,0.406441797218045,0.287270917241779,0.579926669835093,-0.0179637371675048,0.16695346367138,0.731346871673448,0.406629939718734,0.557780064319444,0.0720886512649134,0.597033238344191,0.0594181666634598,-0.0901140892519204,-0.207409422965271,-0.184367340578126,0.0847935746904176,-0.221641801198449,-0.156032881972384,-0.20736776596565,0.189056949522943,-0.413382210520569,0.298440656042582,0.002061356555918,-0.243970116726107,-0.0853652175033963,-0.0775960363178483,0.0545436886307035,-0.101504981383402,-0.0521763304763241,-0.183376625762614,0.118291185286728,-0.33188635543293,-0.284389861318522,-0.263134791222776,-0.279673478267005,-0.219976717790403,0.05618836816334,0.0078760481668209,-0.362590049703327,-0.205112259826056,-0.210661403311417,-0.1058582659064,0.0485596876361413,0.0241338855564962,-0.178243635031931,-0.334667113844295,-0.0407830908592926,0.0274688485157778,0.219243000049566,-0.172857278437376,-0.240982756917693,-0.136929288610546,-0.146170802173157,-0.376444013027905,-0.343430928832293,-0.119498348707196,-0.251961388019092,-0.253007885967086,0.0766213684760439,-0.136317289495327,-0.334191688817916,0.356699057609244,0.0560325499953897,-0.18840517720872,-0.0493963629015951,-0.372813211836675,0.178064684665112,-0.0221507651576632,-0.0449857722572865,-0.254381560225068,0.0012487229819122,-0.0732503732793537,-0.289468515207892,-0.24652741934959,-0.524160083671035,-0.0720527310728578,-0.140997119984314,-0.0261184883587422,0.114717516284588,0.0219214686858451,0.519443848466337,0.350027625819346,0.179516059436465
0.224250660643812,0.667982342779367,0.197964294108905,0.24611835556336,0.026382946489708,1,-0.306837742713879,0.513526593873536,0.405153928250757,-0.0261543655042797,0.0972573060911801,0.344601178967388,0.242969955628422,-0.125163623593509,-0.100833415385529,-0.0684264695296262,-0.23199436361168,-0.200283566493142,-0.160850322267462,0.0125140390205141,-0.246382422313414,-0.27718658690585,-0.151492955843977,-0.0361489379468482,-0.0108615847903835,0.0172819922027966,-0.120652733755748,0.0997665924662454,-0.0184241462487728,-0.0550649023524992,0.0413401124892574,0.287006274490668,0.188790928508604,0.142458871885648,0.361237908031041,0.184106257934775,-0.40087039722894,-0.214042001750159,-0.0195359729273955,-0.177901725974732,-0.130162062807137,-0.263780889879133,0.0183924256644177,-0.260657579397837,-0.123229687173796,-0.0483589085992437,0.0096874117309454,-0.26394247803423,0.0262623816995119,0.107372174018237,0.199196242355666,0.099048913774998,0.0169616737672714,-0.0521316669708334,0.0305185559887175,0.0063157411445823,0.0771481545701586,-0.142356179984968,-0.289136379286462,0.082629613222055,-0.0915385787910725,-0.263230633331901,-0.304682604526659,-0.258891807018809,-0.231679999803359,-0.302195355080712,-0.0478573325487744,0.0685713998326981,-0.11920545941,-0.0938424042689651,-0.0197301041727803,0.0007988224990515,0.0362856040200159,-0.0626521367757049,0.246828417149991,0.142220891425842,0.209293350883405,0.0020641568292396,0.0404885900705946,0.0434789959139134,0.0478992359591302,0.0885470224889115,0.217349789858653,-0.0291366063780818,0.377447348146838,0.0346973260104284,-0.0323155312138094,0.630490484881108,0.227437227720601,0.279044925409391,0.298310267162931,0.174693978524292,0.222376317222625,-0.0249721912439286,-0.125616862887436,-0.317781506584805,0.0066783149470189,-0.0101026746987282,-0.161491920477278,-0.212490573308774,-0.102970175970296,0.0020755074156203,-0.248055865185106,-0.15188190738204,-0.199995496507106,-0.10733149840639,-0.100036480585487,0.0754797786075327,-0.0743735193688014,0.077103371647622,0.0256864757045762,0.0876091317436724,-0.487589438776344,-0.166685570655629,0.0966118624180852,-0.0606072237622227,-0.0184609897241082,0.0618036359109168,-0.165140957092652,0.348909423159706,-0.193291833607161,-0.533666078258755,-0.56268599242112,-0.252969495129885,0.0344544344171474,-0.221622069619505,-0.0936314747968425,-0.238855405130487,-0.157821497313618,-0.14875276318604,-0.179188053878542,-0.255643487345029,0.0116122544251981,0.210690918810702,-0.0246571660009927,-0.102167673735434,-0.0114508452247531,-0.101940470765774,-0.0778998086231106,-0.211884463556582,-0.292832138651316,-0.0182117503784562,-0.0345266315233582,-0.145446956877916,-0.209158892899339,-0.0465981120811161,0.257930321300915,-0.0819258203884243,0.26259583937884,-0.014755590922474,0.146747758170847,-0.149834538203998,0.137879825601547,-0.288961169198453,-0.293124441335082,-0.339961084379843,-0.0767267980602358,0.112987641551813,-0.269724518065293,-0.0554871684819053,0.095331886955009,0.132315514072347,-0.0153847552436344,0.0895450396001743,-0.0752250958976022
-0.0123563267529779,-0.196736021300914,0.21557057550619,-0.153155814049607,0.211103830592759,-0.306837742713879,1,-0.0621862437197221,-0.321809257701686,0.43705593966808,-0.107325728196504,-0.281697438883604,0.0286692874557952,-0.0901929483140998,-0.119950891520121,-0.0518077739040146,-0.0741891276049261,0.130993536432057,-0.0138452133420039,0.113543492068413,-0.16040777003025,0.143465451526464,-0.114731534375363,-0.298420786000449,0.042641402659331,0.3589761635395,0.505009961604391,0.161270401625128,-0.241989030154253,-0.108913101575513,-0.014451471809878,-0.134863251399306,-0.515393615087773,0.023156570814488,-0.242893922155891,-0.0290674260581413,0.27058065430806,-0.0864194036455683,-0.312153936365532,-0.279232019610802,-0.16719460155445,-0.176749363649344,-0.179601308502733,-0.373196923787623,-0.385448441481686,-0.116866116515334,-0.211000788286956,0.244798136116158,0.0539910419939266,0.324247229904826,-0.429547193978926,0.0972520625719959,0.341365202848126,0.392893880934081,-0.345050090655743,0.164267846981651,0.294099339314556,0.0618081373602609,-0.0716655574522325,-0.30005340286999,0.201524760864572,0.578446207517826,0.293217267606689,0.56402862566392,0.667155732289568,0.583664571596055,0.51218348778484,-0.0238839606127665,0.180257544434797,0.199492028603943,0.225820457186488,-0.134517018108033,0.129224426235188,-0.226564939576457,0.143937198109148,-0.056662949995026,0.251792203927242,0.234356660375897,0.27296053205812,0.354625530289774,0.446986057716117,0.0383867411978391,-0.195543302087118,0.0332332145657795,-0.277373712895819,-0.175898886570923,0.160392180401029,-0.229044049347932,-0.176133674772097,-0.3770780614877,-0.249709683811781,0.0415840847042309,-0.254014628897953,0.15403668674569,0.0130054275246915,0.256008752816119,-0.0383067204851044,0.151635995515073,-0.012286454165342,0.0191689927349932,-0.0383392507250472,0.0296449395912677,-0.0442326305471332,0.175842163429735,-0.181946831690115,0.231416589093183,-0.160486271339551,-0.164229500934614,-0.353433307159346,-0.253074423724949,-0.0020159247933518,0.124331368526373,0.558992664370005,-0.102370909177555,-0.375926185869892,-0.311307918441097,-0.27188810177091,-0.205556007841253,-0.212267819345168,-0.289179599290077,-0.0543176778535452,0.249563204338215,0.154786335408754,-0.142373993928844,-0.244758518202332,0.057333300796203,-0.165161528673084,-0.0563632891471708,-0.256999123222098,-0.327420236458074,-0.130932904438129,-0.26327269906648,-0.376913260008234,-0.343080708562596,0.0413230636129519,-0.22562305072975,0.227774057885968,0.273091375791617,-0.274295232387714,0.0244639453113973,-0.298713769420294,-0.209586544484207,0.019044567324269,-0.0946076806205867,0.10167342196405,-0.134175751907147,-0.243719647360476,0.186935241336621,0.161692603203971,0.247155835954448,0.106018422738954,0.0915291104461941,0.334062334083389,0.395275388688723,0.268096566041399,0.112472679363255,-0.0127610140801498,-0.0711455738728994,-0.221262536146141,0.150295888494969,0.204475182529844,0.105303409143727,0.118926738142583,0.165400237814752,-0.142682526578159
0.110784384917431,0.586537956743905,-0.0215835643788551,-0.0005860197551305,-0.0521169016369088,0.513526593873536,-0.0621862437197221,1,0.127667360184737,0.235879618994499,-0.158395186317585,0.198685910927999,0.160303460611812,-0.418862187168062,-0.262652017599104,-0.216471320434153,-0.375896579370858,-0.243434119647796,-0.137157270887453,-0.15342341686381,-0.299101415790903,-0.0166044112788081,-0.0667473721327745,-0.022312589568936,-0.168945766666099,-0.25918327333977,-0.0613644796370318,-0.107358289247317,-0.0816232620129493,0.105117440148397,-0.0828247397775263,0.298139694883271,0.171503390119938,0.104848000100634,0.0075029230190537,-0.137257283041155,-0.26950498083105,-0.170480616969632,-0.13669289562802,-0.347673248847243,-0.293856262777395,-0.231624531179317,-0.0094763583523457,-0.0051269373026946,-0.21582949203544,-0.101426437760134,0.0292787973713752,-0.104082666582273,0.0072280244857701,-0.0095982322730863,0.030168986436473,-0.246400677574617,0.0808230793389238,-0.0080880281845629,-0.1843315008702,-0.101456958302455,-0.0468658434596436,-0.0978707063013854,-0.231800046212091,-0.289587203765869,0.31272229879141,0.168366607688242,-0.0094908306355414,0.0371465313118296,0.121447476583381,-0.0400680258199879,0.0196761215643318,0.232562797153091,0.0321132974729685,0.143277312612006,0.0942787111213168,0.140303614884776,0.183470304130839,-0.0405642391625223,0.0909518849899739,-0.0647475941631758,0.0530612336386869,-0.0241464283627962,0.246659883571343,0.0179900801142178,0.190620330022607,-0.0788114807352903,0.181601665752773,-0.31221299900495,0.295039157740984,-0.224031953905327,0.184891312246317,0.370825126839908,0.0177182166690015,-0.020946565189188,-0.0821924111262853,0.617222069623908,-0.0537211093291814,-0.0822125581205298,-0.0946089279310922,-0.127882625381939,-0.250579797872727,0.132620748585251,-0.223543153133926,-0.275198382020697,-0.113554662722696,-0.326493513478949,-0.296900667962747,-0.259181459213999,-0.302795880134652,-0.224538670684726,-0.189068062375654,-0.0667372716920199,-0.148423458654255,-0.107258315408221,-0.25980209295367,-0.0377990957964335,-0.147043292229522,-0.0711288274958636,-0.249637756925562,-0.0624246013450272,-0.359968359639985,-0.105511501781279,-0.103739374530181,-0.0330047335281366,-0.116993388831552,-0.0292609935173988,-0.0675753642971443,-0.258269582262881,-0.272224718234892,-0.280032700119478,-0.378497130106851,-0.18274550232104,-0.32893183003548,-0.192402525101317,-0.211190246955865,-0.145823241901838,-0.282778561504091,-0.112631782857575,-0.162030759544474,-0.145724329207939,-0.237940968928027,-0.0889541867675491,-0.365066113528059,-0.230093532046782,-0.0895119069544487,-0.292687999139759,-0.13223087301398,-0.134796563638805,-0.104797450332336,-0.406831895444137,0.0877015464923072,0.0279999402371783,0.0211810215554488,0.0973155082948961,0.135051354526819,0.256917866336723,0.23703877677857,0.0732692898445508,0.0681594402307211,0.0114086863965179,0.0592884583284068,0.180227570309348,-0.221285121409753,0.192763794277532,0.0289209542893276,0.0099726043050627,-0.0276874027988698,0.225967146456068,0.0045107184881747
0.632549667319885,0.56728508485797,-0.161509605916338,0.89616921597868,0.518120414313465,0.405153928250757,-0.321809257701686,0.127667360184737,1,0.0001822119274954,0.827228176485448,0.812868113643869,0.745363233454985,0.0594571385521289,0.04483484757453,0.249703138252036,0.128892697222654,0.128617545655385,-0.106492201482341,0.178762762289174,0.109519592217294,-0.183818771010371,0.186410122388686,0.277578322672348,-0.280105465790193,-0.185241899046293,-0.480972566975714,-0.312707617058247,-0.0144318878834768,0.021362155838076,0.425303347793441,0.282546152351251,0.143720938979186,0.320020396224341,0.248689431753533,0.139324514445929,-0.0291457801163167,0.0731715190071361,0.248551698104486,0.226763455830662,0.216074767638274,0.247745049113186,0.161361013651528,0.200897191978156,0.419473478271736,0.480531566634242,-0.0242005451503845,0.127010538607437,-0.182826544073647,-0.36089813834535,0.0692096116882008,0.172213650364598,-0.47600450536452,-0.258726895132214,0.212046715407229,-0.0069471532728756,-0.0627752763126168,0.401856754232381,-0.0414880297510971,0.22521418185622,-0.292215664131269,-0.505930903514109,-0.465930116605266,-0.544843160339517,-0.518736424474962,-0.369406999630689,-0.467207566475148,-0.13656659733058,-0.264686020747985,-0.398275954474411,-0.282202964905061,-0.0392708361438182,-0.0856193847070146,0.306006112857827,-0.271351423351236,-0.126570605435292,-0.275827943415473,0.2078959652623,-0.0755292439013345,-0.458290189173759,-0.278318695028899,0.318625469127984,0.351083880433345,0.409809840886988,0.67514824312932,0.74668747353482,0.148118236657086,0.479441543226456,0.741775149622872,0.844304766461067,0.811016355889241,0.271600415024217,0.840864995729324,0.0649040235183643,-0.0678982974374687,-0.37124564997579,0.012418000928956,0.0380102085140999,-0.0673627282411543,0.0324064196194427,-0.129302929832341,-0.0239145184905977,-0.336786296717284,0.365168559341083,0.187447006267851,-0.370345771744435,0.0854198366343337,0.061875125856898,0.316926577571861,0.0800905087385517,-0.171637169792128,-0.157940154455045,-0.138655318516668,-0.124153399421683,0.092355155394926,-0.0018740757536645,0.127267830512715,0.152457852192643,0.342660866667224,0.279948502763126,-0.0555104368444891,-0.481545153318997,-0.235077326787492,0.18266981591916,0.304127443158722,0.128160110811488,0.0553638857938277,-0.104628078962314,0.278671671729264,0.404730397856732,0.459150253498578,0.109638589963253,0.269289139663803,-0.0155601825330434,-0.449926307343431,-0.209194581845785,-0.287950328653971,-0.433142655975041,-0.0389338555634913,-0.221546273386793,0.357306612418487,-0.226972685193015,-0.547304193452072,0.272636738487716,-0.208010195299674,-0.0860842766773996,0.136228711589302,-0.561514738553557,-0.170105407782104,-0.371310083765392,-0.402984080916097,-0.476941390939817,-0.394063795519408,-0.387032153598012,-0.607581926047961,-0.481746514142169,-0.469392149976823,-0.192288139740055,-0.191342084695345,-0.317742498861109,-0.253927311415799,-0.255018197668019,0.215028920502739,-0.0752537360855444,0.0336504632169889
0.361352415419083,0.339595695570336,0.182318890144859,0.0196988627562558,0.191344532160714,-0.0261543655042797,0.43705593966808,0.235879618994499,0.0001822119274954,1,0.0043728520855638,0.0999103679083649,0.285973446894832,-0.1663072820602,-0.153947399171396,-0.0697789271581174,-0.182791288980691,-0.046195878188861,-0.0821870139221441,0.0195812774608044,-0.425841686725258,0.0303067740429745,-0.33411081984451,-0.401289806463783,-0.128013311933706,-0.0255985870230157,0.0040511117718332,-0.0913418068328045,-0.521879492776733,-0.211533424873676,0.0224166573956966,-0.109243203118986,-0.423093418277409,-0.188237628173634,-0.404785643392325,-0.414416068683055,-0.140730777246583,-0.44777692602828,-0.45192978804907,-0.356957084418933,-0.391627010977425,-0.404324999365149,-0.19457778481069,-0.0686464203625204,-0.411886447335297,-0.295370051012767,-0.149925092940896,0.0898407816152691,-0.110244217298087,-0.0484593069641623,-0.495132772217212,-0.160465702945326,0.212490623429383,0.347819344693805,-0.407124528750453,-0.182087138059307,0.0377998489148206,-0.0441819298345223,-0.293060974754611,-0.355267223053649,0.490903666392636,0.314942859261091,0.516309025280543,0.424563272013649,0.301209933004851,0.394835764831052,0.177369402759604,0.381147963514423,0.060146768047233,0.481470577832306,0.310101673902051,0.168311367522218,0.411198721725881,-0.067019938028927,0.144760548594978,-0.0005462069566116,0.104719776209618,-0.0009430867715014,0.19056050859918,0.126334156064623,0.237750813472669,0.0688338790435958,0.167619503959484,0.128810595913612,0.315915359920102,0.131977537727362,0.503969953164239,0.0840286136416473,0.0791200578045621,0.0821290141592134,0.0426727770066471,0.656148851880216,0.0156107714962311,0.624980871621831,0.0512997263976297,0.0988211087169158,-0.068307756969536,0.203761543841247,-0.0438815717894821,-0.16927898786845,0.0278914657187693,0.0255575003886638,-0.088993015229863,0.146520102965394,-0.411583818493523,0.294204949214412,-0.27550131658455,0.09264724619088,-0.462785925056147,-0.172746042030335,-0.17265201828325,0.169386677214153,0.150548360295174,-0.253860362727313,-0.583088198585994,-0.215573975899574,-0.438926544352659,0.0261428553094733,-0.269968181383077,-0.601093639044007,-0.0591626179965987,0.0326932659064724,0.0260637763709277,-0.415986765606362,-0.106851864789298,-0.140247234387817,-0.279027958796552,-0.307182982786808,-0.405619355859792,-0.365452201752235,-0.340561822650242,-0.0611462203802282,-0.531234737367921,-0.511350195051935,-0.241946497916614,0.115561572719279,0.0269774241640992,0.117529149480889,-0.499743414883253,-0.103239409770986,-0.176208691898614,-0.236042882733781,-0.213792920431901,-0.102559788418041,-0.100298856617228,-0.194965014785084,-0.0672091604579934,0.307652235565765,-0.0469960477080195,0.0727892555332627,-0.0330596565481832,0.385863270018406,0.329332714943711,0.191732906682628,0.35178823311345,0.379561422746241,0.267865737851458,0.185877743634766,-0.302343984426177,0.382254903824806,0.0716629236507352,-0.0371339562074196,-0.0783373434431512,0.0833857485421454,-0.22611920632105
0.539087076654114,0.212462722817579,-0.311724692413802,0.779088253197587,0.634700319967682,0.0972573060911801,-0.107325728196504,-0.158395186317585,0.827228176485448,0.0043728520855638,1,0.702732933755051,0.622128504368415,0.339540902408738,0.243093640641859,0.315309225956883,0.351398925476569,0.248040068263643,-0.0459013308355363,0.375740415034082,0.268903520678414,-0.185906626755729,0.162467764332483,0.195542236729555,-0.131338113384848,-0.0991254787836295,-0.403401989930467,-0.286465057461339,-0.155107600941638,-0.129790556734439,0.358262431426404,0.0834183988796957,-0.0809424035503836,0.126210101826809,0.0595613095175526,0.149833229053964,0.294211731771428,0.166292241951934,0.162607054170343,0.344897218600002,0.322698552777938,0.30850978354143,0.112800836958622,0.154687734716211,0.444485215431348,0.503740957131396,0.0080170177820304,0.273579202119242,-0.193264892406385,-0.32755679381771,-0.165621799866749,0.0623738598140052,-0.414213077436307,-0.131756961247484,0.149374143394673,0.0726912518634719,0.0591359859193815,0.571358387838281,0.137775920683105,0.368021486712343,-0.398879115931295,-0.291206520695209,-0.338306773024194,-0.352829772468982,-0.375850432412325,-0.154937023602588,-0.347565404398552,-0.305355941667198,-0.175834792161389,-0.441461641314989,-0.32640636165489,-0.128539694509842,-0.139668801034369,0.145333229350966,-0.31393901980143,-0.185264870379348,-0.297588990159137,0.344712767793575,-0.0339240642054957,-0.3280644623677,-0.22302003876712,0.351904880183949,0.0910460426375501,0.572663484420371,0.42220061021788,0.733616817805509,0.0431059733003467,0.310497868167499,0.725108456917686,0.714461413956834,0.746657183632257,0.0049522712168705,0.85965474875211,0.0650576093692404,-0.0630443951353402,-0.154714829602785,0.0894759258988796,0.126686155977176,0.0541865917844171,0.147871619155112,-0.028781907094805,0.163260368265094,-0.254740059140319,0.604358189055137,0.363293652496778,-0.270135417440272,0.0932959865878061,0.118442899173231,0.346746949832015,0.159830309054407,-0.0395818365494423,-0.212150234692212,0.0174991673590651,-0.111814389072677,0.152106600054806,-0.116416303497218,0.204263422047778,0.125189279079175,0.398092128987674,0.220911980525237,0.0669041520002481,-0.275561417203904,-0.0147058546442328,0.302325022297276,0.465504344578592,0.27225681608999,0.236052108882261,0.0207830171776529,0.435341168532532,0.497047401311236,0.547064310846572,0.214057828514144,0.28511490408721,0.010754551092592,-0.257008157716005,-0.144549702644808,-0.253378303702674,-0.405780902108236,0.0829602032961133,-0.0010298844954242,0.372394788690747,-0.0700488123139876,-0.392111430252319,0.436702753128815,0.0147571663414963,0.0659981875379575,0.0291492621869034,-0.516273482908578,-0.13466969898052,-0.274674118063639,-0.398650618752207,-0.511600759522116,-0.376760292803209,-0.12398989504994,-0.528885390038054,-0.294618504881368,-0.478929502556647,-0.211051011597499,-0.0417645602140126,-0.332267922711983,-0.228190254010621,-0.236609873254663,0.348116235380953,-0.0475594782316125,0.0437557547621702
0.585197810163193,0.417343723783048,-0.216517559636705,0.731279195968565,0.420113666224118,0.344601178967388,-0.281697438883604,0.198685910927999,0.812868113643869,0.0999103679083649,0.702732933755051,1,0.818258227614707,0.172221364375569,0.123548914476892,0.157874654367568,0.101964858780386,0.0096371128528142,-0.30903259872054,0.0612802671131377,0.0444630742183872,-0.358546287051153,0.0725518991083477,0.198997562286685,-0.332895387840185,-0.132737924377766,-0.407670409198273,-0.32435292719083,-0.0719335984385867,-0.0684282811555485,0.297616321723052,0.270536132214616,0.142729200025012,0.131037218698958,0.101063394617014,0.109062265907378,0.0951607593043606,0.12411856596753,0.283440735835585,0.265234013831935,0.232867256415712,0.16451499765102,0.26014518722539,0.303507711382998,0.387604159232611,0.41784486379124,-0.0580652335115195,0.203040396725709,-0.0886320038432776,-0.386416991461389,0.0266197641723953,0.0289818948717413,-0.328494891514624,-0.0269875927300995,0.289843702165866,-0.0243151653348897,-0.144275476339744,0.542022006776703,0.191760179146875,0.247888399787449,-0.236692884768062,-0.363617876373589,-0.32643543482257,-0.380572483118668,-0.50926329923086,-0.293253077306596,-0.389808695957591,-0.106881126032075,-0.0740204767876658,-0.316353246299738,-0.177184936967982,0.136598153436416,-0.0366188953597692,0.325334475827323,-0.195347166570142,0.0077990907199706,-0.258217037457719,0.232792538100056,-0.0368431918362103,-0.3275945403728,-0.24378377747218,0.233382389945137,0.163058042057265,0.407168794951043,0.64358816290631,0.776587871438008,0.139237296087462,0.455799000996003,0.75481268061793,0.877924088723109,0.799246003437407,0.28657697181753,0.862187983399413,0.0401387136967325,-0.110231451622474,-0.254755757057925,-0.116444063331523,-0.0886285597239599,-0.243544133904816,-0.0957385482525172,-0.259044117712877,-0.125975685535812,-0.508212400860424,0.167776743480742,0.0495804947942964,-0.529539836360704,-0.161484959106793,-0.136468409113372,0.165241028342834,0.103240649229723,-0.277809819689987,-0.313379680881731,-0.092952607428813,-0.276397618621447,0.0321376763364247,-0.166907995917902,0.109159779930263,0.0835780006075909,0.23318751557709,0.145067145792925,-0.0195454058069648,-0.34636972951806,-0.121805643681809,0.133809567855854,0.136863483658787,0.114092471509981,0.0397167905935026,-0.0504907420972184,0.21859308412934,0.298631218508746,0.479441364620922,0.0655852506256507,0.259972656702348,-0.0116037714951464,-0.340548139449655,-0.0516956108462145,-0.31596485577642,-0.366967145532431,-0.0391361323851799,-0.0974882155221469,0.403358390638914,-0.163719902934046,-0.462372674461298,0.471009954277454,0.0006014548768791,-0.189312110599963,0.113773959150079,-0.523131005665543,-0.216349900815727,-0.352559346069806,-0.312941950401479,-0.422897157720306,-0.405760127680323,-0.261738370126367,-0.539146984562901,-0.31619370110558,-0.393437640409514,-0.120928215282767,0.0012279785796075,-0.254523389065439,-0.265654200085644,-0.301505364046498,0.220195537659303,0.0020127681726863,0.194431125677071
0.661448407122543,0.47289930095934,-0.123372271822608,0.837811992563574,0.455735394835118,0.242969955628422,0.0286692874557952,0.160303460611812,0.745363233454985,0.285973446894832,0.622128504368415,0.818258227614707,1,0.0286497442721582,0.050741512988518,0.226990551349235,-0.0086027130446295,0.0710827529011732,-0.362419512477469,0.0346649970822281,-0.0306778608293997,-0.203467863145547,0.108629949820199,0.0592473377948725,-0.340482295404179,-0.076949965195053,-0.317275162682448,-0.288340014020597,-0.0858519650811128,0.0074237613104151,0.335699245418759,0.148991631747401,0.0200975218846802,0.160407450698277,0.0095525968524913,0.0558399076880212,0.101997613475305,0.0768929969727371,0.119417519493315,0.120652414358935,0.054989259046981,0.0703993596227566,0.0831574065567005,0.141516002126978,0.186155848409018,0.257444255854936,-0.141685763182572,0.19857429458726,-0.181700018918416,-0.287731905880975,-0.0785507596580967,0.21420396738335,-0.246512411897185,0.0951172392256009,0.0855762292525875,0.0156673944428585,-0.0407701512574998,0.446441618813154,-0.0191597735104799,-0.018877982306207,-0.0980614975221504,-0.229810524541326,-0.228045392430437,-0.21723952084417,-0.253532042652624,-0.152279710686375,-0.223715547993065,0.0153746120193537,0.0191847060655142,-0.140714865889688,-0.0810911092127565,0.138429749153379,0.127965425854551,0.342832594485111,-0.126257325884619,0.0106749787339213,-0.107187406001183,0.31775585719198,0.132526342615793,-0.342014165024857,-0.111449954047426,0.270834314310176,0.0692862331721036,0.395416833240627,0.560365181793409,0.671778842612495,0.178792155885786,0.357455180601689,0.629406448007432,0.676547351732467,0.62671839887273,0.395382643936567,0.664817690359704,0.0489983457864547,0.0695561243792941,-0.116121153317754,-0.0318854767664086,0.0123566140275497,-0.271786282026547,-0.0595830190139522,-0.356649086148023,-0.139179570534934,-0.304466352561194,0.176295868087187,-0.0546792498944316,-0.398351786633227,-0.0604549991339083,-0.110087326999363,-0.0100543240789674,-0.0202217792626759,-0.288018249890478,-0.273254802349479,-0.0165577506913848,-0.195972587350556,-0.104047742164084,-0.125207988808279,-0.058564596949099,-0.0045396643856583,0.0675706778649325,0.0031932068316783,-0.170081386062807,-0.454999336242134,-0.203828389460767,0.124144368518124,-0.0574431925527204,0.11340409684952,0.0425622284904029,-0.172808663998451,0.0708578107378469,0.0920993834202721,0.353415449011384,-0.0220553240548875,0.0843164334854646,-0.189684240626271,-0.445772097014817,-0.156764614205588,-0.113055610322787,-0.230392310602772,-0.243972629070874,-0.223366897389168,0.285874277054072,-0.322956009681462,-0.532045272131563,0.245281771307032,-0.144578628856449,-0.258973118201482,0.135044279394135,-0.420334214970463,-0.132014834724938,-0.264390488902848,-0.28556031383563,-0.37291510736553,-0.225131469916611,-0.299849895733389,-0.415627480920158,-0.398099604955638,-0.386813537748643,-0.0515334374695703,-0.154104004004235,-0.0949933183279282,-0.142968584163237,-0.214644133666784,0.274605895723245,0.07575389026386,-0.0149017318498598
