1,0.66966349187287,0.513304167399768,0.724469915448198,0.677926429831133,-0.0349203660805739,0.804914152829758,0.733458148952447,0.226673275931598,0.73164347895023,0.717732848009669,0.722582662500005,0.835107165634923,0.210361602564321,0.419925614640537,0.068659071975024,-0.0339902012866775,0.172874775332511,0.0528206825564345,0.0400218746587601,0.499924038437186,0.452600046324602,0.312198496872986,0.124822703454299,0.458841524073386,0.143772230619161,-0.30698616195457,0.478269338522451,-0.252779836408618,0.0473394425885831,0.0747529786116999,-0.119563017926282,0.116859349474348,-0.352802207552199,-0.401603360311301,-0.354042151931335,0.381135289586831,-0.211123009857536,-0.228953107073678,-0.161386333119774,-0.232197652817904,-0.119115603185964,-0.0629673141805353,0.0049390015119406,-0.150330746081607,0.0866405989329828,-0.0827259987500163,0.0626275133739167,-0.534744106946369,-0.441828595532585,-0.411608314801104,-0.232445905905033,-0.533290795159485,-0.322221858533473,-0.30363883703091,-0.403211080674925,-0.482472244075758,0.297202977081142,0.0022280546931056,-0.46243465573368,0.134793273045713,0.123865157940687,-0.230661707064207,0.475629668026671,0.078129311320121,-0.154915753498595,-0.248274491499435,-0.0719900218280445,0.12128332215588,0.0235949846594923,-0.136712195296643,-0.0020118822869482,-0.062698499148597,-0.104901782589399,-0.572137909974852,-0.520616503380212,-0.4666324944468,0.120989310100277,0.0490088997832047,-0.287424580336683,-0.263025470344401,-0.199917580825131,0.374926540762068,0.470652268603646,0.758333855125538,0.72284720097944,0.678742393780085,-0.329509365150538,0.598824218751169,0.218407918776196,0.678881476265287,0.752241022928162,0.62446430462164,0.715739572284521,0.0458196033460161,0.424807423650934,0.172279053842637,0.276366621627281,0.0890579602868871,0.145690664815709,0.247119813522868,0.415199359579057,0.411751531500418,0.428861675078061,0.377131788790743,0.466295064849152,-0.19775718587211,0.518148730705337,0.193454350227649,0.412027488952452,0.520800135152592,0.0827405901385121,0.627445294411063,-0.269825117210016,-0.324853735326148,0.0424954800798202,-0.350864787383668,0.112340309871253,0.0050098485612351,-0.337647390988684,-0.290973680938397,0.351237393293617,0.474532681670588,0.122824553732856,-0.350193869931162,0.255961925784699,0.0170528834040558,-0.325411774365147,-0.182791529948018,-0.230488910032512,-0.175502069215006,-0.24547602663514,-0.326663564061504,-0.52459055045651,-0.281606659274251,-0.275234844670405,-0.396664746555691,-0.297702647512717,-0.45342196889051,-0.407836340470515,-0.229194682697703,-0.312199590069088,-0.466431031252583,0.622204465406793,-0.024640454033659,-0.433944388779689,-0.273505795230427,-0.557518712052078,-0.187657635094212,-0.207299411928353,-0.360464318194003,0.264994271925115,0.0516222426502553,0.425929535180223,0.147999290883592,0.377869726576786,-0.203942766052584,0.0178400663562576,-0.316815026782746,-0.0981962627368656,-0.319877015393099,-0.108213180221528,-0.020364324722143,-0.0381373224004792,-0.175450821898738
0.66966349187287,1,0.368201869740727,0.729883337622416,0.281590904696957,0.313009024497651,0.670254383875049,0.894035310992226,0.058536875612275,0.581304594112655,0.566168183578337,0.671626538725092,0.775454274508376,0.434226594754881,0.482864931444331,0.130033168132659,0.102357391147435,0.293702504851753,0.0645471905009147,-0.0175546528507815,0.442145923113288,0.430121686232642,0.34771964753839,0.144480370160781,0.416467339444649,0.0436632735052713,-0.231686062647459,0.221303582056417,-0.263962238776498,-0.0071340374699725,-0.0855738683877533,-0.0944456858487525,0.0488485743190944,-0.186562817305253,-0.298039126256201,-0.273154023040411,0.476109190201678,-0.0277640013175018,-0.0675197397596994,-0.024238291233747,-0.122492665372987,-0.0834275985844687,0.0191332662550129,0.288226765316958,-0.0859550303037672,0.0468956608269189,0.187934992811639,0.0974400963421902,-0.396363640990902,-0.335292527684251,-0.269388701021086,-0.281584646308978,-0.399138853141133,-0.134101825498396,-0.166441625161252,-0.389271594986735,-0.348495240264149,0.186537188326643,0.0696847501435028,-0.487784171082962,0.0306455348541087,-0.0082765432649377,-0.218904479815599,0.536095532124292,-0.113648385784256,-0.0591032568042517,-0.273894821824415,-0.191799657240904,0.0519552793995938,0.0311097419006291,-0.0716874937154322,-0.149000242906855,-0.20178394231125,-0.0439538057183189,-0.421551837196034,-0.389429045460401,-0.393180751951748,-0.0316074869504387,0.0427327272718262,-0.254544289506443,-0.211937620323915,-0.515366907496947,0.234923401540529,0.0053084781547894,0.833114524325743,0.722647078883388,0.728365811121277,-0.0820572997768706,0.283744827143707,0.0871363556803508,0.390906399797039,0.771777689992751,0.477573783505099,0.544570531316093,0.234457678152262,0.492731135280915,0.0787518845103138,0.306303794458598,0.304033249212901,0.29652054963266,0.203655707171177,0.344962452897946,0.263799632326475,0.304329259381953,0.386261186674658,0.307271537995993,-0.12964482649031,0.478122289419633,0.289915920834191,0.342882158899169,0.456987497229765,-0.0459960134872071,0.530985441659501,-0.245790794179709,-0.168279977549952,-0.122464085410529,-0.388988900020859,0.106284636238805,0.0920097507156678,-0.208019417390229,-0.0988348982410514,0.415664338811973,0.607023534101848,0.314543079827236,-0.393032076018469,0.246671662018395,0.19176662969309,-0.153327568037379,-0.0478784073694836,-0.0937007740461584,-0.063875488410461,0.0368567726166025,-0.0977325062629394,-0.32178341965036,-0.290924884921661,-0.174030869443228,-0.446248863231481,-0.183499592562181,-0.313794126833036,-0.391283386122471,0.0700444555386904,-0.0420052883351396,-0.318237660141565,0.540261890415629,0.127981567965709,-0.318084685588973,-0.135782438088589,-0.344131313107029,-0.489269149403634,-0.24713859137946,-0.300169743372751,0.0253796366520316,-0.165987508339045,0.335587045509908,0.10489376695116,0.401449907781682,-0.0874408491067183,-0.104730368925184,-0.193040048240405,-0.272075196448117,-0.29013148501224,-0.228141818593425,-0.125994839162811,-0.117784013662874,-0.1079784264259
0.513304167399768,0.368201869740727,1,0.600495582684284,0.287157796489487,-0.158865258756505,0.670564531593333,0.349338360176147,0.193104096990059,0.7909100159406,0.47600911686041,0.494685805161019,0.635284689404816,0.207330405609487,0.267237502958847,0.262957150174482,0.294648416586653,0.402341975669542,0.204138887380359,0.45494615533104,0.326894624750923,0.254885770058567,0.697481509815366,0.544332647884321,0.353576039415838,0.620429326585841,0.181286557163794,0.875733732752599,0.478362392974318,0.695182293329211,0.625149161323046,-0.0896243505474711,0.390564081151753,0.127796220829923,-0.0949177168893639,0.0137908610613458,0.269144063772086,0.356927263560212,-0.283951999032329,0.17082575982098,-0.0053943306743949,0.305917124780871,0.0371854754199101,0.259571215142668,0.171564220900963,0.171631894012472,0.231590360846318,-0.0086116898365142,-0.504799694449667,-0.609265028093209,0.101358817663408,-0.440310998690529,-0.431125615049031,-0.113008468468881,0.0517112480726301,-0.489680078762096,-0.253813704528809,0.0187764192229199,-0.0004236785347406,-0.170661091023189,-0.298409966632084,-0.420134281454721,-0.610093965017312,0.176973922025367,-0.382570849911416,-0.484179997384022,-0.701744506244163,-0.240388311888879,-0.276690066706595,-0.134343785732644,-0.265465607131446,-0.213545919155021,-0.423561151759977,-0.016218131310806,-0.39263484978787,-0.525893821859022,-0.596295185529857,-0.256475008729748,-0.421520274162931,-0.471609543951739,-0.63338406305418,-0.149615447279209,0.515878566856018,0.203854503207832,0.432071343863282,0.603057092669974,0.660277625715483,-0.133213745097959,0.36467017478273,0.226491462394726,0.381055884853587,0.639771553020077,0.479094254750454,0.823568075165305,-0.101080829177926,0.284953735485658,0.129001427407922,0.263636727469436,0.0389036387212304,0.34628446618789,0.110199041907722,0.203165192027164,0.390730309956298,0.40988402969835,0.370321475154583,0.152657526152184,0.460666376470961,0.471688898833226,0.499062376902619,0.479925746276176,0.493655272326889,0.773495407899529,0.646204834547145,0.475668366526556,0.320003949711818,0.657836409159801,0.123231900664457,0.393876546421573,0.602463889615146,-0.0875821360074023,0.179933274686796,0.323659341434539,0.282368975577749,0.452855483019942,0.268181231925273,0.275845526753326,0.268218461412086,-0.0637621387578663,0.213488585210655,0.192371461845203,0.0613330723183991,0.0336607418657052,-0.225281625672077,-0.275345242986969,-0.260998327766229,-0.235570299444731,-0.387858195904944,-0.292098995007725,-0.316889971661927,-0.375260685034242,0.068593702275456,-0.156009482971075,-0.441327868094592,0.378732253008052,-0.0352788122040682,-0.24556198623467,-0.0543276969244054,-0.305408458342156,-0.362817057465178,-0.482701106251975,-0.396579163662626,-0.220938221724601,-0.435508216079241,0.029693477987719,-0.209439712959648,0.14094732701309,-0.070646184744571,-0.286475778053545,-0.310427112825886,-0.510532516161313,-0.547570832918337,-0.467771996604465,-0.332813026525481,-0.450047555428365,-0.368531946491035
0.724469915448198,0.729883337622416,0.600495582684284,1,0.519933508558378,0.0898857862863582,0.826255719913567,0.677606605568905,0.215189443807,0.566926544527491,0.827930685638036,0.821635854215222,0.863307857506951,0.340877038681221,0.614386449712276,0.283285368632866,0.145247834848086,0.262464747933046,0.397086193237535,0.369728636753957,0.522881519145631,0.667716795786168,0.54744569260917,0.393923861493982,0.532115816818643,0.199055686261335,-0.229514403406982,0.587738759729756,0.135376635462682,0.362156440758146,0.262780303038213,-0.066334626377854,0.260689119413447,0.0115835152878489,-0.243507513336512,-0.248481028006222,0.598106951858508,-0.0164394384659466,0.0627195047219583,-0.119125354664639,-0.0301960642500306,0.0010676325411988,0.301438829551668,0.265256112823726,0.0696630094777772,0.0664042699877821,0.362278184916786,-0.115056095352277,-0.454778133728777,-0.465327216477625,-0.139177533175457,-0.56399731264953,-0.51367119726806,-0.124295094947884,-0.265900399554167,-0.466626845702618,-0.320798795734598,0.096519218178626,-0.164524354573371,-0.431347721404244,-0.0054026550421746,-0.0864833336236131,-0.306239467335327,0.662266809863153,-0.12640646093458,-0.0979353198705884,-0.497587083439052,-0.263022462644142,-0.210294232326296,-0.0095355135043444,-0.12895670134229,-0.247216905671767,-0.370993505278244,-0.0998421428661353,-0.388724031944814,-0.432289414023342,-0.546788236902676,-0.111607120611653,-0.284809303422953,-0.620575352232133,-0.408452345928893,-0.477142735325043,0.214026874627613,-0.0041991733527108,0.745689890822019,0.947287345303658,0.80644312042099,-0.268034795330759,0.540302746783905,0.228761387215328,0.618081239863889,0.728785151661491,0.795804061700636,0.675254514467691,0.0303216243936239,0.687072493170101,0.277641042133323,0.467180761954272,0.359761714093834,0.30509595324336,0.463813910421614,0.254649850919134,0.558487036790888,0.561104766588263,0.480296982888946,0.518873921847109,0.141458025653256,0.67007696468177,0.432700523590471,0.596087419313019,0.693896399130476,0.238368234023093,0.639847816984779,0.0386358222598952,0.0257579649895801,0.284472325328527,-0.142852402880908,0.25248062604432,0.285670195237862,-0.207251022971404,-0.0969320822112873,0.685376374852122,0.759973881357677,0.243867481683161,-0.154608966761416,0.134349532861375,0.170243187343501,-0.199931265019291,-0.0235787065092369,-0.0466137831188623,-0.116586613306477,0.140849591259675,-0.132739727482323,-0.427525841438005,-0.233723051692671,-0.16932380182113,-0.623620505417343,-0.354943899430533,-0.513737065763033,-0.465976678000322,-0.155709081556562,-0.201018634583559,-0.469157499267476,0.541187231518464,-0.159984279625433,-0.397658163420202,-0.251236862973129,-0.373509436148428,-0.430384802481882,-0.265994472283449,-0.372666553649217,0.158386650709924,-0.279098876501756,0.46971585750962,0.179912182592904,0.687721579898958,-0.112201654079901,-0.27183217888052,-0.422436235458424,-0.4996865006867,-0.484871135808376,-0.365974484014519,-0.17626069720147,-0.424542104515112,-0.290348815277481
0.677926429831133,0.281590904696957,0.287157796489487,0.519933508558378,1,-0.150950860705321,0.654954729644501,0.395347301728967,0.489492795162704,0.370698376765683,0.72845353183321,0.623107002606434,0.513914698792756,0.0453374972778128,0.439792055203538,0.337643536130525,-0.0143615219135587,0.13601648434389,0.30165497560779,0.154445681587391,0.339344820736226,0.610054899614923,0.154722693778017,-0.0423305006970659,0.530896012265014,-0.0422247713718652,-0.479904488685205,0.286459050968439,-0.0828371322408589,0.0428975401608424,0.0192242359689327,-0.0976157165506619,0.0601381899110758,-0.329303736231334,-0.427571211967236,-0.409101610695215,0.362640319156064,-0.358824838783799,-0.0295264278878865,-0.394110203094496,-0.23497263066138,-0.204790414393959,0.139136605828931,-0.38770074745094,-0.251572657654985,0.0080891327347597,-0.036243435230659,-0.069676587518272,-0.427876689673875,-0.289051301958052,-0.454680673596655,-0.144219446604683,-0.493698852298147,-0.458791696992051,-0.58148423562734,-0.307996290502883,-0.446500658883394,0.351656657325257,-0.142888566293439,-0.329262657719606,0.339812316258586,0.359518736470198,0.0565339424556619,0.419196606703354,0.273450978039418,0.0955142946888838,0.041448195468011,0.142201176711623,0.262269931771048,0.0226752165721514,-0.0613385357668926,0.161784364240446,0.0831495111733388,-0.164408694562866,-0.439129810810299,-0.397357099885984,-0.346346728991472,0.556211509029618,0.239963545772141,-0.299555621124667,-0.0244328364084191,0.114169731586652,0.131297890574042,0.541029238497474,0.487209992024707,0.522941391946934,0.429528706235095,-0.23708269844357,0.896659357077329,0.21581186485502,0.820683974802544,0.466215872405781,0.611373069950564,0.408620030555932,0.0885093920017792,0.312375388881055,0.481133391895498,0.39621577623041,0.169640199763244,0.137160632626098,0.44040123277378,0.166141233835542,0.528444030384795,0.520679856362302,0.230648126451197,0.567381793497139,-0.147652914831456,0.606997058640131,-0.0348153482482899,0.601143773795798,0.5859762839179,-0.0454032510774631,0.481496153748338,-0.213803102493879,-0.328097471846099,0.164200605573888,-0.203094362353289,0.0429919356550698,-0.218535884290107,-0.44808453372617,-0.485216605527947,0.250009359632733,0.418443676852556,-0.212353292897206,-0.30730847451239,0.0609503592190088,-0.283034255183514,-0.368666688192762,-0.396391462072452,-0.322614941264888,-0.304626075645571,-0.332821122859422,-0.447103226414167,-0.546150917711108,-0.089296754720395,0.0384518750853361,-0.282235619962349,-0.32425365425791,-0.500099396449405,-0.286140478311602,-0.644139870335548,-0.488736406893396,-0.450579150132889,0.604869368614195,-0.171095824211441,-0.35548268644076,-0.357843479875369,-0.50652075213572,0.179252741673356,0.055809673935275,-0.222935851447215,0.412571080515143,0.235027521898317,0.36725930223903,0.233060247865429,0.434517263114531,-0.327494245450397,0.161780418682781,-0.0783295455619393,0.0420761048111218,-0.268301462749743,0.0362879352505328,0.387190237055489,0.0496109048007312,-0.0382110526480444
-0.0349203660805739,0.313009024497651,-0.158865258756505,0.0898857862863582,-0.150950860705321,1,-0.0461283075078133,0.30720334461964,0.297677878110906,-0.108253001829207,-0.116330507881561,-0.0288785386402713,0.0411763848858397,0.246331074333759,0.265158395702303,0.224891447107208,0.136492289851796,0.147053947720225,0.220932477512434,0.0186400948544239,0.183525580152079,0.293528084578506,0.0050195410490563,0.0879521087599929,0.0936295789234446,-0.0753439494063834,-0.133563687449439,-0.307753987327641,-0.0713283287870308,-0.0982004492265786,-0.122304115806305,0.197316131344528,0.0827716985753229,0.09423234635648,0.233729641065305,0.0412632094136773,0.0837335399004349,-0.045880098903651,-0.0836436775557706,0.0866735615143635,0.393187473738005,0.211857712082345,0.0589948135096282,0.431183411745761,0.387925179061265,0.174912643597041,0.356344697532626,0.242096515651227,-0.205743424942392,-0.102269996519264,-0.125334617711358,0.0226620314092407,-0.248205434695406,0.187004956539051,0.053876680619599,-0.108750234459385,-0.0407617423239852,0.0542486858739091,0.13404995347948,0.0347112839810658,-0.131314451420364,-0.169656588611669,-0.284696667058114,0.0956692409994454,-0.270062202926193,-0.219538635338488,-0.239345722630285,-0.148153514978039,0.123630408413067,-0.0832236417868529,-0.189572951093022,-0.0560226673774631,-0.137086782294537,0.395465290178195,0.190971270664083,-0.19200100623987,-0.0561662754385015,0.0749578847832955,0.0396908387635453,0.0212507952085385,-0.0921217011750998,0.0104148147208849,0.101279232154047,-0.157063868562207,0.210807389178799,0.131064596038979,0.0597790715951318,0.577029038462267,-0.0998283349553846,0.374333819173914,-0.0338932087386794,0.0300189963980249,-0.0962499436426598,-0.26165437553837,0.404517101414878,0.193261660146026,0.148499684680963,0.125372926746448,0.371182680052446,0.24938635098355,0.208959004461415,-0.160400221102845,0.0626450720021207,0.0345187932591254,0.0032473459704343,0.0078711708881558,-0.294949069074538,-0.0948397728174684,0.0411858085053531,-0.0282402516807003,0.0202396804040218,-0.321818276458821,-0.135852952244809,-0.0850025757667164,-0.114535695604808,-0.303673427971743,-0.249003294774719,-0.24842513507684,-0.0939142086836315,0.217734634462859,-0.0696941562079114,0.0318322508429793,0.115300904951571,0.0527089034261235,-0.229634420794372,-0.0474452746798983,0.0866263563788101,0.327188065358393,0.228736823683567,0.28726362676313,0.161353912192593,0.215783293687777,-0.0711082352311472,-0.0425886680517631,-0.214934065166938,0.179673389894974,-0.282850958578174,-0.193450165491925,-0.17958056666646,-0.187735957658842,0.0840131963404432,0.0920174750563423,-0.224228647122866,-0.0757966530123934,0.0995428649690821,0.002400807708513,0.395188312892329,-0.0994582342110784,-0.266549392881982,-0.352187788930121,-0.249886223874649,-0.145664732024139,-0.297517978699798,-0.0947627085300134,-0.244460951686226,-0.0099252771243995,0.0132429833828125,0.0010605781861466,0.224473106818684,-0.164883243539347,-0.0579468589322078,-0.180973546206396,0.0928244273528104,-0.102123405198463,-0.167094972874568
0.804914152829758,0.670254383875049,0.670564531593333,0.826255719913567,0.654954729644501,-0.0461283075078133,1,0.66154721808175,0.316101212377467,0.733754719826152,0.839910346295884,0.809928491084913,0.847166124251052,0.242607314715093,0.499807962053067,0.245085874023278,0.0997514352012251,0.299088363694319,0.311554805092129,0.341321111047765,0.590690106718779,0.633463897914302,0.535131637344251,0.308716307776333,0.704578083248864,0.273898354450939,-0.26761099669576,0.59473290306799,0.023718900432206,0.251529354178627,0.224487202673909,-0.170344912218889,0.218596011318827,-0.20693946996107,-0.400754437637028,-0.297248577998047,0.499779261316891,-0.0457925474802618,-0.123407221055527,-0.146484657467156,-0.154094710236887,-0.0234915544152254,0.0976310251696293,0.0331988703032146,-0.100721619657308,0.203997070777357,0.164877360581775,-0.0459051368844013,-0.501624571816084,-0.555461193316135,-0.314067872030538,-0.367451969017105,-0.551494033813516,-0.30870018985482,-0.32502681098221,-0.461541564869556,-0.495722519895391,0.14772934601224,-0.154460650490299,-0.487485093292858,0.115664121334253,0.0722555388138481,-0.267143476533304,0.569628909472184,0.0683417904131894,-0.143679291216008,-0.359514039427852,-0.0735100718684784,0.0318680316848688,0.0776040391263629,-0.0861612874428634,-0.0335231230480693,-0.110637080189374,-0.131532262310995,-0.525783293397185,-0.513889733098641,-0.50175825086836,0.0013901250713939,-0.0789733840065606,-0.51551816403935,-0.390753041698096,-0.253898699387384,0.451483532557673,0.297709814703933,0.805754938670654,0.835503214322421,0.834621959033171,-0.236425548537261,0.681381731015524,0.183186558465292,0.711579096840896,0.841141475536024,0.727890309630234,0.768249034078209,0.0196081384068444,0.560040476904584,0.292976857946479,0.478148878880654,0.276132220547172,0.268805232027599,0.441276745801101,0.369414153207024,0.481466819421791,0.612761058546709,0.52802140609166,0.553113435874818,0.0705953778329137,0.723233861341707,0.415274733424527,0.669523163343984,0.772585944857642,0.238103752944604,0.771448127052634,-0.0595954487166702,-0.161786915121001,0.218065832048868,-0.24081461552398,0.152757151054747,0.170457157531031,-0.432313271397907,-0.229495775247199,0.535629606750141,0.599314982222933,0.230368162802066,-0.218325434574901,0.317779259741836,0.156486457308868,-0.27045989763315,-0.100032806799775,-0.16226729438852,-0.213156049092908,-0.0815015767420537,-0.331424861617508,-0.540342170650077,-0.361366885304902,-0.180843142687591,-0.438374783126989,-0.356392951528037,-0.494241100116829,-0.414234684001612,-0.308718054368027,-0.375614036568127,-0.546815550280537,0.580489625072569,-0.173580062554229,-0.463770660054824,-0.337981380500992,-0.511869844132038,-0.30882980155016,-0.231493084133899,-0.39235758464636,0.203177843124044,-0.0470693230491496,0.415732653116227,0.0975379751921798,0.485971062197373,-0.151216019532829,-0.0704233934774496,-0.28781916746285,-0.213381415112906,-0.488190910824827,-0.166462417260198,-0.162802749912559,-0.269743162850981,-0.254633329863517
0.733458148952447,0.894035310992226,0.349338360176147,0.677606605568905,0.395347301728967,0.30720334461964,0.66154721808175,1,0.0725152942110369,0.676294500939725,0.502414773253259,0.662601932261125,0.862555766526418,0.357518372598041,0.397122123399952,0.0985105517111627,0.0093913630617426,0.195861959620366,0.0736198565124841,-0.119796976413209,0.411341641380636,0.46382583737678,0.275780146505442,-0.0059622763877195,0.370665902035411,-0.0802711920352805,-0.426999983496293,0.19585082461613,-0.414231927712078,-0.0974529687244201,-0.182256442448742,-0.224468630425383,-0.0612253583251481,-0.457878243943915,-0.521470870493246,-0.456050715371491,0.373278609212897,-0.233487439006855,-0.154510199686752,-0.0747116109367462,-0.111537141152027,-0.163610924229398,-0.111515644258329,0.137612793208187,-0.157895169717922,-0.104005494116321,0.0228742545661251,0.209957497941691,-0.438399502883234,-0.438959872107478,-0.490616105542571,-0.290872075605863,-0.421997428340691,-0.27478129680459,-0.333419169673296,-0.422479952043772,-0.461010363241111,0.299902414435817,0.134125499916669,-0.501227031530886,0.147358883783871,0.0835274370648525,-0.122909758482976,0.485048031847088,-0.158325681800928,-0.0145408199806639,-0.21509810541583,0.0458058584541316,0.124903925854701,0.0659460396247906,-0.0182495240234013,0.0252699973014735,-0.0688716415530998,0.0115646417020209,-0.408634277676471,-0.478713621364675,-0.516878673461834,0.024179392525083,0.122857023858719,-0.193680901278044,-0.171316987936729,-0.508085255928867,0.15703540584967,0.0160339121315032,0.802526212447374,0.63064417713026,0.68626397598835,-0.194291766546576,0.313484228326163,0.133774445504734,0.392313786669774,0.781019138275237,0.412693904990329,0.580665805929084,0.207355492876487,0.42704141420615,0.111977624142283,0.267267644937758,0.272335669456653,0.242048322795414,0.252728132724371,0.373702553750346,0.29573608640445,0.280014348011514,0.265659031690936,0.357723422326106,-0.337694493221422,0.445180959487241,0.0708375563081659,0.288931347004027,0.412792108166608,-0.164520769819057,0.468241995668539,-0.371860009405996,-0.349373819394595,-0.170511749188109,-0.52395795695385,0.0302713186408725,-0.11111545538985,-0.338629292625202,-0.288541344010129,0.29694142214517,0.557519512428323,0.169052029547142,-0.490020597513965,0.219591909455083,0.112401278294028,-0.185495640411,-0.12869043073784,-0.198677769008481,-0.193753051441624,-0.0568774842364479,-0.104762470573564,-0.394396538416889,-0.317682483767686,-0.0295510749742051,-0.377635071933654,-0.202645409928501,-0.328945192208348,-0.409864203060204,-0.0425788026468251,-0.14191605830729,-0.331981314566384,0.600007045681571,0.178873677388491,-0.291750441473652,-0.0479744901388275,-0.394832307629655,-0.515135212401802,-0.182928520832335,-0.303681654100082,0.165832787715945,-0.0615767206655998,0.297855333500941,0.171842604022947,0.407455228241516,-0.070979425125909,0.0803362088242979,-0.163767795410237,-0.143754545851319,-0.313834097553667,-0.105685042381835,-0.118373342651014,-0.0074635112075489,-0.0840714555792293
0.226673275931598,0.058536875612275,0.193104096990059,0.215189443807,0.489492795162704,0.297677878110906,0.316101212377467,0.0725152942110369,1,0.0806483903052891,0.330765470554195,0.347932153960498,0.0871491335895285,-0.0886658628561975,0.219915564436193,0.562012226829656,0.313953678490225,0.377873693411731,0.243992967734407,0.32575248134908,0.223557194587376,0.364828130502398,0.162263354336043,0.0899184031431054,0.283999260829593,0.078498690851754,-0.0455441707139984,0.0922309178731204,0.205150436172285,0.176727009844867,0.332687097959288,0.0189959654889339,0.068837696616788,0.193136920189584,-0.0093485221902542,-0.0051377177191051,0.0094461454483465,0.0679825658256462,0.0490545683339042,0.080003256500271,0.35299540012983,0.277830847659922,0.0973225168366202,-0.092652424088368,0.279195942992887,0.253517613589753,0.15653674905515,-0.10943735001385,-0.146436186652379,-0.0890049106373528,-0.0895523725587243,0.0255182961963507,-0.21697897054267,-0.121748310516847,-0.153932938603655,0.0533095063017662,-0.0309104298239323,0.230562304505843,-0.0450290341533437,0.226570668438403,0.0629029091912787,-0.103404629803225,-0.0847582422293619,-0.0010911193543369,0.0268377928312397,0.00726595007992,-0.0210118179087533,0.134696738945945,0.154305294740964,0.0505586139398524,0.086046136987188,0.120767315315789,-0.0526934616664011,0.357843168283533,0.136634345313119,-0.137847297865098,-0.115454693553968,0.363700180409757,0.0659744500267947,-0.142643409165319,-0.155684907558013,0.197280478271156,0.238490655341885,0.361839876059809,0.34260474225153,0.329905667211739,0.122192914987656,0.408058027095036,0.570934359655564,0.720333780868366,0.662818689867306,0.184496737515477,0.391922377774085,0.0819343190053127,0.268029397373449,0.0071794119443573,0.527245996779223,0.310528914113619,0.220806223119785,0.396433351437939,0.17435498258873,0.0799533771079606,0.359493538985955,0.351734480394913,0.0561885561720231,0.0090306735128482,0.150271782055224,0.276386423998043,0.0378703038034153,0.398753639585079,0.226895296359581,0.0481574373560535,0.241240563117941,0.189412021143418,-0.039677588555608,0.2174499067831,0.0710638063715344,0.0504560719917002,-0.0286569824680927,-0.205494732592062,-0.161333058922713,-0.0067132418303624,-0.061261781150012,0.0317064695916697,-0.0100359941492413,0.179715850593314,-0.007246956468265,0.203936458094738,0.150752824594712,0.266946081009976,0.0109410226687598,-0.110866226237662,-0.260153437501563,-0.218569603507497,-0.0320445648892407,0.261722843097769,-0.169486037138522,-0.33870535388934,-0.294734359955153,-0.133115455585474,-0.416748911915749,-0.346055916762185,-0.373094152674769,0.280750295957515,-0.0715651248879933,-0.107086358934672,0.0978163360640357,-0.275377254378187,0.0877689538721436,-0.188784803072883,-0.223466977065398,-0.0436714337408261,-0.229582297209867,-0.221427062592977,-0.290413074487695,-0.0456405294706399,-0.122340603286576,0.0566508214980311,0.295620497715912,-0.143554401824221,-0.335548376638898,-0.209279374400742,0.239843016308988,-0.175026457128103,-0.150916362361542
0.73164347895023,0.581304594112655,0.7909100159406,0.566926544527491,0.370698376765683,-0.108253001829207,0.733754719826152,0.676294500939725,0.0806483903052891,1,0.434629575882334,0.552153705883423,0.813640718403352,0.250273901086972,0.219226827689078,0.0945766995793437,0.12126939714258,0.294467683714809,-0.0398790203685323,0.10421185915947,0.377627306080938,0.255243265925686,0.520757616241301,0.236746350265627,0.423379955043093,0.37371416950099,-0.10737193031561,0.641744190647756,-0.103995580260813,0.240773128621964,0.212948118355061,-0.226599711806688,0.147848910938144,-0.314553607075593,-0.455862090391775,-0.263999725126564,0.263843835663307,0.0507292715352106,-0.316707034701466,0.0749687342432443,-0.146241367368718,0.0843498754811931,-0.141747814538388,0.14225177036595,-0.0972790817852322,0.0592989008211766,0.0115667131404667,0.264427630618851,-0.49614881913133,-0.604146724799367,-0.317633436626325,-0.309868584512345,-0.411128124031318,-0.256889434387593,-0.147668309816688,-0.477427671339912,-0.439860251644368,0.204447451958358,0.12666463195034,-0.412065632112943,-0.064859307765685,-0.171531617086905,-0.360704410598664,0.256641204168209,-0.196145586289288,-0.278714011928658,-0.425361201104173,-0.000280071807104,-0.0226005496025964,0.0610190993621048,-0.0858228189492495,0.0413894573136592,-0.116360550093747,0.0066047662239643,-0.49421011936693,-0.560609200504424,-0.606610969251399,-0.185553265533747,-0.096063597173681,-0.257853336850338,-0.390457549913628,-0.284358892996003,0.502642569094715,0.254667145739814,0.634193933695774,0.533910143702755,0.734272651607575,-0.298738181036917,0.33465385822821,0.168673861850793,0.366089967699415,0.844717687214624,0.390237062858459,0.893733709566468,-0.0163932451175565,0.269555195683127,0.0464686871416962,0.254669499056336,-0.0071669847120768,0.227440888825768,0.0585015671377297,0.432334894516785,0.25599751165153,0.317868102145887,0.358701656157114,0.231455893590097,0.0060815778723733,0.453388555587505,0.283189901404941,0.382809701623385,0.468350935888368,0.406446570420853,0.662694820820535,0.0020458403872277,-0.142593704432043,0.223029875093478,-0.287013599090341,0.138600057691953,0.229620347089827,-0.335083892101048,-0.0862445348486339,0.201529961927315,0.300234202586286,0.360797517044649,-0.148639553558602,0.35715101510274,0.23937438305515,-0.214051155010489,0.030561799145711,-0.065860802263025,-0.12957599904261,-0.121931272930146,-0.201376280467853,-0.39727366085848,-0.420251863595461,-0.201387407478313,-0.31628689965306,-0.240456197571506,-0.318033376644832,-0.423016642615294,0.0313389413080093,-0.237433036712136,-0.443563642922398,0.524672972782591,0.0928668119910523,-0.275373703233432,-0.0704733298329619,-0.434181481719031,-0.462228085002025,-0.360218585709486,-0.423979746789873,-0.044693605951631,-0.186238083747207,0.11686596698531,-0.0870951488156146,0.152970748340473,-0.06199584445235,-0.0296845232508571,-0.294763210994063,-0.249298618735296,-0.513119827946312,-0.21490529354081,-0.366284994372159,-0.185031626700921,-0.224654561031114
0.717732848009669,0.566168183578337,0.47600911686041,0.827930685638036,0.72845353183321,-0.116330507881561,0.839910346295884,0.502414773253259,0.330765470554195,0.434629575882334,1,0.89077776578338,0.704001959870703,0.214667799279612,0.583923369729433,0.260137885912719,0.0715255826621944,0.197482251022595,0.352163201056186,0.323918508999063,0.464761613207389,0.631976783710703,0.37726206937944,0.251562530415654,0.602298240074905,0.137875752413586,-0.332747295327217,0.495486898526036,0.123670824968888,0.271699059739287,0.173720055089554,-0.0818898956295586,0.167693270855728,-0.0790453123580369,-0.255875694063609,-0.267167794582661,0.562672437967725,-0.1492364752034,0.0429677820680645,-0.295758113405972,-0.154008648290304,-0.181810629672729,0.187566089568812,-0.0715331113170342,-0.137890564316346,0.0713519053872964,0.160637503636704,-0.307624758258994,-0.336163827774281,-0.263637915690565,-0.134099808455221,-0.421812718967207,-0.481781855469334,-0.242396182939211,-0.394172365534572,-0.306412661007213,-0.320074700749224,0.21054373103041,-0.219278372685796,-0.433015235193785,0.0547512383317942,0.0948277777568697,-0.109258127144165,0.62102539297602,0.148030575056294,0.0380542919410712,-0.226243887413447,-0.213490722852895,-0.0842219312202848,-0.119262903477615,-0.120114966445651,-0.208935878288325,-0.25658011398996,-0.29267381161527,-0.434827576161297,-0.335033772977161,-0.364156455430853,0.16804540181753,-0.0770154868910237,-0.540625044875704,-0.21552838124397,-0.247936334667039,0.177708941112817,0.218350329672566,0.670257784337286,0.842103588788339,0.712639205542025,-0.246557834417615,0.744800460377313,0.133802666223851,0.778094242308714,0.619166132687933,0.897748634480729,0.558604562847437,0.0014274822535759,0.611335998354119,0.349543998421406,0.486094613046955,0.29289376064518,0.241013793255151,0.438546959704355,0.256755158852766,0.500501070538893,0.59362167321472,0.461457887315153,0.593083728325809,0.115698883665781,0.706933410151024,0.335690425372705,0.691451753913887,0.742261955618357,0.128334079976854,0.666704932543703,-0.104292150478041,-0.0349353920928599,0.253251483884665,-0.0636018460084819,0.26093798821535,0.123946789296551,-0.312194529747745,-0.214036024059617,0.643293548963095,0.682138747777727,0.0623807281796451,-0.160031539069213,0.0770476371208083,0.0138838239656324,-0.254262480790807,-0.21206302889353,-0.204161915535168,-0.156769028732304,-0.0836061835511741,-0.249030485370569,-0.410628212578052,-0.079135750698459,-0.112100250934681,-0.472894057484969,-0.267227436421902,-0.467004819966361,-0.30596219575361,-0.345062453485119,-0.254233139519485,-0.394791210184544,0.653188368181649,-0.187065091360217,-0.470409721810681,-0.431725097190265,-0.408374197233592,-0.0970233736183143,-0.0305440983563834,-0.198637307612403,0.222659361668198,0.0023375737729171,0.50103187378385,0.301670669262352,0.601209677895476,-0.239528801048814,-0.170167103066655,-0.333167961486667,-0.273603015767818,-0.304818917958742,-0.186288113769604,0.0732956506424174,-0.221295775417765,-0.111792818378207
0.722582662500005,0.671626538725092,0.494685805161019,0.821635854215222,0.623107002606434,-0.0288785386402713,0.809928491084913,0.662601932261125,0.347932153960498,0.552153705883423,0.89077776578338,1,0.784582370285862,0.200707226405511,0.460233938387663,0.267609148263458,0.102864631169377,0.227115612367202,0.209977534961632,0.165854619505984,0.440250129366,0.529654599792001,0.419954631432112,0.217780620220271,0.499783818505625,0.0735644038357705,-0.29029982706564,0.423863172546607,-0.000720228266711,0.251217685530198,0.19374117296039,-0.152755493356885,0.129603814657219,-0.161381848383041,-0.396416865862657,-0.344876230722172,0.428185718187621,-0.0665697269123173,0.0086914989279124,-0.137926527159358,-0.117780825022639,-0.166438524944841,0.0112725442549363,0.0022442219780455,-0.106670146576041,0.0159720884449789,0.0941513444888236,-0.160686696081053,-0.28496315286266,-0.296983228060791,-0.185157537588155,-0.472337229935197,-0.448289690303953,-0.296285320770364,-0.347908500452881,-0.326627473149591,-0.330716422879495,0.356780893914971,0.0140545405548361,-0.38606609382643,0.0659607290662621,-0.0033700696482127,-0.0718669912009153,0.47159764093962,-0.0049277371073536,0.0778025164573411,-0.203383681597378,-0.102815583477391,-0.0955003109332593,-0.0665052645344737,-0.0535125549744669,-0.148277662445714,-0.255558445893629,-0.206332295199882,-0.394654389829421,-0.384414392352437,-0.487112199980017,0.0395378150198592,-0.0307811357282798,-0.387651402246695,-0.168390881803241,-0.425022818108948,0.11795508527984,0.0634388079762773,0.760293139176497,0.816040138604415,0.756941128023353,-0.18727390810379,0.605449617808672,0.25520033513616,0.683971403358425,0.712704973053469,0.873944954131912,0.604695031137724,0.0730821909288205,0.492778392300078,0.312059251555627,0.44069721056001,0.24112110289831,0.278072561758622,0.318889242450382,0.360054437842058,0.454998772728142,0.484273208467006,0.35839252113878,0.415353459035467,0.0930302568044655,0.658451918823079,0.310413468677828,0.623273749632295,0.642249186403595,0.0775965944865691,0.643326640193089,-0.13017623898434,-0.0952145491134795,0.224290376346177,-0.149642075261088,0.273366074912902,0.159177964865571,-0.381221131887798,-0.222368588663746,0.50080127462135,0.579747413198527,0.141094514202056,-0.215396739825967,0.181718536779901,0.108054055682197,-0.188143817415086,-0.196135587674075,-0.114298873189389,-0.112116760531716,-0.110801592388944,-0.157439786976123,-0.360795385237887,-0.141597204428252,-0.0009900941933472,-0.46621902646026,-0.30107816195348,-0.408143077943512,-0.34004461444561,-0.214989514048305,-0.2043003577242,-0.387601012624014,0.758112959015021,0.0316041644335492,-0.365617542669446,-0.317130741157257,-0.395301625405913,-0.317926489318712,-0.105973798305064,-0.215619335464335,0.141012542800332,-0.128419678060703,0.288794204392072,0.189335923123031,0.492312372352994,-0.205075485891668,-0.134108266725048,-0.290711599412215,-0.327698277556396,-0.41615275972832,-0.229950795935746,-0.0836586118066941,-0.179444362514639,-0.0848388196796474
0.835107165634923,0.775454274508376,0.635284689404816,0.863307857506951,0.513914698792756,0.0411763848858397,0.847166124251052,0.862555766526418,0.0871491335895285,0.813640718403352,0.704001959870703,0.784582370285862,1,0.34098228803499,0.45435119819498,0.155499767478297,0.0803843341602534,0.229128434786958,0.251721604890677,0.177084479870147,0.514754565130273,0.571715565510072,0.522890758811473,0.233945560491886,0.518263912995376,0.13296869317133,-0.325180840392889,0.578809438963477,-0.137290978982118,0.191151598359987,0.0844644677903345,-0.214330614590697,0.15323199848311,-0.352582298706852,-0.490868289651638,-0.408782159516574,0.460302206155137,-0.122330275360086,-0.165409356539036,-0.0619855830782253,-0.137531472115675,-0.0436743612125459,0.0007194544400563,0.161259629176078,-0.0879282479048134,-0.0064994714957731,0.119271052363436,0.0736813788424145,-0.517241672070433,-0.577237199641146,-0.375143605249557,-0.461030009813529,-0.497288774778284,-0.274355459123316,-0.322397378003013,-0.515557605204058,-0.481498843095697,0.20613885610154,-0.0085543811453458,-0.557863421437999,0.04547457977632,-0.0374381873959909,-0.279693940171101,0.553522000422435,-0.159680397424646,-0.145700117550649,-0.418381808092887,-0.0798705603985905,-0.0857340723567223,0.035576043866941,-0.0918042408538931,-0.0903362970485531,-0.195354665819716,-0.0792899141082658,-0.516536054791324,-0.550125136849722,-0.614430247558205,-0.124977921750897,-0.133409911139251,-0.449002108364268,-0.363705278410676,-0.503581233796802,0.279283190216947,0.0813468760555599,0.792461572919361,0.793442015085838,0.841208699715741,-0.382708070038367,0.461572292762416,0.149471382887022,0.522546272588593,0.874120325860368,0.625496058961105,0.824285231752998,0.0246774084079605,0.554112214827229,0.184895766533205,0.381771304535771,0.293811016367577,0.282779837594849,0.384383373365878,0.433674572915606,0.466206637219515,0.506021955200127,0.448564035046657,0.518319354129092,-0.0924275877563132,0.639784616795514,0.288084580066063,0.499196842332216,0.636855401697508,0.147526942282433,0.685772159665173,-0.134442590845486,-0.20059010688725,0.125747991442462,-0.387062764117855,0.123678554689293,0.118214768319082,-0.383500279193207,-0.217476577651133,0.48047548622951,0.642475240641119,0.256032919537561,-0.331511885719261,0.234610637450954,0.199356795535287,-0.273047536039902,-0.0531236308888694,-0.176316362006279,-0.203614462936016,-0.0074758773651895,-0.16017214068226,-0.49769838357018,-0.367482991820096,-0.190515605307728,-0.488960619109444,-0.330529812654896,-0.448748602434793,-0.503146154174196,-0.132253679467918,-0.285633140711199,-0.481089512644935,0.617211518134541,-0.010737062640711,-0.406360823925478,-0.20489588684331,-0.47985864417566,-0.503861509404492,-0.266288772012468,-0.389713279574525,0.161384073114213,-0.141864135716854,0.38492204997508,0.158961889966904,0.521172703423748,-0.093942385751203,-0.0992118050077734,-0.409339974858483,-0.319662730979111,-0.481664912926418,-0.225695328784466,-0.25615293011396,-0.236568862333268,-0.239256747176881
