1,0.703881979794882,0.371811867913295,0.694591451201931,0.547079938268015,0.415619644726476,0.315656578369783,0.465400434553604,0.639733407155183,0.824851740108365,0.743816282510454,0.604237192165853,0.74441364938586,-0.236496006487703,-0.248249494204778,-0.175185054358806,-0.235270922639692,-0.248077746799541,-0.147027058334467,-0.106291078292742,-0.341458291905498,-0.085304648014001,-0.152047790263839,-0.254885588259026,0.0215163755379937,0.113753860538415,-0.219796578082962,0.250208437233099,-0.193295110593222,-0.159726430520156,-0.239553950706907,0.0122929483931593,-0.264338353535016,-0.197142311233951,-0.233813886638025,-0.189455053786723,-0.315664858218738,-0.244961044833497,-0.32346767700199,-0.34175992165967,-0.277355293628229,-0.2566208747198,-0.339570689611764,-0.311135577879441,-0.466834775856165,-0.322625113504388,-0.302935593231598,-0.0672691282124902,-0.202445381377377,-0.0926825878201362,-0.153054633451387,-0.300868790548137,-0.293151946023939,-0.053252891316397,-0.342137546098734,-0.230586679607005,-0.106385794081155,0.469106961297781,-0.26261504570193,-0.11633315848935,-0.27626719681444,-0.309978191571165,-0.199616152323898,-0.0879277328147098,-0.311577336253986,-0.382081141621745,0.022234129269868,-0.368775774635957,0.164775608155937,-0.529074117368537,-0.48437802977705,-0.230939039379138,-0.387458422064656,-0.270388630291476,-0.427126901060197,-0.0833072036261945,0.0162451861482517,0.369522628880211,-0.120411083614385,-0.0551545916878958,-0.124107598794954,0.470229691269375,0.783336148271898,0.814705938679912,0.789795899092168,0.513466902180207,0.33530549689744,0.450962408989456,0.629722783509251,0.628537652013241,0.718716993725202,0.734992105966065,0.641009714605997,0.722913915883506,-0.140499468223743,-0.261043138692457,-0.186993337336608,-0.278060321524494,-0.0764943074538428,-0.111515589477457,-0.0201699762842378,-0.25018180399365,0.242976615032668,-0.0200944538942786,-0.27265489143207,0.107335054429802,-0.0605296247579933,0.155880115181009,0.122214166154353,-0.0211514614818793,-0.0546054546454949,0.326438970989469,-0.0236113085997507,0.0117965169332155,0.0206022106172865,0.134406950297857,0.122038686514818,0.368842828796833,0.22185600526758,0.177569495977474,-0.113646576693462,-0.165215414007795,-0.313164398509486,-0.265618374754052,-0.0472630767036948,-0.0040235861918503,-0.375442733324052,-0.234322125791916,-0.316545459402463,-0.438915105191047,0.265559071443898,-0.558465639649768,-0.160569359829895,-0.0947284834501286,-0.0150064201186608,-0.116612935271525,-0.270786281539606,-0.168020786658094,-0.423523763759368,-0.127574890390737,-0.340789959543632,0.05274513419277,-0.0944317439266998,0.529796793654761,-0.173369152231335,-0.0468274798456546,-0.379576006888755,-0.329259748971257,-0.081669551850718,-0.28285290216677,-0.0534079303298131,-0.0674410877542588,-0.143594330838244,-0.0336991012019578,-0.326068081236803,-0.140960388976729,-0.520339705836287,0.0012202694508522,0.278256533955716,-0.40586140470148,0.0151707947603177,0.0225229304763086,0.424505472700177,-0.0211852572960892,0.169747752059962
0.703881979794882,1,0.213677456819555,0.703401053817238,0.511190938494013,0.716100660621958,0.29611786429869,0.82074146215399,0.805670430420791,0.847855478649097,0.586625409813338,0.851677895929256,0.843714228514049,-0.173962368087329,-0.148061143665437,0.0182609683634066,-0.18374139648014,-0.0288257223347439,0.0413780909110708,0.0971855348799414,-0.117380840193749,0.183064736453819,0.046059535997089,-0.0792514721671773,0.258070226055079,-0.152430400323532,-0.500565899317299,-0.153068466849014,-0.270230665590272,-0.315353446987572,-0.408963779725091,-0.3560128276673,-0.136279153704186,-0.369220128198424,-0.480467158026513,-0.271488233041875,-0.255814287943762,-0.27596734042227,-0.460772965041453,-0.371901430701139,-0.272353729511897,-0.173701120539016,-0.295741517784577,-0.483687216169971,-0.298674933429617,-0.372845977706385,0.0200598331066672,-0.211321112204974,-0.364251111018671,-0.171254116654158,-0.343098804449873,-0.125667363537117,-0.133791833193999,-0.0601659068004345,-0.374921728812886,-0.398464968877137,-0.237913313617143,0.208282182753887,-0.298255193325041,-0.203840523324978,-0.15159357250886,-0.24780796755665,-0.126942027131786,-0.191938253201971,-0.417781055253896,-0.318343790074685,-0.103938377563259,-0.259110902732687,0.319318001245465,-0.364619433635456,-0.34032296269747,-0.0379473318944904,-0.215494427462132,-0.138883715805667,-0.338054973314961,-0.25057596267491,-0.0816779908357782,0.266430413144274,-0.0641391572305863,-0.132382706655898,-0.443901394088331,0.0646349730033103,0.760739773473684,0.516328832903747,0.81857492919658,0.43468918811729,0.472573801231534,0.804709185988539,0.553306370273837,0.764847018056815,0.588296088755518,0.398959590489611,0.711681961087552,0.450598795240123,0.0073477540935935,-0.150493063582625,-0.0036097395956183,-0.0041576138392448,-0.0039767147259503,0.0294974326256284,0.104637080566472,-0.224697544862284,0.4052445283133,-0.0306900680936974,-0.0041607280511796,0.290608810599834,-0.268685328230527,0.313399403590889,0.213306023344041,-0.0946113013313654,0.143771518968598,-0.0590081116474745,-0.193910322809986,-0.0495421753913556,-0.112540008914776,0.172220487143601,-0.0946682003371814,0.221991944081899,0.102881493780572,-0.0260025940665252,-0.328561796587961,-0.03495485976937,-0.266240532291798,-0.253849943388765,0.0028674169099459,-0.0236717424178312,-0.26942146038035,-0.119425359268615,-0.223668327762671,-0.350612911936953,-0.146674809687244,-0.39775149410287,-0.411194065792901,-0.151806899848114,-0.0437841302668329,-0.0343773411675655,-0.174447328605749,-0.0338787293756428,-0.424754910347318,-0.364420725598362,-0.184441758016074,-0.126405984946596,-0.219528155143907,0.549627768199609,-0.230846537114583,-0.0839095936042075,-0.255401247126944,-0.362732389570551,-0.235514175581659,-0.347594283872875,-0.0898011965881444,-0.0335925414642409,0.0047102306022232,-0.0299391760922562,-0.353542476543216,0.102327043855905,-0.442783701062357,0.12654156710072,0.356652070294175,-0.25324562480749,-0.131482929082965,-0.0483270770218169,0.344202666747651,0.0227153184366621,-0.0863077452354414
0.371811867913295,0.213677456819555,1,0.0771934458666045,0.0644746737220754,-0.0165684411095961,0.0758121403784121,0.0329151179715265,0.154267249152316,0.315875113228331,0.207562608316272,0.187073879706349,0.279100986328587,-0.198828273228366,-0.193274934738473,-0.25131590757259,-0.110813332400596,-0.0108685374606154,-0.321529097577255,-0.0848374211763832,-0.203717275813102,-0.0022070734836701,0.216840571559034,0.0737372754005336,-0.287114843322992,0.644178521219083,0.267101710079906,0.455563806151341,0.239605960243157,0.463149332881701,0.316656679243467,0.41832423172873,0.0922143691007211,0.106275722033171,0.1767403706717,0.526519836329469,-0.249447588325202,0.23146372994457,-0.0085809457598493,0.0190847391344577,0.247204745847164,0.134894580688068,0.103025046558784,0.235311696223751,0.0346692334243947,-0.116501206180409,-0.119352750158277,-0.165690101913867,-0.215336381165626,-0.211287969750774,0.296067842174281,0.0619236164789327,-0.289564398085485,-0.082023792858053,0.014072651207335,0.256687139166006,0.273887938597645,0.443515753761792,-0.104388364184392,0.199860913259203,-0.53165916415713,-0.440783823655063,-0.248083150706958,-0.103899473524147,-0.349900748317333,-0.421245983033223,-0.355782772216357,-0.176799065267228,-0.131864297377384,-0.312234499699785,-0.206991133939077,-0.326100506932586,-0.38644463604771,0.0106949061825267,-0.207814389541781,-0.152876182529054,-0.11854311224526,-0.0623373333350173,-0.466759526648878,-0.179811063427315,-0.0251824850870389,0.411182325666204,0.513151554557894,0.374047077839578,0.249528523359811,-0.009819068928291,0.350910008000097,0.0709289389223804,0.166312816494526,0.121026567164204,0.236725369127167,0.582324099191439,0.0640877139832561,0.56101713873624,-0.127290349177228,-0.193336324842722,-0.322958097445089,-0.228885386309724,-0.218693856013533,-0.103070553245504,-0.327532830627092,-0.0227795337680676,0.0181865572738781,-0.0014458547892387,-0.260224167428481,-0.303993216761132,0.2464585199629,-0.0008977766942931,0.0950469778501745,0.112165806561363,-0.367111173112507,0.494828870085194,-0.303167509206806,0.237669639009162,0.232459055545539,0.273617560788082,0.285211827789535,0.47386031741623,0.469660374875926,-0.070813424496364,0.27479913135039,-0.307912217578735,-0.243019826333753,0.0820841166478153,0.162075665731727,0.182939551636003,-0.0472729464082989,0.280122003015049,0.0515166315918487,0.0813805840857042,0.553673091986972,-0.171077969432038,0.0772515663082844,-0.228299751348992,-0.263743165414281,0.335870822857574,-0.337116129243507,-0.226771499880404,-0.0865658861332538,0.0258960740802666,-0.0908925479964108,0.255917435164651,-0.228212057984984,0.0886198667891776,-0.142962256117776,-0.185597321086575,0.0056265843307955,-0.349842640752683,-0.364518424510877,-0.462429496325518,-0.368963455768907,-0.489685698744603,-0.417509854156383,-0.173482521035164,-0.46019814588779,-0.184290750905852,-0.164408550964116,-0.196604025478123,0.0929372096954731,-0.358137983749242,-0.143847490512345,-0.246735746694968,-0.0164257599610975,-0.441867495628074,0.0370302232165601
0.694591451201931,0.703401053817238,0.0771934458666045,1,0.804583859900871,0.578618806474275,0.504103480833334,0.635118040233535,0.805767580630008,0.801662543261901,0.825697685411771,0.797309598264455,0.779142231313577,-0.125922915110416,-0.129464669021289,0.0786167574017095,-0.151048647371487,-0.0453362545613024,-0.0448724671754988,0.14331281213904,-0.091277892667765,0.0909159047013767,-0.0884970944034117,-0.133198960020846,0.402270206821103,-0.167070298849229,-0.459577805247913,-0.134495780584455,-0.297148913616341,-0.373153675660177,-0.447103464685081,-0.404473549646877,-0.182494055647488,-0.322755656364297,-0.539041234519494,-0.370682665752549,-0.133959780596362,-0.311834617998281,-0.459714901681682,-0.276343491974734,-0.430851379636905,-0.165860262613065,-0.263655044859116,-0.510938129883691,-0.393850725288559,-0.395586426368512,-0.0159608030478348,-0.057415842816093,-0.34521408047564,-0.122884678883932,-0.350348068026172,-0.308135515002056,-0.237562342052656,-0.148849402649372,-0.388427281412086,-0.392607456423814,-0.293936673081052,0.205348132613822,-0.305365240646008,-0.42256192444586,-0.211296502004965,-0.253985463470906,-0.0046701139906851,-0.0247411361178384,-0.384803380769042,-0.336843544379674,-0.149287809579779,-0.311433702869073,0.278635932586255,-0.42009561623755,-0.414419085367505,-0.161359949802655,-0.276126977642706,-0.313722501075746,-0.384848724450957,-0.300320142279904,-0.0624642560907526,0.165129564566986,-0.0712784985547716,-0.124737729657749,-0.452589703584306,-0.0448821138675446,0.632482582145002,0.436246707751544,0.856439512047428,0.834015055352084,0.362648364665415,0.603599153071955,0.737669043059311,0.855713115052104,0.770704523718105,0.535099461323541,0.893450066493052,0.4733491541097,-0.167122636394159,-0.111240626041802,0.150306674318566,0.0927349736951125,0.0621401719555325,-0.0030917896359739,0.131739640527245,-0.172796101878476,0.422694386356452,0.0629735487668268,0.0401130263626558,0.347671091388837,-0.124940796362531,0.439932831447994,0.304040415657782,0.106776786286173,0.335948160724057,0.0874757124714203,0.0188524524026625,-0.097933146614339,-0.103971756530365,0.18925744298003,-0.156134715302099,0.19039335001946,0.107353258272784,0.0023938674381096,-0.330879899192051,0.109962054091645,-0.146224065428046,-0.241037700817675,0.0716600526919168,0.0286993726829521,-0.220593629390627,-0.360568353366702,-0.243856653034189,-0.460766596100832,-0.173728011520591,-0.417097770983731,-0.390136164564555,-0.100730947874595,0.02157178960967,-0.24463101434379,-0.127182838595467,-0.0694712730437265,-0.442773583213302,-0.289771417678804,-0.278590006524987,-0.155255109677782,-0.100737432330163,0.732227079318029,-0.174126008422109,-0.168486275621466,-0.316139287141489,-0.28486342543988,-0.213065311105693,-0.289457480822807,-0.0199862568471518,0.06547046643271,0.0210516994870905,0.060930692610362,-0.202805690633526,0.251788783436908,-0.504161988474726,0.139392064603753,0.200633428681277,-0.275868172494266,-0.153200498807477,0.0195085056638418,0.262428391684687,0.0476299732463413,-0.130875859641651
0.547079938268015,0.511190938494013,0.0644746737220754,0.804583859900871,1,0.454279333128466,0.56327798401815,0.493467113881475,0.720923804152341,0.623278257785474,0.753249942541141,0.645568941449459,0.585283443147749,-0.203495547695976,-0.17043133528508,0.172634230232439,-0.224291111804776,-0.129130026117458,0.064825548666411,0.229570021069346,-0.073331765617663,0.0410841242938241,-0.0960606819960649,-0.149457280797635,0.538657741130372,-0.228871947470852,-0.544336993135452,-0.0239889666644119,-0.400793802375228,-0.421561101087099,-0.344377952054027,-0.405041231548408,-0.1948714066581,-0.24066011683611,-0.534772362817069,-0.322367349486896,-0.222802803793659,-0.444036825489505,-0.594869873559813,-0.333618630369746,-0.406638241078965,-0.286664170404342,-0.397412103981707,-0.453412721441877,-0.357864947126683,-0.518379219472788,0.0069933267787567,0.0374966954904238,-0.282453123972542,-0.0973664208348422,-0.28170600591018,-0.434010031638215,-0.223466113806632,-0.0570640826371004,-0.389687909066873,-0.373113133458008,-0.228641363835977,0.111032161851156,-0.254031387996107,-0.355042744544937,-0.175791104460433,-0.147126476165343,0.019921438359956,-0.0306124781074499,-0.367146750460151,-0.390526662967471,-0.0903853685065781,-0.159890386120208,0.415653475425289,-0.384212578204653,-0.394577308391931,-0.0756664820386467,-0.198879965575627,-0.208324138747596,-0.318672321176788,-0.299706942441202,-0.0361090229748635,0.322147116813186,-0.0289939001178445,-0.0220074233074894,-0.409657366100409,0.0317797849113731,0.479275571377603,0.415169483735634,0.641510315308718,0.80886855476352,0.324152656030626,0.444995961660721,0.846515414461047,0.76144967305557,0.858128439696687,0.404359889381913,0.847626572494021,0.424108259310481,-0.260909708212841,-0.181800853313211,0.122094747180313,0.117785255348292,-0.0231968093709316,-0.0904676524997021,0.286760731210975,-0.278044484190416,0.339657335678262,0.13377575590649,0.105863189822547,0.39295749305031,-0.157554224651817,0.392118165011691,0.406862091441666,0.0281238336856921,0.412526763498122,-0.0206130187265347,-0.0307502133050549,-0.211333182181838,-0.108979167161919,0.0199964142071254,-0.0927220467760295,0.174864712170787,0.18182508836973,0.196508360536157,-0.409650648331728,0.174629729764217,-0.116747517091537,-0.38426417583576,0.0390447076857002,0.018490030618645,-0.304777266911088,-0.325003257099803,-0.358967301183824,-0.441419801901788,-0.234729395333108,-0.352990397560106,-0.53383064824416,-0.134854966934587,0.139228524159444,-0.0965701848310558,-0.0952289687370884,0.109081638350758,-0.409901762362962,-0.155277523222623,-0.071960834427371,-0.102681315507935,0.0024099609345549,0.585796221029903,-0.152731811766275,-0.102068427078171,-0.130337191957864,-0.262542944861493,-0.123305031784189,-0.247872748926896,0.0307950728990742,0.0633406569845092,0.052705325325088,0.0922205763265691,-0.219891828871445,0.276534707636707,-0.45359903304241,0.265198141963274,0.240639951529039,-0.210315000241342,0.0011724953325088,0.120172042012118,0.421896333079171,0.139406969501857,0.0692447818398995
0.415619644726476,0.716100660621958,-0.0165684411095961,0.578618806474275,0.454279333128466,1,0.183396742957022,0.870635876449662,0.850211324555576,0.55796244352726,0.404165809082871,0.7976041088247,0.613920250182166,-0.331959493935835,-0.262506503693889,-0.13037051668581,-0.341651824611307,-0.122333515070761,-0.0313396379479439,0.159751185158734,-0.125296646188614,0.163153960865296,0.009109129448189,-0.0576356947615522,0.33333188162484,-0.139511763676216,-0.461469294764326,-0.0278189001630525,-0.124501600085887,-0.192842416340499,-0.215537491549019,-0.440098226702425,-0.149138432228118,-0.222404590352695,-0.317034347976438,-0.126574483970222,-0.24708693210607,-0.267970039224842,-0.41586036058021,-0.482250569001341,-0.404918652511255,-0.288884252000108,-0.301801495059648,-0.503958801263443,-0.394983257006432,-0.415980872657405,0.0124451763429353,-0.282324024833011,-0.220267810102793,0.0552291387382637,-0.154498435578256,-0.0848459672833814,0.075542180023797,0.167201154670938,-0.188268123300461,-0.228940435550194,0.0173816390479179,0.000560341952293,-0.275011187777812,-0.24160435237108,-0.131957013877047,-0.261475054762984,-0.165711570686617,-0.29996454809813,-0.369843979095297,-0.201783744102981,0.0207399528955416,-0.10757722075493,0.218699010874012,-0.270188145160471,-0.269859440833225,0.001423423656849,-0.121689523326109,-0.2436548069736,-0.0425348826374905,-0.102054770846772,0.142340335559605,0.130537042268908,0.019698105228874,0.0248374370985199,-0.378466392770434,-0.0769797956328379,0.455342539975543,0.208061964738308,0.540360724207393,0.253806812562526,0.0750146783500458,0.901250111716738,0.348209173638617,0.816092405591793,0.459369634023319,0.0652825669857986,0.638663490128921,0.285702998386264,-0.215683350833326,-0.178190126741296,-0.124252136955674,-0.0048300076289419,-0.249249843976489,-0.187339897814223,0.0628072615294104,-0.391454904281061,0.243620142982179,0.109379676039004,-0.0442925972680766,0.284545310264166,-0.34001001612249,0.296249621573504,0.227850648071507,-0.163086817499492,0.321381988054732,-0.238052273894159,-0.246309209423952,-0.185226754072273,0.0305460071818816,0.0178661233000112,0.0563435499095426,0.270354661046696,0.0284399673270621,0.101756910175612,-0.269258082614996,-0.12938349428315,-0.304303985201229,-0.406794880956063,-0.0515806234651539,-0.125301421755118,-0.449438882337342,-0.183558753992449,-0.433883106558234,-0.442566697326996,-0.32930348169903,-0.396244121181935,-0.435209270716372,0.049730361375997,0.206785799263829,0.0167434823076416,0.124573174947212,0.267098783810412,-0.221615846674491,-0.110235551445399,-0.136602187508936,-0.124181828553314,0.0984833533173041,0.461927286674161,-0.212772293351671,-0.0632755652134343,-0.143499416753558,-0.0716039038602025,-0.0998678689137389,-0.166488810747643,0.0517014903195866,-0.0635272996299411,0.0894179049243903,-0.213370428405201,-0.257999805549709,0.164783779345824,-0.311542982753412,0.0825839966370531,0.102826670631446,-0.1120080620983,-0.0249730563563968,0.154499044448596,0.171056546169768,0.0779812000394638,-0.129839546847428
0.315656578369783,0.29611786429869,0.0758121403784121,0.504103480833334,0.56327798401815,0.183396742957022,1,0.237635200381309,0.339113078804964,0.431956621833652,0.549971177374276,0.419553376036967,0.402285668600628,0.231517348605664,0.257431208751442,0.42742075605065,0.217291668150705,0.0865272977305649,0.360055934505015,0.376165468034883,0.270853118274034,0.125175150975209,-0.0084236008973731,0.0565285477557223,0.572772119097745,-0.0597767910754182,-0.141504864602394,-0.0741499952356276,-0.238130365801328,-0.390948950103827,-0.243815418838323,-0.206795869890127,0.044030682710156,-0.0312544855499859,-0.352151960076952,-0.162443187652921,0.230411012246429,-0.151302022980487,-0.213382963496378,0.0977852619363343,-0.0159798793426478,0.0725309743913513,0.024151905022873,-0.275581511737495,0.102513392263783,-0.0376813452225717,0.268545603051591,0.189104765851553,-0.27900909620211,-0.214949447040641,-0.193476370663977,-0.14238992823026,-0.115162748066807,-0.325801303670659,-0.19103889494492,-0.123007557897241,-0.0573642640089818,0.16122319646149,-0.0916451263625575,-0.115362576465513,-0.116235462767642,0.118644059112021,0.215491930221765,0.365382119577242,-0.0835763777251443,-0.244555946312702,-0.343751313316608,-0.0944107967486521,0.158222521883632,-0.0518233925562091,-0.0912104849770714,-0.0620993028580413,-0.068264836471816,-0.004620973949394,-0.233104899632466,-0.382663788106082,-0.237849721504306,0.0849238470208546,-0.171632344607877,-0.167258579511952,-0.254353382842332,-0.0513591607590998,0.367340149919684,0.196395314819211,0.51359010428685,0.570012127873399,0.496003362674593,0.213177460352772,0.484429325755554,0.392945096379127,0.487118425309026,0.287308051314199,0.538334674838028,0.100396927348383,0.204745567894357,0.304299197547693,0.496386472417596,0.376159213304096,0.377475997640615,0.318425007678051,0.407414705544769,0.0808961419571345,0.327499926655211,0.450516595559806,0.36238506044067,0.380266114617858,0.145665363766171,0.562717687282408,0.213769541478437,0.31314157589575,0.595885759269453,0.0427444419059245,0.177513770970491,0.0710611786621699,-0.209760927818079,-0.05167092887405,-0.302562853897178,-0.191064211129787,0.165908322497484,-0.21140133636665,-0.202572864327935,0.561036649526176,0.389908509852129,0.0472467447556033,0.380772821938579,0.169039635976362,0.20640448563773,-0.0753053349580528,0.0819143665653407,-0.0162045813427065,-0.142899007084223,0.0546895522986492,-0.36922704775228,-0.360889139440274,-0.220188562160525,-0.188103551588148,-0.235040472298246,-0.207970536701734,-0.377260195563652,-0.144624693321663,-0.32352149156667,-0.339997678395188,-0.294401757678033,0.350499479175416,-0.217936039336383,0.0034737555586418,-0.207690940221772,-0.262359406973229,-0.321342139441168,-0.204058992618287,-0.282902300330385,0.043358589160372,-0.106336190478372,0.374245304179821,0.109825330382369,0.521337820436529,-0.196559863568337,0.0389346432690777,0.232455791117723,-0.135545526367286,-0.274818436510479,-0.187231872163056,0.119470916274376,-0.0834374922553399,-0.177359049806534
0.465400434553604,0.82074146215399,0.0329151179715265,0.635118040233535,0.493467113881475,0.870635876449662,0.237635200381309,1,0.851983134717359,0.721416656766135,0.489212506019161,0.869127277124282,0.776668505453006,-0.233259916794091,-0.183534341737619,-0.105417901692698,-0.224926066805872,-0.0135661097048027,0.0076338613596556,0.210934017898131,-0.0231641433277565,0.215580189567468,0.111476097927063,0.0392699829209829,0.345240120935505,-0.214078842639794,-0.493911116829105,-0.191442586465674,-0.139784390220233,-0.227747294384488,-0.342853769445267,-0.417647719122279,-0.0451236845640658,-0.320132577683831,-0.41930105569386,-0.167059248311331,-0.19784328371044,-0.19852602721495,-0.431969487786552,-0.343047500752651,-0.241018866644487,-0.156711908463102,-0.176933633107507,-0.431996033272114,-0.214431353332654,-0.385774476800854,0.170328324559678,-0.263095778444099,-0.42968281438695,-0.184929712270322,-0.311230157604199,-0.0812229182552954,-0.146038024687999,-0.0196086301477308,-0.287146552366698,-0.326278703368494,-0.19454763858984,0.0844852242436127,-0.283484004412486,-0.205093512213999,-0.249628708560355,-0.287128547254314,-0.144332187343113,-0.16481839967609,-0.400877544683633,-0.35166695925588,-0.123192760074545,-0.237813054319431,0.374521745889113,-0.316486351158054,-0.301976441152276,-0.0127305357415916,-0.206177459956832,-0.107549500277874,-0.278743322972253,-0.298320643245485,-0.0440180691225178,0.1858089390654,-0.0880880217034665,-0.107652705922511,-0.472531032397796,-0.0531565890846423,0.56716348619169,0.267896044592371,0.662745213890787,0.368169290512796,0.304511748328587,0.933342330688327,0.418586409760942,0.812398587867285,0.477567205723746,0.231516202173194,0.681732095971501,0.287486916709974,-0.151607690230301,-0.140851398256625,-0.0663283844875079,0.0723277013818935,-0.0766385739403982,-0.0180731038281865,0.0172962997364766,-0.194075636822229,0.399357846152649,0.0131487798024812,0.139054414839539,0.305785636092244,-0.175486981139653,0.411749238662686,0.338392398106057,-0.0547103145988545,0.297572820011739,-0.198008989167205,-0.260571934222474,-0.0352447689657429,-0.0661337804843212,0.159974831954489,-0.0831304635825732,0.129122874225522,0.106085213043119,-0.0918644287940865,-0.33044884585981,-0.0012466107354757,-0.223596184054546,-0.260336447317933,0.121818655100552,0.0298554314039728,-0.272671643284434,-0.0465348205191389,-0.211207327339282,-0.30286805493881,-0.285966072125157,-0.312006736092231,-0.466650361602034,-0.185323157703678,-0.0309389518563974,0.0448655428432825,-0.134662506792708,0.0137744187804824,-0.415042402094044,-0.367555985428935,-0.210497368541189,-0.135902756883579,-0.182527900539518,0.48505631466004,-0.260413254991238,-0.0510623460104184,-0.164951739584456,-0.36361025369592,-0.319770077776107,-0.409104200600817,-0.13316068075978,-0.186873966467886,-0.0970768088022316,-0.0921341836029139,-0.389318655454994,0.255473303541151,-0.394320933309992,0.116428309252636,0.29416273544779,-0.250333869989752,-0.19416805557858,-0.0516122228207633,0.187663240472734,-0.0557502483630991,-0.227677786039267
0.639733407155183,0.805670430420791,0.154267249152316,0.805767580630008,0.720923804152341,0.850211324555576,0.339113078804964,0.851983134717359,1,0.760334466742097,0.691943116831044,0.92659475311491,0.778736249599053,-0.3160194202991,-0.303769640199705,-0.119811736231964,-0.345975693961911,-0.0947695073144277,-0.0786335996425319,0.197897100620685,-0.107939716206034,0.205367918571093,0.0403136812134728,-0.0499443534317901,0.37862040184524,-0.187805142258738,-0.561876095637638,-0.0606224056250798,-0.241491056779848,-0.306423330813105,-0.387212955467199,-0.43542311341819,-0.15387920961082,-0.288784480935321,-0.490114743379052,-0.20423007125912,-0.336825902100138,-0.319091388560285,-0.536065355711286,-0.485596702884689,-0.414844421702458,-0.298596827425945,-0.347174284756546,-0.566286422339478,-0.403167722818354,-0.509339518770576,0.0229515397497651,-0.194529738128207,-0.360565967846994,-0.120906442376006,-0.322965111211848,-0.234152580529358,-0.10479382839252,0.0335275163762634,-0.390098305078483,-0.387189658139146,-0.108671565438957,0.142341051637692,-0.325942034416412,-0.293921056047242,-0.229091543740681,-0.348438846223773,-0.168804279011242,-0.258150412414891,-0.468126231065431,-0.357150467960814,-0.117428374973198,-0.176735976872554,0.337403192266098,-0.387303980105947,-0.403450921824543,-0.0589761839530834,-0.226460786520793,-0.251214621589892,-0.262699020098623,-0.292959837188411,-0.0263610292910753,0.223741731037712,-0.105872265011255,-0.089955078236273,-0.522373203584932,0.0276341921999129,0.648319485438417,0.410602336480293,0.752547779380047,0.534464039676887,0.284793580568222,0.867728466473656,0.683325638805831,0.959006899991806,0.762137795168745,0.361909807544171,0.857372500954653,0.476540825242129,-0.277597110128878,-0.269740148879145,-0.123798129565716,-0.0339560717403054,-0.184700530818059,-0.169634224515371,0.0752879781694602,-0.324877513834355,0.389846060559116,0.0643747790475914,0.0157418034918245,0.283730684571227,-0.26738082267467,0.346003919615481,0.367705932955057,-0.100551666006365,0.296456553251618,-0.110797037374906,-0.190317581000859,-0.141153549187726,-0.0833824488251185,0.119185194827519,-0.055545905231228,0.237592378176757,0.224628477873813,0.0408840528349662,-0.345588469970878,-0.0981902803947124,-0.32332398780319,-0.385839255710321,0.0502874601726464,-0.0664079920598719,-0.448267578388073,-0.194686868364128,-0.391272347088089,-0.463324459965782,-0.237896637368246,-0.453232824200697,-0.532862706917609,-0.186820302727724,0.0356335256128209,-0.0130548858340272,-0.108452577112534,0.0706956066033279,-0.418109928433901,-0.296041495842057,-0.25651780849985,-0.167051151637451,-0.114466048943822,0.637342449706405,-0.233600532904499,-0.185225384026035,-0.221116048813189,-0.303238344488947,-0.261791046396381,-0.371364386093887,-0.101239880689108,-0.0814018445500419,-0.052074276921946,-0.115997500561945,-0.337052907778728,0.192221916933594,-0.450311442398474,0.122037420703459,0.196390076978658,-0.260602660872444,-0.15654940286162,0.0101833715840153,0.29152139366084,-0.0429531999610163,-0.140469079186935
0.824851740108365,0.847855478649097,0.315875113228331,0.801662543261901,0.623278257785474,0.55796244352726,0.431956621833652,0.721416656766135,0.760334466742097,1,0.730136198497066,0.797046648956246,0.896484541545818,-0.146234650317983,-0.134580094300135,-0.0749880064341308,-0.169445586600819,-0.121104852727948,-0.0475199162057453,0.104660621665273,-0.175080036725195,0.0211042807504353,-0.0877495864208262,-0.183423744194077,0.271098218652669,-0.0125826039920512,-0.413225653453571,-0.0158551034460802,-0.292139185743873,-0.298700827617201,-0.373610877412217,-0.261230790824271,-0.229066097048227,-0.305364313368045,-0.466922460304753,-0.28816339268356,-0.127665983908169,-0.295694052701,-0.393890927146572,-0.284959166664431,-0.224948431324334,-0.145517072678564,-0.253142214891401,-0.345519263540498,-0.349989029403453,-0.365432762795286,-0.0463440037766453,-0.231934292725106,-0.33812305537843,-0.216050018140605,-0.268899977431807,-0.228616614463887,-0.30592702005111,-0.110776093925166,-0.378528456009545,-0.348471299739077,-0.249326773256186,0.285691408152002,-0.367032862131895,-0.268137647105864,-0.318661749250688,-0.296238078253661,-0.0860652336815586,0.0224122025057436,-0.404256624112416,-0.413778141960561,-0.115859072083871,-0.399911181328704,0.313293802317373,-0.492515364609759,-0.435371473163713,-0.153956332176934,-0.358913537555356,-0.174242984171631,-0.432292993006978,-0.244724672825665,-0.0590659671809126,0.233029478072157,-0.216201797187724,-0.164762043148369,-0.379517394832291,0.232071069091634,0.765743074402973,0.622442418098897,0.884213118378398,0.619901408884311,0.465214148615162,0.64852007727855,0.611504061906225,0.747001588578266,0.704585832045968,0.633092812215436,0.756071910091867,0.643151391176448,-0.103785536021076,-0.113691706203844,-0.0087769615755356,0.0062328877755257,0.0250037335364963,-0.0195606270732629,0.0160746585237373,-0.183501635432343,0.429281063306588,0.0385353433589503,-0.0266738097052352,0.310418717918549,-0.0694695981294169,0.366970244972944,0.259386667418874,0.0190351847645509,0.193993716741286,0.0926721702811261,-0.152211298021995,-0.0293103484822063,-0.0217065909167155,0.216216496320623,-0.0506941079327027,0.294748433539832,0.196388115892723,0.0371288923568829,-0.287820170890013,-0.0270789402345222,-0.174794708430454,-0.252037331581064,0.0651911566673372,0.161303164658592,-0.224227085149827,-0.136987679959337,-0.207665417996669,-0.393111119139889,0.0253634480179381,-0.476178709143937,-0.306808793612729,-0.138042665699652,-0.0644476543160309,-0.0702017731127024,-0.316012298505052,-0.143351903052626,-0.552912281741459,-0.318931171416588,-0.219630782748235,0.0364089874554776,-0.18047871252339,0.56469349418645,-0.285269737907309,-0.0878848425210105,-0.273886250889878,-0.460189739953909,-0.285472753127111,-0.429989263518784,-0.0893615447228246,-0.182578797890786,-0.136049052482689,0.0400570830160755,-0.395890114544556,0.193869470009608,-0.56962196592403,0.121530882247327,0.418573424657802,-0.400297195737306,-0.10175883027455,-0.0535622465246338,0.370825961348807,-0.0683107614624457,-0.0036583969263112
0.743816282510454,0.586625409813338,0.207562608316272,0.825697685411771,0.753249942541141,0.404165809082871,0.549971177374276,0.489212506019161,0.691943116831044,0.730136198497066,1,0.663491718191737,0.693402798525623,-0.189282583905845,-0.304047564881097,-0.0773402802009608,-0.221474119962768,-0.252490585095386,-0.0708680729524423,-0.065213898405443,-0.180974528505595,-0.146352636036141,-0.232274089338265,-0.227263056426598,0.275078848608203,0.0175893122466139,-0.32638781139303,0.172589423477436,-0.305887495488343,-0.298870278244043,-0.142835481737045,-0.117236704106651,-0.258234919267132,-0.11141929138079,-0.377744810361967,-0.234875151856603,-0.173181285540788,-0.304951585560726,-0.30661565916946,-0.301853908715517,-0.160546671616761,-0.229436934370929,-0.215030965752242,-0.244305463829663,-0.250020518300676,-0.300607124613785,-0.177877846931951,0.170964080593853,-0.16946047128444,0.0117309394100622,-0.142523105663548,-0.210755983101235,-0.232305473045636,-0.133213318411031,-0.198574889573048,-0.133036168632051,-0.0125338111669945,0.566915505429657,0.0324980200004472,-0.213067084386169,-0.272415955505979,-0.090652455008024,0.111568430569485,0.148851362535098,-0.156671777421633,-0.355080000298199,-0.103336093635418,-0.166044284471633,0.247449560738431,-0.339436083719183,-0.256482395167938,-0.161068434229458,-0.265832904063872,-0.0643211701382325,-0.338746188589781,-0.233433615885732,-0.0350084438115794,0.38461461715421,0.0279295918913056,0.0019111041965814,-0.131661967941007,0.169904017664673,0.620986202371459,0.564915736603975,0.778932565364278,0.791027779289306,0.434720402835115,0.457276488250393,0.769562320647124,0.755193490725191,0.819993070526387,0.615465113425757,0.833566953489314,0.502953336809628,-0.273882371697751,-0.258664126735247,0.0078658532143726,-0.0925648892839163,0.0085608047443842,-0.0771467183545661,0.16011651776399,-0.162162745029747,0.452604393158301,0.115236981893024,-0.0593859408153031,0.321568809656074,0.024150671748959,0.433905663275195,0.263575608692501,0.151285991898815,0.256834388106966,0.206858417933074,0.0143407370434235,-0.0482704992801423,0.0147293133804298,0.138567711987691,-0.136332268557892,0.173378094916248,0.158753221987776,-0.0991914026703349,-0.124252088740988,0.243742297995025,0.0280680336283533,-0.209999255509323,0.0907569873079809,0.007360896700493,-0.201046459449547,-0.0638485743534443,-0.197755823998404,-0.270505893009217,0.058020017943348,-0.330292591574382,-0.282524819872392,-0.29035039721316,-0.135047267969286,0.0062777740301458,-0.387845501497455,-0.296503128180089,-0.351676931665341,-0.128179963823854,-0.391708763172489,-0.0610198387071852,-0.204844878718793,0.783950323841084,0.0445307026993608,-0.0242082523874496,-0.182848463485244,-0.37924049975292,-0.385111269533322,-0.356905375436608,-0.277461138278419,-0.0679279598262777,-0.269388935282495,0.114087585307247,-0.189802456332231,0.200370547284083,-0.356340324135065,0.0549725967446256,0.323640634110331,-0.380462477822242,-0.299798104014768,-0.257469014288898,0.318897316350052,-0.0698861562996812,0.0121906379754822
0.604237192165853,0.851677895929256,0.187073879706349,0.797309598264455,0.645568941449459,0.7976041088247,0.419553376036967,0.869127277124282,0.92659475311491,0.797046648956246,0.663491718191737,1,0.869906758765736,-0.159209281686815,-0.176434101008717,0.0088743706068125,-0.232092589563674,-0.0142946901158836,-0.0077301366756773,0.194471927476284,-0.0067036957825645,0.253901141710091,0.101685894609587,-0.0004701761256483,0.450312610388657,-0.170491918362606,-0.523490567489252,-0.097495618973863,-0.22395141884774,-0.278968781896425,-0.363112471248445,-0.40444354090888,-0.0809985538848126,-0.341190356743558,-0.470326427367164,-0.191619301180495,-0.230789473300412,-0.26804272900932,-0.494426468500001,-0.335911251192251,-0.313674235924092,-0.168859745972836,-0.247526057145181,-0.537160013417813,-0.290863963095183,-0.439627209309372,0.104365044774105,-0.215299575031646,-0.444396180308023,-0.188440641280211,-0.282598896453355,-0.174799215559897,-0.176981606663873,-0.0398709648813806,-0.361670294868532,-0.353070770103594,-0.148095753069032,0.186859554044193,-0.324209008018507,-0.242649683618271,-0.307719701228407,-0.345826072548149,-0.116977053775228,-0.191028687343476,-0.531795381121224,-0.438996772569185,-0.236930387740055,-0.237824876242183,0.359746911219221,-0.386685538792444,-0.365508718519389,-0.110989223910591,-0.291744054472762,-0.194037485935749,-0.340821384301741,-0.350587772725483,-0.0394210785886567,0.189550454803741,-0.160677779447476,-0.0746346052648272,-0.540534393574116,-0.0036991157493455,0.708785985976616,0.396381297384334,0.815768379129735,0.530801458875711,0.399601938521336,0.8925294192193,0.607025589984824,0.913364900999625,0.663547694685356,0.409260611373282,0.865962680319868,0.479708965583038,-0.101650767913485,-0.14755831041356,0.0481565272857065,0.118068779768935,-0.0622255806421338,0.0083563722028889,0.0995370348426324,-0.202854753751752,0.471513027810672,0.0173170070131849,0.108281471129723,0.336973554617063,-0.19302848190091,0.464804724984724,0.423019216421967,0.0352543550272499,0.332813177980856,-0.0414589038670589,-0.238196674404273,-0.0128260653340488,0.0069799829495671,0.240689659707043,-0.0498890019284105,0.235685084948809,0.227813298284843,-0.0270882326228873,-0.283009138090238,-0.0221797148098014,-0.245580699550554,-0.267745349548283,0.114395615943289,0.0631540682534737,-0.253916261846575,-0.0825537194688348,-0.220098454981334,-0.355489876450626,-0.214277336321791,-0.379255876591581,-0.469995232911739,-0.212622658021367,-0.0034826569218224,0.0350920502485601,-0.183908772752143,0.0023624779362832,-0.459282043883212,-0.33880280308005,-0.259888093638798,-0.10905949341212,-0.191315818281993,0.686007791652555,-0.213284736444766,-0.150875418673818,-0.183009663362941,-0.423415913953576,-0.348626611549341,-0.475981820635275,-0.167502296185949,-0.151371236372386,-0.128886045760251,-0.0269132758437021,-0.411640762263024,0.267479351470665,-0.477721934478548,0.105981843846574,0.272779003655353,-0.334557954397064,-0.190277847365564,-0.0695307809594402,0.265890493129615,-0.0537828371934062,-0.158114604389591
0.74441364938586,0.843714228514049,0.279100986328587,0.779142231313577,0.585283443147749,0.613920250182166,0.402285668600628,0.776668505453006,0.778736249599053,0.896484541545818,0.693402798525623,0.869906758765736,1,-0.188561682067359,-0.167612296133723,-0.0460773157416598,-0.215629470638184,-0.09235096767856,-0.0783098430176016,0.0840269778845946,-0.0602169462646512,0.136745177181059,0.0010692735895131,-0.0606989669936986,0.368463204581691,-0.0321604009606279,-0.452058736094833,-0.0256892790675629,-0.267312364033822,-0.252644562110038,-0.329363337185092,-0.279028687768436,-0.139389806679173,-0.231581142608795,-0.426927492268682,-0.239540705843327,-0.192507716403805,-0.290070262712651,-0.442762458205231,-0.303930736916013,-0.250020367169108,-0.147793708679109,-0.260394144064857,-0.390869016421152,-0.28345335088113,-0.410588142950609,0.0218700503507178,-0.17318807531053,-0.442049888044465,-0.155499265944055,-0.236243891078986,-0.175344911079112,-0.32468290175115,-0.169717101111824,-0.324155734648747,-0.293473376128952,-0.171153735888682,0.280076207134208,-0.292675719705105,-0.251844925896581,-0.341660503359438,-0.265300612266641,-0.0337520147277455,-0.0324289244880276,-0.434201329788342,-0.495705009382339,-0.1554496886492,-0.43541717463441,0.336117741150755,-0.472059818016091,-0.384631188831176,-0.200173874316464,-0.343216192688676,-0.180257117365111,-0.470010011821701,-0.294089356320802,0.03482517626885,0.294558009557621,-0.156185829672955,-0.0542742767511364,-0.427125948626629,0.125034878395959,0.788606429420774,0.579471828501718,0.86958829212746,0.590066190782539,0.486317421268617,0.725149817022177,0.580829034332235,0.786413912384137,0.645865847348593,0.620315309861188,0.765537307990028,0.606207026122224,-0.0985529740483471,-0.153020016797868,-8.64659547597755e-05,0.0012187984276111,-0.0286675719169334,0.0451989657340284,0.0176889796080326,-0.150112085956895,0.433529866365547,0.0219946641744355,0.0327245751710459,0.360569182747218,-0.0672693817220159,0.424820975594287,0.391422862252248,0.106697440162142,0.232790311912139,0.0899580898499999,-0.227538624643451,-0.0099011802366224,0.0191365589775923,0.260407235222328,-0.0741068863169422,0.329872354291439,0.215399658935201,0.0087043389463839,-0.290420743753828,0.0154573451616516,-0.220461287089088,-0.256478789059892,0.0659838748864248,0.137594240666523,-0.248939571895864,-0.0952856240292925,-0.18426401847887,-0.316829847131251,-0.0616936107909037,-0.379492424728797,-0.361327514646462,-0.185250282079926,-0.0346354560989614,-0.0407826070730223,-0.294519632279962,-0.124503480471544,-0.558318346896022,-0.35112489775156,-0.256726100057111,-0.0228085604033365,-0.219691662437346,0.599171805197823,-0.233017307950727,-0.108906305020593,-0.241254343740916,-0.525634607319046,-0.304275640093037,-0.518718538067627,-0.150738779445098,-0.169959144478571,-0.133215039088061,0.0775689706499175,-0.455013188893939,0.249256107420705,-0.57050485689797,0.0868291583857704,0.374584101072259,-0.417807772559347,-0.136345488623346,-0.0769324344480684,0.302538989748986,-0.0435708158697012,-0.106280992683177
