1,0.678605154376822,0.453210663716829,0.66866725552889,0.763657482751443,0.433105430974986,0.3277084513064,0.534407145964305,0.738031777319493,0.739554865399487,0.700539604660007,0.718599220214076,0.830636992398283,0.165668464003264,0.325652533713028,0.492724884241332,0.496799848268131,0.362682889836372,0.531582605216061,0.696866391037872,0.48989042914376,0.733755049114165,0.269313000239924,0.240431780388226,0.535404966370024,0.246555021376614,-0.0547235891467403,0.257564333668861,0.480961250296064,0.361936057249112,0.0449717079613721,-0.131574499005798,0.0926953572437484,-0.128092690136842,-0.175520635269511,0.0337530797135252,0.178813483497584,0.292929038585404,0.0509377186676752,0.219651754331624,-0.293128017200363,0.201820666758686,-0.218547772766873,-0.560360818943889,0.0386810275653318,0.115861768644802,0.150345642000008,0.00649320631606,-0.487935018119776,-0.375364892327204,0.0452268721381405,0.0825696942388678,-0.059485233957706,-0.280786432104295,0.174762601296751,-0.270081384913561,-0.0276830201764812,-0.259083443578508,-0.409163297014757,-0.002362262449468,-0.474330982585646,-0.360756826357452,-0.564130067853688,-0.306377456726505,-0.366605575473586,-0.500704732101133,-0.459943847596574,-0.399928115579169,-0.284386032479777,-0.489013916971384,-0.451408691469163,-0.511893469721421,-0.485801655705462,-0.384385117684985,-0.194457547793353,-0.164644600331912,-0.315236729724955,0.141162732997235,-0.386179168926573,-0.546648462130447,-0.567549731877527,0.201962870437558,0.143860514275318,0.341525705680565,0.558490348929471,0.740885981745951,0.597708775986585,0.226624906503815,0.776950736809125,0.634637187760635,0.729865608327625,0.517386600756123,0.710854434916787,0.746136464687535,0.395278118066335,0.44930603576331,0.64200774267546,0.535808842230342,0.537756905659196,0.402095692946518,0.406113180016212,-0.0065590447081535,0.452430192643238,0.637528392627795,0.47827123497001,0.612473032214894,0.416562143533914,0.649142117845059,0.455979473927054,0.486312242230287,0.53032661513016,0.0471631457326121,-0.186766206797101,0.236665062455982,-0.0870127067700233,0.233386526080925,-0.0463143043038173,0.0445243411565454,0.307393295707375,-0.180035388945107,0.364684467090598,-0.192619539769721,-0.0003608819060863,0.132541526276607,0.404691804160004,0.308925696516221,0.461451478295418,-0.267533602995514,0.201595172161534,0.176608687807184,-0.0916598008627792,-0.0786381715952956,-0.0452017202275194,-0.0365570762632417,-0.425036301583698,-0.395858990388869,0.249835051841229,-0.579691506693624,0.245126551671653,-0.0791151736768508,-0.118761385651923,-0.101782197407004,-0.124596729851019,-0.0446585471055075,-0.400161157449404,0.0131136374216423,-0.475929131417655,-0.300975788996855,-0.298926820564658,-0.581316211496391,-0.389537479779528,-0.439881741457,-0.545346643632983,-0.0018985363809404,-0.430153401670897,0.0496463321116046,-0.27531993626211,-0.487954135809413,-0.160172565733897,-0.357706540038891,-0.566277408590228,-0.330590464805311,0.248934927420144,-0.485727105919331,-0.386610140124922
0.678605154376822,1,0.397182854582913,0.887675876932062,0.563670425587243,0.418340844932516,0.454828439764129,0.615341530110317,0.755657535688671,0.866911888560373,0.776212512185564,0.872389503793587,0.794135155628442,0.241277507813511,0.34495210696545,0.515434534924214,0.538736387068269,0.437534049773642,0.545843663464299,0.605947133413813,0.619720305778921,0.700048368287865,0.279624512508386,0.158256986174863,0.584512375095403,0.240040681305715,-0.101035939842356,-0.0691004236693556,0.380852960720854,0.393674721463281,-0.165669114869046,-0.490337791933779,0.0913694928704244,-0.277207028670713,-0.31722075806967,0.003309185057329,0.272528128863857,0.318305907542929,0.108474985721788,0.25596717170747,-0.210221641797606,0.28767250287658,-0.124373416592205,-0.391267759752536,0.0365611107285151,0.0254788826573819,0.232985387102274,0.0683893766321215,-0.293176657633655,-0.449829802384599,-0.0431893004825444,0.03173847449111,0.211570453028292,-0.284282799566635,0.143523608551646,-0.27906811030236,-0.0653018266805769,-0.361796860627229,-0.497742704905189,-0.242448989754662,-0.353364559346414,-0.243924662114883,-0.423745014252831,-0.147885306400123,-0.365488211183402,-0.346229046555829,-0.439565758986691,-0.239902133977709,-0.344997809799804,-0.295409024521289,-0.181564725880838,-0.450142059669238,-0.378630628944823,-0.29852353635433,0.0785183820535796,-0.101449984946332,-0.344298467400182,-0.292192685165792,-0.379695017218941,-0.572289831885191,-0.594233638701995,-0.25231161298165,0.0032106070389972,-0.154820389766733,0.883311816103186,0.895492100965593,0.794210114791785,0.143039217523363,0.774135094180011,0.621494827440373,0.745443129003648,0.817138849650955,0.870121367804306,0.469921906960804,0.335309334073763,0.440648924735482,0.658342726629389,0.436892108943525,0.687543007667739,0.374547586753994,0.449776358673453,0.165819334048831,0.409795520643024,0.603037187965417,0.54985081024439,0.595731064412939,0.623181929971451,0.7437852696151,0.341010749751687,0.625814810845563,0.532063754133798,-0.0636051914220416,-0.149019903295111,0.30609297185409,-0.324509405404273,0.226980505212176,-0.225219389040861,-0.343216820688151,0.243893237487055,-0.379066081379387,0.260269458904755,-0.0271683579004117,0.0457684427971403,0.223583214769477,0.513588134517597,0.303387157340275,0.464740767477974,-0.169839621044489,0.193835279779729,0.237504795749257,-0.332825938649469,-0.0818862501698958,-0.0662459926810063,-0.153942060460182,-0.658661062235073,-0.281807843184393,0.319343442873659,-0.445560366326114,0.184557840649632,-0.0555816085563057,-0.213263395147739,-0.189336152822107,-0.0499183844454356,-0.157752449207605,-0.526463755047497,-0.248037797682649,-0.42848745595951,-0.137151745404859,-0.598082002092194,-0.463696489464757,-0.438365465952575,-0.251999515730846,-0.436665356681964,0.0455516382777942,-0.301168776807591,0.136565022278418,-0.0671119288433718,-0.493080247220575,-0.194281123801122,-0.275065165941335,-0.560111992192023,-0.310666534712754,-0.185363520427565,-0.508004917888764,-0.586764618734853
0.453210663716829,0.397182854582913,1,0.47058745507785,0.296511015812011,0.154631947877278,0.663490852876887,0.297845330733983,0.380512109439452,0.417459863918282,0.489425224563421,0.466537738833161,0.42773723892514,0.301501732125143,0.282864692551867,0.484923319413967,0.534803876003332,0.466906862272937,0.232931832534501,0.473521798060225,0.45915487747008,0.373562246904023,0.40449071099398,0.372044041264692,0.379868199617437,0.762059649233923,0.491258076567213,0.38673668784926,0.788890842878777,0.605894169682603,0.23021462645446,-0.156928751709454,0.146455107929725,-0.0197870636782289,-0.275607985929549,0.50749276498936,0.186753404602079,0.655090578628765,0.403633448146562,0.649816232149906,-0.0218797905611154,0.485467767299546,-0.0376520533643524,-0.678705180136464,0.245314757728875,0.33970824722981,0.219999902766398,0.0252948061268181,-0.608168715731048,-0.47186273650179,0.177229907994496,0.244411084550429,-0.211343409997891,-0.514974507697619,0.366880839128703,0.191903179556881,0.0147032694316711,-0.209778296182819,-0.296596463339812,0.380576169564477,-0.469702446975812,-0.345433098878074,-0.534132901998281,-0.285290291165431,-0.123624513066533,-0.364278809637194,-0.582022830532522,-0.311563355787068,-0.313680330989944,-0.211767943642479,-0.26138539759258,-0.417032787094189,-0.39818172267367,-0.266878445003083,-0.310483378707357,-0.402896790448554,-0.351392146251089,-0.0625795505369979,-0.305500818486465,-0.459308534130669,-0.407739213278797,-0.121738422126998,0.375111636844342,0.0524184666587163,0.432814465658927,0.452030882811745,0.587303325895992,-0.106095557387175,0.406706347367479,0.290327805764836,0.314540485399661,0.422083752721145,0.432141204913801,0.563230684393194,0.430715722271606,0.262183961792194,0.650985452935327,0.449472260118476,0.336151799536595,0.488681700312526,0.194961107873238,0.322835320353716,0.568760337531947,0.247574009426812,0.375332616151975,0.394369024060483,0.505689928107935,0.539610018689813,0.41063361869044,0.427472558795652,0.213253256436879,0.618986009957382,0.231669822501799,0.460865367963684,0.257326962739259,0.556023710946769,0.0985792664224878,0.228734198387671,0.309795143804701,-0.288287135337619,0.569652106849521,-0.141040564545641,-0.0694061642803888,0.463520800629894,0.0263662126545042,0.568590427379885,0.628550316622449,0.0376572818063062,0.426481119622137,0.3699895192112,0.149446943116201,-0.289862049390103,0.384991922145743,0.1701674681304,-0.424786865536326,-0.420335635289569,0.166447451763953,-0.655947420502285,0.353585919158239,-0.0563781016038427,-0.343920384101204,-0.25465175006776,-0.455032166714988,-0.151154024591276,-0.25982344809556,0.339037116118147,-0.410813991988518,-0.422152485945257,-0.357132224325495,-0.555989175377751,-0.621453007357285,-0.432553637200133,-0.617866450986875,-0.0367556079985969,-0.549674309149947,-0.140392434680305,-0.209315612831286,-0.350793026822204,0.0607929872329193,-0.286977533747877,-0.543309662707962,-0.389573746694221,-0.0778732229498912,-0.484785076704201,-0.336911849776595
0.66866725552889,0.887675876932062,0.47058745507785,1,0.606674682000511,0.456950684935752,0.570022729916736,0.577190779157067,0.864010455507019,0.880132249597245,0.910565391379675,0.945333288679496,0.792117985905563,0.197000813428736,0.279111877916394,0.518595546047513,0.571478243696171,0.487687142496849,0.570845140731804,0.557695349871366,0.640513998440143,0.683381271372305,0.456767975586487,0.250315487315049,0.584531273111195,0.292676517266759,-0.105685537737408,-0.040689335713677,0.443371077142818,0.476484222128549,-0.100123984521854,-0.430468880985257,0.146281034114187,-0.162455409092983,-0.32866577781144,0.043662116765351,0.189966805553999,0.33597622402073,0.0892817735855094,0.240575089739851,-0.170636704485203,0.293721059939519,-0.119567365348357,-0.401162197610962,0.0581127814163414,-0.0210370191391056,0.163235983711443,0.0888656892314404,-0.319535442635196,-0.495297325536849,-0.0963561101712151,-0.102155268287174,0.194825894196732,-0.307970760716335,0.0122436876275685,-0.317047800009919,-0.165332919981369,-0.398725404140239,-0.568437160737297,-0.261745179097542,-0.27436524759558,-0.184342337758243,-0.386535745749006,-0.134509053550977,-0.315528905700505,-0.339292482826371,-0.468760877872857,-0.169725553596162,-0.388072809497957,-0.224262762248046,-0.156289120672802,-0.407340334899964,-0.323016122822528,-0.280709957600729,0.0083756343029116,-0.158916588256802,-0.349087764891944,-0.301429280883933,-0.372775856009748,-0.596639042876793,-0.565624144019235,-0.365667554982387,-0.0145409227441138,-0.187704634008269,0.900109583444131,0.956585913618266,0.874099323103254,0.164142887115492,0.842831899086587,0.745526821272072,0.852994343770292,0.846540241287099,0.952749172147211,0.49970896539917,0.334065319709861,0.410622007865963,0.741425724933499,0.530504653414868,0.608330641502145,0.468333715309067,0.484094987003999,0.194113158823094,0.529929890406024,0.542757935433371,0.610689584223955,0.629661926498613,0.656934674418455,0.747749579556839,0.420958091107248,0.569506866290187,0.505572452346918,-0.0164442728468959,-0.0659044495854248,0.345321151476109,-0.324628878817212,0.347469696046686,-0.232860645784678,-0.333647997362633,0.270168912576307,-0.394650997479009,0.284734940056527,-0.0351976698025318,0.0372318597807734,0.272156576415467,0.498143781516079,0.310167586006296,0.497639335287726,-0.171893590354433,0.278218857037417,0.324039192420898,-0.324854762994297,-0.0622905955376067,-0.0503129445130525,-0.217984390394409,-0.724330367142222,-0.225649156046728,0.16210364897487,-0.448187521895757,0.0926586110419512,-0.110517483644996,-0.322176974003291,-0.263586906542861,-0.130251656582167,-0.201841746884299,-0.61689339735171,-0.220665002872612,-0.424962443078593,-0.232106910722113,-0.604937764988256,-0.501527295867335,-0.517902019906951,-0.197796569870246,-0.518178233394765,0.0672914361907074,-0.277323406949471,0.129253037360162,-0.0269451908567475,-0.451298811912252,-0.171524821379146,-0.196205667502024,-0.562923468588351,-0.402454517534457,-0.189908069283034,-0.531010599152722,-0.582492381499128
0.763657482751443,0.563670425587243,0.296511015812011,0.606674682000511,1,0.526230214937676,0.243021102345656,0.453748193832655,0.725674598989371,0.659519358756608,0.634033517524434,0.680278138942211,0.674698098705431,-0.127146026773719,0.0458090989944608,0.258689092482185,0.323788484469365,0.309931342385976,0.545475758684378,0.489185913114023,0.354555902390847,0.711303949251364,0.308991412854447,0.0189068463179909,0.565047313535698,0.110045581011406,-0.238969850872545,0.0925036117767235,0.349972015370987,0.346645283556662,-0.0370099334786572,-0.176123311223311,-0.175044595886978,-0.267389140090183,-0.16124982435831,-0.219716821608783,-0.117216204220045,0.0358790865313695,-0.221263440058143,-0.0364503691513509,-0.395682749517733,-0.009437188710552,-0.411796987847997,-0.36321963182159,-0.22151369863939,-0.124486905061494,-0.0620455229010723,0.053860928904045,-0.440031962872962,-0.393759424699842,-0.0375933118729974,-0.106893097986199,-0.0228736800001181,-0.256911584924558,-0.0891400582500811,-0.421787265418328,-0.158780303345393,-0.285742839313548,-0.480194456670978,-0.126451165879234,-0.270977740643307,-0.348992126586013,-0.451920714276996,-0.443265712479444,-0.407929193644687,-0.529117818238614,-0.192751536200717,-0.233923947889282,-0.0718492389974447,-0.400394296020693,-0.395889821715846,-0.292442198598794,-0.231186234932297,-0.26820362555941,-0.0690457228540902,-0.146191473673384,-0.213927888396389,0.326707313343085,-0.170468728182242,-0.382288443336332,-0.474791756753514,0.311705118970644,0.18086253463332,0.370968241372126,0.485646788758648,0.656417985048121,0.587437718703684,0.488314431395759,0.863584234325814,0.714440775761523,0.729298668223297,0.436468149658708,0.655443894679952,0.675510580408731,0.357978434175908,0.251509037236706,0.578740776920336,0.577712104407798,0.423868985963284,0.375443106188263,0.43429019097838,-0.186589657850301,0.433915572068354,0.554160207224719,0.46630660419985,0.628156048089772,0.44165209781334,0.582816832201773,0.421717028674443,0.471738268752032,0.57262814440755,-0.0779023119642268,-0.253813687821757,0.147816022273525,-0.261802753057579,0.24738728168022,-0.221710802153831,-0.0787295542521002,0.093021904624879,-0.0797286713077292,0.10657520618203,-0.331038513778343,-0.136252461874995,-0.0621703374850811,0.478340960323655,0.225913005311167,0.330603537550482,-0.393736982767902,-0.0007789793518837,0.0051390390339093,-0.16115228587832,-0.131723148653388,-0.273854184692472,-0.241960477452669,-0.390302426566011,-0.254767649942426,0.0550853979400703,-0.39987791245646,0.0533366616928748,-0.272785231730326,-0.159495356914642,-0.221066305283745,-0.214528531074716,-0.0664578199400718,-0.42475989016761,-0.0141626848239619,-0.300855254147604,-0.296477171586675,-0.170300989593009,-0.512253659195634,-0.274567556743968,-0.293486598363287,-0.369895014379457,-0.0474483200558582,-0.388888289251,0.0595812821546128,-0.378143683237331,-0.263367722140116,-0.102384828940564,-0.154153927583044,-0.419425341708903,-0.252420400651778,0.41480961197522,-0.329919062527613,-0.334296461702767
0.433105430974986,0.418340844932516,0.154631947877278,0.456950684935752,0.526230214937676,1,0.0009793502216483,0.588170598940935,0.701209376619475,0.462040490971579,0.421311805750621,0.535534414587551,0.475509238165681,-0.264892709612241,0.0190399065269703,0.0150103143066949,0.0038479293242445,0.0644561082899347,0.366606652313602,0.435626162423822,-0.039427354179714,0.411383171090125,0.179934963113838,-0.231325144206294,0.0689512859352261,-0.0066204327147146,-0.305285989907149,-0.014813524156207,0.192055973571685,0.135098879086488,-0.0773037324884782,-0.325628053277202,-0.306318055825992,-0.275197519202807,-0.16570449372502,-0.260032379152544,-0.135635794797107,-0.020955719724049,-0.412407791671462,-0.282283646834397,-0.548210834811085,-0.271187225295449,-0.524002998618721,-0.164733609087155,-0.475839351794616,-0.458768009600675,-0.211670404524166,-0.297536271270641,-0.238021723028025,-0.134023260257536,0.102412353359355,-0.209769475660823,0.25488532188029,-0.306907292001583,-0.088778959616603,-0.328570726352312,0.170408712804512,-0.409926869376144,-0.554080195593361,-0.199324752574856,-0.110964368481047,-0.327513139529977,-0.291026846089318,-0.470798473230592,-0.551808271179216,-0.57725476975312,0.119792345490528,-0.205163558785655,-0.0947553672934095,-0.429902994850088,-0.33555925952724,-0.221817090360363,-0.101125634157506,-0.346577117705248,0.324739553508821,0.186887401776845,-0.168142925656651,0.0615382521169331,-0.0153616981962694,-0.224326041270111,-0.395417156137438,0.0155817339775578,-0.229827527771464,0.0895118035747154,0.252673105991225,0.467534161757925,0.371149196967357,0.78327700745116,0.583488885191029,0.811932093354911,0.595170909641761,0.292124797684112,0.498610727223769,0.284183890775976,0.130423496953217,0.213433316462264,0.311829219301039,0.19674474293644,0.175917573805455,0.229067272411242,0.260338938736457,-0.442643415918764,0.294679322275733,0.372645227724247,0.140255599762821,0.363085838330165,0.249231832302859,0.219623310627409,0.18153376469463,0.094949690156198,0.188690810966413,-0.151680570612695,-0.421009621937952,0.134594298292849,-0.10423263321995,0.286713240415084,-0.37463132626635,0.005846322067374,-0.0700469789909815,0.125479370972744,0.0456149202493083,-0.518654656429813,-0.417098976760852,-0.237204723202549,0.290606725981261,-0.125062515676063,0.0170340641713647,-0.368284552008898,-0.177703325210676,-0.238867950814905,-0.393321790095095,-0.190072271270018,-0.400906376008146,-0.0628366635198218,-0.23510862077583,-0.106750116621147,0.105466347200422,-0.181672673744925,0.17291482659983,-0.199494860429855,0.0566441665794355,0.0300304202956661,0.0333910897734694,-0.386131597893025,-0.54217218494608,-0.190816410195653,-0.106235898645571,0.151935857188281,-0.200608396507732,-0.380719235566936,0.0721131437457248,-0.295743757188748,-0.186818078910923,-0.468658999707345,-0.252554844686635,-0.15510592267294,-0.322994510373985,-0.23218855187668,-0.229043374973384,0.0184438661829956,-0.153359024132495,0.155008477973508,0.141087352252527,-0.208044704488665,-0.389566307232633
0.3277084513064,0.454828439764129,0.663490852876887,0.570022729916736,0.243021102345656,0.0009793502216483,1,0.107088417174297,0.397749135401771,0.478131621606727,0.568656051940899,0.440648046286876,0.295322941412687,0.146470284623853,0.0009878191658883,0.454909669579811,0.531340645535298,0.605112849679325,0.288743331756505,0.24856567212834,0.679186464760359,0.353316604472,0.461651551477195,0.590089734753556,0.529207569802041,0.574574685354498,0.19608435069143,-0.0940443232830973,0.472585601804089,0.686176404389511,-0.213910576051943,-0.0090825369315535,0.20466729429106,0.101160551991484,-0.353923379368585,0.43931734190011,0.0197206374673526,0.508298367537097,0.483014900094484,0.474677974880482,0.0079719466980383,0.487695861082968,0.10363523429705,-0.383668531480947,0.303438197868546,0.483104871897369,0.305326443366419,0.253236167731344,-0.453288615224604,-0.662393708713785,-0.406835609086639,-0.112908706127927,-0.403339745299314,-0.601304206120568,0.0214025988720834,0.0977648376960223,-0.524640636914214,-0.170048475573768,-0.319673753508545,0.130401155889937,-0.0907368865307514,0.0032284103556066,-0.217978981981056,-0.0835447863794292,0.327051321837741,-0.0145227434941342,-0.459915860365069,0.0502715882971641,-0.268863299715725,0.193578758616704,0.014881775735141,-0.168152461405837,-0.058582273449949,-0.225157818242939,-0.422101988390048,-0.684021074466113,-0.400160749270267,-0.0738967635055128,-0.0668224890507185,-0.387263838764877,-0.144479379769233,-0.177766839741448,0.443275321015623,-0.014689673224111,0.545114571719989,0.480469209947877,0.669493155880072,-0.238807429104226,0.417432008241102,0.232587376617418,0.370164907454249,0.463566139338868,0.473800836138759,0.377920149860834,0.192065564159378,-0.0467828673250722,0.653749537033145,0.536537052354105,0.371260213766601,0.469846498767081,0.252620215163166,0.632593133169622,0.647013401726177,0.125098656095318,0.62650488760275,0.353376457209092,0.682569188596801,0.675627737283014,0.528831128140598,0.528979003947999,0.319419621291512,0.206534504913516,0.5495378978423,0.47148046203166,-0.189310310794343,0.525585133087877,0.0059881239110586,-0.229869757446496,0.467652374072464,-0.347485000665937,0.372436158434885,0.0978933835054476,0.123283413085295,0.651030529203881,0.2123851873252,0.422252103155078,0.52068532082414,-0.0963776810244126,0.458683720040531,0.575192493430546,0.205368217960887,-0.0838480241252713,0.457354554001566,-0.259530745915561,-0.660200436635559,-0.375596786838778,-0.163408551152789,-0.537011140538742,-0.0528754992681489,-0.189537171837512,-0.518226341897492,-0.576138281708873,-0.522586798457316,-0.101180585794312,-0.389481589667397,0.092800029834942,-0.411121684912567,-0.651691382981289,-0.200368858210085,-0.370945917178294,-0.71794360578587,-0.0012883835953949,-0.494746922840863,0.164675185617405,-0.441355034431079,0.0479438860693742,-0.0828648094911905,-0.248828143577891,0.158006065889217,-0.0456489836336747,-0.492729024562389,-0.540361509946215,-0.0887823977921797,-0.331546910316231,-0.236645500154782
0.534407145964305,0.615341530110317,0.297845330733983,0.577190779157067,0.453748193832655,0.588170598940935,0.107088417174297,1,0.615891246554048,0.631612483204032,0.497428415818393,0.633889232827885,0.735294588798975,0.190523626942625,0.325740382107656,0.366153166052541,0.324445438615655,0.194165176594743,0.574177270566071,0.579607291374576,0.291657908807557,0.577484286824114,0.109851581280854,0.0660582794617729,0.324375617121682,0.0236694742581649,-0.221738775425727,0.115651284040926,0.365963339378153,0.143960722774378,0.06592364112483,-0.302592907117381,0.0598030059342587,-0.307603138617236,-0.12435747346739,0.0081626527172236,0.200628014753186,0.267033641619302,-0.0336459991924252,0.150305567237773,-0.40851509022758,0.101430705983205,-0.29140982377899,-0.300937665784016,-0.153518546681908,-0.102301439116367,0.0984663734656497,0.0241268459533104,-0.440727777413594,-0.322811968874348,0.0827393316606634,0.146312925452176,0.144169776742684,-0.143631507474936,0.202217621641583,-0.163237280566495,0.114346521059792,-0.335222451394211,-0.392910711733653,-0.0082307354578734,-0.265862887454808,-0.231363861855658,-0.46943358122444,-0.277824930588585,-0.472849101575989,-0.534945024220555,-0.331396946809984,-0.348549742713687,-0.245526166178106,-0.417815022344451,-0.403829875255944,-0.406362386950678,-0.320944309693459,-0.356475901244063,-0.0137163971872213,0.132129386291074,-0.165125221115922,-0.0045498437442004,-0.297413819868583,-0.452055773529352,-0.579844216512018,-0.0733194264140468,-0.132019190929312,0.0638185011900986,0.419511641074735,0.595767889112133,0.436624719625933,0.452425246902164,0.533264616334803,0.566392265143581,0.510984175414603,0.551318241318405,0.533581412093749,0.456131457386431,0.293129285657553,0.415783888944712,0.402947132206546,0.2349383895412,0.46311182477331,0.354639332650854,0.530569603918417,-0.113215290599432,0.234878166469748,0.601762954776893,0.311294280387191,0.511905708899504,0.231331219380237,0.352090771029683,0.236266106248886,0.251375751699238,0.352903002988411,-0.0649010563105409,-0.430357270104701,0.23775020901188,-0.152293610372156,0.148659686485995,-0.283604925491251,-0.0097869958381432,0.107623475565929,-0.27282271203677,0.420724125284367,-0.232441093869429,-0.0947857083996937,0.0747541578769651,0.34657650918783,0.194126744968856,0.289816833818989,-0.319647059164511,0.0191250255332823,-0.0276215453726941,-0.284957332272989,-0.167081251961651,-0.161283548255991,-0.0993731777684502,-0.403200635787873,-0.475993618724296,0.279445151437713,-0.381780869638936,0.381008378857314,-0.0380495565263875,-0.128667402552994,0.0090824884554515,-0.0931272318373573,-0.292747160097463,-0.402005731369449,-0.002378705292291,-0.450696382186429,-0.0798963882359727,-0.532096258276514,-0.717799330648952,-0.386051108339949,-0.273288901478378,-0.477444994278673,-0.12564614966849,-0.44983729430838,0.0393286221673762,-0.24068127597672,-0.49547416563842,-0.177919681212701,-0.204307801743526,-0.547218021831226,-0.161303840434082,0.0470501645571359,-0.427309238448292,-0.593986718514853
0.738031777319493,0.755657535688671,0.380512109439452,0.864010455507019,0.725674598989371,0.701209376619475,0.397749135401771,0.615891246554048,1,0.814353899949605,0.875295303694534,0.872203957874465,0.78343760209868,-0.0429642902012204,0.150646674801481,0.361222883071393,0.366045607843416,0.301593452064424,0.643437914192235,0.594200564335913,0.438755823375649,0.713538155190315,0.339609934958458,0.12453486533351,0.562421202392601,0.171887448569951,-0.24982098289738,0.0068822083913118,0.342086553958415,0.352201969533461,-0.113607187580427,-0.268917390445067,0.0187408995064107,-0.168456023578091,-0.241830950381715,-0.173162268785262,0.0504288148078207,0.117818845792103,-0.137118286135149,-0.03216124269715,-0.398977738004493,0.0085674248093479,-0.366132573292487,-0.376545664883946,-0.142059084809663,-0.134477874754647,-0.0130334564569183,-0.0844129339131571,-0.354772231173412,-0.42155249526023,-0.0621089027754459,-0.193695684301995,0.167386079720826,-0.329099501965013,-0.0668969835450352,-0.415217016341783,-0.114003997892666,-0.450193044499652,-0.633632416576896,-0.198438739659829,-0.287780021513958,-0.326738101020641,-0.435557743481606,-0.33683980155035,-0.423406084807328,-0.487252044198724,-0.279658901326169,-0.236411226243901,-0.218398024373127,-0.379062877604261,-0.292144506935288,-0.370696721233901,-0.270257404519927,-0.292057775628124,0.0971211671323817,-0.0941946008295893,-0.288990910373391,-0.0636484620850145,-0.253331425124603,-0.50645850965337,-0.551672328543984,-0.108285720806278,-0.029489629997612,0.0475665290353589,0.664989065124691,0.868833472577818,0.74151679993998,0.479234227758965,0.905776293142685,0.939383239345405,0.949282597013603,0.676327644035847,0.887047397678396,0.579482208324129,0.271773728568883,0.363145868689828,0.618095795464546,0.504300800869088,0.452012226922793,0.342052726476144,0.533644165460887,-0.0834247086457429,0.482819164574034,0.647077398778521,0.489042678557114,0.699992453972651,0.506204209318952,0.651220382176776,0.400203794795569,0.501448180397305,0.541748790059269,-0.0790975153558002,-0.212697827362434,0.148679342222731,-0.26600898799607,0.285368603883134,-0.237324937009695,-0.171187796945503,0.164100778015352,-0.180231738103991,0.152556603478988,-0.242524369876305,-0.108409944339777,0.0058984872593725,0.509915334900401,0.110929001339255,0.306581355279542,-0.335448383745424,0.0484532786734121,0.102374379127747,-0.303200507108368,-0.0321953321725848,-0.208906205813007,-0.170717394024694,-0.555916928385318,-0.198368279981102,0.113515966349575,-0.417556263340801,0.0882863051042564,-0.135652136740631,-0.154465621993624,-0.149994513534503,-0.0805613529911307,-0.252374734984996,-0.641535182088638,-0.134219597812071,-0.290244423598535,-0.142642233028344,-0.40068696336488,-0.498902848280414,-0.323948260505015,-0.311862979685116,-0.460499141723147,-0.155442143459801,-0.345203227578282,0.0392249025011619,-0.196110859336701,-0.377149606797184,-0.18565230435715,-0.131479863304199,-0.464151202120314,-0.243721105254645,0.0514573851087981,-0.424418134426557,-0.498023984799653
0.739554865399487,0.866911888560373,0.417459863918282,0.880132249597245,0.659519358756608,0.462040490971579,0.478131621606727,0.631612483204032,0.814353899949605,1,0.810779607471589,0.894407645524548,0.877141306681298,0.226551989997211,0.344451369439324,0.575077743692178,0.592056194117949,0.526370236932919,0.545713915559081,0.590116746635596,0.623167127892901,0.78213654695971,0.34644077189097,0.184966610152288,0.551512007516614,0.203666493780923,-0.197930188167257,0.0201440355852028,0.414100332345572,0.410896434301051,-0.0632226035048482,-0.41143676082292,0.126304295485041,-0.300256815003564,-0.307444950760452,-0.0565789886050268,0.223904723332964,0.313751352543147,0.0222328919873586,0.239059083933362,-0.199716312987464,0.274369183359935,-0.131241510106359,-0.458716478101853,0.0582615666452682,-0.062810602712241,0.11029722862734,0.145877082036601,-0.385774003249883,-0.466389249638993,-0.0986028367828243,-0.0811422341403432,0.130827918733266,-0.279442994663088,0.0368940000226278,-0.353135587366832,-0.165309314521964,-0.324203293526054,-0.503904244840889,-0.26603921587436,-0.298822087899158,-0.214121194504454,-0.431185749743004,-0.194633252308826,-0.387767712099745,-0.415332314538971,-0.470800978267723,-0.205336669578674,-0.347455162605914,-0.279843984520279,-0.241038586070983,-0.460753049981772,-0.364922483024726,-0.276953659276442,-0.0556108344264146,-0.12992984348139,-0.35471340371627,-0.175538593486727,-0.366965055252345,-0.614211230768115,-0.565856385216799,-0.212636037628274,0.0076724874582767,-0.070685716305155,0.798240708802007,0.891430884657589,0.85438144883614,0.189269767069558,0.803797294638824,0.715605422031825,0.777240661221589,0.818195139785171,0.860575572857902,0.575095659130794,0.370012048539516,0.438847746121502,0.705118590984676,0.510977851777244,0.629798311718151,0.470732063054212,0.438071258345887,0.0908303458161964,0.480029496201802,0.582083754989597,0.578676392556904,0.654420861703453,0.61198788941438,0.716279705878432,0.405565610699389,0.556935947440681,0.507069861588012,-0.0394303535592638,-0.0921377057531886,0.326777927011094,-0.295225849445421,0.283450744159453,-0.192532648654617,-0.253943997099347,0.244891703497408,-0.363164175180229,0.291977399003569,-0.019937533655599,0.0577259756363914,0.20117603445906,0.463431326079541,0.358939978601559,0.505496679581886,-0.232403232502867,0.237142055412749,0.257683499988415,-0.380945226501952,-0.111604420187063,-0.0978742688242788,-0.204905527456126,-0.662554906827743,-0.276342154260268,0.159816046528706,-0.516633759449578,0.124344345438601,-0.120862439371578,-0.314869698234058,-0.175896841736829,-0.118811449792334,-0.117690426340385,-0.566369154908139,-0.223288342447495,-0.446280163532525,-0.264101273359008,-0.559191942387488,-0.52822082223377,-0.511431044022274,-0.210231141066063,-0.535039330041454,0.0846694826250459,-0.285775693197112,0.152985035959808,-0.0773975773961479,-0.491989022050325,-0.168066644491846,-0.279460013170566,-0.596322747005491,-0.422980201734227,-0.0791863329439208,-0.503913964295732,-0.508524639642345
0.700539604660007,0.776212512185564,0.489425224563421,0.910565391379675,0.634033517524434,0.421311805750621,0.568656051940899,0.497428415818393,0.875295303694534,0.810779607471589,1,0.891420113380145,0.777004808840328,0.147228229153966,0.226740021312125,0.431299139603633,0.48898693469305,0.381523442158942,0.6503455247781,0.588858320062715,0.544387049433783,0.689288441931268,0.343329191119057,0.215473256988944,0.605784037406963,0.285667043785527,-0.132419432312437,0.030992449502796,0.370559591903872,0.372344866731028,-0.120264383493484,-0.266126058359488,0.068260898991735,-0.106892899247056,-0.292481698118586,0.044315688599019,0.163518661149158,0.237556523442732,0.0249262259638248,0.154227954869896,-0.236052599251257,0.199871821988124,-0.173624789904202,-0.425298132689462,0.0428707139191358,0.0188164949752538,0.143127385286473,0.107889734487859,-0.354244780616928,-0.480755908495937,-0.127521543669902,-0.183134002901379,0.0570142301988629,-0.385616575519892,-0.0225257679992301,-0.310386230017066,-0.203626837216728,-0.387735966903417,-0.566305772183841,-0.11328979127185,-0.22572070710547,-0.167012941144912,-0.346614955561321,-0.12915211297475,-0.231159011334832,-0.343893863783418,-0.392062610609011,-0.124397745526681,-0.187969642082793,-0.211155149063084,-0.18981568034594,-0.282006482664953,-0.217214793631269,-0.208827165229485,-0.0205707149368008,-0.24519455539227,-0.380299390933108,-0.167545296108281,-0.24960726465798,-0.492992243784172,-0.470599237917246,-0.257157156806368,0.0278758307298655,-0.0791862467470425,0.786033827921068,0.892785575865775,0.806347884513268,0.199931077000974,0.836101843651469,0.761925614564986,0.885382350855898,0.786158469772483,0.911360823565647,0.572484776014525,0.354732529744778,0.42944383854725,0.71159381823077,0.547333217777093,0.510214960255526,0.428218408321887,0.555111187990563,0.157449598641113,0.522138600143291,0.629988206302339,0.543186020682083,0.705151262790496,0.564507620946536,0.698619787544612,0.378569752525553,0.523279279430054,0.560464857605288,-0.0343532825290363,-0.0828433555075778,0.207967056421524,-0.3339747122703,0.276098999940705,-0.239548423127753,-0.261123384634936,0.185287736873023,-0.32054052976312,0.23837400834567,-0.0939508183860312,0.034642131323778,0.178826212455735,0.44067542767856,0.261896022936607,0.436749121665927,-0.237813865944378,0.213673978543928,0.263665780884915,-0.199928848703144,-0.0847085230596382,-0.0656912353332887,-0.219323808076549,-0.650148990599187,-0.226738664182073,0.0325786397517502,-0.463483564290791,0.0493437038618106,-0.176642855625115,-0.301348882109742,-0.29868200643094,-0.219549122111642,-0.206165329743365,-0.621410121642176,-0.0692985188877522,-0.330173396289719,-0.316141108157239,-0.43248719361212,-0.484967637422236,-0.461946889001951,-0.183686129837968,-0.457586022109922,0.0565684047255089,-0.29488023520163,0.161991423611367,-0.128853892108479,-0.303057227892667,-0.0461704445738033,-0.0968672457143255,-0.531292078127907,-0.374738780695764,-0.0531699633200048,-0.439377199445893,-0.519036140599214
0.718599220214076,0.872389503793587,0.466537738833161,0.945333288679496,0.680278138942211,0.535534414587551,0.440648046286876,0.633889232827885,0.872203957874465,0.894407645524548,0.891420113380145,1,0.874120301657203,0.180858299897579,0.317922319694461,0.546251975455003,0.520997151125244,0.413568630845421,0.63322169400719,0.614870878778809,0.547406991373749,0.748256054509395,0.362121145036734,0.087262706324628,0.598332111093285,0.243476438805529,-0.111544737054812,0.0403635393516992,0.427283681292472,0.391272318755028,-0.0474224777489779,-0.487102950054308,0.0297183466341149,-0.227081979811782,-0.302238361292653,-0.0164071903673958,0.199224034981234,0.26440152632602,-0.0292786941470809,0.212089227982433,-0.19898152958706,0.220805131531151,-0.164537097041864,-0.42862518455178,0.0082112593488489,-0.107149063451632,0.118751536367135,0.0997447802064913,-0.307180283771602,-0.448759589999223,0.0301752213533293,-0.0969800086056893,0.239632759295219,-0.30163450910942,0.057612773113113,-0.324523014613037,-0.0500055341062023,-0.35593739066665,-0.545586532688595,-0.24758721114124,-0.318157733965575,-0.225217178328603,-0.399031299294218,-0.127822213027595,-0.406122642505897,-0.394678584355414,-0.454082977291442,-0.190252717734302,-0.302724806048214,-0.285630846453144,-0.176163127044719,-0.369534010324788,-0.336140510555569,-0.240655408277899,0.0842997159954585,-0.111749723685518,-0.361771340305011,-0.253822951877771,-0.364898178759527,-0.586730933501992,-0.587676640215012,-0.327530475364603,-0.0690418791212048,-0.179990245772292,0.863780578978214,0.937641372307823,0.86490164165772,0.230389322457556,0.874135988278954,0.796117021503684,0.865135149492811,0.812676876518841,0.957731482324934,0.526755699006965,0.391921187218343,0.473352023934301,0.757631691816033,0.530045680730884,0.587318598001992,0.426343871867486,0.540321576703749,0.0529932275566548,0.489062289690304,0.673000360876119,0.505029162160472,0.711729384084887,0.623002470033409,0.721133202411715,0.335243877533692,0.552579111694919,0.538316293160089,-0.0067748948102964,-0.157938352010063,0.250780070409541,-0.305736609916382,0.275422184658857,-0.324840114176335,-0.330805965822334,0.13189410725068,-0.38061264533464,0.269592875635129,-0.0448662121391849,0.0616628954199854,0.123786106265673,0.481336969019602,0.314077723021419,0.483129456163249,-0.182621121326889,0.189105582909854,0.188223294840081,-0.410877130545078,-0.0845983868053551,-0.142747357917346,-0.157269383603856,-0.688477427433897,-0.227630563379769,0.203769946217607,-0.481314502180962,0.134721604213223,-0.0865490208429704,-0.305869797383668,-0.225604653734766,-0.0997739895662838,-0.180512885933848,-0.579070001821028,-0.190777483770383,-0.367460790702731,-0.170343893036193,-0.604893967115751,-0.484272019382564,-0.474748844735945,-0.232584242413273,-0.502344387467243,0.105523409736343,-0.232611993314458,0.188108354608202,-0.0398641222344809,-0.415334976580084,-0.172094988981507,-0.207432936324118,-0.575881195621131,-0.376771438673269,-0.147201349393509,-0.535225400950139,-0.594374269450536
0.830636992398283,0.794135155628442,0.42773723892514,0.792117985905563,0.674698098705431,0.475509238165681,0.295322941412687,0.735294588798975,0.78343760209868,0.877141306681298,0.777004808840328,0.874120301657203,1,0.279777463447115,0.467437140737969,0.607728733224839,0.539636605866462,0.36109740426662,0.623795273671891,0.680107627084402,0.496632643881857,0.798384946575057,0.196137094034263,0.132704641579963,0.534288393285235,0.150781631448142,-0.0816981666849244,0.263062648691947,0.459645823202535,0.277200775632142,0.107343881792052,-0.312681391457457,0.126163805666155,-0.286826127346163,-0.16950506502679,-0.000419579845479,0.351920778035773,0.337777125858934,0.057340296233364,0.283223255145764,-0.194893326828006,0.211620639983051,-0.180263791241795,-0.537982537252218,0.0502428731540868,-0.0200463038838558,0.0804393481449977,0.178495624897568,-0.446150411370696,-0.351876664717626,0.121066652510282,0.104830001514286,0.0900360965896876,-0.194903924882636,0.232658639304407,-0.27813098464988,0.040737674093049,-0.266586681216539,-0.441919101153152,-0.110229079745931,-0.432421008812331,-0.315229342213361,-0.552622451980558,-0.222996089798224,-0.486942333480165,-0.509831437526085,-0.527392429652963,-0.328430859948755,-0.267248652454732,-0.428107661515434,-0.36189146714123,-0.497098417811875,-0.476465927723747,-0.234358425588002,-0.0661864392126316,-0.0512212124859305,-0.289819665299282,-0.0986947538723985,-0.432286735054601,-0.601871176980808,-0.616948003943865,-0.118691883912778,-0.100660296045921,0.026564712173164,0.679244665499455,0.821655865412878,0.69625035728156,0.227913179446273,0.757388246097212,0.694972509424253,0.74547267974213,0.691909406070671,0.78960356311419,0.674346852202193,0.449783969246592,0.567688731628394,0.641836462051562,0.468970107027662,0.57187999245855,0.374963572932614,0.515326767370838,-0.0249544161408177,0.371549184694292,0.752528131866597,0.412798331982671,0.717147195510348,0.438760265760869,0.634395143027132,0.319185960870216,0.49516499856116,0.491810189512774,-0.014512862093554,-0.228182434696193,0.217809236815277,-0.145539407580565,0.144642924857939,-0.164284278834399,-0.0838282391988668,0.140858338754994,-0.322966094147672,0.375914521087801,-0.0759723053749619,0.020082810878438,0.1124372854165,0.340009750091428,0.391986662073586,0.498793728722076,-0.181314565049098,0.155489965338849,0.127063064127073,-0.297456785531452,-0.17920047604907,-0.0768623966431422,-0.0101101364610066,-0.52401747626482,-0.32849580695922,0.264999590361885,-0.56648072705146,0.302924537628209,-0.0183739294630032,-0.226613887639566,-0.0231247101225519,-0.117817404196379,-0.103096960350516,-0.461715094704204,-0.0970985651037499,-0.439030379123505,-0.208053223881445,-0.545590504851521,-0.605032219520979,-0.478686875415563,-0.348262267501777,-0.587546510221551,0.0521704407300131,-0.354459427320802,0.110812538553088,-0.14392039648258,-0.512657309859813,-0.137508221580824,-0.37160672800787,-0.624165481399674,-0.361958385967433,0.0085435350751367,-0.531245139852339,-0.517947825295866
