1,0.62053203313613,0.308952954277833,0.621848511495367,0.522479658731351,0.462916589436707,-0.0737074024316677,0.189507145283958,0.637832614897818,0.629069824223464,0.546453099365426,0.701602036810226,0.796172253671833,0.0216861878037439,-0.029882272663866,0.0633349280388778,0.0505628536898179,0.0254131007176003,0.0082674111348221,0.03271721979961,-0.136619161413498,0.0631736362171703,0.118483378120559,-0.0537451402743398,0.120965624276258,0.156488726691441,-0.180163600881535,0.500463282056548,-0.0268361475861646,0.0624382254697806,0.31159425002343,0.160453762321984,0.115261262478473,-0.0798921155981922,-0.0888745096466028,-0.177223196112677,0.0763259906399034,-0.0029193142682322,0.0468414462551827,-0.078897246132285,-0.162742100934636,-0.0361083592840195,-0.190256457317984,-0.154982925395974,0.0231460930723617,-0.0323232588194635,0.254548069620965,0.10127129058815,-0.408849923025378,-0.323507553148763,-0.0247432615756973,-0.25117589313791,-0.393366003212664,-0.383982241511572,-0.182901189221475,-0.584496625752439,-0.511847790052131,0.316650274884278,-0.207892188568291,-0.280370935771083,-0.187874153383461,-0.280681243764491,-0.397128054940937,-0.324670128461543,-0.454241572120041,-0.324170811439257,-0.30468592655627,-0.374679305976139,-0.101812009132361,-0.568841415970407,-0.353247935603675,-0.273163642349848,-0.423536114124384,-0.178313306632292,-0.470886671350035,-0.497527471298134,-0.433053386774036,0.0463191342643782,-0.392056987560475,-0.386655395167191,-0.265030278267581,0.523983704689354,0.559188030752349,0.728601562581442,0.805330166748973,0.688986891009138,0.259965526014481,0.488825096161335,0.57816790546209,0.678086438334807,0.595263359892365,0.685210404250167,0.664150195421477,0.7097788013425,-0.0897006087509199,-0.0933874799158922,-0.0251185151984743,-0.0132113542055636,-0.0826140464887317,-0.120062223180979,0.0366961377582149,0.0594087523608559,0.0236273621593555,0.0607759061238136,-0.0292704586131001,0.189647757262327,0.107870167376378,0.0537134605103131,0.0432469518360831,0.166591973448078,0.161293371010785,0.0702455765311228,0.292913706329619,-0.119996240676719,-0.195099595913398,-0.0785659393661246,0.293673596464545,0.0635794093503023,0.274739530021941,-0.273216193260925,0.123558953510305,-0.0789520847358865,0.177134706897827,0.0271652951307562,-0.112194940971783,0.112125780964975,0.0507325084470646,-0.166429600053874,0.0972631026378161,0.0346653795205005,-0.0269733550721945,0.183594426307088,-0.100403695622137,-0.229996456222723,-0.146943725340113,-0.221600706158843,-0.300467899187318,-0.394998101049135,-0.282981725892504,-0.201373427207699,-0.290366214066438,-0.289294188861951,-0.388658958736114,0.529708498417662,-0.262390974482397,-0.18266475668586,-0.294315115229165,-0.380936006623924,0.269709130279816,-0.194395048500699,-0.236290941929551,0.171457527734219,-0.0296710508215691,0.208536099711988,-0.144728844675617,0.163993658161214,-0.108960826711596,-0.130706580542842,-0.0961917912840448,-0.388524650980218,-0.466246868134527,-0.395583944831691,0.0749331355384413,-0.324811209974284,0.0700983942753413
0.62053203313613,1,0.0232930912667384,0.545367587215397,0.3687187576554,0.866799551225268,-0.172076974599597,0.711640732914149,0.581578553062561,0.708989269973133,0.317014641712419,0.726972057413896,0.7875329685826,-0.24302613572904,-0.309704699912109,0.0080660475538049,-0.156535855811748,-0.185874878970448,0.137311560837827,0.118592262889596,-0.237114411167584,0.284304640070168,-0.291245139470901,-0.102958993909831,-0.0089544554314056,-0.259286523739668,-0.364378778267266,0.246760634096621,-0.319390446161922,-0.158267412386046,0.0587192919613665,-0.19402583892737,-0.153734775869251,-0.32300018857419,-0.358069269357214,-0.427819222270612,-0.155696914324047,-0.253577593697319,-0.285821388777177,-0.3558426815374,-0.311217794133475,-0.225323985416555,-0.430808698847317,-0.314865621210541,-0.281364973893817,-0.242660473609619,-0.0613092919509129,0.0596437675317369,-0.368784424046313,-0.149547031597149,-0.371860779559206,-0.31016838531699,-0.343767073640084,-0.399713666376602,-0.457445521397769,-0.479190153142485,-0.616229570733892,0.192137444981702,-0.165459367599948,-0.427540550685027,0.0691576431446128,-0.0248013809882288,-0.250361956854975,-0.369537438221162,-0.294176017599205,-0.349516424236741,0.0173055836799792,-0.331970487021677,0.202664459763682,-0.40483546487901,-0.252000371065198,-0.0219301625772405,-0.251535898910977,-0.265819502463161,-0.375139190232089,-0.352474741530515,-0.315645057195144,0.120500670339396,-0.0119694688105634,-0.127702587015068,-0.120532306721085,0.293800814112905,0.367670720828918,0.344756990703528,0.885878939127535,0.540438408638376,0.166874845216531,0.813418871080882,0.357103293071945,0.716619548858271,0.316361525803467,0.68031529420442,0.503980162129518,0.580133503648949,-0.331421555119484,-0.328268918124719,-0.0863213005496206,-0.171385855513892,-0.210108609226192,-0.246886684757767,0.0647097288532424,-0.19955195082672,-0.153855012641089,0.0811495739531702,-0.0431018909953743,0.183527369001624,-0.131070875135782,-0.219213021979552,-0.205971346817234,0.122729615543913,0.0967305387229745,-0.145323855413379,-0.124997434862897,-0.361113181523577,-0.291176191478299,-0.378172787858098,0.208778727819847,-0.207765755108489,0.0113728357384118,-0.383695471447313,-0.281259923804456,0.0171158888552912,-0.0660417806751824,-0.289177763920496,-0.44329565574037,-0.182717369562173,-0.21859520605591,-0.399742823916317,-0.200567207106809,-0.298774094743647,-0.29440778126718,-0.0301077988022781,-0.347632730831231,-0.247291104316478,0.0384997586045472,-0.360697816434643,-0.245752509093521,-0.385649674009808,-0.482149095248677,-0.376684709700123,-0.373641953001517,-0.201173965482193,-0.285184393077381,0.369872096944308,-0.154586981827519,-0.193218923583081,-0.304695653492894,-0.432840394647444,-0.0119536268159702,-0.0262078508741756,0.0592221890810896,0.287551318367836,0.212557808509988,0.0054571575555279,0.0159270237358958,0.021898830230863,-0.242408972733512,0.166381249222024,0.0319442606832524,-0.202173555695584,-0.259983821974111,-0.104243426255981,0.115027748675089,0.013563565674724,-0.0911305684660521
0.308952954277833,0.0232930912667384,1,-0.0738473047639962,-0.0972194321285206,-0.114716402199875,0.262127980511142,-0.0787596054540479,-0.151787580787709,0.311874943860665,-0.0245560984220054,-0.0515679059160117,0.180820906683627,0.19998036355645,0.167379128532386,0.139479894393916,0.132543165620034,0.342388447718529,0.0266838940606792,0.0129882369379377,-0.281264485656982,-0.248461013537529,0.568154657702869,-0.0744367228068863,0.0759447916167103,0.722348720896492,0.258770983858075,0.671900781918223,0.593544673710858,0.715420088744247,0.720834723397543,0.509421776286943,0.633730913561661,0.493350344158316,0.375295515188078,0.482679150457046,0.271417357554926,0.48881342225468,0.475332340731732,0.277754675294087,-0.0140067579400863,0.0650358450816635,0.149187585792079,0.125882174836866,-0.0896491663281818,-0.0104919105360265,-0.153341151818316,-0.109562381671398,-0.367509785696876,-0.358203585183689,0.669309837783306,-0.250805280410109,-0.22608631874369,-0.254218021505803,0.314827367386077,-0.203682335336397,0.0957921180468514,-0.116071579613517,-0.0440198795915243,0.0570358036132449,-0.438287365391277,-0.451220607951698,-0.496835342347351,-0.0722483040686594,-0.384487195124017,-0.3526313974122,-0.711792851590679,-0.112420468013066,-0.287683357564777,-0.253793699299049,-0.476367377858865,-0.467755358069443,-0.400257776827725,-0.383268076104824,-0.511961131081028,-0.402517775686305,-0.311745851447774,-0.0765551668691491,-0.530202452502638,-0.486006726873921,-0.272570011282437,0.415306142146663,0.481031656062522,0.580891777206875,0.0387427608698081,0.0740296942597075,0.476883938986681,-0.0926431344834028,-0.110909791020625,-0.0521229725001404,-0.0147893427751494,0.280073893552888,-0.0045838616251555,0.56961314681144,0.0093104492889082,0.0022900812774045,0.0464271973249694,0.062977065397127,-0.266265194801641,0.11894441122895,0.128837364777578,-0.080596478908826,0.395961322105618,-0.191854546263371,-0.243991493481374,-0.267788597945887,-0.0617000256198936,0.564576322479795,0.12701642820247,0.154730135028869,0.157807690999405,0.767128554975819,0.582604434498174,0.52601792911997,0.331430506200066,0.623946219755061,0.580269766784614,0.719449612951779,0.483652572575575,0.391474392405528,0.279694565533601,-0.0871059922058757,0.153822931179673,0.361080569599634,0.387619529820405,0.241801091393823,0.234494236412498,0.153000184947022,0.10035625630505,-0.0830636362591282,0.235479790051176,-0.321975068754365,0.263159084310895,-0.0820769640201182,0.0539748418393946,0.175994901733996,0.0498247298777624,0.0268469704606883,0.3316465127603,0.394138436296135,-0.0120091157747243,-0.0530594879994421,0.0124244655338973,0.0810265109506582,-0.193794226335459,0.17156062808213,-0.282291463498355,-0.204932900537554,0.473501850131997,-0.22784255361524,-0.528675052388046,-0.326838778925839,-0.401063586227879,0.079579880597978,-0.514496499460502,-0.255190189220634,-0.130561823178984,-0.528899072497752,-0.388695353165905,-0.483270070440354,-0.372278067854618,-0.410452560222509,-0.044935082073862,-0.411137815755921,0.344649430402229
0.621848511495367,0.545367587215397,-0.0738473047639962,1,0.578663218715617,0.638748606198576,0.0448091407395991,0.163972014455337,0.90960011505599,0.315066933831922,0.744317780034187,0.784723950952755,0.522587439279143,-0.0472100604583775,0.0628297656304347,-0.0032368906906718,0.0520730921898374,-0.0478334512793382,-0.0223213052799297,-0.0051842984684091,0.165217342993329,0.0771091909546019,-0.0205634258662281,0.0028181851428458,0.0806836663077077,-0.355861303469517,-0.44320613267667,-0.0871927705072782,-0.0988464719411507,-0.180513982406055,-0.114072340875361,-0.133568450916008,-0.2298300818303,-0.416029862137798,-0.396000829756242,-0.217984227257224,0.092296329468645,0.014100392566986,-0.0151535714160904,-0.0447315243861665,-0.043236286950047,-0.0771576895983204,-0.137806967289855,-0.105127258600581,0.123630137457852,0.168028671315974,0.149458504952038,0.146015953927812,-0.32860419210146,-0.373326402477439,-0.261982437260056,-0.0358919661003792,-0.293501434466212,-0.156533388743702,-0.204780025921801,-0.478584539317394,-0.417250247821314,0.214752180595144,-0.0559038728393224,-0.100455737764639,0.0958837663354559,-0.19191296400733,-0.0295240350077246,-0.249463410792735,-0.332737839816156,-0.147349824076189,-0.0971891174681896,-0.0233310177996574,-0.113753405186605,-0.158865387781473,0.0260943967525466,-0.14306647086583,-0.247673409595512,0.0439483818432531,-0.27553191810153,-0.272741692734341,-0.483665163404537,0.006849473014136,-0.326200759583188,-0.400339946835084,-0.309832842922426,0.0891505049453806,0.127639268555467,0.270719960593477,0.597795962874624,0.835845854245567,-0.0349509509415728,0.625940948886608,0.612825543876951,0.818707462254379,0.704535267979374,0.289157151831055,0.782562135151112,0.217694355837301,0.049559653224975,0.002606189330679,-0.0572016842880063,0.0598635939691007,0.0242723283189281,-0.151366370763567,-0.0532113999445723,0.140363764117405,-0.25848452326887,0.0544897426139374,0.213646102620717,0.155008388045671,0.0421141198116565,-0.050949904018344,-0.0492363746712751,0.0424463490653517,0.0754912530316513,-0.213393733689991,-0.048035842323441,-0.139004712283143,-0.266902063661937,-0.19607238055505,-0.0763805073852896,-0.273757428973341,-0.15472863435846,-0.545956158452664,0.265989364246843,-0.187199916355282,0.0961721579057444,0.0899805885379656,-0.162556408741749,0.102731732712229,0.130830579158638,-0.142207771275859,0.0989418725490533,0.0355765701561848,0.0020276340737374,0.176423467843784,-0.114645918069159,-0.242209100318706,-0.332362085148689,-0.22313508850841,-0.284077519571974,-0.236723877900515,-0.132605564824931,-0.186231759314537,-0.271764587316118,-0.278896394800567,-0.412078575296967,0.469970955536944,-0.13006488773098,-0.139080561128792,-0.212109668995359,-0.199595315541802,-0.160284928894632,-0.314482389925491,-0.208431396627543,0.316485920119318,-0.0070900440129989,0.125568503093125,0.0195435038204309,0.444339215969985,0.139722516678876,-0.0246800123320747,0.108592440253675,-0.203774661471777,-0.432872991357615,-0.354405744578073,0.0007002080609381,-0.368366778729327,-0.109094904565003
0.522479658731351,0.3687187576554,-0.0972194321285206,0.578663218715617,1,0.352822377426853,-0.24358548598297,0.0094143044662988,0.652096273432146,-0.0162133234468014,0.583394159109069,0.482740964843066,0.373746144327324,-0.0866765088688139,-0.0301756024067046,-0.0179288676429323,-0.0809888114474102,-0.157416741787246,-0.137647832715395,-0.25403039352615,0.18135177002845,-0.171271952437151,-0.130416664905802,-0.189864141590175,0.0968763070296386,-0.200394482080205,-0.23508722491207,0.0395299314212527,-0.167029191585392,-0.303628554793765,-0.0948182322284067,0.0299058468981179,-0.137344237184301,-0.127391111363283,-0.136097482184363,-0.199742753224898,-0.0040432560718771,-0.14202233081282,-0.0078682788355696,-0.0113487490894475,0.118112397538724,0.0855536980463197,0.0593150104084952,-0.0043976479888218,0.233955777047599,0.223534290673534,0.220996551596989,0.103156110931258,-0.161193799344525,-0.196127899600176,-0.196733854951786,-0.0888682921630582,-0.209636983568829,-0.196117906057366,-0.0927392231323762,-0.18882607002354,-0.371732209561345,0.338160430837691,-0.081004327927445,-0.0513027349454606,0.0344670140490645,-0.151455246162891,-0.0064961357208168,-0.266268360558027,-0.264035800929308,-0.0217156063834168,-0.0839546933680748,-0.0105442553038246,0.0570459097869875,-0.262662446203257,0.0338920379250839,-0.0778470138281596,-0.123031074723014,0.104254059798067,-0.0703009945937487,-0.206211511994728,-0.14972064190691,0.31693208901659,-0.0896573404417592,-0.138207731263113,-0.180024351298894,0.295088151527144,0.297808989162693,0.38457438996233,0.48385503921289,0.566333963538202,0.0342546081397827,0.337341903730854,0.715844202398651,0.545445724069512,0.708217288523649,0.236302296158477,0.658976327071462,0.242709051479959,-0.201600432075738,-0.110176686230414,0.0654743481424628,0.0932560387264914,-0.0219395808584129,-0.16485981158681,-0.236851840008037,0.172442483275508,-0.144109937835129,-0.13848393717086,0.037342228132853,-0.00286386743254,0.265041109513039,0.0061092147947643,-0.0624751395927576,-0.0605698425890403,-0.0194580445427347,-0.158536093811237,0.0660486473982228,-0.169948065605367,-0.278372042010386,-0.186757646534959,-0.0649446112549102,-0.128646029081118,0.0959578405006172,-0.310723540043325,0.0632944003336867,-0.123020732587375,0.0879336713445881,-0.0227214764977746,-0.122835121036769,0.161611792694349,-0.0084754402202368,-0.0271895136387674,0.0579882398324425,0.125430666385866,0.0636963162643158,0.145524019420468,-0.127937748357876,-0.219846271517269,-0.291559072826968,-0.123421779899986,-0.211873293049655,-0.268688135215002,-0.183774413379116,-0.18917966640895,-0.108071509506428,-0.294194295538122,-0.367793609996452,0.473674036031805,-0.200134915113442,0.0131841042308736,-0.0534628225606418,-0.222446742988736,-0.111345939740232,-0.275829534285361,-0.219286570287788,0.182068481584741,-0.0526777242179085,-0.0361946680669462,-0.144371570925439,0.183313498477087,-0.0784389868590774,0.0563360458340446,0.0786220657531398,-0.161028164512866,-0.278345001569356,-0.299603605212409,0.230380360475422,-0.216584254340356,-0.0692192311677628
0.462916589436707,0.866799551225268,-0.114716402199875,0.638748606198576,0.352822377426853,1,-0.179830217922477,0.605134116184247,0.716194580071767,0.518065506202197,0.473565505868112,0.835164170054154,0.727152084231827,-0.307450331001991,-0.30236772697727,-0.137339166162934,-0.223381185207981,-0.286479527216159,-0.0458068306439762,-0.011246174415458,-0.107517434306459,0.256359943042057,-0.289639779624868,-0.0816660729988369,-0.0025503148633795,-0.430521168205852,-0.473477752077655,0.0439154530152489,-0.390769751441316,-0.288436966486825,-0.164021438315007,-0.197722001413052,-0.200981989863029,-0.451423841878977,-0.45326597170734,-0.517926899610699,-0.158604574514432,-0.310468062594785,-0.357000853091938,-0.419196508328705,-0.248760144777909,-0.203453599829996,-0.415980827236355,-0.218815573528478,-0.175793781459054,-0.115953244217905,-0.0395452970651538,0.121298780653294,-0.369500082699837,-0.203647058853174,-0.447728868198708,-0.249473304753398,-0.366551599304916,-0.304756981893458,-0.477356579410474,-0.511499987322366,-0.689017624526484,0.227011439136482,-0.116165951252505,-0.333998424072623,0.204190023217549,0.039119730854673,-0.112705947253063,-0.382534951213657,-0.261212382915715,-0.333342449204063,0.0857645860766155,-0.240550856474041,0.154549852138073,-0.261400148583273,-0.104147792965527,-0.0091254014919997,-0.199237960575218,-0.187874946317111,-0.305126606374197,-0.292141199255637,-0.381991788769725,0.134438507386076,0.0109441031585267,-0.115449861205727,-0.117150219012912,0.140942545455224,0.225266264960978,0.209393110798188,0.793736167155295,0.653732404822457,0.0160330266057867,0.811935593846953,0.448283172108603,0.823766933133352,0.445621409517172,0.501784130491953,0.661515310765947,0.394773912410339,-0.273972750476312,-0.26376925935711,-0.252883156072614,-0.186059352101052,-0.218661984900106,-0.33314866845861,-0.0865099077923212,-0.181413239534036,-0.334899070236498,-0.016509627720601,0.0232419192965211,0.0810829855216576,-0.0268235210880018,-0.262434193622671,-0.212956732032232,0.0531621253014447,0.010555868130905,-0.23933192672336,-0.1389308112994,-0.36708816706553,-0.31668912632876,-0.397061695597047,0.0005055202307023,-0.302674515545194,-0.0830116989499183,-0.45646062840843,-0.165293031895723,0.054742305381716,0.036402958846219,-0.25507236468494,-0.422610462495302,-0.258197923704802,-0.197252795702323,-0.31366379165852,-0.199595953164322,-0.214184016342635,-0.249931175081314,0.135405078336189,-0.240364936307937,-0.21638052754182,-0.0927081589787491,-0.351335547784029,-0.383041574833376,-0.292757425046079,-0.458108115299977,-0.442509998862092,-0.229772782399835,-0.200712804396455,-0.24814826615439,0.405010814221682,-0.0645187780369109,-0.260810472583709,-0.263576312419784,-0.341224986500177,-0.122058323563116,0.0501902699140631,0.0553670148772236,0.431246974344388,0.28771381530231,0.04523709828183,0.170892711861395,0.221395229595173,-0.0899526096286035,0.166916166903232,0.104821262541992,-0.140750138447014,-0.272480318873112,-0.117105073657407,0.136261076501709,0.016341634855065,-0.0860103967766006
-0.0737074024316677,-0.172076974599597,0.262127980511142,0.0448091407395991,-0.24358548598297,-0.179830217922477,1,-0.169669854666935,-0.168734872909406,0.268464989161274,0.0884357156709918,-0.094006181745657,-0.1122729853941,0.307767637775939,0.388239787343151,0.243989138030822,0.127848039913736,0.302093834381091,-0.0895084317689206,-0.0094035507682666,0.233071673334496,-0.133631713258383,0.228656205646008,-0.0123986970260519,0.210818007680166,0.0416606607716,-0.116617969834778,-0.152241723371267,0.314159495183766,0.260487051769137,0.0686352276350342,-0.177771429605011,0.0595377983934826,0.131550635155237,-0.123525929876854,0.27004642926849,0.645381155470821,0.400810686771796,0.335708067752703,0.266682100444614,0.106429094451773,0.0190368445056299,0.308290606773459,0.180861631203236,0.0195024103937157,0.172833340104339,-0.037701867332681,-0.0977752141080398,0.024673195848301,-0.397023908782862,0.10983542580047,0.0535193638638687,0.0023284427577907,0.060007222400763,0.015672306116952,-0.099073092139342,0.164086814109805,-0.330309278257212,0.0409521798140999,0.0507738098562642,0.0337555091914941,-0.0119300853732918,0.112237817375342,0.345895681034378,0.0375544445459908,0.2955556713298,-0.222608184370938,0.196722904546761,-0.18919098059585,0.249702781602621,0.103394403350525,-0.132630838280759,0.0026571312696054,-0.0706022936516992,-0.0737835579403473,-0.0859668440602165,-0.267006325854221,-0.404287612041634,-0.311658386787702,-0.393248027219846,-0.243760809121698,-0.379156745457027,-0.0805670418689444,-0.0727560392679188,-0.328686429628935,-0.0203992761745151,0.311357764769712,-0.231152708072366,-0.253182926179026,-0.164394070683523,-0.204838633711232,-0.0498294525086904,-0.174538282807017,-0.123375401277,0.232283610970362,0.389845425105056,0.05248456124922,0.324235911935494,-0.0744884666047365,0.0192115123542748,-0.0394684723508985,0.255197514729555,0.19425644359457,-0.0406301164043799,0.287730906893909,0.0257067594028762,-0.0320511560730747,0.405037568989391,0.0901243274849231,0.25709407386575,0.27298468172085,0.261896709505693,0.338082306134837,0.269196882760292,0.0491145349654692,0.269752244596474,-0.0099934724248807,0.105044624319314,-0.0395419588081365,-0.103206846353922,0.175481311554831,-0.08401674411523,0.187612602554572,0.396232263501,0.229074423135427,0.229061573350198,0.372505359187676,0.112470998164604,0.0711731397425066,-0.108608045264975,0.133669319284995,-0.23470428520971,0.148981738644054,0.0367196429639331,-0.182021893599146,0.159812906634137,0.190973504227793,0.163122731180303,0.407827651389563,0.340443111128209,-0.0185332348846885,-0.0432835788449793,0.0496986260346049,-0.184133163817148,-0.0825796493305257,0.0668249651219873,-0.182974318455025,0.244554156715841,-0.120170443592129,-0.230841440800023,-0.189233002521413,-0.221478001876131,-0.196366044684346,0.219795437529138,-0.066879888258208,0.0906825974735102,0.209903260098996,-0.219973824553397,-0.203829740202924,-0.0875541201775368,-0.246746990577689,-0.128029702564155,-0.40978831576689,-0.340274732285198,-0.0252683697040698
0.189507145283958,0.711640732914149,-0.0787596054540479,0.163972014455337,0.0094143044662988,0.605134116184247,-0.169669854666935,1,0.154883454463271,0.569476035210463,0.0042322406501284,0.370569657286905,0.58209869118553,-0.464090371082304,-0.496616581536488,-0.190799504721052,-0.305331469189052,-0.382890585665908,0.329126579311394,0.336532586923698,-0.418510233723786,0.378726935250707,-0.239413419715544,-0.150596223108766,-0.140346638579139,-0.374603067134749,-0.239115322884713,0.133847095539952,-0.404701976849712,-0.19081250196442,0.0059464007253073,-0.203438297691184,-0.0567929089077707,-0.229341297417985,-0.136283585096561,-0.417590126346286,-0.392211067551984,-0.433650327126109,-0.441747882141299,-0.545919005164551,-0.228942682001857,-0.331931161645426,-0.373367595257843,-0.155629800489264,-0.393291691703106,-0.370171128587085,-0.184761680118769,-0.166509403415113,-0.0963390755062944,0.120274121749924,-0.303556011978394,-0.238848665584975,-0.183453346905063,-0.107788073703047,-0.402244840822938,-0.242678088155498,-0.373912568100221,0.102616962063642,-0.0524879069039137,-0.393877415294751,0.13631891212209,0.0350305901268163,-0.185270480158007,-0.417257815879582,-0.124624659996072,-0.313817351900858,0.151180039380151,-0.219150559020402,0.206266717556737,-0.229427703967991,-0.166187857612235,0.0278409321540972,-0.0921463203932929,-0.235391851711867,-0.229923021115207,-0.0449259381168229,0.0184755556027816,0.0019149864039711,0.194683369257023,0.0639431435905939,-0.0271826370395944,0.118494986446841,0.132288042204502,0.127447155239677,0.544016408770528,0.257634509522295,0.262620864926704,0.484649886004633,0.0539683152104322,0.330916832665829,0.0226906287807395,0.590935368852945,0.161638142942661,0.42907132872013,-0.497034693612574,-0.535943606432903,-0.208057113566298,-0.516224608090726,-0.303006366057331,-0.314439639711517,0.234033814193033,-0.460661806741059,-0.208823641474142,0.100217837419424,-0.284237430580429,-0.0043181258388969,-0.0495281827233968,-0.322838162785858,-0.338636637398975,0.0197979648165205,-0.100436157382286,-0.0815091470069706,-0.252197474125913,-0.39441001069888,-0.101650005883624,-0.380297113171789,0.299413246776837,-0.0963786763138879,-0.0330940162739637,-0.0662991145738016,-0.370095720981001,-0.0475244824256889,-0.400494256517149,-0.551144758830869,-0.351173745494443,-0.498606553443516,-0.550502622667868,-0.412315029131243,-0.411146261015251,-0.37900389504956,-0.340834431045929,0.0153976540406984,-0.364263034311182,-0.0407686109568645,0.287713157324993,-0.353555016713908,-0.125274776098476,-0.17341783051211,-0.394789925287564,-0.365515473029395,-0.0727707403144598,0.109658106656177,-0.016991651960583,0.205883092540799,-0.0181219284135443,-0.20286798802753,-0.238193174069514,-0.229279293699932,-0.132707701683467,0.135412334651857,0.301249050348202,0.178665238971035,0.293688044468336,-0.329449813628465,0.107618334316669,-0.138474204541643,-0.302342598889395,0.265766492818969,0.113635632398973,-0.0426133517438147,0.17909914361809,0.235611934858729,0.0647882499261967,0.25806131491637,-0.117107258353132
0.637832614897818,0.581578553062561,-0.151787580787709,0.90960011505599,0.652096273432146,0.716194580071767,-0.168734872909406,0.154883454463271,1,0.265084192879622,0.778491546036395,0.860397510039824,0.554456762730075,-0.119396663119715,-0.0513907449999372,-0.0784854404797718,0.0051812453561542,-0.145017047381976,-0.0664048366279867,-0.0461818008736893,0.180604655170208,0.125087859671729,-0.0904614654838093,0.0219057901452316,0.048073572201626,-0.35641080732849,-0.47791045557215,-0.0580014668313118,-0.183665400121522,-0.266532751017939,-0.195876872453116,-0.123849784316471,-0.289826568611015,-0.467904806885792,-0.421674257228436,-0.318769120040575,-0.0418175378988127,-0.0962065129182469,-0.0901137058049078,-0.145834870428974,-0.0971004676638592,-0.0838672131738202,-0.187838836600992,-0.132515745692396,0.149630649597267,0.163365615948804,0.230414659660222,0.231475952032412,-0.32572795174866,-0.33015728266848,-0.336584817902444,-0.0524392049160629,-0.393056733991481,-0.200086011061121,-0.257221840022479,-0.521442305581739,-0.54989825498453,0.353142859236319,-0.0566907241424743,-0.140989627609484,0.135039494926611,-0.180932801308636,-0.0155044208687926,-0.317270309951402,-0.315330166663152,-0.159002106919193,-0.0382466860848325,-0.0995263664596298,-0.033075662338219,-0.269562665822243,0.0036641531386836,-0.0908333256073399,-0.22566493980967,0.0777999809152993,-0.307923324516927,-0.347099033850481,-0.491830602594243,0.140877770071225,-0.262038879161489,-0.320164560598486,-0.210004972961196,0.128475019237999,0.104621951395545,0.263513922935389,0.688318551840227,0.815980053038794,-0.116750932882154,0.664196439760359,0.751565413063278,0.9098272770662,0.807537103989536,0.297215688637998,0.876868462951085,0.238190790432273,-0.0340918394131789,-0.0288656101484729,-0.07010291561904,0.0455134318836799,0.0201409383151725,-0.149223637010024,-0.0678698421516337,0.174363226716042,-0.312758760752428,0.0907495892600733,0.19734316430452,0.223030455732775,0.149319774126443,-0.146254557486322,-0.0639810234919106,-0.0599199054491187,-0.0121819123393307,-0.319585480914122,-0.0189040046309024,-0.213944890155829,-0.311724906791393,-0.291616379003136,-0.134966478136876,-0.355916694638815,-0.127656100541272,-0.576178916697118,0.203529506542331,-0.0231362742047018,0.183226981838682,0.0221179355752933,-0.245835222137795,0.0586556826358746,0.0897644819064131,-0.130451149509395,0.100851997426424,0.0911907006899356,-0.035622427540891,0.267044796778791,-0.119118050627245,-0.23413544343048,-0.29595349750512,-0.256837415187039,-0.396549348411586,-0.27928326420965,-0.279051578048971,-0.301612534390994,-0.220791272691943,-0.336689798939886,-0.439109087389403,0.559685126371997,-0.0745163649263969,-0.164590294864416,-0.151860103617949,-0.266159014621801,-0.139456370775818,-0.1679535744936,-0.159922064353594,0.433352421602581,0.0649124513610196,0.158937548293704,0.108147726836843,0.46311628385318,0.108873918671578,0.0341634413823768,0.145851580216088,-0.190425613750314,-0.431859640446637,-0.354222368596162,0.128792056793452,-0.262696178613852,-0.0417989742412544
0.629069824223464,0.708989269973133,0.311874943860665,0.315066933831922,-0.0162133234468014,0.518065506202197,0.268464989161274,0.569476035210463,0.265084192879622,1,0.207833345214952,0.53087852678824,0.768716789504961,-0.0229838379760801,-0.0916188421704886,0.16255555411667,0.0091306357918174,0.0129344482216264,0.223061747082179,0.316112559761235,-0.245089000357602,0.364776116920296,-0.0217517329761943,-0.0661740699725373,0.160887119206184,-0.0007023115326646,-0.271641028303889,0.387222682745176,-0.164716530838623,0.0714113956180064,0.255583379088676,-0.093785748694085,0.0604012787459795,-0.118769843838235,-0.226187171951344,-0.294062810926676,0.123312430615173,-0.0635110751321751,-0.138054410287416,-0.215504359513667,-0.287087133324677,-0.189720284711524,-0.308460732023982,-0.196212924190276,-0.230277304025249,-0.259533754638314,0.0564873864009139,-0.0325255131555789,-0.366818453948153,-0.287142794526074,-0.214918215825112,-0.287504594060119,-0.362469365174003,-0.310816959109047,-0.406031923288807,-0.572995988526056,-0.470024454132212,0.0791617484043686,-0.188152958103186,-0.43114381513579,-0.032899144250877,-0.0871108395222794,-0.36110541124308,-0.277865791688402,-0.341412511405401,-0.358394877418985,-0.147662067289214,-0.337431063824801,0.0423890032713569,-0.408786239848285,-0.314337110155446,-0.141278592843796,-0.300588989699524,-0.358329222313814,-0.498592891337353,-0.373161493648796,-0.402230067318155,-0.115304361186282,-0.205243088644238,-0.354731698546166,-0.22667089621125,0.292764177950423,0.476835081849107,0.45917867129903,0.633285768447752,0.377019428374135,0.393007266758421,0.478747903447623,0.155050886749704,0.419022370133493,0.127300247625597,0.79249498505164,0.288206876755524,0.659723422646992,-0.111289830118107,-0.0922592088696984,-0.0698267349916119,-0.156579376605539,-0.184244759082105,-0.187414972135057,0.254387977440445,-0.154216517436372,-0.0503674011546973,0.191935333494387,-0.0639508336332161,0.197465252018172,-0.147301818277433,-0.0121231172040469,-0.176180239287006,0.357326979702903,0.312916075764407,0.0999158287597487,0.19550590388442,-0.224741493818616,-0.222296385140832,-0.197539131430787,0.291114643772104,-0.0007198516524009,0.0826170490381162,-0.276913725309314,-0.137682851920466,-0.0831551543715234,-0.0291434628696665,-0.129148090175476,-0.277973599032605,-0.0542042225310306,-0.0393675455834418,-0.359961565091043,-0.126254315901063,-0.28525203340208,-0.232827008201968,-0.0159142898514131,-0.232165010133551,-0.195543511084902,-0.0459106498816401,-0.318711046701899,-0.168440609786261,-0.33124487415397,-0.303570866039108,-0.25236832004163,-0.344548512397723,-0.158686156202774,-0.233870437784785,0.246192117598248,-0.240349089169992,-0.282236402835319,-0.494819367058651,-0.363383787343921,0.258880356336999,-0.0408846650175944,0.0087078134905618,0.146966060846357,0.16033322534108,0.153310344057561,-0.021157828687355,-0.0024910603312656,-0.186226350413098,0.0030575406524459,-0.140194134934446,-0.239476152100403,-0.281300385432501,-0.125552268317839,-0.0639101439100874,-0.147658019819844,-0.0114990836711078
0.546453099365426,0.317014641712419,-0.0245560984220054,0.744317780034187,0.583394159109069,0.473565505868112,0.0884357156709918,0.0042322406501284,0.778491546036395,0.207833345214952,1,0.677395011252249,0.472382239482281,0.145097177133576,0.20277677937382,0.0245440314824093,0.13878550674531,0.0097198429198561,-0.215914678906374,-0.220429219231826,0.258116414664643,-0.101474853454443,0.185367404389589,-0.0208002173587724,0.168789388874412,-0.228113236391617,-0.403118461381267,0.0209497897163606,-0.0135410940456745,-0.164207677884219,-0.151876615135065,0.1120836170804,-0.0377765568336784,-0.308005980109284,-0.314109415720032,-0.144353971633378,0.190461075862421,0.0581427884645205,0.133642584532516,0.0971351210382556,0.168240354140942,0.1857546904171,0.0485357443613139,0.131019341072997,0.394063282882788,0.390150066697713,0.335261273279383,0.192878083116687,-0.290247243949384,-0.400362881853804,-0.112412216244874,-0.18347659293244,-0.42173911329948,-0.264392000597433,-0.130401037600349,-0.523582108201758,-0.509728918930962,0.413280862520256,0.0188648835761642,0.102646661696148,0.0689607939449726,-0.162829927626065,-0.0210247988973145,-0.191996615395944,-0.314496352994578,-0.0553686629878784,-0.216723954964611,0.0285632453580626,-0.287165608564788,-0.249299442249982,-0.0577218355973142,-0.309633906159465,-0.291761521200226,0.0535083856679326,-0.379111441471129,-0.461567421469867,-0.598503515896491,-0.0745870164949821,-0.365394114741587,-0.439040079046456,-0.300391669752276,0.0546554363656122,0.165096884008572,0.397281787677035,0.454355235723892,0.761788074013944,0.104223398030075,0.25869216748685,0.730650897786099,0.689605688772366,0.766761769899188,0.263222214899669,0.807665338579557,0.257934900186027,0.0364343021505007,0.0745700377734392,-0.0831612474299889,0.185092170076864,-0.0326121212220288,-0.075591988761165,-0.211971823761212,0.271711020938266,-0.258426148979372,-0.0496603263219866,0.25633568618879,0.0389776755069016,0.31424984511137,0.0275014111120463,0.155294717932273,0.0725094823414281,0.0830545629698749,-0.150294892434147,0.202419329267828,-0.0011461514307946,-0.266917660644017,-0.0022406057764731,-0.19197414825483,-0.0719145251978948,0.0437879704151519,-0.3834222083339,0.400060886123573,-0.124526505278616,0.362334300668256,0.234696676589349,0.0859000954784007,0.214884510949692,0.214885168144776,0.171316288887,0.341170151637315,0.325819781087934,0.234835089027344,0.406994383770227,0.203359459035338,-0.177437405444053,-0.453298325238862,-0.0780210656859393,-0.457253760442076,-0.223417414324821,-0.111067070861617,-0.210571375458265,0.0470987993785619,-0.322844858792053,-0.417463258306051,0.64261193477112,-0.0381115407421254,-0.0148326406565658,-0.158288758530854,-0.134078296902163,-0.0952752342394995,-0.195382974426382,-0.31122704032901,0.27195245474247,-0.111562140070782,0.149870108343451,0.067446890076385,0.531080056584761,0.271016017498261,-0.181352633619523,-0.0790204098680263,-0.307680998984003,-0.499327901176475,-0.481347653438682,-0.0447160850716707,-0.390798324666943,0.0423513880131372
0.701602036810226,0.726972057413896,-0.0515679059160117,0.784723950952755,0.482740964843066,0.835164170054154,-0.094006181745657,0.370569657286905,0.860397510039824,0.53087852678824,0.677395011252249,1,0.795680856473462,-0.188946247578795,-0.156909030474454,-0.127036757508281,-0.0896168980400394,-0.196530561761037,-0.0266650951339186,0.0440182806509731,-0.018475580110989,0.178218420273715,-0.111848666972697,-0.0789721079608979,0.0775583354411902,-0.282010188044536,-0.381781917592501,0.1262772880508,-0.20670754457453,-0.241079033191358,-0.0426595930658662,-0.102898335384047,-0.226163330732303,-0.434348685631619,-0.370956876713813,-0.381011114189032,-0.0492737282097352,-0.150054934430259,-0.10023218320386,-0.312855638148283,-0.12485330624084,-0.125928456862571,-0.247515308532723,-0.142960271947708,-0.0137506403569453,0.0695186582001669,0.17895468898023,0.193899708451471,-0.310645708196792,-0.283567208831507,-0.312108006187911,-0.0673661225115869,-0.333548896403824,-0.255226795426668,-0.28572992419196,-0.621695080221878,-0.60664365913184,0.376206893792034,-0.087309262607761,-0.244818061710016,0.0083987861171753,-0.216736823182065,-0.198182744332387,-0.39028420825589,-0.424368523857836,-0.263158751817067,-0.0933919072416614,-0.182668541872183,-0.103238196682664,-0.368745914324042,-0.150755464085631,-0.235443729264422,-0.383174878104942,-0.163526744417379,-0.37557292668737,-0.386100918764482,-0.516828856070193,0.0859794706935338,-0.317773469220116,-0.372618911398952,-0.278164453989708,0.185383372010472,0.201197333552657,0.376462489444484,0.808203527745637,0.828642535956099,-0.017950792002636,0.728069893374289,0.627638342926483,0.916656657211381,0.647935800926539,0.516932381062995,0.859418749103275,0.434475882802901,-0.13571316023335,-0.104022754259195,-0.25814118195187,-0.0995601386756019,-0.0807612003005237,-0.264131954353357,0.0108217398813234,-0.0108678891527912,-0.317598349771245,0.0614381099002569,0.0457240115348446,0.136340294163872,0.0719547045084956,-0.142920847920009,-0.119276391559133,-0.0167005655993166,0.0201291001352033,-0.296612317332274,0.0975599136850624,-0.256120680761829,-0.246064229723215,-0.309888340266344,-0.0760586406576926,-0.290146348667925,-0.0707584589832122,-0.467730273217956,0.119123903899658,-0.02373676022823,0.21638750591522,-0.0390975011315297,-0.220808241437053,-0.116312245570741,-0.0122355534490277,-0.137930868350883,0.0016940306682751,-0.026657773978873,-0.0849302298807535,0.278077478737749,-0.0631671699217104,-0.120513377191906,-0.233076076352222,-0.268467988206148,-0.398983028151781,-0.257518897506071,-0.330983268617525,-0.320402189219563,-0.187454271361607,-0.181001569141001,-0.281751480412224,0.597225552455767,-0.125504599273573,-0.267720197676527,-0.237544440871505,-0.278600102666816,0.0082848931687507,-0.0260915038266885,-0.085728709989532,0.345822352587473,0.164170123748694,0.173835319010664,0.152266403857418,0.312100002415214,0.0645234167489016,-0.0779456388284158,-0.013902483990412,-0.295280295927973,-0.4182477496462,-0.331629508480248,0.0540800442709662,-0.274694912609194,-0.000866916358784
0.796172253671833,0.7875329685826,0.180820906683627,0.522587439279143,0.373746144327324,0.727152084231827,-0.1122729853941,0.58209869118553,0.554456762730075,0.768716789504961,0.472382239482281,0.795680856473462,1,-0.242281655751356,-0.273482366646389,-0.116737067011352,-0.203228638250785,-0.264152677203877,0.0811901066252083,0.177240688896836,-0.301848494344756,0.301490634756517,-0.0465110876576381,-0.183612656016271,0.0292960710754935,-0.0827169857673458,-0.289861196393775,0.44856158901363,-0.322875967714461,-0.104338979925934,0.183952564637102,0.075528583616163,0.0273568515864791,-0.157458796755569,-0.169338380443928,-0.46381113448133,-0.100401972553364,-0.319079918963351,-0.285621249417886,-0.412311789857008,-0.178602401340251,-0.205989886062006,-0.374204113748212,-0.153877240018993,-0.154850931352774,-0.222472081321866,0.0865244758496045,0.0648401093136538,-0.359843897894627,-0.235775690424455,-0.216346410514299,-0.296138853936713,-0.405499018780603,-0.355744677742115,-0.388815415051768,-0.613246171887601,-0.631217233156596,0.336618099425728,-0.204204869351964,-0.423319686343915,-0.027074354524507,-0.131414754555401,-0.390007193707414,-0.486774401805905,-0.458065014528992,-0.424573969806692,-0.119619369880462,-0.36113343690305,0.0410543063892306,-0.484821486599171,-0.259080329241397,-0.179725250168615,-0.33037224574403,-0.298182554127762,-0.407501514439249,-0.387457569583975,-0.351404857571777,0.0718249381794334,-0.160918326265975,-0.27904975391372,-0.243394631001606,0.453261636526763,0.537656302696829,0.630829462457127,0.860715443220863,0.68261612694586,0.321736585493487,0.592721531978499,0.49088712387672,0.697503609838486,0.446695273835295,0.837094536985709,0.654037699951223,0.776249253723026,-0.304483297572195,-0.283518434217096,-0.306482501770007,-0.32606476474251,-0.28781344069905,-0.343911566317418,0.100713112759953,-0.245875587468033,-0.168682651363424,0.0851704092839915,-0.224998549849684,0.094236156595102,0.0538023068939471,-0.158002044973363,-0.226512349530587,0.164523136580515,0.0635057382242094,0.0046863083883632,0.208688722423275,-0.347238425574205,-0.306061183260434,-0.27574246127683,0.236529376161966,-0.0251533188050259,0.21869073048066,-0.264102502436231,-0.0554494904222723,-0.070760289924752,0.0349339093293269,-0.299414188931388,-0.248346103675176,-0.213334109046559,-0.220757757963036,-0.329743829930272,-0.195350683390061,-0.171701038315437,-0.249024477615303,0.281278717162726,-0.176789139842125,-0.22956668143034,-0.145391536991521,-0.414919995573481,-0.440972889195068,-0.438384207930146,-0.459038279040834,-0.423791505027696,-0.218177928529911,-0.193016426701586,-0.281805109023517,0.528609744835871,-0.258326183670406,-0.35022518960283,-0.437826487654657,-0.426017530604969,0.238162881703914,0.0029173616867794,-0.0385145458089146,0.289243488242653,0.21950395864566,0.0522940016112936,0.0029523540476713,0.124884912831804,-0.17209292996128,0.0267423382738703,-0.0504137445022741,-0.267110698690025,-0.274283408505073,-0.21139388802665,0.0943613904223002,-0.146875743645755,0.0047638515869787
