1,0.51612776164326,0.358778750499276,0.666338802458225,0.230406644887562,0.577704943032171,0.514545657111155,-0.268328817416164,0.695321776891731,0.327087424868067,0.652508588710166,0.677899174835658,0.685516223442689,0.213620433582514,-0.0642628735249846,0.111440567423226,-0.0553565135940278,-0.290031164579831,-0.586636749462716,-0.224712759145893,-0.460417769481551,-0.436968631126294,-0.494380645365742,-0.577825934055176,-0.470169601442045,0.517065528325328,0.440190628669143,0.503891518202591,-0.0974533151816334,-0.472436741812565,0.259680699905502,0.501592455071655,0.0867487760604379,0.122927456147156,0.306871610079505,0.125302604947586,0.25647472672299,0.298969642338235,0.276783244621598,0.405790527007483,0.374063115567276,-0.0649776240975008,0.231121003811615,0.0907676014151093,0.137058839332296,0.362010352199075,-0.215075499180219,0.0528736333453857,-0.141107187108476,-0.109982683060008,0.109855821307621,0.035306998960569,-0.208204471392407,-0.516436867929105,0.206903187648465,-0.16022010936492,-0.310811341366371,0.324316413434609,0.209833350195058,0.136974843433304,-0.341345601989592,-0.43291043245887,-0.451453135800127,-0.10418160359017,0.317543252902278,-0.321605813679042,-0.483463497617129,-0.0602450418867334,-0.61168752002208,-0.117296909281732,-0.0929881302052921,-0.291973751777618,-0.397108040956895,-0.133030469776209,-0.0640150062629939,-0.336135570478132,-0.103198914379152,0.166124880085959,-0.372685712658081,-0.591366795010289,0.260340909995402,0.1408304012546,0.0568938800961865,0.713580517210794,0.247896283315627,0.560914446737781,-0.289269523151202,0.210907143382609,0.287375777187496,0.654778792207159,0.585333830413417,0.0489130999979278,0.316616156654069,0.739734249463091,0.756365284741396,0.190452250427263,-0.084617586229787,-0.346983450893735,-0.0033585493637067,-0.100288283379135,-0.299378149777305,-0.406267987266051,0.230032845505144,-0.410036763481781,0.15294010729191,-0.497688466922295,-0.424282729219059,-0.108542839820601,-0.435078359885796,-0.38766899964398,-0.54358020302375,-0.406756475852749,-0.474170953173607,0.316760187518015,0.254482150569689,-0.255051220425887,0.243994331067474,-0.150502743493914,0.30988934383183,0.553908804560796,-0.140526481827919,0.372504710720764,0.181419963639741,-0.261619915059974,0.17785928174463,0.419743440374757,0.0320807744629936,-0.0056314441894253,0.306321657076962,0.366131978548559,0.0980909372662115,0.187947999746606,0.515005991657687,0.24418431786559,0.234085285682745,0.218543984830054,-0.215646589446417,0.163545580812704,-0.302790857416284,-0.22509676020208,0.118794795964757,0.0081248696367081,0.27853199811449,-0.152838720483249,-0.167348278936767,0.634206068315236,0.0851541366457339,-0.195192153975703,0.0138503036696923,0.211899968309483,0.141032330336918,-0.372091071461881,-0.347390787650794,-0.336922216792891,-0.426692066599581,-0.224881925208804,-0.425595709425277,-0.256738171465952,0.0342563029806505,-0.58609320285841,-0.207918181010708,-0.434538984848786,-0.262605724531335,-0.195849638071525,0.340303678901431,-0.312839826434497,0.322872192822305
0.51612776164326,1,0.0942291675637204,0.300996992053677,-0.131421334156978,0.775332173894625,0.38847423773297,0.287095562853221,0.495324038292497,0.2223712410189,0.35039392795523,0.40359796313987,0.742244010394963,0.144230260792423,0.179600154108567,-0.0016610028814829,-0.0118919239543854,-0.0863246719460707,-0.390508164393083,-0.276134661482076,-0.377567623939616,-0.240376793712333,-0.379618039539935,-0.300017792018152,-0.244515005330074,0.165514758562771,0.261653135665524,0.12034740319877,0.0100006530608986,-0.208809150843497,0.192066659027313,0.252006950936877,-0.0194777826184049,-0.0498114869098,0.220158064998394,-0.0033375710801871,0.138957584016474,0.157178615631843,0.111653822235631,0.343249482371513,0.255649412622314,-0.120062498564072,0.149947341407949,0.0283391864021904,0.0360586857630526,0.071308608286521,-0.194254244271882,0.166241762198293,0.0723225949849058,0.0209175785312675,0.0832634585499635,0.190411187774398,-0.0754514853853802,-0.149774595835983,0.226175447009498,-0.152773497251029,-0.199482049893403,0.203759389796654,0.122251500179132,0.0597408234286886,-0.297851237384992,-0.478848056082912,-0.337564715612061,-0.166793143582997,0.15100705341024,-0.268723060779471,-0.338559679100182,-0.145196262336464,-0.384167206043756,-0.234696850078388,-0.160535182093616,-0.0965276659020542,-0.327269365870775,-0.0232542753373054,-0.0029866480082837,-0.15680906351659,-0.142760906603845,0.0041376461657562,-0.301482675455976,-0.351920146260059,0.0939094130998892,-0.0487590859278861,-0.23641563332424,0.234171334578018,0.40218136151438,0.362719855056094,-0.165860425756983,0.581323857834598,0.0122698294884231,0.535020465206695,0.153259168273301,0.0389005952302683,0.634838088257462,0.456228646434876,0.288638151696608,0.24807738825234,0.115066503151531,-0.277835551339416,-0.104719034502671,-0.140448071938929,-0.138623771100095,-0.262018203239886,0.146018018584549,-0.226997210580653,-0.0513798105903788,-0.352877720253994,-0.425017231005635,-0.087778173140761,-0.295314316006114,-0.263346445645441,-0.315915734040632,-0.238894816525987,-0.279623825762242,-0.0596040745307665,0.0802490573921743,-0.187380545266229,0.12380371252398,-0.0605121777346961,0.0369752819899493,0.133255573110665,-0.127935877255912,0.139758512474086,-0.0014948208055863,-0.245390066321404,0.04267048422582,0.243129410253614,0.0705830234063746,-0.200988840165482,0.145354353060646,0.265516397868219,0.0627349750037315,0.0494128411862535,0.184812189215337,0.145647721646939,0.114078163479474,0.156190693923716,-0.201671986248724,0.063127174989551,-0.155998180077824,0.053962155780854,0.092052516106441,-0.122721673454057,0.206296875592662,-0.0326377562942099,-0.15280853833258,0.345848895701551,0.0346570642762666,-0.214803730850614,0.120014449366494,0.0319861282448513,-0.141617023260279,-0.263894900622608,-0.223948952946628,-0.37733244431887,-0.360594049002158,-0.18984444898523,-0.238973444763021,-0.266638573421705,-0.0781395222017108,-0.354032604572335,-0.0643756906387904,-0.292193176184451,-0.174342525018054,-0.142021484698483,0.0441501774108964,-0.299648506922553,0.0591008350194637
0.358778750499276,0.0942291675637204,1,0.143267872213344,0.121848738511914,0.16207611260224,0.316492012420326,-0.120171736243422,0.159320130051064,0.360041251342176,0.214753969089176,0.222584629441338,0.307706571662733,0.0207470262325608,0.104536920221232,0.0745102547506867,-0.0322585089815022,-0.142982810746317,-0.0642276927147976,0.10077010379191,-0.277359244246419,-0.0444960953815151,-0.154885110118692,-0.218291231543214,-0.205148684728669,0.690246436981326,0.395693076060826,0.732906242616306,0.307499630477166,-0.243375984373221,0.436540296203127,0.147250752487403,-0.104412224135788,0.42078970234019,0.240745383778299,0.369484828299313,-0.081517682062748,0.203523001592954,-0.0994635852822583,0.215464688332316,0.150286834328531,-0.0575211805731431,0.229704764238185,-0.206937785297211,-0.123719968145597,-0.005009611155731,-0.0688008586559366,-0.0255016774784555,-0.0194018499751139,0.207867884924263,0.50084791566109,0.111546041853946,-0.00308914868349,-0.132234100216448,0.35472832867258,0.166666862121721,-0.0206422478310394,-0.0167189292243174,-0.0217055739651429,0.190175486769842,-0.238971005350661,-0.437224378859986,-0.322582247470453,-0.243823841672363,-0.0656932511149863,-0.389172520640806,-0.245543562790441,-0.209545538197844,-0.330393981765505,-0.14299039462817,-0.176295678175473,-0.224302171659746,-0.31107483642875,-0.178443974534121,0.15036347880042,-0.151952553068715,-0.107201990490817,-0.044367835125718,-0.356043139085613,-0.367091251457403,-0.201684375938858,0.161954878213899,0.239361773856651,0.318394058503923,0.182105738576118,0.133895547741437,-0.036448733939427,0.117168191358853,0.0870610310319732,0.143539103602041,0.133468583124101,0.161338031408983,0.111385746801315,0.187962936787802,0.453329709523248,0.0851204019621479,0.154559063777624,-0.19056161666048,-0.17150139903213,0.13437965351241,-0.0902008795856851,-0.0465311277948315,-0.111535113465913,-0.0833247502017944,0.127760931596002,-0.272298813634005,-0.0182448962508076,0.0655481899101111,-0.170525608265935,0.0168798903736566,-0.330329546044918,-0.167566383641887,-0.133671568665743,0.514436564845272,0.0267106593730567,0.158015802138253,0.38317823561648,0.13893802085012,0.517098893758265,0.543650569310635,-0.0989118233466002,0.243008479841445,0.390551372814584,-0.463155453513271,-0.169129785170196,0.0924142402506718,-0.146935614507824,-0.0920385409008747,0.0347710974761594,0.215530706559573,0.0142511140839413,-0.0542244132437795,0.113298350227754,-0.0789015771249683,-0.189187670729521,0.20907219324291,0.0437705110834705,-0.0440502776171103,-0.0027982348777537,-0.248423013561963,0.276163398204034,0.0007982651759566,-0.052182033342912,0.0995477866695442,0.151394889880707,0.123263087905703,-0.261443707718501,-0.106787247861771,-0.128308797768829,0.141958766227504,-0.0440338342401772,-0.34865751893846,-0.252077270407933,-0.344076759297977,-0.184467429186625,-0.598583662344118,-0.433048246399402,-0.467696453853074,-0.240191663292351,-0.444872980034372,-0.0554988393443622,-0.308713412366343,-0.0563968889859824,-0.174057029558506,0.0504127418758051,-0.305689373556866,-0.109481881373196
0.666338802458225,0.300996992053677,0.143267872213344,1,0.254580669219606,0.37508936079787,0.50431651795792,-0.517912560781308,0.791080879362415,-0.112544242230574,0.742417206630214,0.657568686904556,0.243843917317486,0.239497681392716,-0.305895503118281,-0.0122412148043422,0.0837879311907346,-0.37194288423539,-0.529388492259922,-0.30672764712356,-0.478345470734493,-0.462274540197259,-0.33003443180368,-0.463000922217458,-0.529207130305408,0.273987691962603,0.397615148783337,0.152985402939743,0.0337700259793414,-0.421284203575073,0.27499485352279,0.588009630496094,0.284914785281235,-0.0911529943535869,0.487279210137299,0.194107015426951,0.198147736024089,0.482521081464598,0.328263783761028,0.358120544237801,0.292533812378671,0.0849516153637981,0.329682482641491,0.354044233925914,0.44792164194786,0.48731498971306,-0.0365785000979032,0.0224564173588832,-0.355584409831317,-0.317032177520404,0.0895978030366497,-0.0258357591873321,-0.423080308831632,-0.553866052364229,0.262347376570983,-0.247248067943499,-0.276285542184415,0.415729523877678,0.36810257970715,0.325722335754071,-0.210965767436609,-0.280216405137746,-0.39220984271414,-0.0185671883831838,0.280138451132577,-0.344488320904908,-0.561893846453386,0.0373948194347709,-0.444682974813324,-0.153501494747633,0.0405536577918161,0.034210435166249,-0.139005240259462,0.0378766904176586,-0.367165035404063,-0.317766794007915,0.0516176911505016,0.23348712755766,-0.216622919602659,-0.496778030567238,0.212312577481236,-0.0139146531003805,-0.170412913649549,0.466000006529767,0.160295470640025,0.86061153019391,-0.0966271209667495,0.109737357943291,0.372137933713541,0.750498529719998,0.696451722814114,-0.150502374507275,0.101460294873047,0.810784894686067,0.411556418197838,0.139508949466879,-0.346082146404997,-0.395379045682127,-0.0398587365770132,-0.289262774928844,-0.295051056699953,-0.514738669976836,0.254874215447906,-0.648530341561593,-0.126333366926917,-0.511015839439116,-0.547795632247925,0.127922189212851,-0.611950785522482,-0.585787767167995,-0.289323897965901,-0.561315089390123,-0.563743908567741,0.275680647721932,0.278953974821924,-0.0586358234598359,0.0342305610121577,-0.244510055340645,0.237626734596815,0.20626317842228,-0.190465920378512,0.567870306474484,0.277379355755514,-0.256038949994853,0.165608125467867,0.499421814655752,0.0479119949380068,0.0256552527766228,0.358741943244505,0.168595487250144,0.237044546414787,0.496323553007841,0.599268919073118,0.329930416227216,0.187021408603409,-0.0282418979593096,-0.390542798862468,0.0849015911334168,-0.50505673632541,-0.420713320200584,-0.0504162346597511,-0.178332654534354,0.389827036358603,-0.336525879240109,-0.510618064300839,0.700154700248171,0.289057641333716,-0.0468661837726583,0.244963820101698,0.0444205621132787,0.0551031189774418,-0.459941726567769,-0.523731916023142,-0.24225778828866,-0.439466400263104,-0.163952935177274,-0.478734466959104,-0.107337274621028,0.0449005806118792,-0.408950299261863,0.0950399871179699,-0.417449760975439,-0.292108839888989,-0.177851729429838,0.375760418540571,-0.225663255559712,0.401402273023799
0.230406644887562,-0.131421334156978,0.121848738511914,0.254580669219606,1,0.114375707473293,-0.0432185639104027,-0.287065978539447,0.489774545424141,-0.134951187126123,0.491199369379717,0.351695999610562,-0.0612767035061807,0.0205458035568582,-0.341700618133495,-0.0326273105190986,-0.241864964816359,-0.400637763080196,-0.204561978947517,-0.143873453485221,-0.319867683413665,-0.347880467011005,-0.419845145482457,-0.58792347706854,-0.439010678483295,0.201463694222776,0.284138704644095,0.147871834832167,-0.19148433028987,-0.48923281727988,-0.220977731995838,0.514431023368504,0.10328068237944,-0.384840299181776,0.361465815856039,-0.173497857581498,-0.127084285827388,0.184913164735658,-0.0752503942464355,0.0825772951387051,0.0490841804293521,-0.0427998927342334,-0.109805142518373,0.270095644011287,0.22512351222996,0.319441724819341,-0.19447948916445,-0.0443116208585879,-0.330793066090279,-0.43540232732608,-0.124994090225118,-0.29117077372585,-0.696594326770524,-0.271113624004537,0.14721072416548,-0.388564831301605,-0.523813693346598,0.314807219177132,0.0665183425732744,0.5910709281013,-0.337336990179336,0.0380429256229142,-0.397918638744079,-0.36721713854659,-0.118132527465383,-0.340618745147476,0.0101011721169967,0.109836990671367,-0.128312887437299,-0.435992238501182,-0.212022701519812,0.205201146595928,0.161474559116596,0.27281760785298,-0.417798275514097,0.34231523197488,-0.125434040187147,0.738958753226047,0.207591246562861,0.117106499099166,0.353461797391275,0.708960848849508,0.0610145757733136,0.507057601967186,0.125190844160911,0.307964124108285,-0.195403976920167,0.0066226665654454,0.757964869395951,0.370175917240785,0.517624101588708,-0.249341457503075,-0.0489280771997483,0.402093527897817,0.0907809648295337,-0.289322704788598,-0.490271021236476,-0.18445472460005,-0.270783006405127,-0.181180321806984,-0.360559246533587,-0.3077673177323,0.0488451886330388,-0.254666718736634,-0.112881596704292,-0.209123101029372,-0.113454350009653,0.0225725222839443,-0.387140403920741,-0.220358001260412,-0.0915945397822448,-0.320844152563216,-0.285140725157851,0.373978090275947,-0.0733154810932314,0.030893954102918,0.0753930863459038,0.112874037048981,0.138745077944087,-0.0680292036405972,-0.172438492495757,0.432447947254117,0.244667354659045,0.0967231626394056,0.071031533699782,0.0993947091682494,-0.100754368859135,-0.0618320998061787,0.0173924241980184,0.0324888809753046,0.157010573515605,0.29328133786484,0.505504091920031,0.0871384540385741,0.0281330175976292,0.0412904863236846,-0.0796246647994917,0.130873229709847,-0.536427999224074,-0.312373403346238,-0.0595815123165986,-0.0385626114528404,0.352300361186739,-0.179297409572918,-0.306681993298134,0.451462611024585,0.145990562503646,0.396504213633316,0.280337851190359,0.152685381389769,0.544549138197659,-0.0598216695775664,-0.107526828801565,-0.0415166946893953,-0.159284016257581,-0.0683292746446079,-0.238903911587983,-0.26404325162623,-0.023664924623744,0.0409466109182377,0.268249333774248,0.0379000011466917,0.24368475957948,0.29848128756889,0.787745956605663,0.246975828733913,0.351589747348847
0.577704943032171,0.775332173894625,0.16207611260224,0.37508936079787,0.114375707473293,1,0.332029813066748,0.135730550910776,0.651702578337286,0.115382222347707,0.509788703410858,0.675117552559575,0.780640053495188,-0.0324614645610901,0.0855648787597941,-0.0391832747044055,-0.0880475735559831,-0.259296249068072,-0.508713119101133,-0.336375602072594,-0.564229774589143,-0.468586041378718,-0.508774213769336,-0.477945353726348,-0.483964788795697,0.246741044189017,0.474326332153697,0.389194342368906,0.0035650232513902,-0.357345235581525,0.239861631440106,0.480723832515127,-0.0690317915895503,0.22313879339723,0.483742083990841,0.168823165517682,0.181372158898291,0.271772261630695,0.236009835965332,0.405065782370021,0.41580416934026,-0.21221974993905,0.264953369276252,0.244619319370242,0.231105704412656,0.207534012103584,-0.229161771246724,0.177394273966638,0.22411741303833,0.0669103218725021,0.329265589004024,0.170355590003297,-0.184822498133492,-0.141805046949074,0.480048505237152,0.0106636408065201,-0.186259150046664,0.37800649012657,0.266828911254935,0.21581761688047,-0.493695157261911,-0.603652986226752,-0.492183462186139,-0.181112506757593,0.206312077723974,-0.392183578358282,-0.38227476213303,-0.114352204316917,-0.581128057035954,-0.338239052534534,-0.177733125482569,-0.169344579692438,-0.509640424577292,0.135833760699511,0.104978120557293,-0.0244991128822942,-0.046598933720378,0.141633267088378,-0.447825242920382,-0.415608564709979,0.199343405073751,0.0742001215630999,-0.305461938150467,0.404680596571903,0.337684348273582,0.443299123712404,-0.522565812657698,0.423243005696878,0.10117919547633,0.669495056375644,0.40697910378652,-0.243112674283794,0.591878402751656,0.637315870560905,0.383350076449041,0.19244874342259,-0.0701640586441075,-0.431050517215529,-0.194157589971719,-0.158244119732235,-0.282652494906549,-0.42551301009072,0.181652201674626,-0.362063361427104,0.0045446031859106,-0.512392830293754,-0.494686387596223,-0.121816714725281,-0.495468668811028,-0.395871809234833,-0.496346949293585,-0.483385621421708,-0.505979626467768,0.143346424185484,-0.0237824337553169,-0.16706277825091,0.276333959426476,-0.0417780017432746,0.232350205851164,0.208418912040192,-0.258153660390124,0.364858190643705,0.154267447572052,-0.299021235112668,0.133560421049586,0.342080755171456,0.0339004580900436,-0.180003187879173,0.0737396951237311,0.416250600380961,0.0898717580928154,0.168689339434568,0.350629279278445,0.247299455465763,0.19180733164594,0.307699382128966,-0.250922800633274,0.263517729046157,-0.298528098461969,0.0070852621837961,0.218917261293843,-0.0014347965375385,0.366493065018682,-0.0356947202445086,-0.217462468403834,0.501204879188595,0.0748210645045967,-0.203102865825196,0.261233090496205,0.285620222159965,-0.0766784132095762,-0.462114604580131,-0.363420051259089,-0.558870216197162,-0.634001363332629,-0.293227943869891,-0.461504381489294,-0.39319722617058,-0.047419041585677,-0.510355460942518,-0.0565973720120546,-0.482686748974137,-0.149375339260265,-0.130766716413972,0.208448979607119,-0.470004223023307,0.201079987778136
0.514545657111155,0.38847423773297,0.316492012420326,0.50431651795792,-0.0432185639104027,0.332029813066748,1,-0.220300718688704,0.460402958566737,0.314629437028567,0.483641926647945,0.29181169706782,0.404663482739818,0.255725590927019,0.0944318856952868,0.23774508599603,0.578936754839508,0.111148630418194,-0.397010469758324,0.115965068568538,-0.28583332522978,-0.212701237328256,-0.138713936134381,-0.20639403876635,-0.366227655306728,0.401437241854335,0.466887875721013,0.0884909189252279,0.270212292507641,-0.328291443173331,0.518916436233381,0.478698061117503,0.52851971351483,0.0353441794359106,0.352028407619673,0.347348426162124,0.463534066186087,0.687734947762866,0.457168921438172,0.710472895416759,0.501132885000865,0.413947478101666,0.509154724654857,0.205828384346226,0.470576122570775,0.599876209623057,0.368426123656643,0.0725032118955134,-0.389463372920811,-0.302538609254573,0.0093714734669625,0.214872441221121,-0.199185288598295,-0.570546102931041,0.263314981717234,-0.192634393266559,-0.111036930723975,0.265058742327988,0.251406594343799,0.191825841055589,-0.175855520811974,-0.400081034465596,-0.372090347540523,0.0167933042205008,0.649019181206724,-0.366258311552944,-0.680249413569213,0.12736067894797,-0.45604007273083,-0.0053689164638644,-0.0041263202435917,-0.0976181389331574,-0.243433329441535,-0.0975445785072997,-0.202692136743779,-0.562185806543982,-0.108137155704293,-0.18634028027629,-0.323791586990553,-0.72733031670465,0.140543645269189,-0.229786967184641,-0.148450454278594,0.309172880542004,-0.0997534109312676,0.441424013643691,0.0889417383383038,0.0392724474712751,-0.0079083894407894,0.386178013506413,0.447915328633868,-0.0087912706795007,0.0895044433473989,0.414191877949086,0.442653973494367,0.14791184299844,-0.0597377633763333,-0.231949283376296,0.256011598057922,0.348720209192789,-0.0339622017966143,-0.251922790522319,0.557758394091452,-0.378531384876654,0.389494231538404,-0.408669376568992,-0.420423389159762,0.375524061411558,-0.402356417229316,-0.321697342547288,-0.221644509326778,-0.31922192005015,-0.463751861996523,0.319929776023266,0.681197143089767,0.0967229689867703,0.0314750725059147,-0.153385644413748,0.0446193825281541,0.164968179384852,0.061762965584098,0.353041521408299,0.461836195878374,-0.240982794712905,0.377919431851395,0.802190818120653,0.555300131314147,0.167416204046711,0.440172121498371,0.203681519488357,0.616465179757056,0.567675577222775,0.470170460023983,0.6601591925813,0.334216608452949,5.22997075326599e-07,-0.564309763165789,0.0462909971827826,-0.356973258638807,-0.484205335937087,0.0284539430979511,-0.0652306343094132,0.259823972799807,-0.464361549289645,-0.450757647760644,0.459516798981714,0.130718477145143,-0.153265934879955,0.126678249930312,0.0280145979858568,-0.173179977140818,-0.484500021319088,-0.658716942138415,-0.317407253961152,-0.511994251186347,-0.243099563661429,-0.591969764566706,-0.245802479066363,0.176814629094963,-0.593697238299848,0.0776386774177864,-0.522782714344416,-0.561833866079025,-0.469028478810042,-0.0821407984209568,-0.405697142448442,0.183329906046222
-0.268328817416164,0.287095562853221,-0.120171736243422,-0.517912560781308,-0.287065978539447,0.135730550910776,-0.220300718688704,1,-0.318492792728274,0.361984196481815,-0.355531906611675,-0.347720959203837,0.209826759786476,0.0453635515029167,0.189930173844773,-0.0543779130443851,-0.102910059421504,0.021725817655651,0.299648580306746,0.0324250215225247,0.231059224269359,0.201265542946591,0.0274937106249286,0.258904829863452,0.475886010703174,-0.167651341822368,-0.30349262072426,-0.157435712394153,-0.0671411014065221,0.243977509211557,-0.0884686786433294,-0.438288842643788,-0.354647146551502,0.0603181252444862,-0.323705077374861,-0.122571220622212,-0.0849878151572999,-0.39126807748139,-0.156094217481339,-0.191425170074278,-0.175929933839845,-0.279561883171112,-0.098422920161649,-0.135204986350434,-0.30062830510669,-0.461366352209112,0.0709470331217977,-0.121818168416741,0.332689689808073,0.294042509306217,-0.0451880231984554,0.059025693453578,0.245849270642106,0.500580204582947,0.0028201223580851,0.265162342608459,0.289445282300593,-0.186853929081032,-0.207088893906019,-0.294361374848232,0.265881163073668,0.183702689790653,0.339100871555578,0.216978462302005,-0.178598932115919,0.155734270410373,0.297296916168422,0.0507705877451596,0.324604397471545,0.0181010873368888,-0.0072009216719214,0.0845021376821646,0.0239418807191398,0.155175459878333,0.185688373451669,0.154437476519961,0.079198756351522,-0.182241088317033,0.0688216392367344,0.296457765612654,-0.195689121401514,-0.125657488307388,-0.0584667436814746,-0.451882635312866,0.146680265619095,-0.406374493320688,0.183284723008326,0.276359432732226,-0.339294838574792,-0.282686918948605,-0.52092108945212,0.294470159361255,0.422538516584455,-0.419034510213723,-0.191468044551955,0.0248953484600782,0.345423291890304,0.109716269929323,-0.105086121341266,0.0114537040278385,0.128295712640481,0.324631214084192,-0.256381809323254,0.277198821709333,-0.0600655666152151,0.25634154464927,0.068462990601279,-0.376143757382058,0.294347403786996,0.204011254249824,0.163394566107671,0.33248909315573,0.394997913257152,-0.373953054133984,-0.0883077515037304,-0.111581561848289,-0.0877885865447822,-0.0122097202445653,-0.212530074435274,-0.0883316604499054,0.126724969434235,-0.503250072748331,-0.308023992531302,0.0525148696441629,-0.215036378133907,-0.39649583744358,-0.0502425220374464,-0.199707362097954,-0.115353854517162,-0.202308309985563,-0.146696373822643,-0.378981421439034,-0.569138876596559,-0.180872301613268,-0.261904362108901,-0.0387878573584377,0.176168890465725,-0.116517525461317,0.239216640822808,0.367680382427789,-0.0006723785016684,-0.0254871431079349,-0.324147206609582,0.180615453647049,0.32863911759805,-0.384525003053966,-0.184509806619454,0.0610611722343649,-0.120546893807861,-0.205753722703628,-0.312507083968613,0.1099390424165,0.238883544946128,0.0860621663761456,0.174944003223929,0.0858359071862687,0.240382376533158,0.0426990396677676,-0.136376403072481,0.21807571732395,-0.0893018374350529,0.0952499322952034,0.0458977767089086,-0.0686782519607589,-0.373732944312371,0.0243462836066929,-0.450327803099949
0.695321776891731,0.495324038292497,0.159320130051064,0.791080879362415,0.489774545424141,0.651702578337286,0.460402958566737,-0.318492792728274,1,-0.0760304981058766,0.883423711575396,0.854804816427478,0.482050024424048,0.11519497002944,-0.226172620747593,0.0716112463030024,-0.0154847682662532,-0.426739398715565,-0.628920549027786,-0.427118665292421,-0.594344645217379,-0.601513307629801,-0.548609662366402,-0.657744397381856,-0.647618246638491,0.309746826260921,0.544109580368152,0.226316105301708,0.021655449682513,-0.580080546822744,0.12969078992258,0.749149923581493,0.261016377133547,-0.209483382499156,0.617329923600858,0.0874378045558883,0.155257820684214,0.504496590439483,0.313065685097842,0.465059976501567,0.419660846329728,-0.0291430010858539,0.301746057492,0.449304130905692,0.464044729221227,0.557659467009165,-0.197067701672439,0.0890677697413802,-0.233357133271457,-0.374489644142925,0.0813709850825591,0.0017812865413812,-0.581643949111055,-0.486993804603647,0.446163972469696,-0.337212757157253,-0.458912095495805,0.555376547021272,0.350961353905675,0.491010954755736,-0.467640688487054,-0.419775963422543,-0.595367557203074,-0.23041880743458,0.248444582346665,-0.470845936555281,-0.497999992726826,0.0907005453714012,-0.572555669976075,-0.366400121268991,-0.10695274537171,0.0660310151932862,-0.198550400711913,0.205062214305594,-0.294197548688261,-0.0858893701891204,-0.120597900790093,0.466050068784409,-0.22165082976971,-0.454665900904514,0.402372846863351,0.232328691329589,-0.236280191011731,0.611574853210276,0.302778501838181,0.803693011353006,-0.386144693959174,0.338353137138701,0.537642742120352,0.905356429835224,0.766564133906233,-0.271031768829754,0.420280025996571,0.913439559499476,0.385790311641975,0.136401295390152,-0.390669616602448,-0.436367510593258,-0.207936763355604,-0.269029083656738,-0.428995163520822,-0.579815757844007,0.309843888328687,-0.654500335884128,-0.119769854475181,-0.529883826991377,-0.620802953316539,0.0093391742097947,-0.705608434770857,-0.58313793618665,-0.344502807927491,-0.671077918637953,-0.656474096253547,0.265282292700093,0.153251523485948,-0.110584549836032,0.166333648848445,-0.162606860061193,0.211869206320846,0.0986193302275114,-0.329733344177474,0.577670418064782,0.286868406315072,-0.205409938257965,0.236374596820013,0.512888619498477,0.0675973997655226,-0.0457338427248108,0.333606018441317,0.296746028197452,0.314755015885743,0.468740050772929,0.690054780366268,0.358260972131554,0.261906381660439,0.148578234412839,-0.405962028654751,0.20914973101343,-0.583405413849896,-0.392398962374979,0.0960743742066051,-0.097361797024461,0.548936592766505,-0.285452907318156,-0.515766695060578,0.798357958697658,0.263447601575125,0.0006319533260534,0.356833249124442,0.172926297003221,0.168256817148392,-0.472268035428253,-0.496933606591087,-0.34059474714858,-0.60292923885949,-0.25277525202861,-0.584608503532472,-0.305535912607378,0.0885081360783522,-0.436640486163485,0.133141402544837,-0.45315473316263,-0.187927230181535,-0.109460468176764,0.573627621596823,-0.269750516748117,0.431801496104647
0.327087424868067,0.2223712410189,0.360041251342176,-0.112544242230574,-0.134951187126123,0.115382222347707,0.314629437028567,0.361984196481815,-0.0760304981058766,1,0.0216638224983419,0.0010505184422205,0.5356780910843,0.0618088416392141,0.0998756478889026,-0.041890196837048,0.0223440685551708,0.0089204413825689,-0.0591522683055719,0.0940581022395156,0.0258321240312686,0.043480810173386,0.0148611698398458,0.101274569195186,0.16902363964269,0.239527064961849,-0.147721830442471,0.291793907116359,-0.20714578747702,0.0427177127584364,0.201626056124042,-0.200729517344525,0.0340336209080679,0.372499273764585,-0.252993465906757,0.124370854580787,0.250898712756491,-0.191676352254649,0.0286725769484069,-0.048140861235222,0.128860365766937,0.0080872640931382,0.138593963130496,-0.182006422770632,-0.201864166979709,-0.199139608026262,0.182905156759047,-0.275081052492411,-0.157392776497156,0.0538104444748785,-0.125369878904191,0.0625491423313467,0.204279033648477,-0.0708592137271253,-0.0196058179293735,0.194459783207518,0.152373535257907,-0.163314692776924,-0.103294756071036,-0.343080353597247,0.181718749112473,-0.0348360062548925,0.0772639812065651,0.21994438818338,0.181036216550389,-0.159125038089205,-0.180696012322065,0.0776376040753034,-0.0227641303396999,0.234434838922559,0.117317254582403,-0.224567416579745,-0.0405742988598147,-0.11863410770201,0.126352942332499,-0.329412046213637,0.154703092788652,-0.333973156219937,-0.113243260161376,-0.291885570691268,-0.166024263211178,-0.106775698049224,0.27479374424457,0.162394075305071,0.183197049122622,-0.0714208085050008,0.172246359034375,0.0322209875015993,-0.305879504944458,-0.0328721780771416,-0.132177203793037,0.699598890792898,0.302922567529225,-0.0457158908492204,0.60708059841506,0.052911273142557,0.229056980176814,-0.0665507055694141,0.214307998121969,0.140253154442592,0.107922510854463,0.0146107517816385,-0.153682253871297,0.141677252640222,0.181079341980208,-0.0329652485074443,0.11494690033909,-0.093433890053183,0.131431973322725,0.218192276914049,0.0499149409513044,0.193054526678901,0.13984015987768,-0.0944804526535369,0.372690982444148,-0.127045863094831,-0.136508237620912,0.0724879263086076,-0.0909889551620659,0.482464246803353,0.462732359866503,-0.202869877883833,-0.0253910996232139,-0.253285093886497,-0.115084210133355,-0.0548769378310835,-0.000160602929647,-0.0568176976963512,-0.0079772647438751,0.0597650116220217,0.0015622523574689,-0.212194364912345,-0.244756270501009,0.0068640123268448,-0.143419684176132,-0.188958619749924,-0.120221359278485,0.0581806400996804,0.0864627253413009,-0.0723620515899322,-0.0768559956142345,-0.0527947825926006,-0.334342744884955,-0.0778054605746044,0.124533921547074,-0.086980341802667,-0.344534555982313,-0.156885406089422,-0.277073806945317,-0.0362667358332987,-0.160161522959534,-0.197308786112575,-0.177267367553805,-0.0162641621973307,-0.0227201399899505,-0.0957308446971918,-0.136695591444936,-0.0649987699938514,-0.0065590476145248,-0.291142069165619,-0.36286962193735,-0.158198013863172,-0.309455992277134,-0.310052884170557,-0.316238578967026,-0.153666385843715,-0.30118046474507
0.652508588710166,0.35039392795523,0.214753969089176,0.742417206630214,0.491199369379717,0.509788703410858,0.483641926647945,-0.355531906611675,0.883423711575396,0.0216638224983419,1,0.751909768623282,0.424139856107083,0.231704436351603,-0.121057290856228,0.0950790783246623,0.008730460254995,-0.367235137969765,-0.61541543614486,-0.342938049846563,-0.518912439843003,-0.589341816300228,-0.490152158134845,-0.62699903289214,-0.564272979362582,0.347671983306323,0.422517683916353,0.256545425081833,-0.0045931460758856,-0.515545261067309,0.174339124193117,0.658392257741766,0.250998121411415,-0.11772909545108,0.502453050802992,0.0856472879183008,0.291040707699973,0.452806393675374,0.393947953710852,0.391030505124211,0.397557593808262,-0.0306049787898717,0.295480576045439,0.482089388972572,0.462234081306844,0.575214316520983,-0.0741017681924035,0.0357940945710657,-0.263308436831777,-0.306775693288548,0.0632036547489331,-0.0179561213144041,-0.56444154232155,-0.480650219649749,0.369826697705981,-0.258998304953069,-0.387696532021953,0.643035616130872,0.45565361357708,0.41613930108179,-0.342830782772275,-0.267936466488966,-0.450714638066273,-0.0849066303097903,0.330085775333452,-0.340475790395429,-0.441037925171372,0.198543882289821,-0.483890644038692,-0.267929302172031,0.0135352664722753,0.0792616736086159,-0.048329990121309,0.214008968693988,-0.346234935606891,-0.144189491141177,-0.0368322389138788,0.469470453428761,-0.0673940161129192,-0.415639624609356,0.478752342491282,0.192750430093845,-0.181180869561928,0.649786070063623,0.172517232935799,0.840439818055772,-0.341185018889825,0.0950442148724238,0.562477636792227,0.804006645085636,0.808298472080531,-0.1621730634588,0.258986983589148,0.88554300717005,0.473194067410264,0.180798232990469,-0.302237480936378,-0.436683592791964,-0.156662193436455,-0.2216902709676,-0.472947981525032,-0.58394816340816,0.370801159971777,-0.557693546885989,-0.0058245503041159,-0.48807581774843,-0.525851273248108,-0.0147407298539614,-0.637740939729649,-0.492683148835413,-0.328680577481144,-0.587766442856902,-0.610102306746433,0.269670181397418,0.206747140817517,-0.0946500965775622,0.111319146617729,-0.0500154829835012,0.215787213227652,0.197516046780522,-0.202305039069665,0.497054855974622,0.236859114986005,-0.178761903535207,0.275466572598628,0.470627346335639,0.084332770078815,0.061011596962969,0.331051815475307,0.18062573422332,0.317359017309895,0.436546155771316,0.592435450164914,0.371159196789359,0.269515822975779,0.068094424463252,-0.416449209254885,0.115461215031253,-0.56746574318407,-0.512630581643817,0.0181041994196383,-0.124416208039224,0.470533510274924,-0.382914823751885,-0.541787209370456,0.816681071777457,0.32366389349904,0.0896833518259513,0.282604056942905,0.112820503659406,0.137400587612895,-0.439493728160501,-0.524251921140683,-0.214429551371334,-0.509206833705922,-0.230434040435619,-0.568954393925851,-0.20475895630471,0.176991774964656,-0.449940747204875,0.126768049882696,-0.444130985183729,-0.290052132255676,-0.195834263083826,0.540857019037284,-0.211841208789088,0.430941886467227
0.677899174835658,0.40359796313987,0.222584629441338,0.657568686904556,0.351695999610562,0.675117552559575,0.29181169706782,-0.347720959203837,0.854804816427478,0.0010505184422205,0.751909768623282,1,0.58326002005422,-0.024252950196251,-0.145204016539417,-0.0056737314900408,-0.181659345800687,-0.377201495103619,-0.569306024139762,-0.474654545815341,-0.538593158072234,-0.540690860469467,-0.445634178082184,-0.492834999350363,-0.552144500329664,0.324186369569969,0.492418299532049,0.430890517636097,0.0187204868869739,-0.410459307482863,0.172257939728068,0.58967088020826,0.15856116947984,0.0655895604681556,0.49966925486583,0.127593424264269,0.0629336164895329,0.300575488023101,0.223618265216294,0.277126773205766,0.402110998866454,-0.207019452248911,0.251835596197638,0.286590282628739,0.255627560706084,0.348429554663358,-0.315004297577913,0.117174753238555,-0.0280558385813611,-0.118907305352795,0.239105328054828,0.134010361213807,-0.32136717687938,-0.311016030716616,0.480504422341707,-0.14843512016218,-0.352887563073793,0.516178881975743,0.394313015737075,0.323742343523372,-0.469491707853309,-0.520258235161538,-0.531806437902085,-0.22714703626822,0.140189673504038,-0.415627961548347,-0.378535798753121,-0.032770935133847,-0.565553037956739,-0.262404814601647,-0.0624560452301761,-0.103141313755098,-0.348442665330025,0.132294307559914,-0.055845617602371,-0.0762358058787211,-0.0234289069150792,0.361030324576557,-0.339142684869854,-0.403120705155659,0.192675534937397,0.230410138379013,-0.142903981617362,0.665958480866875,0.413102466174387,0.665269408389072,-0.518334155959646,0.217539049303758,0.387145802532694,0.854275675943488,0.63722521555647,-0.163105679687447,0.473878840584469,0.894037786412138,0.53825571011828,0.204985254182716,-0.240540158018271,-0.379668028237929,-0.195795445180974,-0.28006578669707,-0.359618583104053,-0.521897714105003,0.115194743261653,-0.482155215755965,-0.169954103042469,-0.439535544035491,-0.418794410499527,-0.0410454006040192,-0.531938834245458,-0.401935725288529,-0.340762294305287,-0.585487435531559,-0.54314315075428,0.177068734046923,0.0441922433553564,-0.133064444869502,0.182695675139982,-0.0984213380968322,0.241580022954573,0.243667209700301,-0.241248133371871,0.467596846981642,0.188426958420442,-0.320680526472491,0.0685603542012728,0.329797181753308,-0.106779466351948,0.0546961707888359,0.219715264685301,0.3402777909326,0.107403748552906,0.18523352653913,0.515094539396963,0.126652386445526,0.173423783902081,0.18638285083157,-0.30941329430009,0.242241211920765,-0.326726711551456,-0.304519417721184,0.20978781009138,-0.0490497088439653,0.375180525369316,-0.112448259901001,-0.335391455219069,0.656966410607241,0.130341394456804,-0.23426416229507,0.180696640492956,0.234669252344677,0.123237180152113,-0.472564305931661,-0.40658097436408,-0.379021651172309,-0.553505475927265,-0.318407470112819,-0.562005268086274,-0.30395092311096,0.02813026094438,-0.545133223113362,-0.178432881503806,-0.503213129386698,-0.174959148540476,-0.146718724259856,0.421832809752226,-0.400603106345857,0.226635503159085
