1,0.589051573648781,0.283337919806898,0.80609477630291,0.444183886581282,0.563757317172032,0.500699468711963,0.301468507589981,0.817742494415079,0.705733596229318,0.820893119242987,0.728065829948811,0.690874445928266,0.0721364622955718,0.108876350111351,-0.120821933554507,-0.0260617559184731,0.224528137201047,0.0509521918978826,0.136879461722359,0.0950831867542324,0.0710261643944855,0.135815937555693,0.105826007360557,0.109498254045363,0.0430040986789024,-0.262160880248542,0.0206224068845569,-0.111946117317579,0.144894905373651,-0.0462449872579166,0.105506562816177,0.296645091949595,0.104767246329549,0.128722093736025,-0.0856322024717639,0.0247358932207715,-0.162875255184139,-0.101495027304656,0.005856818127288,-0.268793503061481,0.2423334164273,-0.128229451230543,0.0124535639925323,0.10578520858104,0.198675813745486,0.0203313279793757,-0.145789634344338,-0.312888056323207,-0.252263211796211,-0.139762603262063,-0.135160624219169,-0.41931698174947,-0.0238059241408329,-0.144903253700434,-0.375767183316355,-0.179812328188199,0.318367284489805,0.096696036102171,-0.267252243341053,-0.274753327981221,-0.116390249890592,-0.396050704743522,-0.24085100322599,-0.221043015224184,-0.285978392844684,-0.440802448376727,-0.272211415520193,-0.184710566883632,-0.442073840750919,-0.255347437327126,-0.113582983948414,-0.329105954494521,0.106383912131166,-0.35918905829476,-0.0339431523734292,-0.0331610932928592,-0.136033329266725,-0.228606406959862,-0.183876862238521,-0.143446489838413,0.0528183322780287,0.0725589644013889,0.188657356496964,0.716023854026449,0.729403251557689,0.40259657571398,0.443377637155548,0.312270963970265,0.695268287533097,0.546162068170086,0.573416486730065,0.573112517064326,0.740151607497991,0.379336864620852,0.053717521575844,0.11534149734808,0.145342656058998,0.175994193285438,-0.0434252716983181,-0.0790335867920794,-0.0664732763157058,0.083830352079928,-0.139818823810597,0.0068551566984424,0.0686725419742257,-0.148251726698338,-0.120213504404863,-0.0334498198081585,-0.0077388297878308,0.0091445200519598,0.0463171411810555,0.0762428932964365,-0.151474328062815,0.264181000142236,-0.178334091306774,-0.1215888263687,-0.113174444853633,0.0303745498481714,-0.180141093731879,-0.014271913898226,0.1483939932093,0.0216169143241949,-0.0449533586989739,0.195090988573123,-0.109603438495693,0.217381048632865,-0.137237487246265,0.205653887930606,-0.315119886127057,0.204901393332134,0.0950347206972398,0.0753462070988824,0.119946538893061,0.0495105731352075,-0.0447222274551688,-0.324665574232952,0.120508546475448,-0.305326195445337,-0.299053921927399,-0.0673316013715972,-0.349072144295702,0.207467630702686,-0.233139622820456,-0.236648611085505,0.180102155040522,0.0344460123019032,-0.197936613462449,0.0544942734546555,-0.404204143418578,-0.250448536863521,-0.104727579768274,-0.38673281458464,-0.055372063106424,-0.386492678313351,0.0344935541081814,-0.247272982506653,0.122540682728837,-0.09115636287032,-0.13702672747854,0.277499359054466,-0.233290829882255,-0.168696127326874,-0.0829718030411153,-0.0880576244736662,-0.263388913220194,0.0219082471766123
0.589051573648781,1,0.499546798242514,0.837857789018253,0.0879987903245906,0.804678122913341,0.666364165980696,0.79592165268238,0.587291152597327,0.842870089766607,0.504003508805706,0.826650134780814,0.918965379754626,0.285243135450188,0.198216175655113,0.186792279864136,0.311695693746423,0.438790815632578,0.324736494629011,0.392593098697146,0.416158681352713,0.152521657207538,0.230344456582466,0.331304715447621,0.41408084925758,-0.0661387779720584,-0.282602952875828,-0.364330565660644,-0.280564025950282,0.0561508086063657,-0.376448337945404,-0.0380707924023754,0.351727810273912,-0.0619408965675435,-0.455192938851968,-0.287368861415716,0.46100911387994,0.0804646404447398,0.0838280563226145,0.09555526668726,-0.443934468674894,0.2789420912517,-0.0679782308894799,-0.258728463936115,0.316359782398327,0.149451394761594,0.387589205192391,0.254852503297051,-0.452280663134318,-0.476107080982151,-0.376690706470207,-0.367833222180241,-0.515173722075834,-0.319945556794634,-0.464285512669089,-0.640556309736014,-0.229963478593827,-0.120054757714645,0.171524512201885,-0.52094885831205,0.0553000685674762,0.0011909476330444,-0.190678542579212,-0.04787106503714,-0.222954925453789,-0.172858035782939,-0.492733673082482,0.0403271607383111,-0.19563437010462,-0.293007593275531,0.0473451871110324,-0.106871722957649,-0.0988723798071535,0.0781618337466421,-0.491769103010865,-0.472708295129456,-0.005629728452878,-0.441338860698983,-0.266718745465357,-0.230266069509454,-0.476528382682091,-0.444396870128339,-0.0621162639490121,-0.358331152808196,0.731132390500222,0.637678736547539,0.585621012458642,0.562710160154922,-0.0094933274438832,0.631228480837473,0.20527051638826,0.692599096880193,0.735823560079666,0.62774893098648,0.0871373808981661,0.122121390932801,0.177913383007864,0.321340855349812,0.337817312506596,0.23024339201625,0.232010961429917,0.298103142612789,0.375312702886155,-0.20656333943074,0.284434355544883,0.358390369570464,-0.0855513971619061,-0.0568228582149244,0.137384737527703,0.104700134907149,0.134127852046795,0.275180873846405,0.15494054510628,-0.260259479212587,0.281930453664548,-0.239038142396561,-0.193979485424571,-0.235368107128175,-0.0887636651371198,-0.331556205344747,-0.0188085541421512,-0.230223676910183,-0.0050931715636263,0.0960757073875543,0.48859583506323,0.116628868310911,0.402455556052315,-0.086206979066605,0.317578622010746,-0.193391641149054,0.38170762173995,0.317746559537665,0.100722923703219,0.443155771320698,0.0215651380282383,-0.159654793857284,-0.452539429821386,0.103421589062542,-0.219950911605312,-0.491651016091462,0.020473224968755,-0.440184484684693,0.212823511597781,-0.229959538606913,-0.224744036105966,0.180676008891328,0.313068306745257,-0.404545406228528,0.113482803029462,-0.215598479896273,-0.434219847048442,-0.108170353217829,-0.358783688487991,0.157239213593566,-0.184087716697655,0.147148428742217,-0.121572067363943,0.366994742963701,0.146029864953049,-0.0167033765409096,0.162106331886,-0.0431900613540322,-0.404134699529273,-0.271462113973808,-0.241611315127516,-0.295202788368172,-0.119908733048901
0.283337919806898,0.499546798242514,1,0.344581157231553,-0.367646750486609,0.244522658564981,0.287331788638337,0.431266095273196,0.111814969894974,0.552080505377054,0.205711405465223,0.391353672116582,0.527105986635343,0.306964789399044,0.370782459759887,0.361659458687426,0.287433908951302,0.394909710002741,0.390264504472221,0.214875779683443,0.501868635016983,0.433910899398162,0.688594523044937,0.282841832482338,0.317204105050922,0.324876176549983,-0.0434830204376868,0.164425495412561,0.490461690254522,0.410837149095811,-0.0078025652629948,0.267410806957645,0.635743478150269,0.296750693029612,-0.0885759573100257,0.0911974214256959,0.461123997757635,0.643888272880668,0.20037015269566,0.64137526260191,-0.0576943264358429,0.596855617137358,0.433482276525065,-0.52105585400568,0.360934195902914,0.301809235817158,0.339508533247873,0.17730794572071,-0.640627340827676,-0.509125881989046,0.0142671909824484,-0.229176212287073,-0.410556702370901,-0.335869663431389,-0.0366309217544349,-0.474560281600696,0.0851019120708422,-0.42249526800353,-0.219745849053622,-0.110485328455736,-0.0662022108909913,-0.398066205771692,-0.44846263394615,-0.199614588641502,-0.456499142439934,-0.398056340788108,-0.68754350767695,0.0308374527807643,-0.470456997324437,-0.239465859230566,0.0312269280085932,-0.326924700736642,-0.20672516681739,0.0480605152369533,-0.451252378328438,-0.592242102187411,-0.108221742826035,-0.733562103355947,-0.574619774999164,-0.584287576331909,-0.691115221979255,-0.570759669614247,0.054782174977024,-0.461791663831043,0.396914814113431,0.209702689285386,0.629107722373682,0.263450513541167,-0.548395201492246,0.192944705701769,-0.132386842073891,0.489711938442781,0.466208900374329,0.169790834869663,0.50502485679279,0.146151957014672,0.240299528736342,0.210357232616736,0.481560651070261,0.11730619363066,0.229429806095014,0.306194763762738,0.257298986023842,0.425007516396205,0.291541144342927,0.470324347010857,0.0553058156986506,0.57239590670842,0.18945323708737,0.634921713255134,0.263304975448248,0.589910974490342,0.384044395642434,0.48162781672215,-0.0625316689948221,0.394447430105866,0.134791380831624,0.468400659315692,-0.0801977629904437,0.266903222876522,0.450244846616421,-0.0560631976582462,0.442826822829843,-0.124038776181313,0.464655008970076,0.550624615154745,0.480618081315858,0.350781343757187,0.427573514995275,-0.049475293895498,0.507895617552491,0.316557630619026,0.324727737746626,0.228705345561894,0.330287791773184,-0.0794443594686995,-0.473513128178818,0.0445940218210969,-0.0883571940628436,-0.476550365970481,0.27356374489781,-0.246075674424087,-0.0175937443175386,-0.236997907721067,-0.254961440927059,-0.0817158060646133,-0.055683326332676,-0.0611264114115728,-0.0264382804499395,-0.394189409093431,-0.459729503680392,-0.453301733569291,-0.517680459780054,-0.0089064867673869,-0.277802729337019,-0.125656264621142,-0.42125945145227,0.161165363044827,0.14903617421601,-0.355546602892228,-0.0231062270372487,-0.195275668375855,-0.631131876331437,-0.649016403537341,-0.619410794149322,-0.609027548869414,-0.290192905566145
0.80609477630291,0.837857789018253,0.344581157231553,1,0.315250455272904,0.7816711121616,0.601204930446546,0.604167499407872,0.800550293165793,0.800195070727658,0.696441178920915,0.888498760054089,0.867174793484072,0.197714762142548,0.117445205116853,-0.0110925616671863,0.188515060325142,0.360073580311789,0.248098186688866,0.364504689081065,0.248712509191219,0.0860498635069174,0.147505731831159,0.294877270938784,0.330331049843545,-0.0507441633275777,-0.30372018465285,-0.245993484369835,-0.268499024767399,0.0655809872654388,-0.252265532111374,-0.0255095538808799,0.357091301709069,0.0394959513517218,-0.266399027265321,-0.242262778650935,0.266841427039419,-0.0687445896059696,-0.0005710985200274,0.0027953895902083,-0.389924407826213,0.258701463960763,-0.0577600572947957,-0.120605614811965,0.25842896150312,0.141029804904864,0.239405950776033,0.0217062159300504,-0.420551038221136,-0.450465120430554,-0.294732470808708,-0.323752367753429,-0.535303968255468,-0.243761978209556,-0.348772684714769,-0.541084032278486,-0.176618955889018,0.0890666112603559,0.153702718161947,-0.432741782305329,-0.0934611435130911,-0.0291924322716635,-0.287759926269666,-0.0586495023504625,-0.1999049035035,-0.216048563842265,-0.531197546447446,-0.0482152362192719,-0.221401116075953,-0.356663674784288,0.0211558106197264,-0.125533952276445,-0.177895680802544,0.125774897708308,-0.438054800192162,-0.321544131151844,0.0376832226540405,-0.260643140523698,-0.304392308728305,-0.257367769645657,-0.375454615726478,-0.235087167131939,-0.135109429352023,-0.123443954715008,0.742987622903878,0.79704908703738,0.494369508209095,0.516147623283941,0.184759977823195,0.76193073638942,0.424969172226465,0.659342683247176,0.721072981268058,0.714875095173863,0.184434639589075,0.115633187794497,0.143030047650062,0.218886413217885,0.268376996439667,0.148163245584926,0.135592809709611,0.183802343270452,0.279084053433865,-0.198009532804419,0.189994881981458,0.243615174053914,-0.0689152515370262,-0.128218045504923,0.168195124979998,0.0823935059015347,0.130414559344809,0.221337001834654,0.104347259864107,-0.314166324165668,0.269729325356139,-0.221945543499324,-0.164173702132953,-0.211596648981488,-0.0121700632008471,-0.327033465023954,-0.06711721439703,-0.0874182714617238,-0.0765038033645719,0.0468993410365616,0.33385571773481,-0.0492362694607206,0.310027144268234,-0.188088248691842,0.229359193289311,-0.229613457344432,0.282197928839166,0.235614099702353,0.0443872202358137,0.338017978809946,-0.0044475306817528,-0.0839423741132993,-0.430608399604835,0.154425951631717,-0.267225207437753,-0.465044842783323,-0.013211017207298,-0.430485527976781,0.243394578729879,-0.23982090199434,-0.21951058821108,0.225880191942526,0.242975979654653,-0.340812834588913,0.155791311526848,-0.259992864008686,-0.393596019930949,-0.103940596222273,-0.418250049699115,0.0351851513454724,-0.337205617117743,0.0790139844952903,-0.149513229159274,0.346974352958039,0.0766111661862085,-0.059447030119768,0.220685474692324,-0.134011274288883,-0.370684283524499,-0.233606656736718,-0.113443534842133,-0.328811409501737,-0.0796587651459861
0.444183886581282,0.0879987903245906,-0.367646750486609,0.315250455272904,1,0.256172667981432,0.199187168344422,-0.0662087560389379,0.593669167596543,0.232226129633608,0.453702881791353,0.273707018874214,0.198646591460771,-0.0859781335316514,0.0494135048729974,-0.183762070569979,-0.21990848953733,-0.260087501293638,-0.267839072701974,-0.0346697779024044,-0.216267328323216,-0.327431063032311,-0.367086573129722,-0.0447734726035353,0.0448995370640007,-0.375732151897046,-0.359575778560384,-0.137374735321824,-0.456471755748058,-0.266608043305027,-0.0401470548269714,-0.0249817457945593,-0.170443604082473,-0.019606833514245,0.278478392053615,-0.147500654281712,-0.381600726148615,-0.544947662986443,-0.349135801330268,-0.434862378871468,-0.0719747505994196,-0.240195009997026,-0.455220606115539,0.476551578712252,-0.108227670286766,0.0365531988121922,-0.186034765234868,-0.307412699009152,-0.0152230325722048,-0.0656758167111132,-0.151873165897974,-0.0373729905959502,-0.0732061863482975,0.314259030277728,-0.0980903844723719,-0.0146377086390968,-0.299916451229316,0.4946217127995,0.0550606352456591,0.0562088979916132,-0.272654310126275,-0.0365122931876883,-0.105667603722674,-0.221756878622888,-0.0979411701512456,-0.175482843495851,0.0558029049216818,-0.351821472540094,0.432291521052016,-0.275585317288809,-0.414240709534884,0.184834467458815,-0.184718793611583,0.109440886541042,-0.0716648903298284,0.382139330245665,0.110623851382356,0.561013258418152,0.218290073986692,0.0490156685366844,0.325610881882474,0.531798195027652,0.0294469983081554,0.625970832276987,0.311997587984399,0.363823565422332,-0.0035155222608515,0.216336096409375,0.839892413592311,0.431788583979864,0.694348521597666,0.165985512725236,0.184182256331826,0.422573735380712,-0.0025419465168438,0.200123176394318,0.106900912853125,0.100658262321347,-0.165696763690923,-0.0039352220708619,-0.16859912834198,-0.185968177538229,-0.066697861487011,-0.4599490136416,-0.0769112878351662,-0.169629757564569,-0.0799099920521727,-0.326748262564567,-0.143650833066438,-0.429664470896624,-0.0263309561036026,-0.296615719094381,-0.0537503568657716,-0.422512054848821,0.116657279312541,-0.396749987263577,-0.239647197767131,-0.379075620980889,-0.0617424231461016,-0.258404869808984,-0.176844038336835,0.199675672697642,-0.320422044499071,-0.210577364500235,-0.225675398428908,-0.345590239306977,-0.226376891295582,-0.37353256345393,-0.0170170769200249,-0.197727372781882,-0.19404192541126,-0.0551109785102677,-0.139398201279847,-0.0167382069585359,-0.271080395781154,-0.128624283158794,0.0014266548035644,-0.0171573692411882,-0.36592818746175,0.0765163137862098,-0.288648415980933,-0.173613729667867,0.0287756841009961,-0.199472611447043,-0.155736465741419,0.0806578055450485,-0.0377525633992178,0.0539266012593466,-0.0521972505841697,-0.172837386825432,0.249222839180537,0.0843223066391315,0.0100053474234997,-0.124306773234249,-0.144967967825125,0.0754115545803847,0.180263139283381,-0.160809294263895,-0.343323834606906,0.308734380152287,0.284008137893021,-0.166072884241972,0.34030179623076,0.346823650004846,0.467038713934846,0.217776378954281,0.168260627076316
0.563757317172032,0.804678122913341,0.244522658564981,0.7816711121616,0.256172667981432,1,0.404480250863601,0.821700310649427,0.628564198596269,0.692987275723614,0.382679372463426,0.814563583224345,0.855554206736683,0.217843390957128,0.0943566028177576,0.089435114043795,0.0814328508878467,0.204826884662345,0.222650206586096,0.260185430865725,0.135839496805293,0.0093411345249498,-0.0177350332296651,0.153885739522289,0.37840105693587,0.0130775615191904,-0.380033691940878,-0.174107756211956,-0.386646007594277,-0.0333722999167497,-0.147492554832835,-0.191106925315296,0.101958548111888,0.032789900727799,-0.236870960423331,-0.118447629095326,0.261807360970554,-0.203807479189502,-0.0647870210882235,-0.174460309541717,-0.255259459787339,0.173859013706718,-0.0137628070187575,-0.0253213839587639,0.262112965659965,-0.0825024219127866,0.0785240878551395,-0.103490830158273,-0.353238576980231,-0.235882148364424,-0.218408022866253,-0.108525981995737,-0.419834884383931,0.0203324947300292,-0.251051822982593,-0.42651521913379,-0.225197578083288,0.0030938762972895,0.144991120441269,-0.373320156841101,-0.231143802979869,-0.129974179641038,-0.261534731564867,-0.0874852257672875,-0.381493336369556,-0.29371226532529,-0.37414150607191,-0.107523894438943,-0.0614127107626896,-0.377972887649223,-0.0485855369663961,0.0307165362089931,-0.228812031074722,0.266512921805322,-0.316630660955006,-0.153776684032827,0.188790377252147,-0.109684035073027,-0.227984108955234,-0.0324502438622814,-0.29703325781005,-0.240249922304147,-0.214313264233133,-0.248145213983507,0.646568701464114,0.534827060070115,0.49243076953173,0.685667930449855,0.145891999325767,0.67264735669373,0.305458849633451,0.567611847112253,0.697474308406166,0.604447948219396,0.0935892221720089,0.078019963038084,0.208106715257168,0.25337471798752,0.0943136220230404,0.133053473186346,0.0235292870545061,0.142252482699411,0.0988808347213787,-0.275244370843296,0.0592925627847055,0.115799202539311,0.0225506182475969,-0.274743835922394,0.178432637380993,-0.0192474413925811,-0.0071667906665349,0.102710448605499,0.119981182690339,-0.328088244029047,0.0447041075936085,-0.284825724820284,-0.0708941446982983,-0.269777997312464,0.0928726345271342,-0.225864179769833,-0.18459254477686,-0.066311118846916,-0.218491032424656,-0.194911848584055,0.219919931449597,-0.18948813080842,0.251797532863597,-0.318678855222165,0.230924030938226,-0.2289827169881,0.176596903817946,0.23781918767222,-0.113819924195676,0.240302271629938,-0.165943762096295,-0.108741993496442,-0.203140172573513,0.0986986395321204,-0.162968354919434,-0.234392739982793,0.0851257661563354,-0.38183946335755,0.142264309803235,-0.109682708539443,-0.2639076738681,0.069664386403374,0.233439231965703,-0.273740547572528,0.118513703663581,-0.218542676982804,-0.453223038474544,-0.259995085893714,-0.236275964394911,-0.164663548740064,-0.344167603152892,0.0281746079114019,-0.144609482480909,0.235236191358515,-0.0580410029297897,0.0501905638252231,0.307959010000227,-0.21835265044801,-0.179670449923561,-0.0864804116997381,-0.0627056275028248,-0.203126073361683,-0.179946433702564
0.500699468711963,0.666364165980696,0.287331788638337,0.601204930446546,0.199187168344422,0.404480250863601,1,0.379094557990163,0.51343938791331,0.715701274739751,0.559935454599548,0.564494651347738,0.588097039480774,-0.0543187692617368,-0.0060754489799532,-0.0865493250403725,0.189621463806624,0.284158627961096,-0.114773366429832,0.0253541725721013,0.18022258131757,0.0147095071334115,0.0599327771499568,0.199774869099708,0.176342438063495,-0.276490116829327,-0.0218075398166385,-0.430712501801856,-0.269091197165432,-0.0637096699360336,-0.377106578412218,0.12924157247242,0.201436379999916,-0.116948912008948,-0.293651312050425,-0.398106392822101,0.270736130283778,0.111577420473829,0.0031479913974084,-0.0302406269193779,-0.413571724963467,0.0060208348329129,-0.249912615606013,-0.179983445687641,0.0328540149718767,0.272214622422285,0.245524260530621,0.385586565272368,-0.301694653365195,-0.454887548679714,-0.459733901906169,-0.524653845838159,-0.360016159363472,-0.518405488313616,-0.598388262935125,-0.413524539943026,-0.10660767419052,0.126359051966423,0.18825731126542,-0.599587096834961,0.252483753202262,0.271676796111947,0.0461017756271164,0.0744965564751156,0.229262451178932,0.115040194455915,-0.270075333792139,-0.0197281838652541,-0.100810083522147,-0.125564968768857,0.0380336742713323,-0.277756218569214,0.0391516852127695,-0.212792984660204,-0.466060505992433,-0.432382168901461,-0.258620631979338,-0.178625633752666,0.0046758060025366,-0.274797021754567,-0.15286160893186,-0.0746796058247438,0.0361562076028624,0.0084621919945376,0.455813850061418,0.453588252324355,0.307264656429709,0.16944359023587,0.215352627019697,0.414920691372946,0.287752787858877,0.498890135044878,0.404183099851158,0.598077868031077,0.0025993004478868,-0.155292146919876,-0.146721761733716,0.0100428076576625,0.197296565097655,0.0936663186134995,0.0659090541878184,-0.0312547673841086,0.356074657472422,-0.240020579400681,0.0193504925074226,0.144231351378291,-0.286120105608611,0.0130608286642653,-0.148461678773979,-0.0533865162727614,0.109274742184809,0.200113903401845,-0.0423613146211317,-0.276352246655481,0.609528024948669,-0.235604353040077,-0.312020609527844,-0.262552861788574,-0.192470899433226,-0.329119687397804,0.153229874627278,-0.117385596667872,0.0303862616619194,0.388926269690352,0.380825492930241,0.161396549709149,0.0391510585245549,0.092101869012906,0.131141743951309,0.0498140697206284,0.127474081849737,0.0729918320566555,0.227905727801013,0.253767943114498,0.141958352853453,-0.0222135188541185,-0.367614806059191,0.0865730756072328,-0.145990132675592,-0.20691831225076,-0.166884933633267,-0.26985259717185,0.257658239226346,-0.192651107415476,-0.0346763422786876,0.421999864840182,0.28720626470356,-0.388988205157125,0.0422276984050673,-0.0998136861935748,0.0870222861772132,0.304186941250622,-0.142499458494621,0.387448890174085,0.134306860389852,0.227239456553991,0.171611841961353,0.139121921770938,0.182556286245639,-0.0175725141716679,-0.107937609819355,0.224888671631772,-0.166049557541174,-0.074437667310757,0.0779632486079969,0.029902317717281,0.241635631496236
0.301468507589981,0.79592165268238,0.431266095273196,0.604167499407872,-0.0662087560389379,0.821700310649427,0.379094557990163,1,0.346795016362451,0.645323966915226,0.117207997913225,0.719195494411546,0.816763157868008,0.319004028388678,0.162848720619272,0.227843990573425,0.131337309751839,0.227741441813292,0.22237409764294,0.247742378428573,0.266058167715825,0.117506339754671,0.137417596525874,0.150687729451995,0.359281110205031,0.0899426421549583,-0.240230548138451,-0.146618983567831,-0.206670173382538,0.0607341788072564,-0.107097737914914,-0.199627030450829,0.157051030615467,0.0079287947562899,-0.378109232741271,-0.0436245121896729,0.49244587630692,0.0648181969115018,0.0307914537599455,0.0183198884085048,-0.135961104826774,0.162104044847373,0.075819576580623,-0.274658655103739,0.265221628480643,-0.106502968213842,0.214722268425913,0.0865852578142499,-0.418633918526702,-0.244149907520429,-0.178984013718498,-0.0578778234488471,-0.355950091140127,-0.119269513639041,-0.195876671105177,-0.365609923103477,-0.109029679520886,-0.220507149538388,0.159387738162417,-0.377930023399033,-0.107240674706901,-0.175476714605299,-0.203781640622772,0.038148304065612,-0.360617494401467,-0.251020518405502,-0.390547333587014,0.063861021693326,-0.176686707944917,-0.23655142973935,0.101640185198016,-0.020412414652428,-0.125200600537782,0.13830527991419,-0.284399615578038,-0.341809270158748,0.0633665632547543,-0.289327866289257,-0.286638205964024,-0.0372847042325442,-0.486675675358771,-0.409776464884525,-0.191906751285439,-0.523206339654698,0.576691318941675,0.378428169507975,0.636792890712788,0.696778701795403,-0.127998772555355,0.487837783718913,0.011939954228336,0.620488661189121,0.754131669723073,0.402723783669791,0.126909974367976,0.135451167378883,0.275306418089588,0.21522507549779,0.120662685726568,0.206370687249888,0.0962124402837451,0.18186163450481,0.149947933028282,-0.175742070287557,0.127220259230685,0.190366564624367,0.03856174169225,-0.0679731718086495,0.184550491696044,0.114355454919202,0.0376186125704789,0.275188003547069,0.0625654148661373,-0.18063828385122,0.0268723239817881,-0.151331476296704,-0.0420909383683754,-0.135104922883648,0.0561944051185925,-0.145207808052556,-0.0876333473410278,-0.230015600588868,-0.0810807322067731,-0.137116188025015,0.402421281277449,0.029763813048543,0.317001101718652,-0.155165395398181,0.326465021738108,-0.0702544309036772,0.237105585083372,0.258391823191335,-0.0221585480486284,0.282153496411527,-0.0768109392427488,-0.157948656096533,-0.264581816776588,0.0346465441499597,-0.0293328918519943,-0.316775783518466,0.19737013042311,-0.287211011977905,0.0830953484693256,-0.075220182331908,-0.262825699300485,0.0030048349705557,0.273114688233035,-0.25557610415793,0.051355825237785,-0.223714708963643,-0.565879946464985,-0.333257734379898,-0.287081178150757,-0.128234958371806,-0.268821949706059,0.106465589000871,-0.21790231850513,0.334844367230452,0.0381816940748326,-0.0254373056756536,0.114276400299956,-0.170520779773689,-0.355959520867639,-0.267877636756145,-0.259232278818376,-0.3104258408891,-0.316515931778126
0.817742494415079,0.587291152597327,0.111814969894974,0.800550293165793,0.593669167596543,0.628564198596269,0.51343938791331,0.346795016362451,1,0.688738770801924,0.852594613239196,0.806811284568109,0.708683494788991,0.0843431721507239,0.084218694936738,-0.162612404429481,-0.0353152702044428,0.0861331081572884,0.0155458570567181,0.152567125099456,-0.0123513837628635,-0.153128971347341,-0.0045834702811108,0.0736488847392875,0.169571686311165,-0.186045783411446,-0.389484629059164,-0.140802730079239,-0.298641286883632,-0.0445719337103203,-0.163484214692366,0.110301083610239,0.269983533003118,0.091042402659308,0.0654394504464858,-0.296802256093145,0.0019772443932879,-0.259070025193293,-0.0399967018241353,-0.128093879241102,-0.252026256236427,0.0924450478524564,-0.197755095519006,0.151061530963506,0.159893400044534,0.210047230566787,0.035905158376911,-0.103899795603419,-0.289603029742369,-0.334905100012673,-0.225370159094274,-0.267208320435618,-0.513164446368463,0.0479312587849942,-0.306301199311155,-0.462015424942189,-0.332972627565084,0.45439736190276,0.204528052518409,-0.254109673162836,-0.243894270500055,-0.0334745416742374,-0.354099336824147,-0.206003642293583,-0.179565847967422,-0.292785607541711,-0.425158079310164,-0.169065846988548,-0.0470676578805277,-0.507372959536707,-0.214289922056548,-0.014345017531746,-0.292458129218902,0.241745433345365,-0.44283596352915,-0.10158485092728,0.0794395885275889,0.0296292520528923,-0.24586598124539,-0.168282536674236,-0.0618063945203445,0.0646973030400565,-0.117316425832607,0.202363306994596,0.716388365828051,0.810766093677415,0.390345244462139,0.470736275591479,0.50678434302228,0.857270100070251,0.737210205651429,0.574368143748792,0.624217936346174,0.841348338435326,0.302452528504887,0.0786720097778332,0.103919339505878,0.143027923195272,0.0458161919120003,0.0041340964715899,-0.0361178760958991,-0.0473759045763785,0.125092666070367,-0.317508132565866,0.0105957104645097,0.0149779221967579,-0.175317251972714,-0.176941429825464,-0.0800396558013908,-0.119014969625355,0.065202002938125,0.0616171540597777,0.0952908165325677,-0.308869328010191,0.307533361810192,-0.266100334583833,-0.0979153446733439,-0.191651025553941,0.0595484537628671,-0.190285421297141,0.0343484250605115,0.219731616317551,0.01294423016985,-0.0220152636696765,0.194727070266329,-0.125648672235368,0.28186459925851,-0.237842174495366,0.191760119177046,-0.250662216361154,0.20396923180516,0.182742388395097,0.0833724252413375,0.219028584369563,0.027365756187625,0.0185575289000577,-0.353262151609018,0.315398231960188,-0.39396239916722,-0.320390729041581,-0.0689352970651634,-0.403666759621069,0.269099394403088,-0.323278087182338,-0.16211754298169,0.324617205210889,0.21881030329646,-0.106421152615177,0.208136307606586,-0.387313125891292,-0.238134517327263,-0.046644462351467,-0.39318175905322,0.0201772908519652,-0.383327575302103,0.000970371435989,-0.103361705786597,0.191753078328697,-0.0431165377126898,0.0829380745591434,0.361895495251854,-0.187441381325761,-0.167906291032129,-0.0939923489354113,0.0562275426274765,-0.239946771356721,0.0491834045611599
0.705733596229318,0.842870089766607,0.552080505377054,0.800195070727658,0.232226129633608,0.692987275723614,0.715701274739751,0.645323966915226,0.688738770801924,1,0.703572851084756,0.827929197516624,0.894406277581494,0.207043170007592,0.17659157786976,0.0141551656806936,0.271441279991908,0.289488913221809,0.160244575684928,0.366176177899735,0.341205522882911,-0.019948724801002,0.193843843865269,0.221660765746282,0.279307583168532,-0.204635382004422,-0.343851956204961,-0.339657822741149,-0.19532283456229,-0.10051016327695,-0.399099154111531,0.185029570888763,0.430053305238464,-0.01963748137225,-0.253063157362257,-0.36656899011993,0.36338740745168,0.120562041629356,0.0064084658798281,0.108492121001616,-0.262376683639623,0.307822806514266,-0.100632403183467,-0.152193327073072,0.335186093968921,0.409278648028737,0.37992921990605,0.0809928253552331,-0.57709726186435,-0.606701433855803,-0.444933609196118,-0.488893787821122,-0.631492113649192,-0.2963903458229,-0.495943522186595,-0.681002306876592,-0.302651126061278,0.0879358929785794,0.187615604358543,-0.486361544577892,-0.0783112959731113,-0.136893441501008,-0.344468570459636,-0.20364999847228,-0.267496986267811,-0.277506244037872,-0.588700504602477,-0.0543129263874643,-0.205172817890497,-0.449853028161674,-0.108106327986028,-0.142202261837892,-0.198546233419699,0.112541361332587,-0.603938696287277,-0.493695306515923,-0.173049659024975,-0.339650441439538,-0.311768667640782,-0.356102053310665,-0.394606916154195,-0.250507628734532,-0.0867731125524607,-0.126605774982036,0.759314991349813,0.682903760654391,0.647998890541956,0.533602864172021,0.132955963513035,0.701938429567187,0.416130179386749,0.800023785015773,0.746129737719857,0.674120522300893,0.300807478319635,0.0773788847788428,0.140481436733257,0.133206856131677,0.156383170933117,0.189697719357544,0.146650336826495,0.19892663421738,0.428876198505333,-0.312559451195098,0.288572680921228,0.347346022321671,-0.165300354304041,-0.0124619212454256,-0.0229127660694992,0.0248388317880068,0.227329929243759,0.312805360370934,0.105040628964254,-0.224537596723948,0.325372361487645,-0.234351702622374,-0.221098842019763,-0.24334639715526,-0.158704315452575,-0.227611122898586,0.203555636501096,0.0291356754631022,0.0563345300371049,0.0306695178697574,0.524890483355524,0.212939876420674,0.345810495489636,-0.0720762241920065,0.329852253490707,-0.094562551542994,0.418253723022131,0.35946298065276,0.370353421302542,0.426920148929175,0.129616169729256,-0.0689763761785071,-0.543044753724609,0.250619436350027,-0.351045922899795,-0.443154132658074,0.0136147333837502,-0.511326158560276,0.318487925992785,-0.357040201131511,-0.254756975121461,0.347255870348882,0.309403843752357,-0.253808170541055,0.195823884446612,-0.391354392166093,-0.238728637119628,-0.106799999439082,-0.457862341281547,0.0780934931335676,-0.300994913759642,0.0511313724804929,-0.0899068439198389,0.206072357320747,0.0801249132880596,0.0340384643344852,0.212557157469535,-0.0375356652195722,-0.351168187156721,-0.291716062405634,-0.139340953950548,-0.270020929055561,0.103730544574499
0.820893119242987,0.504003508805706,0.205711405465223,0.696441178920915,0.453702881791353,0.382679372463426,0.559935454599548,0.117207997913225,0.852594613239196,0.703572851084756,1,0.646381551824581,0.563207641540904,0.125498438604201,0.166339562752757,-0.111788284318568,0.139807877480963,0.204424551306424,0.0505035562749802,0.227203409480468,0.154471799808355,-0.0949772436088834,0.105861179918893,0.134578633190491,0.0749264346493401,-0.232269427732129,-0.27865509446362,-0.214844591199831,-0.172502800837749,-0.053261731463248,-0.321433127028476,0.264687985186072,0.372125726769297,0.0064315629848823,0.0381127304515917,-0.36874213662501,0.0777216368466457,-0.0730264500015741,0.0088890536804896,0.0547220120965223,-0.361254293398561,0.242467534320633,-0.207091373580452,0.0178966390771053,0.192274506824847,0.434580175958085,0.19348378079627,-0.0227162574535019,-0.334822369249558,-0.431920604405889,-0.324025120772384,-0.41087470999713,-0.516920473529716,-0.180747765693404,-0.392509292543059,-0.540865325007824,-0.30695989476622,0.412422465809512,0.214704126471552,-0.31497321251213,-0.132926193740609,0.0414977690326848,-0.282608808920853,-0.200498408726729,-0.0736393199598589,-0.202806961388554,-0.426284522311459,-0.194206136854324,-0.137591821857726,-0.437324695327404,-0.244262696651782,-0.112179185127848,-0.260030232821202,0.0833976785204875,-0.506030869166782,-0.215476396032926,-0.137560064121957,-0.111636227455762,-0.20370494808923,-0.302702816457461,-0.0550426985328581,0.0857215169549349,-0.03151543748807,0.288321898809922,0.582032041795932,0.765438636602615,0.277708966086333,0.228878933321562,0.399381039836943,0.674085241377615,0.673395076326339,0.513287784078499,0.449168409023481,0.768774159452531,0.281697527284996,0.0896760678777202,0.0861779185892584,0.125927805532994,0.126463753367626,0.0655982662846165,0.0730278764238728,0.0393750323283632,0.261942494687594,-0.280883160120086,0.157555993967599,0.169216799335922,-0.21002813824196,-0.0506485798248028,-0.120488093178761,-0.0864369821128446,0.141221484781218,0.0848549321962455,0.0862962018978142,-0.259741259313156,0.37808307900905,-0.220707170681309,-0.222271236503017,-0.206940342725935,-0.12438542463308,-0.216133215331928,0.159938395561494,0.187117748047398,0.136628957346411,0.130007195104325,0.356567929998027,0.0861238845529609,0.281894483322499,-0.0268427162719172,0.253096395127719,-0.256095039492615,0.348769422744237,0.189626020347959,0.30563388520166,0.263777897953604,0.149456654243921,0.004816446565084,-0.424751177745355,0.294556315336355,-0.389544851968427,-0.339127608770667,-0.124493247839483,-0.417557798139446,0.261378244611228,-0.39446999656434,-0.154037305297586,0.390750606926766,0.20243828715583,-0.147051721946384,0.171191213595073,-0.400464373310153,-0.0265002266373506,0.0628618463468593,-0.382250269249334,0.110859000110847,-0.299929149841272,0.0859423418982561,-0.0678005466320246,0.193000946537793,0.0234153876619842,0.0298103464475214,0.315922441621076,-0.0652619004425927,-0.168556985417419,-0.124843441679614,0.0263991171398494,-0.184785283116709,0.234693949761391
0.728065829948811,0.826650134780814,0.391353672116582,0.888498760054089,0.273707018874214,0.814563583224345,0.564494651347738,0.719195494411546,0.806811284568109,0.827929197516624,0.646381551824581,1,0.906361556718386,0.231053468503079,0.158074504518232,0.0792926023652334,0.1733544028528,0.317062417611089,0.225138155581017,0.313971586431465,0.202949426252221,0.034801658204306,0.20121622820869,0.207455503796795,0.308381019272084,-0.0158683033591159,-0.422912238595853,-0.168671216659539,-0.215897391784547,0.101983223574643,-0.187346055682491,0.0677638272854807,0.366250318515369,0.0637781192759934,-0.194801653205589,-0.202603363932114,0.295517282776359,-0.0445116965072507,-0.016648774581187,0.0606017507283207,-0.233603388727969,0.285315670615591,0.0473204585447418,-0.0452953119979918,0.370806801341942,0.142187272910853,0.224585728966231,0.0370445848849987,-0.474411251990779,-0.422050586155591,-0.229330217320816,-0.287082237377192,-0.621651542341247,-0.0524153545353127,-0.29508513213267,-0.580655591079973,-0.28291316690528,0.177599735384921,0.196379505669337,-0.320001537138648,-0.186566688989901,-0.093683255534348,-0.413628652003258,-0.143250682564514,-0.30878281280215,-0.341422542507988,-0.599018556385543,-0.0718342083947028,-0.174533507216214,-0.484109244126241,-0.0417885076672154,-0.0108328567610745,-0.259189143403653,0.283530199650354,-0.481382726466176,-0.30081099631141,0.0646394177050071,-0.281334309277948,-0.401316186865409,-0.250979998677402,-0.368384222990088,-0.273935266114472,-0.196195450395405,-0.232960644864298,0.796099935322795,0.793442860924485,0.647915434607458,0.638764696866603,0.158908064304043,0.819008305859259,0.368030346134602,0.745749632909912,0.851116590455981,0.772642844654474,0.261897167282283,0.195086030864732,0.231256343192746,0.217691131623528,0.156295015968836,0.194817033082498,0.106702689124631,0.193645440380366,0.221811945100865,-0.270386921174126,0.199588439364799,0.206784047447518,-0.145488992976566,-0.112958248236661,0.0575792340038767,0.0128544744010992,0.160161987582644,0.295932922945559,0.114852973974856,-0.281934349471675,0.227217825631763,-0.211828214437954,-0.108122136358165,-0.157499697161147,0.04949115490031,-0.220924923652626,0.0182871302473051,0.0074518064320175,-0.0003901100707806,-0.0297008288175571,0.407195391496826,0.0061432925959361,0.43293966046434,-0.210285789997698,0.348713336025781,-0.274804119412368,0.366777520677694,0.354954303162109,0.0682716767502349,0.360027652782476,-0.0569013593029117,-0.128228751892329,-0.448743960019513,0.29733976645085,-0.372300294007289,-0.459618542890805,-0.003501163795605,-0.515061744703928,0.290135650497866,-0.296540707285081,-0.337177562309426,0.231021330125975,0.242152850888372,-0.216231150989859,0.211607256848774,-0.414476640426569,-0.495247372001586,-0.22426566589777,-0.489028303431797,-0.0212357537072315,-0.419997877694467,0.0649373917118945,-0.222351234508286,0.377835267414293,-0.0204153016362086,0.0299642023454568,0.300972883452989,-0.227958687456993,-0.382211098149541,-0.274893557457437,-0.198679822322631,-0.383151265260345,-0.11259756402319
