1,0.772090507683233,0.463117973974732,0.794881349008211,0.452986551247342,0.577823267319002,-0.0308564848160384,0.402671004590931,0.740623541061729,0.67989962127168,0.777047026466775,0.6747156465251,0.838616822528642,-0.152471276581525,-0.161795211636586,0.0392196289556797,-0.081448331207752,-0.200976188602919,-0.0047708563690497,0.455893092288129,-0.287974755951195,-0.0064634224270351,-0.029741573813592,-0.110658891756116,0.0194881016723039,0.458530384722573,-0.134908581579657,0.154895532261272,-0.177349418804731,-0.207975124417806,-0.0796025172525398,0.281884714864661,0.198268432226133,-0.198853770472019,-0.113184928359653,-0.116150797224979,-0.0843571525155042,-0.135239618751661,-0.124519543838501,-0.0370872201601991,-0.0589290466482922,-0.0050532023780486,-0.195300493971675,-0.397049730491357,0.0346026244350357,0.357396549029064,0.070580520644683,0.0018825386295637,-0.322860760464321,-0.355390778255446,-0.127440753169925,0.230542780222263,-0.223716293917068,-0.368560095835435,-0.162193874792393,-0.123998690892283,-0.211794467111708,0.111906903464612,-0.223442961485984,0.0621845692439155,-0.289680231326456,-0.273132881549001,-0.34956549662894,-0.383595386953166,-0.349989548935599,-0.475663904398764,-0.341553286414855,-0.14001736322259,-0.0618145468216456,-0.415891620365565,-0.302466131110605,-0.178778813117728,-0.311764304058422,-0.173183720065259,-0.277347595170931,-0.15858177492816,-0.248914369966352,0.0140668146513848,-0.291054134512859,-0.202008599332261,-0.19030491881234,0.444899837927627,0.721776798838272,0.68469968573611,0.830238272546708,0.80423745519892,0.247855830500726,0.542837789537381,0.678667412173066,0.690681126162516,0.777665895717669,0.62919146591967,0.653334126586067,0.732583785196733,0.550484206701048,-0.0541888007045862,-0.204183759578074,-0.0462729872245333,0.301335664875869,0.040175330063778,0.124684265868535,0.0092902160119838,0.388576541847107,0.071303352639284,0.569805113177381,-0.0669941357883617,0.0588209453425664,0.0241054255756681,-0.0605208832166063,0.0813470979887103,0.108192805286787,0.209076226001329,-0.0633446241169516,0.132463563980403,-0.392231907294313,-0.0807969550261002,-0.186223038175231,-0.151278311218623,-0.110634708206963,0.274416020247766,0.127542087030824,-0.0828865333391327,-0.17914464650373,-0.0630336977572495,0.212195955924719,0.0017220330289092,0.124214878933026,-0.0545234400449327,-0.201801130485164,0.135249326150448,-0.0153420959392674,0.112263447555666,0.309406053850587,0.216069820895419,-0.183258939229127,-0.164808468737199,-0.329487635613762,-0.222026093748398,0.0526857943942707,-0.152504317693398,-0.154212168391114,0.0277704089245657,-0.48808048054243,-0.133830735354453,-0.414246620297334,0.153075998456768,-0.26517239125572,-0.0285678657449197,-0.320351364445829,-0.466699904087635,-0.259948488051638,-0.147267513472367,-0.356286345607154,-0.437866736262363,-0.175488551751088,-0.185225805444707,-0.548164869938655,-0.38923133257609,-0.281485752673275,-0.245177622213387,0.190472261194783,-0.19177000762717,-0.199743721141241,-0.094840329021752,0.322680342709655,-0.300554398039715,-0.146597342606665
0.772090507683233,1,0.564203157315866,0.855692126614136,0.285275244122517,0.806557212898108,0.156999052888553,0.783454820411264,0.698394311838673,0.619802692850806,0.455648710534608,0.801184175424093,0.890768635398658,-0.0885391736853743,-0.116454301754436,0.131166251552611,0.0364973028530957,-0.0451293371383438,0.0331389807452275,0.323296909753513,-0.219329909823343,-0.118899206451551,-0.0393241917640741,-0.123413737275993,0.126705617454615,0.404587920242923,-0.0581729457603584,-0.0921272388757419,-0.117012055919216,-0.173779560679274,-0.124418013795922,0.160262777972104,0.258924489013888,-0.461987374737312,-0.420000505089437,-0.0822214968465452,0.16593958379171,0.0165480619124812,0.042372474980838,0.072444772463741,0.012303392095659,0.158789963177854,-0.102630644937845,-0.298821276423862,-0.0572282465624135,0.387339249575607,0.15856938132497,-0.0514125402419145,-0.162416930224799,-0.4562764201003,-0.224134305277323,0.0547882755068466,-0.404204075998356,-0.447262430398215,-0.218188370558655,-0.288808571921109,-0.318936036419761,0.161224338475635,-0.0055607035259076,0.0791754999251115,-0.384766739682306,-0.493528033244045,-0.506674006618677,-0.455511586129029,-0.438776890855945,-0.334488381157483,-0.411279357255826,-0.109426408688864,-0.269216449680325,-0.345823152288381,-0.197882515177851,-0.17196950258542,-0.483928364981358,-0.139468429083637,-0.32090497461544,-0.390609309877315,-0.315554533657423,-0.242590427428823,-0.335104129253714,-0.190229775691045,-0.294693756366376,0.0453886696067478,0.497068850247992,0.250945155407535,0.936531696479881,0.803950072172229,0.339019855529028,0.836497165198485,0.323369584009967,0.753749544473355,0.569079789497282,0.647627922062404,0.842635206484173,0.797482059340313,0.362963905303098,0.0030117827326573,-0.11897081612138,0.161975693070496,0.387612759479454,0.179314428508456,0.191493838467014,0.0617801100217564,0.427275250575706,0.131580143713629,0.582512272599514,0.0436081607900408,0.0725252821032686,0.049042862715397,-0.147815717200673,0.242830415621873,0.0417542113325359,0.307292021055494,0.0077139981513264,0.0338259035935612,-0.0705592568550957,0.0677911898879091,-0.0858030364254493,-0.163581242363562,-0.0651809520612219,0.197529036312385,0.0688397664068677,-0.33361911904959,0.126102114907714,0.294362712252267,0.404963291917427,0.148669962970587,0.118089332358329,0.109119000398974,-0.0166279407265731,0.276484930767477,0.193519634874945,0.123299475237511,0.382848158579962,0.324720917446427,-0.123493091217401,-0.024812444964625,-0.297004170341136,0.057743309082474,0.0126187779177656,-0.21924147214734,0.0051408132738106,0.162231111426277,-0.201985226772672,0.0533490847835574,-0.1859189661041,0.397909301466067,0.03035079884969,-0.0368783601899562,-0.162467796119028,-0.373061430119592,-0.415244648532275,0.182699713265149,-0.0579635229803498,-0.380388586510246,-0.423413905451421,-0.350910940904571,-0.428804731065965,-0.196452898949823,0.0091319713332826,-0.128193754060211,0.0708367438976991,-0.395430473983247,-0.238138269959828,-0.286022117900347,0.0595413459915331,-0.353502443092926,-0.0593109752052868
0.463117973974732,0.564203157315866,1,0.433823990191495,0.0129332545246789,0.32118728949998,0.476500058999598,0.451433261634345,0.290124022503492,0.52103925507585,0.274150712515761,0.367019863993078,0.52034212313369,0.396285440567588,0.262406036747515,0.428716224197424,0.229771816730811,0.349027723057293,0.0792191087487122,0.213753810989477,-0.0879389903832192,0.0167268858199258,0.565955243912138,0.372921360565455,0.299239475386444,0.624253900560773,0.112499475559862,0.11890719561011,0.536504525050917,0.468588303923104,0.307957891744114,0.432569195887971,0.60575667281451,-0.0872086868101717,-0.321755445616671,0.303821630100113,0.348856897593146,0.522308821829493,0.489021505581338,0.49093503828539,-0.195835527690162,0.459665000472863,0.138228230956716,0.0219436750046028,0.0234934695823292,0.427605085148433,0.182505078996807,0.261531982447118,-0.042125485094711,-0.525055749339064,0.518982024979975,0.0307773871493532,-0.416804589941271,-0.541511217395849,-0.148249120666783,-0.416058607948438,-0.339251331444001,-0.200080013307553,-0.105116356447983,0.343496210077815,-0.471542080257217,-0.362293405696094,-0.671176345646693,-0.449676874792897,-0.539640581978796,-0.33191252503366,-0.544320228717558,-0.219104779841379,-0.622362626345116,-0.175678956364913,-0.249245899501392,-0.493430780205802,-0.631758672308941,-0.322773457837283,-0.529998562410559,-0.538847834543929,-0.408708994807564,-0.453649738545779,-0.595056938674825,-0.49979460526115,-0.425347249251001,0.0465924346483807,0.38221935085128,0.174026591530784,0.44837219067958,0.349059411601754,0.525001769938779,0.391561573836765,0.0391423348130606,0.341502617398561,0.354614617633298,0.309647508244625,0.338185647955747,0.402980844378772,0.414981000657594,0.40033716041785,0.168474393338636,0.322549547041754,0.289380376130099,0.316568529218328,0.239305938104303,0.0316417461179809,0.105022854998252,0.267714278593021,0.271749164171337,0.326329061605122,0.0835874650818661,0.475210240588695,0.0099682506713362,0.37062157737959,0.564644814903596,0.272456946690798,0.139574606851639,0.616865996599501,-0.232811811947339,0.405500443708661,0.412921359123021,0.4756540894554,0.218051042043129,0.38453216383036,0.408788241784046,-0.233696343851887,0.340013273387724,0.274390322162884,0.576954455186997,0.549267147930896,0.26142448115784,0.313294715467977,0.495868399870081,0.150867406614429,0.411984439652789,0.168119957607502,0.483559624411002,0.180396601829065,0.515179992097521,0.442333409839506,-0.263705699065146,0.0481972932548711,0.093605199962052,-0.173092607463071,0.20743923784813,0.108961561195081,0.0071120522880266,0.318716602465083,-0.133254988483087,0.109791557569894,-0.036554201206843,0.0882260794849428,-0.395273402467214,-0.477076718990131,-0.495828006688217,0.444311483407511,0.0517384619254266,-0.218462565924426,-0.594524489948326,-0.275451609909989,-0.47556182145277,-0.126089804381082,0.0583519038200794,-0.58421280739925,-0.241707171443894,-0.658820268984786,-0.308396041940029,-0.552599334164637,-0.0762706478865547,-0.648365922998068,-0.0902653739990246
0.794881349008211,0.855692126614136,0.433823990191495,1,0.361451312340011,0.865455577350205,0.0654227161464978,0.526541109227445,0.898583045489121,0.574736188302608,0.641526171100474,0.927257942257668,0.81620220729704,-0.216690656462885,-0.181143512387756,-0.0257029251168819,-0.0802273491269026,-0.244545678439883,-0.0973654100508194,0.450707434771387,-0.426097079825356,-0.143833289332009,-0.185324962527058,-0.193888449182157,-0.158922082807319,0.369425230856056,-0.0095979557131092,-0.0059926408136116,-0.12460429790834,-0.337010190755323,0.0180937081488571,0.231802358271921,0.209789698171204,-0.307652911884128,-0.405816286422265,0.0187115440411985,0.170372104937311,-0.0116007243533016,0.062252984899631,0.119465125995444,0.13582835156552,0.15578133696571,-0.0386764523565061,-0.285550125540566,0.0228895426630164,0.3996038991174,0.0732861172989173,-0.0762680100624425,-0.260595107310784,-0.313031806254451,-0.148088626591683,0.156605081218277,-0.312667397863755,-0.382934458323301,-0.071622404797971,-0.184906066534014,-0.204252112309749,0.314886131688591,0.0911137438582311,0.133542954038449,-0.307199540278653,-0.403373950732564,-0.441268003192143,-0.322108693210216,-0.358112713976239,-0.385556203443177,-0.34934612588432,-0.0353202252566908,-0.287093482642882,-0.210235207975732,-0.127988498429797,-0.208979471611565,-0.488844387827484,-0.0900142794883284,-0.323983459742944,-0.403278440766899,-0.253049729492969,-0.215293536760965,-0.300634555056509,-0.194805711581824,-0.281625438859724,0.121273633873566,0.465424326232402,0.314084472473074,0.856693472006109,0.938560237816686,0.253508765860798,0.831645909659567,0.509498038291416,0.913800296217931,0.788957074414985,0.58962234602753,0.820138790010048,0.945817919311137,0.418713921133932,-0.0354827477982502,-0.184331548512653,-0.0086141676132607,0.205672296737225,0.139722098526939,0.0726200548110687,-0.0871380673232987,0.463993436008883,-0.076518655525511,0.664050371464166,-0.161265841824352,-0.0174555263101851,-0.120053423552262,-0.301121623730092,-0.0342405410661034,0.0092129801434093,0.0217254675983602,-0.245433648893435,0.0560836893518345,-0.191998796722958,-0.0627713014535193,-0.15683252133486,-0.309831055293309,-0.0297598447976173,0.253776472966515,0.214714720117267,-0.31720060854635,0.102324466477661,0.206299071921322,0.337706786564634,0.0596518620639881,0.179279545136663,0.0722478174316994,-0.0781550337616163,0.443491056555747,0.201133407500322,0.25985361496734,0.343093939980177,0.406141146252609,-0.0912468512800683,-0.0666227672064466,-0.312154313424395,0.065237539828227,0.019664922986177,-0.134063374663925,0.0357944164611656,0.216949514066845,-0.140388044952036,0.0025030608210401,-0.299120742189979,0.504615500650692,0.0668511293713401,0.0300486044417303,-0.198996083711555,-0.444428317499524,-0.422325351211586,0.0804835905476988,-0.16390915694196,-0.31754797228759,-0.401583044980287,-0.303403451747043,-0.479054201408853,-0.181939726045012,0.0486148522711915,-0.271056340774099,0.109121218067784,-0.405739002247215,-0.359127043314315,-0.355594617299336,0.125317173351312,-0.31056227019865,-0.0934280292481495
0.452986551247342,0.285275244122517,0.0129332545246789,0.361451312340011,1,0.292350071715591,-0.0753392355659001,0.116776813212917,0.380455954584843,0.301666291905003,0.500587476897744,0.286845802053952,0.31274671924168,-0.117384930561904,-0.135337093031949,-0.0364161310584973,-0.0934329377766835,-0.177677638286365,-0.192705570732505,0.138024078428005,-0.0767725924145095,0.0803761947082327,-0.118991967841957,-0.252096775364252,0.0680584599686504,0.259462974042458,-0.0131559896744255,-0.012299562492892,-0.225290252987904,-0.153461336603325,-0.16133666555541,0.217945541779679,-0.0092858388639981,-0.11088534825698,-0.0593172044049664,-0.172463371501533,-0.0633863686110963,-0.192569240757561,-0.150886298867861,-0.110253004106321,-0.0356221334305749,-0.183869176588034,-0.180375735904909,-0.187108796069918,-0.0846506968481158,0.206933646328501,-0.0565723598046629,0.0810338975359459,-0.333276593276614,-0.0430663119184335,-0.160493535162094,0.406323470200949,0.0461248170276732,-0.0200676810055228,0.0010135228260999,0.100016675641188,0.0284172084799109,0.116640248507137,-0.0724939049354855,0.102806323026197,0.0157944014278181,0.163287886809777,0.110522383928246,0.091869804198546,0.0248950513561114,-0.264101411430092,-0.0565715948008294,0.243711031562735,0.273092468904809,-0.0072920009009556,0.0508496807903644,0.0610488981227386,0.0979521797243083,0.0337974577355832,0.0053898330973854,0.0581965573296604,0.0263620621570493,0.331287001764492,0.103972390097672,0.27541184044341,0.0380613810427283,0.477397147381357,0.458834417389734,0.454226771647038,0.31055248111042,0.40921825566708,0.055565470236329,0.186319586326817,0.546447406075442,0.314834363381048,0.536039114397054,0.35476253813557,0.285572653197025,0.31380044512949,0.140034073092029,-0.0695737705027909,-0.1269064160193,-0.163533487854087,0.340612323502205,-0.132195502739482,-0.0790976124014595,-0.0904854737327909,0.313280745433637,-0.103408343417799,0.233880801717656,-0.181373441370325,0.0480783433355865,-0.121595853518612,0.0041607976814132,-0.0615846678179996,-0.232843386879601,0.142917431640987,-0.0201588037070275,-0.0860630230321652,-0.138981636421257,-0.262263045912181,-0.292664847043436,-0.265786536135603,-0.311074785012277,-0.049730443385007,-0.141046656922092,-0.0682852110647981,-0.210904092831251,-0.113849242039341,-0.0728153479502831,-0.0841411481019662,-0.134518200104897,0.0624522731307682,-0.108455317214686,-0.0557882211817133,-0.171773634861201,-0.1210925919363,0.116226793627724,-0.0313600220156682,-0.151887215644699,-0.258239699438187,-0.285291465801052,-0.0591439822857974,0.110480159173955,-0.076141561498435,-0.260762281998698,-0.0291133337394777,-0.306043148701008,-0.215989894544791,-0.173021766958688,-0.0003162879918932,-0.156169279211584,0.114817672332083,-0.0032684943975346,-0.121946346980662,0.01089071212235,-0.177069801958301,-0.281615825071252,-0.0817524147362178,0.151278839113451,0.190945775465617,-0.133078181373475,-0.149337573732521,-0.0681235777418816,0.154554202131585,0.165318966730731,0.0887992664025584,0.0030637638192998,0.0558372294359541,0.424226355052932,0.0089809343308352,-0.0724154980249674
0.577823267319002,0.806557212898108,0.32118728949998,0.865455577350205,0.292350071715591,1,-0.0342008762106305,0.608498411332962,0.855898896214192,0.341402545483565,0.384095307474974,0.911631819461513,0.69920678913542,-0.290171573045118,-0.241708989343367,-0.0938488984961413,-0.127861038934762,-0.269583616827242,-0.151657153530744,0.273457416866406,-0.439034385643306,-0.281506259142751,-0.295170944436668,-0.278850514782615,-0.18614176685218,0.159878251891397,-0.0619386649371023,-0.126139145492581,-0.267406648844357,-0.394668064461199,-0.133184248743343,0.0700321766458187,0.116947556210011,-0.427392907270369,-0.500483702316841,-0.120565705474268,0.0918877680626397,-0.139221107307913,-0.0689623479015951,-0.0260877580770125,0.100858612098075,0.0047549740191301,-0.162669094840762,-0.337832023499425,-0.161976515228443,0.231969096068934,-0.0719052745156135,-0.196714060872995,-0.233040393489006,-0.186516257233521,-0.284856737639541,0.0821635309735227,-0.203145285643254,-0.181608016955519,-0.0705062561509561,-0.172333786731107,-0.0972801115021533,0.321523986991156,0.0982880727952446,0.0103380042723742,-0.128298856197596,-0.355027541480534,-0.29398926512272,-0.200916583879078,-0.209651484762033,-0.189339626512181,-0.130679706978554,0.049861454635782,-0.138863589545485,-0.0881692478251894,0.0036438627993903,-0.0866838048100197,-0.335902915028083,-0.0299256026883438,-0.110512175824044,-0.306202067195662,-0.110971007321035,-0.129932460808264,-0.113235431535143,0.046444782742214,-0.249980785744757,0.012555682247456,0.282859547681884,0.138911634149741,0.74120349256194,0.805132317812373,0.203239393157446,0.928142072280285,0.333942162350231,0.920959524579219,0.67375162511724,0.542907046359646,0.846241450623192,0.85206035224631,0.235566747209654,-0.0842988208417369,-0.212729044364204,-0.0288455966090914,0.1558243678741,0.0109063818229277,0.0166246552366496,-0.0985814189367452,0.408023167080466,-0.218896822994755,0.527900700675924,-0.236623598227869,-0.109335458061444,-0.243756451852153,-0.339505555082139,-0.123731561209649,-0.202650716119975,-0.0185419600006829,-0.288449122220536,-0.159663052208758,-0.073441552758605,-0.166959505541984,-0.281921338821155,-0.430169067045364,-0.125300737233668,0.127535235045849,-0.0297507063658511,-0.434182677212155,0.0588839441894171,0.21395581037845,0.247635172069809,-0.0565857572984852,-0.0097555650698335,0.0677232116451399,-0.161673837239207,0.320280775819886,0.0805874287193932,0.0653756590706191,0.166931734941048,0.266585416682002,-0.169939743589945,-0.159774344991491,-0.232804379033128,0.143228792272409,0.0269094478785835,-0.0717415078017032,0.011371043139326,0.164588979644759,-0.0573697925712964,-0.102445803665778,-0.139601684639313,0.494699705750899,0.105130748163142,-0.0652676974838462,-0.0979588015606834,-0.265541779851612,-0.262808500501412,0.0244991971550445,-0.0576142556117021,-0.120481094706877,-0.246850822556128,-0.334144592353178,-0.26276446306733,-0.0640166983275592,0.132094591483591,-0.116501098187558,0.0222355240518304,-0.273559582377531,-0.373287678502618,-0.277924359928206,0.101134573785151,-0.106989831797435,-0.103736776722597
-0.0308564848160384,0.156999052888553,0.476500058999598,0.0654227161464978,-0.0753392355659001,-0.0342008762106305,1,0.271942112689762,-0.115463450524839,0.343404484466275,-0.0418873248988792,0.0326485316878339,0.133640593176379,0.342750514215168,0.259858770808781,0.33155068049014,0.224119170653422,0.516952013508959,0.100070565849377,-0.0402258503972767,0.263224973248263,0.203594341128057,0.535188981507221,0.392242944594712,0.355663197867225,0.176474640441065,0.134556954108781,-0.229191246881285,0.513437745055177,0.547114824285788,0.299115112685925,0.220167183800445,0.531416582145908,-0.0590924315434895,-0.351286300641743,0.157744712118783,0.547555768822529,0.518140631203916,0.411593150214615,0.409046757530024,0.0589746568396136,0.447525517798992,0.283740691136276,0.293121670687959,0.0779433300197001,0.41863088126271,0.209512641941421,0.267235477414892,-0.0854597307449392,-0.427064393910953,0.369805609624663,-0.203395705752901,-0.462317024454843,-0.357425801709084,-0.236260310246027,-0.225958184569499,-0.394940871705494,-0.0363885425013025,0.273063670353046,0.19792353884895,-0.257169421034402,-0.0383142279272229,-0.400512639613736,-0.0508712973846438,-0.161898726485123,-0.161085280658637,-0.307711888231712,0.0619559603118631,-0.635067452571006,0.136250601855591,0.0555347675832287,-0.151469152049119,-0.427949037145546,0.0177064512531025,-0.408887755031689,-0.561485028314938,-0.296072269338287,-0.420373113280809,-0.303276917655395,-0.422070561636804,-0.185037451090471,-0.425819905305668,-0.113772403433923,-0.272641323330346,0.091000725189671,0.0051083382391983,0.60075586242152,0.10859533866363,-0.194876716715477,-0.0485168838936209,-0.0807330348300227,0.240088446140488,0.135387513938835,0.111040280208761,-0.100330434980778,0.26409089196528,0.295206500302637,0.290797230204899,0.199248608895522,0.295219855480772,0.157150665299324,0.0528202977515263,0.211661214048639,0.409099466949542,0.038905129410349,0.343551192676752,0.129145356942878,0.601460039684598,0.06948708147497,0.447383087557496,0.455302347658247,0.342357026865581,0.251315479341016,0.257680446461299,0.319259639331528,0.507601119083111,0.362994131698434,0.472558012678363,0.0223897546213818,0.009335321966459,0.287657681338358,-0.336407628892822,0.353571639428357,0.455793415635659,0.494709174748773,0.559714704638387,-0.0234520209771988,0.321151233761531,0.469674944551946,0.224591774019728,0.402538805984574,0.153304515364487,0.289921291858158,0.0669989348641687,0.485747022522898,0.291760668150758,-0.317491484838378,0.224750719855246,-0.131686589308252,-0.224508043915214,0.0596591573652618,0.103873356596282,0.384537894268087,0.270552504450584,0.0004094909842709,0.186310148064704,0.27092544073021,0.0021356276516689,0.0291054812767653,-0.233160085200636,-0.509443569394678,0.486011551888045,0.114317588140226,0.0043797218714105,-0.512832122514694,0.072682977153785,-0.0016143133102101,0.367206916894969,0.287172780122241,-0.236120083547,-0.181276392404936,-0.516296621020082,-0.243767277960269,-0.58926673645907,-0.263054848195713,-0.446506205812313,0.109807961426517
0.402671004590931,0.783454820411264,0.451433261634345,0.526541109227445,0.116776813212917,0.608498411332962,0.271942112689762,1,0.303301649483242,0.5765366140301,0.102274613948213,0.525685615509098,0.693486954520515,0.0873129858877646,-0.0849384252990705,0.184479048848318,0.0421294193870586,0.117575993358041,0.0594348087782026,-0.0746558553393474,-0.0108593604293276,-0.121227555111309,0.0830365905544822,-0.0903010803973242,0.342195732601571,0.189705648656243,-0.0210698478266322,-0.253870243993347,-0.0546097882061286,0.0145856392532923,-0.235795657883207,0.0112514523456917,0.244173951056084,-0.588016912108763,-0.422532042324715,-0.219733808699729,0.130381777387352,0.0143293814893143,0.0628698457876028,0.0523540201673543,-0.12514177143191,0.102918175951472,-0.190793021453503,-0.186585098241822,-0.233112668662724,0.30518581125935,0.0054580637461694,-0.0538507700548033,-0.0308915610203683,-0.429737271609403,-0.276448379602433,-0.0315759168946339,-0.440412659552447,-0.330172881152605,-0.342344599598125,-0.430903552566679,-0.431734146101577,0.0494062706003072,-0.031240590433303,-0.0433876200300147,-0.4403266306933,-0.418550554232971,-0.451950102836385,-0.438021518768241,-0.406458701649312,-0.143156188468202,-0.293382871143696,-0.118922781815521,-0.237674090794424,-0.335008931385663,-0.193699754339085,-0.0902640041935948,-0.404895078710297,-0.106293422493118,-0.293176581218008,-0.362163802829795,-0.389820058052427,-0.216389109160298,-0.222326775415611,-0.0828679332312321,-0.242937340733961,-0.181847143263793,0.246962084945348,-0.0334633867502298,0.642849381056804,0.467332058302036,0.419579183475723,0.70151014270592,0.0081013271366398,0.409483467145541,0.191847429095906,0.562149310361698,0.751666225885724,0.465998451508707,0.170737699467476,0.0067295770700542,0.0433217961459066,0.241923385158855,0.464749356113682,0.104782449833569,0.196825822551666,0.153962177997965,0.269558282934798,0.33243225869831,0.294245215311794,0.065397546491786,0.183169162825919,0.239827988459291,-0.010352951008239,0.472072630303215,0.0193238274643981,0.518947179299287,0.216328032647717,0.0312274755731031,0.20120547336545,0.212987689821955,0.0611057028899859,0.0438962437007575,-0.0011851205636224,0.12576416336336,-0.110538190508313,-0.262416242874297,0.155290309365331,0.387773573491554,0.348788684193804,0.194588130839582,-0.012959188619277,0.178730949526613,0.120392785443931,0.0763640333293139,0.158599289613203,-0.0634766670599552,0.352873257527144,0.110564069318631,-0.0716413513821801,0.0958452903100806,-0.0727341222234132,0.150178204795453,-0.0039365841628363,-0.208144515401704,0.101852294459293,0.0887053610550247,-0.0631456081545366,0.154132144816249,0.0474228851026724,0.296989523306754,0.116275028015727,-0.165757014384239,-0.0471262698290005,-0.224484814465861,-0.259932446736192,0.348799288268199,0.211294960356934,-0.302998953217362,-0.382493095934059,-0.326969834066141,-0.163924878293089,-0.112775861583354,0.0773166565151076,0.0275900674656642,-0.0113578707347298,-0.353535629198048,-0.0166329258721818,-0.206477960795504,-0.0166769568458541,-0.238620751624056,-0.0163187488280127
0.740623541061729,0.698394311838673,0.290124022503492,0.898583045489121,0.380455954584843,0.855898896214192,-0.115463450524839,0.303301649483242,1,0.411848493210063,0.677348790720696,0.921646049307726,0.682017256039464,-0.37811098659997,-0.234646252263581,-0.142118953223762,-0.172209422500104,-0.338534402408757,-0.137572788945768,0.501881416293749,-0.49304736547532,-0.153986811372905,-0.267528725484793,-0.213269721591357,-0.339045422282432,0.22941589658757,-0.100351966091665,0.0844201850031512,-0.228836808590481,-0.412054387809882,0.0240204401403437,0.167239203090931,0.124388873647063,-0.18240786932072,-0.350772471709005,-0.0319719712895833,0.0060407372042495,-0.156081833398379,-0.110814717968433,-0.0240568212451238,0.142906509607468,-0.0170040174491686,-0.10911555093068,-0.377642778211549,0.0541080415198263,0.233860739699871,0.0425369722067369,-0.172638521845558,-0.341988824314281,-0.124936808194662,-0.150275289065294,0.0998746031119481,-0.18589619783944,-0.222914950361784,-0.0339641615362341,-0.0283964890078715,-9.75133740473982e-06,0.361233087485151,0.0575603260467194,0.0929419035164131,-0.0962842583203456,-0.302912963391868,-0.292819408784725,-0.16382055098745,-0.18494018120951,-0.37006141135936,-0.190193620277157,0.0356508445001875,-0.0983071037204299,-0.129759978009298,0.0021592928179889,-0.149290718395096,-0.324958781437139,-0.0499245333719887,-0.145279635867199,-0.26349797559662,-0.0506623567298551,0.0297947773202097,-0.149616274358427,-0.0303319031839398,-0.222285733561628,0.228262695151135,0.400652607117607,0.387942920692471,0.733234405408317,0.905288078224021,0.0979396860875836,0.753281114961087,0.64419564197387,0.966893218809963,0.901569105075933,0.528116975376485,0.705416470617435,0.925289838307383,0.378110015963945,-0.0869862093464342,-0.31443834989382,-0.157971298978054,0.0155320391639753,-0.0232110588237324,-0.0190806044343007,-0.135682568509281,0.421339957284111,-0.280806870004675,0.615156176311532,-0.248376307374546,-0.163187984822587,-0.271051910610366,-0.325176479877554,-0.251022949586191,-0.11136429924601,-0.207374876951254,-0.40943540668031,-0.0487925512130415,-0.318461899271815,-0.217509469280065,-0.236971190637837,-0.438953440456643,-0.0509868107665216,0.226158268905051,0.148700241304194,-0.277808132143155,-0.0492516947280026,-0.00328402634694,0.16264708418918,-0.0892524905462756,0.117055953339605,-0.071598094032726,-0.260197170953597,0.357334925393674,0.0241594297170316,0.213165251925592,0.148580857714059,0.342883129499431,-0.14361681298316,-0.139406781639922,-0.246613205600811,-0.0023350082309472,0.0392567278660109,-0.0708475049116915,-0.0155036554993127,0.134416206064771,-0.222455166987638,-0.144418880369574,-0.311766237099631,0.441350041430467,-0.0344372358745659,-0.008008704437966,-0.206620507285019,-0.332379244432323,-0.241228225917615,-0.152754493632516,-0.239003274376096,-0.184788601932666,-0.221836434574813,-0.254728374785403,-0.433597555803232,-0.188235717445771,-0.0095204070207103,-0.241738889304762,0.0659108373427212,-0.225679978249637,-0.431172765161867,-0.23947591630609,0.286128514368585,-0.115049609041109,-0.15065688147304
0.67989962127168,0.619802692850806,0.52103925507585,0.574736188302608,0.301666291905003,0.341402545483565,0.343404484466275,0.5765366140301,0.411848493210063,1,0.673458169223447,0.520939827405165,0.783399403899699,0.0141199690448371,-0.16850664581387,0.0749894850228096,-0.0924141969192265,-0.0063666170289079,-0.121865499132717,0.129110567725731,-0.108738295314466,0.0218258830631141,0.21029050780246,0.0882327856830703,0.165615533398302,0.45665033135527,0.115275810770687,0.17591174518582,0.0186279977706502,0.0632131069640832,0.126492376717097,0.438291235958472,0.439860690595973,-0.0942383700438525,-0.0250126446600297,-0.0895224128924346,0.0887254775825676,-0.0084229032215478,0.1012670789469,0.0627943425211217,-0.0570818723004043,0.0545233670766389,-0.152582617392397,-0.078598384957197,0.0818885022208157,0.451606138288127,0.0500265130785075,0.0219811899180364,-0.241666730934006,-0.387171443676872,0.0327681137619197,0.0681618060211974,-0.48472158160319,-0.421966535132122,-0.363835289968867,-0.30147275652426,-0.45581175572471,0.16995870292432,-0.051741048436658,0.0353800015392422,-0.537760012068173,-0.285630199174483,-0.439814292648944,-0.4272612265475,-0.44819366627418,-0.474867817391247,-0.485185492561559,-0.0990888132697072,-0.261758561762682,-0.425791691517095,-0.355152951551749,-0.164728535058033,-0.421115061092423,-0.151553576819554,-0.494960996802512,-0.31199968456493,-0.502103702822443,0.0166762411920882,-0.302936816797786,-0.191735534196698,-0.0423813714820522,0.247498690289967,0.588714294181596,0.438409066411598,0.613871944128504,0.574234052433972,0.429986336307119,0.374786784895139,0.463712009444605,0.392468735077786,0.541432610855158,0.716564049720489,0.599249442685482,0.572391386450815,0.594826289069444,-0.0318569402466288,-0.037253637089797,-0.0686123902602325,0.245312726439296,0.0511527536223665,0.0298082551157408,-0.107078938549656,0.226170801760044,0.272826132362471,0.338284204890792,0.0306175647194555,0.0802103034973939,0.194972989460379,-0.0786974356360834,0.274612652512245,0.292028665549625,0.310256010991741,0.0441423194421777,0.274129045204257,-0.0851951894425987,0.0212534047852835,0.0142498504021149,0.0585536269273809,0.0367559447672019,0.394597217489506,0.271171847767688,0.0987868446591885,-0.083147802934051,0.156207215521783,0.292444727302202,0.0880001934228333,0.0741344360571728,-0.0552932278014247,-0.0060894232558403,0.130529375596049,0.0448563753916827,0.147738687279592,0.534769193596384,0.151635832000479,-0.117735430826624,0.0146186285397915,-0.091657228752736,-0.0282784827633295,-0.0848528758229925,-0.214729358151204,-0.0377317981014892,-0.0114791422278698,-0.253791898794731,0.215827533166155,-0.329133611328004,0.322621950034862,0.0089678255046007,-0.137148289082456,-0.246424308320928,-0.512487098948617,-0.234725122163359,0.176837715830367,-0.0893690129317892,-0.541286805139618,-0.381289114972666,-0.218054572176005,-0.451268683875824,-0.36806782776075,-0.198207033953751,-0.201671241001154,0.138803818407616,-0.386395244864793,0.069968171304371,-0.181949608422937,0.378634842019344,-0.263090060829587,0.162558641919252
0.777047026466775,0.455648710534608,0.274150712515761,0.641526171100474,0.500587476897744,0.384095307474974,-0.0418873248988792,0.102274613948213,0.677348790720696,0.673458169223447,1,0.574150785686298,0.616583823439094,-0.219051661622187,-0.230563326220694,-0.059819389780427,-0.19334395327995,-0.280420081915604,-0.174022115454051,0.389523208846201,-0.263819206381649,-0.0370856795214469,-0.0062473677039613,-0.0376456601403864,-0.14033043562127,0.481333868915568,-0.0292015732061202,0.380494586613286,-0.163567194357,-0.205155155946683,0.196808736832023,0.485870026080369,0.249070989711816,0.107174058073951,0.0807310173212619,-0.0409959358941248,-0.0583816964778587,-0.16718432979044,-0.0700419740511711,-0.0706427514769525,0.0772457364846702,-0.0724968640346788,-0.188634832062492,-0.215239790267238,0.207924689751272,0.414676751970052,0.0614877969222549,-0.0648900172281051,-0.338253131207092,-0.177254890168782,0.0620441242999397,0.202736695078836,-0.235152941820309,-0.36157495438842,-0.183976155877053,-0.109530603434514,-0.13961360718606,0.345059389885475,0.0073566583878064,0.143306581939029,-0.209933828369501,-0.15883104484835,-0.229785508362345,-0.202521001293294,-0.24600479924021,-0.44143539974993,-0.328681028170191,0.0266296157285283,-0.0733624893298478,-0.334984322625301,-0.245089742655888,-0.115026735051514,-0.275644324617561,-0.102437325719399,-0.269192734182222,-0.172843980585485,-0.20398858119033,0.231770989913758,-0.200342576781382,-0.0137057836318153,0.0498911603132848,0.583214164129289,0.617891517892495,0.715098624141959,0.518812028887305,0.673287343184507,0.0792398582758805,0.281773785252296,0.789729199403391,0.554642234977683,0.840890470017597,0.505120588735423,0.415047748968419,0.685433134840319,0.564811654581316,-0.133577200204589,-0.279457535801829,-0.264291455730606,0.0636486212311134,-0.0895586906911743,-0.0929912720782227,-0.186957303927839,0.387873829880817,-0.0560211699658568,0.432405204728791,-0.124389697835226,-0.0330890414841466,-0.134807326571367,-0.148411477064755,-0.119939068827184,0.147614348756148,-0.0122087733385788,-0.2457711671335,0.165340129950446,-0.300998033435604,-0.263154215863184,-0.195302732306428,-0.248825694769787,-0.0421427364423527,0.318316120904903,0.292093975777366,0.115829183461735,-0.268847364209567,-0.148031053590045,0.0439176291781649,-0.105816768546706,0.100863095973298,-0.192794491453434,-0.272488315210824,0.118247957345316,-0.137082842108704,0.232377229881187,0.371068047456267,0.188548306795901,-0.165581309086395,-0.158402749899487,-0.176739720346266,-0.187585930238838,-0.0282286998777361,-0.210090305015356,-0.184000315645093,-0.0804060076918161,-0.383487552772651,-0.0258677497300416,-0.386464818425132,0.358613999786129,-0.054519802176745,0.0273852816954685,-0.243367738441663,-0.420716161443498,-0.132883870053332,-0.157562399247919,-0.327024437673039,-0.301452643196442,-0.101823860341347,-0.0849173371943349,-0.38380104435437,-0.368333334262505,-0.311970617348781,-0.217634441192867,0.261113808206079,-0.188145411206972,-0.12278817653878,-0.0861218261777441,0.627217139480008,-0.115872217034341,0.141893458284885
0.6747156465251,0.801184175424093,0.367019863993078,0.927257942257668,0.286845802053952,0.911631819461513,0.0326485316878339,0.525685615509098,0.921646049307726,0.520939827405165,0.574150785686298,1,0.7748467298199,-0.311013995419983,-0.219496561456234,-0.0854787935209271,-0.0958604742850077,-0.251263720205119,-0.1016404302631,0.410886742041364,-0.453619105915897,-0.223128162989335,-0.260273161200738,-0.23163337346926,-0.248748179237396,0.236414652602448,0.0307229180174152,-0.0702616351885724,-0.188920296618128,-0.396369131064228,-0.011237494978811,0.183336062416915,0.232016847236575,-0.357150161515192,-0.490661803817763,-0.0420214086579328,0.17449980665078,-0.0567635596768433,0.0285892177037804,0.0536072757444741,0.115560405393174,0.0853316350066612,-0.0844698220945095,-0.325470161306642,-0.0118017236615853,0.324103743656459,0.0375933175824216,-0.150071984590257,-0.270161277613729,-0.260247985800541,-0.20051838023764,0.067026285433144,-0.301428018324687,-0.305354086052719,-0.108753735810358,-0.158956351073903,-0.171515157103874,0.35047398166233,0.0956894120188583,0.0614201671599032,-0.233977294636564,-0.413435517016107,-0.399602978821477,-0.249080490308735,-0.281852677436242,-0.321847569114292,-0.277715526053428,0.006698552301317,-0.226961452095727,-0.162388738878807,-0.0399414982834469,-0.182106315374276,-0.46443450725405,-0.0901604510624426,-0.259017494134857,-0.416188280753527,-0.221684114293171,-0.128222070145108,-0.226507131592924,-0.092939231201058,-0.268340983790528,0.0557613909485937,0.397712959208471,0.229268226940275,0.790195293210918,0.905744644461834,0.216037553460644,0.85490995015763,0.470628261611027,0.947276122389221,0.789714996657475,0.615361021491601,0.861250695835711,0.957739776869104,0.38237856414219,-0.0653397587989758,-0.22565591055364,-0.0541078652367316,0.117762189132068,0.0862704179595528,0.0411482660308954,-0.0983889050994924,0.442521042138191,-0.165656284789307,0.632655093663968,-0.168225064298069,-0.126570447838031,-0.217143940106786,-0.359545110596574,-0.120389311812622,-0.0991172805427288,-0.0800269603119421,-0.317031289395018,-0.0326042234196883,-0.140423869849127,-0.128138356326155,-0.202845932033839,-0.429210984639019,-0.0445162587308964,0.266719438267538,0.156189353675785,-0.331723791423407,0.0731395672596281,0.23498511757988,0.302870765100495,0.0135726738355397,0.10929291747399,0.0005861971567812,-0.16425869409905,0.398250591087467,0.155872921960997,0.236758684117071,0.316558851589052,0.360610826675393,-0.167871914359954,-0.0849162502082487,-0.217060789090351,0.123984729230661,0.0826552606306069,-0.0230744337135765,0.102450683171641,0.168635855338929,-0.0438188116181143,0.0402043616547,-0.18473655472589,0.559836540122297,0.123711078195202,-0.0999876372920908,-0.151405591902884,-0.359340795925389,-0.300250884187049,0.0908180826440258,-0.0334663323816649,-0.236153691539684,-0.345971653150704,-0.423897955285316,-0.381386849740315,-0.170232893246278,0.115710222776702,-0.202146435174638,0.0297485309335331,-0.364454243560499,-0.330886856658506,-0.344499163237037,0.156322043576471,-0.176585472999053,-0.0753155890724211
