1,0.467262836665676,0.0643765769084531,0.798562616706012,0.472973089691883,0.627260781257579,0.15372786085288,0.456188393257506,0.632986518747118,0.463945202938599,0.642441253374411,0.725593957497916,0.791958207662336,0.392187807000573,0.109594948734162,-0.143386607230351,0.198116147921932,-0.0428598319522307,0.0203784718432686,0.0190678030689905,-0.0381720244567807,-0.0993025837552162,0.0210191579858762,0.0098223585193151,0.111070261472833,0.0266941543595778,-0.226831109870115,0.0010561073411531,0.0527962211669392,-0.18479921623429,-0.259170168027376,0.198401793612196,0.238620868460328,-0.0032364643904983,0.076991798697196,-0.0816902551735528,0.198835633045774,0.045873530687426,0.114821255403879,0.248559548780518,0.0736218767352935,0.292958710032614,0.165443919485745,-0.0355704741634932,0.206654043743047,0.239097896754505,0.213966112956245,0.20712534499671,-0.300246629417342,-0.339922470111635,-0.209320341021051,-0.142928452615836,-0.201699311520563,-0.103597772758263,-0.0064465505153351,-0.226666236850739,-0.117531458099827,0.629003395661415,0.0226658507084405,0.0577525971120231,-0.186518939057754,-0.27840337420834,-0.304959502705851,-0.475062065212457,-0.219468299284583,-0.221080027577264,-0.314333245953996,-0.219230329183476,-0.0453390679941025,-0.264572407017386,-0.267319596813175,-0.197903993139227,-0.202585242491445,-0.197975901895904,-0.303426879092547,-0.11965827452769,-0.280364317005884,0.43216772771958,-0.165830744920501,-0.30763006934622,-0.272479025350535,0.587971801144753,0.487897038025896,0.598291832386007,0.532784442134496,0.63592530145201,0.118338021561039,0.334226888944827,0.427107159304526,0.505785167494582,0.5508881793139,0.251932314017634,0.605707064958766,0.15563353600607,0.0974254882634097,0.18395769227112,-0.178971740377286,0.133900619607475,-0.127614180364907,0.092826860648524,-0.0259400058966069,-0.0725813366159189,-0.032538877058771,0.333785074464713,0.0353375463208439,-0.0463865883753517,0.0594859348745965,-0.0866303924694337,0.140599008058608,0.201422364476607,-0.033894327838128,0.0576879031962,-0.161460932815242,0.0940354267038168,-0.253372940453085,-0.222972616319617,-0.233980075868508,-0.0443611901572107,0.338069206447443,-0.0539411017103453,0.264403493169383,-0.355031366325053,0.0477240884424536,0.372617899008461,0.0832512355271764,-0.101655188343394,0.0597852490707258,0.173106469502186,0.367123401422456,0.333848923398669,0.374765259693905,0.403436514786464,0.170294741367309,-0.256380602830181,-0.217482294458694,-0.116192736665133,-0.316039410862298,-0.268123077212837,-0.203110928055161,-0.253517933727441,0.177954159590515,-0.144759971623366,-0.170908341532079,0.207494792515514,-0.160116020229083,0.338202055401004,0.0478140639664792,-0.407744882724583,0.0593684888149845,-0.266427628777684,-0.284793893741708,-0.104064231850846,-0.227193394323436,-0.179123488171994,-0.238643209293419,-0.285356416589194,-0.078355506437374,0.0080674844503606,0.136539001529593,-0.293801944301605,-0.173248546086462,-0.209986380433435,0.262653119908317,-0.193634439535878,-0.213670879215115
0.467262836665676,1,-0.129401373914358,0.467256909281321,0.0181926005794672,0.812683350225198,-0.300476040008342,0.712618757846089,0.423849140518635,0.278483923826056,0.130292412003402,0.466526023932804,0.424340492990661,0.294770468229006,-0.10015471025764,-0.26268081457198,-0.25610400484826,-0.249100284466224,-0.0234531980760252,-0.1724714557073,-0.263790378106023,-0.212999984453686,-0.0196612118276464,0.0634918778638904,0.0959274789074253,0.0099596806159423,-0.338119422813365,0.0495066169800746,-0.20099179272984,-0.243902060027828,-0.0382208419063972,0.0108416309083237,0.0904847730098439,-0.103485518771507,0.0712374836005567,-0.0595672978914458,-0.151577293273262,-0.2593901054189,-0.259304139682655,0.166421839577745,0.057558563767671,-0.110998182560433,-0.0696333174298532,0.0092436601622971,0.134719601975984,-0.19302811854674,-0.0169133767180295,-0.138162177655221,-0.0910411795691457,0.0798362949646135,-0.136410499742086,0.295890570234341,0.0799304337520092,-0.0865104837114287,0.125514618926999,-0.0470666293190959,0.15602686585582,0.293430827094393,0.0563310509062428,0.0358865843484843,-0.101887130458307,-0.188452553508471,-0.131004349329155,-0.328835575316496,-0.442869438009367,-0.236908758858504,-0.112204641883823,0.0868332018937622,-0.110809270981784,-0.0269346654196033,-0.144831661885813,-0.0127706026329138,-0.0088420406887488,-0.0334982992417464,-0.0531345945103966,0.0002232083769357,0.075350708504444,0.0028475260477697,0.0788116028927231,-0.128896040802075,-0.0635596665602149,0.388353456251371,0.287916625646988,0.249867563449105,0.696398577003978,0.120625121098527,-0.0280952842323946,0.755626755436147,-0.125705564003479,0.264777181375094,0.0800870877895242,0.245439213811237,0.256627473684206,0.169224876143412,-0.143709497183197,-0.0113186143333785,-0.249093348493008,-0.110899118276305,-0.265259180279781,-0.0815472855755525,0.0545514933092552,-0.286777230866347,-0.080610669955012,0.0028799297710662,-0.14745219560416,-0.212452642215356,-0.0541741507968009,-0.116319797926319,0.0275978660980335,0.0207293085705447,-0.0198315633725107,-0.0840928759218392,-0.581702622976984,-0.115660064733513,-0.109465393456894,-0.190674895391898,-0.0714571621495308,0.149824097415868,0.154281359668862,-0.0724289900149988,-0.195288539093257,-0.291881820458194,-0.419225650070563,-0.0908493095720484,-0.147992409647595,-0.229355103088243,-0.215884920461552,-0.0801379553512517,0.0962028651448045,0.118665286451458,-0.119957005745743,0.166501821948813,-0.249395279911559,-0.19719914874065,-0.0796556786849339,-0.216129739452206,-0.13240661731198,-0.331887123263907,-0.130147549099724,-0.139673027480301,-0.0413801792182223,-0.163719895776159,-0.243223760546244,0.0336810298065301,-0.152219907706843,0.0113688406443474,-0.0860169915621792,-0.359923910375203,-0.184011245854321,-0.30733370868843,-0.171938015769079,-0.256872782175327,-0.271848059374887,-0.192441391442416,-0.354522138460967,-0.440053054620549,-0.208718592154524,-0.0817101046346192,0.0494933987800772,-0.231735768255719,-0.0682267341859337,-0.152965373319512,0.0154300255278495,-0.111918030876214,-0.125871057059295
0.0643765769084531,-0.129401373914358,1,-0.0097095036862788,0.0166394391280216,-0.0920200785903675,0.496012192082824,-0.220967610828702,-0.0289683448122845,0.546072963566786,0.031782989255791,-0.0425444726763487,0.296910291173346,0.0128099836318707,0.0108175925763145,-0.0241245315348908,0.0929323985061308,0.0299445266793647,0.0898155173882745,0.475612940076018,0.256683980591633,0.135711626480106,0.329136530529854,0.320918765558594,0.208894304151749,0.465600259286672,-0.0166006404559654,0.560312684265558,0.348267035722634,0.588843372910687,0.151467568352581,0.187290229298682,0.315749137833356,-0.0634961685704412,0.104137361461895,0.51353910521062,-0.0347836318592099,0.0126065618007268,0.286894953880817,0.160980536843142,0.183479965582816,0.178426793842495,0.431512745005557,0.0283998322628914,0.251681197839651,0.351880987310795,0.15855955373696,0.102682772923134,-0.294433308004842,-0.256730931283214,0.192267641069508,-0.409649157102069,-0.358763481663158,0.143136407106144,0.221512356782561,-0.0421774662823119,0.225212573071399,0.161986025686812,0.037854661678178,0.278244372987289,-0.258494259540414,-0.356290632337576,-0.379496404878022,-0.393771137378219,-0.111647883679716,-0.326060950992149,-0.523586266720331,-0.351201560946559,-0.434770028747912,-0.352641260900875,-0.0302443765590766,-0.295396028935478,-0.434111563652883,-0.0724652733018532,0.0065934167231848,-0.166656246359649,-0.44218482136617,-0.0439635305675723,-0.365908046808371,-0.261085287519473,-0.272007175030851,-0.146333125781783,0.168478276322466,-0.0805230971862868,0.0795061237011946,0.0727921410282485,0.576877041800766,-0.161647810388879,0.108374269083789,0.0042589998936218,-0.0207637494187253,0.402727195624687,-0.076616127996752,0.434406666290919,0.0606724415377536,-0.331471380631779,-0.137888392557597,-0.159151073329248,-0.0897289092178079,-0.226736235729146,-0.145778316253083,0.068978471475768,-0.0398869298806292,-0.0006752489224673,0.100958774885614,-0.0161169649296419,0.204127439461045,0.0935890092738249,0.248788294743295,0.295443933838935,0.0124742627549315,0.712741858852728,0.0396931971276071,0.0347450402813086,0.170400967747578,0.0907066359311288,0.192913504390399,0.339982620567033,0.301514061216791,0.280037851939091,0.209403708999375,-0.300234867679647,-0.0719199374285379,0.0394834671241894,0.0721024619364139,-0.161774179811863,0.415901820599735,0.286651522864873,0.204408924642077,0.430773337069734,0.434886547969347,-0.125863554009455,0.164203497480419,0.069725751959736,0.0909469748831957,0.249777231727908,-0.0883176613345364,0.233802770236698,0.262226816841064,0.193135564178069,0.392999927340766,0.235702411637385,0.27609881577989,0.266891176406117,0.0720145119577477,0.290767488060391,0.350574432914706,0.0647790247828668,0.254039182117695,-0.0901930278943916,-0.0801678749503786,-0.133585659991706,-0.14212020285018,-0.33891259097969,-0.232881222482945,-0.0755690189003179,-0.0031317014115852,0.100241951914119,-0.220352197398863,-0.226354756299566,0.160547241540092,0.0302997956221278,-0.013809893926096,-0.0940486851886049,-0.128278839592298
0.798562616706012,0.467256909281321,-0.0097095036862788,1,0.520369568881814,0.703873599978828,0.149037412206616,0.406615368902376,0.793099537755444,0.348403040213602,0.574988990409338,0.756204337068606,0.645592856405765,0.18640308569304,-0.0015666791233375,-0.139343662687756,0.205343735822823,-0.114776362818392,-0.0977506658881413,0.087468855259742,0.0256286219784176,-0.12859491381628,0.0480307870117489,0.0448700450364753,-0.0002047340221258,-0.106697341673229,-0.128177998973698,-0.04230272881306,0.0640647353199304,-0.146998286662111,-0.0403898255563578,0.237584424183899,0.203771502499016,0.0777510639434748,0.149633984382496,0.0075997901220289,0.118833122419318,0.0002270676164764,0.122271390786299,0.105700489226239,0.194995893344681,0.364940293779301,0.225922956916325,-0.0196534197183904,0.264620680598064,0.281590474913046,0.290519992730858,0.338215994332808,-0.23633626189359,-0.210230204568833,-0.0315008837265343,-0.113118920012068,-0.178093934615622,-0.133720657571347,0.122532542049382,-0.0718517939678162,-0.0080319146932365,0.588288774562556,-0.0332661788904826,0.0663724595588895,-0.196226643440682,-0.277149087226908,-0.20157902847906,-0.328178686471228,-0.0908197855725541,-0.184692641258783,-0.290177187146553,-0.180450513261315,-0.173130654767084,-0.265740678717555,-0.185298779551982,-0.28570603105489,-0.253788225545072,-0.204361728593171,-0.174186455664167,-0.0829668542701832,-0.243450576683575,0.315491120635496,-0.15496713458745,-0.309644008818825,-0.200773066202078,0.3824302168805,0.230925978527553,0.373073325766741,0.426594803443244,0.693627116865929,0.149762998030381,0.437365243556196,0.452396932333314,0.622623567361591,0.642354057837151,0.185925216938312,0.633919422500671,0.113112010420428,-0.0623109895433386,0.0951954269966782,-0.11285086116327,0.0511731793916777,-0.0563359858161703,0.0786247432727173,-0.0185895467162435,0.0251807769979809,-0.0414498721196955,0.373521935034184,0.108080347173184,-0.0704722934134469,0.0460738091266081,-0.086495103093609,0.204466899835986,0.114674266797872,-0.0316879466570653,-0.0278611985843134,-0.090234037448913,0.127191399199369,-0.131939272358748,-0.209902390965237,-0.132231440386806,-0.02294841403721,0.340784005877532,0.0102701036242056,0.272727295190014,-0.277074309041486,0.0524668053308038,0.300527971409786,0.121329975993598,-0.13721793452915,-0.0491502392131728,0.194835764536157,0.343913480257329,0.365958602394194,0.357847838194735,0.435446068218404,0.155725526609577,-0.200710857594013,-0.121144734820723,-0.185945832627349,-0.309143837934177,-0.279894987470394,-0.192914695125715,-0.241437564492665,0.207049826473617,-0.112482112745727,-0.134211510439795,0.222012957008021,-0.150513402594931,0.180706551598365,-0.0176627293805454,-0.383834619190104,0.0454933283134405,-0.23884492965059,-0.224429222047563,-0.0217117546148191,-0.223872240620419,-0.16170557995379,-0.209703048297776,-0.230806397163861,-0.173085585579489,-0.137589542918232,-0.0109467765313297,-0.299339126106253,-0.11631949394604,-0.167444075952948,0.159917642825836,-0.142786113699706,-0.135760961330759
0.472973089691883,0.0181926005794672,0.0166394391280216,0.520369568881814,1,0.336069587779561,0.145586543713486,0.17596032771788,0.698037108162403,0.217818006418635,0.715149948607498,0.600312937616155,0.346014986929722,-0.174317640449781,0.126363528234471,0.127682584769167,0.211087788310114,0.0723184088786638,-0.283717093734349,0.0879480017643606,0.0526693252553535,-0.051838397628108,-0.178600809959818,-0.275583287212551,-0.193748728284491,-0.0364511280619875,-0.194614566178938,-0.199694657668993,-0.0228541758755629,-0.164602422312889,-0.191126217001564,0.0092260533526266,-0.216026742526932,0.0325115839571994,-0.201970166134152,-0.227832410235451,0.252515519313642,-0.0209685179283907,0.119092655578636,-0.16503398675934,0.0558097408070709,0.325436991582445,0.0261585223287327,-0.0144109996859107,-0.0282334109976214,0.0855761403248878,0.100023014152188,0.301599287332613,-0.112182077060111,-0.35756023753215,-0.199919582498942,-0.35249861975253,-0.235102199973594,0.173273758282081,-0.216651729988917,-0.248108423302779,-0.296549485438612,0.489336224183477,0.03153376717232,-0.202386735503602,0.0825359070445991,-0.147603925939133,0.0528232774376175,-0.222017058395278,0.0467912039101346,0.138931608491577,-0.235015662418683,-0.13324169966767,-0.175333864939021,-0.205441373079072,-0.155333865157336,-0.0921777918212273,-0.183121268926387,-0.0610082436335159,-0.160126744870523,-0.17658336203469,-0.353155916635774,0.213329381461943,-0.243798415612538,-0.2862983820766,-0.0771630293580591,0.105805161227563,0.256055865872637,0.395860714192213,0.0120834173176443,0.757219471964352,0.253587903420548,0.116394474418304,0.80988404456641,0.733009817790933,0.826053764607363,0.0544554084059874,0.717452410991324,-0.179422819633096,0.295636789137749,0.122065997655381,0.0952859015102666,0.125879663640706,0.267932244810348,0.25979677600102,-0.106041779080931,-0.0109518575205545,-0.168039216423165,0.375326898921434,0.16593825714024,0.0135997554228204,0.0107239274341588,-0.0648760349112212,0.0043417063682292,-0.142327844636336,-0.090634278415163,-0.0303397236536168,0.101606216774963,0.0009542331152727,-0.236739192517119,-0.003453353763789,-0.219653221930607,-0.195630245549826,-0.0472766034202417,-0.0563094007222142,0.138524144037695,-0.0324534653254036,0.341901109287456,0.280012361823188,0.186660400768789,0.0426008789585169,0.120832935328321,0.151507370051923,0.0985699031969495,0.156275898947034,0.172929505150363,0.232345773616251,0.159880169722891,-0.0566445451477652,-0.175095760039734,0.180320570533628,-0.0810045204611407,0.166351274485951,-0.0396396087357626,-0.133094968685244,0.106406783992551,0.0714767446454336,-0.0681112004764376,0.12387254821438,0.118323566335041,0.0404274546752338,-0.0051281418022496,0.0916228842140495,-0.226381660266772,-0.0320036693202388,-0.043894916870155,0.304260152844044,0.126232134109428,-0.162907395447773,0.161819770726405,0.178257855289359,0.0421780099992536,0.0386585332429733,0.0607485227574943,0.0298402844101332,-0.0265493363183949,0.0956946234043701,-0.117326282454643,-0.105462503411145,-0.016418773106076
0.627260781257579,0.812683350225198,-0.0920200785903675,0.703873599978828,0.336069587779561,1,-0.192781644904921,0.67646392268941,0.706116524436978,0.241847836109218,0.371759378465754,0.688581786494919,0.473459279342691,0.14664497658994,-0.0903366862222975,-0.268981596257775,-0.125981851837088,-0.226419055490316,-0.0895496636198113,-0.151082730002198,-0.123138307227982,-0.202263415689137,0.0301092386399983,0.116532838886719,0.114333312956533,-0.0319864279086038,-0.156413699654595,-0.0239914201586401,-0.0951097145812813,-0.233140237918136,-0.0677795690537272,0.144932073617014,0.218950794189042,-0.0631678085633558,0.163800880336004,-0.0553995141800045,-0.0917467268441039,-0.238605555947773,-0.0721212072430385,0.0751458182664896,-0.0006747185315178,-0.0111189126509411,-0.0974995138849091,0.0096585935513781,0.045786190275002,0.0528777107661002,-0.0200380838330358,-0.09107856662094,-0.135985652866694,-0.0353532137162606,-0.12640521330582,0.148817576830217,0.0200056407072695,-0.0701544665175261,0.180356896690714,-0.129045813319611,0.109482477318082,0.410564503157328,-0.0558206571592256,-0.0366156564111105,-0.234345416011114,-0.323036681310215,-0.289025891354757,-0.403780756111764,-0.364638726080366,-0.222116844170317,-0.217796123113486,-0.111280517822793,-0.15351809934494,-0.157765936984288,-0.222543362780949,-0.167782418184023,-0.152699891555848,-0.178548448822527,-0.141775855283115,0.0045218987716535,-0.0371501401598109,0.182867233008879,-0.0724108818673181,-0.176453243219584,-0.193963026646579,0.40312359002459,0.337958744011879,0.326550079291879,0.470987963341566,0.35359418775622,-0.0298905323504318,0.721267849753395,0.165706894438027,0.451664427106452,0.410444913199245,0.0999813891502585,0.517575067949598,0.0736873118143034,-0.148339582211654,-0.0890324762662412,-0.208533698423192,-0.0667470910975692,-0.187984037545295,-0.0392471588261698,-0.0038105048734012,-0.110654668863837,-0.0358588229691735,0.0487888308544081,0.0148960163731745,-0.133861711612438,-0.0025172758001451,-0.0865524073059631,0.156670689532864,0.136333757086344,0.014057824750156,-0.103362494268085,-0.424347173705999,-0.0097563244898604,-0.0899630539377276,-0.152014021195614,-0.0683665978276336,0.028283950573243,0.191740863036241,0.0684721984825218,-0.0323948802907694,-0.232776474577968,-0.171535819589187,0.0415250477395533,-0.158559833528737,-0.205467593692921,-0.222435885377857,-0.094825181083844,0.115695897279817,0.182302757527385,0.123646344815243,0.184492085338231,-0.0506345366084638,-0.166680779591558,-0.0909192246755124,-0.218141791895562,-0.160010313066722,-0.220275467529226,-0.110116579145926,-0.168307197962913,0.0746826664256624,-0.0719989106480511,-0.133423756126913,0.053782530624826,-0.166156871343812,0.0239783642924576,-0.123153800316306,-0.293371083336598,-0.0612914380307319,-0.225908398307591,-0.135117943535595,-0.219411550098902,-0.237765167675777,-0.327088217721166,-0.289205075995784,-0.37353796315362,-0.18325796403375,-0.130883131316373,0.0315838963028814,-0.21188768214409,-0.0234707361217154,-0.143891887343784,0.0708519772700508,-0.129114897569014,-0.118684875691834
0.15372786085288,-0.300476040008342,0.496012192082824,0.149037412206616,0.145586543713486,-0.192781644904921,1,-0.179652351748012,-0.0187826596677944,0.271583644657663,0.142617775312136,-0.0534019296806598,0.31796653696196,0.0924382650228537,0.534082063250833,0.386623353849805,0.577915864174205,0.423458731063312,0.400379490640542,0.489878707730143,0.476629244885394,0.482019896800988,0.491701682653444,0.342341086740653,0.239856792665868,0.100949534212698,-0.0355068608844495,0.157178539956547,0.635527514038897,0.548059113747837,-0.129818507648654,0.0316185137564022,0.382118100391488,0.184337625879095,-0.0379732174342637,0.231447659148559,0.507729731716129,0.518259763757403,0.410354170279503,0.317455152616043,0.267006182226555,0.650866286154781,0.440512037852269,-0.118081596801595,0.273801137684253,0.480196689829769,0.324176799488186,0.464689841151087,-0.381719512299256,-0.476204416148172,0.0519678520319888,-0.19365012432571,-0.334597802099343,-0.181065662602371,0.085341459152701,-0.0429030688793137,-0.173533559217667,0.138227092512616,-0.072178867324175,0.259585992242829,-0.157284142281377,-0.415285718598843,-0.414349507331257,-0.13964968532336,0.108773275379367,-0.455263405351393,-0.618654425805525,-0.412016041186361,-0.135497006912236,-0.334879912699143,-0.0670156024893088,-0.45021740304961,-0.450847590281463,-0.106152816429504,-0.214313540408951,-0.444145286076091,-0.512047779352165,-0.0745797863815222,-0.53759032400364,-0.45935410245729,-0.396675847439754,-0.164233213837274,-0.0007223231142278,0.110831455618371,-0.125999534480541,0.203909588465399,0.524568681841124,-0.267599140504073,0.307550425920862,-0.0436049614527255,0.110539332404587,0.130968083042735,-0.0645060103910617,0.275167932544065,0.421685939707867,0.254604135829427,0.297979155677684,0.422830824504554,0.407097778600615,0.409772888574009,0.333000921185343,0.495241780099793,0.378452592402913,0.575135037045646,0.397186887121787,0.303547671709652,0.498193139070943,0.414600004805672,0.383671360239951,0.36669588189431,0.245533666900923,0.363886856502095,0.313421310256861,0.621292093506288,-0.0164670325287552,0.371976543533795,-0.119180487455257,0.0335249980313335,0.285371513719999,-0.160589244563499,0.536624755561619,-0.449784285700689,0.210004310493574,0.612972793573533,0.343655116491984,0.37646074238357,0.606218461822214,0.518362949501474,0.455194396280696,0.435009277179525,0.458857413551496,0.147376085051694,0.367533495573037,-0.234555398064116,-0.273919010210847,-0.0783510728405949,-0.226670659179149,-0.0484188087734485,-0.0068176728631512,-0.146410257272374,0.283187623488341,-0.113463844278655,-0.127195682013511,0.0606860430138981,-0.169860789445004,0.377850758662495,0.126032493377835,-0.159077541111,-0.13359496495798,-0.362071292972115,-0.439296745313852,0.0216567534252204,-0.308331514352081,-0.178224491147069,-0.116363319643245,0.0718905050194154,0.0763051029141946,-0.163247732383953,-0.182628413935072,-0.336965898057463,-0.265046356680078,-0.304621222734966,-0.169637821795483,-0.35960226771907,-0.332945368875842
0.456188393257506,0.712618757846089,-0.220967610828702,0.406615368902376,0.17596032771788,0.67646392268941,-0.179652351748012,1,0.425036076160628,0.273126799870903,0.183053098338186,0.48447587304444,0.392432752703751,0.263035842508078,0.0726055038837962,-0.150695112098753,-0.181189319986358,-0.233222299992625,0.0193495870905801,-0.187367853720075,-0.23665607151218,-0.120644275511751,-0.131534210033549,-0.0089004074161517,0.0964507167503926,-0.0118733186253849,-0.172699297980349,-0.0305294499744104,-0.278575637067705,-0.415257977833355,-0.158580376253964,-0.069733321076696,0.113010093341794,-0.112221917325179,0.0038116079497547,-0.132586314675203,0.0463607115424095,-0.271526966255048,-0.189716759002607,0.107393479392789,-0.155750761163582,-0.160225635918768,-0.207959663973603,-0.183583016435761,-0.0803057116892976,-0.141070655926957,-0.0292525328552147,-0.184759428992127,-0.178641061708406,-0.0118990093069259,-0.217178437842939,0.223004943913712,0.0128854964319316,-0.234481665709995,-0.0276969365566643,-0.0857733844469578,-0.0400876598275108,0.324082635846752,0.0503671895081405,-0.20022173870187,-0.195118491031375,-0.20860724460603,-0.163767068117275,-0.19048284096819,-0.324123587139663,-0.258804967132522,-0.113205234098075,-0.155898121245739,0.0324360196493344,-0.0971309400259301,-0.188131492298063,-0.116393871498959,-0.0524580754540547,-0.208575509154627,-0.276437131441191,-0.0794522356293855,0.022899290273601,0.194496806266768,0.0091887924293358,-0.214372023712742,-0.153666531783826,0.406983875251146,0.40005125392073,0.430151768396207,0.461476453642754,0.221902521443736,0.0108393639616827,0.587536279279092,0.0202943546451416,0.324139168851689,0.225668693214669,0.0869503446565423,0.363707582965262,0.142790895316991,-0.049931071555117,0.196396334566936,-0.118015067554535,-0.0411396221064691,-0.137249042697467,0.0189046135563865,0.111733544498005,-0.271085688282108,-0.0952234673676609,0.196865469663378,-0.0925347147769736,-0.0799760203270438,-0.0708446636305335,-0.0417412629118279,0.0376186151534657,0.0884169194451498,0.009838850473347,-0.140783496762769,-0.463310510562219,-0.124224704374852,-0.144478689339401,-0.262802263216427,-0.158176851179466,0.0064668774440464,0.0706872306184748,-0.184223961791237,-0.145600108130866,-0.24355767100568,-0.248805650552805,0.0782200977658862,0.0443385692835591,-0.0390198492568309,-0.138171394987872,-0.108361714275001,-0.0105060289705752,-0.0184656978590728,-0.0904517370916122,0.213015959903076,-0.211363483566776,-0.265769831659938,-0.122778180057392,-0.434476554853646,-0.203685887085275,-0.378144607417117,-0.243580947295951,-0.200250102613962,-0.205777816947076,-0.361548408454032,-0.354942172085656,-0.0132788283267013,-0.16507762709215,-0.0510937472686387,-0.357914802838852,-0.385806441508181,-0.208033589334954,-0.351875574671491,-0.254153642604574,-0.361499830904925,-0.293812965069088,-0.0669325176374229,-0.256140410154906,-0.31491793575178,-0.275916766442259,-0.134487100989692,-0.0734046228514126,-0.228910708416182,-0.220193445688175,-0.266002936077865,0.104638556672884,-0.170994180535339,-0.199103700889169
0.632986518747118,0.423849140518635,-0.0289683448122845,0.793099537755444,0.698037108162403,0.706116524436978,-0.0187826596677944,0.425036076160628,1,0.309367714758683,0.669662294109924,0.825150078444857,0.453097929562961,-0.106691507950607,-0.139936996355659,-0.135337122165793,0.0647952291897999,-0.255576662307786,-0.310595263408349,-0.0115053576004892,0.0028751341613809,-0.25112430759381,-0.143593587706294,-0.024479573901862,-0.127179699097026,-0.145945851614793,-0.290465118818289,-0.15007623022769,-0.184053430099919,-0.277462959815284,-0.193681818822729,0.0848604506968973,0.023094589269369,-0.0123497017441756,-0.0099260931448128,-0.199575410071319,-0.0422785084543149,-0.234811210577802,-0.0035801416772836,-0.177251519640687,0.0796029818470893,0.188037687445174,-0.0295935984295743,0.129793227457616,0.0884286614021494,0.103567989092923,0.144460789983924,0.11434307734694,-0.110909850233173,-0.234067686539239,-0.225810950192367,-0.144866012147685,-0.168613023993435,0.105254570237908,0.0158797301978261,-0.199771247139066,-0.097809356189816,0.529123701302267,0.0196160272725021,-0.20701295243107,-0.0834248508703596,-0.160795447282138,-0.0899296455960213,-0.29776854589124,-0.15333246613738,0.0305300733140251,-0.175289780102389,-0.0660247249255727,-0.297284686250012,-0.215358339283709,-0.167116468278186,-0.117427164242424,-0.144766992841001,-0.0664492951156055,-0.0963592319869356,0.0028876317901041,-0.221889820851226,0.273148181962275,-0.101176980818387,-0.211731304583687,-0.0736939281133289,0.178818093534989,0.36150637997854,0.359233039399873,0.339358087411385,0.720705619029524,0.0720432773227465,0.576530062328599,0.551374932416843,0.846995062832534,0.858824303220493,0.142525776868535,0.834905963288965,-0.0575036096512483,-0.0425446015699828,-0.088185660978891,-0.0184789191955189,-0.0782252722792335,0.0864760724850959,0.0425196443355006,-0.124013954865779,-0.0409169184419132,-0.155772135004779,0.228532526118098,0.155788966882276,-0.0766747684918453,-0.0658941356982057,-0.178153018838421,0.184504149617101,-0.0596897893480727,-0.0927766818871943,-0.161653130595846,-0.268073605810766,-0.0867247826302848,-0.172116572914103,-0.174504694112638,-0.218135480432798,-0.118947292633002,0.0655446248977055,-0.0173748207134052,-0.0632006502076225,-0.122032779313783,0.0760777771457553,0.116348812541748,0.0685528190465074,-0.0404129373157595,-0.172052959813121,0.0081109293772624,0.171994102306815,0.305355090370462,0.223919009682235,0.340444828429133,-0.016831792008424,-0.160188707304263,-0.134537164130554,-0.0143109699119852,-0.234037835963277,-0.0528933636309032,-0.181546988007253,-0.219568004492987,0.184711326913226,0.0178488395326817,-0.0999615633554953,0.155604438460573,0.0352587259686034,-0.141806833514466,-0.0037958124585851,-0.133718430167621,-0.087345289971007,-0.144225142196708,-0.0370387480665445,0.0818280991652873,-0.0303839068090963,-0.254198004664513,-0.126472508294188,-0.161196416069717,-0.123926067526589,-0.11493945151192,0.109978593476788,-0.0896228876160805,-0.0282644165145503,-0.0221105506630252,0.0700349585217928,-0.068549901837693,-0.0738840262721847
0.463945202938599,0.278483923826056,0.546072963566786,0.348403040213602,0.217818006418635,0.241847836109218,0.271583644657663,0.273126799870903,0.309367714758683,1,0.228976844933085,0.320222182878271,0.736332154758714,0.249395177815871,0.0972107498834884,0.0029270206835471,0.16412414693089,-0.019652535049663,0.195689599707762,0.592576643167641,0.194083034032994,0.191274673083818,0.231366726082363,0.0540055952191167,0.289805394497572,0.349153313887216,-0.330311266869334,0.646648855351513,-0.0025806463126582,0.206693319258863,-0.055283963956355,-5.08297047349264e-05,0.232465032957647,0.0369409853112855,0.0473500037273119,0.225415493732855,-0.0266395621113606,-0.0923144860870358,-0.229624304875606,0.0211283089150705,0.006069876989016,0.094341392925108,0.243132675273919,-0.149296181462355,0.25307066885093,-0.101827742033745,0.37236758545389,0.19419934343387,-0.409785739622708,-0.0797904620804585,-0.161934320522979,-0.347024681629849,-0.293934469727895,-0.223190545544351,-0.0696742064899706,0.0252724010081335,0.0446904883219606,0.375778705205571,0.156642420688442,-0.056090181698386,-0.101517697179342,-0.106604330564012,-0.0939659295728222,-0.200562991186165,-0.158137538682674,-0.374246939435204,-0.304630425871912,-0.297662663636299,-0.270928850356987,-0.218809316493979,-0.167887424024394,-0.28338169088419,-0.295894546900817,-0.238819929732098,-0.266239174449479,-0.273201393096974,-0.25876156935538,0.171059102152703,-0.16280614680198,-0.498427833280113,-0.246058065892562,0.237016618943156,0.557049061293368,0.331829534501805,0.650567456010738,0.352561292570948,0.607541762982955,0.178918070747421,0.223122612104698,0.308272647060893,0.2768943136656,0.868171774089815,0.238759852534576,0.614153798859912,0.0350121099323732,-0.0503643210519926,0.0508114678099447,-0.04464393393982,-0.071068576900206,0.0286240220888846,0.111960961136112,-0.218895301350354,0.0446400736636244,0.309267234532411,0.137553812531433,0.159925154789221,0.0268771794912811,0.173794120414526,0.124352661338055,0.165984501416228,0.109942818712303,0.515380640587336,-0.158897123357766,-0.0472696830406326,0.138197499287097,-0.084920842716291,0.0219482686582221,0.518696787791702,0.478186197179743,-0.0594046089225488,0.0107790068590776,-0.359378035177252,-0.288252004333363,-0.0627017665131178,0.164217222962789,-0.190296141614062,0.13480249219273,0.272298120239068,0.239946889950028,0.435801253807783,0.0585102926421883,0.243284831641613,-0.22009586619959,-0.0699899047549449,0.0460429299690492,-0.109326429270848,-0.250038349059088,-0.218121365192386,-0.0320364934232387,0.0218214204098269,0.03736823284009,-0.230817342796252,-0.166289097255479,0.299226622467528,-0.0117919120935796,0.184857688967881,-0.0159061518931308,-0.292143620234689,0.063092513295917,-0.372936996394295,-0.313161893886262,-0.151940987478997,-0.218884452541451,-0.0282887343597702,-0.312829128018697,-0.276855535865709,-0.329110121212456,-0.0620306061455279,-0.0262910084260426,-0.324166790642548,-0.0869371931495193,-0.0833570186383595,0.137856373250482,-0.145310632829145,-0.213918093230091
0.642441253374411,0.130292412003402,0.031782989255791,0.574988990409338,0.715149948607498,0.371759378465754,0.142617775312136,0.183053098338186,0.669662294109924,0.228976844933085,1,0.681555607988578,0.52788959692318,0.204506703096638,0.110067737703772,-0.0263291092856436,0.185905984006989,0.0601342698185874,-0.0728125829893065,0.0373043573430846,-0.019471701611925,-0.0781719998779818,0.0302293443013899,0.0229429220177453,0.0355051727247218,0.0264254606356547,-0.283890659176512,-0.166137853065731,0.104415971351228,-0.0770309571207904,-0.360452450040821,0.124183335770142,0.122022911865989,0.102766299394281,0.0383398810918216,-0.0897572885779286,0.212240703624279,0.141742309157094,0.124547658408083,0.0869191616304536,0.0789121572314017,0.316375174227942,0.223024722304824,0.0671754786496712,0.147851775575791,0.13898049854292,0.279619018849855,0.327078138445036,-0.342530520929371,-0.48372517570587,-0.295676043871357,-0.227972681969023,-0.268939798406077,0.077653434379604,-0.174114438088012,-0.20232117830718,-0.2941996759645,0.44507017072385,-0.168691237152334,-0.087487997978076,-0.0243977598591334,-0.0677842363052804,-0.0891399006607967,-0.333849312460348,-0.0431720623778996,0.0071587173713467,-0.200925394087265,-0.048440874792664,0.0616705648310029,-0.134608534064875,-0.125092266544574,-0.0721107544891819,0.0032979487776998,-0.113539687307838,-0.203807581255914,-0.112335268821432,-0.264098984988377,0.413944137822626,-0.146226803664831,-0.341249262138234,-0.239346850081951,0.496511756868024,0.386626851037289,0.424665578634231,0.20316722769478,0.77112296962673,0.15155532529519,0.0517103893292621,0.561490687941649,0.743433712844878,0.751011824603671,0.0655619935458176,0.749508946499406,-0.0472704244023261,0.167200081734067,0.185480089594124,-0.122427531642748,0.137714899974756,0.0447007411735628,0.183880991136154,0.0041696515002373,-0.0474373158658451,-0.134438761934961,0.333538009775876,0.172668777351843,-0.0219301737139951,0.133667313212116,-0.178913550281489,0.176386989511329,0.0589963120485912,-0.0348712322697662,0.0121963228635368,-0.0692182822375842,0.123471152407626,-0.480004084172352,-0.0580688392822331,-0.446572345743731,-0.258836953090023,0.142673602020619,-0.23069609158994,0.17168522942919,-0.235338107985669,0.093130937834819,0.328958361997599,0.159757080639589,-0.150809510371588,0.123947711692068,0.169574842680438,0.293337447288007,0.242050687868412,0.236912745883308,0.433780717581827,0.0299089192331784,-0.390440659188678,-0.417394155998233,0.0663936145957111,-0.292412494031148,-0.0803836039812012,-0.321756104540599,-0.339497643762673,0.154389992022182,-0.13483161672386,-0.188814629024659,-0.0241452563184104,-0.234318247765581,0.245046786748396,-0.0523673278109259,-0.192345376223759,-0.0892887041724453,-0.246134895191461,-0.31006942491109,0.0207465216364584,-0.0483862325412899,-0.1478592175344,-0.0909221931423731,-0.108330432108891,0.0749878614118429,-0.0484880560107375,0.0972372175009979,-0.088203671687371,-0.256603468619333,-0.210163895231538,0.0832601343680395,-0.216673921394949,-0.238521753265458
0.725593957497916,0.466526023932804,-0.0425444726763487,0.756204337068606,0.600312937616155,0.688581786494919,-0.0534019296806598,0.48447587304444,0.825150078444857,0.320222182878271,0.681555607988578,1,0.665594329332411,0.0445322934479627,-0.114101671484551,-0.225431219975204,0.145060043486416,-0.176079436278718,-0.246456661765041,-0.0456344612574919,-0.103410984978886,-0.314841892740275,-0.159264223235376,-0.0303853713315164,-0.0389416144604798,-0.124045669042757,-0.21681354873779,-0.114657923454629,-0.115526398747595,-0.305079481274633,-0.0636186602674866,0.153915073047536,0.133991589000536,0.136429139909792,0.0704193528928338,-0.0430126302046065,0.0463365626232249,-0.0582598241214471,0.145721659993251,-0.0699847356949003,0.159202521069293,0.21360344782349,0.090759233403534,0.093108857398568,0.154145896123686,0.155470693020398,0.220227913773847,0.0295516678483361,-0.111970918309189,-0.184338634566403,-0.0995292948139107,-0.158344789363721,-0.122238582908832,-0.0122859078204661,0.0740195551092098,-0.0552399474521448,0.041707750500615,0.705866612140338,0.0031725493193876,-0.210152578001317,-0.199468906487559,-0.232208270955011,-0.105454860827366,-0.268001750470524,-0.0278861817256892,-0.043102967423711,-0.242195474282383,-0.0917526639663045,-0.274810084171557,-0.150982672965808,-0.118914744731207,-0.296090452047302,-0.264679222281222,-0.264918184352126,-0.120975232326223,0.0477276796758699,-0.339055671815375,0.320589026037444,-0.19476360322914,-0.36117294269414,-0.196514614942139,0.361767685361969,0.448801985492867,0.458325548652698,0.456070421930462,0.734895775036445,-0.0707480627558612,0.505272796050853,0.428899404704606,0.800410662749018,0.73868719385378,0.165933733969749,0.899030345537503,-0.0379919126953488,-0.0337540976048517,-0.0829040474155266,-0.170744571978365,-0.0782302852843135,-0.0454176683115996,0.0201122820455897,-0.232311298799493,-0.197565778173128,-0.259097685635296,0.18029332988058,0.0139812680545422,-0.230683043780651,-0.168409628978737,-0.300732583267286,0.20418861202508,-0.0478194778233875,-0.0843082086153765,-0.199236046583183,-0.331553808965061,-0.0896491480577732,-0.259796500776542,-0.390476913363732,-0.25837739902655,-0.183250166583426,0.13361809603388,0.0220145459296571,0.140783530813332,-0.204140878876735,0.169020974916688,0.251102750515235,0.0869255915083061,-0.0289495168140469,-0.246518360970079,0.139798350956007,0.287188134217539,0.322363996154518,0.245276062016939,0.427263835042486,0.148734265151161,-0.164497955911458,-0.130380938833649,-0.0948219949713344,-0.371407429801279,-0.204631880365355,-0.285359772834307,-0.212908289253175,0.193025037705408,-0.0177353031817149,-0.110571074636066,0.222547325883189,-0.0775036587273916,-0.118175223297505,-0.0509479140230384,-0.262792114633161,-0.0074302723098111,-0.18438140393868,-0.0732120004712102,-0.0621239091467272,-0.19954870431244,-0.196384195121745,-0.160899368926385,-0.14522925290799,-0.126957967418011,-0.265887916539426,0.0059905345511497,-0.29979156749032,-0.135353153985563,-0.116983338255143,0.139844228609513,-0.218543476127903,-0.181966801351672
0.791958207662336,0.424340492990661,0.296910291173346,0.645592856405765,0.346014986929722,0.473459279342691,0.31796653696196,0.392432752703751,0.453097929562961,0.736332154758714,0.52788959692318,0.665594329332411,1,0.417869004342037,0.22178688772899,-0.0895094377237605,0.282276695013719,0.0302829630938765,0.207591112507214,0.400111594665972,0.0422727326835809,0.0732079562532679,0.198925694913345,0.0820766801321971,0.264090472228574,0.170663598861229,-0.255898236905461,0.366687898837652,0.113990040111928,0.0427061307799927,-0.0679153688907614,0.187938199136822,0.382937077242909,0.24527914635627,0.168873940203808,0.221815172497591,0.26278812854306,0.169717738788929,0.102569384562557,0.241162053884909,0.232049460582222,0.31012897099961,0.402401019620443,-0.0943561441886715,0.40435677717031,0.156546807296584,0.444722359866669,0.245118642717208,-0.428970108350207,-0.228867759947482,-0.0574487254112703,-0.239692696253039,-0.268087750737926,-0.303588427567578,0.0470537115052386,0.067094813812457,0.0475544725127648,0.692559158573066,0.0838923736543277,0.0966301996819469,-0.214683230390213,-0.296957571584697,-0.222641920020869,-0.294527782146348,-0.0194858427173229,-0.401567695099462,-0.469903434556069,-0.278307897679694,-0.16923948726268,-0.206657617909491,-0.129381023952676,-0.474169335749514,-0.398068419662333,-0.329292558409094,-0.319061732660959,-0.2451980030811,-0.402477641812002,0.265041319307456,-0.338936277873712,-0.597543833885305,-0.389260783967577,0.52603685975421,0.554519377281721,0.573951195614009,0.69165454155474,0.552247337328207,0.351236638861468,0.255283297424217,0.291367281295731,0.432037663416899,0.439695127753368,0.627232101899849,0.496308154938324,0.473456645925517,0.108668572134526,0.13155242096497,-0.126440730627044,0.106093798181519,-0.103633819155135,0.12434843427439,0.100136736715325,-0.156113103323879,-0.0015435122471029,0.412588485770968,0.0667274167057996,0.0084348680432564,0.0654592691815852,0.052803643981964,0.22251251935338,0.183902843589219,0.054914967707212,0.250940160540021,-0.199969564007721,0.110277680367085,-0.158643747939555,-0.221951831260123,-0.207654357115798,0.251327584821134,0.582918659130608,-0.119127457875066,0.358187209513486,-0.484297968069702,-0.0547265855702884,0.298585622006104,0.203257763601791,-0.118035489955996,0.126862967932472,0.452034799850172,0.459767136537023,0.492150467864058,0.284146870067203,0.465129462744634,0.114796800563853,-0.254727441965557,-0.178311021107783,-0.211696765171083,-0.433200651726564,-0.418954769254583,-0.212104647452801,-0.170088656411088,0.166106945047918,-0.284881777877459,-0.25843842290731,0.312249047695325,-0.211097025709551,0.329142345565563,-0.0281929243561751,-0.50771655178962,0.0247343825784985,-0.46614850727685,-0.440999601792576,-0.235843571373163,-0.426154642945848,-0.109013428845168,-0.355740192076918,-0.238525758539131,-0.152472481975126,-0.25743419885341,-0.0440802863586191,-0.530597750952282,-0.297044970339923,-0.313343762259502,0.15286949374708,-0.368602799849804,-0.343187551149604
