1,0.294998159309807,0.347479716624413,0.341836421000692,0.0797518158670921,0.0967984455784493,0.381402458728049,0.167438625151446,0.077499829816146,0.375556375263188,0.286820075314725,0.127721808743568,0.181917201881531,0.269169531930104,0.364297441624572,0.125592055072449,0.329742814493267,0.202689309858612,0.001914914919622,0.0183954301863332,0.0447128273878913,0.102774654290618,-0.0830510468264967,-0.158593300501473,-0.224600364904395,0.289533323972038,0.232152193971274,0.248970676551386,0.041764352909452,-0.0310211991432229,0.0777597924511591,0.308167446209938,0.086493213814895,-0.008288495837335,0.0140626506566973,0.115145807047922,0.164239992159851,0.26196850990343,0.126251525687548,0.24827607888192,0.0441497579950234,0.242607073745831,0.0506388303396142,-0.292877822289062,0.041148312849084,0.150687357774371,-0.0531877596335733,-0.0759389447607863,-0.336985984738909,-0.206734191347995,-0.0347261968522137,-0.291754111964627,-0.245585245180531,-0.400739605342356,0.0031425459211063,-0.141739131718893,0.0160639272590118,0.341447194903467,0.124428910342448,0.084930654022534,-0.303700255442825,-0.181640901051603,-0.275531491617187,-0.0513748412348296,-0.125834846897852,-0.273280853712563,-0.254880940882878,-0.378590415380057,-0.110784465472483,-0.289551190670435,-0.162725441989604,-0.178052087694278,-0.222982491395949,-0.158149236345113,-0.278512694721895,-0.281109630933204,-0.264519495652864,0.311958460109433,-0.0903569171715656,0.0639942292383153,-0.0263385886196813,0.458431522537936,0.274860728599109,0.629129812584199,0.07771719226864,0.473238195490124,0.0660904765677892,-0.0750535707068761,0.343106772578799,-0.0096264816515538,0.253749660312625,0.0145014465259525,-0.005151471068795,0.463712618806089,0.311727450577245,0.0085845611062457,0.157715982972083,0.325381323487079,0.334330059417524,0.352056002246272,-0.112418251793363,0.123960925152051,0.177203317287119,0.214558057632184,0.009586404992505,0.188003342426146,0.201384204576896,0.222035879194976,0.113909040667156,0.0155378790980367,-0.294120627105446,0.188265952541603,0.338973894411729,0.251104345454597,0.111110825623212,0.110034577784208,0.10629488412344,0.026462693959466,0.106475562297904,0.163048037961559,0.196889471089867,0.136717630579369,0.108269830335837,0.449974733758571,0.144323063128441,0.251908643953409,0.314577814129578,0.257723595140017,0.269554520769284,0.404284782876445,0.202957023498376,0.116073361590083,0.271463666008163,0.0191600778700077,-0.067757398232828,-0.0383097799585432,-0.207943595195604,-0.219462856159196,0.0700263590032331,0.0299931610781609,0.0282084561662869,-0.232750249125667,-0.279694121838668,0.273311895895794,-0.113020032811834,0.336171410978017,-0.0934042554644275,-0.270624472650506,0.39792841417482,-0.382304310345831,-0.388526701417277,-0.327686558508938,-0.488094256939231,-0.157398641189646,-0.217499849003841,-0.0105973014089,-0.214278564557629,-0.0729542599450452,-0.0800972947786482,-0.331169831406521,-0.240285640003004,-0.0238019571487693,0.325563792852978,-0.0670125179145234,0.328776257929967
0.294998159309807,1,0.0820431944579258,0.561480100997443,0.327893327857364,0.572550942558458,0.54936928073753,0.541030149334337,0.285514224754534,0.288974007946394,0.367692995043222,0.437492107254664,0.554595129156334,0.143680485220176,0.179992283052037,0.184899622296343,0.0429863495669287,0.0247471167677341,0.0979968355419843,0.124599889097125,0.443769677738341,0.0644702082739648,0.110015665016854,0.261008917000932,0.0817926856310276,-0.19250213773537,-0.203048143035378,-0.176432874751542,-0.0641343617109036,0.123019816340849,-0.119979149767624,-0.0232783109037599,0.101553334697614,-0.092450012842184,-0.297960091340045,-0.291127693789659,0.0606895076780827,-0.154034561409541,-0.0799277139622874,-0.0266915754744097,0.0497880576337789,0.115876098414517,-0.0540508318596283,-0.007448272562624,0.269828729199501,0.125525418132516,0.346625536497447,-0.0260180357689898,-0.237546571538469,-0.293592776297515,-0.295465493560433,-0.353022116343974,-0.450239267202777,-0.249615101460392,-0.436442201541678,-0.365455930719705,-0.330846409408161,0.134153880599911,0.15297137727454,-0.0474968106343216,0.189163463743268,0.123235164527804,-0.0948003371528948,-0.028347735108504,0.0872288389004348,0.14767795896177,-0.21462095469248,0.128381183196934,0.20418688009993,-0.0163260004207872,0.0271759765096043,0.20344842559818,0.330427473477302,0.211176068917643,-0.145167409208875,-0.456011849522891,-0.115656184143964,0.190638967846854,0.148644049377018,-0.209197360656824,-0.0223595797535682,-0.0746316202512898,0.021008146460267,0.247469797579675,0.624509462471038,0.561112436908482,0.434849486351207,0.227782369317779,0.545709491769539,0.27350051379535,0.346104149496056,0.258136792615372,0.243145845869513,0.166065695807695,0.0053776924400686,-0.0082347231785591,0.196008660257162,0.272595346524094,0.148633803477305,0.0457428246929258,0.113800666701132,0.376573291127124,0.30402473355672,0.134557687712567,0.238662804503997,0.255203917748739,0.139584467537836,0.393005100665745,0.20300976585797,0.290622554864385,0.10536558070867,0.250972823313041,0.28414216591993,-0.0032356779925262,-0.231936880560165,0.214967008484264,-0.159933188970336,-0.180650368158435,0.0352623676739033,-0.332433155476028,-0.234868110989352,0.109343644248129,0.202352341720342,-0.0013195554742056,0.113231652367251,0.276734764503619,-0.031402145221642,0.142585713621091,0.272728072721596,0.421790898084857,0.199011200428712,0.406477754380857,0.202715531525393,-0.249984330714041,-0.38277244573082,-0.218983613439999,-0.422808144821724,-0.391939180826492,-0.392484060792301,-0.126412371703328,0.139847224339058,-0.364756752034964,-0.393838116069814,0.0375258853817211,-0.100285566163862,0.0540925830343265,0.0703545804912546,-0.158680581408093,0.0101345805395886,0.0482096764704626,-0.288394660959889,0.218498717028531,-0.252300283024136,0.115207097638638,-0.204543616082563,0.194149318243108,0.177143816004198,0.196068032541849,0.218866895333189,0.117560295332898,-0.108339067623741,-0.125151112680399,0.212250828512926,-0.0875506229316332,0.220469074998022
0.347479716624413,0.0820431944579258,1,-0.0800944092211145,-0.0481597743003996,-0.0623026253838454,0.12023598390755,-0.209736738865767,0.176354189844354,0.45773486209333,-0.143619213417786,-0.46285076949136,-0.302189431046117,0.106416254283969,0.0782108367900442,-0.105171298632634,0.205591753533676,0.0816797184723725,-0.0147092420135178,-0.0367293694204184,-0.349708304290861,-0.133195409164036,0.516641065967316,0.0697253923003593,-0.512811838489999,0.709533908733191,0.435309583768257,0.573729791510166,0.653431392418672,0.488202694110927,0.540582587788704,0.472766117357898,0.326034292230674,0.426883262547628,0.372993922316636,0.550497733299674,-0.20586533912273,0.503365717077556,0.399354231974443,0.330758108069924,0.187307429876577,0.222155781985191,0.397130211987896,0.0850186610740582,0.175481866879614,0.189841766816941,-0.344403403627084,-0.236996195361188,-0.0096514434498314,-0.0976816296810202,0.481572408492633,0.124855086970514,0.0133664849758151,-0.184889632896528,0.405787912978752,-0.0801912130265758,0.1941451714464,0.0747191181510271,-0.0989266557539428,0.487585528344784,-0.420433951377513,-0.380163369882497,-0.382420303373975,-0.507418962375189,-0.441798246416949,-0.490428073965699,-0.0720516186936828,-0.282136724219727,-0.22056574767973,-0.386674492133904,-0.107644090826857,-0.15941959280351,-0.390331474049886,-0.0695430074792601,-0.0868216940051625,-0.110486037324175,-0.0408826712513145,0.0842456992063422,-0.315719565390507,-0.0619583071594471,-0.201187205455598,0.492332203895973,0.618992011555305,0.27729675924801,-0.145906081023687,-0.011669823765911,0.0173118289563455,0.0160448679591214,0.0924319519577977,0.192300069781931,0.106265534008407,-0.173435806560381,-0.142986600976702,0.506390633923681,0.0471591381563957,-0.365186115309897,0.128243275009239,-0.0228320979336894,0.0509829156351184,0.142788701695087,-0.106528601267713,-0.300138994501081,0.216723795009965,-0.128584052385007,-0.334225017873312,-0.071743668476759,0.546523395172835,-0.149339967718063,0.294694481588786,-0.444074176032391,-0.416317919473946,0.473983378241651,-0.0786974048285907,0.514900394605669,0.243032939408667,0.488854798313458,0.520434524827165,0.481222491705983,0.37424922031195,0.402967966179291,0.254406305283969,-0.22210778783477,-0.278622108391497,0.272694537645812,0.094414512179331,0.0096393802099273,0.201209147979432,0.129137782331413,-0.0371646810445572,0.161139223872256,-0.0220737518270148,-0.242302482795551,0.280385364206893,0.122751741567975,0.163773766267815,0.0803068923009978,0.158702773604363,0.0730278212632761,0.294990877256752,-0.262913912907334,0.218008616488546,0.0752303025759998,-0.274812012454029,-0.0160654594494072,-0.287676651578844,0.32650187173241,-0.0567989656245608,-0.218062794017505,0.383681109282947,-0.53426273547022,-0.183966403908243,-0.469407436463875,-0.253741252997705,-0.622362975306648,-0.428943152371679,-0.319263887513405,-0.382251973464959,-0.125803006253197,-0.0113720355623353,-0.332216156049255,-0.256632957017589,-0.0550315618241383,-0.0074523920958816,-0.348773723572586,-0.0994159381456163
0.341836421000692,0.561480100997443,-0.0800944092211145,1,0.118210863527552,0.542868147461067,0.320239408672649,0.586068643413277,0.279971640543068,0.302937469390085,0.327519976553916,0.4046595265869,0.452108889706108,-0.0024554040239113,0.0776084778870477,0.296878093278863,0.155918561190701,0.021199405412109,0.303517902809077,0.307461891691376,0.484979642075173,0.0605000681332831,0.0411078541998435,0.23832248714636,0.165978984365384,-0.261091774441563,-0.270857482239321,-0.202530882423061,-0.193006576523,-0.0365444586134418,-0.141737520248786,-0.174471120465438,0.120659254614463,-0.0988356685784845,-0.188692746052259,-0.311163382528992,0.0915045285551744,-0.197906642897399,-0.226539022470204,-0.130864484999725,-0.108590971951039,0.0771565877350719,-0.204522222154897,-0.0667989149664164,0.160613459323319,0.0301800289125879,0.278105183583361,0.139867086546751,-0.137637831307597,-0.173174396304078,-0.263308501711604,-0.168120475455505,-0.366553147880466,0.0426569899190436,-0.404360561918339,-0.25297960763528,-0.224754689768577,0.122649846734948,0.188600979582196,-0.176884809919115,0.159367257783854,0.0068810586057879,-0.014706816314729,0.081671129586671,-0.0053240167465886,0.207495810781618,-0.248555976246052,0.003454996665959,0.116013859119995,0.0133604009658614,-0.0052284636252979,0.139469131648264,0.265268589122246,0.0854837106530496,-0.200037418610493,-0.238072802452455,-0.106899572424956,0.0750396384226435,0.0844644896451701,-0.0793273315425117,-0.0594094333384652,-0.186340272270316,-0.105759711081658,0.147477962148251,0.576316087219734,0.757331419465089,0.364658506356387,0.183264308353654,0.254017271555762,0.390710078303913,0.392161852274002,0.400424501738004,0.209854693342032,0.193827069540586,0.0528358964194011,0.0508957386986796,0.169689776494521,0.26737948677019,0.262136948524689,0.262250091032457,0.291102665548007,0.346700196302266,0.0683070676031475,0.17865364463939,0.326617269526682,0.180140300278241,0.0462453472932119,0.207914575357989,0.332289228634949,0.334876236145188,0.195791866505337,0.162439411280621,0.177235496071391,-0.0058155921478325,-0.135351797337559,0.0920021566809803,-0.132202016451075,-0.147584522373389,0.0670797606394259,-0.170614318207528,-0.1795675160725,0.145115274068233,0.177791893246521,0.0283512218361872,0.0261937058083302,0.0899999233959387,-0.0401133979073474,0.0177539172932176,0.206798821763131,0.306176755715386,0.0362030558761928,0.276388920432732,0.0965573695227246,-0.172903414838222,-0.319353831092035,-0.308756720793279,-0.266114158095096,-0.268447040731531,-0.285220004331334,-0.117484489520187,-0.110377441439376,-0.277547276214956,-0.246107411416197,0.0197092516508848,-0.0116265568013291,-0.0408529192818061,-0.0571021002707853,-0.151427509817998,-0.140506867937473,-0.0317173610277652,-0.231635156728984,0.0897385894929888,-0.251556134043183,0.117107844549358,-0.0945735516424973,0.142603557501182,0.0942190087173362,0.0942038978537727,0.0650734769015246,0.0489851513854043,-0.146068001715073,-0.184159272925272,0.0369901345530745,-0.0550694717655204,0.0055563933870924
0.0797518158670921,0.327893327857364,-0.0481597743003996,0.118210863527552,1,0.275484482887378,0.104706465485083,0.183666059381425,0.277905286655161,-0.0068810391383004,0.217748601495114,0.254772193330844,0.185417888089826,0.148366569875159,0.282950143089905,0.211842772231771,0.150444000344887,0.319982256590926,0.0476743666202612,0.0878108463475904,0.092892331091026,0.228609403243458,0.0925895562333109,0.256117737746726,0.323741716679058,-0.088549915161254,-0.190228824075436,-0.166855248997635,0.0740441206650231,0.0466229809016124,-0.121075328051339,-0.242812391071773,-0.0875696431450464,-0.128895525204602,-0.216202781981332,-0.030867247609426,0.164890790508185,-0.0186011563690215,-0.104157059466585,-0.0176846349462008,0.0602249680606732,0.26083987340495,0.0166902776583006,-0.180728390222499,0.0310290089112346,-0.323707634849173,0.313943202890504,-0.0574554159944471,-0.316588364118689,-0.387628520138178,-0.243216655398901,-0.311018496409866,-0.251853411901717,-0.0861045707881081,-0.289905248630013,-0.0478530555385381,-0.132070105809956,-0.128526306642514,-0.277850491564259,-0.333668289358562,0.100633584747873,0.261532619072806,0.0683058012144322,0.0359181702288262,0.0853477746103542,-0.071629961835845,-0.217670384586016,0.213235173285295,0.0094698037777731,0.0592335773391239,-0.128592248130522,0.0987616294146676,0.224729837401432,0.0065831769932339,-0.051865203431322,-0.400417468080401,-0.0551326404019857,0.122682042069247,0.119299698378726,-0.26192457484999,-0.118550634688923,-0.14646364943309,-0.0581651797262327,-0.0735803724566879,0.217957759581582,0.327299009596267,0.217005320509434,0.291374810516431,0.584406260952823,0.260174985561259,0.304397651309011,0.0165454372787976,0.316130352596254,-0.021096299712679,0.169399887471024,0.134658060536723,0.0410871185605843,0.169779912819105,0.255043071646662,0.229232888728462,0.0950764840524892,0.132730130043289,0.253184819554453,0.319055729003476,0.169452211815278,0.296276044096815,-0.178137884812023,0.203711966947468,0.0313119476492194,0.221604517052617,0.363524650501604,0.138134656805113,0.13996367585447,0.107828044179753,-0.0631073623895277,0.097460468271837,-0.126063949719356,-0.144080013314762,0.0937580869388951,-0.0516229509800104,-0.0573446746850967,0.145999916685692,0.172708012922247,-0.0124061460945402,0.260828881554946,0.227219957322336,-0.0966357901071162,-0.0005122110050012,0.157948498520994,0.154865698099689,-0.0996702717656202,0.199922963779244,-0.188230640190291,-0.209228077324075,-0.256902703747269,-0.148348463207526,-0.163287305324796,-0.174275558000732,-0.103293711525454,0.0949707774519629,-0.0090285480302402,-0.186173329983102,-0.228808718036667,-0.160714192898367,-0.395075378448992,-0.103218932716585,-0.0366587679476458,-0.183975889059987,-0.193763339608248,-0.0770015838999831,-0.238854617084507,-0.0763772366468129,-0.148044104765104,-0.0321329530386532,-0.0827348915576434,0.0800177137739261,0.0357854036814161,0.045248534669278,0.0314124188893963,0.0831727184269776,0.115961596348339,-0.0148293218601129,0.165104776419227,-0.152634811708362,-0.0332966207064135
0.0967984455784493,0.572550942558458,-0.0623026253838454,0.542868147461067,0.275484482887378,1,0.382513952411326,0.556616410109873,0.499228967687429,0.244895610511643,0.14577171360279,0.368810104160159,0.289461152500059,-0.0269610620621175,0.0966552532748834,0.165497113291873,0.020191951812758,-0.0039381387438742,0.178495915622994,0.222300749934723,0.314197372252811,0.140493744385908,0.138098364415102,0.264308041733779,0.177091005632237,-0.189745223053144,-0.26892359921956,-0.116556362873649,-0.0988869399932114,-0.0109361506590614,0.023830653614602,-0.104274731055727,0.0288945009621262,0.0098706511984385,-0.19262941337027,-0.21552514774369,-0.0037865640753611,-0.253246013734528,-0.181834521587618,-0.179577477966642,-0.18007170446774,-0.131029465101216,-0.218271653793246,-0.196359371788015,0.104869846775899,-0.126477708316054,0.209444079566598,-0.142285792324669,-0.116061806618448,-0.0323052672197063,-0.212777298290217,-0.133421211995414,-0.187013980225889,-0.0397341590130149,-0.299032937666581,-0.171308855688352,-0.0781012363361862,0.150697562068897,0.274744095686835,-0.0664509006892601,0.137825938854699,0.172302870130403,0.0496121806474086,0.0802075112934985,0.0311288727620901,0.189582465201926,0.0311491375073575,0.102082063940097,0.319876467411085,-0.0140010203671511,-0.0154832437098334,0.261844241444671,0.305348015223655,0.0566641115453661,-0.126727320091269,-0.167366534190426,0.0177739213602276,0.223844211921981,0.286725848661039,0.120466846137559,0.121291569373692,-0.107360940851822,-0.0266649760550631,0.0653504806682984,0.363357639500843,0.501901036271756,0.427271620986104,0.517381230690839,0.475069415623772,0.597199780065291,0.308833324384424,0.21502893308087,0.194315974607878,0.135295037412945,0.024306697962339,-0.0064286266743,0.106575892408029,0.0860750798122874,0.0678800221725471,0.0898031663023803,0.194004622247082,0.0991236252656973,0.173078158863432,0.0402527621567986,0.228532829762204,0.183429383351016,0.129941700811856,0.32051638638157,0.174782717210593,0.276230831425232,0.201398939269268,0.0790957259800048,0.383542505074307,-0.0615522543206739,-0.157218782575453,0.152434026828383,-0.0576265278118227,-0.0975337157653865,-0.0354876644126329,-0.175544212580429,-0.300883797744743,-0.0735331451159599,-0.0014707391682399,-0.0210655577009331,-0.0503994595729484,0.0878699136577604,-0.0579639997577039,-0.17243419970421,-0.0199779377265705,0.0775465460432566,-0.11068199987546,0.0054429918453286,-0.106988657000143,-0.284543931096956,-0.171525178259956,-0.312939355541643,-0.270650781677322,-0.348036643857379,-0.358360614016601,-0.179571634216564,-0.269099057526173,-0.322159585690495,-0.309818070234535,0.0810738099427694,0.109444510597213,0.0274145377493203,-0.125666856521897,-0.226400891122129,-0.145447503083915,-0.0791751886988225,-0.297140660472827,0.013179831535854,-0.279229489139184,0.0104830657241683,-0.149440420247405,-0.0035908592706053,-0.0924700956346087,0.11576411420518,0.160505236078419,-0.0874719417251116,-0.0940024048602015,-0.108068087205889,0.184426749699369,0.0833955327443655,-0.019030365950391
0.381402458728049,0.54936928073753,0.12023598390755,0.320239408672649,0.104706465485083,0.382513952411326,1,0.40026958891083,0.272615323229832,0.475915835021191,0.377356938203115,0.311162016296371,0.334458762631879,0.324146652988347,0.350175213185767,0.250158745026672,0.153952321512583,0.328048317830737,0.166680714367363,0.151898591437447,0.313885457354268,0.27886411744238,0.178455989730432,0.400173967186953,-0.181429883690478,-0.124506544813886,0.0802872097674068,-0.203966711115859,0.163171372373332,0.327543191925266,-0.0580874217862043,0.262542721596118,0.449523039412312,0.172275779627616,-0.0399536099243321,-0.0665312549847664,0.152446291817384,0.153922210295107,0.346400313201992,0.202092038252884,0.226658239261081,0.327087322283023,0.280321921835296,0.217044403608751,0.520928804028017,0.539277951329035,0.281118420107935,0.0385424524580422,-0.272130727902732,-0.309558702530972,-0.162381287297503,-0.162061792408755,-0.49066711284331,-0.388179705810493,-0.249943927738177,-0.294159509661496,-0.231767626393515,0.175838299135379,0.153806374169004,0.149434606196057,-0.167617653382746,0.1124266706918,-0.393681723248611,-0.112553258504718,0.0124691551813913,-0.0952357534299472,-0.0771318941378417,-0.152121767985506,0.256756537634376,-0.214763921437993,0.118693994059629,0.211492919933418,0.202150569876527,0.304868735233491,-0.386234021392231,-0.430311306433661,0.0564271474832644,0.354222886058662,0.215957186589468,-0.162192878723835,0.0100727533570521,0.25877957793747,-0.0933559393148153,0.381412672219716,0.293437907625189,0.33603062642068,0.265327804431829,0.0734314632510754,0.487430485778035,0.23393445230076,0.389076312050619,0.109976180700855,0.25516503495146,0.0161764981413203,0.182145508134043,-0.155518802267261,0.283291420599407,0.350063987119886,0.173816439061555,0.114953541370774,0.13129624543675,0.270467203505035,0.314692921872855,0.218994455485322,0.056172484685093,0.224071469145994,0.216127405977946,0.36543563628479,0.204355125550283,0.309671376192113,-0.206544488922339,-0.138669324011627,0.439645735190059,0.0676100570261529,-0.368005565593017,0.0350756917278366,-0.301906987018907,-0.358229475913894,-0.147317599919097,-0.285384114573467,-0.2978213205184,0.186568313427283,0.235353164896908,0.270392957306394,-0.0421795336966695,0.373725845381509,0.237765336067336,0.0146702856401183,0.261565717648088,0.463835536273446,0.392438155660647,0.437555450206813,0.317682242133536,-0.414679828195644,-0.47397511430246,-0.431813234668239,-0.665830360606561,-0.550411918328597,-0.541105308489693,-0.158457595334014,0.132731772508754,-0.595994137186955,-0.604283655899423,0.102788141335962,-0.137812903709605,0.295567910950799,-0.0851337825307615,-0.482347648221706,0.300693065779861,-0.303938532602267,-0.454285291142136,-0.0182264785039949,-0.393055319828708,0.167727414223798,-0.561456620635254,0.164797769308213,-0.0725721817475223,0.19228321719462,0.325728349650424,-0.0973719938048654,-0.155513170369172,-0.0799360681081572,0.361947958163734,-0.0487890160979183,0.227652355316171
0.167438625151446,0.541030149334337,-0.209736738865767,0.586068643413277,0.183666059381425,0.556616410109873,0.40026958891083,1,0.147556509914922,0.455521178192903,0.169815346832204,0.543474239417022,0.709143896517836,0.133017197921692,0.101976692911609,0.184926953686599,-0.0194064688786722,-0.0587746644323648,0.198729870076005,0.324844109586884,0.421711633203808,0.315914483124391,-0.0703256944291856,0.275556047980732,0.149733340900663,-0.517516450235768,-0.408994477004841,-0.420594240301207,-0.424905728920492,-0.163339386704102,-0.408173042419107,-0.378180271288442,-0.0756788180468079,-0.294588950763078,-0.453869661652332,-0.45302944107672,0.271544785983819,-0.365786054008704,-0.299428883656758,-0.174887917221577,-0.0882384110360413,0.0012845621371699,-0.302777745029331,-0.101270703775867,0.191375149958644,-0.140588165591292,0.439567442273441,0.172891881226606,-0.43796207112296,-0.249057112053202,-0.498273455602242,-0.281028759494732,-0.457121533333997,-0.137292382702973,-0.549957751964767,-0.296075196869827,-0.411489025434895,0.0312594180027167,0.298320861636244,-0.261926375019801,0.318936280341563,0.255301677045478,-0.0791178447054287,0.136349810839813,0.0343257450200381,0.121610347192372,-0.233239656101864,0.143272505629905,0.367475167456549,-0.0077166888348293,-0.062660052024359,0.399671145207958,0.477714631149936,0.345255206055281,-0.253937112409626,-0.397225766577242,-0.132157815054645,0.198664901603478,0.348916442283743,-0.129850466074225,-0.0603915722533498,-0.26876067268307,-0.306949651525982,0.0620408770211214,0.572665170987042,0.466232015172784,0.592029056097955,0.179351557523189,0.383409188448355,0.314399927962645,0.136549705601027,0.712863399259031,0.0675713200463316,-0.0030543939402015,0.0496354250711582,0.0673019315744105,-0.0373768409470351,0.305004473860569,0.209267707801492,0.0725191110008142,0.252220931292972,0.521919074688974,0.122181596909695,0.373454607987006,0.294402733386319,0.426456380114732,-0.0693171213287429,0.392313971464089,0.276335349840552,0.429685281522072,0.16475581366367,0.0373970722833561,0.357982969123475,-0.214830651853085,-0.309786961332936,-0.0412603933895306,-0.378794567525921,-0.306796412345358,-0.156068296773576,-0.390652131341383,-0.364111806997253,0.299935649323672,0.329721570044768,0.0245881710685152,0.0250711477698209,0.276113660120901,0.0429322197652652,0.0162646773716701,0.24084747811504,0.303840827797077,-0.0316909484695016,0.381908347296983,-0.0660106884154031,-0.354109096851475,-0.396387942586679,-0.230334892179554,-0.460742126383613,-0.429242203146904,-0.423801998711948,-0.0026994368032707,-0.118278219746619,-0.429387781732118,-0.372391196346537,0.0611200630697592,0.157005823572472,0.0348630223653962,0.101080949265765,-0.276835974822189,-0.190599105125997,0.0533959659944451,-0.274533298988885,0.322022551007545,-0.196103499164769,0.343730553638877,-0.157516145796679,0.331426269229765,0.182869275420561,0.38044129568095,0.390567773486078,0.253502735236931,-0.0112811079661729,-0.210797007242998,0.216799261682653,0.144472281541025,-0.0068522924565669
0.077499829816146,0.285514224754534,0.176354189844354,0.279971640543068,0.277905286655161,0.499228967687429,0.272615323229832,0.147556509914922,1,0.165832501747324,0.412107566765861,0.199201667244206,0.0978881267513079,-0.112166656628425,-0.0341808269387745,0.146033086113294,0.119804440147816,0.0926843140663499,0.0660678493515233,0.124361524534336,0.151616821418979,-0.176569908738832,0.392547268436905,0.295382308060952,0.138132668983672,-0.0298140863630499,-0.211453946171473,-0.0006632180813852,0.250925690844358,0.429517950928217,0.0894069095671042,0.0682252972040309,0.25418245877034,0.0477715389301096,-0.0434519651321038,-0.130404888692049,-0.357740859584141,0.0163873061616353,-0.181803145294928,-0.122497533688737,-0.27110398553607,-0.0073275026832783,-0.204708491678957,-0.119304401415088,0.0697384589609856,-0.0936524410525727,-0.0198392402956574,-0.343671604505588,-0.128657594896883,-0.0455072325660051,-0.0457349653251094,-0.0731730646807158,-0.174044362312652,-0.135511952913824,-0.201794792749527,-0.246648933980251,-0.133616426270212,0.133921468243396,0.0222068214040713,-0.0169163684908365,0.0562054934395867,0.281671285173185,0.106773376850119,-0.113559121258124,0.0569475410307848,-0.0608831764328666,0.0809673452672396,-0.0341071204781762,0.155591109684034,-0.173637011198702,-0.175384538972999,0.231225267214751,0.163422914849258,0.0030767835177106,-0.223642708370064,-0.199899578411322,0.074579196655191,0.207328518892202,0.242144016712081,0.127263390514357,0.0948947142720564,-0.0666983016666134,0.055888018550019,-0.023507564134745,0.0343444008382803,0.262798112533309,0.0425978213993853,0.42501943998071,0.178614433270745,0.730456968617705,0.471149307724245,-0.0383342164230089,0.556417105475718,0.134531941486585,-0.148096425637302,-0.194579590949839,0.161003167698413,-0.0813999238646974,0.0437403912369157,0.105225038290276,0.101509692636992,0.0047163874942502,0.313041367191352,-0.127686526661448,0.0166318152151343,-0.139342757985548,0.236585823784922,0.172947766133196,0.1269835415942,0.0676010615036506,0.147716524598123,-0.0491270684595102,-0.0051805443936748,0.200898306297956,-0.0641463249055041,0.258287101521053,0.0292386309028596,0.0531518347648537,-0.0581085291272396,0.0156725113268942,-0.231160356552043,-0.36140062903308,-0.370333277685733,-0.085229220935171,-0.226364416881134,-0.0484510947444218,-0.209642068866382,-0.266923261122113,-0.110663360850037,0.0023149688143911,-0.0783225242359683,-0.18413333045973,-0.139404014985028,-0.124326714656339,-0.0307828185374856,-0.210309318086873,-0.102448143628206,-0.192313125355323,-0.167598453352363,-0.41377918081672,-0.0810078847657872,-0.176901871094546,-0.275049086047386,0.018642099797223,-0.111800578449471,0.0947319446377184,-0.0389517624160789,-0.280797612856329,-0.0064761076935392,-0.16467685724714,-0.230148828195993,-0.130341528115682,-0.0718989829494326,-0.200909246231738,-0.140805663738052,-0.309695602313433,-0.230561407124716,0.161976638887726,0.221833617666361,-0.0810275467041799,-0.0445985654725975,-0.0305475281682029,0.132430960394509,0.0243587888503401,-0.023986488773711
0.375556375263188,0.288974007946394,0.45773486209333,0.302937469390085,-0.0068810391383004,0.244895610511643,0.475915835021191,0.455521178192903,0.165832501747324,1,0.0808065205103052,0.124024905290368,0.341820563370583,0.106271805371462,0.07166244810056,0.177401046408131,0.0225148932901843,-0.0540845821919301,0.188285137047767,0.346598733084278,0.0869632211442422,0.316455440559081,0.363390999958548,0.35090526483942,-0.141855564142106,0.0703289996916787,-0.0406354111512955,0.0710089708777171,0.141754273435198,0.175089669905028,0.108803419758275,0.162088345629133,0.249354054829492,0.281267579957671,0.0568811649232587,0.126375993100392,0.0775416881784108,-0.108426015774748,0.0485460449385668,0.0127991159808062,0.0656131388032663,0.0325427837530633,0.081051904123266,0.138563999421336,0.33551114405497,0.103995756945633,0.175415132946333,0.04145115792964,-0.279505660049346,-0.244844767800719,-0.0257146426925548,-0.120121894640115,-0.296762991811568,-0.0784072978476796,-0.135843246036928,-0.17760039009678,-0.0177492867474031,-0.001267959970102,0.0286553244528601,0.006807023051308,-0.148230518231732,-0.129294680042859,-0.421684347597983,-0.210176464864899,-0.227440731323778,-0.132946664544966,-0.19590334320718,-0.0582370287723565,0.036117123102978,-0.195644834818661,0.0366155356910674,0.148983349616987,0.101282547554242,0.250472264535595,-0.21991479201634,-0.240372027435401,-0.0067197347222646,0.0949592182869511,0.0839627287181478,-0.198041982621557,-0.214948054017368,0.14338661861666,0.12043355386702,0.24759393609008,0.111590869790766,0.233750042700766,0.318967148562976,-0.0684045926988903,0.286639311574121,0.248805845333005,0.260271283319225,0.345346686248833,0.0213818641994557,0.328085857785851,0.0292342500895745,-0.309291593134188,0.146555275895875,0.455035436494386,0.14093101525125,0.124236969885261,0.13460344106765,0.129050266922109,0.249789134638616,0.356549675470436,0.0945577924393596,0.406936917135796,0.237202595193232,0.19888463293775,0.601502303529011,0.121261242196564,-0.155746124179681,0.228164765043957,0.0883058166245639,0.0723543078131807,-0.180009035681853,0.258036361095489,0.0380992529032485,0.0924138543539644,0.247877705873614,0.0444003327905624,-0.176215253842356,0.0778182585108878,0.154213073804332,0.103048790843546,0.147760269749648,0.181313858494864,0.139045578144159,0.0933611717445916,0.109402318572185,0.286072734134803,-0.0261321624777368,0.236587783231997,0.0908876968585507,-0.329681730255566,-0.224422783544283,-0.144219779238512,-0.399708966186665,-0.254695622729994,-0.26785063220058,-0.253880646438281,0.0056770530325359,-0.238300111877833,-0.448670728118932,0.0431629258172054,-0.158861563239983,0.137542365599616,-0.102556776412196,-0.386573219979967,0.220426582002789,-0.422662781069359,-0.267334846466165,-0.140140532014133,-0.423472019854597,-0.237094314194724,-0.581784542011638,0.0890475776998192,-0.145095604092348,0.118721293736808,0.175506393313667,-0.0708139944020933,-0.182368616432155,-0.169000048974332,0.175327498780561,-0.111586151066017,-0.0806153324690694
0.286820075314725,0.367692995043222,-0.143619213417786,0.327519976553916,0.217748601495114,0.14577171360279,0.377356938203115,0.169815346832204,0.412107566765861,0.0808065205103052,1,0.467145630889997,0.370947824581117,-0.0237546129701546,0.0126169187438636,0.170585639042803,0.117849541287118,0.0796287014948316,0.0533139251670418,0.154403247522555,0.481786298754128,-0.0356530275024551,0.09636128073139,0.298991081129942,0.286744272888526,-0.267208797301831,-0.372178581912645,-0.207344153644274,0.0209904192560665,0.148246266560155,-0.169755519172657,0.0204952723030241,0.181162681960414,-0.168790288940841,-0.308609394213958,-0.371025395436946,-0.0916159109806202,-0.0946955816707172,-0.179536806575181,-0.138280501790739,-0.221044897679134,0.11821911543087,-0.212558843823002,-0.15709493465546,0.0268448159165733,0.184515723205032,0.348077766483371,-0.0827780942940461,-0.37365492593096,-0.219246387589483,-0.323615392169979,-0.602102819706627,-0.564841523821752,-0.230750605295224,-0.616649327262062,-0.371109150580335,-0.405306986148196,0.414769403691176,0.0943485487190912,-0.377970818765843,0.206297545606779,0.396510175041613,0.0930724537133547,0.158247213615078,0.486391295988355,0.160693519219548,-0.0890081437042836,0.0312580907219298,0.0991048610847547,-0.000932164797475,-0.15974919459347,0.234675633779838,0.322694225725645,0.137182000082395,-0.373607567967147,-0.472598927016478,-0.108415294138297,0.393444483554579,0.371396475848915,-0.172718026016771,0.1597046026776,0.0162397661933846,-0.153329340956684,0.219999355520285,0.145192724039834,0.338366207603204,-0.0386951121564265,-0.140541815654562,0.209596641565453,0.115360198790224,0.463950937305766,0.124540773929132,0.606120980054665,0.0802887620089624,-0.0805471745790986,-0.083028565953749,0.157039125954831,0.113358740011615,0.193610557765523,0.146780694721727,0.0924791612104967,0.453004745688104,0.416945690302011,0.149257555117627,0.305633802284764,0.0797208905387686,0.18700210950897,0.364102488824415,0.178013091535058,0.381260283692381,0.191356440449871,-0.108033392800835,0.10326248970778,0.178149523842647,-0.24239467169884,0.210327511610634,-0.233706840596044,-0.148484904151159,-0.112387882573859,-0.218796282955364,-0.283444478414859,-0.0440865602821927,0.0692054762622465,-0.0147989810223673,0.0003728814733166,0.152027630556368,-0.237427162504152,-0.148371451248756,0.246019653894739,0.207547405379438,0.243091806426111,0.36012255339435,-0.0106946219355277,-0.317980913778176,-0.325750630477325,-0.15182430318846,-0.548090506812641,-0.420332193154372,-0.417762706499107,-0.177055240548846,-0.0797208908002764,-0.451485220454919,-0.310382167287177,0.361744973546134,-0.118709580124892,0.0324396782787347,-0.0861430821428782,-0.303463782425164,0.168519454940361,0.0959474272580651,-0.333594724458758,0.262486376972917,-0.129064891072676,0.261090773968747,-0.0806466239222789,0.0395027125981918,0.0986433829213377,0.224064314987384,0.226908145476172,0.178060444192523,-0.0090000663622632,-0.0326817208351547,0.43070956944338,0.113137870863475,0.48356513260204
0.127721808743568,0.437492107254664,-0.46285076949136,0.4046595265869,0.254772193330844,0.368810104160159,0.311162016296371,0.543474239417022,0.199201667244206,0.124024905290368,0.467145630889997,1,0.716151037583318,0.174034326174022,0.18259920223534,0.0867079028321372,-0.0090359939732862,0.0387188456712217,0.241882181092033,0.280023736625351,0.688080342246005,0.430318163200827,-0.236471038849747,0.219696505568566,0.535608292142928,-0.69321220540266,-0.478740147609896,-0.632315977669709,-0.404446071996391,-0.195141856184607,-0.612266895221285,-0.481568415556936,-0.220846652726476,-0.460564225636115,-0.681866667748705,-0.590370551534054,0.197579184212626,-0.397237815831968,-0.360278608972597,-0.236008663845056,-0.219722088416492,-0.0831938019265924,-0.348516570886356,-0.196210148198604,0.0656926085782769,-0.128108395611305,0.554076741051049,0.191718633262919,-0.446435768373326,-0.415632637971004,-0.741406423625343,-0.562434933978349,-0.583928007356788,-0.152940721382382,-0.758636552197007,-0.248546629390927,-0.391957119033598,-0.0356910373287856,-0.0161007604304437,-0.560846372942313,0.524212696566597,0.471624691963413,0.139338051317905,0.36845236226197,0.335552870740146,0.414666614181444,-0.270098554069771,0.435970887195468,0.149361118949341,0.282602607858142,0.151278237788561,0.339041361029346,0.603592075694404,0.30015046386007,-0.0115681503230881,-0.477537396982946,-0.228621047070997,0.0725739705880389,0.229120822063985,-0.409468457652832,-0.182127259790418,-0.369180449016941,-0.453395645712896,-0.0379780663177988,0.412251022522181,0.406446757187396,0.316515447894085,-0.111831173001989,0.302317400792494,0.0435071581464714,0.216526108146901,0.43673297794706,0.437073084757192,-0.162064850789995,-0.0049157584360334,0.182340582452834,0.0882596021271958,0.249648126156001,0.239657690379055,0.0614911476352196,0.220129602677708,0.680087342480937,0.246712530710894,0.420571473879906,0.593717157649803,0.446781693838529,-0.271154124010568,0.499145539470719,0.0764809830008516,0.671649860179873,0.464961770895777,-0.234185905356353,0.228634888665574,-0.239290245011159,-0.447817547984511,-0.169240690081663,-0.592409108381209,-0.532959095092336,-0.230525172464447,-0.585642003121011,-0.342511135988144,0.196649797018106,0.387061671123947,-0.096964066009748,0.0792967297109264,0.165794570108763,-0.0614487922656143,0.0538069548204636,0.394641544080247,0.324728444572987,0.262708896319586,0.631438711799018,-0.0261668088060226,-0.386704263952203,-0.577011229413672,-0.0438502351309081,-0.569642063576005,-0.347000676358945,-0.469897600313188,0.110807298306161,0.0211955507843064,-0.360471062519906,-0.192219057876931,-0.0375757313026331,-0.0578734900299533,-0.155061110458223,0.100401745512814,0.0243699249805735,-0.156293835956258,0.333769535991479,-0.195707231694385,0.550297811096362,-0.0758357361860798,0.549948798744286,-0.021890520486252,0.366502677982999,0.505635663688104,0.293768987891648,0.287126394697834,0.484728789922157,0.0465172758952804,-0.174675792359793,0.184607771164325,-0.0174721984348973,0.189559315654482
0.181917201881531,0.554595129156334,-0.302189431046117,0.452108889706108,0.185417888089826,0.289461152500059,0.334458762631879,0.709143896517836,0.0978881267513079,0.341820563370583,0.370947824581117,0.716151037583318,1,0.263810100672917,0.172032809692916,0.223033663598513,-0.103626518000226,-0.0897002086404349,0.0445997313999752,0.156948120063853,0.612694882171324,0.326141812523537,-0.18995959274164,0.163125465950269,0.420146046035701,-0.644068350122319,-0.419433633227382,-0.534482216308455,-0.525196514709371,-0.263930551061401,-0.644955918859456,-0.454290377312154,-0.233206804998094,-0.517991846853228,-0.629744032788586,-0.630639955946785,0.33768432154316,-0.478620916774257,-0.394042826950645,-0.191071492755655,-0.219114068632322,-0.0770620935247862,-0.363629124728286,-0.10939669425431,0.0414993660012035,-0.17084105164002,0.53048662575426,0.205495651677477,-0.446838746077538,-0.431937471755605,-0.711949728426823,-0.453708574587386,-0.488922501231621,-0.118514575508143,-0.660059332743265,-0.324094870376547,-0.466722416353977,-0.157542919798983,0.0848190921497599,-0.494232514002627,0.388678338513941,0.353376884310618,0.0468949848467137,0.265451417612625,0.223446696038319,0.231440916839655,-0.260112308450299,0.294929099563118,0.213948822653459,0.206004723963145,0.0322539594632098,0.338321716322385,0.522833240748017,0.311143820849168,-0.040480498098691,-0.409956322131025,-0.165059487644967,0.0398105836134117,0.234608105025783,-0.302691988767824,-0.16783000888576,-0.37456720529225,-0.381253753950881,0.0508389338445538,0.597073833863565,0.396778720239791,0.394292115842918,-0.0075696032507815,0.302427846260889,0.0744492275985223,0.167438171345044,0.667554533997011,0.184586664871521,-0.0620665612207111,0.0832315102925854,0.224294685992431,-0.0526722333494832,0.402194628144206,0.197005659849361,-9.34791638205761e-06,0.0599858032956585,0.685208006074808,0.179552030605964,0.458740403509051,0.488994901614294,0.440749637148008,-0.239477356753963,0.508554747718084,0.117802639531361,0.554084810661193,0.310531371456228,-0.0293952233674552,0.242779829164962,-0.339185852178677,-0.472580702673018,-0.101704153226766,-0.541218440323596,-0.448450310022758,-0.199077356231404,-0.633240247886851,-0.339057385001887,0.367793514316109,0.47786682684378,-0.0784134974231598,0.137385786538451,0.284763935255625,-0.059671390104089,0.0851324892185412,0.380770741183852,0.328527650160447,0.188073187089549,0.609623156482679,-0.0240642580107971,-0.370926065115766,-0.532069315111699,-0.0328497679865518,-0.508380278041806,-0.279345198037601,-0.421712573011103,0.117340789815373,0.0351814244039674,-0.285775780943137,-0.167908626509922,-0.0867538337434987,-0.0106245134470392,-0.16057878286035,0.145620050832542,0.0019511330170105,-0.176058864929461,0.378640067067828,-0.102806547264147,0.435829832679016,-0.0425415198314955,0.516920843750028,-0.0013307381104962,0.504154330069973,0.475364592440419,0.334995379389212,0.325061096933595,0.477420221359957,0.125929054932872,-0.110366429686882,0.167316920847486,0.0286345477605585,0.175105653455381
