1,0.624723186965921,0.268129743567237,0.822366509963597,0.478187030194918,0.599354250208738,0.529845394577773,0.355905420746499,0.830337061402623,0.717043810491042,0.817387813978073,0.736856094509629,0.716768449436107,0.0691936763935186,0.12940919979333,-0.0946263953302869,-0.0287844726585522,0.202407713436982,0.00791064589333257,0.135621562549731,0.0897762703449403,0.00486425531973842,0.0937024069240577,0.133746740821068,0.138439215905516,0.0249198455623202,-0.28630617592485,0.0188101166908267,-0.0979360448162236,0.177302266397122,-0.044777721067215,0.0814800667626811,0.294935916051274,0.0700386586460783,0.133804797261911,-0.104594064845743,0.0478620176835071,-0.177712305875317,-0.0947507823713511,-0.00122892143689968,-0.279139316948294,0.250127028749601,-0.144858863082545,0.0424603554180148,0.10081851538528,0.184656395824454,-0.0129723962357433,-0.123719697861556,-0.30203990383346,-0.223069701592158,-0.13246877425532,-0.136568563005991,-0.438172339507908,-0.014091929447857,-0.166246318458698,-0.36658050156499,-0.216856587063932,0.354239797061363,0.151002305691916,-0.242444697116308,-0.279117870473897,-0.0372386802122483,-0.401877897125326,-0.218694446240457,-0.203228928255744,-0.280722880538077,-0.434424869893445,-0.275198553390901,-0.150138152476704,-0.476582580767647,-0.26490505262654,-0.0848770531937754,-0.345827704872956,0.130197243766321,-0.374921211962499,-0.302028588110663,-0.0361821624747002,-0.0675552803826355,-0.205840306004271,-0.148965488710194,-0.105538659520269,0.086322339235411,0.135778614245288,0.208307670180384,0.727423095278345,0.734672077999829,0.451649282163941,0.491497466760499,0.365850490774376,0.702196397307722,0.563571156721083,0.584577594470113,0.755109890882798,0.38806681879835,0.028370203604298,0.0979658836786522,0.163492522860211,0.159097980480211,-0.0239130235255029,-0.0926050763466365,-0.0937103006516012,0.0873783036984817,-0.148814618480068,-0.0113246743156986,0.0583583148272432,-0.21919835142711,-0.11946580353451,-0.000315802203704288,0.0590877431636516,0.0979556072896847,0.0757468061540912,-0.157685712156498,0.316028011307851,-0.172469995718191,-0.117699214586999,-0.113109037072007,0.0632644877840832,-0.163096274049249,-0.0319356003843262,0.1385305121916,0.0393293369313195,-0.0214152588456121,0.214143057593253,-0.10669830366829,0.245245709753169,-0.135383165335684,0.210833454286557,-0.31255721280297,0.217256667570406,0.102724183197987,0.0671982414293558,0.172089419371203,0.0481790469957479,-0.0357505491016547,-0.311703153630463,0.161654654685809,-0.3204035112093,-0.284776473076967,-0.0822703877533281,-0.350785091413294,0.209602179375697,-0.225157125701009,-0.226139210407498,0.204474473832476,0.0632207756586624,-0.195601296094461,0.06915904762272,-0.421628524244305,-0.271999537746481,-0.0899760165055242,-0.406000609645095,-0.0554090899055397,-0.407837656848342,0.0763982240863135,-0.229458557219075,0.151191918104124,-0.0909011985820407,-0.11463567678152,0.300310753136288,-0.231051002642103,-0.165532206828728,-0.0723128281240127,-0.0512233885308112,-0.251694741487297,0.0325828557693336
0.624723186965921,1,0.457610654789825,0.848856845489179,0.154475431874168,0.788004617351339,0.713545244506818,0.801569374638324,0.633443184854591,0.845669847932893,0.54460804303433,0.827798809546046,0.918775213920783,0.268867421113252,0.169334656301228,0.180963129269766,0.276694316872853,0.392587729452809,0.290588861290834,0.367358205141399,0.383593496705926,0.150851397147961,0.0637017763867756,0.315243203427559,0.407892243109654,-0.0547431530377261,-0.292581797580375,-0.365609628015061,-0.250731742765675,0.0769777857468915,-0.359438412696009,-0.0463703289344492,0.334036362830166,-0.0893516235578121,-0.420549784898275,-0.311045817526395,0.423856385198525,0.0205560759075736,0.143833065190569,0.0761505570917862,-0.448449243597011,0.271586975376479,-0.0617930646622686,-0.193145366080125,0.307581495557712,0.159244679859928,0.33645041300845,0.251580790078231,-0.446062944975647,-0.45310629805541,-0.354867903253856,-0.390653122751977,-0.5378343131606,-0.308651474738709,-0.484565650522252,-0.62464682671147,-0.237526698929369,-0.0432076120032489,0.200127969726462,-0.474713206868943,0.0757695747647367,0.119543449503971,-0.179337150019353,-0.022631843373432,-0.162269677523987,-0.125918945643706,-0.481364554420672,0.0644948228846517,-0.134844722519805,-0.298924100614252,0.0681233236040051,-0.0621721411047237,-0.0877194826068404,0.125507192272389,-0.489103705190461,-0.450857216618243,-0.441662484509313,-0.354939299936241,-0.24680204837074,-0.201568013231454,-0.432672117759318,-0.390787041190782,0.065926519851464,-0.292723348095662,0.739272158291881,0.632631813286229,0.613329689756491,0.548395764998594,0.0673822545506614,0.636006250324268,0.251200923163521,0.705323871840437,0.66391345579689,0.108163643477832,0.0602669728381079,0.114961570134675,0.306612744907749,0.309326187094749,0.217337832221004,0.192377301943445,0.262403470968222,0.372597229337551,-0.216654369714168,0.245660826035748,0.29517265677933,-0.149063802847886,-0.0686664017869635,0.11721826814843,0.13539696446165,0.296499340709871,0.173773369056505,-0.243459859936195,0.368904553800255,-0.24989566108387,-0.199930566550894,-0.241288141539813,-0.0986711474599755,-0.332245460546384,-0.0459638764254928,-0.231998810703498,0.0173300400849836,0.138381193990151,0.470667334050873,0.0867500413008721,0.425201836449379,-0.0918658678409614,0.304940260670911,-0.205778873709862,0.389783303313484,0.298803172679527,0.074760874457027,0.443516976596861,0.0454451965568384,-0.154949405863459,-0.474095061737795,0.163797454234713,-0.272228864823389,-0.499853970868382,-0.0252100678151315,-0.455497985525011,0.216945545114401,-0.263292592476779,-0.233621702824381,0.214898211145029,0.323980480684301,-0.342464441516057,0.136994975002223,-0.225953187148449,-0.424671485855011,-0.050871141476692,-0.382033234685376,0.213722703393674,-0.181199382784877,0.193020931104357,-0.0751864255306821,0.369784285855502,0.182337236726798,0.0199781964907948,0.198684562692658,-0.0192141754446571,-0.39953365137289,-0.263971307651602,-0.186917032582438,-0.287595166887258,-0.0905453783975948
0.268129743567237,0.457610654789825,1,0.327750972545878,-0.30128124433647,0.208681713336362,0.281448354050867,0.377037473771447,0.119807875937336,0.517846429027057,0.209187744637624,0.349171484210428,0.481533863875479,0.345067690325127,0.400884243213356,0.383158942463952,0.295225911071969,0.302284081753144,0.323651504763375,0.149913694291242,0.474073508539126,0.312754361032967,0.636688637898427,0.277021736304578,0.313688488953207,0.350327663570838,-0.0699919822764909,0.158113051509076,0.568262817877036,0.406291925666826,-0.0127645939140953,0.277347622212848,0.62327491964522,0.233813062916299,-0.0665889366773652,0.0542415491396171,0.45021707774357,0.6314217776958,0.262463850013661,0.648433457016941,-0.0307308660030169,0.603327437295018,0.427891063892342,-0.50300671115872,0.342627220803336,0.305590371375752,0.253751359181352,0.165473972582394,-0.629245184613851,-0.499955413354363,0.0292735029990347,-0.256728282630406,-0.400173880448975,-0.342881438596939,-0.0503231697064948,-0.462761428268877,0.0325389998919848,-0.368221149182213,-0.225509910738793,-0.0329011514631045,-0.0576382329555929,-0.324817362579333,-0.46919321930693,-0.182897640617967,-0.433998738834556,-0.380580909310452,-0.690483422885673,0.0402240028257167,-0.43571406078779,-0.236043860784544,0.015727482481885,-0.326577192183776,-0.216216315753284,0.0520469197989606,-0.452424065026491,-0.49170809025161,-0.581828351702533,-0.697606705858321,-0.575720035009382,-0.581087989964188,-0.658000526110015,-0.526016111904677,0.126293574415756,-0.390726830879712,0.363504040454367,0.1784938753825,0.591160427285793,0.220970555931091,-0.504923565091206,0.160070714942239,-0.101993406382428,0.458765019396064,0.146325827258667,0.501956380629313,0.158052475347499,0.207807305429305,0.209853039841575,0.462094317101613,0.141434386820638,0.26384101031544,0.301160171820635,0.265684876962492,0.446337690891883,0.282091814079298,0.441284839935134,0.0050367572057861,0.567031913040865,0.654761287241678,0.218959678434095,0.603740146707329,0.366908078494235,0.524528285831438,-0.00537861080142872,0.424124420037592,0.0974791934773651,0.474772684309577,-0.113293638110455,0.279210584577181,0.444523897449658,-0.0369125738605954,0.464356498473648,-0.089232296137854,0.470562438167667,0.55110741170074,0.484000153937458,0.367832626660235,0.446929243830674,-0.0150031147889549,0.528311897618139,0.309005088473345,0.307948919474705,0.218105425067779,0.364542675768476,-0.0777608061340454,-0.473154608260404,0.0751031115939007,-0.102985863802896,-0.465631276689766,0.25100002201646,-0.239693011685988,-0.0269314257742863,-0.261550392907463,-0.246830601636854,-0.0803766018009636,-0.0747304026151606,0.0076539063831993,-0.0117756790752522,-0.381106120805543,-0.410966808198531,-0.426401951669691,-0.53983816144226,0.0357005215170607,-0.283510222870822,-0.0849295078308788,-0.40484801168348,0.154866764908333,0.205053218784979,-0.343149862414422,-0.0205686925960466,-0.166421006186426,-0.62886172514066,-0.664352031349991,-0.600695066014318,-0.618027733879964,-0.254721162092102
0.822366509963597,0.848856845489179,0.327750972545878,1,0.346150733430404,0.772682825523703,0.64034130920022,0.627659921827571,0.823905807241995,0.807529887866111,0.718263691439514,0.892542795883321,0.875819052203879,0.191032711311458,0.120814220363136,0.00215617238955585,0.167106066229908,0.359530649362725,0.231308741692411,0.362528682788471,0.247666995031041,0.0950538806327873,0.0593288080234826,0.322518960156752,0.335625708888699,-0.0453152042097602,-0.305559578380292,-0.231269230892357,-0.224573149614709,0.108691892288069,-0.232160489307928,-0.0226538898216633,0.367828302588621,0.0196325070229838,-0.23662434264308,-0.249538343161993,0.270386193129268,-0.094010054098841,0.0554644033983905,0.00771293853392284,-0.400865596969238,0.27115055155471,-0.0411778060843946,-0.0874557103865537,0.260570380497569,0.154252187931221,0.211901144269169,0.0394100763736111,-0.412801244425658,-0.42082518659171,-0.256096597380601,-0.333723839823711,-0.555237225291955,-0.239739701499299,-0.361857782827765,-0.528748141357531,-0.186174344153131,0.148098151708516,0.190944101392575,-0.391944380879114,-0.0875456753544885,0.0603361635945217,-0.297574758396065,-0.0363953406060293,-0.155987461549904,-0.190399838358147,-0.536900428020402,-0.040005016681513,-0.193882108022657,-0.377012781108091,0.036482051157468,-0.102431319767002,-0.18505590637508,0.155920130584297,-0.445638080671404,-0.430024649040736,-0.313261834645312,-0.211278867650772,-0.303306056008308,-0.242187203568965,-0.342287530221343,-0.210053247831021,-0.0294975329968986,-0.0944442316786785,0.751833612551292,0.797418822253435,0.535315684821676,0.528904934526765,0.232420831031494,0.768496595332089,0.4558016221074,0.67190760809493,0.746932060406917,0.220661779815935,0.0650455609704872,0.102510475773694,0.21082142165394,0.258285875831165,0.140365605641918,0.102575940396148,0.160728701222409,0.276033235215752,-0.193364702660212,0.16174682779871,0.217263564424028,-0.12481652448345,-0.126824336688591,0.101323608838557,0.16317754208225,0.257636754486668,0.128519625947068,-0.297217704918547,0.334468616215991,-0.219560045378997,-0.148740166974071,-0.195003579094067,0.00866800639070883,-0.303648816924237,-0.0678646340701638,-0.0905787737998096,-0.0378265316123462,0.0791235603172663,0.343053973016888,-0.0524040880574468,0.342755859758038,-0.188833596731325,0.222517934192792,-0.239107937767442,0.296197890755655,0.238027138220442,0.0384856588112914,0.367265243927457,0.0122757684673358,-0.0736083142871455,-0.42828477400499,0.200885548167416,-0.29728117640245,-0.465379120169675,-0.0392331620901255,-0.434197007561918,0.243298865647622,-0.247640143584176,-0.216359624495761,0.256439433754322,0.254102268413413,-0.304421374207209,0.170733946598812,-0.280825369093229,-0.406699234170006,-0.0724471233191214,-0.447033737099801,0.0623277011373851,-0.35294532113956,0.106679203253429,-0.135241620546215,0.361643607275388,0.0979873689659191,-0.0451815837619338,0.247982555650146,-0.13308368094466,-0.377421122862843,-0.231800418751987,-0.088312710629538,-0.337625905331505,-0.0671942092961157
0.478187030194918,0.154475431874168,-0.30128124433647,0.346150733430404,1,0.298934915110641,0.205854286113358,-0.0101496505370041,0.599606361527987,0.28743640917942,0.46113142005914,0.310209325140224,0.265795023767588,-0.0584489404714887,0.115522180778234,-0.0943192625788457,-0.163929050815215,-0.197749539290341,-0.18030886800025,0.0459501190379139,-0.14535456425903,-0.210074502637213,-0.311045239812792,0.0278168311253477,0.121852613762473,-0.373675839428564,-0.379210012552381,-0.0941225391810285,-0.460640411537197,-0.212477693629929,-0.0342554402647855,-0.0109686721494559,-0.0705679267280955,0.035672253203951,0.340942647055766,-0.129265350094278,-0.355174062621564,-0.511343807361143,-0.355262341546414,-0.359730244802378,-0.0501848173610386,-0.147396187148674,-0.429220410048151,0.489189525524131,-0.0111600732788873,0.0711924016959202,-0.153342489142639,-0.294821035474925,-0.0598595927189636,-0.0766940132636604,-0.153179962349649,-0.0254004993438097,-0.110879423096681,0.357830090524952,-0.0699710120806345,-0.0486269200643721,-0.317222976811723,0.457587736073764,0.0569083106351336,0.0754780088640341,-0.331050788168091,-0.0556138268646443,-0.163989782989607,-0.24959630896562,-0.178262820101124,-0.282029059564699,-0.015247219185949,-0.387719153958239,0.441436243087679,-0.344919306092919,-0.455296963541063,0.202348187604066,-0.267522539799041,0.189236716820267,-0.108144087624255,-0.0556392014105018,0.366854165748969,0.539819993382384,0.161478941001041,0.0237942336093605,0.294442453086385,0.504117180762558,0.0827096458137635,0.610856858859852,0.376025825840585,0.383652131076356,0.0905041330480498,0.293797550050757,0.837386228298783,0.443129709147519,0.668167959076293,0.222466133322913,0.450651048366591,0.0418308243230993,0.249589034772096,0.16585552794665,0.176111979293634,-0.118257697626746,0.0329190855033207,-0.166077257400669,-0.147463822578311,-0.0522938633817482,-0.451030569516391,-0.0331681899363925,-0.126249712185356,-0.14211580159988,-0.282825004689122,-0.393051880623607,0.0456120928638606,-0.200684855047422,0.0345268281628961,-0.391995341382293,0.107327147900973,-0.383393575161227,-0.22198218151122,-0.35452399809833,-0.0335347961420978,-0.214388119057995,-0.152611884351194,0.21331458123739,-0.274673931262906,-0.22680398085937,-0.163749673200537,-0.301935198164165,-0.143633827892868,-0.331405626313796,0.0413383699924203,-0.219171617459437,-0.105427534847801,0.0218811850397273,-0.124179911038733,0.0363810404812822,-0.258582728875185,-0.15089776492441,-0.0246949469241623,-0.00265871175304944,-0.406447397519833,0.0388085037042866,-0.284957195416832,-0.225961839073576,0.00716543797388028,-0.215001938151717,-0.194166391588149,0.0490539296937104,-0.0798971729856961,0.0595695846186606,-0.0386114112012526,-0.259537293580825,0.177205567759088,0.00709011928656645,-0.0524097120329575,-0.165253356900585,-0.209821052041564,0.0979088401254552,0.114411700909398,-0.101654143198589,-0.37024538028588,0.298661126844636,0.34003033479184,-0.235216437789344,0.294896523334178,0.305784335316548,0.40667520443441,0.162883134988356,0.131901982277632
0.599354250208738,0.788004617351339,0.208681713336362,0.772682825523703,0.298934915110641,1,0.45397614976949,0.818010516324186,0.674954366113942,0.690671599330599,0.411481908417155,0.819276324460498,0.851239454323826,0.151227792026228,0.0651753579670239,0.065670621273185,0.0162148269726547,0.196471718622639,0.16917039846837,0.190524852770343,0.100117140873262,0.0189885582637036,-0.0533704392676408,0.148673206113719,0.37722731360106,0.0224528388491537,-0.363748612402634,-0.135569977482308,-0.363466780109354,0.0107172171505238,-0.0903457472564256,-0.183801252834424,0.0955668403436989,0.061532045574181,-0.168250817867458,-0.100742559258566,0.221781604549447,-0.246973544370353,-0.0237325667865832,-0.223020727660292,-0.26192832362363,0.158723660025692,0.0108210510839867,0.0145028802813272,0.23901748195475,-0.0936102719167595,-0.00398897308577409,-0.121749101786332,-0.299812463848096,-0.176220403554149,-0.159269132484181,-0.105157507388927,-0.416537803031574,0.0398000866492221,-0.253337309324079,-0.381501576092444,-0.201586872712845,0.0914745907821968,0.156440603145722,-0.340607713792857,-0.235623282052755,-0.0497398704576123,-0.252021396101967,-0.0462180696466265,-0.335922788747118,-0.256745094441462,-0.348139519532319,-0.131991853559172,-0.0453214243305853,-0.405456706205682,-0.0382789402234127,0.0331652072039464,-0.245410388800562,0.286686025142013,-0.300022887148705,-0.281857158346911,-0.121626517646789,-0.0393048101514598,-0.219672275212108,-0.0149898126014726,-0.239083766866214,-0.199843623912253,-0.12886273654986,-0.220657763670935,0.660701655945936,0.531392514420856,0.518529725588996,0.709222740762751,0.198566718282739,0.680697754201689,0.340813337488359,0.574827134500116,0.651935909144288,0.137941379253388,-0.00392465192412815,0.159963418451783,0.21447758106114,0.0758258866289769,0.0748377239206916,-0.0804354605160937,0.0629176997117487,0.0499872878474792,-0.277332578950568,-0.03168736566117,0.055469914835589,-0.0446468989920511,-0.281683428134466,-0.0259970197168023,-0.00572227453465075,0.152506261028787,0.121210992271834,-0.324150731569054,0.0907552239192894,-0.3061660842301,-0.0158002317135594,-0.245503978856607,0.159453111268218,-0.185630764311366,-0.177031361875964,-0.0336739266702847,-0.215485548255722,-0.193672060512042,0.169865787547814,-0.228492302352329,0.237939346534982,-0.359633281355167,0.169500053964268,-0.24627404947582,0.131531759391898,0.216637266864096,-0.125130214583429,0.215721690166885,-0.164635017756514,-0.0480967922530325,-0.161656770232718,0.132772802612035,-0.17451975834535,-0.186274467380044,0.0570085702101448,-0.370361102954771,0.145681661795764,-0.0747749008938051,-0.23634276943299,0.10661431217171,0.227676280239782,-0.209053831560181,0.132117608678744,-0.229835068933374,-0.461399885286707,-0.239747723290731,-0.218186214379476,-0.161230974966784,-0.337123609063082,0.0232875770902218,-0.136919952351808,0.193459463543419,-0.0756454983259179,0.0492377546818862,0.323003080805902,-0.222342188663286,-0.155808676269061,-0.0550898076300709,-0.0189288368292577,-0.182633655866811,-0.171573676775913
0.529845394577773,0.713545244506818,0.281448354050867,0.64034130920022,0.205854286113358,0.45397614976949,1,0.471631047369071,0.546151051839418,0.733711375088107,0.576459181246909,0.609024854359219,0.628756885780958,-0.00666661770178604,0.035963241625024,-0.0127722336411872,0.214122302682518,0.296870508135812,-0.073579741343304,0.118101339356105,0.220742276051273,0.100420409984558,-0.069065865825106,0.25055574169768,0.213143330328959,-0.239331667489168,-0.0592208180666393,-0.399722177596258,-0.255836257344313,0.0471941628876,-0.335443476274144,0.107282466274126,0.226684385056814,-0.114739367248042,-0.289928085124167,-0.380772110274065,0.326125136260491,0.0962302245907487,0.0528405611502875,0.00662368892700339,-0.41732723738247,0.0526497854204195,-0.217093289484315,-0.151363697105873,0.0767738435086541,0.266591304792694,0.269223291804596,0.381207777813268,-0.353783259071652,-0.418389740282682,-0.404208885602807,-0.48431626419783,-0.410240940112056,-0.477958546305209,-0.576786771848618,-0.419169014888324,-0.120577901387623,0.147625314480747,0.26362858070154,-0.560350389151986,0.218906027981136,0.300980940706297,0.00244352398207162,0.0694079570569144,0.224901815255622,0.101012399079036,-0.316192216917468,-0.0375586897495378,-0.0793555214115068,-0.178710420376032,0.0258428397589718,-0.219089726521321,-0.0067338770893213,-0.156680584871753,-0.465817796374138,-0.468982647082288,-0.417146025799141,-0.148245777597244,-0.0241802555803653,-0.248385532975918,-0.169902232078009,-0.0759335380308244,0.0912760052140875,-0.0211133125871102,0.497426242975223,0.470591978860286,0.381313060305315,0.237961741461303,0.219237026042986,0.44635247532118,0.281659284666593,0.537438788113366,0.617886716888645,0.0336509108123973,-0.141684029855747,-0.122523885486209,0.0517260559608518,0.183503489135052,0.138273960633192,0.105382071197176,0.0132889641967282,0.347596658563681,-0.237154505063983,0.068334959554719,0.156984576274648,-0.330816108815156,0.0526793860004435,0.0102005081595945,0.185808666603121,0.249322721119389,0.0140386477674432,-0.256157928039115,0.62332560034121,-0.211926094377359,-0.280581627646564,-0.233145517218679,-0.153206335522185,-0.297894435173606,0.163301099217218,-0.119091543671618,0.0707373150483775,0.384826672188878,0.450992093970557,0.179030445355395,0.116609278970234,0.0925497954896074,0.187913736109117,0.0324482281106617,0.194128822692174,0.114688992932063,0.219382493663388,0.290619809812416,0.135437843289972,-0.055577980879461,-0.380300557947919,0.129188996212305,-0.17979609182815,-0.247307663844945,-0.148679423887152,-0.292867003301077,0.250324080326748,-0.219274748220206,-0.060100579999163,0.435985950785102,0.338467128384345,-0.357328133080734,0.0527446085438866,-0.153013689946726,0.0170543824744036,0.285154560898606,-0.208864676313396,0.36168558225952,0.0739242451131104,0.266465164318947,0.142428905147082,0.194095483901371,0.160905908604375,0.00671777362093995,-0.0412358549018121,0.178930546650586,-0.2049940753131,-0.0954480208185986,0.0814225965075953,-0.00895265752025361,0.209155160085959
0.355905420746499,0.801569374638324,0.377037473771447,0.627659921827571,-0.0101496505370041,0.818010516324186,0.471631047369071,1,0.4242605316135,0.656194083571694,0.185978101266887,0.741473357268214,0.822052002028359,0.243941400660615,0.0849732261267332,0.163509303520452,0.0471834883491862,0.176090043683099,0.142977337357664,0.177327890560641,0.207311059252029,0.085609107534294,0.0394831705229405,0.103560202483808,0.319400892556847,0.0915062894060107,-0.221047429945317,-0.16742793999472,-0.213307870008899,0.050420361293534,-0.0962473001564664,-0.213438895346645,0.116011225454279,-0.000966445766389167,-0.369397415659764,-0.0647045779059142,0.44797680009358,0.00144743286729069,0.0985822491438936,-0.0435161016396277,-0.188858932352895,0.105892537774249,0.0743286881578352,-0.230670818280048,0.208764071765911,-0.104906566427138,0.137102690282055,0.100994120627204,-0.369997198356838,-0.225651622366522,-0.158303473137278,-0.0922509649503939,-0.373327987138808,-0.146154792337844,-0.246360685089574,-0.347907023061363,-0.0824278284929077,-0.112671587273389,0.179372068846579,-0.360272411366635,-0.0559711044073796,-0.0512828021201998,-0.148276966321661,0.0979510518136835,-0.254927517878267,-0.157772851468293,-0.348302574294362,0.114161841308802,-0.138193701861575,-0.208270241191927,0.169214568255736,0.00758757747401563,-0.0642441229558181,0.133837198104856,-0.277640601236004,-0.289055918937274,-0.329507099254592,-0.204546409911712,-0.234094219958607,-0.018100853564631,-0.42321062871983,-0.360834676055256,-0.067297619700623,-0.471002767047696,0.595078377120827,0.404951931731925,0.641445598302213,0.686282404754077,-0.0408440239776916,0.530821317137719,0.0880476270192756,0.639908808502686,0.477386544968364,0.149799471470554,0.0227226568033882,0.184341698685413,0.151442697303846,0.105071628659122,0.135542009038999,-0.00130548545413018,0.0842635774504202,0.138365339995518,-0.18611664339656,0.0274672093776477,0.100883345948402,0.00114936442857631,-0.0907395311882563,0.11124015789867,0.00914919326604692,0.27816985784002,0.0304409024132218,-0.17826022557471,0.142656524797309,-0.194523819457086,-0.0395814675578964,-0.138838326462916,0.0547229326681393,-0.169299076323532,-0.115570741518199,-0.243542471807552,-0.0724750558681561,-0.075246415545314,0.349347980846563,-0.0275580812334662,0.296758796516842,-0.20567803733239,0.246747322576965,-0.102368796185634,0.188625464024828,0.200504771861913,-0.0509825325000422,0.265576723109519,-0.0670525637379274,-0.129071812983265,-0.275136942093733,0.0784244424156722,-0.0699024754756683,-0.327417835956978,0.131725064315517,-0.284469824163769,0.113145093127449,-0.0919432534814284,-0.247913295311696,0.0625837371360733,0.287507865624046,-0.211185927228081,0.0706736244115949,-0.193882975941327,-0.537705108340059,-0.241387423508625,-0.280256801742085,-0.0445603120386999,-0.231254364238422,0.135569433127909,-0.155768060195259,0.320200453646751,0.0851609082465737,0.00291397039676408,0.121275473275465,-0.118111176314661,-0.345869402690115,-0.242988039253914,-0.187164277817032,-0.273479533384493,-0.273236893270238
0.830337061402623,0.633443184854591,0.119807875937336,0.823905807241995,0.599606361527987,0.674954366113942,0.546151051839418,0.4242605316135,1,0.713065484419004,0.842874991586168,0.832194126277113,0.75179873797174,0.0732734100961366,0.101200289078004,-0.123499936036451,-0.0448951403629315,0.0875749607283177,0.0121351447262305,0.176477577333092,0.000755102102137966,-0.126944834663989,-0.0640732345747762,0.102147127096714,0.204458676430609,-0.176795232719121,-0.413040721016722,-0.107417408544836,-0.300392270429747,-0.0163616236798839,-0.128645091156461,0.0807701817491132,0.284052409590402,0.0895527706915636,0.079981655580784,-0.276157747301153,0.026845421745114,-0.263376207060232,-0.0344170062642534,-0.122858444554363,-0.264549132279597,0.121752811306177,-0.177530737838765,0.17422695396199,0.174569817026599,0.189352824464675,0.00693854543558828,-0.0871111823486851,-0.28861622800826,-0.297894629944615,-0.190963509549525,-0.253705741112471,-0.539723931508896,0.0530415084792398,-0.305915942836214,-0.450526003062527,-0.339022606985876,0.472964712497459,0.249019448916268,-0.222469108472596,-0.264125654959515,0.0326112447121921,-0.378061575891208,-0.183863109506109,-0.182109850857358,-0.295466050655644,-0.444175534591965,-0.184856163662759,-0.0279470420005973,-0.557682074814092,-0.216597004627408,0.0128634599556043,-0.323043894951714,0.276457699164191,-0.455315714828294,-0.403547928321833,-0.108170441050089,0.0778310124618475,-0.249568457073738,-0.147047397009258,-0.0464592043360361,0.069080509345962,-0.0268713522358843,0.183419270128653,0.746435446722655,0.810788545926328,0.464958516623129,0.542136094333865,0.527597332899915,0.863046227397692,0.727831322431419,0.601829711714722,0.860167046884612,0.33935116770411,0.0395458065211896,0.0943833311480341,0.155942226887025,0.041242390504039,0.00701898933100967,-0.0730300072218671,-0.0715631770760111,0.115847005611589,-0.30679360404842,-0.0126152710727802,0.0122268160634345,-0.240367098109131,-0.166881652602279,-0.0943338063619018,0.121109564061131,0.135547787709664,0.116444060403897,-0.293458680809808,0.330016935047214,-0.253877051430832,-0.0671955602406258,-0.163416932631684,0.114700471740857,-0.156045570011911,0.0257450130304076,0.206437967311348,0.0326340018162022,-0.0204063960364232,0.210015529449369,-0.129272208743678,0.323553429041242,-0.253326954091784,0.195052454382507,-0.269047579174871,0.214341641569068,0.201066539942594,0.0673174556043517,0.263031432831394,0.0129764463431785,0.0213600615183482,-0.335704334423132,0.350154433609153,-0.409954302088297,-0.315269820883672,-0.077153009300366,-0.410244559708545,0.261908158620144,-0.299625673327956,-0.170060930576945,0.329443936953644,0.227653025283722,-0.108045619640895,0.214145764715393,-0.429631541245172,-0.295884780664719,-0.0623945328894083,-0.424854566520652,0.00449030222009507,-0.421329651482259,0.0338084800691411,-0.112611508955241,0.219604486142422,-0.0624184063394813,0.083734210653225,0.394188485819761,-0.214254585910637,-0.187289194653479,-0.0982445386811309,0.0639918541948905,-0.254625314923912,0.0247489795632334
0.717043810491042,0.845669847932893,0.517846429027057,0.807529887866111,0.28743640917942,0.690671599330599,0.733711375088107,0.656194083571694,0.713065484419004,1,0.730269706767007,0.821751854699077,0.892552563529322,0.220116594294384,0.199802935842567,0.0251176792708133,0.270358610147152,0.237912601269987,0.146678358400332,0.384829065711471,0.326801907685539,-0.0233383780623401,0.0037375766000583,0.242613982774508,0.289508969880413,-0.214724493771207,-0.37077816266308,-0.35093887236155,-0.197123241382703,-0.0825785495433901,-0.401040402042686,0.184178465619666,0.433811325803898,-0.0739298355112672,-0.231740502389314,-0.404121542334488,0.358650396039254,0.0884672243098227,0.0389169953713233,0.110317659181079,-0.270805049754197,0.315203487932044,-0.124849720194463,-0.0959965140875985,0.329707278442798,0.418447722029533,0.334747172568107,0.0823957285746413,-0.585473252408918,-0.594994519459832,-0.446830579267638,-0.506383461122995,-0.651860781199604,-0.301975704948665,-0.520156078242389,-0.672825537006803,-0.338709042615607,0.146795710319122,0.225616479912097,-0.448776677963296,-0.0753353688303512,-0.058304776291368,-0.352391854517738,-0.191137232723635,-0.238656092588838,-0.251135196753088,-0.592385058632835,-0.040885535790188,-0.163455798225806,-0.470520079325381,-0.117708753750493,-0.112268029984799,-0.196076211243879,0.138188752965916,-0.614421995042254,-0.629562416440509,-0.483948720294348,-0.267475136508543,-0.293003461324085,-0.336690838821091,-0.350632443741434,-0.205528005080707,0.0164162196163638,-0.0737850297570916,0.752387756630696,0.68888042263552,0.675004662092692,0.537115565266084,0.200661355136445,0.705023033768691,0.457670993096732,0.799503077176762,0.688909397389938,0.311364772052893,0.0421505558821405,0.101624967721037,0.139759412181481,0.134742891411231,0.218306413502093,0.141536492324207,0.179146725269071,0.436664295243318,-0.316105755491115,0.279107238572965,0.311161568809331,-0.231402134039217,0.0106797354035451,0.0494886179637288,0.284749168651731,0.360500048263166,0.108863865374157,-0.213982287502175,0.403920440644437,-0.220129069355654,-0.244044272692937,-0.246101990768656,-0.16083411895218,-0.213146844146006,0.187793746963562,0.019518818428673,0.0889733084069477,0.0636808284299179,0.541419453903716,0.221489503896391,0.36883454810807,-0.0565908035563287,0.331781951405568,-0.0852820972820245,0.43579737074513,0.367575780672251,0.361048309129602,0.451113617154955,0.14434137428328,-0.0776106462367557,-0.55276515559427,0.303663758600107,-0.385891585959603,-0.442556306729276,-0.0204771347634135,-0.523751655191552,0.329456214854163,-0.375416324482864,-0.253580043626443,0.369743740039482,0.323778943865802,-0.220114671217331,0.218216363869874,-0.398614877155499,-0.22045860786393,-0.0609727285798489,-0.485769379976629,0.109419174201265,-0.315925100084807,0.0888561001350135,-0.048090800349358,0.220048994962183,0.114746078943236,0.0634443219082475,0.237109253574592,-0.00464290687571103,-0.350002559597987,-0.291458610000305,-0.0923955354544582,-0.260774106096645,0.136568741815454
0.817387813978073,0.54460804303433,0.209187744637624,0.718263691439514,0.46113142005914,0.411481908417155,0.576459181246909,0.185978101266887,0.842874991586168,0.730269706767007,1,0.660740789047876,0.593396334128933,0.15392099703464,0.219172459113134,-0.0572266290488267,0.192771612116133,0.201676779800264,0.0790103532883582,0.305481403906669,0.190400028966213,-0.0848570930975206,-0.0290298100147878,0.18931351437573,0.107959397852729,-0.26554643342133,-0.342315005893723,-0.22401913116066,-0.179164543261613,-0.0297905734545165,-0.346094572631741,0.272532157637578,0.410384090379659,-0.0657740690508508,0.0163366281113966,-0.413034077553666,0.119117978560668,-0.0529423612789268,-0.01410151859748,0.103450023289207,-0.383822985746362,0.291941650867883,-0.232296877777299,0.0504361026649238,0.231038453149733,0.455071814170523,0.210070469159216,0.00810848231634531,-0.394029636124529,-0.444418463798747,-0.359851005663953,-0.421151448814246,-0.576330345240713,-0.188824085196673,-0.433591350190084,-0.575195157193048,-0.373859440934128,0.44146900765208,0.302353230611033,-0.29099150929436,-0.151496567371874,0.0990113968541327,-0.331793984309025,-0.211176745543859,-0.0752897297479994,-0.217484309478114,-0.467991229307513,-0.191280329329625,-0.107413458697072,-0.497489015027776,-0.273101398868406,-0.0691469342501578,-0.285688011526205,0.127633430013618,-0.563850975446967,-0.499565983039166,-0.239122648004797,-0.0551905010383763,-0.191411602789514,-0.287400831353539,-0.0308343993993981,0.110835467330139,0.0594368637285245,0.294632347892775,0.591155869679275,0.764842932563906,0.342153308215286,0.270285137678006,0.432215768137879,0.679247546852581,0.679774720545985,0.53183883217377,0.760824476741354,0.291077591972634,0.0644914539431709,0.0639092705607991,0.152321436939968,0.107867184085101,0.133456422465547,0.116954188121634,0.0669983575725357,0.313414899041922,-0.278981301031719,0.207559910685885,0.204801524333274,-0.293351575217222,-0.00573195456137629,-0.0413534341967035,0.240056462202851,0.15016630986366,0.091970960514471,-0.268126157407512,0.426251619359654,-0.177996325214149,-0.255394767357476,-0.195992549701187,-0.127219422664914,-0.20467790964574,0.156257072822692,0.161074154971792,0.193182655286912,0.167196685089452,0.424949347734983,0.137274872892503,0.343572602756804,0.00973059778073323,0.292529088909888,-0.249592380392305,0.415968149466268,0.240820665833182,0.326138906672935,0.348031715356688,0.149404056359402,-0.0360650891701165,-0.453160128774844,0.355708963659632,-0.433616081689539,-0.374318128602972,-0.153788709187134,-0.462324786834425,0.278046638867252,-0.420586022139381,-0.1880210271057,0.429580470730421,0.245802844563434,-0.152378397410552,0.19752989747284,-0.466908610534181,-0.0397486917214759,0.0812588264727001,-0.438735941676916,0.115588575926359,-0.343785186053413,0.127606786564672,-0.0567387974634143,0.244105429570915,0.035667267369216,0.0616812788285895,0.356206302471989,-0.0671604446489443,-0.202074047997797,-0.140781703250507,0.0588591062120866,-0.191716075019906,0.265329733326042
0.736856094509629,0.827798809546046,0.349171484210428,0.892542795883321,0.310209325140224,0.819276324460498,0.609024854359219,0.741473357268214,0.832194126277113,0.821751854699077,0.660740789047876,1,0.908200597804538,0.188965344473223,0.129444279513146,0.0556090600721043,0.113158653760336,0.275334136737956,0.171651495663098,0.277717067667779,0.165190018373821,-0.00293794991065372,0.0924983077637459,0.199022381999017,0.30175520560711,-0.0143544839095815,-0.418572392216437,-0.155814970659844,-0.199844812643129,0.1049850035033,-0.155278574733419,0.0441235139132644,0.342309252515943,0.0363392746280717,-0.180683949396198,-0.20599405894027,0.2746617562989,-0.0833451611654352,0.0322787747609516,0.0150509585427308,-0.262048210517082,0.253537048236139,0.0504901504560036,-0.0103649429375316,0.328661387424612,0.120951486777283,0.148896921158507,0.0468431768981502,-0.4322466312649,-0.370305625529078,-0.183242858944992,-0.288645375297876,-0.625635464993042,-0.067836293781082,-0.317247870438876,-0.54729111620816,-0.278095353788692,0.251028281344397,0.235836470841378,-0.285202063891197,-0.167239658481177,0.0101459346984565,-0.398988061687702,-0.093500408428427,-0.247585575656967,-0.282703973295788,-0.572956821177534,-0.0656064018339978,-0.147312104146961,-0.495473212431722,-0.0144249898903023,0.0079402048433588,-0.243300119491139,0.284505999754724,-0.475232964623929,-0.480696939864207,-0.292065585069698,-0.20309042124631,-0.373804966571047,-0.215395796401471,-0.313479726429332,-0.242448302845542,-0.0792817507531923,-0.210430658384284,0.800785002205106,0.795147651949026,0.677831650943853,0.659935047629499,0.21722962937567,0.827490509027136,0.401841258978707,0.754582987975977,0.797813370702125,0.299062390552229,0.112121860520652,0.17377990193506,0.175044599492747,0.124974196483153,0.159648299455404,0.0357632427006156,0.129522954011015,0.192804900383496,-0.268409533144046,0.129332192640446,0.152223981217817,-0.187922172301612,-0.122075840645805,0.0241551964601249,0.185373812958475,0.336290135146702,0.102706848526783,-0.267040008060223,0.290263778119279,-0.220049191814634,-0.0830987323680636,-0.141686245434635,0.0906480114129895,-0.197512930967254,0.00231866865468489,-0.00714887431964807,0.00801435316858948,-0.00405374699251487,0.379600063698116,-0.0260441928099823,0.428773356911674,-0.249397598741946,0.298214685302111,-0.288055743576776,0.32854659510826,0.32558395886248,0.0452415733778615,0.36614629467469,-0.0672539220218997,-0.0984565742456374,-0.420347551363392,0.331506439887254,-0.384647431127711,-0.437256011317344,-0.0370875507847935,-0.499947611015207,0.296150286439942,-0.271542493283536,-0.313359871871723,0.264142653860692,0.265218700060723,-0.197116614747331,0.217876975532581,-0.408205672424464,-0.503151578869013,-0.186411180294539,-0.490282656893756,0.005586486225424,-0.421056810485025,0.0809053262240987,-0.194108298996092,0.368316170707431,-0.0103827442661421,0.0420745483908498,0.311277551664835,-0.20829395767035,-0.375858685766975,-0.255760081719392,-0.149007884542034,-0.361536473269138,-0.10126624805188
0.716768449436107,0.918775213920783,0.481533863875479,0.875819052203879,0.265795023767588,0.851239454323826,0.628756885780958,0.822052002028359,0.75179873797174,0.892552563529322,0.593396334128933,0.908200597804538,1,0.261108822621428,0.181356781454447,0.0986099650609907,0.150205108754617,0.24206320525018,0.199022708487024,0.328597693608224,0.250014912392644,0.00960510435782648,0.0462345027342459,0.191301561568748,0.402903161674753,-0.0376950081083154,-0.413118665082178,-0.237673201810251,-0.249194229596549,0.0147441844310816,-0.246642057646736,-0.0261471876858897,0.367013620964352,0.0328958850156465,-0.279029498924904,-0.247233477675373,0.33152124977949,-0.0552036173222918,0.0915441668679956,0.0216406481699774,-0.270185024663592,0.28835219177009,0.0058035791222796,-0.0986666519244047,0.348949954421621,0.12979479293242,0.209735901775869,0.0329531853070779,-0.519378339146132,-0.444992006421927,-0.292551062929266,-0.310633357082169,-0.603173768393925,-0.140388294877628,-0.379568372856954,-0.583880617963524,-0.239396146675181,0.0880902078737612,0.189969483390059,-0.39477581310067,-0.0986903721485869,-0.0161580535183926,-0.328346145320208,-0.0493175840978929,-0.282381040476057,-0.256770984330923,-0.558513189958296,0.0342444010127475,-0.112937994227263,-0.404994300324638,0.0416394268830454,0.000820796098727269,-0.162001630458935,0.29618734650773,-0.487041320825122,-0.493676126952979,-0.378353145258144,-0.24449986754264,-0.308298944068608,-0.202782112118193,-0.36831283910768,-0.335617170920703,0.00761782261311739,-0.274703399729667,0.82958066849616,0.704073093966168,0.736248231820642,0.679182974675078,0.165025527916361,0.765287929661221,0.387333454654986,0.80366845612846,0.73558633098468,0.284067399673269,0.0972410044462,0.172545726753401,0.282368868601543,0.217384850050481,0.165506358501683,0.0646627125977692,0.143861581980005,0.280840020538775,-0.25858408227544,0.153595531947447,0.215481390040265,-0.141792751178791,-0.0886329137780892,0.0974026589973088,0.13415095089377,0.355903073945153,0.171696443305002,-0.221083565470234,0.295217054784095,-0.241464816443806,-0.14637313888267,-0.195847527537307,-0.0298892508744282,-0.256849508846485,-0.0513438941525957,-0.131849043212312,-0.0253721434519655,-0.0371200640669743,0.386728775711524,0.00433165288130765,0.42453484484981,-0.150836198224564,0.310140280190402,-0.22854765273785,0.371854307307424,0.314265169159517,0.0595037931577817,0.393534738416567,-0.0180457078120455,-0.149071895369947,-0.496320651625297,0.235664368196167,-0.347589418747903,-0.492329599199516,-0.00276330223154679,-0.520304863966336,0.2500341167729,-0.332676638894978,-0.349536420642671,0.19776256538167,0.283817264502205,-0.225503379571113,0.197623684447208,-0.370659903356686,-0.522670863436594,-0.218175092099253,-0.474027069550605,0.0586109297444998,-0.365886245123171,0.0923596331624648,-0.192492046130708,0.344437463016833,0.0790582979005662,0.0278265921303461,0.317492286671417,-0.130015093587805,-0.438779729419142,-0.334161349677492,-0.190495744314953,-0.365419223040024,-0.123513590654399
